py_wake/examples/data/AJ_ParqueFicticio/Rough survey   Sector All   Height 30m   Weibull-k.grd
DSAA
73  159
 258469   265669
 6501692   6517492
 1.337891   2.126953
[rows 84 to 111 of 159, columns 0 to 62 of 73]
1.900391 1.896484 1.888672 1.884766 1.880859 1.869141 1.861328 1.849609 1.837891 1.837891 1.841797 1.845703 1.845703 1.845703 1.837891 1.857422 1.849609 1.853516 1.880859 1.876953 1.876953 1.884766 1.888672 1.888672 1.884766 1.857422 1.802734 1.748047 1.724609 1.751953 1.810547 1.861328 1.880859 1.904297 1.884766 1.978516 1.955078 1.923828 1.935547 1.876953 1.845703 1.833984 1.853516 1.876953 1.880859 1.892578 1.935547 1.951172 1.994141 2.076172 2.060547 2.029297 2.005859 1.982422 1.947266 1.955078 1.978516 2.017578 2.052734 2.083984 2.087891 2.029297 1.884766
1.876953 1.880859 1.880859 1.873047 1.865234 1.861328 1.849609 1.833984 1.830078 1.830078 1.830078 1.822266 1.814453 1.822266 1.837891 1.845703 1.833984 1.830078 1.853516 1.857422 1.857422 1.865234 1.873047 1.896484 1.884766 1.833984 1.783203 1.728516 1.716797 1.744141 1.783203 1.837891 1.830078 1.869141 1.876953 1.970703 1.962891 1.919922 1.900391 1.880859 1.861328 1.865234 1.865234 1.904297 1.880859 1.892578 1.912109 1.888672 1.923828 1.974609 2.037109 2.021484 1.998047 1.990234 1.970703 1.974609 2.013672 2.044922 2.068359 2.083984 2.076172 1.970703 1.771484
1.861328 1.869141 1.873047 1.861328 1.857422 1.853516 1.837891 1.833984 1.830078 1.822266 1.814453 1.818359 1.826172 1.830078 1.837891 1.837891 1.841797 1.845703 1.833984 1.822266 1.818359 1.822266 1.822266 1.841797 1.822266 1.767578 1.716797 1.685547 1.669922 1.697266 1.732422 1.771484 1.814453 1.857422 1.876953 1.955078 1.970703 1.919922 1.876953 1.873047 1.865234 1.876953 1.900391 1.939453 1.955078 1.974609 1.974609 1.955078 1.970703 1.994141 2.021484 2.029297 2.001953 2.009766 1.998047 1.986328 2.041016 2.060547 2.060547 2.056641 2.005859 1.833984 1.654297
1.865234 1.865234 1.861328 1.845703 1.845703 1.845703 1.830078 1.833984 1.830078 1.818359 1.814453 1.810547 1.810547 1.810547 1.814453 1.822266 1.833984 1.826172 1.822266 1.822266 1.791016 1.771484 1.751953 1.740234 1.728516 1.697266 1.646484 1.638672 1.634766 1.642578 1.708984 1.763672 1.822266 1.888672 1.931641 1.982422 1.990234 1.919922 1.865234 1.849609 1.849609 1.869141 1.896484 1.958984 1.982422 2.001953 2.005859 2.001953 2.025391 2.044922 2.025391 2.001953 2.029297 2.033203 2.021484 2.009766 2.048828 2.064453 2.037109 2.009766 1.873047 1.650391 1.599609
1.861328 1.853516 1.841797 1.837891 1.830078 1.818359 1.818359 1.822266 1.806641 1.798828 1.798828 1.794922 1.794922 1.802734 1.802734 1.802734 1.814453 1.806641 1.810547 1.802734 1.783203 1.759766 1.724609 1.681641 1.654297 1.658203 1.638672 1.630859 1.642578 1.681641 1.716797 1.806641 1.837891 1.904297 1.974609 2.017578 1.998047 1.927734 1.873047 1.849609 1.845703 1.865234 1.892578 1.935547 1.962891 1.974609 1.970703 1.955078 2.009766 2.041016 2.013672 1.919922 1.939453 2.021484 2.025391 2.005859 2.037109 2.060547 2.025391 1.958984 1.736328 1.638672 1.638672
1.841797 1.830078 1.837891 1.833984 1.814453 1.810547 1.798828 1.794922 1.783203 1.791016 1.783203 1.791016 1.787109 1.787109 1.783203 1.775391 1.783203 1.787109 1.787109 1.794922 1.787109 1.767578 1.736328 1.705078 1.673828 1.662109 1.658203 1.662109 1.689453 1.724609 1.787109 1.837891 1.869141 1.916016 2.009766 2.009766 1.982422 1.931641 1.892578 1.865234 1.857422 1.865234 1.896484 1.927734 1.939453 1.908203 1.892578 1.888672 1.947266 1.970703 1.916016 1.814453 1.740234 1.841797 1.951172 1.974609 2.001953 2.037109 2.001953 1.955078 1.697266 1.669922 1.681641
1.837891 1.841797 1.833984 1.822266 1.810547 1.798828 1.779297 1.783203 1.775391 1.775391 1.771484 1.779297 1.771484 1.767578 1.767578 1.771484 1.763672 1.751953 1.763672 1.787109 1.798828 1.787109 1.775391 1.755859 1.740234 1.724609 1.705078 1.689453 1.712891 1.767578 1.837891 1.876953 1.912109 1.974609 2.033203 1.998047 2.001953 1.955078 1.904297 1.884766 1.869141 1.873047 1.919922 1.943359 1.939453 1.923828 1.958984 1.966797 2.013672 1.982422 1.943359 1.822266 1.810547 1.712891 1.759766 1.884766 1.919922 1.931641 1.958984 1.974609 1.810547 1.716797 1.751953
1.837891 1.833984 1.826172 1.818359 1.802734 1.779297 1.775391 1.771484 1.763672 1.771484 1.767578 1.763672 1.771484 1.763672 1.759766 1.755859 1.751953 1.736328 1.732422 1.771484 1.826172 1.826172 1.806641 1.783203 1.775391 1.779297 1.744141 1.705078 1.724609 1.806641 1.896484 1.939453 1.962891 2.064453 2.068359 2.021484 1.998047 1.990234 1.919922 1.880859 1.884766 1.904297 1.958984 1.978516 2.005859 2.029297 2.041016 2.076172 2.076172 2.056641 2.037109 2.013672 1.994141 1.923828 1.810547 1.818359 1.849609 1.884766 2.013672 2.103516 1.931641 1.732422 1.783203
1.830078 1.818359 1.814453 1.802734 1.783203 1.779297 1.771484 1.767578 1.767578 1.763672 1.767578 1.775391 1.767578 1.767578 1.763672 1.748047 1.744141 1.732422 1.732422 1.751953 1.841797 1.869141 1.833984 1.794922 1.779297 1.794922 1.759766 1.724609 1.748047 1.849609 1.939453 1.998047 2.029297 2.103516 2.044922 1.990234 2.005859 2.017578 1.951172 1.880859 1.892578 1.939453 2.001953 2.033203 2.041016 2.052734 2.068359 2.099609 2.091797 2.099609 2.091797 2.072266 2.083984 2.068359 2.076172 2.052734 2.029297 2.033203 2.095703 2.115234 1.822266 1.677734 1.748047
1.814453 1.806641 1.794922 1.791016 1.791016 1.775391 1.767578 1.763672 1.759766 1.763672 1.767578 1.771484 1.771484 1.763672 1.767578 1.767578 1.759766 1.751953 1.748047 1.775391 1.806641 1.873047 1.833984 1.791016 1.779297 1.791016 1.767578 1.767578 1.802734 1.884766 1.955078 2.001953 2.087891 2.099609 2.068359 1.978516 1.994141 2.021484 1.947266 1.900391 1.923828 1.998047 2.056641 2.076172 2.060547 2.068359 2.095703 2.095703 2.111328 2.111328 2.099609 2.095703 2.099609 2.068359 2.076172 2.091797 2.107422 2.119141 2.119141 2.099609 1.705078 1.587891 1.658203
1.802734 1.791016 1.783203 1.775391 1.775391 1.775391 1.759766 1.751953 1.751953 1.755859 1.759766 1.755859 1.763672 1.763672 1.779297 1.794922 1.806641 1.798828 1.787109 1.806641 1.822266 1.818359 1.818359 1.775391 1.775391 1.787109 1.787109 1.791016 1.837891 1.931641 1.982422 2.025391 2.103516 2.107422 2.041016 1.982422 2.009766 2.041016 1.994141 1.935547 1.978516 2.025391 2.064453 2.076172 2.068359 2.076172 2.087891 2.095703 2.103516 2.103516 2.091797 2.087891 2.103516 2.095703 2.072266 2.064453 2.103516 2.095703 2.099609 2.095703 1.794922 1.525391 1.486328
1.779297 1.771484 1.759766 1.763672 1.763672 1.763672 1.755859 1.755859 1.755859 1.755859 1.755859 1.755859 1.759766 1.755859 1.775391 1.818359 1.861328 1.841797 1.810547 1.818359 1.849609 1.806641 1.798828 1.751953 1.763672 1.779297 1.791016 1.830078 1.892578 1.958984 1.982422 2.029297 2.095703 2.111328 2.013672 1.978516 1.990234 2.021484 1.986328 1.935547 1.966797 2.009766 2.064453 2.080078 2.072266 2.060547 2.083984 2.107422 2.099609 2.099609 2.080078 2.083984 2.115234 2.107422 2.076172 2.083984 2.091797 2.064453 2.056641 2.041016 1.900391 1.498047 1.451172
1.767578 1.751953 1.759766 1.763672 1.763672 1.759766 1.767578 1.759766 1.759766 1.755859 1.755859 1.755859 1.759766 1.755859 1.771484 1.818359 1.888672 1.869141 1.810547 1.818359 1.865234 1.849609 1.810547 1.728516 1.748047 1.755859 1.775391 1.822266 1.830078 1.857422 1.892578 1.974609 2.068359 2.099609 2.041016 2.005859 2.013672 1.994141 2.001953 1.955078 2.005859 2.021484 2.064453 2.076172 2.068359 2.076172 2.087891 2.099609 2.087891 2.087891 2.064453 2.056641 2.076172 2.080078 2.091797 2.107422 2.099609 2.080078 2.052734 1.994141 1.904297 1.599609 1.466797
1.751953 1.751953 1.755859 1.763672 1.767578 1.763672 1.767578 1.767578 1.763672 1.759766 1.767578 1.767578 1.767578 1.767578 1.783203 1.806641 1.853516 1.861328 1.787109 1.791016 1.837891 1.853516 1.810547 1.748047 1.736328 1.736328 1.791016 1.767578 1.712891 1.736328 1.806641 1.919922 1.990234 1.994141 2.021484 2.005859 2.052734 2.017578 2.009766 1.986328 1.986328 2.021484 2.052734 2.060547 2.060547 2.064453 2.052734 2.072266 2.056641 2.052734 2.029297 1.955078 1.962891 1.892578 1.892578 1.935547 2.048828 2.107422 2.111328 2.056641 1.931641 1.748047 1.439453
1.755859 1.748047 1.748047 1.763672 1.763672 1.759766 1.759766 1.767578 1.767578 1.763672 1.783203 1.794922 1.806641 1.806641 1.818359 1.841797 1.865234 1.845703 1.775391 1.767578 1.814453 1.841797 1.783203 1.740234 1.744141 1.802734 1.833984 1.751953 1.728516 1.806641 1.873047 1.927734 1.927734 1.912109 1.951172 1.931641 1.974609 2.056641 2.060547 2.013672 1.986328 2.005859 2.037109 2.044922 2.029297 2.009766 1.970703 1.966797 1.900391 1.908203 1.869141 1.814453 1.818359 1.837891 1.873047 1.822266 1.888672 1.958984 2.033203 2.119141 2.044922 1.787109 1.462891
1.732422 1.732422 1.748047 1.763672 1.779297 1.779297 1.759766 1.767578 1.787109 1.787109 1.802734 1.833984 1.869141 1.873047 1.869141 1.888672 1.919922 1.853516 1.787109 1.767578 1.810547 1.841797 1.806641 1.775391 1.791016 1.837891 1.837891 1.837891 1.853516 1.876953 1.904297 1.951172 1.998047 1.927734 1.861328 1.857422 1.923828 2.009766 2.037109 2.005859 1.966797 1.970703 1.982422 1.982422 1.970703 1.966797 1.904297 1.873047 1.794922 1.744141 1.767578 1.802734 1.876953 1.951172 2.001953 2.029297 2.044922 2.025391 2.060547 2.048828 2.021484 1.806641 1.474609
1.732422 1.748047 1.759766 1.771484 1.802734 1.826172 1.775391 1.783203 1.822266 1.822266 1.849609 1.888672 1.916016 1.919922 1.900391 1.927734 1.962891 1.900391 1.822266 1.794922 1.822266 1.830078 1.826172 1.861328 1.841797 1.814453 1.857422 1.845703 1.865234 1.904297 1.947266 1.998047 2.013672 1.986328 1.919922 1.876953 1.900391 1.947266 1.931641 1.947266 1.931641 1.873047 1.888672 1.900391 1.912109 1.916016 1.857422 1.771484 1.744141 1.759766 1.857422 1.919922 1.951172 1.986328 2.029297 2.056641 2.080078 2.060547 1.966797 1.904297 1.818359 1.642578 1.373047
1.763672 1.771484 1.771484 1.779297 1.818359 1.876953 1.849609 1.814453 1.861328 1.876953 1.888672 1.939453 1.958984 1.947266 1.939453 1.955078 1.978516 1.951172 1.876953 1.830078 1.837891 1.869141 1.900391 1.904297 1.845703 1.880859 1.888672 1.857422 1.873047 1.931641 1.990234 2.044922 2.052734 1.998047 1.958984 1.958984 1.955078 1.990234 1.943359 1.912109 1.830078 1.802734 1.794922 1.822266 1.892578 2.013672 1.916016 1.783203 1.845703 1.900391 1.958984 1.974609 1.966797 1.982422 2.033203 2.048828 2.048828 2.021484 1.939453 1.853516 1.724609 1.392578 1.404297
1.810547 1.791016 1.779297 1.787109 1.837891 1.935547 1.951172 1.876953 1.900391 1.943359 1.935547 1.978516 1.998047 1.974609 1.966797 1.966797 1.982422 1.974609 1.919922 1.880859 1.880859 1.927734 1.962891 1.958984 1.935547 1.908203 1.869141 1.865234 1.896484 1.958984 2.013672 2.064453 2.068359 2.029297 1.998047 2.013672 2.009766 2.021484 1.958984 1.916016 1.818359 1.794922 1.837891 1.939453 2.009766 2.091797 2.005859 1.978516 1.931641 1.939453 1.978516 1.982422 1.962891 1.966797 1.986328 2.029297 2.029297 2.021484 1.966797 1.912109 1.650391 1.337891 1.423828
1.857422 1.818359 1.798828 1.810547 1.865234 1.955078 2.017578 1.951172 1.955078 1.998047 1.990234 2.009766 2.021484 1.986328 1.994141 1.994141 1.998047 1.990234 1.958984 1.927734 1.951172 2.013672 2.048828 2.048828 1.970703 1.919922 1.869141 1.865234 1.904297 1.931641 1.978516 2.033203 2.056641 2.044922 2.021484 2.021484 2.021484 2.041016 1.966797 1.904297 1.919922 1.904297 1.947266 1.974609 2.060547 2.095703 2.060547 2.072266 1.986328 1.958984 1.966797 1.974609 1.947266 1.935547 1.966797 2.033203 2.048828 2.044922 2.025391 1.943359 1.576172 1.443359 1.412109
1.919922 1.873047 1.853516 1.857422 1.876953 1.947266 2.029297 2.005859 1.990234 2.001953 2.001953 2.001953 2.009766 1.982422 1.994141 2.017578 2.041016 2.033203 2.005859 2.005859 2.041016 2.087891 2.111328 2.091797 2.017578 1.958984 1.904297 1.916016 1.912109 1.912109 1.947266 2.001953 2.060547 2.076172 2.064453 2.041016 2.060547 2.029297 1.958984 1.947266 1.955078 1.935547 1.935547 1.966797 2.052734 2.111328 2.107422 2.119141 2.060547 1.990234 1.974609 1.974609 1.970703 1.978516 2.013672 2.005859 2.013672 2.013672 2.005859 1.912109 1.591797 1.529297 1.486328
1.955078 1.966797 1.927734 1.873047 1.857422 1.908203 2.009766 2.021484 2.009766 1.998047 1.986328 1.970703 1.962891 1.955078 1.955078 2.009766 2.060547 2.080078 2.056641 2.060547 2.099609 2.119141 2.119141 2.111328 2.052734 1.982422 1.939453 1.947266 1.962891 1.970703 1.994141 2.044922 2.087891 2.107422 2.095703 2.091797 2.064453 1.986328 1.994141 1.978516 1.912109 1.876953 1.884766 1.990234 2.044922 2.091797 1.998047 1.974609 2.119141 2.056641 2.013672 2.001953 2.029297 2.083984 2.087891 2.037109 1.994141 1.966797 1.919922 1.841797 1.626953 1.544922 1.482422
1.935547 1.974609 1.966797 1.904297 1.849609 1.884766 1.966797 2.001953 2.013672 1.998047 1.966797 1.927734 1.904297 1.912109 1.923828 1.947266 2.048828 2.091797 2.080078 2.080078 2.103516 2.119141 2.119141 2.087891 2.029297 1.966797 1.966797 1.978516 2.009766 2.013672 2.048828 2.091797 2.111328 2.115234 2.107422 2.072266 1.966797 1.943359 1.970703 1.943359 1.876953 1.845703 1.892578 1.998047 2.083984 2.080078 1.978516 1.806641 1.974609 2.099609 2.052734 2.052734 2.080078 2.115234 2.072266 2.044922 1.982422 1.908203 1.849609 1.802734 1.619141 1.455078 1.455078
1.951172 1.998047 1.974609 1.951172 1.916016 1.916016 1.966797 2.009766 2.025391 2.009766 1.962891 1.900391 1.853516 1.849609 1.873047 1.892578 1.943359 2.068359 2.087891 2.080078 2.091797 2.111328 2.107422 2.076172 2.009766 1.994141 1.986328 2.001953 2.037109 2.052734 2.095703 2.119141 2.119141 2.115234 2.087891 2.021484 1.927734 1.900391 1.943359 1.916016 1.873047 1.869141 1.927734 2.025391 2.052734 2.041016 2.021484 1.845703 1.826172 2.029297 2.041016 2.048828 2.091797 2.115234 2.060547 2.041016 1.966797 1.865234 1.810547 1.798828 1.626953 1.412109 1.380859
1.962891 2.041016 2.044922 2.009766 1.998047 1.990234 1.978516 2.017578 2.033203 2.001953 1.939453 1.865234 1.833984 1.830078 1.830078 1.884766 1.857422 1.966797 2.044922 2.052734 2.068359 2.111328 2.103516 2.072266 2.041016 2.001953 1.986328 1.982422 2.037109 2.072266 2.095703 2.091797 2.064453 2.041016 2.001953 1.939453 1.869141 1.927734 1.927734 1.923828 1.923828 1.916016 1.951172 1.958984 1.923828 1.962891 1.970703 1.900391 1.853516 2.005859 2.017578 2.017578 2.037109 2.107422 2.080078 2.033203 1.943359 1.857422 1.814453 1.798828 1.642578 1.396484 1.341797
1.974609 2.056641 2.095703 2.068359 2.052734 2.041016 1.998047 2.005859 2.017578 1.982422 1.900391 1.830078 1.806641 1.783203 1.830078 1.861328 1.880859 1.822266 1.958984 2.017578 2.044922 2.095703 2.103516 2.099609 2.052734 2.005859 1.998047 2.017578 2.025391 2.056641 2.041016 2.009766 1.966797 1.923828 1.900391 1.861328 1.849609 1.958984 1.947266 1.951172 1.970703 1.951172 1.947266 1.916016 1.806641 1.841797 1.876953 1.841797 1.865234 2.017578 2.041016 2.025391 2.052734 2.119141 2.095703 2.037109 1.962891 1.916016 1.880859 1.830078 1.658203 1.361328 1.349609
2.013672 2.060547 2.103516 2.091797 2.068359 2.048828 1.998047 1.978516 1.978516 1.943359 1.861328 1.783203 1.783203 1.806641 1.818359 1.826172 1.841797 1.775391 1.806641 1.927734 2.017578 2.076172 2.119141 2.115234 2.064453 2.021484 2.037109 2.025391 2.033203 1.970703 1.892578 1.837891 1.802734 1.810547 1.869141 1.884766 1.923828 2.013672 1.990234 1.974609 1.990234 1.951172 1.923828 1.896484 1.794922 1.740234 1.791016 1.783203 1.826172 2.033203 2.083984 2.048828 2.095703 2.103516 2.048828 1.998047 1.966797 1.966797 1.970703 1.904297 1.623047 1.365234 1.365234
2.048828 2.044922 2.076172 2.080078 2.056641 2.029297 1.982422 1.955078 1.931641 1.908203 1.849609 1.794922 1.798828 1.833984 1.876953 1.904297 1.896484 1.849609 1.701172 1.728516 1.923828 2.068359 2.123047 2.115234 2.083984 2.037109 2.037109 2.060547 2.017578 1.873047 1.720703 1.662109 1.697266 1.775391 1.861328 1.947266 2.005859 2.076172 2.033203 1.994141 1.982422 1.935547 1.904297 1.892578 1.833984 1.759766 1.732422 1.712891 1.705078 1.962891 2.072266 2.068359 2.080078 2.033203 1.962891 1.927734 1.923828 1.955078 2.009766 1.986328 1.505859 1.474609 1.458984
