py_wake/examples/data/AJ_ParqueFicticio/Rough survey   Sector All   Height 200m   Weibull-k.grd
DSAA
73  159
 258469   265669
 6501692   6517492
 1.880859   2.345703
[rows 56 to 83 of 159, columns 0 to 62 of 73]
2.126953 2.126953 2.123047 2.123047 2.123047 2.126953 2.126953 2.126953 2.126953 2.126953 2.130859 2.130859 2.130859 2.130859 2.134766 2.134766 2.134766 2.138672 2.138672 2.134766 2.138672 2.138672 2.142578 2.142578 2.142578 2.142578 2.142578 2.146484 2.146484 2.146484 2.146484 2.154297 2.166016 2.173828 2.177734 2.177734 2.177734 2.185547 2.197266 2.201172 2.197266 2.197266 2.193359 2.181641 2.169922 2.154297 2.138672 2.130859 2.123047 2.107422 2.091797 2.083984 2.087891 2.103516 2.111328 2.091797 2.068359 2.064453 2.080078 2.107422 2.123047 2.115234 2.083984
2.123047 2.123047 2.123047 2.123047 2.123047 2.123047 2.126953 2.126953 2.126953 2.126953 2.130859 2.130859 2.130859 2.130859 2.134766 2.134766 2.134766 2.138672 2.138672 2.138672 2.138672 2.142578 2.142578 2.142578 2.142578 2.142578 2.146484 2.150391 2.154297 2.150391 2.146484 2.154297 2.166016 2.173828 2.177734 2.173828 2.173828 2.181641 2.193359 2.201172 2.197266 2.193359 2.189453 2.181641 2.166016 2.150391 2.138672 2.130859 2.119141 2.107422 2.095703 2.087891 2.091797 2.103516 2.115234 2.099609 2.076172 2.064453 2.076172 2.103516 2.123047 2.119141 2.095703
2.123047 2.119141 2.123047 2.123047 2.123047 2.123047 2.126953 2.123047 2.126953 2.126953 2.130859 2.130859 2.130859 2.130859 2.134766 2.134766 2.134766 2.138672 2.138672 2.138672 2.138672 2.142578 2.142578 2.142578 2.146484 2.146484 2.146484 2.150391 2.150391 2.146484 2.142578 2.146484 2.158203 2.166016 2.169922 2.166016 2.166016 2.173828 2.185547 2.189453 2.189453 2.189453 2.185547 2.173828 2.162109 2.146484 2.134766 2.123047 2.115234 2.103516 2.095703 2.087891 2.091797 2.107422 2.115234 2.103516 2.080078 2.068359 2.076172 2.099609 2.123047 2.126953 2.107422
2.123047 2.119141 2.119141 2.119141 2.123047 2.123047 2.123047 2.123047 2.126953 2.126953 2.126953 2.130859 2.130859 2.130859 2.130859 2.134766 2.134766 2.138672 2.138672 2.134766 2.138672 2.142578 2.142578 2.142578 2.146484 2.146484 2.146484 2.142578 2.138672 2.134766 2.126953 2.134766 2.142578 2.150391 2.150391 2.150391 2.150391 2.158203 2.169922 2.177734 2.181641 2.181641 2.177734 2.169922 2.154297 2.142578 2.130859 2.119141 2.111328 2.099609 2.095703 2.091797 2.091797 2.107422 2.115234 2.107422 2.083984 2.072266 2.076172 2.095703 2.119141 2.130859 2.119141
2.123047 2.123047 2.119141 2.119141 2.123047 2.123047 2.123047 2.123047 2.123047 2.126953 2.126953 2.126953 2.130859 2.130859 2.130859 2.130859 2.134766 2.138672 2.138672 2.134766 2.138672 2.138672 2.142578 2.142578 2.146484 2.146484 2.142578 2.142578 2.134766 2.126953 2.123047 2.123047 2.126953 2.134766 2.134766 2.134766 2.138672 2.142578 2.154297 2.166016 2.169922 2.169922 2.169922 2.162109 2.150391 2.138672 2.126953 2.115234 2.107422 2.099609 2.095703 2.095703 2.095703 2.103516 2.115234 2.111328 2.087891 2.076172 2.076172 2.091797 2.111328 2.126953 2.123047
2.123047 2.119141 2.119141 2.119141 2.119141 2.123047 2.123047 2.123047 2.123047 2.123047 2.126953 2.126953 2.126953 2.130859 2.130859 2.134766 2.134766 2.138672 2.134766 2.134766 2.134766 2.138672 2.142578 2.142578 2.146484 2.146484 2.142578 2.138672 2.134766 2.126953 2.123047 2.123047 2.126953 2.130859 2.126953 2.123047 2.126953 2.130859 2.142578 2.150391 2.154297 2.158203 2.158203 2.154297 2.142578 2.134766 2.126953 2.119141 2.107422 2.099609 2.095703 2.095703 2.099609 2.103516 2.111328 2.111328 2.091797 2.080078 2.076172 2.087891 2.103516 2.119141 2.119141
2.123047 2.119141 2.119141 2.119141 2.119141 2.119141 2.123047 2.123047 2.123047 2.123047 2.123047 2.126953 2.126953 2.130859 2.130859 2.130859 2.134766 2.134766 2.134766 2.134766 2.134766 2.134766 2.138672 2.142578 2.146484 2.146484 2.146484 2.138672 2.130859 2.126953 2.123047 2.126953 2.126953 2.126953 2.123047 2.119141 2.119141 2.126953 2.134766 2.142578 2.150391 2.154297 2.154297 2.150391 2.138672 2.130859 2.126953 2.119141 2.107422 2.099609 2.099609 2.099609 2.099609 2.107422 2.115234 2.115234 2.099609 2.083984 2.076172 2.083984 2.095703 2.103516 2.107422
2.123047 2.119141 2.119141 2.119141 2.123047 2.119141 2.123047 2.123047 2.123047 2.123047 2.123047 2.126953 2.126953 2.130859 2.130859 2.130859 2.134766 2.134766 2.134766 2.134766 2.134766 2.134766 2.138672 2.138672 2.142578 2.146484 2.142578 2.138672 2.130859 2.123047 2.119141 2.123047 2.126953 2.123047 2.119141 2.115234 2.115234 2.119141 2.126953 2.130859 2.142578 2.146484 2.146484 2.142578 2.134766 2.130859 2.123047 2.115234 2.107422 2.103516 2.099609 2.103516 2.103516 2.111328 2.115234 2.111328 2.099609 2.080078 2.072266 2.072266 2.083984 2.091797 2.099609
2.123047 2.119141 2.119141 2.119141 2.119141 2.119141 2.119141 2.119141 2.123047 2.123047 2.123047 2.123047 2.126953 2.126953 2.130859 2.130859 2.130859 2.134766 2.134766 2.130859 2.130859 2.130859 2.134766 2.138672 2.138672 2.138672 2.138672 2.134766 2.126953 2.115234 2.115234 2.119141 2.119141 2.119141 2.115234 2.111328 2.111328 2.115234 2.119141 2.126953 2.134766 2.138672 2.138672 2.134766 2.130859 2.126953 2.123047 2.115234 2.107422 2.103516 2.099609 2.103516 2.107422 2.115234 2.119141 2.115234 2.095703 2.076172 2.060547 2.060547 2.064453 2.076172 2.091797
2.123047 2.119141 2.119141 2.119141 2.119141 2.119141 2.119141 2.119141 2.119141 2.123047 2.123047 2.123047 2.126953 2.126953 2.126953 2.126953 2.130859 2.130859 2.134766 2.130859 2.130859 2.130859 2.130859 2.134766 2.134766 2.134766 2.130859 2.123047 2.115234 2.111328 2.107422 2.111328 2.111328 2.111328 2.107422 2.103516 2.103516 2.107422 2.115234 2.119141 2.126953 2.130859 2.130859 2.130859 2.126953 2.126953 2.123047 2.119141 2.111328 2.107422 2.103516 2.103516 2.107422 2.115234 2.123047 2.119141 2.099609 2.080078 2.060547 2.052734 2.056641 2.072266 2.087891
2.123047 2.119141 2.119141 2.119141 2.119141 2.115234 2.115234 2.115234 2.119141 2.123047 2.123047 2.123047 2.123047 2.126953 2.126953 2.126953 2.130859 2.130859 2.130859 2.134766 2.130859 2.126953 2.130859 2.130859 2.126953 2.126953 2.123047 2.115234 2.107422 2.103516 2.099609 2.099609 2.103516 2.099609 2.095703 2.095703 2.099609 2.103516 2.111328 2.115234 2.119141 2.123047 2.126953 2.123047 2.123047 2.123047 2.123047 2.119141 2.115234 2.115234 2.107422 2.103516 2.111328 2.126953 2.134766 2.130859 2.115234 2.091797 2.072266 2.060547 2.064453 2.072266 2.087891
2.119141 2.119141 2.119141 2.115234 2.115234 2.115234 2.115234 2.115234 2.119141 2.119141 2.123047 2.123047 2.123047 2.126953 2.126953 2.126953 2.130859 2.130859 2.134766 2.134766 2.130859 2.126953 2.126953 2.123047 2.123047 2.119141 2.115234 2.107422 2.099609 2.095703 2.091797 2.095703 2.095703 2.091797 2.091797 2.091797 2.091797 2.099609 2.103516 2.111328 2.115234 2.115234 2.119141 2.115234 2.119141 2.119141 2.123047 2.119141 2.115234 2.115234 2.111328 2.103516 2.111328 2.126953 2.142578 2.142578 2.130859 2.107422 2.087891 2.076172 2.072266 2.076172 2.087891
2.119141 2.119141 2.119141 2.115234 2.115234 2.111328 2.111328 2.115234 2.115234 2.119141 2.119141 2.119141 2.123047 2.123047 2.123047 2.126953 2.126953 2.130859 2.130859 2.130859 2.130859 2.130859 2.123047 2.123047 2.119141 2.115234 2.111328 2.099609 2.095703 2.087891 2.083984 2.087891 2.091797 2.087891 2.083984 2.087891 2.091797 2.095703 2.103516 2.107422 2.115234 2.119141 2.119141 2.119141 2.119141 2.119141 2.115234 2.115234 2.111328 2.111328 2.107422 2.103516 2.111328 2.123047 2.138672 2.150391 2.142578 2.119141 2.099609 2.083984 2.080078 2.080078 2.083984
2.119141 2.119141 2.119141 2.115234 2.115234 2.111328 2.111328 2.111328 2.111328 2.115234 2.115234 2.119141 2.123047 2.123047 2.123047 2.123047 2.126953 2.130859 2.130859 2.130859 2.130859 2.126953 2.123047 2.119141 2.115234 2.111328 2.107422 2.099609 2.091797 2.083984 2.080078 2.080078 2.083984 2.083984 2.083984 2.087891 2.091797 2.099609 2.107422 2.111328 2.119141 2.123047 2.123047 2.123047 2.123047 2.126953 2.119141 2.111328 2.103516 2.103516 2.099609 2.095703 2.099609 2.111328 2.130859 2.146484 2.150391 2.130859 2.111328 2.099609 2.087891 2.087891 2.087891
2.115234 2.119141 2.119141 2.115234 2.111328 2.111328 2.111328 2.111328 2.111328 2.111328 2.111328 2.115234 2.119141 2.123047 2.123047 2.123047 2.126953 2.130859 2.130859 2.130859 2.130859 2.130859 2.123047 2.119141 2.115234 2.111328 2.103516 2.095703 2.087891 2.080078 2.076172 2.076172 2.080078 2.083984 2.083984 2.087891 2.095703 2.103516 2.111328 2.115234 2.119141 2.123047 2.126953 2.126953 2.130859 2.130859 2.126953 2.115234 2.107422 2.099609 2.087891 2.080078 2.083984 2.095703 2.123047 2.146484 2.154297 2.142578 2.126953 2.111328 2.103516 2.099609 2.103516
2.111328 2.115234 2.115234 2.115234 2.115234 2.111328 2.107422 2.107422 2.107422 2.107422 2.111328 2.115234 2.119141 2.123047 2.123047 2.123047 2.126953 2.126953 2.126953 2.126953 2.130859 2.126953 2.123047 2.119141 2.111328 2.107422 2.099609 2.091797 2.083984 2.076172 2.072266 2.076172 2.080078 2.083984 2.087891 2.091797 2.099609 2.107422 2.111328 2.115234 2.119141 2.123047 2.126953 2.134766 2.134766 2.134766 2.134766 2.126953 2.119141 2.103516 2.091797 2.083984 2.083984 2.095703 2.123047 2.150391 2.162109 2.158203 2.142578 2.130859 2.123047 2.115234 2.119141
2.111328 2.115234 2.115234 2.115234 2.111328 2.111328 2.107422 2.107422 2.103516 2.107422 2.111328 2.111328 2.115234 2.119141 2.119141 2.119141 2.119141 2.123047 2.123047 2.126953 2.126953 2.126953 2.123047 2.115234 2.107422 2.103516 2.095703 2.091797 2.080078 2.072266 2.068359 2.076172 2.080078 2.083984 2.091797 2.095703 2.103516 2.107422 2.111328 2.115234 2.115234 2.123047 2.126953 2.130859 2.134766 2.142578 2.142578 2.138672 2.130859 2.119141 2.111328 2.103516 2.099609 2.107422 2.126953 2.158203 2.173828 2.169922 2.158203 2.146484 2.138672 2.138672 2.134766
2.111328 2.115234 2.115234 2.111328 2.111328 2.111328 2.107422 2.103516 2.103516 2.103516 2.107422 2.107422 2.111328 2.111328 2.115234 2.115234 2.115234 2.115234 2.119141 2.123047 2.123047 2.119141 2.115234 2.111328 2.103516 2.099609 2.095703 2.087891 2.076172 2.068359 2.068359 2.076172 2.080078 2.087891 2.091797 2.095703 2.099609 2.107422 2.111328 2.115234 2.119141 2.123047 2.130859 2.130859 2.134766 2.138672 2.142578 2.138672 2.134766 2.126953 2.123047 2.119141 2.119141 2.119141 2.134766 2.162109 2.177734 2.177734 2.169922 2.162109 2.154297 2.154297 2.150391
2.111328 2.111328 2.111328 2.111328 2.107422 2.107422 2.111328 2.103516 2.103516 2.099609 2.103516 2.107422 2.107422 2.107422 2.111328 2.115234 2.111328 2.111328 2.111328 2.115234 2.115234 2.115234 2.111328 2.103516 2.099609 2.095703 2.091797 2.083984 2.072266 2.064453 2.064453 2.072266 2.080078 2.083984 2.091797 2.095703 2.099609 2.103516 2.107422 2.111328 2.115234 2.119141 2.123047 2.126953 2.130859 2.130859 2.138672 2.134766 2.134766 2.126953 2.123047 2.123047 2.119141 2.119141 2.134766 2.154297 2.169922 2.173828 2.169922 2.166016 2.162109 2.158203 2.154297
2.107422 2.107422 2.111328 2.107422 2.107422 2.107422 2.107422 2.103516 2.099609 2.099609 2.099609 2.099609 2.103516 2.103516 2.107422 2.111328 2.111328 2.111328 2.111328 2.111328 2.111328 2.107422 2.103516 2.099609 2.091797 2.091797 2.083984 2.072266 2.064453 2.052734 2.052734 2.060547 2.072266 2.080078 2.087891 2.095703 2.099609 2.103516 2.107422 2.107422 2.107422 2.111328 2.115234 2.115234 2.119141 2.119141 2.119141 2.123047 2.123047 2.123047 2.119141 2.115234 2.111328 2.111328 2.119141 2.134766 2.154297 2.162109 2.166016 2.162109 2.162109 2.158203 2.154297
2.103516 2.107422 2.107422 2.107422 2.103516 2.103516 2.103516 2.099609 2.099609 2.095703 2.095703 2.095703 2.099609 2.099609 2.103516 2.103516 2.107422 2.107422 2.107422 2.107422 2.107422 2.103516 2.099609 2.091797 2.087891 2.083984 2.076172 2.064453 2.048828 2.041016 2.041016 2.052734 2.064453 2.076172 2.087891 2.095703 2.099609 2.103516 2.103516 2.103516 2.107422 2.107422 2.103516 2.103516 2.103516 2.107422 2.111328 2.119141 2.119141 2.123047 2.119141 2.115234 2.107422 2.099609 2.103516 2.119141 2.138672 2.154297 2.158203 2.158203 2.158203 2.158203 2.154297
2.103516 2.103516 2.103516 2.103516 2.099609 2.099609 2.099609 2.095703 2.095703 2.091797 2.095703 2.091797 2.095703 2.095703 2.095703 2.099609 2.099609 2.103516 2.103516 2.103516 2.103516 2.099609 2.095703 2.091797 2.083984 2.076172 2.068359 2.052734 2.041016 2.029297 2.033203 2.044922 2.060547 2.072266 2.083984 2.091797 2.095703 2.095703 2.103516 2.099609 2.099609 2.103516 2.099609 2.099609 2.107422 2.115234 2.123047 2.130859 2.134766 2.134766 2.130859 2.126953 2.119141 2.115234 2.119141 2.130859 2.146484 2.158203 2.169922 2.173828 2.173828 2.173828 2.169922
2.099609 2.099609 2.099609 2.099609 2.095703 2.091797 2.091797 2.091797 2.091797 2.091797 2.091797 2.091797 2.091797 2.091797 2.091797 2.095703 2.095703 2.095703 2.099609 2.099609 2.099609 2.095703 2.091797 2.087891 2.083984 2.076172 2.064453 2.048828 2.037109 2.029297 2.029297 2.044922 2.060547 2.072266 2.083984 2.091797 2.095703 2.095703 2.103516 2.103516 2.103516 2.099609 2.103516 2.107422 2.119141 2.126953 2.138672 2.146484 2.150391 2.150391 2.150391 2.142578 2.138672 2.138672 2.146484 2.154297 2.169922 2.185547 2.193359 2.201172 2.205078 2.201172 2.193359
2.095703 2.095703 2.095703 2.095703 2.091797 2.087891 2.087891 2.083984 2.087891 2.087891 2.087891 2.087891 2.087891 2.087891 2.087891 2.091797 2.091797 2.091797 2.095703 2.095703 2.091797 2.087891 2.083984 2.080078 2.080078 2.072266 2.064453 2.048828 2.033203 2.025391 2.033203 2.044922 2.060547 2.076172 2.083984 2.087891 2.095703 2.099609 2.103516 2.103516 2.103516 2.107422 2.111328 2.119141 2.130859 2.138672 2.146484 2.158203 2.162109 2.166016 2.166016 2.166016 2.166016 2.166016 2.169922 2.177734 2.189453 2.201172 2.212891 2.220703 2.220703 2.216797 2.212891
2.091797 2.091797 2.091797 2.091797 2.087891 2.087891 2.083984 2.083984 2.083984 2.080078 2.080078 2.080078 2.080078 2.083984 2.083984 2.087891 2.087891 2.087891 2.091797 2.087891 2.087891 2.083984 2.080078 2.076172 2.076172 2.072266 2.060547 2.044922 2.033203 2.025391 2.033203 2.044922 2.060547 2.072266 2.080078 2.087891 2.091797 2.099609 2.103516 2.103516 2.107422 2.115234 2.123047 2.130859 2.138672 2.150391 2.158203 2.166016 2.169922 2.177734 2.181641 2.185547 2.185547 2.185547 2.185547 2.189453 2.197266 2.208984 2.220703 2.228516 2.232422 2.228516 2.224609
2.091797 2.087891 2.087891 2.087891 2.087891 2.083984 2.080078 2.076172 2.076172 2.072266 2.072266 2.076172 2.076172 2.076172 2.080078 2.083984 2.083984 2.083984 2.087891 2.087891 2.083984 2.080078 2.076172 2.072266 2.068359 2.064453 2.052734 2.037109 2.025391 2.021484 2.029297 2.048828 2.064453 2.072266 2.080078 2.091797 2.095703 2.103516 2.103516 2.103516 2.107422 2.115234 2.123047 2.134766 2.142578 2.154297 2.166016 2.173828 2.181641 2.185547 2.193359 2.193359 2.193359 2.189453 2.189453 2.189453 2.197266 2.208984 2.220703 2.228516 2.232422 2.232422 2.228516
2.087891 2.083984 2.083984 2.083984 2.080078 2.080078 2.072266 2.072266 2.068359 2.064453 2.064453 2.068359 2.072266 2.072266 2.072266 2.072266 2.076172 2.080078 2.080078 2.080078 2.080078 2.076172 2.072266 2.068359 2.064453 2.052734 2.044922 2.029297 2.017578 2.013672 2.029297 2.044922 2.064453 2.072266 2.083984 2.095703 2.099609 2.103516 2.103516 2.103516 2.107422 2.111328 2.123047 2.130859 2.142578 2.154297 2.166016 2.177734 2.189453 2.193359 2.197266 2.197266 2.193359 2.189453 2.185547 2.185547 2.197266 2.208984 2.220703 2.228516 2.236328 2.236328 2.232422
2.083984 2.080078 2.080078 2.076172 2.076172 2.072266 2.068359 2.064453 2.060547 2.060547 2.060547 2.064453 2.064453 2.064453 2.064453 2.064453 2.068359 2.068359 2.072266 2.072266 2.072266 2.072266 2.068359 2.064453 2.056641 2.044922 2.033203 2.017578 2.009766 2.013672 2.029297 2.048828 2.064453 2.076172 2.087891 2.099609 2.107422 2.107422 2.103516 2.107422 2.107422 2.111328 2.119141 2.130859 2.138672 2.150391 2.162109 2.177734 2.185547 2.193359 2.197266 2.193359 2.189453 2.185547 2.181641 2.185547 2.193359 2.205078 2.220703 2.232422 2.236328 2.236328 2.232422
