py_wake/examples/data/AJ_ParqueFicticio/Rough survey   Sector 5   Height 30m   Orographic turn.grd
DSAA
73  159
 258469   265669
 6501692   6517492
-42.02754   86.78766
[rows 81 to 107 of 159, columns 0 to 60 of 73]
-.8951867 -.8281251 -.3248738 -.5924631 -1.55086 -2.516044 -3.144489 -3.47195 -3.9219 -4.362283 -4.961267 -4.961911 -4.258518 -4.78648 -4.493181 -3.020381 -2.411456 -2.681874 -3.150583 -3.089367 -4.141423 -5.555103 -6.46859 -7.152486 -6.786592 -7.890887 -9.538894 -12.45513 -15.23615 -16.06068 -14.19542 -12.6563 -11.62461 -11.76547 -11.70435 -11.25021 -10.35275 -6.758626 -5.941521 -5.982484 -7.103542 -8.640394 -8.624605 -7.701076 -6.774768 -4.535066 -1.468863 .468432 1.551379 2.423822 2.672235 2.272926 1.059023 -.7913709 -2.356258 -3.675007 -.8438143 .5745604 3.612639 7.076726 8.386735
-1.122914 -.8772854 -.9485574 -1.082136 -1.692751 -2.522715 -3.494384 -3.695255 -4.05185 -4.507471 -5.05804 -4.354072 -5.125751 -5.533362 -5.782693 -5.542278 -3.830668 -4.128399 -3.882349 -3.662789 -4.64937 -5.185506 -6.269787 -6.525762 -7.979222 -9.864169 -13.60487 -16.86451 -17.94889 -16.86651 -13.31998 -11.74036 -11.48722 -12.16458 -12.12945 -10.31806 -8.811428 -5.699494 -5.817832 -7.616001 -10.89408 -11.76602 -10.94117 -9.445522 -7.888289 -5.378335 -1.669211 .2562442 1.422236 2.198943 2.072672 1.221754 -.06402259 -1.59921 -3.429463 -3.708885 -1.230962 .4092378 3.190012 6.753197 8.6577
-1.538706 -1.233321 -1.373654 -1.6022 -2.030511 -2.570538 -3.454636 -3.880316 -4.308458 -4.94074 -4.762171 -4.867311 -5.537527 -6.000306 -6.608066 -7.037516 -6.750316 -6.509488 -5.232984 -5.139831 -5.473461 -5.43995 -5.611311 -5.947073 -6.940843 -10.79946 -15.44934 -18.94918 -19.4606 -16.92702 -13.00555 -10.20081 -10.13684 -9.101692 -9.622258 -6.878913 -4.426606 -3.660064 -5.995718 -9.372462 -11.72151 -11.83697 -12.56255 -10.80568 -9.77232 -7.756919 -3.964041 -2.395756 -1.113103 1.60203 1.642252 .7255353 -.6744542 -2.410965 -4.394616 -3.825764 -1.82025 -.2477109 2.759313 6.122326 9.018235
-.4521307 -1.06626 -1.3865 -1.726057 -1.999289 -2.699501 -3.508209 -4.166294 -4.736219 -5.005198 -5.23656 -5.784578 -6.326606 -6.113767 -6.498717 -6.607988 -8.042464 -8.42424 -7.161346 -7.623954 -6.853834 -6.371728 -5.710587 -5.487826 -6.049321 -9.578256 -14.74038 -18.37291 -19.66066 -17.2854 -13.67931 -10.74109 -9.481987 -9.30447 -9.55998 -3.486975 -2.152836 -1.817237 -4.261339 -9.909391 -12.30515 -13.15825 -12.95197 -12.4841 -11.3736 -10.49899 -9.475984 -8.828856 -6.50609 -.127536 2.299223 .6851223 -.8618808 -2.13312 -3.756716 -3.400022 -2.631854 -.2052289 2.976228 5.573391 9.890926
-.9132022 -1.363178 -1.553709 -1.715839 -2.089733 -2.913953 -3.565384 -4.224021 -4.520536 -5.028183 -5.694069 -6.255146 -6.905051 -6.611998 -6.780324 -7.31647 -8.45135 -8.606657 -8.859088 -9.509638 -8.64048 -8.868228 -7.774899 -6.928218 -7.366264 -10.85414 -14.8125 -18.64413 -19.77968 -17.66311 -15.94067 -12.81127 -11.67966 -9.900047 -8.462452 -3.682142 -2.29023 -2.547399 -6.411717 -9.458552 -10.90276 -11.43986 -11.4631 -10.21248 -11.75054 -10.44869 -10.53987 -12.68641 -10.76342 -7.647069 -3.031843 -.0949889 -.8171644 -1.39448 -1.805264 -1.940235 .3059572 2.577757 4.472435 7.056365 11.29453
-1.603189 -1.573114 -1.475795 -1.717883 -2.383056 -3.039429 -3.836235 -3.962938 -4.32654 -5.115757 -5.777429 -5.616117 -5.86537 -6.275527 -6.770277 -7.63757 -7.450163 -7.852658 -9.639732 -10.23242 -11.17478 -11.40479 -12.00958 -11.56967 -12.382 -14.05773 -17.0026 -19.59845 -21.29879 -20.2212 -18.98485 -16.40891 -13.24708 -10.29239 -8.268033 -4.694597 -2.419612 -4.954082 -9.902865 -9.934049 -10.08741 -9.686015 -9.556381 -8.070845 -7.811615 -6.532391 -6.257843 -8.361397 -7.789051 -5.726455 -4.616745 -3.184883 -1.351648 -1.329337 -1.109054 -1.28539 2.094379 4.685861 7.514531 9.4379 14.68426
-1.440121 -1.444319 -1.283921 -2.174099 -2.796048 -3.249226 -3.876577 -3.83292 -4.159927 -4.995379 -5.159942 -5.505249 -5.977098 -7.165333 -7.834102 -7.975038 -7.626031 -8.217015 -8.746386 -9.576782 -11.66117 -13.0656 -15.22744 -17.29173 -18.20783 -18.21109 -19.7146 -21.09352 -22.54328 -24.14405 -20.76254 -18.54633 -14.50453 -10.26969 -6.234697 -1.533264 -1.066859 -7.767313 -10.25957 -10.70981 -10.87834 -10.31964 -9.469209 -7.458686 -6.118095 -5.214341 -4.642211 -4.530199 -4.140463 -2.741127 -3.754662 -5.790703 -3.251845 -.3485525 -.8042613 -1.304395 2.529372 6.217624 9.404303 11.67515 19.86638
-1.271594 -1.333702 -1.565863 -2.561907 -3.225768 -3.747172 -4.19336 -4.155743 -4.601763 -5.011618 -5.203889 -5.761131 -6.09075 -6.755734 -8.130065 -8.702623 -8.190933 -8.934959 -8.917557 -9.615309 -10.79953 -12.83796 -15.13569 -19.33244 -22.77106 -21.92397 -20.47941 -21.58813 -22.73705 -22.59225 -21.7546 -16.60939 -14.74825 -10.63913 -5.816962 -.4685341 -.5087051 -6.055941 -9.297305 -10.72139 -11.21877 -11.21681 -10.66963 -8.759196 -7.505554 -6.484426 -7.277794 -7.354908 -4.335815 -2.836916 -5.007532 -10.77622 -9.165392 -3.922859 -.9410373 -.6553745 1.449545 6.975055 10.33806 13.19328 25.30034
-1.189136 -1.104897 -1.854481 -2.413842 -3.282185 -3.644808 -4.698162 -5.125871 -5.618499 -5.393867 -5.776227 -5.492377 -5.913287 -6.833372 -7.946759 -8.968846 -9.673104 -9.596075 -9.697221 -9.58117 -9.913731 -11.07293 -13.39766 -17.04019 -21.74006 -23.31382 -22.07251 -21.5644 -21.38364 -21.03304 -18.25196 -15.27148 -13.40156 -10.4243 -4.414707 -1.902552 -2.369143 -6.566452 -8.066833 -10.12063 -11.17618 -11.29372 -10.40594 -8.292595 -7.783475 -9.056894 -10.84233 -10.41511 -6.479256 -6.263011 -10.19077 -16.79089 -21.82211 -15.24141 -7.048353 -3.393573 -.4185508 5.542847 9.746329 12.37497 26.31153
-.05711906 -.8009679 -1.893577 -2.269877 -2.87192 -3.666106 -4.680912 -4.866873 -6.05618 -6.152288 -6.574566 -5.90366 -6.310939 -6.915908 -7.566175 -8.642247 -9.998592 -10.70798 -11.38388 -10.12263 -9.544376 -10.01178 -11.62323 -14.83573 -17.99022 -20.82814 -21.59225 -21.8782 -20.95504 -18.82298 -15.33477 -13.29484 -11.15862 -7.167106 -2.630567 -4.178235 -4.872877 -5.25118 -7.358241 -8.911214 -10.41757 -11.07509 -8.006409 -6.468958 -6.052849 -8.579406 -6.236437 -6.585985 -2.906132 -2.866402 -6.67988 -14.80604 -16.69522 -23.70532 -20.02798 -11.31139 -4.06683 -1.011369 4.486297 9.813913 23.50353
-.1674523 -.6893283 -1.238779 -1.557075 -2.185212 -3.377997 -4.136786 -5.067149 -5.857888 -6.450541 -6.747504 -6.533372 -6.344378 -6.76966 -7.175186 -7.605352 -8.579885 -10.45073 -12.87992 -13.09626 -10.45789 -9.721137 -11.42663 -14.7311 -16.98561 -18.18957 -20.1969 -21.87505 -20.67046 -16.82107 -11.97083 -9.666689 -8.182755 -1.423923 1.484127 -3.789999 -5.991564 -5.194857 -7.012331 -8.82568 -9.809337 -8.759464 -6.077296 -3.905576 -3.977427 -3.343001 -2.532308 1.741186 3.818602 2.660647 -.7077545 -3.543133 -5.143137 -10.44425 -17.37516 -15.38262 -8.07968 -4.009846 -1.661389 7.204788 23.42445
.4825358 -.1586826 -.9211597 -1.378653 -1.754466 -2.852579 -3.980433 -4.480422 -5.289917 -6.318971 -6.862452 -6.551307 -6.700516 -6.468005 -6.477016 -6.34827 -6.856697 -8.860297 -12.90046 -16.19613 -13.6428 -10.77349 -12.32928 -15.27001 -17.38425 -17.65009 -19.65336 -21.28388 -19.245 -14.59984 -9.605572 -6.232129 -4.100274 2.923085 .6971996 -5.061038 -5.509748 -4.819038 -6.646492 -9.310283 -8.112596 -6.736401 -3.950543 -2.680436 -2.670646 -1.606016 .2411222 4.646803 6.007774 5.645238 2.739104 .9963971 2.803887 1.554243 .742682 -.4807196 -2.159279 -1.32223 2.738488 7.025613 30.37436
.6274671 -.08046415 -.5974099 -.8184057 -1.357113 -2.617892 -3.535214 -4.258608 -4.912931 -5.656759 -6.492969 -6.810122 -6.736969 -7.015678 -6.10834 -5.093865 -4.728836 -7.288631 -11.45618 -15.25757 -17.70538 -13.74687 -13.90805 -16.06375 -17.84045 -18.12745 -19.34721 -19.13621 -16.92493 -12.77612 -8.868087 -5.937393 .921968 7.377131 .04226046 -6.252761 -6.085621 -4.68295 -8.050299 -8.95402 -7.39064 -4.564584 -1.364165 -.1318982 -.8533866 .2732588 4.062008 5.484878 5.269658 4.224474 2.989651 3.255482 5.533296 6.742388 10.85362 11.34315 11.4778 7.595019 7.295721 11.78504 37.58076
1.042678 .4616127 -.1553468 -.8763568 -1.51941 -2.331509 -3.343043 -4.093103 -4.870485 -5.455065 -5.969885 -6.546071 -7.464825 -7.643453 -7.01011 -5.330354 -3.770737 -5.967154 -9.919102 -12.91114 -16.8817 -17.46525 -16.49448 -17.62871 -18.22153 -18.49996 -18.51428 -18.02486 -14.93888 -9.880432 -7.115769 -4.299005 2.467604 6.18327 -.931127 -6.069897 -5.173389 -2.984119 -5.938202 -9.137841 -6.086899 -3.283933 -.8883519 .1838407 .7858941 3.780203 4.605748 4.187603 3.42248 3.112246 1.781092 1.750369 5.888644 7.525002 11.2628 11.95699 11.15491 10.62321 10.34724 13.08063 31.93512
.831444 .4072014 -.09230322 -.8367886 -1.838568 -2.725846 -3.086257 -3.661758 -4.503217 -4.942122 -5.155442 -5.6334 -7.034216 -8.608499 -8.744682 -7.244895 -5.58283 -6.946812 -9.619645 -11.75131 -14.5759 -17.75161 -18.42057 -20.0481 -19.48395 -19.27605 -18.44986 -15.97451 -11.74595 -7.287911 -5.588527 -3.022629 1.951611 4.825471 -4.279473 -6.112606 -6.252768 -4.21669 -6.763322 -9.467292 -7.755969 -4.803962 -.8812606 1.634482 3.031564 4.774212 4.005242 5.345144 3.495703 2.791149 1.043043 .8918289 5.459247 7.542802 9.961535 9.735325 11.02243 13.12266 12.81608 16.0401 26.29165
.8878887 .2882632 .01971051 -.5105266 -1.309476 -2.547273 -3.365729 -3.833355 -4.064126 -4.259931 -4.351257 -4.736447 -5.935538 -7.964876 -10.26396 -10.87062 -9.612807 -9.03142 -11.09081 -12.38564 -13.2082 -15.12197 -17.50856 -22.17216 -20.95658 -20.56076 -19.69643 -15.93473 -13.2218 -10.29891 -8.02355 -6.200545 -.4085999 4.576412 -3.144876 -4.976774 -4.969526 -4.375505 -4.498378 -8.66291 -5.444966 -3.93814 -.356775 2.238429 2.735704 4.00304 4.378827 4.634329 3.058806 2.999149 .341908 -.8425251 .5738242 3.061069 6.535346 6.631684 10.00473 13.86992 14.92424 17.76476 24.50372
1.239709 .0586134 -.5669914 -.698175 -.6083676 -1.863177 -3.499792 -3.921849 -3.69176 -3.699543 -3.893037 -4.10142 -4.499121 -6.586267 -9.880486 -13.41769 -13.50342 -12.31868 -14.40759 -15.16584 -14.57928 -14.93954 -17.49312 -21.09421 -21.64185 -21.62388 -17.32287 -14.7899 -15.97725 -15.68014 -14.78282 -10.88217 -4.458138 .9582422 -2.881946 -5.568816 -2.109397 -2.321739 -4.348414 -6.825798 -5.619794 -2.740116 -.2763953 1.002884 1.132093 .8142456 1.034645 3.025092 2.238732 1.839812 -1.173194 -2.138575 -.3523198 -8.421035 -10.40506 -7.598224 -2.20122 4.10852 8.521403 15.87381 22.59381
1.804635 .05104791 -1.147513 -1.543944 -.8759054 -1.577658 -3.038001 -3.684722 -3.702973 -3.864825 -3.670598 -3.613487 -3.39947 -5.159133 -8.439646 -11.54507 -13.46141 -14.96999 -17.38972 -17.55067 -16.2398 -15.70017 -19.19683 -21.74292 -20.35221 -16.26999 -11.81478 -13.36118 -15.96879 -15.41479 -13.64907 -10.17613 -4.216836 -.8906201 -4.539155 -9.723185 -6.802267 -.9706099 -1.442051 -4.436676 -5.217724 -2.571267 -.3591208 .3617181 -.3278247 -1.172549 -2.130651 -1.72342 -1.751047 -4.590777 -3.322647 -3.689725 -5.079566 -8.581574 -11.89956 -15.92566 -12.42134 -8.057447 -2.742812 8.925359 16.39612
2.379025 .07896944 -1.379385 -1.955584 -1.412746 -1.141714 -2.315896 -2.959874 -3.195775 -3.810542 -3.881376 -3.438221 -3.38861 -4.665152 -6.706093 -8.010057 -10.20102 -15.0569 -17.93884 -18.61658 -16.63499 -15.73587 -17.59963 -19.50547 -16.88322 -11.07979 -9.383023 -11.68187 -12.90527 -13.37256 -11.58624 -7.740724 -.01105707 -2.534048 -10.76128 -13.79593 -10.58626 -5.301136 -3.250395 -4.103452 -4.255934 -3.038718 -2.949091 -1.457522 -3.028228 -.8326766 -1.773538 -.420413 -4.692023 -7.042253 -8.807688 -7.479486 -5.545001 -5.742188 -5.011223 -4.08311 -2.443887 -1.056045 1.61273 8.046028 15.9989
2.594938 .8634015 -.5986074 -1.514568 -1.843935 -.6731269 -1.260667 -1.988459 -2.103786 -2.978078 -3.942041 -3.555798 -4.208904 -5.962594 -6.910378 -6.300457 -7.324506 -12.06202 -16.49802 -17.52549 -16.44166 -16.28904 -16.62774 -13.69659 -10.37815 -9.989948 -11.81742 -14.77059 -14.05414 -11.93758 -9.027944 -4.868765 .4370028 -2.131042 -9.479392 -13.06454 -12.15033 -9.254388 -9.602704 -7.50789 -4.713587 -4.797828 -5.085584 -5.283072 -5.990368 -1.772143 1.076327 1.712105 -4.104189 -6.421514 -6.249307 -7.545117 -8.104621 -6.390138 -3.95689 -1.197127 3.499884 9.954977 17.31676 21.33023 28.58042
2.591834 1.979045 1.180717 -.3150061 -1.3464 -.7002749 .1564356 -.7846466 -.4505438 -1.426412 -3.557257 -3.815912 -4.618837 -6.692603 -7.432044 -6.744276 -6.61129 -8.850889 -13.26909 -15.78363 -15.63918 -13.95744 -11.94941 -8.551294 -9.524333 -9.724369 -12.60141 -14.64071 -13.62258 -10.27192 -6.541675 -2.38603 1.278996 -1.66641 -7.526309 -8.422493 -8.853311 -6.109704 -8.585766 -7.506393 -6.804595 -6.561753 -7.156644 -10.49525 -7.519748 -1.15715 5.03107 5.519228 .9879962 -2.406647 -4.468252 -6.552997 -7.977346 -7.000702 -2.846795 .4066044 6.26064 11.08576 16.82084 21.42593 34.70908
3.394225 2.969666 2.506082 .6999586 -.9972231 -.06578442 2.089941 .2858019 1.280509 .4260057 -1.72862 -3.212571 -4.321453 -6.423225 -7.482284 -7.549554 -6.852847 -7.553325 -10.69981 -12.69632 -12.48344 -10.03911 -6.910426 -5.821667 -8.08441 -11.20719 -13.84468 -14.04958 -12.27264 -8.491106 -4.95588 -1.576047 .5697057 -2.405348 -5.794619 -5.277014 -4.863303 -3.069541 -3.644829 -4.191997 -6.956253 -8.219874 -7.446294 -6.450707 -3.672395 5.602896 10.56167 6.816833 2.454117 .1148552 -2.784048 -6.194691 -8.17834 -6.941929 -4.095213 .1205537 5.431551 7.659811 12.52015 19.46817 41.04866
4.206795 4.388193 3.680295 1.316988 -.8348329 .0202808 2.690164 .0710911 1.049092 1.471285 -.8319377 -1.678108 -3.769042 -6.521376 -6.500683 -6.51962 -6.408104 -6.78927 -8.132354 -9.186237 -7.6991 -3.579072 -1.2441 -1.959878 -7.654835 -10.90443 -13.64048 -13.98917 -11.59079 -9.594862 -6.981061 -3.839725 -1.646647 -2.168418 -4.73392 -4.291583 -3.229662 .06786561 1.009521 .6543502 -3.511486 -8.02283 -7.817991 -6.130991 .2252994 11.85619 14.89036 7.923329 2.950388 1.380381 -1.72088 -6.060419 -9.323195 -9.334632 -5.563727 -1.014765 2.51158 5.711181 10.29981 19.80753 48.08929
2.683804 4.336458 4.315812 1.956437 -.1555945 1.699824 3.023424 -.9757559 -1.091228 -.55982 -2.067547 -3.065783 -4.965094 -7.248209 -6.466513 -4.882607 -3.444268 -3.993536 -5.223221 -4.451059 -1.660979 1.911441 4.155028 .8876061 -4.983015 -7.853303 -10.28405 -9.432865 -9.871993 -10.47963 -9.134245 -5.855587 -1.164997 -.157 -1.204199 -2.352648 1.162916 2.332973 1.759218 -.5799528 -4.871062 -7.942931 -8.409863 -6.22193 3.086855 5.524817 9.597216 8.570233 4.534153 2.163963 -.4464608 -4.829878 -7.548764 -7.111596 -3.645558 -2.537793 .959467 7.175003 14.94653 23.38928 47.1259
-1.753878 .4966101 1.957471 .9764465 .1254515 1.624187 1.583114 -1.456422 -2.422021 -3.279459 -4.843098 -6.417324 -8.121737 -8.847484 -8.28005 -4.036662 -1.249024 -.4319154 -1.849945 -1.115775 2.710624 6.093763 8.680731 5.097952 -.2171645 -4.137467 -5.744088 -5.648275 -6.393261 -7.179167 -6.541331 -2.662145 1.745655 3.544801 2.40029 3.705032 7.071672 6.82679 2.970946 -1.927164 -7.136386 -10.48325 -10.06538 -4.03836 1.43421 1.684257 .8733386 7.275249 5.888807 3.170458 .7564011 -1.206586 -2.709365 .6530647 4.233581 5.118176 9.338493 16.77062 23.51904 29.01827 43.24015
-4.522938 -4.249595 -3.616375 -2.337547 -.8835394 .637745 -1.077577 -3.502332 -3.507904 -4.72535 -6.917192 -9.934759 -11.77817 -11.11478 -9.54764 -5.61918 -.4291197 .8645909 -.03134088 .5293553 2.734541 6.087634 8.888881 7.593424 3.994787 .5525557 -1.446503 -2.296558 -3.02896 -4.503984 -2.594116 1.732069 5.036044 5.576889 4.225222 8.687553 11.28631 7.191254 .7778266 -5.145342 -9.440259 -9.972608 -8.558728 -4.048879 1.081164 .7987542 .1978468 4.960808 7.572233 2.379232 .2839019 .794473 3.29267 8.654809 12.9835 13.60997 17.89745 24.59539 28.79866 31.48739 42.44099
-2.082857 -3.340906 -5.295595 -5.389406 -2.824881 -.748287 -1.057472 -3.293408 -4.122795 -5.374162 -7.979485 -11.76308 -14.6896 -14.73508 -12.62856 -7.446635 -2.391371 -.211793 .8895258 .6483233 2.371523 4.786818 9.994374 9.291517 5.377287 4.103269 2.606121 .8620192 -.4212031 -1.05647 2.030878 5.86092 7.938198 8.392393 9.000818 11.90965 12.8107 7.9585 .3121195 -5.756798 -9.306205 -9.445378 -8.238385 -4.053639 1.536573 1.860085 5.463058 10.80773 10.34322 1.446428 -3.000406 -1.836309 1.418772 9.266761 15.52714 17.9823 22.68179 28.06472 31.02065 31.76977 41.75963
