py_wake/examples/data/AJ_ParqueFicticio/Rough survey   Sector 11   Height 200m   Mean speed.grd
DSAA
73  159
 258469   265669
 6501692   6517492
 5.919517   11.30186
[rows 28 to 55 of 159, columns 0 to 62 of 73]
8.730949 8.736592 8.743789 8.752565 8.765643 8.781213 8.798324 8.814526 8.822618 8.83818 8.862735 8.888298 8.910769 8.93428 8.950941 8.967893 8.987749 9.002218 9.015429 9.019727 9.014092 9.007389 9.025666 9.045834 9.062078 9.056998 9.036601 9.010339 8.999988 8.982587 8.965369 8.942391 8.891892 8.815873 8.787315 8.806959 8.82678 8.833895 8.834138 8.785066 8.736119 8.762616 8.866836 9.01424 9.191479 9.346149 9.462358 9.59793 9.73201 9.84409 9.910993 9.981581 10.04429 10.06285 9.931866 9.81529 9.780877 9.705844 9.471533 9.173161 8.90737 8.701118 8.556095
8.721495 8.733229 8.738624 8.749117 8.759403 8.772188 8.789028 8.807417 8.820192 8.835238 8.852641 8.877559 8.900064 8.930181 8.952492 8.971953 8.987226 9.003562 9.014649 9.019512 9.014343 9.006351 9.019805 9.039581 9.056259 9.054264 9.037111 9.019211 9.010839 8.998674 8.983282 8.954659 8.902185 8.814556 8.77881 8.807648 8.829492 8.840292 8.842736 8.809589 8.756772 8.757241 8.850535 8.974506 9.124534 9.304767 9.465302 9.628572 9.806746 9.971352 10.08372 10.16502 10.23084 10.29757 10.2189 10.07699 9.961239 9.79477 9.522839 9.223344 8.962092 8.77268 8.664323
8.708398 8.719536 8.729831 8.73978 8.748281 8.765388 8.779097 8.798827 8.81652 8.823808 8.840189 8.857689 8.878945 8.914476 8.939008 8.964483 8.983952 8.999609 9.008561 9.013055 9.014286 9.01666 9.023314 9.037482 9.04424 9.046067 9.042991 9.030344 9.018314 9.004942 8.98456 8.962006 8.901394 8.820128 8.800865 8.813191 8.825737 8.832366 8.851677 8.840886 8.790958 8.772474 8.824706 8.931738 9.068779 9.21837 9.393394 9.593386 9.810506 10.02796 10.2196 10.36257 10.44172 10.51896 10.49228 10.35202 10.15367 9.861198 9.524282 9.200308 8.958887 8.817093 8.795854
8.697362 8.707365 8.718546 8.730303 8.736915 8.754556 8.768337 8.789536 8.797972 8.811344 8.822511 8.839581 8.858095 8.891308 8.927908 8.955152 8.977978 8.992669 8.99874 9.007196 9.013749 9.019273 9.022773 9.027051 9.034611 9.042898 9.03856 9.03246 9.013503 8.994044 8.980795 8.970092 8.923181 8.855271 8.830924 8.813867 8.813843 8.81935 8.844396 8.861647 8.827854 8.793553 8.808489 8.887308 9.012512 9.14922 9.296849 9.473291 9.693285 9.942658 10.19827 10.41845 10.58066 10.70381 10.72485 10.60831 10.33529 9.944514 9.532027 9.180893 8.936719 8.850616 8.891798
8.680829 8.694249 8.707446 8.719488 8.731302 8.748199 8.765244 8.773928 8.784828 8.798593 8.809012 8.8232 8.835212 8.860453 8.897489 8.930634 8.96114 8.983892 8.991202 8.999864 9.009592 9.01549 9.019954 9.02215 9.028967 9.025696 9.028083 9.02413 9.005142 8.979024 8.973267 8.960567 8.921936 8.873587 8.835695 8.821541 8.80934 8.796938 8.828114 8.861415 8.866935 8.822512 8.803848 8.841217 8.943515 9.100544 9.263224 9.401833 9.562977 9.770383 10.00982 10.26427 10.52896 10.74235 10.86075 10.79307 10.50218 10.05774 9.604059 9.210405 8.958275 8.918476 9.003008
8.676305 8.68775 8.699455 8.712179 8.731986 8.743978 8.759629 8.771207 8.781877 8.789184 8.798359 8.810663 8.822552 8.837331 8.869542 8.905202 8.940124 8.964381 8.9779 8.99434 9.003376 9.012234 9.015895 9.017577 9.021165 9.019809 9.007802 9.00526 8.995244 8.975649 8.967442 8.951653 8.918957 8.876663 8.840365 8.829598 8.820408 8.786594 8.814195 8.854776 8.896495 8.892255 8.842449 8.799842 8.84628 8.998039 9.207868 9.386767 9.54378 9.716747 9.91206 10.14991 10.40998 10.66609 10.87654 10.91702 10.64025 10.20469 9.7169 9.309625 9.044671 9.005812 9.131554
8.685239 8.692403 8.701852 8.710504 8.724515 8.735075 8.750872 8.764696 8.775307 8.784164 8.789929 8.801157 8.813718 8.827094 8.849477 8.888958 8.922465 8.944851 8.963868 8.981119 8.992918 8.995967 9.003067 9.006204 9.007756 9.002102 8.990311 8.986078 8.980649 8.976649 8.964312 8.947516 8.921197 8.873827 8.832822 8.811646 8.826684 8.801595 8.802424 8.852734 8.929862 8.966903 8.935916 8.836851 8.770767 8.862403 9.082642 9.326421 9.543138 9.760943 9.982748 10.22431 10.45335 10.68298 10.89722 10.99258 10.79572 10.38132 9.909444 9.491602 9.218669 9.165094 9.27656
8.679049 8.688008 8.69827 8.711615 8.720366 8.731673 8.742872 8.751537 8.762415 8.7702 8.773829 8.785398 8.796092 8.815784 8.840042 8.86699 8.893326 8.923169 8.942093 8.956367 8.969247 8.974343 8.981407 8.986056 8.9901 8.983148 8.97505 8.972404 8.96706 8.965104 8.95297 8.934665 8.913534 8.875689 8.825765 8.782233 8.789401 8.804051 8.803889 8.863603 8.969751 9.051506 9.056956 8.952569 8.773579 8.741568 8.917525 9.204456 9.493305 9.761929 10.03973 10.34838 10.62536 10.84787 11.01394 11.09642 10.95277 10.5661 10.09552 9.698194 9.441275 9.399776 9.467098
8.669238 8.681235 8.689804 8.700086 8.716028 8.731855 8.736582 8.745488 8.754148 8.76002 8.761902 8.763831 8.774471 8.795277 8.816786 8.839338 8.863175 8.882845 8.910066 8.917756 8.938348 8.943451 8.953653 8.965731 8.970878 8.966271 8.965653 8.959001 8.954374 8.949541 8.942551 8.921743 8.892827 8.862782 8.812079 8.763797 8.747252 8.778376 8.805792 8.882261 9.016247 9.16201 9.227497 9.142337 8.908954 8.681216 8.725589 8.988704 9.330153 9.66697 10.00091 10.36871 10.71478 10.98599 11.16897 11.23642 11.06901 10.67308 10.21081 9.841223 9.662831 9.643206 9.71493
8.648149 8.661145 8.675312 8.687867 8.699236 8.719499 8.73833 8.746702 8.751595 8.750215 8.755392 8.757185 8.757849 8.775766 8.792798 8.812276 8.832625 8.842302 8.864856 8.876083 8.888672 8.903535 8.919576 8.93673 8.953341 8.949108 8.947803 8.94036 8.938135 8.926205 8.918425 8.902086 8.8762 8.847131 8.805775 8.74347 8.685916 8.714817 8.761309 8.851985 9.034255 9.254068 9.409804 9.404078 9.178781 8.823562 8.651512 8.787279 9.099534 9.448086 9.808886 10.17732 10.57545 10.94376 11.19909 11.30186 11.13694 10.73144 10.26143 9.90262 9.782337 9.816317 9.904036
8.634814 8.649986 8.663513 8.678439 8.689397 8.699986 8.717421 8.727933 8.740412 8.750536 8.758721 8.756279 8.756505 8.756556 8.77179 8.788247 8.807696 8.821041 8.837722 8.842965 8.833788 8.857399 8.883846 8.904445 8.92516 8.92312 8.924896 8.919797 8.910955 8.897987 8.883896 8.877986 8.860782 8.826805 8.788438 8.725129 8.636975 8.630694 8.679686 8.793946 8.990151 9.260782 9.52035 9.635373 9.514383 9.156773 8.832466 8.777828 8.938633 9.213781 9.562115 9.938297 10.33969 10.74017 11.08148 11.25645 11.15571 10.75311 10.28525 9.895267 9.785547 9.870715 9.983047
8.632928 8.651456 8.665804 8.679033 8.695359 8.701654 8.703813 8.719237 8.734543 8.744039 8.753757 8.760107 8.757833 8.756352 8.766485 8.782865 8.798225 8.815392 8.833404 8.829894 8.813122 8.82418 8.846439 8.873354 8.889534 8.899062 8.896684 8.89334 8.889168 8.869771 8.853053 8.841176 8.82301 8.796044 8.755468 8.690907 8.591598 8.556465 8.596246 8.721581 8.921203 9.199408 9.501482 9.73033 9.773067 9.526228 9.192943 9.025229 9.025928 9.211805 9.510241 9.8578 10.22332 10.59838 10.95308 11.17534 11.14433 10.78423 10.29657 9.883711 9.704848 9.744759 9.875086
8.633588 8.650811 8.663388 8.67615 8.692966 8.705386 8.709363 8.718762 8.725903 8.736594 8.746485 8.749807 8.754852 8.762508 8.765261 8.770041 8.78336 8.801139 8.818238 8.824445 8.813205 8.814804 8.818506 8.833391 8.856345 8.85751 8.860003 8.860521 8.853286 8.839582 8.823138 8.807916 8.789659 8.761714 8.721955 8.644325 8.546324 8.470203 8.50119 8.626657 8.841419 9.11062 9.417418 9.709566 9.871051 9.78328 9.521155 9.357653 9.294736 9.368442 9.619246 9.914487 10.24531 10.58331 10.90521 11.14481 11.14225 10.82502 10.35091 9.886436 9.56242 9.495606 9.592359
8.652622 8.659473 8.670553 8.671988 8.676326 8.690441 8.705112 8.714999 8.720446 8.719746 8.718287 8.725314 8.734981 8.739328 8.74348 8.751602 8.760908 8.77111 8.791326 8.802013 8.812864 8.814298 8.819274 8.806535 8.798654 8.802976 8.81289 8.817856 8.813878 8.807024 8.786365 8.775004 8.755021 8.727253 8.688732 8.616912 8.484736 8.373604 8.38976 8.510601 8.733418 9.000648 9.300993 9.607412 9.832588 9.86047 9.719275 9.585028 9.552941 9.578036 9.735975 10.00309 10.2808 10.59907 10.89148 11.11989 11.1487 10.88879 10.42719 9.927857 9.486184 9.268972 9.260433
8.678815 8.682716 8.688285 8.684691 8.667727 8.670005 8.687759 8.698673 8.700727 8.703229 8.701454 8.699064 8.702512 8.71018 8.719868 8.727495 8.732993 8.742447 8.757243 8.777291 8.794113 8.80993 8.820216 8.815385 8.775105 8.756447 8.760869 8.769406 8.77384 8.760764 8.748799 8.735832 8.718313 8.693147 8.651999 8.584053 8.457058 8.314692 8.282212 8.371722 8.570453 8.817231 9.093856 9.387093 9.639126 9.744765 9.693235 9.600142 9.626121 9.687578 9.826982 10.02575 10.24955 10.51305 10.78837 11.01296 11.09139 10.91706 10.52895 10.02586 9.538013 9.160389 8.990399
8.69542 8.705826 8.715586 8.721075 8.684875 8.654152 8.662675 8.682911 8.691294 8.699352 8.70787 8.69978 8.693202 8.693378 8.700134 8.707901 8.714402 8.715149 8.722533 8.741179 8.762707 8.780085 8.793209 8.797712 8.772717 8.746626 8.735853 8.730627 8.721038 8.706872 8.702516 8.688792 8.665296 8.639978 8.611285 8.543127 8.430585 8.286404 8.201629 8.22939 8.36683 8.589275 8.842884 9.128587 9.376448 9.510854 9.514878 9.465384 9.497035 9.614426 9.723665 9.86856 10.07412 10.31412 10.58862 10.82807 10.9559 10.86272 10.56079 10.13163 9.66425 9.231762 8.921831
8.70524 8.719869 8.734914 8.746561 8.736375 8.695667 8.662975 8.665797 8.680341 8.697287 8.71396 8.714726 8.695075 8.689154 8.695031 8.703021 8.70085 8.70116 8.706372 8.703287 8.723577 8.737737 8.750107 8.74968 8.746302 8.723985 8.708119 8.691637 8.682176 8.656882 8.649152 8.640848 8.609322 8.595707 8.564704 8.504898 8.405886 8.286695 8.175673 8.149152 8.221827 8.427509 8.673757 8.922928 9.153742 9.279152 9.321769 9.31968 9.353109 9.438633 9.543457 9.686198 9.898586 10.15835 10.44374 10.68235 10.7947 10.71582 10.51657 10.19176 9.814766 9.408785 9.032508
8.709494 8.724654 8.743595 8.757033 8.771011 8.740696 8.699628 8.678334 8.677944 8.689205 8.699303 8.7034 8.701506 8.702152 8.704127 8.704909 8.698679 8.69962 8.694407 8.68536 8.68958 8.70383 8.704135 8.707049 8.694942 8.687085 8.672084 8.650471 8.617726 8.594082 8.569949 8.556355 8.548087 8.517427 8.508138 8.460316 8.368482 8.274479 8.205263 8.160971 8.19111 8.34514 8.559536 8.780177 8.9982 9.14976 9.261926 9.312704 9.360755 9.446626 9.556189 9.685575 9.871003 10.12339 10.3908 10.61769 10.69348 10.56512 10.39522 10.1752 9.922275 9.622365 9.300382
8.706257 8.724383 8.753515 8.772491 8.780135 8.769728 8.73446 8.711739 8.700773 8.681025 8.67823 8.685019 8.694729 8.701894 8.703337 8.695251 8.691698 8.693943 8.696286 8.685894 8.68771 8.693335 8.69737 8.696388 8.673757 8.65838 8.647405 8.615529 8.57247 8.526792 8.497204 8.482227 8.449636 8.418878 8.419851 8.387387 8.309582 8.227328 8.189936 8.194825 8.231311 8.331203 8.501974 8.719772 8.949655 9.144011 9.27486 9.376104 9.464031 9.555767 9.664655 9.803272 9.952515 10.14639 10.37157 10.60975 10.65975 10.55134 10.32693 10.09844 9.90715 9.695614 9.485245
8.70115 8.718006 8.736617 8.769362 8.780786 8.774339 8.760616 8.744439 8.735383 8.696914 8.653258 8.661559 8.676203 8.685726 8.686551 8.676482 8.676661 8.680356 8.686735 8.686014 8.690128 8.686251 8.69372 8.690525 8.6741 8.657055 8.634098 8.596618 8.550392 8.51019 8.462702 8.427104 8.377557 8.333192 8.324921 8.287341 8.223876 8.158994 8.128591 8.157149 8.221551 8.318842 8.468655 8.660129 8.880234 9.088112 9.232087 9.337725 9.432654 9.538252 9.675363 9.841254 9.995031 10.16368 10.34409 10.48533 10.61894 10.60147 10.43814 10.1635 9.889055 9.671222 9.490645
8.699921 8.716208 8.730599 8.752516 8.771577 8.772552 8.769003 8.766685 8.760689 8.735694 8.670626 8.642068 8.653767 8.659418 8.661634 8.661888 8.662904 8.658467 8.660588 8.67519 8.674962 8.669622 8.66373 8.659514 8.658859 8.638056 8.610366 8.583382 8.553499 8.514829 8.467023 8.436312 8.383464 8.310384 8.287641 8.243231 8.171481 8.102691 8.053187 8.072002 8.129094 8.226912 8.360333 8.552978 8.75515 8.958538 9.105413 9.217986 9.353101 9.493019 9.621477 9.781585 9.966267 10.11376 10.22191 10.32524 10.46137 10.53429 10.50573 10.40437 10.13894 9.802102 9.509272
8.714746 8.727164 8.738488 8.744704 8.760345 8.772393 8.775749 8.780585 8.77214 8.761726 8.725372 8.667063 8.640852 8.645791 8.649081 8.654624 8.658963 8.653018 8.641643 8.646885 8.652061 8.653746 8.650236 8.653104 8.651587 8.626348 8.605913 8.586499 8.55263 8.50946 8.459151 8.419289 8.390965 8.33299 8.287978 8.236459 8.154884 8.064399 7.990228 7.966473 8.007624 8.086454 8.214899 8.365702 8.571214 8.777934 8.959164 9.149972 9.304257 9.47439 9.636497 9.766286 9.880731 10.01469 10.09633 10.11366 10.17593 10.28754 10.37324 10.47713 10.41131 10.14085 9.783059
8.720435 8.740812 8.759732 8.754895 8.757285 8.774232 8.782967 8.78769 8.790043 8.783229 8.75453 8.718692 8.675348 8.653266 8.647738 8.654965 8.671615 8.682243 8.664446 8.647468 8.650911 8.654769 8.661492 8.669781 8.662825 8.640072 8.625084 8.600122 8.571193 8.518498 8.453091 8.396579 8.344977 8.306938 8.262632 8.208943 8.127785 8.027061 7.943643 7.908072 7.917353 7.982537 8.095669 8.232174 8.417557 8.641509 8.844558 9.058671 9.269429 9.470197 9.65487 9.776536 9.789693 9.860322 9.979459 9.994772 9.956579 9.980151 10.03925 10.24774 10.43379 10.40869 10.16806
8.713966 8.737829 8.755992 8.762106 8.763202 8.770962 8.788106 8.801339 8.801612 8.797015 8.772899 8.742271 8.700756 8.670239 8.661437 8.658594 8.664205 8.686995 8.68785 8.669389 8.670334 8.671266 8.675463 8.683036 8.678381 8.662323 8.652514 8.63276 8.58835 8.54917 8.49416 8.422073 8.326213 8.271139 8.232739 8.152167 8.06283 7.994268 7.923867 7.86817 7.863363 7.899668 8.004945 8.144175 8.320728 8.52503 8.746201 8.970467 9.19865 9.436445 9.63006 9.726216 9.688354 9.713795 9.891563 9.973957 9.867535 9.744108 9.701935 9.855119 10.15414 10.37452 10.36913
8.709941 8.727564 8.750724 8.76195 8.768333 8.771626 8.781836 8.799626 8.803633 8.800052 8.779888 8.746388 8.724385 8.69628 8.680439 8.669135 8.656038 8.666245 8.677045 8.67439 8.681742 8.690865 8.687434 8.6882 8.687933 8.681468 8.676964 8.661818 8.63334 8.600205 8.557804 8.482584 8.388378 8.317127 8.263952 8.162745 8.05168 7.960515 7.911129 7.87174 7.81069 7.800996 7.872437 8.003263 8.173751 8.393963 8.614477 8.850927 9.08806 9.320134 9.559094 9.69129 9.64465 9.588817 9.742306 9.961136 9.936674 9.721661 9.50097 9.488366 9.767156 10.09886 10.28314
8.709741 8.729896 8.746949 8.756128 8.766474 8.777385 8.783655 8.789881 8.796887 8.79482 8.78433 8.761991 8.737338 8.718332 8.709798 8.69753 8.673599 8.660833 8.663346 8.662258 8.66861 8.700198 8.705293 8.697475 8.697921 8.692672 8.692077 8.688554 8.679914 8.655864 8.615427 8.542818 8.453287 8.397003 8.387422 8.29183 8.148322 8.021007 7.952775 7.920265 7.871641 7.786975 7.778892 7.853696 7.987241 8.201797 8.435736 8.66536 8.912699 9.202564 9.48877 9.67138 9.602411 9.485849 9.567724 9.845391 10.00679 9.853198 9.533871 9.318315 9.445633 9.767474 10.05453
8.716649 8.729577 8.743826 8.75651 8.769266 8.778507 8.78687 8.788875 8.793816 8.79263 8.788617 8.771754 8.749932 8.73247 8.724231 8.723706 8.703395 8.678831 8.671189 8.662065 8.653203 8.662011 8.688469 8.69313 8.693017 8.703269 8.706264 8.713402 8.72723 8.733265 8.691471 8.590643 8.499322 8.498458 8.48433 8.441338 8.31182 8.143435 8.00161 7.980322 7.977757 7.890011 7.817522 7.814604 7.903805 8.059694 8.239293 8.470613 8.767016 9.087856 9.381557 9.571566 9.550399 9.399245 9.412843 9.669971 9.941938 9.944573 9.649591 9.336114 9.253983 9.519859 9.880108
8.715686 8.733873 8.750475 8.759692 8.772173 8.780156 8.784027 8.790502 8.792093 8.791143 8.786944 8.776127 8.762739 8.740965 8.719613 8.719198 8.713609 8.701529 8.688626 8.685595 8.665129 8.645758 8.664491 8.67364 8.67962 8.690801 8.696622 8.718137 8.759995 8.764857 8.762001 8.707483 8.59781 8.559286 8.562003 8.566278 8.458259 8.255527 8.079406 8.003074 8.032468 8.02829 7.971856 7.919657 7.910636 8.008557 8.137264 8.336459 8.599269 8.906096 9.215572 9.447361 9.460017 9.326937 9.286849 9.511755 9.814701 9.909019 9.687689 9.374388 9.212754 9.369313 9.743527
