py_wake/examples/data/AJ_ParqueFicticio/Rough survey   Sector 5   Height 30m   Orographic speed.grd
DSAA
73  159
 258469   265669
 6501692   6517492
 .2180282   2.038777
[rows 56 to 83 of 159, columns 0 to 62 of 73]
1.004747 1.020848 1.024729 1.02769 1.036835 1.026726 1.02466 1.026158 1.025083 1.022662 1.019045 1.016387 1.017089 1.006295 .980284 .981345 .9862571 .9871833 .9885026 .9954287 .9891012 .958819 .9566641 .969793 .9761932 .9801901 .975055 .9627371 .998511 1.096891 1.182134 1.094618 .9336962 .942487 1.008346 1.052635 1.111761 1.001388 .7899879 .724479 .8432736 .9296827 .8651492 .8238185 .7809363 .8327549 .8446355 .8030894 .8891296 1.068117 1.268855 1.484839 1.447796 1.18105 .986933 1.169341 1.524735 1.621337 1.430992 1.169083 .9378346 .9311535 1.382587
.9879672 1.020473 1.019048 1.015451 1.032079 1.030863 1.028197 1.027486 1.024326 1.018671 1.013039 1.006875 1.001117 1.01522 .9949896 .9842592 .98501 .9847679 .9850721 1.002687 .997321 .9797124 .9675679 .9711797 .9761202 .9760407 .9734215 .9430873 .9340083 1.04344 1.168452 1.102153 .9981599 .9525533 1.00303 1.04445 1.070752 1.011207 .8628596 .7710104 .8295863 .8855112 .9074516 .8727534 .8738521 .9100768 .889711 .8045634 .8295808 .976833 1.222668 1.404652 1.41879 1.162888 .9867609 1.165006 1.544649 1.624046 1.468828 1.130926 .9100052 .8788736 1.247082
.9835066 1.008558 1.010356 .9991978 1.00658 1.024656 1.022906 1.023808 1.019605 1.011718 1.003264 .9961256 .9920468 1.006673 1.003779 .9943433 .9882316 .9843209 .9855367 1.000528 .9976832 .9954034 .9864349 .9671234 .9750884 .9769183 .9657378 .9479932 .901504 .9700419 1.153431 1.067059 .9887249 .9583045 .9920819 1.028024 1.080656 1.002816 .897435 .8017216 .8250618 .8425742 .8564166 .897053 .932673 .9592609 .946246 .8434032 .8198865 .93076 1.151993 1.310583 1.375913 1.156571 .9423813 1.151653 1.47429 1.647024 1.549601 1.254522 .9426241 .8277819 1.092854
1.004946 1.007433 1.025341 1.015121 .9827331 .9962905 1.012386 1.017566 1.012406 1.004377 .9962935 .987932 .9840411 .9994416 1.000743 .9951003 .99014 .9883109 .9874265 .9937901 .9932808 .9888844 .9914585 .9790208 .9755418 .9806201 .9841842 .9819077 .9345517 .9445878 1.04553 1.044495 .9821452 .8982389 .9430747 .9899843 1.047833 1.011067 .9157851 .8271357 .8033626 .8230798 .819856 .900014 1.002245 1.004867 .9886026 .906443 .8261752 .8522123 1.047039 1.201723 1.318426 1.117226 .9304128 1.059095 1.386644 1.582016 1.52553 1.350695 1.07279 .8317015 1.013024
1.015192 1.019469 1.036115 1.039672 .9944863 .9628704 .9819558 1.008646 1.006273 .9990757 .9919954 .9842916 .977639 .9867314 .989064 .9853792 .9835125 .9839807 .9942058 .9990774 .9988236 .9802569 .9842432 .9795471 .9731509 .9842703 1.007647 1.028402 1.026974 1.033528 1.03841 1.011415 .9768677 .9182698 .893113 .9626724 .9979975 .9938392 .9311488 .8484895 .7989819 .788199 .8189436 .8988172 1.031542 1.037004 1.023592 .9808365 .8920507 .8353827 .8785735 1.053875 1.255706 1.133765 .9030958 .9727089 1.316213 1.526519 1.466359 1.325437 1.156797 .9230796 .8993029
1.03387 1.040214 1.042399 1.052168 1.036882 .996492 .9725182 .9912427 .9984791 .9963991 .9923185 .9897468 .9838836 .9757283 .9760192 .9742887 .972414 .9823404 .9961274 1.001739 1.006632 .9834548 .9770427 .9736224 .9645481 .9776818 .9975657 1.052348 1.089171 1.095859 1.106046 1.044087 .9842039 .9443039 .9083983 .9631345 .9776392 .9626191 .9084342 .8652102 .8283428 .7668322 .7376662 .8946631 .9997978 1.050916 1.033507 1.061136 1.041836 .9122121 .8161848 .8694008 1.142631 1.170954 .954288 .892403 1.252983 1.473016 1.4398 1.304761 1.166796 1.003772 .8928226
1.038631 1.055881 1.052499 1.05809 1.047353 1.028486 .9963031 .9828392 .9900556 .9943966 .9960514 .990765 .9807361 .9727257 .9700456 .9665829 .9606534 .9740346 .9872748 .9903507 1.005569 .9987079 .9825286 .9711918 .9604368 .9641601 .9704818 1.037092 1.103611 1.158827 1.16494 1.078062 1.019121 1.023062 .9918856 .9786204 .9750895 .9450372 .8880922 .8612547 .815174 .754356 .7302577 .8011264 1.001148 1.024396 1.0131 1.051328 1.138928 1.096353 .8764792 .765788 1.022114 1.134409 1.022632 .8763956 1.092391 1.401837 1.409112 1.3088 1.174497 1.116562 .9864116
1.029674 1.059485 1.062999 1.062016 1.051202 1.031682 1.009061 .9953344 .9901325 .9899948 .9963587 .9875017 .9802966 .9756241 .9709439 .9663147 .9605445 .9575078 .9691731 .9715554 .9998124 .9981661 .980974 .960726 .9579856 .9597703 .9579555 1.004187 1.083874 1.152739 1.161373 1.125777 1.084839 1.076559 1.059132 1.011905 .9901142 .9481477 .8877162 .8399329 .791496 .7365097 .717401 .7829471 .9259214 1.029319 .9957075 1.033627 1.14238 1.228396 1.10453 .8057536 .8261473 .9758794 1.052899 .9366285 .9647974 1.277829 1.354178 1.283122 1.174899 1.134445 1.099708
1.017835 1.056126 1.061303 1.062177 1.05465 1.04186 1.026182 1.014263 .9951776 .9861447 .9906873 .9911107 .9854819 .9800913 .9761225 .9697569 .9645249 .9602256 .9648107 .9712874 .98677 .9979936 .9835389 .9538321 .9410907 .9289165 .9545873 .9852394 1.064242 1.1444 1.161776 1.132506 1.109458 1.095964 1.084949 1.06679 1.02243 .9735101 .917486 .8613005 .8139385 .7663471 .7309334 .7313293 .9029267 .9819929 1.000357 1.031279 1.111997 1.19199 1.201272 .9498348 .7967434 .7968612 .9452857 1.004343 .9791342 1.146435 1.261954 1.200939 1.140888 1.078303 1.081761
1.003403 1.042604 1.054572 1.058102 1.05755 1.05178 1.043841 1.034398 1.005905 .9838256 .9899195 .9884382 .9853171 .9839425 .981181 .9729283 .9611938 .9637367 .9678197 .973928 .9895854 1.004399 .9951836 .9563656 .9387373 .9240242 .9219136 .9492275 1.018284 1.080099 1.141933 1.104035 1.106915 1.132747 1.10676 1.095743 1.068749 .9829519 .9232933 .9082069 .8565276 .7894343 .7433417 .7232569 .8359905 .9292861 .9652534 1.022301 1.037689 1.091089 1.241855 1.192308 .9655481 .7145236 .7746946 .9529721 1.052941 1.131086 1.205598 1.180728 1.098039 1.000588 .9455178
.9974292 1.022215 1.045906 1.054121 1.0555 1.055143 1.05179 1.042287 1.022643 .9912885 .9864604 .9873615 .9853132 .9837377 .9823682 .9733773 .9631851 .962006 .966747 .9693623 .987408 1.00613 .9927229 .9787941 .9686443 .9484733 .9464632 .9760162 .9909099 1.032875 1.067204 1.056631 1.073889 1.168617 1.128875 1.118143 1.120144 1.019965 .9346932 .9099143 .8487113 .8268073 .7704963 .7391502 .7584099 .7915317 .8985244 1.039024 1.018565 .9517726 1.197478 1.294718 1.152712 .8627688 .6560225 .7735011 1.038991 1.143236 1.24972 1.296914 1.17121 1.087635 .897057
.9977707 1.012625 1.035904 1.04901 1.055139 1.054263 1.053883 1.044467 1.025775 1.004982 .9936371 .9892426 .9879946 .9852391 .9780407 .9773088 .9694695 .9608184 .9547859 .9674361 .9737751 .9992582 1.014745 1.009895 1.003303 .9850841 .9652067 .9950926 1.01401 1.036115 1.035017 1.027942 1.029821 1.131819 1.147098 1.123581 1.142198 1.110315 .978995 .9346657 .8608179 .8325284 .7975239 .7494391 .7156616 .7241123 .8200384 1.010894 1.022059 .9241291 1.067963 1.30306 1.243448 1.077514 .7948294 .6605581 .8509424 1.131399 1.231979 1.312714 1.311193 1.215853 1.080571
.9925265 1.005534 1.030544 1.045783 1.055171 1.056184 1.051362 1.043809 1.032745 1.016324 1.002591 .9937731 .9884251 .9900044 .9851211 .9853735 .9742563 .9624712 .9514434 .9565986 .957532 .9756926 1.019911 1.024423 1.025602 1.02573 1.029223 1.002219 1.026963 1.046734 1.032906 1.01117 1.0076 1.080179 1.153598 1.121618 1.135676 1.159961 1.053358 .9925233 .9667846 .8886698 .819614 .7905654 .7255318 .7083818 .762696 .9521444 .9810692 .8789863 1.055276 1.237819 1.205655 1.123091 .9580814 .703894 .756659 .9941718 1.155391 1.263006 1.318796 1.34458 1.273134
.9855471 .9871863 1.012813 1.037935 1.049907 1.063348 1.050293 1.048204 1.04102 1.028482 1.012082 .9958853 .9823549 .9870434 .99956 .99712 .9781133 .9563781 .9520345 .9505936 .9514081 .9621412 1.012378 1.02265 1.040304 1.047533 1.048887 1.057817 1.071639 1.083953 1.059427 1.004231 .9753947 1.034483 1.100199 1.111366 1.123261 1.129705 1.083503 1.044029 .9953288 .9707068 .9308403 .8500746 .7825596 .7005679 .7318414 .8497593 .9109823 .8586921 .9371236 1.126525 1.167668 1.078034 .9748569 .8140724 .7264087 .9057869 1.083776 1.197835 1.280223 1.319166 1.289814
.9832045 .9749285 .9765942 1.017461 1.033558 1.057337 1.055869 1.057357 1.052148 1.041884 1.023697 1.001169 .9755195 .9782941 .9891286 .9990727 .9758337 .9572584 .9542291 .9537212 .9568421 .9576106 1.005926 1.021392 1.041457 1.06237 1.068088 1.082 1.115132 1.135293 1.118827 1.048339 .9645625 .9826505 1.035124 1.087426 1.097895 1.101471 1.098064 1.097357 1.080342 1.00768 .9847335 .913625 .8631707 .7489008 .7539291 .8160431 .8736537 .8837746 .9137013 .9710695 1.086409 1.019154 .8837658 .7701382 .7502825 .876628 1.027978 1.151229 1.234075 1.260977 1.241619
.999141 .9827806 .9601126 .977018 .992851 1.038315 1.055137 1.06239 1.06246 1.054113 1.030398 1.001434 .9738219 .9603804 .9649289 .9891654 .9921662 .9756866 .96157 .9545465 .9453228 .9593926 .9917204 1.045188 1.053426 1.072561 1.085958 1.093135 1.144276 1.207226 1.192486 1.073451 .9723824 .9561254 .9956931 1.049132 1.062776 1.066959 1.071312 1.075686 1.095631 1.034246 .9749122 .9507283 .9155412 .8423834 .7832873 .8097492 .8778044 .9437328 .9820473 .9476737 1.015546 .9757459 .764212 .6430139 .7104095 .8610178 1.002151 1.101763 1.199149 1.222424 1.219658
1.014104 .995722 .9705435 .9524617 .9665098 .9976525 1.044007 1.060978 1.064277 1.053269 1.029399 1.006621 .9845259 .9658815 .95327 .9753683 .9927117 .9858668 .9709031 .9547647 .931455 .9513349 .9688744 1.022539 1.071516 1.069703 1.100417 1.123014 1.178473 1.225697 1.225966 1.108888 .9962098 .9824756 .9897515 1.006439 1.012729 1.029649 1.048507 1.055698 1.090653 1.062935 1.005429 .9713337 .9315019 .885837 .8293382 .8094875 .895256 .9699277 1.042922 1.030383 1.063661 1.093343 .8009275 .5447277 .5543113 .7844453 .9265417 1.043099 1.174603 1.185879 1.196032
1.014942 .9995345 .9819633 .9776285 .9739509 .9739093 1.013032 1.046721 1.060143 1.052231 1.037263 1.021359 1.005954 .9875833 .9567732 .9539771 .9874521 .9834649 .9695373 .9500068 .9246739 .9400558 .9511796 .9963433 1.042932 1.047161 1.080427 1.130275 1.225181 1.278545 1.241011 1.166413 1.058942 1.011492 1.005639 .9972482 .984587 .9830474 1.001771 1.035046 1.064169 1.090608 1.057651 1.017554 .9630652 .9098511 .7965568 .7895519 .8446466 .9370872 .9840896 1.048481 1.123449 1.218214 1.047767 .6422598 .5371133 .613377 .8119401 .9729938 1.06604 1.141306 1.145876
1.021685 1.009515 .9991822 1.004002 1.007079 .9629683 .9705076 1.016575 1.054424 1.049932 1.039456 1.030742 1.025894 1.019501 .9690466 .9395432 .9662874 .9769594 .9715599 .9567081 .9286715 .9318854 .9475588 .9869552 1.017727 1.024542 1.039008 1.094181 1.218889 1.306406 1.249801 1.186633 1.128628 1.057233 1.032419 1.009895 .9789158 .9549889 .9628651 .991441 1.025308 1.061348 1.052685 1.050828 .9984238 .9806471 .8355589 .76334 .8153691 .8963727 .9020395 .9532784 1.083693 1.157206 1.134063 .8466856 .6109272 .5815926 .6446952 .8607354 .9830094 1.019726 1.063815
1.022169 1.013292 1.006729 1.012121 1.03318 1.000322 .9577265 .9851646 1.032887 1.040939 1.03499 1.029839 1.025772 1.042442 1.012008 .9538983 .9563209 .965055 .9695436 .9710132 .9409972 .9368936 .9464872 .9779224 1.007283 1.007035 1.001388 1.04256 1.159209 1.314403 1.270305 1.196182 1.135364 1.084247 1.036454 1.0126 .9972723 .9641799 .9493491 .9793844 .9967345 .9994847 .9947646 1.058029 .9800136 .9964695 .922848 .8305768 .8238642 .8637231 .885984 .892778 .9643106 1.037668 1.068832 .9538692 .7067163 .6027195 .5738068 .7154469 .8663113 .9090046 .930025
1.014732 1.007333 1.002235 1.004245 1.029239 1.009401 .9769586 .9841589 1.021549 1.032126 1.028291 1.023048 1.020183 1.039755 1.028856 .9799147 .9559846 .9556629 .9574915 .9677648 .9777388 .9789582 .9570121 .973522 .9927503 .9956079 .9907918 1.027928 1.116924 1.287889 1.279377 1.204666 1.123016 1.06433 1.014331 .9894178 1.007066 .9843066 .9330882 .9808326 1.019482 .9720553 .9955348 1.037559 1.017598 1.001972 .9528789 .8453212 .8265231 .8299314 .8627869 .9026361 .9620066 1.020512 1.014538 .9532053 .7645919 .6777197 .5957109 .6471632 .7507899 .8004324 .8104808
1.007153 1.002029 .9951248 .9913886 1.017025 1.01811 1.002038 .99445 1.013804 1.022157 1.02293 1.024854 1.025908 1.027787 1.023409 .9952518 .9717699 .9543226 .9467762 .9671082 .9802259 .9978765 1.009166 .9959787 .9898275 1.007371 1.015606 1.060383 1.137881 1.29605 1.282102 1.20898 1.111829 1.054599 1.012002 .9861147 1.009747 .9972446 .9444447 .9675473 .9921334 .9921208 .996539 1.025733 1.036822 1.027944 1.01808 .9398219 .8850555 .774125 .8387331 .900277 .9871085 1.054366 1.005666 .9953893 .8990737 .7501705 .7058504 .6507539 .6421766 .7055839 .7286732
1.007018 1.001394 .9916968 .9868844 1.007366 1.021098 1.018611 1.012668 1.008003 1.009713 1.011671 1.015615 1.029812 1.028394 1.023977 1.012059 .9915832 .9637557 .9440426 .9503896 .9471654 .9989905 1.031946 1.017969 1.01474 1.022362 1.05348 1.103993 1.197627 1.277103 1.275986 1.166209 1.084867 1.05383 1.029071 1.010283 1.016834 1.010661 .993046 .9719427 .9488571 .9799491 1.001298 1.035634 1.007936 .9993604 1.01294 1.022103 1.029723 .8765253 .8275828 .883883 .9603072 1.043716 1.044107 1.046696 .9812218 .861434 .792709 .7314049 .6820485 .6707318 .7396706
1.016109 1.009049 .9974415 .9943981 .9976183 1.018093 1.025522 1.021328 1.00492 1.002755 1.00086 1.004095 1.02705 1.032126 1.02739 1.021184 1.010573 .9838918 .95203 .9474952 .9375503 .9624599 1.004799 1.021324 1.01287 1.028769 1.064144 1.160315 1.277021 1.313384 1.255667 1.138086 1.042759 1.035769 1.011088 .9863676 1.012892 1.019021 1.003086 1.028785 .998817 .9895555 .9994752 .995277 1.002956 .98462 .9785889 .9799746 1.01661 .9654179 .9170472 .8922625 .9333509 1.000945 1.053212 1.045144 1.000784 .9672036 .8893031 .8262443 .776853 .7814376 .7763479
1.026091 1.023694 1.0084 .9904894 1.000847 1.015418 1.028097 1.02111 1.016357 1.010995 .9991783 .9913389 1.016937 1.023544 1.015154 1.011151 1.01622 .9967853 .9836577 .9713158 .9522316 .9666882 .9861847 .9978816 .9868041 1.009467 1.065197 1.193068 1.32543 1.3493 1.246284 1.134361 1.035495 1.028482 1.007515 .9807454 .9964391 .9767892 .9941462 1.005847 1.008163 .9892821 .9653159 .9660655 .9917825 .981702 .9497522 .9417069 .9808889 .9800992 .9624885 .9415162 .9383008 .9767799 1.013671 1.049302 .9688817 .9465216 .880338 .828503 .8009794 .7966661 .7883162
1.024982 1.029018 1.016643 .989445 .9919639 1.005213 1.03424 1.032315 1.02928 1.028209 1.017396 .9869502 .9981229 .9982944 .9915626 1.001448 1.015249 1.010418 1.000982 .9829355 .9821193 .995532 .9926912 .9911982 .9770164 .9740359 1.035552 1.18175 1.317946 1.359298 1.269273 1.138999 1.025223 1.030314 1.015243 .990197 .9717466 .9472228 .9667819 .9964942 1.004598 .9881085 .9787274 .9651226 .9719396 .9703336 .932933 .9311032 .9389979 .9519957 .9554499 .9569044 .9597154 .9760746 1.006405 1.03403 .9610855 .925822 .879187 .831073 .8047408 .7915509 .7873392
1.012808 1.0282 1.023168 1.006941 .9993011 1.005415 1.03154 1.038688 1.039889 1.040077 1.039565 1.006746 .9742851 .9755627 .9651334 .9623995 .9913363 .9812844 .9981825 1.009686 1.001908 1.007226 1.015542 1.020584 .997612 .9899937 1.024747 1.156846 1.291918 1.344406 1.248125 1.152826 1.047951 1.03541 1.027931 .9733216 .968836 .9208082 .9620436 1.013722 1.022418 .9943798 .9631528 .935208 .9416969 .9342674 .8981876 .8940049 .9093279 .9332954 .9513656 .9637285 .9750925 .9894755 1.01506 1.022323 .9711501 .9225907 .8651082 .8242415 .802754 .783123 .7770968
1.01979 1.013955 1.018409 1.016498 1.014054 1.017256 1.032979 1.041654 1.043174 1.045811 1.040996 1.011679 .9885131 .9848101 .9819466 .9631388 .9442566 .9411712 .9614704 .9969528 1.003969 1.00987 1.020209 1.034937 1.05034 1.063814 1.084613 1.161288 1.252717 1.298668 1.216281 1.165472 1.095182 1.039068 1.06528 .9730129 .9743853 .9510264 .9849287 .9905916 1.000437 .9983712 .9245039 .881246 .9321176 .905646 .8528951 .8531404 .8528143 .8985398 .9458378 .9728617 .9879282 .999303 1.036236 1.005399 .9667729 .9090232 .8465972 .8019843 .76934 .7702199 .7580262
