py_wake/examples/data/AJ_ParqueFicticio/Rough survey   Sector 9   Height 30m   Mean speed.grd
DSAA
73  159
 258469   265669
 6501692   6517492
 .05389789   12.72243
[rows 84 to 111 of 159, columns 0 to 62 of 73]
4.925715 4.88708 4.842026 4.820428 4.78762 4.787897 4.821129 4.820532 4.810659 4.815514 4.819196 4.813479 4.7513 4.652359 4.616566 4.638405 4.686518 4.672619 4.608456 4.77112 4.8124 4.864468 4.882207 4.951311 5.253963 5.987063 6.832056 7.364738 7.657003 7.225175 6.707615 6.378677 6.226409 6.119139 5.871965 5.030531 4.638282 4.539102 5.067922 5.824489 6.160828 6.040025 5.889758 5.640762 5.438399 5.306056 5.245176 5.201796 5.088245 4.868842 4.898759 5.028869 5.147324 5.219267 5.243743 5.056803 4.889674 4.586793 4.244143 4.014377 3.63003 3.191611 2.525777
4.854788 4.85934 4.809108 4.741531 4.693778 4.762031 4.779703 4.775532 4.75978 4.785505 4.786748 4.749117 4.68944 4.553699 4.648349 4.734648 4.744558 4.640533 4.63545 4.728538 4.721056 4.877397 4.915279 5.061097 5.518845 6.346491 6.995969 7.451719 7.424973 6.915524 6.573728 6.296486 6.103121 5.832469 5.382123 4.787455 4.593592 4.692344 5.414797 6.003138 6.176279 6.051174 5.849529 5.584987 5.573768 5.462527 5.396541 5.426327 5.071555 4.904294 4.862743 4.906634 5.092532 5.18178 5.224735 5.208569 4.951971 4.641818 4.371085 4.034197 3.543914 2.834315 2.051645
4.741137 4.74875 4.713987 4.645747 4.68455 4.734351 4.743989 4.701645 4.74368 4.750643 4.73643 4.667279 4.646292 4.570476 4.610446 4.724672 4.694462 4.672175 4.710166 4.626842 4.693636 4.781709 4.929945 5.101684 5.580482 6.27844 6.902367 7.188539 7.066854 6.702479 6.421069 6.132744 5.900026 5.62162 5.264309 4.815334 4.53708 4.902172 5.887383 6.040288 6.045693 5.940449 5.859713 5.72302 5.684991 5.574362 5.478413 5.49001 5.283773 4.866495 4.794394 4.965124 5.14596 5.209437 5.259254 5.354369 5.047872 4.7101 4.264877 3.884407 3.202576 2.279942 1.620284
4.643709 4.62641 4.577656 4.606773 4.644325 4.660406 4.672037 4.684701 4.69277 4.710907 4.671039 4.632761 4.625645 4.637861 4.602805 4.642921 4.638691 4.650668 4.636147 4.594725 4.649274 4.673461 4.839038 5.053965 5.466192 6.080111 6.601222 6.941658 6.932799 6.908843 6.551124 6.336028 6.038829 5.702655 5.298557 4.652218 4.460478 5.448937 5.830817 6.024903 6.067871 6.037987 6.050487 5.963837 5.805299 5.664283 5.573892 5.569285 5.339782 4.832936 4.704248 5.047261 5.359396 5.276017 5.323735 5.515608 5.076011 4.561933 4.014314 3.624976 2.67118 1.747822 1.565244
4.592069 4.521072 4.464369 4.569169 4.593054 4.566892 4.581525 4.585126 4.584132 4.630612 4.62242 4.57607 4.554827 4.611882 4.63949 4.574757 4.510849 4.582249 4.586673 4.548314 4.552684 4.643742 4.744287 5.067021 5.473702 6.007473 6.528861 7.151419 7.425495 7.414902 6.971181 6.432119 6.139065 5.798409 5.312437 4.64571 4.717302 5.436091 5.829919 6.04857 6.165691 6.299708 6.288324 6.046218 5.760808 5.536317 5.549754 5.539392 5.193251 4.747083 4.661419 5.082308 5.313365 5.341605 5.453412 5.322033 4.997468 4.309435 3.795072 3.288868 2.162118 1.795941 1.834317
4.528729 4.408718 4.470605 4.511744 4.52972 4.51612 4.539323 4.460912 4.469841 4.521268 4.557783 4.531762 4.505542 4.565406 4.579473 4.446045 4.459771 4.465962 4.455264 4.476181 4.520082 4.620201 4.864395 5.370623 5.950418 6.305895 7.048684 7.914059 8.206838 7.911249 7.067096 6.42164 6.051744 5.631774 5.006591 4.654739 4.843123 5.642132 5.908246 6.188355 6.36582 6.380416 6.181767 5.66475 5.318564 5.265521 5.253916 5.07024 4.652983 4.467584 4.621337 4.987642 4.975212 5.086644 5.179859 5.213134 4.780011 3.969238 3.446821 3.11213 1.937652 1.934012 2.044721
4.445995 4.437218 4.484222 4.402748 4.441397 4.463494 4.446032 4.415587 4.427425 4.399615 4.471112 4.461405 4.454912 4.503776 4.541098 4.483346 4.396049 4.32511 4.464064 4.393724 4.551666 4.758167 5.180614 5.978001 6.652624 7.0503 7.763302 8.632029 8.78645 7.994388 6.929164 6.290202 5.923572 5.314953 4.662302 4.88031 5.250181 5.526517 6.015166 6.323674 6.465087 6.44447 5.821423 5.313328 5.221145 5.540289 5.404403 5.23879 4.667097 4.329158 4.729058 5.174819 5.014228 5.068115 5.044668 4.956117 4.273767 3.609653 3.169194 2.853765 2.215708 2.13323 2.32372
4.480111 4.419722 4.399992 4.345959 4.310915 4.336213 4.405974 4.431564 4.3982 4.404931 4.404761 4.383572 4.426062 4.45434 4.485981 4.38742 4.268511 4.241809 4.476881 4.591918 4.742513 5.092007 5.68851 6.682674 7.398822 7.610972 8.248785 9.037805 8.918596 7.840389 6.754367 6.221447 5.903758 4.993082 4.532337 5.311506 5.398044 5.542844 6.05459 6.56829 6.64436 6.193348 5.663615 5.385656 5.82743 5.931121 5.751808 5.090872 4.521656 4.494595 5.187537 5.496987 5.398621 5.183686 4.817782 4.224397 3.803237 3.556405 3.578007 3.191354 2.516454 2.205276 2.499222
4.399411 4.346446 4.329855 4.263507 4.175657 4.315825 4.397164 4.392728 4.438329 4.418455 4.408095 4.372809 4.383943 4.423258 4.439864 4.305939 4.171943 4.28838 4.755258 5.026593 5.08677 5.570343 6.460033 7.31073 8.003386 7.982749 8.605644 9.237873 8.799996 7.731099 6.743954 6.220672 5.742542 4.601888 4.579507 5.572807 5.626008 5.619967 6.086176 6.639185 6.483454 6.139135 5.797356 5.96338 6.205415 6.046896 5.489871 4.813578 4.582995 4.843245 5.454502 5.628647 5.407834 5.226869 4.612007 4.081676 4.112458 4.194989 4.099317 3.649757 2.247898 1.99633 2.463314
4.354243 4.303988 4.230158 4.165306 4.187076 4.276765 4.371667 4.383484 4.403073 4.444229 4.417902 4.323919 4.347013 4.400853 4.38374 4.330231 4.239793 4.570737 5.244035 5.633041 5.696283 6.025141 6.993941 7.897349 8.423739 8.28707 8.823737 9.289143 8.784836 7.614465 6.650949 6.013594 5.023862 4.125354 4.965245 5.857973 5.747202 5.485188 6.196826 6.687655 6.72551 6.529309 6.27461 6.205467 6.213771 5.763005 5.06865 4.767555 4.991548 5.264065 5.494451 5.53704 5.307555 4.971688 4.557991 4.380902 4.401985 4.647838 4.422338 3.761834 1.680568 1.327089 2.186226
4.25853 4.236205 4.179338 4.142776 4.124342 4.238614 4.335352 4.358546 4.381995 4.433909 4.405724 4.282807 4.323887 4.393119 4.429546 4.403641 4.458608 5.037926 5.924485 6.332909 6.375712 6.246463 7.357856 8.429648 8.858565 8.710598 8.924118 9.350774 8.566726 7.271427 6.324465 5.584336 4.630615 4.228327 5.129467 6.067846 5.87454 5.607064 6.274126 7.166246 7.019862 6.834546 6.482888 6.198188 5.816946 5.207564 4.888612 4.98529 5.253588 5.380815 5.478745 5.457218 5.103438 4.941832 4.582534 4.473766 4.599244 4.468615 4.234972 3.81996 2.275865 .9942664 .7903106
4.137417 4.168989 4.091352 4.137937 4.165088 4.209987 4.290674 4.396713 4.45864 4.426786 4.370865 4.306099 4.345047 4.417943 4.522857 4.530521 4.813332 5.653001 6.473275 6.890694 7.002534 6.747828 7.520514 8.935646 9.414292 9.23969 9.179634 8.912738 8.012592 6.767592 5.881536 5.222723 4.473131 4.342063 5.702042 6.232317 6.041617 5.789163 6.727746 7.377965 7.274172 6.875962 6.275251 5.796319 5.39504 5.024398 5.108164 5.168741 5.311317 5.350447 5.40418 5.366643 4.921125 4.749483 4.532983 4.602589 4.590514 4.29079 4.166729 3.865322 2.941978 1.030835 .7742547
4.05491 4.060242 4.120324 4.127597 4.196154 4.23822 4.310263 4.433228 4.475936 4.409067 4.338215 4.338078 4.408237 4.513655 4.730133 4.981341 5.335792 5.937951 6.857507 7.539309 7.654111 7.183247 7.719142 9.389641 9.706451 9.45421 8.757426 7.764376 6.681595 5.822907 5.270126 5.047155 4.686715 4.634986 5.928943 6.477824 6.450035 6.356226 6.679259 7.546678 7.017408 6.540179 5.820162 5.345264 5.261867 5.210348 5.314912 5.278955 5.27565 5.19404 5.331452 5.265578 4.698915 4.312125 4.458324 4.721835 4.503994 4.214805 4.226934 3.887302 3.287897 1.343976 .8824353
3.90925 4.056851 4.127416 4.184285 4.204505 4.309736 4.352533 4.396638 4.466152 4.431431 4.395768 4.439923 4.473154 4.733531 5.149446 5.59109 5.721973 6.098398 7.370469 8.14743 8.193631 7.594538 8.054343 9.426156 9.719993 8.859858 7.217761 5.972461 5.506492 5.389173 5.679656 5.675832 5.132969 4.908759 5.930725 6.809766 6.651036 6.556911 6.681057 7.084707 6.681838 6.058719 5.503749 5.209489 5.163296 5.247115 5.11772 4.967903 4.930925 4.87345 5.141233 4.608992 3.870511 3.964878 4.40603 4.444718 4.418577 4.053732 4.008877 3.83718 3.31987 2.509046 .6187506
3.885986 4.053992 4.157117 4.207754 4.122742 4.33568 4.469816 4.337423 4.395247 4.471831 4.518861 4.568349 4.685787 5.148162 5.807377 6.160183 6.123616 6.619216 8.003295 8.711171 8.550357 7.893918 8.519272 9.39305 9.096665 7.518551 5.764103 5.451627 5.990859 6.454075 6.702058 6.419423 5.485584 5.101955 5.884107 6.959882 6.871727 6.302524 6.237724 6.546213 6.359728 5.689364 5.223132 5.05848 5.070179 4.914283 4.660158 4.447607 4.246435 4.454158 4.146573 3.876159 3.783837 4.364406 4.583103 4.695677 4.354418 4.201574 3.986277 3.521133 3.099096 2.35706 .7125881
3.838998 4.017293 4.239222 4.282784 4.155792 4.309869 4.54715 4.411775 4.41931 4.613372 4.68865 4.787779 5.095777 5.775266 6.502752 6.651178 6.693996 7.373069 8.543064 9.2658 8.872484 8.390604 8.659142 8.979582 7.927215 6.104596 5.309048 6.324477 7.446812 7.748636 7.338139 6.576048 5.456778 5.283161 6.16878 6.878989 6.537159 5.954877 5.878255 6.130896 5.775984 5.321589 5.031129 4.646104 4.797719 4.568717 4.308354 3.772356 3.825618 3.715795 3.908825 4.007244 4.361131 5.106498 5.179513 5.109997 4.789686 4.361925 3.906816 3.549455 3.330544 2.532044 .7653486
4.002362 4.185377 4.343184 4.42452 4.348088 4.311623 4.578234 4.691649 4.538163 4.819957 5.082176 5.245938 5.603102 6.250054 6.986196 7.186699 7.471239 8.086446 8.849128 9.498118 9.233152 8.865061 8.540137 7.567639 6.20545 5.696844 6.343824 7.752323 8.403413 8.141065 7.335341 6.306063 5.365461 5.369864 6.141665 6.398763 6.087797 5.50863 5.556615 5.649652 5.30112 4.843845 4.632313 4.492958 4.453901 4.140224 3.751413 3.409504 3.77958 4.065719 4.35478 4.832556 5.42912 5.711283 5.651437 5.45728 5.067495 4.562991 3.972326 3.704306 3.22668 1.705747 1.483015
4.213639 4.419084 4.440785 4.556575 4.614281 4.469457 4.642951 5.025877 4.827736 5.079915 5.563227 5.718536 6.221732 6.862773 7.454377 7.878995 8.202833 8.583608 9.150526 9.671024 9.38986 8.53933 7.413421 6.141556 6.014414 6.615535 7.86751 8.622021 8.66998 7.945592 6.953588 5.929836 5.249346 5.453783 6.139206 6.042881 5.834071 5.309159 5.198003 4.771338 4.55465 4.442556 4.357112 4.795918 4.627129 4.190299 3.493354 3.427697 4.443763 4.997844 5.312483 5.720757 6.033732 6.148214 5.98074 5.724952 5.20201 4.837922 4.346745 3.871108 2.354653 .8523875 2.343242
4.360558 4.464499 4.510482 4.720387 5.042315 4.882758 4.742259 5.313715 5.252023 5.464403 6.088387 6.372671 6.879078 7.582961 8.059312 8.492332 8.638736 8.915609 9.380073 9.576024 8.887775 7.589869 6.490353 6.060058 7.030748 8.177647 8.910077 8.84834 8.252913 7.343666 6.508517 5.765334 5.352415 5.604891 5.853705 5.645559 5.446646 4.987223 4.550026 4.239907 4.340648 4.546455 4.834822 5.375692 5.14881 4.002877 3.366638 4.119888 5.072369 5.499731 5.828547 6.285543 6.551617 6.486145 6.232603 5.803863 5.196352 4.894609 4.365186 3.610156 1.567101 2.523919 2.744319
4.494987 4.464516 4.599609 5.057762 5.551936 5.260086 4.830648 5.532983 5.827352 5.996836 6.642262 6.979893 7.434254 8.33042 8.591014 8.897765 8.900153 9.032353 9.306893 9.158868 8.252919 7.132596 6.533306 6.839456 8.124595 8.857223 9.057834 8.305296 7.298417 6.647038 6.218054 5.787651 5.494932 5.4156 5.459532 5.233366 4.914276 4.391593 4.006701 3.98254 4.678907 5.440749 6.031423 6.000077 4.974247 3.756818 3.590745 4.4684 5.28383 5.796863 6.196497 6.806184 7.003667 6.682532 6.008228 5.378682 4.966823 4.59411 4.101079 3.227628 1.25662 .6821597 .5913497
4.458048 4.545591 4.846028 5.492847 5.910109 5.342563 5.009359 5.789656 6.134447 6.390877 6.991143 7.563142 8.226976 8.911499 9.027834 9.096691 8.937498 8.933297 9.249738 8.993226 8.216069 7.414806 6.995738 7.545902 8.579164 8.719528 8.385199 7.388404 6.769515 6.585766 6.403898 5.952613 5.373644 5.193208 5.190767 5.148833 4.535486 4.006133 3.893083 4.411026 5.407192 6.094265 6.081591 5.486948 4.18216 3.888664 3.909811 4.610741 5.371453 5.996857 6.618506 7.223899 7.230598 6.477956 5.619454 5.322806 5.063871 4.588367 3.971662 3.218668 1.526554 1.257941 1.257279
4.521415 4.718011 5.079473 5.656441 5.878143 5.40511 5.375735 6.074213 6.389678 6.76758 7.384097 8.207185 9.073657 9.410303 9.498281 9.079277 8.921978 8.856526 9.170211 8.989814 8.333177 7.779902 7.313122 7.653364 8.135229 7.987498 7.615047 7.091822 6.928026 6.981222 6.722126 5.968176 5.246339 5.025073 5.150989 4.760216 4.016665 3.574564 4.009187 4.745233 5.611316 6.086183 5.68708 4.835157 4.19553 4.489545 4.624352 4.611275 5.435967 6.251414 7.055621 7.521588 7.43672 6.432026 5.783423 5.63988 5.185893 4.430793 3.727494 3.155412 1.624956 1.289144 1.165746
4.83676 4.889473 5.157775 5.575681 5.74273 5.65346 5.851372 6.337334 6.622113 7.188801 7.950743 8.959533 9.779333 9.927593 9.759179 9.007373 8.642109 8.885055 8.815773 8.672246 8.415704 7.769396 7.214311 7.09664 7.324502 7.492622 7.482349 7.326766 7.357877 7.433183 6.752036 5.783313 5.079203 4.82099 4.719926 4.033631 3.353052 3.523368 4.376303 5.049533 5.737662 5.743009 5.422609 5.019721 4.830968 5.367596 5.366868 4.62601 5.174002 6.502831 7.524698 7.98124 7.734017 6.881604 6.204213 5.905792 5.050447 4.045775 3.42418 3.029693 1.696199 .7741248 .8553307
5.174589 5.110497 5.328492 5.578469 5.793175 6.110702 6.488698 6.813461 7.08329 7.724048 8.673159 9.720336 10.40906 10.38417 9.915665 8.742731 8.06338 8.430532 8.570507 8.543571 8.16751 7.553732 6.561258 6.554785 7.113689 7.435953 7.545775 7.689918 7.784142 7.540189 6.489999 5.52037 4.901135 4.517344 4.173792 3.583913 3.133727 3.55671 4.692566 5.324956 5.771357 5.96881 6.031311 5.804086 5.551639 6.052694 5.858259 4.929963 4.909696 6.424315 7.877182 8.516353 8.362019 7.317101 6.372175 5.734984 4.74281 3.798279 3.293119 3.068571 1.934739 .538538 .3582674
5.563499 5.414915 5.585995 5.973404 6.198044 6.5744 7.079335 7.437534 7.59446 8.129011 9.142344 10.37067 10.75393 10.51899 9.773974 8.468776 7.547798 7.908789 8.329914 8.252844 8.123396 7.376616 6.248799 6.180715 7.131212 7.459068 7.568539 7.861629 8.021517 7.406013 6.240012 5.374048 4.697279 4.276612 3.85657 3.292727 2.953129 3.780766 4.989607 5.628436 6.098688 6.725671 7.041975 6.708047 6.146264 6.329069 6.000309 5.039764 4.860725 6.241396 8.070408 8.670035 8.625263 6.937979 5.720587 5.062396 4.304294 3.717923 3.369035 3.176021 2.316682 .715218 .1407422
5.947968 5.84868 5.852521 6.40623 6.665889 6.913866 7.554068 7.903513 7.96974 8.374063 9.46635 10.64551 10.91082 10.33072 9.106079 8.150475 7.332623 7.575566 7.788271 8.083521 8.044748 7.309655 5.913295 6.001773 6.92129 7.362792 7.749482 8.368567 8.080831 7.163546 5.988096 5.070474 4.283742 3.664058 3.300567 2.96496 2.979741 4.055135 5.396383 6.234937 6.842984 7.59245 7.9729 7.4838 6.627718 6.386352 5.680824 4.833407 4.886903 6.299023 8.050129 8.51209 8.086484 6.256958 4.956704 4.327766 3.918342 3.64568 3.456887 3.253642 2.54754 3.095324 .676164
6.393481 6.253736 6.140452 6.548333 6.815328 7.037858 7.70009 7.924973 8.236258 8.651824 9.707198 10.75502 10.57103 9.703032 8.630743 7.882706 7.31499 7.192742 7.460669 7.817963 7.744246 7.121258 5.911555 5.696903 6.671351 7.52189 8.307174 8.476425 7.880949 6.403419 4.938489 3.883901 3.279978 2.989988 3.099808 3.066936 3.367679 4.434695 5.877995 6.922486 7.624667 8.466125 8.750536 8.030081 6.782011 6.090732 5.330573 4.518759 4.661183 6.41267 7.936968 8.445545 7.179046 5.583669 4.41818 3.841818 3.582775 3.524591 3.446332 3.12166 2.154768 2.058934 .2769565
6.561009 6.380666 6.191989 6.432173 6.79376 7.143052 7.583551 7.873032 8.497678 9.091189 9.905348 10.73711 10.3397 9.497073 8.794808 7.782573 7.132285 7.232255 7.598224 7.667419 7.348674 6.801935 5.744113 5.551661 6.83654 8.188747 8.745115 8.571415 6.959606 5.237689 3.895976 3.188808 3.009781 3.160015 3.381161 3.512199 3.774648 4.884979 6.422773 7.615186 8.393729 9.234328 9.238332 8.046696 6.752308 5.845075 5.088778 4.338206 4.55938 6.345624 7.740286 7.610923 6.126645 4.704973 3.873365 3.523593 3.380098 3.426847 3.517608 3.103918 1.361694 .7287323 .8056988
