py_wake/examples/data/AJ_ParqueFicticio/Rough survey   Sector 5   Height 30m   Power density.grd
DSAA
73  159
 258469   265669
 6501692   6517492
 .01172314   1241.924
[rows 56 to 83 of 159, columns 0 to 62 of 73]
178.6306 187.0466 188.7131 190.3324 194.7479 190.1665 189.0592 189.6968 189.0193 187.8444 185.9427 184.7169 184.9085 178.9788 166.4153 166.9157 169.3562 169.7544 170.318 173.1442 170.0897 155.0751 154.594 160.6321 163.7884 165.1932 162.9924 155.6489 172.1702 228.3382 284.4035 230.5129 143.1934 147.0982 179.8752 204.3438 240.4023 175.7127 86.37603 66.61861 104.8304 140.2478 112.9683 97.518 83.04016 99.39645 100.0132 86.66292 113.2761 188.1293 296.9894 461.6038 437.2522 265.3495 164.6288 258.02 497.2519 588.8815 438.8831 264.5638 137.2626 137.4725 406.275
170.3857 186.054 184.8392 183.5933 192.128 192.3733 191.0006 190.1936 188.3317 185.4781 182.7305 179.8116 177.0654 183.8076 173.3818 168.1883 168.586 168.5744 168.648 176.9532 174.679 165.5621 159.7633 161.6584 163.8016 163.4771 162.2437 146.7589 143.1185 199.8812 273.1921 235.1009 174.5906 151.7012 176.8476 199.4361 214.2358 180.8222 112.4015 80.21612 99.78901 121.2074 130.4258 116.0078 116.322 127.8651 115.6452 87.16309 93.95814 146.971 267.6475 398.6625 415.272 259.4319 162.8838 266.1715 547.8819 612.1327 473.7796 235.5917 129.3285 115.3373 310.8418
166.8853 178.2557 178.8637 173.6912 177.7124 188.4102 187.7451 187.7521 185.3916 181.4978 177.4961 174.1574 172.1451 178.8703 177.808 173.431 170.3071 168.3168 168.77 175.8061 174.6179 173.753 168.9702 159.5278 163.4567 164.065 158.469 150.5093 129.3597 158.7188 254.0847 210.643 169.732 154.4568 171.1703 190.1982 215.3527 176.1254 126.4371 90.16585 98.18645 104.5154 109.7579 126.0491 138.2282 144.2238 134.3139 96.62453 89.65615 127.1742 224.3986 323.0861 380.5428 251.849 144.9386 255.2234 483.3092 656.6139 565.4604 320.1283 143.2465 95.33955 220.7748
176.8835 177.5855 184.3923 178.9639 163.9907 172.7014 181.913 184.0041 180.9959 177.2491 173.494 169.5043 167.8942 175.0129 175.7296 173.2478 171.0182 169.9679 169.6218 172.3907 172.2877 170.5573 171.7317 165.2499 163.4526 165.6667 167.5186 164.6922 139.7407 137.7687 177.1913 182.309 158.0886 125.6038 143.2203 163.2912 190.3304 175.8112 134.3565 99.03792 90.72283 97.5466 96.40779 127.3807 167.238 163.8524 150.5334 115.6333 86.00803 91.37521 168.074 252.0344 333.1595 221.7249 139.3656 198.4638 399.0675 576.9666 540.9368 395.0496 208.6099 95.42175 178.7781
183.9968 184.9857 191.4597 193.6814 171.2066 156.1987 166.4905 178.6632 177.3662 173.9037 170.7085 167.0725 164.0334 168.1565 169.5801 168.3065 167.7491 168.009 172.8553 175.0691 174.5886 165.8896 167.879 165.5835 162.0761 166.8877 179.4243 188.7043 184.9262 178.493 172.2175 161.5031 149.5907 126.6938 115.9588 142.1779 157.7776 159.1767 137.6076 106.9588 89.33357 85.78527 96.16343 126.7335 181.9368 181.5615 172.7691 148.8889 107.5113 84.58968 100.2307 172.3978 289.6777 225.0231 125.9569 156.7574 348.0418 523.7742 482.5922 372.6155 256.9573 130.7026 127.001
194.5068 196.1624 196.4967 202.0462 193.5702 173.0732 161.3064 169.7345 172.9256 172.2489 170.4773 169.2148 166.7002 163.0921 163.4044 162.851 162.6075 167.1121 173.6972 176.4838 178.5229 167.9098 164.5958 162.6552 157.6786 163.8531 173.8909 204.0804 224.1234 221.8471 220.1334 182.4623 154.1553 139.7081 121.3072 139.6083 146.0166 142.2241 123.8678 110.0348 97.65255 79.07171 70.35902 123.573 164.6215 188.237 180.0142 191.9391 170.8351 108.6246 77.43615 97.03343 225.2089 248.1933 144.4404 120.1467 305.6105 479.6986 457.5756 352.7764 261.1088 171.123 124.0881
197.1715 205.2139 203.3319 206.0338 199.9672 189.5358 173.5382 166.3085 169.3697 171.4282 172.1862 169.7565 165.488 161.8189 160.5798 159.1602 156.7394 162.8923 168.8422 170.7977 177.6432 174.6505 166.973 161.4873 155.5997 157.6979 160.5739 196.4021 233.0572 264.0958 266.8382 214.8264 182.2756 180.4874 159.4661 147.1633 144.4282 133.0421 113.6692 106.5255 92.79498 75.31922 68.30571 89.73402 164.1238 174.0773 169.1523 189.5848 232.0012 198.7368 101.6168 67.381 160.5275 228.2092 176.4106 115.2698 208.3432 419.5311 432.7279 356.1432 264.6648 228.3603 163.2249
192.1978 206.8831 208.9801 208.6279 202.5226 191.9818 180.0874 172.3704 169.3916 169.4498 172.7852 168.9017 165.463 163.1414 160.8148 158.5358 155.9811 154.5115 159.7854 160.9565 173.8049 172.9782 165.2486 156.7422 155.1113 156.1479 155.0756 178.339 219.9761 259.7026 261.9587 243.391 218.7661 210.6133 194.2909 163.2181 151.5958 134.2452 113.2483 98.0051 84.01215 69.42625 64.82436 83.56269 130.3025 175.9872 160.8634 177.5274 233.9181 284.756 200.962 81.13703 82.51378 144.206 188.7944 136.3582 140.6176 315.8009 381.729 331.1139 260.1543 238.5773 219.2063
185.6526 204.7493 207.8785 208.4458 204.2812 197.1647 188.2196 181.4219 171.6427 167.7131 169.9432 170.2106 167.6914 164.8798 162.9241 159.9176 157.726 155.6291 157.3405 160.0599 167.1451 171.9271 165.0153 151.9444 146.5271 141.5552 153.3213 166.9633 204.7015 250.59 261.188 245.8109 232.6611 222.6718 209.7983 195.5424 168.4572 146.559 125.0865 104.9001 89.0573 75.93732 66.1164 65.77048 118.5304 151.2224 161.1772 173.9074 213.0513 265.0374 263.016 130.2856 72.93497 73.61859 134.7325 164.6033 143.303 213.4122 281.1368 256.0994 223.5773 195.8602 206.187
178.0498 197.0197 203.7716 205.6852 205.4492 202.1459 197.2798 191.4444 176.7183 166.7327 169.5502 168.8531 167.3816 166.5777 165.2496 161.0284 155.9821 157.039 158.89 161.7193 168.9595 174.6595 169.5348 153.0504 144.4562 137.5868 135.1973 144.5254 173.5106 204.1251 238.3564 225.1503 228.5564 239.6393 218.3108 209.0921 191.4839 150.1509 126.9102 119.5308 102.0169 82.84534 69.09673 63.35323 94.08595 130.4 145.8775 168.906 176.9402 210.4129 302.6812 258.4267 134.0632 56.2006 72.70712 140.5013 185.9533 217.9722 249.8342 225.202 185.8822 143.6299 130.246
174.857 186.5891 198.8391 203.1513 203.8276 203.4305 201.5137 196.373 186.3085 170.8498 168.0752 168.521 167.4432 166.5258 165.8027 161.604 157.0928 156.3739 158.8437 160.5585 168.5244 176.0431 170.3702 163.5021 156.9663 146.6477 143.062 153.0298 156.0625 172.2969 189.7963 189.5788 204.5189 254.5513 228.2144 220.1045 216.8729 165.0904 127.9765 117.6062 98.80466 93.2401 75.09122 65.81923 70.21944 81.2355 119.359 175.5637 164.8715 142.2467 275.6698 336.4045 243.8639 105.1026 48.3062 79.74207 183.1951 233.33 293.7284 319.4965 234.0093 184.6261 108.3588
174.783 181.7079 193.617 200.1558 203.3739 202.4624 201.9079 197.3837 187.9765 177.203 171.6021 169.3502 168.6611 167.0884 163.5575 163.1182 159.5583 155.7396 153.6353 159.5061 162.0941 173.2072 181.2254 178.196 173.1977 162.5838 149.4381 160.0524 165.7377 172.3479 172.1732 172.1447 177.191 227.3106 236.2591 222.8897 231.8872 212.0707 147.7074 126.9117 99.60557 88.76976 78.51242 65.46361 57.41112 63.13985 92.55952 164.3803 173.8843 135.4297 199.0095 347.2327 313.0606 212.1207 88.46014 50.8981 106.9873 232.316 295.1978 352.347 353.4731 285.9075 202.9007
171.8136 178.4442 191.1335 198.5314 202.9912 202.78 200.213 196.6382 191.0241 182.4975 175.4315 171.2626 168.7122 169.3065 166.8943 166.7064 161.3013 156.0627 151.8494 154.0253 154.0465 161.8568 182.5832 184.6316 184.4229 182.2066 181.7257 164.1546 170.47 174.4133 167.5168 161.0316 163.6622 196.7736 234.0195 220.0494 228.8601 244.091 187.093 153.7002 143.1386 110.7489 85.07922 74.74345 58.49228 56.39656 69.35075 132.2391 146.9518 113.3447 189.4019 295.3809 283.1017 241.408 153.4016 61.24199 75.33914 163.6061 247.8177 317.173 360.2338 380.7527 323.4561
167.6641 169.061 181.979 194.2217 199.61 206.1104 199.7287 198.4209 194.6535 187.8035 179.3954 171.5381 165.6579 167.9564 173.8003 171.7261 162.2388 153.4587 152.0837 151.248 151.1929 155.7164 178.1985 183.0545 191.7784 193.5005 193.0245 193.2446 194.9855 192.085 175.5979 152.3716 144.2767 170.622 201.1227 212.2088 222.0325 228.2533 206.2157 184.4402 162.6806 152.2338 131.9768 98.20643 76.93795 56.3313 60.97881 88.4326 108.4076 94.72377 123.6052 214.6523 247.7457 203.9981 156.758 91.27818 66.78659 125.3582 204.2963 269.4035 324.6154 356.4978 337.7065
165.0062 162.0796 164.0997 183.0146 190.6401 202.4831 202.4044 203.0146 199.799 194.099 184.4277 173.3194 161.9711 163.5734 169.1433 173.3296 163.438 154.793 153.011 152.6032 153.871 154.1048 175.8384 183.727 192.1813 202.5884 202.7544 208.4678 221.2184 221.616 208.8223 169.4188 135.1031 143.0735 167.7707 198.3182 208.1613 214.6264 217.7212 219.9408 209.0779 170.4927 158.0004 127.9895 106.2617 70.59743 69.04083 82.70778 97.74538 95.44777 91.29738 113.6212 165.4072 142.5415 110.0451 79.52277 72.74194 116.9182 178.6861 244.5863 296.0688 318.7326 307.9521
171.6502 164.415 154.7979 162.7448 170.1493 192.2572 201.6906 204.9977 204.5673 199.7277 187.4911 174.2224 162.1094 155.9707 158.1575 168.6538 171.026 162.8888 155.7671 152.7699 148.9845 155.4748 169.9077 197.1865 199.1488 209.0614 213.4522 215.8598 238.2547 269.8609 256.8378 189.634 143.7244 133.7741 152.3367 180.0079 191.2095 198.4703 202.6553 205.3602 214.3627 183.3047 154.8226 145.1826 130.0405 102.4276 82.41482 87.70633 106.1433 123.4732 124.1213 103.6452 121.6876 109.1123 63.5956 46.2991 63.42753 112.771 171.3031 223.0588 279.5723 297.2372 296.2375
179.9724 172.1131 160.772 151.7552 157.1544 171.8738 195.1581 203.6971 205.1342 199.5758 188.3893 177.3241 166.5974 157.6346 151.5495 161.2222 169.8043 166.2781 159.1644 152.1081 142.5104 150.9937 158.0281 183.0633 207.7569 206.7553 222.6003 233.222 260.1816 280.1982 275.5968 208.5787 154.4493 148.186 151.901 160.4015 168.0136 178.5853 189.165 192.0971 210.3272 198.222 171.8376 154.3236 137.2231 119.7654 99.4362 92.48711 120.0975 149.3585 183.5794 178.9045 192.589 194.9586 76.39675 28.65886 30.19825 85.39417 138.6359 194.3572 270.1302 279.3315 287.8965
182.495 175.1208 166.4337 162.9715 159.9327 160.0116 179.3326 195.5389 202.162 198.9131 191.7608 184.1182 175.8708 165.9025 151.0541 150.1707 165.8744 163.5572 157.0007 148.3508 138.0915 143.7087 147.1367 166.2701 188.9612 191.7554 210.6866 239.065 294.282 321.2913 290.7136 245.8708 185.981 165.3199 162.1984 156.8816 152.3531 153.8706 164.7773 182.4387 198.4048 216.6134 201.7356 178.0961 152.5371 128.4292 88.96909 86.27794 103.8593 140.6796 162.2936 196.9716 239.3182 296.6797 192.0739 46.90824 27.48182 40.89755 94.28656 159.1318 208.5651 257.3606 255.4992
186.0014 179.804 174.3307 175.3588 175.1504 154.4395 159.4948 179.9079 197.5852 196.7024 191.7838 187.8499 184.976 180.0863 155.342 142.5438 154.8592 159.0949 156.5606 149.7579 138.265 137.9814 143.8183 159.4945 173.6263 177.4176 186.7286 217.2457 289.9197 339.2222 300.6434 262.5995 230.6472 190.2318 175.7433 164.3244 149.4939 140.0791 143.8498 157.3341 176.3437 201.8802 199.3855 196.776 171.6094 159.6206 101.4951 77.03998 90.77689 117.6523 119.5434 144.1855 213.1774 256.8074 244.2132 106.5879 40.43798 34.89746 47.05557 108.787 161.787 183.8686 208.895
185.1672 181.0758 177.846 179.7592 189.0394 172.6307 153.6133 164.7697 185.8559 191.1568 188.6177 186.3275 184.5199 191.4512 176.4732 149.4361 149.8012 153.0898 155.3494 155.8936 142.8469 138.8012 141.3317 153.0253 166.2411 165.8556 164.4632 181.9458 240.8508 327.0386 299.9414 256.5512 224.3804 202.5708 178.3347 167.6775 160.5167 144.4849 137.7408 149.0563 154.3323 160.1579 160.3117 190.3592 153.4947 159.072 123.099 93.71458 87.33273 98.4271 106.787 106.6726 126.4338 157.5087 188.3418 139.4092 60.37551 36.66451 32.30723 60.33702 104.2148 123.3221 136.5399
180.259 177.2423 175.0287 175.8977 187.49 177.8254 162.1029 164.3622 180.6228 185.8607 184.2657 181.8911 180.3992 189.4392 184.8362 161.5865 149.8272 148.9623 150.2221 155.0728 158.4358 156.1062 144.4794 148.837 156.9898 157.5148 155.3383 165.9356 201.354 287.059 288.1411 249.4983 210.4833 187.3751 166.3019 156.9852 165.1792 151.8121 131.254 149.9132 165.2611 144.852 151.1612 166.0081 154.5656 144.8779 121.8788 87.69244 83.64564 87.59523 98.63338 110.1395 125.7158 136.3938 140.4155 123.4869 65.11195 45.32156 29.75019 35.39901 59.9479 75.65222 80.64396
175.8781 173.6747 170.6127 168.8832 180.2504 180.1325 172.0366 167.7358 176.4747 179.9915 180.6243 181.9108 182.1055 182.8163 181.13 167.2121 155.6021 147.7528 145.3388 153.467 159.2303 167.3743 169.0707 161.0285 156.872 162.5338 163.3592 177.1452 202.3347 269.1833 274.5343 246.2027 203.1631 180.4533 163.6776 150.6435 156.8461 152.2055 132.6201 136.0896 147.8864 153.598 154.2285 164.3351 174.991 174.4166 168.3808 134.1196 111.2849 74.13553 93.82927 113.0377 144.556 171.5986 152.9606 146.3103 107.9444 61.25551 54.37129 42.15818 39.0565 53.61882 60.83934
175.1258 172.2964 167.7112 165.2086 173.9563 179.8442 178.2601 174.5407 172.2637 172.742 174.2498 176.6072 183.6996 182.6946 180.2614 173.6076 162.9283 150.0721 142.51 144.1465 143.0997 166.1014 179.029 172.436 169.8276 171.733 183.1063 200.436 235.4985 269.9994 273.9792 226.0452 192.367 181.08 172.687 165.9661 167.5818 162.3889 158.2166 142.0183 132.3556 146.8884 154.7349 170.6568 164.2845 165.3208 177.1572 185.5784 186.6287 116.5295 92.83136 110.5973 142.0336 184.9127 190.197 193.904 163.0076 112.899 88.06305 69.28413 56.28748 53.59311 71.20635
179.1681 174.9964 169.3987 167.8175 168.5224 177.3699 180.3472 177.8109 169.9979 168.6657 167.8635 169.9306 181.1668 183.4682 180.6756 177.1612 171.5721 159.4437 145.2752 141.2611 136.9513 145.823 163.5713 172.0132 169.2733 177.2005 193.1759 240.3184 296.2689 299.5917 267.7749 213.4581 172.3558 172.7481 162.8254 153.6897 166.0127 170.2691 165.7183 174.4382 158.8973 151.3063 155.9858 155.6734 163.9989 159.0137 159.0403 161.697 181.1806 156.42 135.3364 124.6708 141.2957 172.806 201.876 199.213 176.3775 159.3217 124.0743 99.48289 81.93409 83.36106 81.17773
183.6062 181.4805 173.5531 165.5964 170.0951 176.3411 180.7101 177.8069 174.5034 171.0448 165.041 162.1172 174.3294 177.2952 173.6439 172.2823 176.4326 167.6718 159.5819 151.8089 143.6551 146.1991 153.8337 159.0006 156.3425 166.9607 194.9182 263.1887 338.1685 342.0963 273.9381 213.5497 170.6657 167.6927 157.4492 145.3782 150.6734 148.5145 157.9574 163.8463 166.804 161.0466 150.6405 151.6177 164.1173 161.6625 148.0528 145.8835 165.3842 163.7414 155.2353 146.2652 145.2164 163.7239 182.9648 202.6874 159.9528 149.3398 120.2722 99.05971 88.74165 86.24407 82.13628
182.807 184.4028 178.4039 165.4856 166.0809 171.5418 183.9933 182.1468 179.3864 177.6581 170.8117 156.7643 162.6673 162.3756 160.8219 168.1161 175.4031 173.0868 168.0015 159.6202 157.2323 160.4061 157.0158 154.0288 148.6103 146.7809 172.6852 242.4136 316.2155 338.1188 288.9491 218.0627 165.1663 165.6012 159.0639 148.9965 141.7035 137.0311 145.4515 158.0535 160.9357 154.5635 152.5996 149.2698 153.8179 156.2901 142.463 141.7145 145.3884 151.1424 152.7885 153.8204 155.2617 163.3315 177.8979 189.9926 156.2216 139.8928 119.0963 98.81313 89.00938 82.80079 79.68391
175.9458 183.1251 180.8898 172.9514 168.5224 170.2912 180.6688 183.7407 183.571 182.4708 180.5111 166.1255 150.0426 150.1139 145.5678 144.7007 160.0104 156.1045 164.5102 170.4451 164.7126 166.151 167.1992 167.7704 154.7422 147.4345 156.0208 209.4311 279.339 318.0826 276.17 226.1232 174.4207 166.5695 163.4426 143.6798 142.6697 127.9116 142.9829 161.1823 162.114 152.2938 142.3399 134.2048 138.8901 138.9632 127.1493 125.441 132.0252 142.7176 151.08 157.1746 162.8086 169.705 179.7222 182.3455 160.2716 138.5001 113.5427 96.51952 87.97964 79.54391 75.02235
178.0871 175.1859 177.1415 176.2733 174.1747 174.5717 180.6042 184.0562 183.7082 183.3652 181.4958 167.3187 155.0774 152.2248 149.52 140.2535 133.5456 133.9294 144.6094 160.3847 163.5186 166.3869 170.3237 176.5134 180.7124 178.69 177.6273 203.7152 248.0479 288.2491 259.1384 239.9752 202.5851 178.6414 189.0661 151.1615 152.6063 141.5773 151.2039 151.9809 154.9738 154.4066 124.08 111.4023 130.2836 122.6046 108.2361 109.0868 108.9702 127.4312 148.5642 161.6975 169.3265 172.5788 187.0183 171.6673 155.9578 132.4471 106.5168 89.42735 77.72759 74.9996 67.57432
