py_wake/examples/data/AJ_ParqueFicticio/Rough survey   Sector 9   Height 30m   Weibull-A.grd
DSAA
73  159
 258469   265669
 6501692   6517492
 .06085515   14.36087
[rows 112 to 139 of 159, columns 0 to 62 of 73]
7.118905 7.109504 6.960509 7.259661 7.7649 8.25549 8.725136 9.352671 10.20428 10.76425 11.40563 12.10732 11.73401 10.94739 9.98118 8.257968 7.693864 8.626586 9.090646 8.52042 7.75123 7.419147 6.373908 6.394428 8.39039 9.690906 9.961226 8.658951 6.623358 4.912159 3.817448 3.497789 3.499202 3.979325 4.238863 4.423252 4.857762 6.120271 7.984072 9.229624 10.33723 10.98927 10.63863 8.877503 7.535749 6.43107 5.801778 5.159066 5.069471 6.79826 7.834737 7.334279 5.822922 4.599105 3.967281 3.879012 3.925791 3.979011 3.98757 3.526964 1.579379 1.282927 1.558497
6.702078 7.051517 7.236015 7.544417 7.983048 8.534701 9.224243 10.09275 10.79915 11.09073 11.65427 12.31597 11.93051 10.86506 9.264467 7.47399 7.956275 9.269537 9.495376 8.430326 7.460006 6.972971 6.307619 6.522182 8.620275 9.747766 9.259215 7.364228 5.654117 4.49964 3.559771 3.686563 4.181886 4.324487 4.53873 4.996092 5.679946 6.773628 8.574733 9.828929 10.97385 11.44253 10.59952 8.568824 7.254123 6.331013 5.937486 5.616919 5.421296 6.149408 6.734075 6.255982 5.114701 4.306313 3.846072 3.997902 4.011302 4.085907 3.853856 3.468195 2.869282 1.6328 1.965285
6.63455 7.311079 7.612822 7.831656 8.20135 8.917969 9.90572 10.63316 10.98685 11.18437 12.04899 12.42692 11.69841 10.01967 8.169505 7.312393 8.57082 9.781928 9.405923 8.313126 7.751443 7.019684 6.32481 6.425984 8.279466 9.215838 8.523336 6.652913 4.979903 4.095766 3.878314 4.208359 4.637468 4.726171 4.940513 5.471062 6.587989 7.944485 9.498167 10.52491 11.41695 11.56291 10.18286 8.274398 7.128943 6.510569 6.057429 5.609057 5.496392 5.557497 5.71474 5.517405 4.743435 4.274528 4.140633 4.121257 4.109474 4.061082 3.86592 3.586795 3.324433 2.902275 2.315861
7.047869 7.582937 7.828856 8.073712 8.490073 9.426644 10.36038 10.72601 11.03214 11.52528 12.31773 12.13165 11.11758 9.015079 7.726724 7.899773 9.398216 10.01345 9.510827 8.614976 8.22434 7.705821 6.444417 6.29061 7.446306 8.297579 7.678231 5.825993 4.188005 4.073735 4.399443 4.734435 4.810269 4.7514 5.048024 6.210618 7.770024 9.378384 10.58449 10.97346 11.2643 11.21828 9.708658 8.228702 7.206123 6.68649 6.08604 5.535931 5.233594 5.119318 5.077569 4.885728 4.467456 4.412154 4.375336 4.268557 4.203354 4.081556 3.933861 3.69385 3.58594 3.402303 3.244152
7.250011 7.670972 7.826482 8.164546 8.818511 9.829254 10.49367 10.79483 11.41352 11.83676 12.40213 11.85323 10.47256 8.728605 8.240018 8.89522 9.843927 10.23014 9.73686 9.125905 8.608622 7.905964 6.852262 6.105007 6.566562 7.327861 6.999025 5.176902 4.24023 4.51497 4.870962 4.852083 4.537005 4.803514 5.759398 7.363797 9.354064 10.45477 11.3736 11.10042 11.01521 10.53577 9.261601 8.105264 7.22031 6.678778 6.067092 5.495911 5.000787 4.6918 4.665619 4.64057 4.490131 4.390266 4.364837 4.304806 4.208727 4.099003 3.985006 3.755017 3.661758 3.55196 3.492319
7.367048 7.543712 7.656512 8.039794 8.981986 9.873353 10.45526 11.1628 11.86594 12.46338 12.26767 11.33402 10.13919 8.889745 8.792035 9.545336 10.07469 10.38319 9.968768 9.352796 8.587211 7.647057 6.940603 6.218039 5.936084 6.320652 6.058961 4.618636 4.471014 5.324416 5.282555 4.681288 4.706801 6.044666 7.045807 8.485353 10.26436 11.57615 11.66598 10.85898 10.03719 9.256892 8.277591 7.487024 6.808666 6.353489 5.915478 5.31285 4.760053 4.352119 4.280549 4.399718 4.430182 4.26974 4.279421 4.183958 4.149463 4.096538 3.878637 3.642074 3.714163 3.556167 3.622875
7.176939 7.224617 7.518342 8.202855 9.149536 10.02168 10.77469 11.65069 12.3114 12.63245 11.9032 11.03779 9.736846 8.80234 8.987911 9.719757 10.18412 10.21982 9.465042 8.776186 7.912608 6.946599 6.466935 6.134683 6.092455 5.666794 5.175979 4.772121 5.19189 5.804951 5.421916 4.679197 5.551224 6.905472 7.123953 8.428617 10.44906 11.76269 11.7059 10.02453 8.732464 7.900761 7.081636 6.716174 5.965333 5.662205 5.235793 4.647676 4.395118 4.11396 4.077016 4.308113 4.388176 4.271436 4.286313 4.163852 4.204443 4.152999 3.91142 3.607922 3.288219 3.291534 3.341747
6.568469 6.90269 7.576725 8.600385 9.678723 10.60706 11.40375 12.11812 12.41549 12.41498 11.55253 10.3124 9.26195 8.493148 8.74722 9.375729 9.934491 9.474356 8.675878 8.033803 7.173035 6.146074 5.565007 5.866199 6.050445 5.767097 4.866886 4.926506 5.599576 6.035165 5.06131 4.627391 6.126931 6.781456 6.682727 8.380532 10.42085 11.53588 11.00311 9.179758 7.6215 6.711805 6.156682 6.366886 5.479321 5.049853 4.598666 4.100422 3.941616 3.850286 4.009909 4.27611 4.335711 4.332738 4.307695 4.298406 4.335005 4.324005 3.961998 3.299336 2.555804 2.529023 2.591334
6.868204 7.506341 8.399446 9.509246 10.48182 11.32039 12.10977 12.61978 12.48277 11.95914 10.71968 9.563995 8.702767 8.241334 8.581447 9.115402 9.293115 8.631199 7.822524 7.269404 6.657454 5.859195 5.457943 5.954891 6.390644 5.83478 5.237367 4.973964 5.287228 5.524734 4.61171 4.951883 6.345865 6.033432 6.53154 8.689562 10.57598 11.37201 10.72158 8.690389 7.012604 5.922114 5.83974 6.028932 5.288814 4.562995 4.139633 3.915549 3.827734 3.831963 3.943047 4.150569 4.211341 4.309329 4.292699 4.412699 4.321476 4.304909 3.26694 2.214246 1.902307 2.355028 2.410333
7.925511 8.411352 9.31601 10.39987 11.27925 12.07622 12.96238 12.95536 12.13369 10.73219 9.901118 9.047229 8.24196 7.990083 8.593613 8.855179 8.600583 8.146301 7.478219 7.08004 6.583899 5.925167 5.43242 6.14515 6.186996 5.550445 5.328485 5.343042 5.092203 4.862381 4.540795 5.286027 5.727456 5.443689 7.046878 9.369372 11.25022 11.56012 10.27692 8.080207 6.696781 5.53382 5.444269 5.546175 4.991078 4.425388 4.128287 3.999204 4.004898 4.084633 4.241166 4.104068 4.222745 4.220481 4.302411 4.142303 4.18634 3.244381 1.707006 1.382261 1.799656 2.100855 2.623957
8.33462 8.857067 9.937451 11.09117 11.99998 12.91729 13.4042 13.05141 10.85845 9.556282 9.468866 8.65166 8.103378 8.310525 8.305082 8.258915 7.875236 7.514776 7.013607 6.668029 6.386711 5.667745 5.63536 5.776799 5.92848 5.380273 5.508 5.485825 5.408961 4.560022 4.671201 5.111067 5.002001 5.915812 8.273606 10.57059 11.70995 11.31786 9.496202 7.496653 6.199548 5.236271 4.958417 5.052009 4.749173 4.434541 4.331011 4.246084 4.197673 4.334694 4.302277 4.229084 4.105568 4.152133 3.956893 3.755673 3.336087 1.963599 1.187129 1.490689 2.515097 3.160401 3.755213
8.649985 9.481256 10.80385 11.84893 12.95883 13.46745 13.60815 12.58469 9.644885 8.698407 9.001385 8.591955 8.136014 8.108455 8.047069 7.737551 7.511251 6.883683 6.317423 5.982099 5.778931 5.554721 5.762868 5.861449 5.540861 5.5419 5.351208 5.669422 5.558865 4.710399 4.425927 4.606268 5.412127 7.297466 9.508459 11.11498 11.46536 10.35988 8.439359 6.687697 5.595811 4.743838 4.540174 4.592758 4.606334 4.570127 4.362054 4.404587 4.38557 4.346544 4.328638 4.207264 4.127194 3.897033 3.436413 2.872549 2.317394 1.373485 1.544954 2.594015 3.592123 3.927111 4.358615
9.350213 10.58232 11.68597 12.65042 13.54084 13.96046 13.33523 11.3678 8.789454 8.058107 8.891456 8.375077 8.209054 8.163657 8.045117 7.552648 7.230119 6.970064 6.582379 6.447183 6.275552 6.38484 6.490986 6.112802 5.475504 5.276845 5.349374 5.826833 5.891109 5.004479 4.049104 4.592524 6.287524 8.23291 9.908991 10.88367 10.61341 9.161119 7.545868 6.005075 5.002315 4.61505 4.535209 4.727172 4.71174 4.481472 4.530228 4.55519 4.458581 4.342516 4.326015 4.223904 4.005754 3.367145 2.63296 2.002035 1.467799 2.070364 2.650707 3.394904 3.970431 4.446517 4.747229
10.06074 11.23894 12.34326 13.09535 13.76597 13.08313 11.99032 10.17113 8.255981 7.727457 8.414518 8.089499 8.134636 8.358749 7.978059 7.693664 7.164927 6.984781 6.745211 7.159721 7.17928 7.302435 6.928707 5.873871 5.051158 4.97728 5.338963 6.473682 6.686545 5.563398 3.750581 4.770608 6.649812 8.359178 9.754442 10.30172 9.56876 8.204298 6.938176 5.624656 4.790014 4.544952 4.556907 4.683429 4.771072 4.683073 4.654378 4.710648 4.556268 4.382739 4.278925 3.916744 3.157476 2.080515 1.651501 1.913133 1.984284 2.577165 3.520104 3.866926 4.152219 4.701484 5.186727
10.91802 11.85033 12.86945 13.50177 13.42131 12.14095 10.88818 9.790465 8.512311 7.652948 7.879059 7.694557 8.122011 8.111427 7.756135 7.485484 7.035009 6.774626 7.287352 7.753826 7.588827 7.399168 6.538592 5.280586 4.885444 5.23245 6.296276 7.102351 7.365435 5.874648 3.417785 4.216775 6.510073 8.415898 9.563794 9.643042 8.649782 7.667518 6.607005 5.342475 4.712059 4.570409 4.503875 4.686944 4.580097 4.567812 4.637628 4.717419 4.436686 4.236845 3.868823 2.985544 1.633672 1.509899 1.874571 2.139742 2.360995 3.450639 4.893476 4.153041 4.060387 5.07632 5.292976
11.58835 12.47528 13.30374 13.50411 12.68082 11.3019 10.38207 9.72449 8.614926 7.637365 7.350564 7.466367 7.809167 7.430796 7.274211 7.558856 7.014505 7.149218 7.635158 7.660573 7.095921 6.634532 5.578494 4.797833 4.926353 5.767139 6.708102 7.430637 7.338534 6.097425 3.789584 3.946929 6.701887 8.634003 9.367131 8.936017 7.932772 7.208963 6.192544 4.967559 4.357488 4.497432 4.60386 4.64327 4.582543 4.521396 4.431542 4.622569 4.438182 4.047014 3.141765 1.587654 1.375525 1.546296 2.055909 2.480991 3.681802 5.389091 5.569861 4.171977 4.04148 5.16687 5.126604
11.92388 12.87629 13.43983 13.31237 12.38713 10.43711 9.983534 9.413987 8.383056 7.81254 7.595917 7.003851 7.116723 6.894966 7.174344 7.765456 7.28706 7.282697 7.57605 7.173692 6.335095 5.987844 4.957629 4.318049 4.988615 5.946342 6.869118 7.038923 6.826926 6.10856 4.042082 4.415278 7.173652 8.466084 8.765198 8.05757 7.078616 6.278621 5.47727 4.61963 4.356169 4.451982 4.470113 4.614679 4.734005 4.607878 4.481685 4.518044 4.577013 3.944172 2.845726 1.521632 1.056899 1.676739 3.090967 4.10234 5.174649 5.783958 5.576666 4.206253 4.121486 4.832705 4.833323
12.51494 13.38248 13.5333 12.87884 11.28035 9.266186 9.101825 8.734999 7.790389 7.583395 7.472619 6.754662 6.658649 6.777573 7.286739 7.737809 7.421411 7.134554 7.165586 6.551619 5.838881 5.7239 4.598032 4.092107 4.995308 5.957883 6.589829 6.389568 6.231326 5.801677 4.808987 5.158589 7.008689 7.743364 7.736598 7.017971 5.992136 5.251575 4.896029 4.424602 4.433017 4.401285 4.507258 4.490677 4.792663 4.72374 4.734007 4.620974 4.506986 4.004241 2.375914 1.444427 1.138171 2.925769 4.318644 5.059861 5.205706 5.302096 5.085952 4.304657 4.243002 4.37903 4.516254
13.45487 13.74361 13.13554 11.79365 9.650286 8.218132 8.644703 8.046473 7.560253 7.480966 7.384053 7.051402 6.574146 6.83465 7.202086 7.378 7.341125 7.150548 6.650044 6.044745 5.615098 5.573347 4.350306 4.179609 5.14147 5.968626 6.410625 6.415192 6.408659 6.110229 5.435783 5.667459 6.554542 7.003397 6.758499 6.058142 5.130703 4.958691 5.007413 4.952518 4.702853 4.484239 4.583456 4.712876 4.831515 4.844482 4.975714 4.861695 4.40463 3.548636 1.771088 1.589808 1.699751 3.985125 4.982465 4.972828 4.95651 5.074842 5.114802 4.753654 4.526391 4.477165 4.511913
14.36087 13.37764 12.06621 10.63695 8.420181 8.061649 8.577273 8.124174 8.087241 8.001534 7.860518 7.647314 7.132494 6.355822 6.711015 6.946628 7.430728 7.128083 6.543842 5.868305 5.536887 5.370605 4.380675 4.31901 5.117618 5.939646 6.612311 7.013845 7.051574 6.417027 5.710159 5.727653 6.411266 6.425852 6.229133 5.616576 5.096968 5.041996 5.162894 5.247128 4.773586 4.727453 4.726093 4.995923 5.216786 5.331537 5.138091 4.946771 4.354007 2.839985 1.612672 1.937166 3.0107 4.613661 4.974448 4.816641 4.835203 5.167825 5.044468 5.058532 4.988853 4.610042 4.817583
14.1844 12.28174 10.81571 9.731628 7.784522 7.837595 8.181949 8.238357 8.563823 8.471372 8.331487 7.93846 7.277819 6.279297 6.070569 6.871577 7.271864 7.322741 6.401981 5.737993 5.185721 5.185073 4.516093 4.330191 5.163369 6.243362 7.193679 7.857054 7.596632 6.466563 5.692471 5.785702 6.500128 6.520848 6.186041 5.508035 5.441594 5.33003 5.3157 5.29174 5.086568 5.029843 4.936193 5.206492 5.538672 5.379347 5.208646 4.908275 3.822001 1.99525 2.373413 2.507062 3.675482 4.632785 4.858167 4.71432 4.805279 5.077329 5.158854 5.232518 5.011045 4.774505 4.963338
13.55904 11.0819 9.639944 8.631022 7.064357 7.429109 8.019346 8.316708 8.487357 8.547291 8.121589 7.63242 7.127183 6.503667 5.877265 6.652684 7.081131 6.806136 6.180826 5.671756 5.151472 4.798085 4.461651 4.518314 5.366527 6.638937 7.596647 8.095845 7.446057 6.302557 5.66768 6.005604 6.473263 6.367177 6.004166 5.44163 5.35158 5.146924 5.096528 5.079994 5.192087 5.046897 5.168037 5.540787 5.654792 5.403738 5.013085 4.602219 3.223165 2.3994 2.907068 3.050675 3.355386 4.314393 4.750467 4.797957 4.771365 4.812546 5.018296 5.331643 5.124568 4.909491 5.172665
12.74634 10.11879 8.534495 7.562788 6.785148 7.672931 8.357306 8.57283 8.628689 8.753131 8.089557 7.429533 6.851902 6.332667 5.744819 6.303249 6.525764 6.200533 5.820646 5.661025 5.115783 4.766109 4.397789 4.528341 5.400212 6.850879 7.782413 8.087554 7.08769 6.107742 5.629923 5.942834 5.929698 6.173862 5.732103 5.307277 4.852236 4.919938 4.904451 4.955423 5.064064 5.146622 5.425137 5.588538 5.550847 5.151622 4.629131 4.132384 2.863195 2.580693 3.211947 3.478641 3.446063 3.998049 4.856144 4.87892 4.84774 4.885775 5.079859 5.242877 5.085685 5.107833 5.275076
12.0025 9.671925 7.660995 6.688433 7.14541 8.362741 8.75212 8.65325 8.796309 8.56423 7.976926 7.259299 6.659369 6.196503 6.028853 5.89075 6.192674 5.941111 5.772081 5.571587 5.050619 4.738561 4.397758 4.562597 5.542461 7.213197 7.961208 8.054293 7.018087 6.041078 5.626994 5.695271 5.750066 5.783851 5.406969 4.945482 4.732875 4.623745 4.651397 4.932905 5.159815 5.376251 5.554852 5.495974 5.180097 4.71074 3.976486 3.425409 2.880482 2.77604 3.475298 3.751654 3.801567 3.710691 4.802343 4.922509 4.929893 5.000828 5.065084 5.190616 5.169174 5.176952 5.328144
11.34663 9.346492 7.205302 6.291558 7.459011 8.373011 8.32678 8.138176 8.459656 8.273465 7.643367 7.027311 6.721149 6.103106 5.781048 5.886528 5.962624 5.633754 5.778285 5.407591 4.985755 4.859101 4.496581 4.606952 6.050587 7.654193 8.29602 7.956219 6.610469 5.832638 5.579871 5.601941 5.413525 5.346168 5.029951 4.854469 4.683809 4.295755 4.626807 4.972111 5.244429 5.49457 5.654731 5.038208 4.629065 4.115421 3.515833 3.390582 3.333614 3.649805 3.846419 4.014092 3.980207 4.046592 4.551101 4.864113 4.90661 4.98251 5.03247 5.068548 5.233903 5.238895 5.301236
10.49499 8.797311 6.978801 5.948356 7.343943 7.700589 7.520772 7.803439 8.168178 7.825147 7.104857 6.701658 6.703682 6.084664 5.620963 5.663256 5.454029 5.463245 5.421587 5.217063 5.223435 5.156672 4.628949 4.712545 6.480016 7.841538 8.403928 7.578569 6.329717 5.499715 5.317789 5.309323 5.242222 4.904923 4.870798 4.709766 4.631043 4.509857 4.722556 5.011606 5.273259 5.575562 5.672597 4.79771 4.360053 4.04897 3.867685 3.923482 4.307165 4.106308 4.003911 4.099626 4.077728 4.287025 4.434449 4.662751 4.774667 4.874764 4.831319 4.882388 5.171163 5.307398 5.307508
9.4772 8.068697 6.773918 5.646759 6.568211 6.699187 7.228243 7.790202 7.850465 7.252835 6.66844 6.506381 6.562529 5.884346 5.225643 5.547429 5.301654 5.196347 5.256444 5.455284 5.325072 5.212257 4.844119 5.338782 6.811537 7.650931 8.111967 7.124637 6.01628 5.242896 5.066537 5.117245 5.128784 4.999614 4.730706 4.727021 4.615685 4.744059 4.896351 4.945099 5.315858 5.629075 5.315159 4.793077 4.428522 4.246131 4.25161 4.406317 4.700064 4.120028 3.814837 3.950461 4.185978 4.434129 4.502304 4.554744 4.622519 4.647297 4.53506 4.736094 5.037099 5.316504 5.41349
8.77706 7.61545 6.732915 5.316393 5.565351 6.411715 7.508423 8.000009 7.502659 6.969129 6.675531 6.497081 6.277897 5.783807 5.259147 5.4336 5.214922 4.813739 5.336676 5.838184 5.571965 5.415635 5.196258 5.591186 6.741673 7.311767 7.458723 6.761268 5.731458 5.183663 5.092429 4.981272 5.183655 4.980672 4.788209 4.74107 4.7224 4.987885 5.107437 4.967459 5.291323 5.444884 5.107198 4.397884 4.258815 4.293357 4.388046 4.461115 4.384984 3.823987 3.950584 4.280077 4.562084 4.660498 4.433322 4.403603 4.571542 4.663795 4.502894 4.543166 4.926475 5.270023 5.594295
