py_wake/examples/data/AJ_ParqueFicticio/Rough survey   Sector 3   Height 30m   Mean speed.grd
DSAA
73  159
 258469   265669
 6501692   6517492
 .0483088   10.46584
[rows 28 to 55 of 159, columns 0 to 62 of 73]
3.603958 3.619355 3.626318 3.628579 3.629897 3.633193 3.630516 3.628859 3.642703 3.66075 3.675753 3.68788 3.686445 3.69706 3.6847 3.676549 3.671599 3.67235 3.673975 3.683039 3.697194 3.689398 3.668109 3.637821 3.586665 3.495581 3.410772 3.408101 3.448272 3.464473 3.488551 3.483122 3.365671 3.1694 2.881743 3.289766 3.465186 3.352994 3.282825 3.007423 2.854832 2.967831 2.977613 3.152617 3.117883 3.066587 2.917144 2.817001 2.992626 3.235411 3.461804 3.826921 4.547204 5.004064 4.998854 5.670206 6.931499 7.131392 6.392845 5.213598 4.220926 3.374953 2.60267
3.596598 3.610702 3.628828 3.635142 3.643818 3.646751 3.64189 3.639204 3.658029 3.674214 3.689895 3.700944 3.712018 3.676196 3.667321 3.66074 3.663936 3.673831 3.68617 3.70647 3.691586 3.655369 3.637741 3.613647 3.570063 3.499943 3.435601 3.41466 3.42335 3.443868 3.454099 3.453001 3.343962 3.108057 3.065512 3.37092 3.333625 3.241283 3.19577 3.063607 2.96966 2.915512 2.9396 3.039566 3.0762 3.01548 2.935701 2.969245 3.300375 3.670405 3.904864 4.25573 4.794258 5.262288 5.548274 6.379466 7.551491 7.342155 6.253246 4.955421 3.956311 2.903967 2.404949
3.593055 3.607048 3.623429 3.632535 3.644207 3.649853 3.650268 3.641152 3.654317 3.674748 3.68634 3.696697 3.70212 3.646784 3.634264 3.643637 3.658231 3.676321 3.706617 3.716882 3.681132 3.642019 3.609102 3.584468 3.547292 3.500321 3.457004 3.43322 3.413927 3.4226 3.430421 3.438617 3.319917 3.133538 3.104658 3.227424 3.254805 3.212167 3.129789 3.087138 2.989629 2.823362 2.969757 3.02646 2.99848 3.010077 3.05735 3.29231 3.641546 4.044338 4.261965 4.731467 5.156072 5.622555 6.201134 6.795761 7.30577 6.905796 5.491101 4.327663 3.248074 2.469703 2.51105
3.593635 3.606057 3.615 3.623482 3.637128 3.643858 3.647953 3.637599 3.651436 3.663985 3.675936 3.687124 3.68947 3.628422 3.618639 3.633692 3.65641 3.6924 3.736294 3.704161 3.66808 3.635087 3.595474 3.561537 3.533067 3.496217 3.463312 3.459497 3.440487 3.422145 3.429775 3.381951 3.207847 3.107574 3.130835 3.207209 3.180489 3.133754 3.057866 3.072109 2.98144 2.913654 2.921282 3.030578 3.046556 3.02835 3.158883 3.548278 3.937757 4.182664 4.488805 4.960393 5.414753 5.855793 6.368564 6.802377 6.866782 6.052573 4.770407 3.74431 2.797122 2.282241 3.29907
3.600423 3.608821 3.617927 3.624617 3.63462 3.637692 3.641694 3.643998 3.649203 3.656212 3.66437 3.671164 3.6745 3.61836 3.616066 3.63397 3.665917 3.722649 3.731251 3.687259 3.650417 3.620128 3.58356 3.55101 3.520533 3.486326 3.4609 3.458602 3.425245 3.417646 3.402685 3.336236 3.196099 3.124666 3.158935 3.208534 3.183353 3.055694 2.972012 3.039459 3.062369 2.964359 2.972335 3.006901 3.060529 3.192265 3.472926 3.713626 3.869591 4.090428 4.394841 4.764351 5.216632 5.682986 6.277094 6.570129 6.431684 5.419926 4.265107 3.417312 2.689242 2.680699 4.254288
3.617131 3.618862 3.622525 3.633618 3.640547 3.650324 3.64592 3.654779 3.656827 3.66328 3.665644 3.667866 3.651937 3.614081 3.636987 3.655529 3.686644 3.747024 3.721601 3.672616 3.631157 3.599523 3.571253 3.539177 3.513915 3.48937 3.470885 3.485706 3.453321 3.404476 3.3775 3.326648 3.237046 3.168601 3.141215 3.143976 3.125707 2.963499 2.951187 2.977332 2.984663 3.00891 3.030826 3.016603 3.100168 3.252155 3.570379 3.725261 3.792299 3.916301 4.113739 4.538896 4.969465 5.448932 5.932618 6.421503 6.026289 4.96344 4.079687 3.480685 2.876604 3.413213 5.209291
3.623679 3.628029 3.629645 3.638785 3.642964 3.656868 3.646916 3.652328 3.664099 3.669167 3.680082 3.678032 3.663103 3.652834 3.680651 3.699768 3.728487 3.76895 3.706217 3.645635 3.596454 3.561421 3.535683 3.514148 3.497041 3.486147 3.495406 3.479905 3.452641 3.411555 3.362513 3.322655 3.2663 3.220373 3.147093 3.077081 3.084405 2.965283 2.888161 2.827488 2.84688 2.981079 3.072335 3.245627 3.137268 3.27777 3.491084 3.646152 3.767644 4.094182 4.393501 4.846085 5.259639 5.59164 6.064815 6.296569 5.857551 5.187682 4.437771 3.615177 3.269523 4.179461 5.849031
3.601728 3.621034 3.631464 3.637789 3.641361 3.643416 3.650225 3.65397 3.659058 3.669769 3.680981 3.683562 3.677689 3.664376 3.706613 3.742392 3.776043 3.763899 3.674529 3.58736 3.532373 3.507027 3.498943 3.489675 3.487294 3.506855 3.500955 3.477444 3.444962 3.406514 3.35844 3.307426 3.254452 3.204737 3.103223 3.034896 3.058111 3.028068 2.820336 2.526341 2.706985 2.874693 3.142594 3.378184 3.557625 3.677282 3.695584 3.874367 4.098506 4.463846 4.842665 5.431464 5.852582 6.110735 6.339297 6.54879 6.234709 5.686696 4.603315 3.530075 3.426389 4.95814 6.368959
3.571869 3.591664 3.614327 3.637934 3.653467 3.659586 3.665364 3.659411 3.662258 3.666941 3.678562 3.68708 3.684922 3.662529 3.708315 3.753283 3.785146 3.780695 3.641935 3.532187 3.464613 3.460351 3.469641 3.484361 3.508554 3.518355 3.495679 3.469296 3.436111 3.398787 3.348355 3.285602 3.237993 3.234784 3.183167 3.107567 3.019429 2.924839 2.653247 2.55611 2.60518 2.900492 3.341766 3.673717 3.994214 3.953845 4.065518 4.392694 4.755782 5.160735 5.408482 5.647017 6.045609 6.226691 6.478195 6.666364 6.46479 5.765379 4.41075 3.527483 4.206546 5.913278 7.090239
3.538244 3.574463 3.603991 3.63277 3.664827 3.683989 3.639976 3.655649 3.662473 3.669772 3.667226 3.672508 3.683545 3.657593 3.700289 3.724725 3.733583 3.717978 3.655539 3.56696 3.438063 3.445231 3.467853 3.493759 3.528626 3.51754 3.48983 3.45722 3.422454 3.383171 3.320787 3.283994 3.280421 3.278902 3.277792 3.233899 3.014563 2.845052 2.743032 2.512715 2.665964 3.122814 3.615379 4.007985 4.217629 4.44732 4.225688 4.728008 5.042276 5.170749 5.218393 5.3765 5.634087 5.821919 6.197326 6.603992 6.425353 5.700586 4.415128 4.205569 5.506526 6.884754 7.598377
3.573005 3.591349 3.613746 3.627189 3.642132 3.660933 3.624998 3.644637 3.660023 3.669868 3.66642 3.668838 3.67377 3.685616 3.691468 3.690677 3.678354 3.649764 3.603027 3.554194 3.4626 3.483082 3.496813 3.518633 3.541981 3.51583 3.482689 3.451323 3.414644 3.365759 3.297273 3.315643 3.319838 3.311868 3.31567 3.175626 2.930126 2.834041 2.70302 2.628217 2.822249 3.258364 3.777761 4.296375 4.508181 4.458417 4.298517 4.650345 4.869189 4.747457 4.65417 4.906324 5.180374 5.549901 6.018203 6.522457 6.524826 5.786315 5.048387 5.383683 6.765928 7.387543 7.660802
3.596343 3.624602 3.637904 3.64831 3.644454 3.648665 3.660696 3.661242 3.672036 3.686172 3.694421 3.695556 3.702381 3.690545 3.682153 3.671136 3.662414 3.641042 3.603197 3.550681 3.518052 3.535968 3.549347 3.571826 3.546501 3.505954 3.474881 3.446839 3.408351 3.354824 3.320993 3.332206 3.34383 3.352081 3.345103 3.223736 3.036731 2.911054 2.616271 2.700286 2.959628 3.477438 3.93966 4.433068 4.754989 4.43583 4.319965 4.711665 4.846212 4.730306 4.741271 4.974887 5.385247 5.744339 6.267269 6.894892 6.687532 6.209438 6.227111 6.65411 7.176671 7.490721 7.167674
3.59688 3.624349 3.648091 3.669914 3.681253 3.675447 3.675019 3.677076 3.688589 3.707433 3.727536 3.748586 3.695345 3.662552 3.661061 3.665553 3.662556 3.644508 3.622175 3.588222 3.574934 3.564302 3.578752 3.60228 3.52316 3.463088 3.450656 3.429712 3.405924 3.380194 3.390774 3.382136 3.3715 3.389687 3.389929 3.348264 3.265921 3.017699 2.810425 3.092222 3.492082 4.033983 4.348604 4.625566 4.937468 4.720144 4.665318 4.91413 4.87092 5.00069 5.51691 5.931485 6.325308 6.674114 6.877696 7.065015 7.096114 6.857036 7.253523 7.410394 7.216684 6.97842 6.628864
3.619189 3.632742 3.6444 3.665053 3.690566 3.667697 3.632471 3.64961 3.673159 3.705511 3.741456 3.760311 3.658887 3.599855 3.619947 3.63826 3.647597 3.652293 3.624507 3.588025 3.597736 3.602434 3.591642 3.599037 3.568579 3.444956 3.457223 3.454912 3.451008 3.442307 3.443573 3.436429 3.432109 3.4348 3.437884 3.487625 3.477467 3.085732 3.22331 3.608623 4.089854 4.595472 4.834589 5.162059 5.337354 5.409291 5.192911 5.090497 5.191076 5.435076 5.950015 6.407716 6.861752 7.070608 6.974747 7.15807 7.105596 7.272392 7.753233 7.49388 6.76752 6.272439 5.951502
3.637465 3.646083 3.656407 3.663769 3.678054 3.681402 3.616062 3.607406 3.63821 3.668064 3.689686 3.69334 3.647566 3.609808 3.619485 3.636501 3.650618 3.660082 3.635105 3.564775 3.573643 3.598582 3.617154 3.626103 3.551059 3.50951 3.498016 3.495743 3.495019 3.466077 3.463698 3.457819 3.461365 3.481341 3.542026 3.580689 3.419536 3.369042 3.508697 3.904836 4.303903 4.58863 4.824673 5.311727 5.638213 5.67127 5.254794 4.805374 5.009167 5.460659 5.951663 6.347571 6.638028 6.643605 6.442255 6.876876 7.174275 7.441661 7.55516 7.086659 6.410491 5.772945 5.469193
3.634127 3.651073 3.661436 3.675265 3.705482 3.686714 3.609032 3.571201 3.624462 3.657433 3.670828 3.668719 3.657097 3.658287 3.648703 3.643306 3.646178 3.649809 3.6372 3.53831 3.552506 3.608754 3.662316 3.634211 3.563163 3.53942 3.530036 3.521045 3.518725 3.496559 3.48207 3.490557 3.5509 3.581458 3.655791 3.668566 3.621798 3.58378 3.645429 4.002306 4.203121 4.423488 4.819623 5.348203 5.513035 5.236555 4.40756 4.123991 4.60486 5.125238 5.592002 5.766798 5.533978 5.510625 5.867894 6.860719 7.545636 7.546762 7.01296 6.380184 5.836601 5.417446 4.982969
3.61432 3.628423 3.644787 3.659609 3.616077 3.597302 3.576019 3.57321 3.624038 3.660861 3.690971 3.704618 3.673932 3.659652 3.647609 3.636106 3.630187 3.617064 3.60161 3.556246 3.556235 3.625157 3.688642 3.678308 3.533394 3.519746 3.55095 3.57978 3.570212 3.56933 3.534727 3.567185 3.655306 3.665301 3.707714 3.721438 3.724685 3.69052 3.757882 3.958569 4.025234 4.412545 4.766757 4.827072 4.40827 3.986494 3.610417 3.690539 4.068393 4.504677 4.6519 4.682024 4.724481 5.158922 6.070869 7.296845 7.784948 7.75553 6.660448 5.733628 5.03686 4.506391 4.51753
3.605278 3.623836 3.627921 3.632833 3.60978 3.562294 3.558851 3.604065 3.640108 3.679139 3.725045 3.715932 3.678921 3.651811 3.640474 3.627318 3.620075 3.599921 3.576455 3.551544 3.587493 3.619954 3.647841 3.641574 3.574395 3.522603 3.567618 3.612972 3.672472 3.547771 3.553669 3.71724 3.658639 3.650294 3.697832 3.731981 3.760095 3.756591 3.843395 3.889098 3.981563 4.319459 4.298874 3.868403 3.702722 3.644633 3.998484 4.338039 4.75457 4.785928 4.842718 4.855783 5.201319 6.107406 7.472801 8.199437 8.049515 7.151618 6.029593 5.352617 4.844646 4.432586 4.324536
3.595646 3.628868 3.641942 3.613574 3.609124 3.608064 3.622473 3.655537 3.685296 3.712167 3.752393 3.710237 3.661988 3.631536 3.613611 3.609652 3.605671 3.59129 3.56841 3.581671 3.61754 3.636291 3.641666 3.625642 3.589788 3.571066 3.580679 3.60978 3.632616 3.615529 3.549407 3.724722 3.745844 3.679322 3.779486 3.752748 3.78165 3.807048 3.784094 3.918496 4.054493 4.103908 3.958009 4.014966 4.436465 5.028733 5.296045 5.546392 5.396012 5.422202 5.233045 5.554801 6.40455 7.651311 8.548284 8.340084 7.443666 6.375581 5.430046 4.895612 4.666495 4.492874 4.453689
3.580798 3.612682 3.634053 3.569487 3.581491 3.621184 3.656128 3.690113 3.737551 3.77942 3.779983 3.72058 3.636927 3.565229 3.54837 3.567601 3.584512 3.597689 3.599175 3.600853 3.627249 3.658423 3.682441 3.677603 3.595021 3.542357 3.542038 3.561948 3.559129 3.531245 3.577248 3.666205 3.723091 3.750902 3.845297 3.918017 3.865042 3.900307 3.874177 4.020137 4.183548 4.378534 4.610905 4.862152 5.296466 5.582394 5.397138 5.057165 4.704519 4.765067 5.015938 6.118887 7.51861 8.333224 8.6731 8.0522 6.944781 6.004349 5.183677 4.693408 4.400313 4.301023 4.303047
3.567277 3.581154 3.598276 3.559848 3.56785 3.612722 3.661077 3.712433 3.781014 3.738502 3.743509 3.710244 3.621371 3.499777 3.486042 3.524825 3.558501 3.59625 3.615045 3.531084 3.565278 3.614835 3.658041 3.662621 3.549747 3.435304 3.465034 3.503839 3.525564 3.526558 3.69419 3.727285 3.727894 3.751312 3.899711 3.996439 4.048789 4.045887 4.024123 4.176569 4.34976 4.508056 4.671791 4.919159 5.045845 4.966592 4.369962 4.135957 4.230421 4.61118 5.776748 7.350398 8.280241 8.502974 8.164973 7.240018 6.19641 5.749718 4.964419 4.570268 4.462583 4.14207 3.915339
3.567777 3.574567 3.564247 3.546688 3.583498 3.623836 3.673726 3.729778 3.753849 3.703426 3.629786 3.632738 3.560654 3.46684 3.480992 3.528532 3.547868 3.555562 3.563885 3.491661 3.50271 3.543148 3.562576 3.532865 3.46206 3.387089 3.444683 3.48994 3.51312 3.55526 3.741597 3.890828 3.86588 3.922242 4.021346 4.158451 4.14347 4.133566 4.139659 4.251782 4.356444 4.460927 4.550703 4.584574 4.343909 4.006219 3.910635 4.242742 5.031635 6.089578 7.259012 8.100974 8.256944 7.909041 7.091007 6.182873 5.617485 5.232375 4.547067 4.465633 4.372313 4.13493 3.929549
3.551888 3.56769 3.566185 3.591539 3.628413 3.660861 3.709203 3.764494 3.720735 3.669436 3.587979 3.513146 3.481229 3.495947 3.554395 3.563091 3.566968 3.54978 3.513215 3.474709 3.498189 3.512319 3.516873 3.484191 3.473704 3.529827 3.520355 3.51222 3.51678 3.621659 3.715423 3.887936 3.935246 3.810957 4.032869 4.191257 4.113137 4.107248 4.187849 4.233357 4.29932 4.307908 4.370122 4.198966 4.080394 4.161266 4.772063 5.551799 6.254731 7.020554 7.570983 7.884007 7.865288 6.888001 6.040125 5.454601 5.109642 4.886971 4.350309 4.205028 4.274638 4.203085 4.029437
3.528352 3.567055 3.584902 3.627934 3.663194 3.700668 3.752643 3.735916 3.699073 3.654431 3.583281 3.515752 3.486193 3.516321 3.556082 3.574036 3.585886 3.539366 3.525578 3.562155 3.54966 3.527931 3.511029 3.473975 3.536718 3.59239 3.585454 3.541489 3.563656 3.657079 3.720013 3.730273 3.78906 3.688095 3.979799 4.171136 4.05673 4.027179 4.193821 4.241593 4.361695 4.373111 4.453963 4.474322 4.652623 5.163074 5.694149 6.172701 6.545834 6.807296 7.0772 7.386466 7.127428 6.037093 5.35509 5.143929 4.814564 4.576013 4.139215 4.005249 4.089065 4.281502 4.260331
3.521069 3.568756 3.582659 3.621567 3.664253 3.704754 3.750746 3.712295 3.684477 3.655369 3.608431 3.561185 3.529962 3.543396 3.55969 3.562379 3.563308 3.529981 3.516217 3.593381 3.614861 3.586443 3.521575 3.532146 3.571229 3.609543 3.60928 3.589832 3.604754 3.645576 3.702485 3.647029 3.540161 3.644207 3.75668 3.859884 3.949429 4.142139 4.140394 4.176292 4.444629 4.463458 4.669431 4.691628 4.978198 5.574526 5.952029 6.125671 6.28039 6.359324 6.651626 6.918829 6.496793 5.565423 4.928356 4.883763 4.703472 4.529444 4.165673 3.994341 3.98044 4.15059 4.241012
3.540822 3.578574 3.60569 3.644598 3.677927 3.711479 3.746425 3.711843 3.677545 3.658213 3.62853 3.591341 3.562169 3.558285 3.563807 3.568682 3.547215 3.480247 3.521285 3.586401 3.639286 3.575333 3.536234 3.56425 3.602336 3.646617 3.613171 3.611034 3.604034 3.623338 3.687431 3.704116 3.631891 3.668885 3.756094 3.949307 4.355723 4.424104 4.137746 4.518784 4.552349 4.557223 4.776406 4.955124 5.279313 5.692992 5.868152 5.881535 6.065667 6.376497 6.700467 6.558677 5.966597 5.27915 4.637255 4.57093 4.708024 4.771193 4.456862 4.094329 3.908729 3.829929 4.100088
3.58498 3.620303 3.641388 3.661254 3.696661 3.748724 3.743748 3.70863 3.682028 3.663128 3.645479 3.620467 3.586321 3.562379 3.558707 3.541757 3.504426 3.513692 3.55153 3.573737 3.603311 3.555669 3.469441 3.553028 3.628057 3.627034 3.611475 3.573911 3.492333 3.596985 3.696159 3.801738 3.666963 3.821389 4.027709 4.268161 4.553292 4.673315 4.436748 4.615871 4.771351 4.892663 4.959595 5.102742 5.388825 5.704664 5.869236 5.929945 6.23857 6.469894 6.341256 6.112011 5.707055 4.88492 4.242601 4.322942 4.755688 5.020397 4.636967 4.232679 3.636575 3.598511 4.166135
3.635998 3.657734 3.676276 3.697573 3.719363 3.765937 3.733233 3.702519 3.681655 3.666275 3.65586 3.641548 3.614631 3.590349 3.565052 3.538633 3.568956 3.566079 3.581839 3.596492 3.582544 3.486192 3.479169 3.546969 3.608721 3.595089 3.587053 3.509896 3.397817 3.55646 3.877016 4.137042 4.045116 4.167436 4.40114 4.615629 4.871626 4.910488 4.604632 4.623448 5.079029 5.039002 5.207806 5.290708 5.387014 5.748732 6.010068 6.032207 6.109394 5.912794 5.567354 5.780387 5.494141 4.629619 3.839179 3.999338 4.674684 5.124136 4.751182 4.071568 3.501914 3.414353 4.113763
