py_wake/examples/data/AJ_ParqueFicticio/Rough survey   Sector 2   Height 200m   Weibull-A.grd
DSAA
73  159
 258469   265669
 6501692   6517492
 4.032906   8.277595
[rows 0 to 27 of 159, columns 0 to 62 of 73]
5.448366 5.448066 5.44879 5.44351 5.440434 5.436004 5.431938 5.428176 5.424584 5.422203 5.417506 5.414664 5.409146 5.404403 5.401021 5.390395 5.379225 5.359331 5.334219 5.299634 5.278543 5.293412 5.373792 5.473426 5.523748 5.541806 5.572258 5.630738 5.677645 5.697561 5.717616 5.743692 5.780726 5.809674 5.833828 5.854578 5.881002 5.894238 5.884569 5.86083 5.830954 5.793467 5.758079 5.725547 5.706437 5.689002 5.673378 5.650003 5.634696 5.616208 5.601695 5.59182 5.585326 5.583752 5.593473 5.606168 5.619331 5.635555 5.650201 5.666153 5.684319 5.702921 5.716408
5.421333 5.432077 5.433056 5.428741 5.422834 5.418578 5.417255 5.415293 5.413006 5.410052 5.402911 5.39905 5.394186 5.392656 5.391554 5.383628 5.37404 5.357318 5.337758 5.313977 5.321739 5.350998 5.439708 5.530693 5.581682 5.607193 5.638846 5.692129 5.721865 5.747602 5.764506 5.793759 5.840159 5.87343 5.901926 5.911299 5.903683 5.897326 5.87274 5.840762 5.79974 5.766465 5.743095 5.721771 5.705737 5.685935 5.665947 5.64316 5.623268 5.604389 5.585726 5.577047 5.569036 5.574367 5.5848 5.598086 5.618658 5.639463 5.665615 5.68748 5.711221 5.733045 5.754657
5.404217 5.420558 5.418612 5.413891 5.404882 5.40076 5.398597 5.397682 5.398785 5.398047 5.391819 5.381868 5.380246 5.379292 5.381295 5.378467 5.370854 5.358094 5.34705 5.345021 5.359531 5.403127 5.474362 5.55427 5.625245 5.667256 5.695545 5.725466 5.75268 5.773878 5.797869 5.832773 5.873583 5.906918 5.932887 5.937377 5.907845 5.878829 5.849288 5.806022 5.758677 5.730134 5.713836 5.703794 5.688903 5.670299 5.651134 5.631998 5.608721 5.584474 5.562269 5.553566 5.555638 5.567807 5.580752 5.595569 5.618644 5.644687 5.675602 5.70502 5.737006 5.76709 5.796633
5.391448 5.393177 5.394372 5.391175 5.38474 5.382614 5.38054 5.38061 5.381738 5.382949 5.379943 5.369537 5.366859 5.367309 5.370922 5.373298 5.371141 5.36061 5.354129 5.367556 5.394131 5.440562 5.515146 5.587383 5.650934 5.694564 5.722062 5.752752 5.768307 5.791231 5.81708 5.849331 5.872924 5.886518 5.888883 5.871079 5.847499 5.821427 5.788313 5.738509 5.685829 5.670166 5.677335 5.681078 5.671328 5.658917 5.626617 5.605414 5.585318 5.563668 5.550675 5.555977 5.557291 5.561041 5.570349 5.589533 5.617787 5.650437 5.686613 5.725539 5.768886 5.807365 5.837481
5.372595 5.365647 5.362525 5.368359 5.369315 5.363016 5.360929 5.364039 5.365916 5.367371 5.367741 5.361095 5.355239 5.358213 5.363632 5.365191 5.369516 5.368949 5.368047 5.395886 5.430847 5.470919 5.549691 5.616846 5.671926 5.7159 5.741172 5.753875 5.765916 5.785147 5.811056 5.839807 5.819293 5.788336 5.757891 5.729406 5.716499 5.704478 5.672361 5.614711 5.577765 5.603088 5.644675 5.672385 5.674486 5.646058 5.599536 5.576619 5.564234 5.557203 5.553117 5.552717 5.548211 5.545152 5.554531 5.576706 5.610748 5.649366 5.693997 5.743863 5.794524 5.84358 5.874815
5.361957 5.344342 5.339168 5.346409 5.354415 5.345512 5.345708 5.355758 5.358967 5.359499 5.358414 5.353829 5.342821 5.355463 5.359085 5.357964 5.36835 5.379174 5.396449 5.433219 5.470987 5.526322 5.582867 5.641714 5.688062 5.720117 5.731879 5.737062 5.739228 5.750374 5.758431 5.74513 5.69332 5.636873 5.597751 5.571901 5.560246 5.557339 5.528438 5.479206 5.494418 5.56598 5.631655 5.657512 5.638756 5.592425 5.560218 5.554834 5.552049 5.544146 5.537444 5.521637 5.511275 5.508506 5.520686 5.549925 5.592672 5.641675 5.695962 5.754128 5.80774 5.845177 5.856418
5.360891 5.346606 5.335738 5.329464 5.325618 5.330759 5.347432 5.360624 5.363286 5.362176 5.354434 5.344798 5.337519 5.348569 5.355608 5.352399 5.360329 5.382229 5.407221 5.441089 5.491306 5.55476 5.618387 5.664713 5.690835 5.704394 5.70961 5.706203 5.697455 5.686128 5.67452 5.640101 5.575912 5.526609 5.494736 5.462712 5.449597 5.434475 5.412715 5.414717 5.477429 5.568358 5.618182 5.604928 5.556316 5.518177 5.520312 5.539933 5.536905 5.516998 5.493553 5.466953 5.44638 5.446059 5.467436 5.509517 5.566759 5.623774 5.681937 5.740837 5.77643 5.772662 5.715372
5.369655 5.360616 5.356213 5.340481 5.330668 5.323398 5.346153 5.369965 5.373067 5.367189 5.355194 5.339704 5.336657 5.339762 5.345719 5.343086 5.349859 5.370537 5.404667 5.452507 5.508574 5.569597 5.631662 5.665565 5.675689 5.671263 5.67568 5.665655 5.644159 5.619273 5.586246 5.543404 5.497501 5.454157 5.418356 5.384727 5.365284 5.346795 5.345179 5.380598 5.458441 5.52745 5.53499 5.490735 5.436849 5.452717 5.496035 5.508723 5.483663 5.445332 5.418684 5.385301 5.356023 5.351919 5.40012 5.468091 5.53449 5.591932 5.647604 5.673355 5.65405 5.581227 5.463533
5.375651 5.368632 5.364695 5.349593 5.337922 5.336257 5.355091 5.375329 5.383043 5.368575 5.34796 5.337926 5.330527 5.330586 5.329223 5.327342 5.337375 5.359355 5.396292 5.447355 5.501788 5.539937 5.583572 5.612065 5.622253 5.623366 5.624866 5.616457 5.585063 5.547273 5.509215 5.466449 5.420805 5.378321 5.343277 5.306717 5.279875 5.274211 5.291701 5.328539 5.36496 5.387074 5.363997 5.314091 5.322207 5.377817 5.401818 5.383554 5.342396 5.292774 5.26973 5.239305 5.214658 5.258288 5.339285 5.427629 5.499949 5.549775 5.572598 5.549933 5.458582 5.329268 5.179215
5.383508 5.37602 5.368275 5.367726 5.368284 5.371411 5.39556 5.406887 5.388189 5.357882 5.32597 5.323452 5.324055 5.32056 5.310801 5.312439 5.32766 5.352776 5.383679 5.422447 5.463249 5.487849 5.503809 5.527256 5.551365 5.564203 5.569392 5.555864 5.518554 5.477122 5.438729 5.396726 5.346164 5.304947 5.264756 5.231541 5.223228 5.221559 5.226332 5.237862 5.232167 5.204004 5.158061 5.139101 5.186543 5.231728 5.222639 5.190283 5.145277 5.101859 5.083283 5.067456 5.08546 5.187862 5.311349 5.398854 5.462246 5.485146 5.47219 5.38948 5.259295 5.09675 4.956111
5.388834 5.385154 5.379773 5.389378 5.415164 5.425189 5.433986 5.429035 5.3861 5.337105 5.311251 5.309126 5.316652 5.310812 5.309104 5.308799 5.319546 5.34616 5.370592 5.393129 5.413301 5.424244 5.433456 5.457769 5.479104 5.488754 5.490713 5.478966 5.445996 5.408729 5.359439 5.316063 5.279488 5.234593 5.198187 5.17894 5.17112 5.167597 5.157261 5.148348 5.116129 5.070316 5.023927 5.010978 5.031228 5.036114 4.994889 4.962489 4.937635 4.904007 4.899122 4.931404 5.024467 5.159143 5.27631 5.351243 5.388227 5.382456 5.328313 5.212202 5.072125 4.927941 4.836097
5.401326 5.40024 5.401963 5.417933 5.427662 5.428329 5.425872 5.398976 5.358685 5.313871 5.30437 5.321251 5.322101 5.317916 5.311133 5.319004 5.345924 5.354376 5.363172 5.370708 5.377778 5.385014 5.402747 5.411238 5.418515 5.416869 5.395875 5.401866 5.382572 5.326467 5.273261 5.234273 5.200616 5.170058 5.140299 5.125298 5.120501 5.111137 5.097262 5.062943 5.02751 4.98032 4.940312 4.914979 4.895419 4.864115 4.814042 4.780394 4.757245 4.746761 4.772106 4.852149 4.976511 5.090832 5.169434 5.200987 5.19476 5.151705 5.079113 4.977563 4.86764 4.783671 4.756252
5.411329 5.415882 5.420401 5.425418 5.424146 5.418992 5.401475 5.368173 5.341239 5.327183 5.345105 5.364224 5.347596 5.323096 5.314333 5.327569 5.35825 5.363106 5.370125 5.374449 5.386009 5.400816 5.407418 5.39044 5.373487 5.355768 5.335932 5.31683 5.285833 5.225265 5.181228 5.142396 5.117014 5.094328 5.071948 5.067469 5.064753 5.051678 5.026531 4.990541 4.946804 4.903255 4.859095 4.826886 4.78704 4.745203 4.692787 4.657447 4.64142 4.644961 4.68673 4.765089 4.850218 4.913419 4.932619 4.892556 4.827075 4.761922 4.699459 4.653675 4.634275 4.648726 4.692096
5.418772 5.421726 5.419975 5.420162 5.416982 5.406606 5.386766 5.373105 5.36413 5.378224 5.392495 5.390478 5.372798 5.348394 5.34364 5.358615 5.363329 5.364142 5.387336 5.395078 5.403636 5.413222 5.414225 5.38357 5.342755 5.308989 5.272395 5.230939 5.183638 5.142159 5.105782 5.076796 5.046379 5.020484 5.01001 5.00773 5.010259 4.992314 4.962506 4.91773 4.868108 4.821691 4.777538 4.747192 4.701141 4.646319 4.602174 4.563772 4.562983 4.567767 4.611412 4.654019 4.671927 4.657723 4.606175 4.518004 4.447536 4.403594 4.39286 4.418018 4.480143 4.567766 4.653832
5.429214 5.423227 5.418716 5.417118 5.411791 5.400978 5.383886 5.376965 5.378132 5.389022 5.396129 5.398507 5.390288 5.385164 5.387979 5.396441 5.39713 5.410053 5.419345 5.418092 5.42294 5.427105 5.407506 5.369355 5.32872 5.281388 5.235707 5.189921 5.143164 5.099915 5.064878 5.025054 4.996359 4.964126 4.955431 4.963284 4.967534 4.946193 4.904927 4.848521 4.791776 4.742893 4.700864 4.677169 4.631336 4.573383 4.532169 4.50965 4.495129 4.510849 4.533604 4.535569 4.507589 4.452219 4.380097 4.314117 4.283614 4.29518 4.341276 4.410077 4.504766 4.6116 4.69546
5.429276 5.419765 5.413908 5.411293 5.406185 5.397885 5.38681 5.380483 5.376467 5.376101 5.393281 5.401125 5.406864 5.419308 5.442785 5.450519 5.442141 5.447752 5.446327 5.427328 5.423921 5.421111 5.384363 5.351113 5.314694 5.274355 5.223784 5.169718 5.12503 5.081791 5.045825 5.000497 4.951848 4.924278 4.936936 4.954888 4.952327 4.919497 4.860338 4.792986 4.739973 4.706417 4.674156 4.631308 4.583932 4.532426 4.507771 4.500624 4.50546 4.507447 4.504359 4.482909 4.443632 4.391477 4.359739 4.360487 4.405732 4.485663 4.569554 4.642295 4.713256 4.768738 4.812084
5.426068 5.415059 5.409801 5.406393 5.404038 5.398938 5.389441 5.389268 5.387342 5.39052 5.397903 5.412699 5.429096 5.445133 5.466092 5.465888 5.454885 5.449967 5.447428 5.429255 5.416941 5.405304 5.368903 5.326702 5.298287 5.272343 5.228459 5.175082 5.125241 5.091163 5.058419 5.002297 4.938148 4.930961 4.995239 5.015531 4.993703 4.933674 4.840536 4.732677 4.706046 4.692773 4.655206 4.621201 4.579638 4.548136 4.538898 4.553432 4.572093 4.583657 4.572165 4.545972 4.526423 4.526507 4.55427 4.620605 4.726758 4.822556 4.904075 4.951932 4.973379 4.970065 4.941641
5.425323 5.412467 5.406428 5.403151 5.401576 5.399261 5.395826 5.393982 5.398057 5.401714 5.412042 5.419208 5.4409 5.452806 5.458623 5.45856 5.448568 5.442502 5.434659 5.420092 5.407204 5.398743 5.37814 5.350711 5.31734 5.277683 5.248363 5.208889 5.171757 5.146624 5.113194 5.03452 4.987982 5.029137 5.097583 5.110324 5.062773 4.983075 4.858118 4.758915 4.72913 4.700292 4.682765 4.669795 4.651619 4.647345 4.651293 4.680627 4.727128 4.75229 4.744745 4.719522 4.725584 4.768253 4.842529 4.932769 5.020525 5.092964 5.138876 5.150304 5.137665 5.101954 5.043805
5.424556 5.412932 5.406985 5.401287 5.400917 5.398411 5.398371 5.401278 5.407751 5.4112 5.42436 5.43101 5.44058 5.442811 5.447918 5.451809 5.443057 5.434907 5.429036 5.417442 5.405366 5.396095 5.387179 5.378293 5.36604 5.339786 5.302244 5.262761 5.241192 5.226487 5.173428 5.104017 5.107841 5.149232 5.195388 5.184997 5.122884 5.024582 4.905274 4.813845 4.800316 4.807875 4.809093 4.809425 4.827693 4.838818 4.835409 4.877464 4.932959 4.951249 4.927477 4.897723 4.906703 4.964409 5.036957 5.110642 5.169044 5.211149 5.224914 5.223033 5.20983 5.170785 5.113837
5.426246 5.415208 5.405822 5.396693 5.395043 5.394661 5.40205 5.407189 5.413051 5.418421 5.426838 5.432914 5.435249 5.435247 5.436238 5.439378 5.437381 5.428785 5.427137 5.418266 5.408405 5.397692 5.394632 5.394372 5.381581 5.360191 5.339585 5.32257 5.309734 5.276982 5.20515 5.167724 5.210151 5.253308 5.25774 5.228154 5.155506 5.056505 4.943956 4.894953 4.929796 4.978105 5.01364 5.031301 5.038823 5.027672 5.018235 5.050593 5.09551 5.086401 5.036739 5.007843 5.015724 5.059367 5.110203 5.162388 5.20896 5.245396 5.246012 5.249661 5.248419 5.228946 5.188157
5.418676 5.411444 5.401231 5.39084 5.385686 5.392668 5.399722 5.406032 5.413435 5.418275 5.422163 5.425953 5.426915 5.426075 5.428976 5.431205 5.434543 5.42792 5.429814 5.422743 5.413747 5.401682 5.395825 5.390269 5.3842 5.367938 5.355625 5.340073 5.319854 5.262239 5.214897 5.220566 5.255939 5.275709 5.276593 5.254022 5.175318 5.082695 5.009446 5.021238 5.076835 5.140142 5.173314 5.191152 5.18457 5.151453 5.125468 5.131658 5.147893 5.104754 5.05437 5.038232 5.053287 5.071816 5.120432 5.158861 5.19989 5.237811 5.262159 5.293202 5.311298 5.31418 5.298178
5.404349 5.397287 5.384557 5.376122 5.378381 5.385993 5.395736 5.40466 5.412819 5.411815 5.414633 5.419644 5.42509 5.423465 5.421758 5.426842 5.431929 5.432158 5.430296 5.422069 5.411714 5.399241 5.395562 5.389318 5.380119 5.365593 5.348093 5.324656 5.28661 5.227559 5.236602 5.267998 5.281858 5.290659 5.279898 5.236503 5.168861 5.094688 5.090633 5.136653 5.184545 5.225761 5.231654 5.228231 5.20656 5.178862 5.166861 5.15583 5.114984 5.04959 4.998139 5.012884 5.041463 5.063395 5.107964 5.15785 5.203261 5.267167 5.327685 5.385861 5.427034 5.444957 5.440137
5.394911 5.384614 5.374191 5.373151 5.377153 5.38474 5.393896 5.400569 5.407201 5.406816 5.405078 5.409442 5.417155 5.421262 5.420756 5.419321 5.426613 5.427009 5.425073 5.417529 5.40904 5.396207 5.390921 5.385477 5.375598 5.353612 5.325418 5.294337 5.251372 5.238008 5.279307 5.324094 5.328109 5.30619 5.276185 5.211606 5.151763 5.112995 5.143531 5.189063 5.208756 5.223172 5.214672 5.197708 5.177972 5.160492 5.142592 5.107461 5.043682 4.977306 4.944662 4.945999 5.004188 5.041653 5.11332 5.190454 5.274586 5.371086 5.472198 5.54884 5.598219 5.605807 5.569327
5.39188 5.383492 5.384355 5.38328 5.387065 5.390035 5.394897 5.39874 5.402204 5.399549 5.398184 5.401654 5.409132 5.415725 5.421587 5.425259 5.422801 5.417449 5.415414 5.414538 5.407451 5.395803 5.388037 5.384128 5.370461 5.344316 5.310832 5.275167 5.246172 5.272724 5.334805 5.358272 5.344604 5.311378 5.252797 5.198926 5.155641 5.139077 5.179351 5.192397 5.179281 5.176779 5.164455 5.142062 5.119475 5.100182 5.073597 5.031033 4.972565 4.915049 4.890297 4.909551 4.980296 5.053653 5.149821 5.277987 5.414134 5.541726 5.67256 5.76789 5.785306 5.749839 5.671101
5.394512 5.388731 5.393803 5.395339 5.394358 5.394288 5.398497 5.39957 5.401084 5.394214 5.396185 5.399795 5.407562 5.415092 5.420916 5.422755 5.422898 5.417193 5.410389 5.408898 5.405841 5.399004 5.387997 5.38572 5.370656 5.346823 5.316124 5.292307 5.286255 5.314662 5.368513 5.356952 5.32257 5.286309 5.242333 5.193268 5.17535 5.168551 5.182534 5.1767 5.13558 5.133011 5.115506 5.08454 5.061854 5.031103 4.999334 4.963356 4.920663 4.879555 4.869835 4.908512 4.999909 5.119109 5.256206 5.424639 5.603892 5.767629 5.906798 5.972318 5.940553 5.840612 5.704803
5.391167 5.390813 5.396696 5.401126 5.402966 5.3989 5.397768 5.400759 5.399351 5.393635 5.396038 5.403268 5.409164 5.414737 5.420216 5.42259 5.420735 5.415618 5.408516 5.406052 5.406494 5.405455 5.393569 5.38807 5.379202 5.363008 5.335128 5.317889 5.332165 5.340205 5.336377 5.326403 5.302623 5.266448 5.227824 5.194384 5.181931 5.182313 5.185986 5.171069 5.141637 5.138404 5.108533 5.068196 5.025904 4.98053 4.952042 4.922056 4.893292 4.871799 4.891009 4.960954 5.081168 5.247295 5.408507 5.612645 5.825191 6.001329 6.109776 6.113974 6.00878 5.848745 5.669811
5.400901 5.403827 5.408767 5.407367 5.408486 5.406812 5.406266 5.403274 5.403349 5.405186 5.406492 5.41055 5.415023 5.419105 5.419109 5.423055 5.42079 5.416337 5.411166 5.405579 5.405319 5.406251 5.403981 5.394795 5.376794 5.357248 5.339136 5.328897 5.328345 5.321436 5.308113 5.301984 5.285624 5.254972 5.215465 5.189611 5.17989 5.182996 5.193666 5.18101 5.150753 5.121433 5.097332 5.072015 5.023327 4.970886 4.923656 4.891976 4.881293 4.905559 4.952085 5.058878 5.221552 5.431494 5.608453 5.825058 6.047243 6.203319 6.232947 6.149168 5.984789 5.78391 5.580915
5.408174 5.412238 5.41399 5.415896 5.41446 5.41299 5.414096 5.41173 5.412844 5.420932 5.421524 5.422194 5.422451 5.423597 5.424942 5.422316 5.421381 5.417538 5.415541 5.412585 5.405812 5.408748 5.4014 5.392304 5.373741 5.347705 5.321773 5.314734 5.315455 5.301243 5.29292 5.289269 5.259897 5.223093 5.194642 5.189746 5.191435 5.192107 5.182393 5.154335 5.127249 5.087766 5.087864 5.060679 5.02376 4.981081 4.924549 4.907085 4.921572 4.972901 5.069467 5.211488 5.401077 5.635782 5.828847 6.031819 6.230203 6.33484 6.28302 6.132534 5.912857 5.686484 5.491147
