py_wake/examples/data/AJ_ParqueFicticio/Rough survey   Sector 4   Height 30m   Orographic turn.grd
DSAA
73  159
 258469   265669
 6501692   6517492
-172.4219   173.9826
[rows 27 to 53 of 159, columns 0 to 60 of 73]
2.85091 2.699852 2.582934 2.603283 2.705102 2.764514 2.876611 3.019846 2.999028 2.746897 2.793091 3.077059 3.308425 3.241651 3.321406 3.58368 3.800261 3.988723 4.038153 4.019567 3.998215 3.657911 3.914316 4.390121 5.097753 5.956799 6.413728 5.765287 5.344481 5.486583 4.625931 4.363634 4.841815 5.167078 8.160379 7.390957 5.621153 5.635867 5.794719 6.501823 6.114875 6.418019 6.212861 9.336792 11.06494 12.10051 14.46336 15.00299 15.58558 14.91607 12.99937 11.16554 7.767172 4.43064 -.9564213 -5.135756 -6.487919 -7.311141 -8.688527 -8.570395 -4.734236
2.949187 2.739491 2.614873 2.572275 2.604321 2.632385 2.760134 2.823228 2.604324 2.500425 2.555814 2.689112 3.007375 3.202301 3.414191 3.663258 3.91287 4.013436 4.078051 3.942309 3.538089 3.389699 3.860282 4.452766 5.206458 6.031135 6.564206 6.069184 5.728475 5.584856 5.307183 5.311038 5.988486 6.39651 8.965071 5.426321 4.414037 5.694644 7.056041 8.945911 8.148256 5.825138 6.731353 8.324823 11.70455 13.55233 15.36995 17.07133 15.92824 13.79757 11.10369 8.408184 5.678638 4.198923 .3839652 -5.538395 -8.404374 -8.046207 -6.97387 -5.019913 -1.922072
2.942924 2.818737 2.592021 2.521668 2.446419 2.411044 2.50488 2.682759 2.558101 2.43054 2.338005 2.40826 2.546704 3.470217 3.724548 3.899222 3.997434 4.032579 3.978899 3.742772 3.613558 3.666714 4.049548 4.579974 5.231521 5.884662 6.269503 6.27565 6.115711 5.974078 5.906304 5.773251 6.010514 6.581237 6.14024 4.334427 5.920999 7.018721 7.715231 8.402996 7.267725 6.965177 7.760045 8.273137 10.23161 13.59073 15.77614 16.48014 14.99571 12.83815 10.44269 6.824429 4.245922 3.598157 .6671336 -5.754333 -9.194423 -8.494967 -6.487401 -2.825169 2.035301
2.824678 2.716685 2.556685 2.467169 2.332555 2.314365 2.318926 2.604175 2.563037 2.322137 2.252916 2.185321 2.246975 3.521064 3.931114 4.006669 4.021103 3.974569 3.720192 3.492309 3.701759 3.983377 4.358429 4.800956 5.267494 5.765737 6.146658 6.198607 6.240591 6.145827 6.047384 5.999568 6.078986 6.124035 6.361379 6.163702 6.376349 7.007175 8.358504 8.623619 8.210102 8.66526 7.322367 8.539783 10.01887 11.13729 12.61748 12.538 11.68187 10.78923 10.452 7.831041 4.661686 2.839331 .01229861 -4.988495 -7.394366 -7.969165 -4.846415 -.3377936 6.903922
2.689984 2.586205 2.507986 2.440559 2.276399 2.257478 2.226642 2.522911 2.383741 2.285156 2.162432 2.083729 2.148546 3.307677 3.935121 4.009539 3.959676 3.77742 3.30829 3.506717 3.829755 4.150441 4.553339 4.937993 5.310707 5.764916 6.035794 6.065387 5.853182 5.925053 5.893657 6.671492 8.051322 7.683011 7.230867 6.270337 6.642606 7.208023 8.700462 9.408091 9.268044 8.206684 7.760577 7.859953 9.619521 10.62353 9.439007 6.585232 5.670244 7.241922 8.235275 7.518559 5.95399 3.698494 1.050424 -2.357236 -4.512868 -4.978397 -2.135389 2.713858 9.538779
2.301392 2.342903 2.345827 2.335304 2.269295 2.29561 2.29781 2.257195 2.240267 2.211186 2.138105 2.090392 2.0751 2.886803 3.510666 3.681248 3.66007 3.451143 3.26297 3.590232 3.976835 4.323068 4.70772 5.031384 5.389944 5.676334 5.950914 5.949845 5.955103 5.666497 6.032728 6.829856 7.890444 7.944716 6.946568 6.40723 6.429653 7.32599 9.148994 9.419374 9.239668 8.496641 7.010747 6.736057 8.045255 9.277967 7.87069 5.039897 3.29789 2.819695 3.232249 4.120835 4.631465 4.539225 2.482646 .2394756 -1.716384 -.938659 1.701764 4.863132 8.851089
2.084518 2.177219 2.240249 2.206062 2.230918 2.161496 2.277102 2.175963 2.183262 2.099897 2.081794 2.072741 2.247423 2.634693 2.874785 3.086113 3.204044 3.073446 3.227198 3.724154 4.159189 4.544856 4.849268 5.151313 5.421376 5.602786 5.530952 5.341202 5.606901 5.885825 6.219458 6.727277 7.338552 7.458005 7.249681 7.409525 7.642776 8.242695 8.718043 9.23908 10.36403 9.629497 7.366647 5.2704 4.566901 6.387894 6.989909 7.085589 5.84352 4.750171 3.461053 1.295599 .8256899 1.36229 2.70798 1.701433 .7091326 2.307495 3.911399 4.372624 5.287756
2.286844 2.264266 2.269852 2.162076 2.145432 2.013529 2.222838 2.226648 2.119249 2.070095 1.942012 1.97113 2.144624 2.161494 2.198444 2.452329 2.648788 2.679667 3.230756 3.885408 4.467854 4.808914 5.106652 5.311669 5.442573 5.450803 5.055727 5.199557 5.511239 5.935605 6.37991 6.717552 7.099539 6.964577 7.000881 7.687562 8.696285 8.952583 9.115432 10.27465 12.11424 11.1358 9.107416 3.658112 1.583571 2.508546 5.756489 7.584572 7.098652 5.833231 4.823597 2.881784 .2899889 -.8319353 -.2501547 1.603856 3.209154 3.068966 3.069356 4.953561 4.070174
2.549116 2.401695 2.274728 2.240944 2.182848 2.17532 2.109518 2.058819 2.04644 1.954556 1.800329 1.755892 1.745152 2.140666 2.008594 1.8807 1.86475 2.559508 3.287345 4.205474 4.882046 5.167058 5.270068 5.386746 5.404937 5.036906 4.916472 5.184107 5.516506 5.938501 6.382659 6.803725 7.251781 7.423828 7.896863 7.758702 8.078258 8.74008 10.30853 14.5869 13.62701 12.90067 9.653558 4.880401 -2.222704 -4.583422 1.114748 4.657027 4.999156 3.613729 3.334332 2.997015 2.023274 .5706356 .3125253 1.131448 2.331548 2.25979 4.161207 7.77489 5.923324
2.762294 2.589427 2.323814 2.120582 2.056775 2.151144 1.86491 1.974918 1.984084 1.92787 1.74943 1.561653 1.484691 1.970784 1.797593 1.510389 1.393293 1.757664 3.379119 4.287874 5.254156 5.363257 5.3112 5.21437 5.102531 4.775277 4.985871 5.214543 5.535786 5.927141 6.456897 6.979579 7.235199 7.26693 7.157818 6.962562 7.700823 9.791594 13.38751 14.80117 16.28957 14.98091 10.38775 5.491019 -3.324909 -10.91544 -8.440406 -1.892323 .09952173 .08955292 .2172292 1.800988 3.089224 3.371645 2.225891 1.956487 1.911765 1.974104 5.590587 9.023072 4.242362
2.677207 2.423054 2.206481 1.973634 1.678879 1.58427 2.357659 2.198521 2.059087 1.876613 1.86232 1.689404 1.414462 1.815244 1.58321 1.450455 1.491713 1.68185 2.550429 3.486324 4.951916 5.103086 4.911795 4.761827 4.799972 4.744657 4.983646 5.23839 5.57283 5.860205 6.496422 6.89212 6.838891 6.807623 6.419364 5.669564 6.645487 9.996507 12.01141 15.51079 16.00585 14.78377 12.05512 8.242845 1.685814 -11.23296 -17.28032 -13.16671 -6.980424 -3.040528 -1.325167 .1129634 3.122086 4.982845 4.511111 3.17646 2.933293 2.346627 4.601973 4.718221 -2.094278
1.967285 2.054972 1.933246 1.890163 1.748295 1.530268 2.198266 2.073107 2.000288 1.958838 2.036874 1.916932 1.683708 1.192087 1.339311 1.516605 1.804481 2.217917 2.86039 3.211018 3.758861 3.983602 4.129063 4.194179 4.39574 4.580542 4.94999 5.206191 5.453739 5.773798 6.303223 6.425957 6.426555 6.346553 6.140887 7.056443 7.897826 8.61628 11.07473 13.7039 12.72326 11.93707 11.51112 9.419795 6.608332 -1.766184 -12.58478 -14.44318 -13.87531 -6.87945 -3.083143 -2.593179 -.3680044 1.595877 3.343189 2.954942 2.383452 1.857663 .380826 -4.74686 -11.26765
1.840635 1.743877 1.734007 1.746836 1.955737 1.960409 1.522024 1.756513 1.834545 1.797602 1.836991 1.876904 1.186459 1.183361 1.427997 1.73999 2.011719 2.44732 3.083449 3.153015 2.837598 2.928882 3.147623 3.310482 4.037205 4.606804 4.888447 5.095394 5.417968 5.677145 5.726901 5.822551 5.807788 5.693769 5.623221 6.275038 6.608176 7.716394 11.79983 12.2501 10.5344 7.569829 7.602032 8.13972 7.781651 5.222387 -1.883645 -7.091004 -11.45011 -9.188654 -4.336386 -2.628627 -2.375095 -1.74428 -.4193844 .1501307 2.143207 .1059186 -6.066985 -14.04635 -16.02121
1.655429 1.671471 1.596439 1.504749 1.57908 1.652266 1.663604 1.738035 1.660428 1.527406 1.375635 1.127066 1.417703 1.78161 1.798444 1.768235 1.921288 2.225151 2.60049 2.950462 2.709595 2.792292 2.662229 2.557826 3.906101 4.704485 4.794544 4.955335 5.112916 5.115285 4.864554 5.14315 5.31801 5.092762 5.047384 4.619948 4.346725 6.136771 9.61974 8.145735 6.116033 3.679571 3.564166 5.214341 6.231194 6.746847 2.286292 -1.176388 -2.844505 -7.318662 -7.090917 -5.080911 -4.059295 -3.793796 -2.832505 -.5884742 -.1947753 -1.885608 -9.124525 -17.30809 -19.90999
1.767362 1.74554 1.711143 1.424777 1.089541 1.493371 2.139728 2.083848 1.808197 1.364103 .8240992 .6235795 1.599247 2.219557 1.987599 1.812746 1.731316 1.702975 2.250465 2.8829 2.895435 2.814519 2.960674 2.593539 2.538526 4.076704 4.103104 4.188165 4.256916 4.173726 4.234453 4.442055 4.560848 4.464665 4.52899 3.624879 2.191542 3.899573 1.837756 .3871067 -.3841332 -1.026063 -.02506452 1.810881 3.12381 3.5537 2.154458 .3870111 -.01743155 -3.18777 -6.622181 -7.035054 -6.132054 -4.30917 -1.973468 -.8418853 -.4027002 -2.823107 -8.292584 -14.58495 -18.93496
2.080316 2.009157 1.924805 1.690217 1.03427 .9135228 2.025599 2.294046 1.887437 1.483792 1.086686 .8761924 1.286056 1.704633 1.717793 1.562946 1.396841 1.308962 1.675415 2.908196 3.123172 3.056421 3.114414 2.973492 2.445819 2.466427 2.900501 3.072325 3.230807 3.753601 3.814469 3.879868 3.980031 3.861234 3.497756 2.99498 3.413974 -.4817672 -6.274299 -6.26193 -5.088127 -3.726458 -2.651639 -1.6735 -1.102889 .5183054 1.240063 1.72361 2.814878 -.2519965 -3.326663 -4.711856 -4.427408 -2.930962 -.6815431 -.5220183 -.964656 -3.059863 -5.267605 -8.491436 -12.64081
2.392269 2.313651 2.322257 2.264563 1.067783 .3449961 1.253433 2.360941 1.860305 1.575109 1.55002 1.343066 1.172878 .9676643 1.162387 1.281572 1.260219 1.161447 1.241328 2.521163 2.987645 2.609444 2.218921 2.564271 2.673066 2.41539 2.430935 2.453336 2.400384 2.82031 3.225909 3.183323 2.725779 2.817822 2.465003 1.868064 1.123154 -1.522397 -7.372436 -10.35945 -8.014206 -5.514429 -6.337255 -5.33528 -3.693448 -1.43089 2.208042 2.158316 .0111117 -1.591771 -3.407252 -3.854791 -1.912173 -1.040962 -.8210089 -2.318808 -3.788991 -3.398811 -3.326133 -3.707591 -5.120703
2.67487 2.657255 2.618311 2.764176 2.979428 2.224235 1.474355 1.723278 1.477701 1.435476 1.512091 1.202997 .8455609 .8994287 1.151161 1.347789 1.340826 1.400673 1.490931 1.727907 2.326157 1.80296 1.220297 1.597178 2.838246 2.736207 2.132663 1.578401 1.604206 1.923033 2.391964 2.249893 1.742544 1.929346 1.783766 1.204775 .3772187 -.9559158 -5.52763 -8.691982 -9.81826 -7.342706 -6.330621 -5.246193 -1.704381 2.307723 5.022566 1.479309 -2.561688 -3.320289 -3.811328 -3.851711 -1.548173 -.685724 -3.666955 -5.695389 -6.426531 -5.902625 -2.227822 .2721308 1.017435
2.791725 2.655061 2.780259 3.051754 3.551064 3.374968 2.336871 1.468252 1.14652 .9293132 .7360226 1.015573 1.1342 1.312851 1.475434 1.576033 1.559489 1.735666 1.83324 1.711223 1.446029 1.374633 1.098557 1.193959 1.800458 2.298849 1.609784 .8083336 .2163102 1.265972 1.506401 .3501958 1.011467 1.173445 1.500385 .8684578 -.08892317 -1.311037 -3.051403 -4.296945 -7.916897 -8.215711 -4.916358 -1.518894 2.465308 4.704838 2.57275 .640139 -3.21941 -3.528571 -2.928825 -2.587938 -4.002984 -5.378167 -7.61523 -8.145098 -7.41574 -6.305855 -2.279175 2.01023 4.835525
2.743504 2.509941 2.705333 3.395306 3.548748 3.228315 2.354258 1.620607 1.125013 .3975828 -.0159991 .7833435 1.336827 1.704023 1.868687 1.734288 1.696727 1.858101 2.108609 1.430356 1.249026 1.304535 1.489248 1.676316 1.408272 1.293375 1.282372 .64507 .05209296 -.1399412 .4243751 -.8212364 -1.194554 -.6363477 -.2711934 .1323285 -.8780766 -2.376135 -2.197603 -2.533513 -4.420477 -4.924603 -2.119896 -.384495 -.3637501 -2.293599 -3.330324 -3.741277 -2.41979 -1.923771 -.8422099 -2.042121 -6.220979 -9.902491 -10.61371 -7.675179 -4.440714 -2.570262 -2.003558 .311612 2.545711
2.681956 2.413639 2.33912 3.677357 3.664967 3.107946 2.486243 1.934708 1.387153 .1345299 -.841278 .09447411 1.222151 2.092338 2.310711 1.927804 1.68959 1.550038 1.561408 1.680208 1.556649 1.213525 1.101344 1.136268 1.305231 1.789585 1.645313 .9648138 .5952944 .4273585 -.5286024 -1.027301 -1.753477 -2.594071 -2.318276 -2.490025 -2.639419 -4.095656 -4.831185 -4.0233 -4.465902 -5.529496 -5.863937 -6.047029 -6.065383 -5.238457 -4.399341 -1.92281 .354764 .2567785 -.7037393 -3.82982 -8.390912 -11.01585 -11.33542 -7.532433 -1.463294 3.33739 3.919659 2.12648 .01218404
2.740955 2.63413 2.495681 3.291086 3.553019 3.06139 2.510069 2.003141 1.433677 1.392186 -.134415 -.4280598 .7319017 1.966397 2.515547 2.060826 1.674335 1.129636 .8935855 2.334787 2.056027 1.370053 .7106982 .6188003 1.671783 2.685214 2.131126 1.428646 1.007218 .698072 -.9979256 -1.189519 -1.316239 -2.452097 -3.19386 -3.542637 -5.071941 -6.016359 -8.025027 -7.628892 -7.432167 -7.864391 -8.154225 -6.913209 -5.013551 -3.014176 .3435522 1.82982 1.573436 -.3494656 -5.629488 -10.76347 -11.84394 -11.32145 -9.80227 -6.946578 -.5055 4.530802 9.564156 11.09087 5.813426
2.992863 2.995857 3.052928 3.151759 3.03154 2.818207 2.412691 1.973497 1.781051 2.247746 2.225149 .8793079 .976192 2.104804 2.125349 1.892432 1.743939 1.488418 1.045607 1.955792 2.150569 1.654348 1.38235 1.790595 2.678897 2.932773 2.113466 1.625695 1.209195 .3204246 -1.483049 -2.473314 -1.935564 -2.904557 -3.78681 -4.833291 -5.574774 -6.653913 -9.057717 -9.864852 -10.48391 -9.443793 -9.213186 -7.769456 -4.640774 -.007526998 1.879117 1.654306 -2.522423 -6.643988 -10.75572 -13.47402 -12.86062 -10.22604 -7.158611 -5.648514 -2.275926 3.133363 9.424813 13.28962 14.13314
3.277998 3.305892 3.507562 2.729742 2.44094 2.403501 2.161422 1.856896 2.213032 2.733584 3.137254 3.238628 2.605497 1.876262 1.22689 1.439431 1.77653 2.259938 2.25904 2.053754 1.993098 1.994762 2.091964 2.667996 2.825477 1.764075 1.671101 1.621611 1.545428 -.1635498 -1.546325 -3.172654 -3.728231 -2.371038 -4.223643 -5.439694 -5.668039 -6.59575 -9.001976 -10.19797 -10.5304 -9.19863 -7.989739 -6.37151 -3.821684 -2.410113 -4.06396 -6.622821 -8.643995 -10.2775 -10.23623 -10.69801 -12.96833 -8.100034 -2.711785 -2.310604 -3.563822 -.6378071 4.120838 10.56859 15.23771
3.346543 3.107187 3.220364 2.702476 2.222939 1.939971 1.809705 2.224918 2.520328 2.900086 3.267674 3.358255 2.746095 1.88497 1.398517 1.248042 1.264768 2.384974 2.733968 1.755764 1.914563 2.148653 2.297245 2.938202 2.335789 1.65234 1.637954 1.966309 1.166569 .105528 -.9243787 -2.032286 -3.528631 -3.025248 -5.018927 -6.598652 -6.650175 -6.714808 -9.182832 -11.25032 -11.86255 -11.31165 -8.688012 -7.883329 -7.79709 -8.537457 -10.14795 -10.97329 -10.27624 -9.59466 -8.350174 -8.560289 -10.36434 -7.503235 .6428429 2.578921 -.89605 -3.106716 -.6723616 3.908993 11.45139
3.238894 2.867264 3.084915 2.715472 2.268994 1.865677 1.652051 2.364033 2.572507 2.805974 2.936292 2.832443 2.648914 2.112686 1.745636 1.534471 1.134574 1.696669 2.54086 1.698485 1.616912 2.06866 2.361225 2.367656 2.118689 1.726378 1.760483 1.811904 1.50063 .9750867 .3288228 .1831705 -.1611345 -2.847689 -3.697094 -5.075736 -6.978588 -9.289702 -8.801384 -9.783499 -13.58419 -16.12044 -14.30543 -12.46761 -12.28758 -12.36733 -11.75057 -11.39645 -9.707109 -8.285217 -6.874227 -7.089156 -7.784177 -7.927766 -.2949362 6.280059 5.386083 -.2769698 -4.674878 -3.424066 5.019403
3.062111 2.841906 2.702741 2.377975 2.163217 1.957509 1.827022 2.092259 2.474798 2.599129 2.704372 2.69391 2.574872 2.316972 2.172837 2.040388 1.727784 2.160793 1.905326 1.349731 .895952 2.401775 2.830516 2.300138 1.991763 1.483633 1.856209 1.938331 2.167351 2.18823 1.485124 .3177048 -.5147364 -1.039531 -.9260607 -3.411646 -8.495951 -11.45388 -8.94342 -10.32774 -11.59171 -15.84382 -18.80911 -18.42553 -17.43388 -16.02036 -13.70283 -11.57934 -10.0538 -9.227354 -7.185792 -4.960836 -4.677819 -6.987287 -3.377126 6.596979 8.403423 5.194744 -1.635986 -6.114019 -1.944558
