py_wake/examples/data/AJ_ParqueFicticio/Rough survey   Sector 10   Height 200m   Orographic turn.grd
DSAA
73  159
 258469   265669
 6501692   6517492
-10.04178   11.79341
[rows 54 to 80 of 159, columns 0 to 60 of 73]
1.235104 1.157231 1.107233 1.048611 .9801958 .9201202 .9381292 .962925 1.011403 1.039261 1.069725 1.076546 1.087591 1.09191 1.081709 1.098271 1.087847 1.041011 .9932237 .9316601 .8771437 .9345196 1.021779 .9333072 .8030646 .7831039 .7873425 .7982154 .7846032 .6069052 .1927424 -.3781877 -.8654373 -1.263061 -1.688412 -2.257606 -3.066243 -3.92443 -4.525589 -4.852611 -5.222864 -5.863693 -6.490304 -7.008014 -7.173179 -7.081599 -6.734593 -6.221248 -5.460371 -4.665623 -3.744891 -2.941145 -2.279995 -1.562219 -.4795859 .6960346 1.574797 1.751443 1.564069 1.510153 2.025538
1.148651 1.094126 1.061209 .9783162 .9393138 .9222932 .9191837 .9713608 1.006471 1.035528 1.056229 1.062214 1.089134 1.093395 1.067345 1.091109 1.060141 1.042338 .9693869 .9497641 .9299353 .9415619 .9604155 .8594901 .7647353 .7485793 .7509797 .8077317 .8334879 .5491334 .06859563 -.5987754 -1.122441 -1.562934 -1.953616 -2.385376 -3.113468 -4.001269 -4.730958 -5.119334 -5.480073 -5.871176 -6.4526 -6.955589 -7.242249 -7.254107 -7.133247 -6.64115 -5.784959 -4.705958 -3.62046 -2.690301 -1.93783 -1.142728 -.2245807 .6843231 1.440721 1.730129 1.755533 1.804065 2.185651
1.073785 1.078597 .9964053 .9297919 .8823105 .8889453 .929075 1.002495 1.023027 1.061351 1.066746 1.094254 1.135412 1.125846 1.0862 1.094531 1.080811 1.04204 1.001425 .9832003 .9814397 .9435048 .8572417 .7961494 .7271656 .7065294 .6872548 .6561573 .5569702 .203037 -.3060117 -.8836132 -1.467717 -1.92365 -2.340145 -2.673615 -3.174934 -3.93358 -4.76811 -5.310966 -5.676116 -5.834501 -6.208059 -6.540989 -6.836756 -6.998514 -7.060741 -6.715413 -5.915886 -4.800149 -3.638935 -2.612425 -1.70506 -.8349252 .004014716 .7462255 1.309767 1.635678 1.848576 2.083524 2.431917
1.043914 1.104908 .9743406 .8662338 .8479896 .9097355 .9787183 1.040142 1.077689 1.070111 1.071158 1.081181 1.101206 1.188862 1.137235 1.092652 1.090456 1.062288 1.008826 1.009182 .9467044 .8846118 .8031822 .7538663 .6598534 .5821846 .5331323 .3684901 .003762665 -.3640415 -.7477717 -1.207425 -1.707115 -2.246284 -2.625551 -2.948485 -3.332118 -3.914558 -4.704685 -5.320751 -5.677231 -5.800191 -5.892145 -6.038195 -6.270566 -6.460819 -6.566257 -6.415606 -5.913566 -4.953609 -3.74198 -2.606047 -1.590656 -.6550437 .05350558 .6733466 1.270079 1.685081 2.041219 2.275729 2.60338
1.131683 1.128136 .9612349 .7957317 .7594606 .9004129 1.0005 1.082511 1.101592 1.078764 1.057726 1.072898 1.07302 1.154204 1.12322 1.093764 1.083539 1.063875 1.045768 1.026804 .8905243 .8339168 .7584482 .6653379 .628265 .5460098 .3984121 .08421043 -.4463701 -.9202718 -1.217764 -1.562069 -2.017094 -2.445406 -2.882161 -3.172933 -3.490561 -4.028873 -4.669643 -5.246344 -5.640131 -5.728785 -5.621249 -5.573155 -5.666447 -5.841473 -5.972201 -5.947062 -5.678662 -5.033329 -3.920457 -2.662471 -1.540089 -.6929522 -.09051065 .4725408 1.206925 1.813938 2.264623 2.511516 2.728159
1.247813 1.092149 .9019708 .7641272 .6911553 .8058241 1.002594 1.101938 1.112415 1.091447 1.061735 1.021338 1.039741 1.118992 1.115484 1.081189 1.052388 1.035179 1.021286 .9748807 .8801789 .7694171 .6790165 .6551988 .5564008 .4820614 .3364106 -.0363504 -.6166456 -1.184514 -1.576057 -1.8788 -2.277214 -2.795268 -3.213426 -3.534619 -3.834921 -4.195117 -4.68698 -5.183915 -5.495978 -5.527413 -5.454357 -5.199513 -5.072647 -5.181396 -5.299293 -5.415843 -5.465315 -5.106058 -4.127306 -2.833576 -1.634036 -.8632039 -.4256906 .1747416 1.047139 1.757206 2.322853 2.732236 2.931894
1.229904 1.027581 .8349344 .8037241 .7409979 .7664886 .952657 1.131653 1.129944 1.08833 1.050287 1.015916 1.018961 1.097243 1.069495 1.018268 1.014913 1.001422 .9799567 .8858616 .8258988 .6983357 .6492022 .587174 .5064344 .4719501 .296271 -.02418482 -.5259937 -1.110309 -1.62103 -2.017194 -2.443293 -2.99809 -3.566412 -3.929909 -4.172808 -4.46429 -4.755266 -5.123605 -5.396605 -5.397537 -5.256819 -4.981801 -4.667517 -4.614114 -4.616495 -4.726401 -4.924183 -4.925906 -4.210309 -3.058738 -1.839608 -1.124096 -.7542393 -.1530695 .8042889 1.610773 2.300571 2.88763 3.16384
1.136477 .9641061 .8635629 .9466457 1.018717 1.003947 1.054745 1.135656 1.108953 1.082302 1.042704 1.034405 1.024999 1.012765 .9838309 .9527267 .9445817 .9581353 .9244548 .829897 .7470278 .6372504 .563943 .4969562 .4272592 .346439 .1364206 -.1688036 -.5588828 -1.111635 -1.548978 -2.000695 -2.461591 -3.04119 -3.622527 -4.008644 -4.328712 -4.572111 -4.870039 -5.08813 -5.281905 -5.414027 -5.38217 -4.951675 -4.516843 -4.25834 -4.113313 -4.049883 -4.193103 -4.345626 -4.117086 -3.307733 -2.167046 -1.404276 -1.01233 -.5073438 .4838926 1.519286 2.302871 2.962135 3.332119
1.098303 .9493943 1.016351 1.117017 1.196449 1.239111 1.203845 1.139034 1.101525 1.059489 1.042729 1.024847 .990446 .9354939 .9230126 .9098895 .8877332 .9340268 .8355516 .75732 .6727284 .6281255 .5014286 .4175541 .2935684 .1096819 -.1091812 -.3985731 -.6840091 -1.021685 -1.449525 -1.887791 -2.34576 -2.864542 -3.457184 -3.933429 -4.288191 -4.563144 -4.849332 -5.074366 -5.236485 -5.430572 -5.394985 -5.069865 -4.464178 -4.103618 -3.87351 -3.617904 -3.403006 -3.528164 -3.633746 -3.406525 -2.617399 -1.795897 -1.240842 -.7094616 .2126664 1.398799 2.335109 3.087264 3.498144
1.058149 1.043207 1.155846 1.261101 1.313825 1.297327 1.226955 1.147381 1.087444 1.024073 1.021577 .9912409 .9466325 .9220416 .8868341 .8787944 .8787645 .8797519 .8125399 .7077354 .6817034 .6056401 .4482318 .2790044 .1161353 -.1628071 -.4583192 -.6735964 -.9147218 -1.112463 -1.409469 -1.700394 -2.097546 -2.633426 -3.219814 -3.76546 -4.096237 -4.429839 -4.748993 -5.019424 -5.225678 -5.369297 -5.37888 -5.090709 -4.579667 -4.04524 -3.736994 -3.358186 -2.93498 -2.727652 -2.860562 -3.145283 -2.993469 -2.247677 -1.427038 -.7478004 .1500946 1.361613 2.412081 3.161281 3.613863
1.021617 1.120473 1.251527 1.342979 1.371278 1.355068 1.252693 1.179631 1.081763 1.022807 1.009694 .9727484 .9513755 .9105219 .9061065 .8827953 .8795411 .808156 .7201238 .6828671 .6917685 .5741746 .4118611 .1747775 -.07630437 -.407296 -.7029848 -.9808385 -1.2128 -1.299238 -1.426775 -1.632375 -1.975887 -2.437534 -2.967644 -3.389816 -3.731536 -4.092284 -4.478387 -4.810342 -5.041125 -5.244987 -5.366128 -5.28372 -4.73779 -4.205551 -3.679549 -3.191149 -2.708775 -2.30422 -2.243829 -2.627761 -2.927128 -2.514773 -1.578293 -.5992725 .385183 1.54303 2.548577 3.237176 3.595541
1.014193 1.146206 1.29485 1.407376 1.436239 1.392926 1.312513 1.215447 1.108775 1.044168 1.018636 .9777473 .9338748 .9127989 .9172715 .8833877 .8207873 .7438365 .679513 .6390701 .5769324 .4604491 .3044983 .09386896 -.1658055 -.496524 -.8542727 -1.2012 -1.482987 -1.585875 -1.624601 -1.714146 -1.96582 -2.278595 -2.671921 -2.963278 -3.276584 -3.674901 -4.090246 -4.445987 -4.711677 -4.991572 -5.327175 -5.408206 -5.061839 -4.410078 -3.761361 -3.160518 -2.677514 -2.142329 -1.737411 -1.942847 -2.376896 -2.477318 -1.763317 -.5208648 .7621276 1.844 2.774873 3.333462 3.354194
1.06964 1.177912 1.341044 1.460614 1.452415 1.433644 1.356738 1.276801 1.19895 1.110155 1.03264 1.011987 .97021 .9487604 .9311155 .85807 .7687399 .6501666 .6050317 .5772672 .5103003 .3567893 .2510025 .1366327 -.1074104 -.4240159 -.8937426 -1.308627 -1.6494 -1.812434 -1.867443 -1.966676 -2.113616 -2.20294 -2.39585 -2.590086 -2.799943 -3.20201 -3.696035 -4.046268 -4.379956 -4.730843 -5.188717 -5.436774 -5.305152 -4.783867 -3.963965 -3.300569 -2.811004 -2.279778 -1.617915 -1.396685 -1.630104 -1.826369 -1.514031 -.3924266 .9804626 2.147109 3.051765 3.484749 3.383981
1.097329 1.187136 1.360545 1.474139 1.513513 1.441787 1.347568 1.313566 1.216346 1.169992 1.091728 1.033276 1.012105 .9893877 .9137836 .8080603 .6886896 .5877592 .5005725 .4684169 .3944155 .3392164 .3598377 .2765376 .02888412 -.3328913 -.8610975 -1.283844 -1.650452 -1.894107 -2.067988 -2.209294 -2.311877 -2.294448 -2.296212 -2.349675 -2.470247 -2.703232 -3.204199 -3.583635 -4.058433 -4.567338 -5.042411 -5.368269 -5.370194 -4.979006 -4.285666 -3.523024 -2.957637 -2.461914 -1.850788 -1.279523 -1.089682 -1.040419 -.8900978 -.2367379 .8855402 2.16949 3.085772 3.655781 3.742019
1.082143 1.220184 1.370667 1.45804 1.499934 1.433778 1.367859 1.320905 1.244641 1.194563 1.143244 1.083759 1.025243 1.013585 .9166585 .7864121 .6395168 .509596 .4460959 .414764 .3720189 .370682 .4945616 .3969184 .1556821 -.3011792 -.75871 -1.150675 -1.521306 -1.892197 -2.188773 -2.403331 -2.486911 -2.470241 -2.388705 -2.369349 -2.344258 -2.395917 -2.712228 -3.126061 -3.542841 -4.171906 -4.75794 -5.13489 -5.256157 -5.107982 -4.628296 -3.845475 -3.178049 -2.68576 -2.126913 -1.470421 -.9468132 -.5442889 -.2554195 .1346721 .8962062 1.876413 2.690668 3.389917 3.794453
1.123008 1.197875 1.348963 1.464981 1.447357 1.409037 1.350265 1.341857 1.281621 1.218213 1.154989 1.098068 1.028138 .9909775 .8170359 .656415 .5238941 .4270763 .4024258 .407915 .4321907 .4965193 .5518011 .4078849 .106864 -.2920631 -.6266215 -.9682758 -1.343763 -1.741183 -2.18664 -2.547843 -2.732502 -2.733031 -2.61339 -2.516336 -2.378413 -2.332378 -2.430273 -2.734759 -3.156945 -3.617421 -4.11907 -4.497244 -4.760153 -4.900425 -4.672932 -4.038066 -3.391966 -2.899134 -2.424957 -1.640855 -.906081 -.3414414 .05127412 .4041992 .746861 1.439129 2.21571 2.927569 3.553782
1.142095 1.147878 1.283772 1.394645 1.355782 1.342918 1.376722 1.39542 1.33141 1.269835 1.173714 1.06771 .9822497 .9059613 .7007 .5216587 .4525108 .4061128 .4125925 .4044318 .4681658 .4989063 .4376083 .2744459 -.001437611 -.2280634 -.4926121 -.7727028 -1.159868 -1.60681 -1.998214 -2.434785 -2.904043 -3.020907 -2.961912 -2.749297 -2.584681 -2.391222 -2.387927 -2.485904 -2.780514 -3.202905 -3.497359 -3.795544 -4.050592 -4.303615 -4.288947 -3.82756 -3.229143 -2.784476 -2.31753 -1.580131 -.8363038 -.3872967 -.1349601 .1311964 .4576963 .975125 1.717805 2.471185 3.215276
1.198709 1.188429 1.202293 1.269031 1.191687 1.269593 1.404345 1.442432 1.391844 1.301779 1.195929 1.062413 .9366 .7704986 .6051758 .4620012 .5212518 .473994 .4125679 .4195241 .4001492 .3923932 .24178 .1529668 -.08174121 -.1806074 -.404615 -.6031596 -.9288492 -1.310311 -1.823233 -2.431758 -2.92228 -3.22134 -3.215085 -3.072851 -2.859553 -2.619375 -2.486762 -2.528308 -2.584637 -2.804983 -3.024433 -3.179519 -3.415056 -3.616797 -3.650888 -3.385108 -2.872676 -2.331892 -1.814581 -1.305212 -.8427898 -.6968557 -.7562736 -.6881205 -.3457443 .3268507 1.089523 1.916745 2.751233
1.270767 1.267249 1.240041 1.146007 1.119237 1.219638 1.439892 1.46641 1.376899 1.260329 1.165303 1.045558 .8845534 .7371268 .5430962 .5149607 .5880079 .567321 .4978745 .4369124 .3410704 .2774227 .1219697 .01251229 -.06288934 -.1936163 -.3043146 -.4716166 -.7714435 -1.24394 -1.767592 -2.397032 -3.009992 -3.309637 -3.353657 -3.318046 -3.136919 -2.862818 -2.672195 -2.583128 -2.4707 -2.514384 -2.568215 -2.727613 -2.893293 -3.043216 -3.082497 -2.895115 -2.42748 -1.843642 -1.283117 -.8611237 -.6004617 -.659484 -1.026434 -1.346488 -1.293446 -.5699167 .2834572 1.214915 2.119899
1.325897 1.314479 1.215901 1.195108 1.180207 1.220864 1.407085 1.396435 1.269527 1.252812 1.150938 1.055309 .8867171 .7617894 .6015716 .5428932 .6732138 .6398508 .5639927 .4594089 .347583 .2092513 -.007364105 -.1098193 -.1910274 -.2911337 -.3214315 -.4632577 -.7368925 -1.201791 -1.733818 -2.234512 -2.84881 -3.217364 -3.328991 -3.328813 -3.246606 -3.082022 -2.90729 -2.697301 -2.520362 -2.320819 -2.205566 -2.284745 -2.402954 -2.499644 -2.622148 -2.470808 -2.178829 -1.680016 -1.16809 -.6987344 -.4338124 -.3550086 -.6988896 -1.275718 -1.661086 -1.391374 -.6711469 .2849934 1.25204
1.391397 1.370614 1.277716 1.258903 1.244267 1.220542 1.363772 1.271094 1.188226 1.222589 1.142793 1.068335 .9759504 .8491761 .6696103 .6117243 .7322609 .6904645 .6324052 .5155618 .3705524 .1439554 -.08413502 -.2228078 -.3339433 -.4069862 -.500416 -.5964258 -.8992751 -1.319112 -1.770857 -2.228466 -2.670033 -3.056589 -3.209147 -3.262078 -3.269032 -3.17373 -3.04122 -2.825666 -2.532765 -2.199965 -1.991177 -1.931875 -1.862044 -1.943359 -2.067346 -2.057909 -1.94731 -1.632313 -1.244724 -.8463696 -.4973353 -.2798688 -.3550861 -.7754086 -1.436593 -1.812897 -1.513867 -.7100279 .3056018
1.452679 1.409165 1.362291 1.373669 1.383321 1.381183 1.303647 1.169197 1.132295 1.188881 1.166586 1.114614 1.049742 1.004226 .9351696 .8149683 .7684911 .7067106 .6563256 .5888581 .369679 .1421695 -.1470034 -.3320307 -.4598112 -.5457743 -.6679692 -.8951283 -1.185084 -1.54882 -1.930153 -2.360903 -2.676885 -2.874823 -3.078308 -3.162906 -3.189336 -3.131824 -2.963606 -2.716159 -2.381839 -1.993484 -1.712837 -1.402304 -1.316092 -1.233053 -1.453695 -1.647702 -1.845974 -1.684303 -1.348274 -1.003766 -.6436596 -.3161109 -.06963392 -.3120622 -1.158081 -1.877484 -2.014851 -1.460011 -.5201102
1.512668 1.461515 1.426095 1.423038 1.50142 1.444041 1.322449 1.204188 1.184017 1.181112 1.189871 1.158748 1.11597 1.149735 1.104673 .985606 .8332412 .7253101 .6451841 .5834941 .4078134 .1777767 -.1236124 -.3247037 -.4705843 -.583923 -.7346752 -1.044303 -1.408166 -1.823316 -2.198257 -2.511538 -2.77931 -2.916047 -3.023247 -3.093608 -3.061965 -2.96549 -2.763336 -2.447276 -2.074078 -1.652094 -1.223575 -.9204769 -.7949259 -.8622704 -1.098607 -1.481243 -1.763072 -1.735419 -1.366657 -.9265277 -.5028892 -.1106086 .1024202 -.250934 -1.096462 -1.854513 -2.294554 -1.981737 -1.109103
1.549836 1.535201 1.505218 1.503962 1.569817 1.499349 1.376769 1.260139 1.232909 1.201304 1.202123 1.209706 1.192792 1.16756 1.1201 .9741209 .8922754 .7559037 .6887488 .566554 .3534034 .1457663 -.08676558 -.3088725 -.4153871 -.4916952 -.6926904 -1.060632 -1.571447 -2.108799 -2.567203 -2.758411 -2.93563 -2.993483 -2.965013 -2.945395 -2.903168 -2.734611 -2.400241 -2.125733 -1.750126 -1.242607 -.9475369 -.8141661 -.7939733 -.9197914 -.9988928 -1.242707 -1.558463 -1.546063 -1.219904 -.7820487 -.2822116 .01722795 -4.442009E-06 -.365219 -.903309 -1.573639 -1.997701 -1.996172 -1.298007
1.61242 1.625529 1.6088 1.608116 1.673415 1.608666 1.477036 1.359888 1.28309 1.218104 1.198467 1.184629 1.223719 1.200107 1.13337 1.030802 .9408177 .8315763 .725071 .5472634 .2746818 .1122611 -.1255149 -.2474261 -.2832315 -.3970548 -.6586143 -1.156649 -1.808473 -2.488231 -2.915391 -3.069612 -3.123096 -3.030158 -2.877526 -2.788327 -2.684139 -2.413364 -2.013642 -1.743172 -1.349101 -1.002773 -.9398381 -1.010181 -1.141715 -1.19359 -1.119217 -1.053235 -1.057796 -1.059241 -.9267842 -.6444746 -.3369828 -.1312054 -.210979 -.4504324 -.7724195 -1.178625 -1.408863 -1.371995 -.8574739
1.72371 1.728693 1.731949 1.762325 1.775786 1.671336 1.552539 1.400826 1.288806 1.256028 1.213149 1.215372 1.241464 1.23353 1.157132 1.070112 .9937311 .9193016 .7375532 .4941234 .279742 .07477625 -.09747823 -.1706218 -.2794976 -.4560374 -.8167521 -1.348226 -2.114295 -2.797836 -3.090312 -3.174453 -3.19037 -2.999761 -2.855931 -2.705675 -2.426394 -2.046961 -1.639763 -1.318503 -1.083811 -1.05606 -1.245367 -1.390434 -1.528219 -1.536587 -1.373272 -1.142906 -.845465 -.7585304 -.7529013 -.7033755 -.6189921 -.5639306 -.5630597 -.6896072 -.8363383 -.9856761 -.9813116 -.7164216 -.1564426
1.87231 1.888866 1.882924 1.882215 1.801424 1.689459 1.555847 1.476988 1.39409 1.354504 1.278239 1.234483 1.285789 1.218241 1.093788 1.046171 1.031511 .8974881 .7337466 .4881314 .2382245 .06135055 -.0791292 -.2065902 -.3980671 -.7113135 -1.153819 -1.727276 -2.402566 -2.868076 -3.097437 -3.079422 -3.049153 -2.877133 -2.747429 -2.5808 -2.250412 -1.786007 -1.375876 -1.188425 -1.15779 -1.399718 -1.755534 -1.901032 -1.8759 -1.762755 -1.594234 -1.367471 -1.011433 -.8040119 -.7997064 -.8549616 -.9043113 -.8994789 -.9376061 -.8988178 -.9237297 -.8244592 -.5451788 -.1314648 .4306865
