py_wake/examples/data/AJ_ParqueFicticio/Rough survey   Sector 1   Height 200m   Power density.grd
DSAA
73  159
 258469   265669
 6501692   6517492
 52.88049   497.129
[rows 84 to 111 of 159, columns 0 to 62 of 73]
145.5677 143.3754 141.7151 140.1767 138.7267 136.7267 135.3219 133.4506 131.805 130.6792 129.6739 128.0638 126.0265 124.8871 124.0872 123.4383 122.7046 122.521 123.5031 125.4275 127.3296 129.0692 130.9901 133.2541 136.0901 138.5377 140.4773 142.412 143.5281 145.3635 148.0297 150.7799 152.4813 152.9118 151.0751 151.1771 149.0459 148.2141 149.7884 151.1416 153.1457 153.2444 154.4735 154.8976 155.2731 157.2049 160.2769 163.1033 167.6806 172.3842 176.6994 178.8455 179.0301 177.1969 175.0297 174.1099 173.182 172.5003 172.3322 170.692 168.0247 162.8201 159.0102
142.6098 141.408 139.7594 138.0594 136.5369 134.745 133.3174 131.4566 129.8518 128.7394 127.1635 125.2702 123.3448 121.8556 121.6371 121.1054 120.3742 119.3804 119.1008 119.5468 121.0848 122.8458 125.662 129.1249 133.1069 136.19 138.3358 139.2462 140.2663 140.5691 143.3116 147.0386 148.4291 150.032 148.7423 149.6247 149.0875 150.4341 153.1113 155.2652 156.0948 156.258 156.1272 157.1868 157.7406 159.2295 160.5995 161.6053 162.9072 165.7702 170.4519 174.2172 176.8567 178.0398 177.7958 177.919 178.5832 177.4244 175.9259 173.0535 168.874 162.2534 158.3115
139.2931 138.3716 137.2009 135.8927 134.2183 132.8452 131.1306 129.5349 128.6133 127.062 125.2586 123.6786 122.1053 120.363 119.4269 119.0749 118.4814 117.587 116.193 115.2883 115.2775 116.2907 118.3259 121.3127 125.1703 128.8243 130.894 133.0341 133.7787 135.1315 139.1285 142.28 145.8677 148.4242 149.0358 150.7107 150.1281 151.9593 155.2495 158.1109 158.5497 158.3891 160.3636 162.2661 163.4276 164.2556 165.0301 164.6427 164.4126 164.8546 166.8496 170.8935 175.2164 178.395 180.2019 181.5197 182.6263 181.3124 178.8692 175.1066 169.749 162.961 159.202
137.0862 135.9058 134.7877 133.3672 131.5814 130.1316 128.7964 127.7403 126.7885 125.2638 123.7031 121.9604 120.6374 118.6634 116.9327 116.3958 116.0097 115.0981 114.4023 113.0462 111.9934 111.5277 111.6985 113.7394 116.9225 120.9447 124.2912 128.1807 130.5596 134.7996 140.509 144.7367 148.8885 151.9895 153.7653 154.1805 153.9699 155.6987 157.3581 159.1735 160.0558 162.0208 164.1607 167.4426 168.5851 168.6386 168.0986 167.5711 166.0965 164.6591 163.9371 167.0155 171.4064 176.7233 180.3355 182.7279 182.9523 181.8264 177.9394 174.9988 170.7643 166.0757 163.1358
135.9688 134.084 132.557 130.8593 129.3004 127.3621 125.9896 124.8428 123.7367 123.0625 122.0789 120.4413 119.0662 117.4716 115.4462 113.4178 112.742 112.266 112.0137 111.325 110.7751 110.2347 110.4559 111.3387 114.1856 118.9903 124.613 130.8183 135.8918 142.6978 147.0943 151.7558 153.7656 156.5259 158.1228 157.984 159.2242 161.3929 161.9208 162.6928 163.8608 166.4963 168.3004 168.8773 168.67 167.5511 166.3338 165.6605 164.1392 161.3876 159.3316 159.2869 163.2014 168.2044 173.457 176.2285 176.7745 175.8948 174.163 172.029 171.4193 169.7513 170.4434
135.2955 132.931 130.942 129.3126 127.7257 125.7152 123.803 121.5837 120.4359 119.9877 119.7345 119.1266 117.7861 116.3667 114.6343 111.6523 109.8595 109.6302 109.8483 110.5406 111.894 112.9336 114.4759 117.0983 120.81 125.6431 132.9966 140.9088 149.6511 155.2695 158.4788 159.1103 159.8541 160.4532 160.7029 160.4475 163.021 167.13 168.1282 168.8373 169.9948 171.0154 171.0403 169.6776 167.7478 166.5441 164.6063 163.2724 160.868 158.877 155.2679 153.6524 151.816 154.9774 160.5034 164.5094 165.8324 165.7763 166.0807 167.6127 170.2577 172.4598 176.0627
135.2739 132.6127 130.3819 127.879 126.24 124.5004 122.4545 120.3819 118.4431 117.3343 117.2524 117.3935 116.5367 115.5323 114.1882 111.8177 109.1328 107.9832 108.414 111.0778 114.794 118.8711 123.2427 128.5862 134.42 142.1081 150.0996 158.4599 165.1722 168.5866 168.9436 167.7298 167.3201 166.4397 165.1205 165.7686 168.2634 172.3779 174.8379 176.612 177.0552 176.541 175.8189 174.3942 175.5345 175.332 174.992 173.1264 169.2818 165.5177 162.5832 159.2168 155.8252 152.5944 152.1762 154.0637 154.5095 154.8664 157.3752 163.548 170.3631 176.761 181.6237
135.1694 132.4267 130.2374 127.7029 125.6022 123.5995 122.0822 120.204 118.2488 116.7838 115.909 115.8097 115.7442 115.5171 114.8579 113.031 110.6139 109.4043 109.9741 112.9562 119.4027 127.2225 134.6756 142.8712 153.2537 161.0363 168.3383 174.7413 178.7527 179.691 179.0166 177.5531 176.0488 174.6337 172.9057 174.3038 174.9931 178.2755 182.3014 184.4377 185.1548 184.969 184.8014 186.3987 189.5313 191.0036 189.1673 187.1222 183.0047 180.1497 180.1213 177.0426 171.6735 165.9947 158.2903 152.7569 151.8391 154.0145 159.0798 167.1539 174.3429 183.1791 188.3674
135.8887 132.6089 129.9093 127.468 125.2065 123.7574 122.6205 120.799 119.2178 117.4222 115.9959 115.5968 115.3685 116.0642 116.7967 115.7133 114.8828 114.8079 116.0194 119.3485 126.585 136.9752 148.4498 159.7777 170.1773 177.4185 184.1727 188.7013 189.8201 189.2879 187.7988 186.0267 183.343 180.3889 178.4138 181.1218 182.2816 185.0384 188.6841 192.3323 194.7887 195.4951 197.8421 202.2533 204.584 204.2291 200.3075 197.5367 196.2303 197.2749 198.6049 196.9237 192.4912 185.4066 177.1967 171.3223 168.238 170.168 173.7571 178.5646 183.7635 191.0107 196.8033
135.3752 132.6416 130.0049 127.3658 125.6337 124.2295 123.1989 121.8887 120.4712 119.0688 117.5041 116.0509 115.9751 116.8214 118.4108 120.1935 121.839 123.8654 126.9344 130.9179 138.0144 150.5088 163.5826 175.2326 184.9827 191.7206 197.0235 200.2017 199.0879 195.5889 192.6557 189.1658 186.8812 184.8447 185.2717 187.9527 189.6408 191.286 196.0476 201.5314 205.4812 209.5796 213.3713 215.9552 214.4376 210.9903 207.3255 204.0471 204.8303 207.2648 208.4948 208.6968 206.4451 202.2607 198.0164 193.9748 192.6808 192.0892 191.1615 191.0834 193.388 198.315 204.737
134.8267 132.6031 129.9396 127.8173 125.8021 124.9423 124.2603 123.2411 122.2454 121.2558 119.6787 118.021 117.2362 117.9527 120.4326 124.4127 129.8031 135.7894 140.9495 146.1799 154.8301 165.0145 176.8306 187.7707 197.5456 202.9281 206.7303 207.5363 202.1824 197.1242 192.4333 188.3799 187.5624 187.6368 191.4163 195.6093 197.2696 200.3366 206.1926 211.8315 216.8794 220.1659 222.265 220.0802 216.7767 212.1645 208.785 207.9301 208.698 209.4248 208.5155 206.6055 207.5357 208.4121 207.622 207.198 207.0661 205.9686 203.728 201.4764 201.7934 204.0683 210.6729
133.7146 131.9843 130.2473 128.6768 127.0571 125.8604 125.6029 125.7013 125.0162 123.9704 123.0889 121.9821 120.8715 120.948 123.3934 128.8195 137.1772 146.2862 155.0008 162.3732 172.5307 180.5102 189.2235 198.7347 206.6974 209.8672 209.5986 204.933 197.5367 191.3441 186.8103 185.4517 186.6742 190.8734 196.8119 203.4408 206.0498 209.6587 215.1478 219.9051 221.4587 221.681 221.3797 217.862 214.1499 211.3833 209.5776 209.236 207.675 204.7272 201.416 198.8318 198.6625 200.4793 203.5077 206.9727 209.3783 210.6096 211.2184 210.4422 209.1485 208.9413 212.2494
132.8828 131.7088 131.0699 130.2669 129.4691 128.2627 127.5875 127.8092 128.5826 128.0639 127.7836 127.8041 127.4206 127.8653 130.0693 135.3242 144.1168 155.1837 166.2968 178.2007 190.2119 196.6966 202.398 207.5805 212.1403 209.2754 201.568 191.5908 182.8827 178.2222 178.3358 181.9266 188.4957 195.8117 204.7514 211.8512 216.0531 218.6629 222.5492 225.2205 221.9065 217.4071 213.5311 209.6811 207.7086 206.933 205.9266 203.1648 198.9837 194.4086 189.6307 185.6635 181.8032 180.927 187.4903 193.4046 199.6439 205.5004 211.5944 214.8044 213.5084 211.3867 210.4935
132.8974 132.358 132.0433 132.1491 132.4848 132.138 131.2393 130.9795 132.4002 133.0606 133.9168 135.3708 137.1219 139.0549 141.9653 146.532 153.8004 164.2222 178.3463 193.4578 204.6541 209.0887 212.3382 214.3238 211.0588 200.8807 188.7711 176.5632 169.6756 170.6137 177.1907 186.0311 193.9138 201.7736 211.1587 218.3194 224.9712 224.8844 223.2215 220.3996 213.7103 207.8802 203.0161 199.0387 196.3406 194.0684 190.2476 186.9652 181.9181 177.1335 172.6989 167.4413 163.7068 162.3723 167.071 174.0372 182.3322 190.4039 199.1443 207.9166 212.4171 211.1811 208.4328
134.9951 134.2818 134.1549 134.4513 135.0502 136.5325 136.7557 136.0756 137.6771 139.729 142.4684 145.9096 150.3828 155.541 160.7061 164.9481 171.3752 182.5668 195.235 208.3356 217.8589 219.8861 219.8131 217.5437 207.6346 194.5028 181.8432 174.5904 176.5772 183.3818 191.9239 198.4326 203.1587 205.5755 211.2697 216.7655 220.2295 219.4252 215.6028 210.3873 202.2654 195.3409 190.2029 186.6837 183.5146 179.1805 172.5536 166.7695 161.5332 156.8413 153.9281 152.3374 153.8083 159.1973 164.5087 170.3129 175.1233 182.0704 190.2609 198.777 206.4578 211.0605 209.4533
138.795 137.8967 138.3836 138.5853 139.2743 141.7873 144.124 144.3767 145.9974 149.4387 153.7242 159.3989 166.507 175.3063 184.2661 190.6648 199.7905 207.8835 217.1999 226.0179 231.7073 231.9332 228.4682 219.2971 204.4539 192.2977 185.6698 189.8806 198.3183 205.5626 209.8348 211.5022 210.6572 207.454 208.483 209.3634 207.4252 203.8641 200.429 195.4941 188.6355 180.9257 175.5291 171.4057 169.9514 167.0081 162.4653 155.7817 150.9742 147.5769 147.0238 151.2381 160.6653 171.9138 178.3022 184.8086 189.3274 194.9807 198.6148 205.1877 213.8842 219.6203 219.2291
144.4112 144.9445 145.5515 146.0356 146.6466 149.4153 153.7968 156.8136 158.9818 163.3712 169.3199 176.4149 185.5157 196.8055 208.9895 222.6993 232.9619 239.8858 243.8572 247.4468 248.064 242.7587 234.472 219.8508 206.2445 199.551 202.3556 211.7558 221.5675 224.2062 223.0136 219.8383 215.4639 211.3149 206.7922 201.5274 195.1289 189.195 183.3687 178.9435 171.989 164.6318 160.6925 160.2325 159.4761 159.2406 158.8983 156.6805 155.6117 155.396 158.0694 167.134 178.2065 189.3158 197.9143 205.4934 210.7628 216.1752 220.9467 225.2554 230.5768 231.5807 231.0015
151.2203 153.9538 155.2684 156.463 157.8479 160.3326 166.3909 172.2401 176.6788 182.6456 189.8212 198.1214 209.0749 222.3216 239.8458 255.8466 267.4557 273.3093 273.1542 271.571 265.2197 253.9171 239.5414 225.8561 218.5343 220.7865 228.6895 235.1063 237.5844 234.5258 229.1371 223.2134 217.8801 211.9501 207.6095 199.154 190.7861 182.9736 173.7197 164.3884 157.8153 154.0191 153.956 157.2451 161.3825 164.2962 164.9538 169.1107 173.6133 176.0708 182.2571 190.0262 199.1529 208.4691 217.0248 223.4248 228.4373 232.7546 235.5329 236.5404 236.2341 236.5849 238.4948
158.5573 163.0126 166.511 169.0638 171.6322 174.6579 180.6078 189.8423 197.3059 205.2655 214.6713 223.1644 237.7385 255.436 272.0084 288.6809 299.3883 304.4757 303.3297 296.4533 282.9905 268.735 255.5105 247.1015 245.8556 249.3224 251.4437 249.5912 243.0262 236.0868 229.7628 223.3837 218.5701 212.4976 205.4856 197.2278 188.4606 179.5689 168.8023 158.3682 153.5927 154.4264 161.0382 167.9349 173.0062 176.9289 181.9624 188.3778 196.7126 203.5464 209.3936 215.021 220.3428 225.7679 231.0046 233.7287 236.0143 236.2836 236.275 234.7875 234.1815 237.5545 246.9931
164.7595 171.3577 177.1625 182.0218 186.7938 189.6132 194.8208 204.4107 215.6032 225.8692 237.5963 252.1348 269.4186 287.1024 304.7751 320.7155 328.811 332.5356 331.4975 322.8373 310.4167 299.2992 290.3177 284.2053 282.0607 277.3348 268.7468 255.2994 242.6187 232.68 227.2744 223.1142 218.3912 211.6519 204.1698 195.1916 186.4985 177.1576 167.821 162.3953 162.3042 165.474 172.8935 179.3174 183.9584 188.7747 198.1549 210.0327 220.8999 230.8243 236.9132 239.992 241.1217 240.6822 239.6424 237.8944 238.1258 237.283 235.7874 233.3618 233.2309 237.9785 247.8158
166.2994 175.9386 185.3982 193.9429 199.635 203.044 207.2125 215.9885 226.877 239.5029 255.9924 274.9969 294.3544 313.3705 331.6486 347.4377 357.2887 360.4358 359.4795 355.7575 347.6176 341.1316 335.3607 328.6408 318.3253 301.2116 280.9805 262.2396 248.1747 238.6231 233.3049 227.8716 222.8757 214.9286 207.1516 197.9011 188.5263 177.8556 170.0065 168.89 172.4291 176.745 180.6996 184.7175 189.0742 195.9588 209.0674 226.9107 242.4596 255.9068 265.3104 268.4871 266.806 261.2013 256.1793 252.3017 250.9226 249.272 246.31 242.0869 238.4524 238.5843 241.7737
166.7662 176.0468 187.9823 198.9625 207.9604 213.0685 218.323 226.4333 236.5092 251.8284 269.84 290.5106 310.8197 330.0967 346.6728 362.7023 376.1108 382.9341 385.7497 384.6633 383.1213 380.4688 375.6393 365.2228 346.5101 320.5494 297.427 279.5452 267.0504 257.3956 249.7038 241.6882 232.2666 224.1933 214.8419 204.5292 192.9848 181.2723 175.9184 175.7304 178.6711 182.4257 184.8589 189.9242 198.4402 210.1741 223.4431 241.2318 261.3749 278.9711 293.6561 300.9003 301.2105 296.6066 291.0186 286.124 278.8874 271.4271 264.0362 255.9666 248.2418 241.1355 236.6009
173.7264 179.6653 188.9208 200.6108 212.8522 222.3442 229.6038 237.0081 250.9865 267.3902 284.1069 302.0658 320.3664 338.0891 352.0479 362.4344 376.7313 389.7248 395.4512 397.64 397.2514 395.7063 392.5437 382.312 365.4984 342.1867 323.1028 307.5885 296.1186 284.9321 272.7881 259.5354 246.4863 233.3654 220.2474 207.5262 196.2743 186.1415 183.1489 182.2707 185.2316 189.5966 194.8474 204.7348 217.938 234.0841 246.9449 258.6556 277.1412 297.2628 315.9038 331.762 338.3867 338.6817 334.0683 322.415 307.6665 291.3882 277.6609 267.3211 256.945 247.3263 238.3188
190.9743 192.9028 198.138 207.264 219.5269 233.5152 244.1707 254.9957 268.9617 282.6783 296.701 311.0977 324.9095 335.6613 343.0434 348.4658 356.4616 369.9068 380.3238 387.3394 389.3423 390.6934 388.6301 383.9459 375.6979 363.8767 350.9424 339.8125 328.8116 314.4405 298.013 279.657 260.0785 242.603 227.1802 213.6752 201.8967 195.6486 194.7919 195.0147 197.9019 205.2482 215.6343 229.916 245.9715 263.6323 277.4358 285.898 297.2292 312.7217 328.5835 347.2823 358.5982 359.575 354.1253 339.3114 319.2203 300.661 285.3248 272.7991 261.6555 251.5516 242.8573
216.9858 217.4826 220.0756 225.4441 234.0961 246.7165 260.9196 275.5642 285.6309 295.5356 306.363 317.3262 324.4231 326.8972 324.9992 324.0089 325.0826 333.3802 346.8644 358.8093 369.3383 374.6707 377.9052 380.0358 378.4212 375.1633 370.2625 364.1432 356.5006 340.9217 321.7031 299.2022 275.1261 254.1284 236.59 222.8731 214.1802 210.9326 212.8336 215.8965 221.6866 232.1922 245.7561 259.4458 275.076 292.2744 305.1719 313.8484 321.0534 329.1866 339.0508 349.9019 351.9688 350.2272 340.2705 326.3181 309.8861 294.752 282.6831 272.2115 263.0305 253.7846 247.8771
248.9157 248.724 249.2117 253.8494 258.8037 266.7769 277.1422 289.0168 296.9847 303.1667 311.2633 316.5662 318.6477 312.1913 305.1991 299.8738 296.0721 298.5025 309.8244 325.3299 340.707 351.4386 358.4223 366.1774 370.9338 374.977 381.0448 383.7487 374.8052 356.7096 334.044 306.2695 280.4123 257.0307 241.1256 231.8674 229.3898 232.4185 238.0224 245.9604 254.4169 265.4921 278.2474 288.3747 297.7622 309.6599 319.9501 329.3383 336.8663 344.8192 347.8323 346.947 339.8777 329.1057 313.2816 298.6402 287.1184 277.1686 269.7163 264.2547 257.9818 251.6347 249.0424
280.4404 281.3553 280.466 281.8185 282.2528 284.2672 289.4713 297.0064 304.4647 309.4076 313.2218 314.6738 311.396 303.0273 293.9261 284.9373 277.3521 271.4933 277.1544 292.3503 310.3208 325.105 335.2933 346.6393 357.4982 368.1727 380.8549 386.1066 377.0992 358.0508 333.2125 305.5594 279.8356 259.2954 246.3372 243.944 247.8586 256.062 266.6504 279.0432 289.712 299.7903 306.8832 309.9761 311.0092 311.8029 315.1559 321.4535 329.6724 338.8886 343.5552 338.406 324.7767 306.8343 289.4599 274.8103 264.4853 257.4903 253.1409 248.5655 244.471 242.2212 243.8139
308.8734 307.6827 305.2914 304.4113 302.7933 301.0678 301.9622 306.9243 313.53 318.976 320.653 320.5485 314.9612 305.5522 297.1634 286.0156 272.9449 264.6299 261.3251 268.838 284.1235 301.3669 316.102 331.3041 347.3152 360.2065 372.6315 374.2201 361.516 349.1664 333.506 313.0428 293.9189 277.8253 267.2556 265.5386 271.8039 283.9431 297.5381 312.0426 323.7039 330.3028 330.2079 325.3147 317.5492 309.0307 305.0819 304.2869 309.5488 319.2126 320.1909 314.548 299.895 283.0345 268.7623 257.6704 249.7301 244.5157 239.8917 235.4601 232.207 230.565 234.6092
