py_wake/examples/data/AJ_ParqueFicticio/Rough survey   Sector 12   Height 30m   Weibull-k.grd
DSAA
73  159
 258469   265669
 6501692   6517492
 .6542969   2.220703
[rows 112 to 139 of 159, columns 0 to 62 of 73]
1.615234 1.599609 1.603516 1.599609 1.583984 1.583984 1.583984 1.583984 1.576172 1.576172 1.576172 1.576172 1.576172 1.576172 1.576172 1.576172 1.576172 1.568359 1.568359 1.568359 1.568359 1.587891 1.642578 1.654297 1.591797 1.568359 1.564453 1.572266 1.603516 1.626953 1.638672 1.638672 1.634766 1.642578 1.646484 1.650391 1.662109 1.634766 1.572266 1.564453 1.564453 1.564453 1.564453 1.611328 1.642578 1.623047 1.580078 1.494141 1.443359 1.634766 1.595703 1.568359 1.591797 1.626953 1.650391 1.654297 1.658203 1.658203 1.662109 1.681641 1.810547 1.810547 1.810547
1.634766 1.611328 1.607422 1.607422 1.599609 1.583984 1.580078 1.576172 1.576172 1.576172 1.576172 1.576172 1.576172 1.576172 1.576172 1.587891 1.568359 1.568359 1.568359 1.568359 1.576172 1.607422 1.642578 1.654297 1.599609 1.564453 1.564453 1.580078 1.615234 1.638672 1.658203 1.654297 1.654297 1.666016 1.658203 1.654297 1.658203 1.638672 1.580078 1.564453 1.564453 1.564453 1.564453 1.615234 1.646484 1.642578 1.619141 1.576172 1.529297 1.623047 1.583984 1.568359 1.587891 1.615234 1.642578 1.650391 1.654297 1.658203 1.666016 1.677734 1.712891 1.810547 1.810547
1.646484 1.626953 1.623047 1.619141 1.611328 1.595703 1.576172 1.576172 1.576172 1.576172 1.576172 1.576172 1.576172 1.576172 1.576172 1.580078 1.568359 1.568359 1.568359 1.568359 1.568359 1.607422 1.591797 1.611328 1.607422 1.564453 1.564453 1.595703 1.634766 1.654297 1.666016 1.669922 1.650391 1.662109 1.662109 1.654297 1.646484 1.642578 1.611328 1.587891 1.568359 1.564453 1.580078 1.626953 1.650391 1.654297 1.642578 1.619141 1.615234 1.638672 1.611328 1.580078 1.587891 1.615234 1.634766 1.646484 1.658203 1.662109 1.669922 1.681641 1.701172 1.736328 1.810547
1.642578 1.634766 1.630859 1.626953 1.619141 1.599609 1.580078 1.576172 1.576172 1.576172 1.576172 1.576172 1.576172 1.576172 1.583984 1.587891 1.568359 1.568359 1.568359 1.576172 1.591797 1.611328 1.587891 1.556641 1.611328 1.564453 1.564453 1.595703 1.638672 1.642578 1.654297 1.658203 1.654297 1.658203 1.650391 1.638672 1.634766 1.634766 1.634766 1.634766 1.615234 1.599609 1.623047 1.646484 1.662109 1.666016 1.662109 1.650391 1.646484 1.654297 1.654297 1.630859 1.623047 1.623047 1.634766 1.646484 1.654297 1.662109 1.669922 1.681641 1.689453 1.701172 1.705078
1.623047 1.623047 1.619141 1.611328 1.607422 1.583984 1.576172 1.576172 1.576172 1.576172 1.576172 1.576172 1.576172 1.599609 1.619141 1.619141 1.603516 1.583984 1.603516 1.630859 1.642578 1.646484 1.634766 1.568359 1.611328 1.564453 1.564453 1.599609 1.630859 1.634766 1.646484 1.654297 1.654297 1.646484 1.638672 1.626953 1.611328 1.619141 1.630859 1.642578 1.642578 1.634766 1.642578 1.658203 1.669922 1.673828 1.673828 1.673828 1.669922 1.669922 1.666016 1.654297 1.646484 1.646484 1.634766 1.646484 1.650391 1.666016 1.673828 1.685547 1.685547 1.697266 1.697266
1.595703 1.595703 1.595703 1.587891 1.576172 1.576172 1.576172 1.576172 1.576172 1.576172 1.576172 1.580078 1.595703 1.630859 1.634766 1.623047 1.619141 1.607422 1.626953 1.642578 1.654297 1.658203 1.658203 1.650391 1.623047 1.603516 1.580078 1.619141 1.638672 1.630859 1.650391 1.669922 1.666016 1.646484 1.650391 1.623047 1.580078 1.572266 1.587891 1.634766 1.638672 1.634766 1.634766 1.650391 1.666016 1.669922 1.673828 1.681641 1.681641 1.681641 1.677734 1.662109 1.654297 1.650391 1.646484 1.646484 1.646484 1.658203 1.673828 1.685547 1.689453 1.693359 1.689453
1.587891 1.583984 1.583984 1.587891 1.580078 1.576172 1.576172 1.576172 1.576172 1.576172 1.576172 1.583984 1.615234 1.638672 1.630859 1.607422 1.595703 1.591797 1.615234 1.630859 1.642578 1.662109 1.654297 1.642578 1.638672 1.638672 1.626953 1.646484 1.642578 1.634766 1.654297 1.677734 1.662109 1.646484 1.646484 1.591797 1.564453 1.564453 1.564453 1.572266 1.607422 1.607422 1.599609 1.599609 1.630859 1.642578 1.654297 1.669922 1.673828 1.681641 1.677734 1.662109 1.658203 1.654297 1.650391 1.650391 1.650391 1.650391 1.669922 1.681641 1.681641 1.681641 1.669922
1.572266 1.576172 1.583984 1.580078 1.576172 1.576172 1.576172 1.576172 1.576172 1.576172 1.576172 1.568359 1.583984 1.611328 1.595703 1.576172 1.568359 1.568359 1.568359 1.568359 1.583984 1.626953 1.642578 1.626953 1.623047 1.642578 1.654297 1.658203 1.654297 1.646484 1.666016 1.677734 1.642578 1.623047 1.611328 1.564453 1.564453 1.564453 1.564453 1.564453 1.568359 1.583984 1.576172 1.564453 1.587891 1.603516 1.615234 1.638672 1.650391 1.666016 1.669922 1.666016 1.658203 1.658203 1.658203 1.654297 1.658203 1.654297 1.669922 1.681641 1.677734 1.638672 1.623047
1.580078 1.587891 1.576172 1.576172 1.576172 1.576172 1.576172 1.576172 1.576172 1.576172 1.568359 1.568359 1.568359 1.568359 1.568359 1.568359 1.572266 1.572266 1.568359 1.564453 1.564453 1.595703 1.626953 1.603516 1.607422 1.626953 1.662109 1.654297 1.658203 1.650391 1.666016 1.666016 1.623047 1.607422 1.572266 1.564453 1.564453 1.568359 1.564453 1.564453 1.568359 1.595703 1.576172 1.568359 1.564453 1.580078 1.587891 1.599609 1.619141 1.638672 1.654297 1.654297 1.662109 1.658203 1.658203 1.658203 1.658203 1.658203 1.673828 1.681641 1.666016 1.630859 1.599609
1.583984 1.576172 1.576172 1.576172 1.576172 1.576172 1.576172 1.576172 1.576172 1.572266 1.572266 1.568359 1.568359 1.568359 1.568359 1.568359 1.572266 1.572266 1.568359 1.568359 1.564453 1.583984 1.615234 1.587891 1.583984 1.615234 1.630859 1.642578 1.654297 1.658203 1.666016 1.646484 1.607422 1.591797 1.564453 1.564453 1.564453 1.564453 1.568359 1.564453 1.580078 1.623047 1.595703 1.568359 1.564453 1.580078 1.591797 1.603516 1.619141 1.630859 1.642578 1.654297 1.650391 1.654297 1.654297 1.650391 1.646484 1.654297 1.669922 1.642578 1.607422 1.591797 1.619141
1.583984 1.576172 1.576172 1.576172 1.576172 1.576172 1.576172 1.576172 1.572266 1.568359 1.572266 1.572266 1.572266 1.568359 1.568359 1.568359 1.572266 1.568359 1.564453 1.564453 1.568359 1.568359 1.576172 1.564453 1.564453 1.568359 1.607422 1.615234 1.634766 1.658203 1.662109 1.638672 1.615234 1.580078 1.564453 1.564453 1.564453 1.564453 1.564453 1.568359 1.580078 1.611328 1.603516 1.568359 1.564453 1.580078 1.603516 1.611328 1.623047 1.626953 1.630859 1.650391 1.650391 1.642578 1.638672 1.634766 1.626953 1.642578 1.654297 1.642578 1.638672 1.650391 1.658203
1.580078 1.576172 1.576172 1.576172 1.576172 1.576172 1.576172 1.572266 1.580078 1.591797 1.568359 1.572266 1.572266 1.572266 1.568359 1.568359 1.568359 1.564453 1.548828 1.541016 1.544922 1.564453 1.564453 1.564453 1.568359 1.564453 1.564453 1.568359 1.607422 1.658203 1.662109 1.662109 1.630859 1.587891 1.564453 1.564453 1.564453 1.564453 1.568359 1.568359 1.572266 1.591797 1.599609 1.576172 1.568359 1.572266 1.591797 1.611328 1.626953 1.630859 1.630859 1.642578 1.650391 1.642578 1.630859 1.603516 1.587891 1.623047 1.673828 1.677734 1.658203 1.658203 1.666016
1.580078 1.576172 1.576172 1.576172 1.576172 1.576172 1.576172 1.572266 1.572266 1.595703 1.568359 1.572266 1.572266 1.572266 1.572266 1.576172 1.568359 1.568359 1.564453 1.564453 1.564453 1.568359 1.564453 1.580078 1.599609 1.568359 1.564453 1.564453 1.564453 1.646484 1.642578 1.669922 1.642578 1.591797 1.564453 1.564453 1.564453 1.568359 1.568359 1.568359 1.564453 1.576172 1.587891 1.583984 1.580078 1.580078 1.576172 1.591797 1.615234 1.634766 1.638672 1.642578 1.650391 1.658203 1.642578 1.599609 1.607422 1.642578 1.669922 1.673828 1.658203 1.654297 1.658203
1.576172 1.576172 1.576172 1.576172 1.576172 1.576172 1.572266 1.572266 1.568359 1.572266 1.568359 1.568359 1.572266 1.572266 1.576172 1.595703 1.607422 1.603516 1.599609 1.591797 1.599609 1.599609 1.607422 1.630859 1.630859 1.595703 1.576172 1.564453 1.564453 1.642578 1.568359 1.634766 1.638672 1.572266 1.564453 1.564453 1.568359 1.564453 1.564453 1.568359 1.572266 1.572266 1.580078 1.583984 1.587891 1.591797 1.580078 1.580078 1.599609 1.619141 1.634766 1.642578 1.650391 1.634766 1.587891 1.580078 1.595703 1.630859 1.650391 1.673828 1.669922 1.650391 1.654297
1.576172 1.576172 1.576172 1.576172 1.576172 1.572266 1.572266 1.572266 1.568359 1.568359 1.568359 1.568359 1.568359 1.568359 1.568359 1.568359 1.587891 1.603516 1.607422 1.607422 1.619141 1.619141 1.630859 1.646484 1.654297 1.646484 1.626953 1.607422 1.607422 1.650391 1.626953 1.572266 1.626953 1.564453 1.564453 1.564453 1.568359 1.556641 1.560547 1.568359 1.572266 1.568359 1.564453 1.564453 1.568359 1.580078 1.576172 1.568359 1.580078 1.580078 1.591797 1.595703 1.564453 1.548828 1.533203 1.529297 1.544922 1.576172 1.611328 1.666016 1.673828 1.650391 1.642578
1.576172 1.576172 1.576172 1.576172 1.572266 1.572266 1.572266 1.572266 1.568359 1.568359 1.568359 1.568359 1.564453 1.568359 1.564453 1.568359 1.564453 1.580078 1.580078 1.587891 1.603516 1.607422 1.626953 1.646484 1.646484 1.626953 1.611328 1.599609 1.603516 1.654297 1.607422 1.611328 1.619141 1.564453 1.564453 1.564453 1.568359 1.556641 1.548828 1.560547 1.560547 1.560547 1.564453 1.564453 1.564453 1.564453 1.572266 1.564453 1.564453 1.576172 1.607422 1.607422 1.591797 1.537109 1.494141 1.517578 1.568359 1.568359 1.580078 1.662109 1.658203 1.638672 1.626953
1.576172 1.576172 1.576172 1.572266 1.572266 1.572266 1.572266 1.572266 1.568359 1.568359 1.568359 1.564453 1.564453 1.564453 1.564453 1.564453 1.564453 1.564453 1.564453 1.568359 1.572266 1.572266 1.607422 1.623047 1.603516 1.580078 1.564453 1.564453 1.564453 1.595703 1.650391 1.572266 1.607422 1.564453 1.564453 1.564453 1.564453 1.537109 1.517578 1.529297 1.548828 1.552734 1.556641 1.560547 1.564453 1.568359 1.568359 1.572266 1.572266 1.595703 1.666016 1.685547 1.646484 1.599609 1.599609 1.615234 1.603516 1.580078 1.572266 1.662109 1.658203 1.623047 1.599609
1.576172 1.576172 1.572266 1.572266 1.572266 1.576172 1.572266 1.572266 1.572266 1.568359 1.564453 1.564453 1.564453 1.564453 1.568359 1.564453 1.568359 1.564453 1.564453 1.568359 1.568359 1.564453 1.587891 1.603516 1.568359 1.560547 1.564453 1.568359 1.568359 1.564453 1.638672 1.630859 1.564453 1.564453 1.564453 1.568359 1.548828 1.498047 1.470703 1.494141 1.533203 1.548828 1.548828 1.552734 1.560547 1.564453 1.568359 1.576172 1.583984 1.615234 1.685547 1.654297 1.642578 1.646484 1.626953 1.634766 1.619141 1.583984 1.568359 1.626953 1.650391 1.642578 1.642578
1.576172 1.576172 1.572266 1.572266 1.572266 1.572266 1.560547 1.560547 1.568359 1.568359 1.564453 1.564453 1.564453 1.564453 1.564453 1.564453 1.556641 1.568359 1.564453 1.564453 1.568359 1.564453 1.580078 1.607422 1.560547 1.552734 1.544922 1.556641 1.568359 1.564453 1.564453 1.564453 1.564453 1.564453 1.564453 1.564453 1.533203 1.509766 1.501953 1.505859 1.541016 1.552734 1.548828 1.556641 1.560547 1.568359 1.568359 1.572266 1.595703 1.634766 1.693359 1.662109 1.650391 1.650391 1.619141 1.619141 1.611328 1.580078 1.568359 1.603516 1.658203 1.654297 1.654297
1.576172 1.572266 1.572266 1.572266 1.572266 1.572266 1.564453 1.556641 1.560547 1.568359 1.564453 1.564453 1.568359 1.591797 1.564453 1.568359 1.560547 1.564453 1.568359 1.564453 1.564453 1.568359 1.576172 1.603516 1.560547 1.552734 1.548828 1.556641 1.568359 1.576172 1.595703 1.568359 1.564453 1.564453 1.564453 1.568359 1.560547 1.548828 1.541016 1.537109 1.548828 1.556641 1.560547 1.560547 1.564453 1.568359 1.564453 1.568359 1.603516 1.662109 1.685547 1.662109 1.705078 1.658203 1.626953 1.626953 1.623047 1.603516 1.599609 1.603516 1.634766 1.654297 1.638672
1.572266 1.572266 1.572266 1.572266 1.572266 1.572266 1.568359 1.556641 1.560547 1.568359 1.564453 1.564453 1.568359 1.619141 1.607422 1.564453 1.568359 1.564453 1.564453 1.568359 1.572266 1.568359 1.576172 1.591797 1.564453 1.560547 1.560547 1.564453 1.568359 1.599609 1.630859 1.611328 1.568359 1.564453 1.564453 1.564453 1.564453 1.568359 1.564453 1.548828 1.552734 1.556641 1.564453 1.564453 1.568359 1.572266 1.568359 1.572266 1.615234 1.693359 1.693359 1.732422 1.697266 1.666016 1.638672 1.634766 1.634766 1.603516 1.595703 1.580078 1.603516 1.638672 1.630859
1.572266 1.572266 1.572266 1.572266 1.572266 1.572266 1.564453 1.556641 1.556641 1.560547 1.568359 1.564453 1.564453 1.572266 1.607422 1.564453 1.568359 1.564453 1.560547 1.564453 1.576172 1.580078 1.591797 1.595703 1.568359 1.564453 1.564453 1.568359 1.568359 1.591797 1.634766 1.623047 1.591797 1.568359 1.568359 1.587891 1.564453 1.564453 1.568359 1.556641 1.556641 1.556641 1.564453 1.568359 1.568359 1.572266 1.580078 1.580078 1.638672 1.693359 1.681641 1.689453 1.681641 1.669922 1.638672 1.638672 1.638672 1.619141 1.611328 1.591797 1.599609 1.623047 1.619141
1.572266 1.572266 1.572266 1.572266 1.572266 1.564453 1.564453 1.568359 1.564453 1.560547 1.564453 1.568359 1.564453 1.564453 1.568359 1.564453 1.564453 1.564453 1.556641 1.560547 1.568359 1.576172 1.580078 1.580078 1.568359 1.568359 1.564453 1.568359 1.568359 1.568359 1.595703 1.587891 1.583984 1.572266 1.576172 1.587891 1.591797 1.564453 1.568359 1.556641 1.544922 1.552734 1.560547 1.564453 1.564453 1.564453 1.572266 1.568359 1.619141 1.685547 1.669922 1.673828 1.669922 1.669922 1.630859 1.634766 1.642578 1.634766 1.626953 1.595703 1.607422 1.623047 1.623047
1.572266 1.572266 1.591797 1.595703 1.568359 1.564453 1.564453 1.564453 1.568359 1.564453 1.564453 1.564453 1.568359 1.564453 1.564453 1.564453 1.564453 1.568359 1.564453 1.560547 1.564453 1.564453 1.587891 1.583984 1.564453 1.564453 1.568359 1.568359 1.568359 1.568359 1.568359 1.564453 1.568359 1.568359 1.564453 1.568359 1.576172 1.568359 1.568359 1.560547 1.548828 1.552734 1.556641 1.564453 1.560547 1.556641 1.544922 1.541016 1.564453 1.642578 1.650391 1.658203 1.666016 1.646484 1.634766 1.630859 1.638672 1.642578 1.630859 1.615234 1.603516 1.615234 1.615234
1.572266 1.572266 1.623047 1.638672 1.568359 1.564453 1.564453 1.564453 1.568359 1.568359 1.564453 1.560547 1.560547 1.568359 1.572266 1.568359 1.564453 1.568359 1.568359 1.564453 1.564453 1.564453 1.595703 1.595703 1.568359 1.564453 1.564453 1.568359 1.568359 1.568359 1.568359 1.568359 1.568359 1.568359 1.560547 1.564453 1.568359 1.572266 1.568359 1.568359 1.560547 1.556641 1.552734 1.556641 1.544922 1.529297 1.521484 1.525391 1.548828 1.599609 1.642578 1.650391 1.658203 1.658203 1.646484 1.634766 1.642578 1.646484 1.638672 1.623047 1.603516 1.599609 1.603516
1.572266 1.572266 1.619141 1.642578 1.568359 1.564453 1.568359 1.568359 1.568359 1.568359 1.564453 1.556641 1.560547 1.564453 1.572266 1.568359 1.568359 1.568359 1.568359 1.564453 1.568359 1.568359 1.595703 1.603516 1.568359 1.564453 1.560547 1.568359 1.564453 1.568359 1.568359 1.564453 1.564453 1.560547 1.560547 1.556641 1.564453 1.568359 1.568359 1.568359 1.568359 1.560547 1.556641 1.552734 1.548828 1.548828 1.556641 1.564453 1.591797 1.626953 1.638672 1.630859 1.642578 1.634766 1.626953 1.615234 1.626953 1.630859 1.638672 1.626953 1.603516 1.591797 1.587891
1.572266 1.572266 1.587891 1.638672 1.564453 1.568359 1.560547 1.568359 1.564453 1.560547 1.560547 1.560547 1.552734 1.560547 1.560547 1.560547 1.564453 1.568359 1.568359 1.568359 1.568359 1.568359 1.576172 1.580078 1.568359 1.560547 1.556641 1.556641 1.568359 1.568359 1.568359 1.564453 1.556641 1.560547 1.556641 1.560547 1.564453 1.568359 1.568359 1.564453 1.568359 1.564453 1.556641 1.556641 1.556641 1.556641 1.580078 1.591797 1.580078 1.623047 1.626953 1.599609 1.599609 1.603516 1.615234 1.599609 1.576172 1.580078 1.615234 1.619141 1.595703 1.580078 1.580078
1.572266 1.564453 1.568359 1.619141 1.568359 1.568359 1.564453 1.568359 1.564453 1.544922 1.556641 1.564453 1.556641 1.556641 1.560547 1.560547 1.560547 1.560547 1.556641 1.568359 1.564453 1.564453 1.580078 1.595703 1.568359 1.556641 1.525391 1.533203 1.560547 1.568359 1.568359 1.568359 1.564453 1.560547 1.560547 1.560547 1.560547 1.568359 1.568359 1.568359 1.568359 1.564453 1.560547 1.548828 1.544922 1.552734 1.564453 1.564453 1.564453 1.599609 1.615234 1.623047 1.626953 1.646484 1.638672 1.607422 1.568359 1.564453 1.576172 1.607422 1.591797 1.576172 1.572266
