py_wake/examples/data/AJ_ParqueFicticio/Rough survey   Sector 8   Height 200m   Mean speed.grd
DSAA
73  159
 258469   265669
 6501692   6517492
 5.227395   10.93478
[rows 112 to 139 of 159, columns 0 to 62 of 73]
9.165761 9.204437 9.249273 9.330802 9.441875 9.542292 9.654847 9.802765 9.977795 10.11481 10.20728 10.24477 10.1547 9.997995 9.78659 9.547935 9.381142 9.325426 9.301981 9.2363 9.221061 9.240537 9.261168 9.334393 9.434076 9.483985 9.4316 9.209458 8.875102 8.517458 8.23897 8.057964 7.97939 7.989857 8.047036 8.163245 8.379105 8.701616 9.049239 9.322326 9.5327 9.65806 9.678511 9.585324 9.411825 9.232879 9.0774 8.95837 8.884604 8.839087 8.704129 8.45767 8.125064 7.801664 7.562136 7.4121 7.323581 7.247956 7.16955 7.077345 7.001843 7.000855 7.111978
9.30689 9.367364 9.446118 9.560092 9.685928 9.81965 9.94948 10.1055 10.24344 10.34102 10.39695 10.39458 10.26881 10.06007 9.810906 9.572803 9.459926 9.436635 9.378004 9.286927 9.242814 9.220524 9.253218 9.342659 9.41204 9.391832 9.260892 8.962036 8.624431 8.336759 8.146681 8.109004 8.158692 8.226411 8.335229 8.515314 8.7766 9.125042 9.47799 9.718114 9.894294 9.927278 9.834093 9.644152 9.403734 9.185555 9.003049 8.841033 8.698732 8.541474 8.351295 8.10449 7.810956 7.574888 7.404691 7.318138 7.262773 7.216818 7.145257 7.057286 7.020096 7.037383 7.104548
9.425707 9.526725 9.650096 9.776331 9.928205 10.09073 10.239 10.38031 10.48926 10.55404 10.58901 10.53727 10.35192 10.0972 9.839784 9.68445 9.635275 9.617681 9.53142 9.434085 9.361237 9.304954 9.275199 9.297747 9.294803 9.217283 9.04091 8.734918 8.412344 8.208481 8.126334 8.169699 8.278709 8.404158 8.597256 8.859344 9.205176 9.599465 9.947008 10.16538 10.25341 10.18826 9.983479 9.713358 9.426879 9.178603 8.95606 8.753007 8.552145 8.318346 8.073619 7.830132 7.592895 7.426572 7.324787 7.26431 7.223408 7.180866 7.131274 7.07211 7.03908 7.054486 7.089861
9.4621 9.615416 9.765464 9.921447 10.093 10.25923 10.42305 10.56225 10.67144 10.73622 10.75559 10.64909 10.42759 10.17453 10.00901 9.944991 9.949726 9.922495 9.826522 9.720338 9.599282 9.475544 9.331702 9.22515 9.115672 8.979717 8.782829 8.504988 8.247833 8.124395 8.141482 8.230583 8.328108 8.490576 8.761771 9.138726 9.583317 10.02051 10.34483 10.52131 10.5279 10.37805 10.09326 9.763643 9.441831 9.159847 8.900155 8.660169 8.417663 8.16904 7.9099 7.665591 7.461884 7.346411 7.285761 7.232539 7.195594 7.158178 7.114219 7.069089 7.045156 7.04418 7.05739
9.35222 9.545283 9.71072 9.907837 10.12187 10.28849 10.47881 10.64274 10.77917 10.87064 10.87873 10.74806 10.52733 10.36673 10.26112 10.24925 10.26115 10.23727 10.1472 10.01923 9.848679 9.622678 9.383214 9.153561 8.942962 8.762985 8.573583 8.318996 8.145597 8.122657 8.187834 8.264202 8.378137 8.58449 8.919662 9.34606 9.819288 10.26339 10.54517 10.62271 10.54442 10.32813 10.00212 9.654161 9.329205 9.037169 8.756746 8.497259 8.237573 7.998563 7.771106 7.578542 7.417809 7.306381 7.241337 7.194296 7.155987 7.119213 7.083498 7.040923 7.012458 6.996827 6.998021
9.105578 9.303552 9.50228 9.733865 9.980762 10.22823 10.45292 10.65748 10.82291 10.93478 10.90939 10.76818 10.63117 10.50363 10.43221 10.42737 10.4142 10.36454 10.25351 10.10364 9.897614 9.634635 9.344829 9.076851 8.82053 8.605727 8.425248 8.240513 8.159944 8.204146 8.26149 8.312259 8.471571 8.737562 9.083712 9.466556 9.859992 10.16612 10.33322 10.34662 10.20609 9.95396 9.61945 9.306219 9.029154 8.769465 8.507807 8.254097 8.015106 7.798502 7.62775 7.486866 7.373903 7.275448 7.207789 7.15288 7.108221 7.058173 6.998692 6.95385 6.928977 6.888992 6.873859
8.805078 9.023601 9.262304 9.543418 9.852567 10.15953 10.41342 10.63277 10.7872 10.84262 10.76138 10.62915 10.53684 10.42957 10.38249 10.35182 10.28928 10.16572 10.0292 9.845691 9.634679 9.399901 9.158754 8.93244 8.721586 8.524913 8.346681 8.239359 8.254002 8.300862 8.31855 8.375525 8.557825 8.811095 9.077293 9.362843 9.595813 9.781215 9.851864 9.791791 9.613998 9.354426 9.057448 8.794512 8.552059 8.343338 8.133826 7.922382 7.741859 7.592477 7.481244 7.40181 7.333669 7.260042 7.199159 7.136221 7.08471 7.015313 6.924899 6.816135 6.719308 6.678309 6.652679
8.585491 8.833106 9.134528 9.478203 9.820735 10.15721 10.43357 10.62806 10.74189 10.69104 10.53237 10.33783 10.19189 10.11533 10.06511 10.03023 9.928185 9.761486 9.557617 9.354868 9.162098 8.982723 8.819285 8.728663 8.611429 8.476626 8.353557 8.281172 8.308983 8.338009 8.321163 8.375293 8.549006 8.730509 8.920368 9.117837 9.312379 9.476774 9.409807 9.20752 8.99592 8.752416 8.505948 8.298774 8.084721 7.892755 7.724028 7.573485 7.462063 7.383415 7.335416 7.314207 7.274553 7.231825 7.182975 7.127178 7.057882 6.964611 6.821408 6.646897 6.503693 6.448977 6.446213
8.605149 8.885079 9.208672 9.5635 9.904216 10.2385 10.48597 10.65427 10.68889 10.54156 10.29117 10.03058 9.831202 9.698713 9.653941 9.615037 9.52382 9.338103 9.110719 8.91632 8.739927 8.612853 8.530475 8.497955 8.478228 8.392904 8.320647 8.280488 8.278181 8.274497 8.251119 8.324828 8.465599 8.580164 8.734845 8.926212 9.168828 9.270474 9.144877 8.855428 8.571156 8.316163 8.094283 7.917361 7.73171 7.545033 7.406109 7.306906 7.248156 7.220596 7.202979 7.192059 7.185614 7.158993 7.112912 7.055722 6.956798 6.805605 6.597551 6.418537 6.321526 6.325754 6.377922
8.863999 9.12037 9.423434 9.761756 10.08498 10.36318 10.58764 10.66839 10.57823 10.36524 10.10374 9.825562 9.587057 9.427081 9.346363 9.268188 9.160929 8.996772 8.808396 8.623834 8.47227 8.366261 8.296263 8.288371 8.282792 8.243349 8.216152 8.198543 8.189986 8.174913 8.185028 8.27485 8.360896 8.475986 8.638552 8.895063 9.106229 9.141373 8.947178 8.622449 8.317263 8.034575 7.79846 7.623691 7.474535 7.354162 7.251536 7.189777 7.161034 7.143102 7.134065 7.102587 7.07265 7.040413 6.98259 6.891621 6.755915 6.543591 6.337833 6.237835 6.267154 6.361826 6.517256
9.153353 9.394727 9.683352 9.991026 10.27656 10.49119 10.6423 10.62305 10.41498 10.18244 9.969912 9.727341 9.504926 9.339213 9.177047 9.018893 8.850084 8.68454 8.531348 8.388494 8.256571 8.179248 8.134035 8.099928 8.084997 8.065989 8.087547 8.114168 8.119143 8.108688 8.157912 8.23518 8.333323 8.505309 8.701651 8.955846 9.083451 8.994114 8.727784 8.389841 8.079762 7.797103 7.559588 7.385319 7.276518 7.216526 7.183041 7.167093 7.147285 7.132037 7.095306 7.046417 6.963974 6.885884 6.773625 6.644604 6.493313 6.311014 6.199596 6.252783 6.41793 6.595503 6.789167
9.424168 9.692182 9.976982 10.2451 10.46068 10.59002 10.60964 10.44935 10.1873 9.958523 9.811303 9.656665 9.500409 9.342443 9.166988 8.966097 8.748571 8.537028 8.356629 8.228025 8.136488 8.088394 8.085182 8.059985 8.006481 7.962276 7.944092 8.013834 8.081965 8.114662 8.170534 8.266495 8.420095 8.624201 8.807242 8.977774 8.97182 8.772028 8.43811 8.092313 7.79514 7.563281 7.371573 7.22394 7.134798 7.102911 7.099229 7.120249 7.127468 7.108977 7.063819 6.980801 6.87524 6.72695 6.547565 6.384902 6.253952 6.168823 6.230736 6.438946 6.66667 6.873963 7.062445
9.673662 9.980972 10.26119 10.47209 10.60746 10.61972 10.44515 10.19441 9.90068 9.693268 9.593239 9.50335 9.422042 9.337978 9.206174 9.041595 8.85329 8.649096 8.479563 8.357604 8.284864 8.267421 8.229682 8.169385 8.066222 7.964198 7.940319 7.988159 8.072864 8.142691 8.213178 8.348907 8.532086 8.699702 8.81466 8.883653 8.768475 8.487825 8.132423 7.792739 7.498085 7.348385 7.244037 7.160443 7.081447 7.033627 7.014121 7.026948 7.045287 7.035475 6.983022 6.880138 6.718863 6.524743 6.341073 6.211077 6.124523 6.209937 6.394513 6.64365 6.88051 7.08181 7.244712
9.861476 10.19477 10.44905 10.61445 10.65109 10.51114 10.23242 9.906427 9.608781 9.431849 9.357267 9.285853 9.248438 9.22329 9.150523 9.065917 8.955604 8.84071 8.742242 8.682016 8.634824 8.561576 8.434896 8.270852 8.137647 8.0489 8.076922 8.151365 8.221492 8.262412 8.302935 8.417052 8.545282 8.638597 8.71013 8.69529 8.511525 8.206703 7.874181 7.552594 7.287467 7.159815 7.105316 7.07864 7.045487 7.015028 6.98611 6.956892 6.926452 6.889687 6.815551 6.66098 6.457133 6.254755 6.138057 6.097515 6.151693 6.349797 6.600825 6.825148 7.026712 7.201269 7.356937
10.00488 10.3197 10.54832 10.65876 10.59547 10.368 10.05078 9.709829 9.428901 9.225049 9.111843 9.045359 9.024793 8.988874 8.930711 8.881406 8.854309 8.869682 8.880762 8.879179 8.803855 8.67468 8.486471 8.290849 8.172416 8.160454 8.238947 8.342153 8.369635 8.359695 8.34979 8.403718 8.474644 8.492661 8.542576 8.471548 8.255047 7.953726 7.640335 7.336836 7.123967 7.01623 6.952646 6.938007 6.940518 6.934617 6.918813 6.882249 6.815286 6.71696 6.577592 6.381304 6.162857 6.026901 6.013414 6.092852 6.274576 6.550418 6.827193 6.98858 7.128976 7.270256 7.380406
10.10839 10.40209 10.57942 10.63202 10.48178 10.21081 9.901926 9.589469 9.307603 9.078232 8.911871 8.831699 8.790583 8.725162 8.687538 8.673567 8.653021 8.708504 8.764462 8.75081 8.657346 8.515868 8.337461 8.193662 8.13601 8.167197 8.271784 8.347639 8.352021 8.310242 8.280989 8.296736 8.362423 8.356273 8.358366 8.218995 7.983609 7.696813 7.386159 7.107167 6.931762 6.853837 6.826322 6.819117 6.822678 6.824468 6.830749 6.820387 6.751782 6.618983 6.420041 6.196606 6.040728 6.011333 6.111139 6.290432 6.543602 6.808172 7.002671 7.09647 7.180869 7.274344 7.32349
10.14096 10.41248 10.55346 10.52863 10.31405 10.00637 9.704716 9.424109 9.157789 8.952754 8.791864 8.659598 8.59027 8.527783 8.50769 8.51225 8.46871 8.462857 8.478012 8.422595 8.324572 8.212198 8.07095 7.979672 7.978326 8.012119 8.068409 8.09904 8.096493 8.087077 8.08336 8.139886 8.185317 8.159209 8.103513 7.915481 7.66253 7.388437 7.107183 6.88709 6.764352 6.715842 6.70898 6.717578 6.752504 6.766528 6.780991 6.786074 6.757162 6.621228 6.407373 6.195467 6.114363 6.209645 6.419751 6.66006 6.886212 7.041996 7.102675 7.132903 7.184575 7.230083 7.251691
10.18793 10.4117 10.48088 10.35799 10.07416 9.73245 9.446377 9.194743 8.969977 8.794797 8.660652 8.54438 8.448211 8.412692 8.401275 8.388094 8.323258 8.244839 8.191351 8.1078 7.981715 7.906799 7.794253 7.734975 7.784984 7.824272 7.846207 7.847982 7.819637 7.828457 7.861853 7.900276 7.891688 7.867115 7.777084 7.589127 7.345239 7.100337 6.896585 6.74217 6.677666 6.653037 6.647589 6.655107 6.699344 6.747957 6.782252 6.783754 6.741542 6.619979 6.408503 6.25459 6.279709 6.496715 6.766472 6.992716 7.125318 7.167145 7.150418 7.158988 7.181542 7.215816 7.25798
10.33594 10.44281 10.37543 10.12349 9.801776 9.482956 9.256982 9.031681 8.84715 8.703527 8.599195 8.499478 8.412922 8.362385 8.323618 8.288477 8.216886 8.119172 7.991558 7.863221 7.730064 7.659921 7.597453 7.581388 7.640067 7.697221 7.760352 7.789666 7.784091 7.748935 7.731685 7.689324 7.657137 7.60647 7.484129 7.316115 7.121353 6.953064 6.840714 6.753566 6.706645 6.680625 6.670747 6.679486 6.706043 6.744747 6.79912 6.801331 6.720469 6.571354 6.399984 6.346101 6.47002 6.750429 7.000415 7.158517 7.230702 7.246062 7.224044 7.228817 7.268615 7.277144 7.305259
10.50855 10.45339 10.2267 9.90755 9.553654 9.302895 9.158225 9.001132 8.881575 8.770925 8.667654 8.568235 8.46775 8.337744 8.26063 8.202696 8.155816 8.043657 7.896659 7.729065 7.598782 7.510993 7.459255 7.482699 7.545904 7.642643 7.774263 7.861921 7.895593 7.85006 7.794794 7.684308 7.583455 7.44814 7.318104 7.173851 7.038902 6.943094 6.875588 6.83246 6.783553 6.768736 6.768577 6.789494 6.812086 6.830856 6.82429 6.789202 6.68849 6.528811 6.420465 6.469877 6.676248 6.934227 7.121081 7.227385 7.286882 7.322609 7.319684 7.31163 7.327498 7.329886 7.349994
10.55723 10.33869 10.03814 9.702397 9.362319 9.163065 9.050985 8.979985 8.928134 8.822212 8.73484 8.604848 8.466697 8.31754 8.192406 8.128478 8.070093 7.972556 7.81999 7.662652 7.512955 7.414983 7.377989 7.402341 7.510423 7.651236 7.823395 7.966281 7.982255 7.934413 7.878781 7.773889 7.643943 7.497149 7.321418 7.143304 7.044791 6.971685 6.911828 6.871699 6.852287 6.861133 6.875573 6.90823 6.922693 6.913647 6.862052 6.770587 6.635764 6.498803 6.486185 6.613496 6.830955 7.038796 7.174479 7.258777 7.313984 7.350408 7.369271 7.363907 7.364135 7.366152 7.381691
10.49338 10.16325 9.80407 9.468965 9.178784 9.03072 8.972656 8.940078 8.917131 8.819365 8.7052 8.552266 8.384702 8.234453 8.087072 8.011772 7.938223 7.831966 7.708901 7.5738 7.450515 7.359727 7.318296 7.358564 7.48887 7.656576 7.831194 7.942131 7.939331 7.873425 7.85052 7.807698 7.700586 7.534142 7.359094 7.187941 7.047523 6.94783 6.883113 6.844103 6.847442 6.857697 6.904984 6.94846 6.947545 6.892835 6.827587 6.719564 6.584559 6.5022 6.554213 6.702168 6.886084 7.049513 7.176413 7.259762 7.320961 7.359924 7.396812 7.416429 7.410108 7.416863 7.430221
10.38808 9.993231 9.594081 9.264877 9.03886 8.962312 8.956347 8.9425 8.921514 8.838699 8.677461 8.49291 8.297298 8.118328 7.962186 7.852284 7.756881 7.664352 7.571695 7.474135 7.378769 7.298944 7.268882 7.323472 7.464511 7.625052 7.771794 7.855245 7.801741 7.732337 7.663471 7.637363 7.568493 7.467592 7.314392 7.166993 7.006318 6.89937 6.829885 6.792101 6.800197 6.816787 6.859474 6.883946 6.849957 6.783632 6.703854 6.605325 6.515801 6.503873 6.595197 6.734685 6.889841 7.038796 7.154478 7.245137 7.319587 7.367109 7.409806 7.427494 7.435263 7.451018 7.467278
10.30048 9.863171 9.454846 9.148284 8.991651 8.935275 8.904469 8.865501 8.835219 8.763728 8.618216 8.441504 8.248663 8.06138 7.882756 7.730321 7.61692 7.5271 7.454942 7.384181 7.313066 7.26707 7.259689 7.327138 7.465364 7.607284 7.727863 7.752347 7.68642 7.59794 7.4988 7.418332 7.349945 7.276279 7.160679 7.045034 6.935767 6.831462 6.768689 6.758404 6.780366 6.802273 6.804525 6.771702 6.710824 6.603375 6.508619 6.447772 6.445573 6.508851 6.625406 6.76263 6.891949 7.015214 7.122527 7.212098 7.289944 7.357841 7.392964 7.416189 7.429024 7.452148 7.469363
10.17394 9.738777 9.346783 9.0542 8.917442 8.844425 8.742751 8.665543 8.625621 8.548116 8.445401 8.307285 8.16641 8.017583 7.850047 7.700865 7.546814 7.421784 7.361125 7.303733 7.263752 7.274429 7.289887 7.376469 7.511763 7.644383 7.718019 7.661314 7.557909 7.444142 7.353057 7.25904 7.158055 7.065895 6.975746 6.907059 6.846072 6.779892 6.759162 6.770499 6.801553 6.811637 6.778433 6.68951 6.579515 6.472458 6.400925 6.407766 6.475705 6.586621 6.696944 6.80013 6.889861 6.985695 7.074204 7.153062 7.22247 7.289459 7.343665 7.372237 7.395788 7.417782 7.437318
9.949887 9.545495 9.184626 8.913189 8.770021 8.649251 8.523648 8.455902 8.401314 8.30127 8.17485 8.086656 8.013992 7.890432 7.771798 7.643317 7.507773 7.375013 7.293493 7.242702 7.242507 7.273866 7.308953 7.426159 7.549101 7.659876 7.684425 7.575484 7.425363 7.28051 7.183083 7.11169 7.023402 6.918396 6.8461 6.799801 6.773642 6.759188 6.762631 6.795264 6.828168 6.821206 6.772546 6.660227 6.553526 6.476086 6.475497 6.548095 6.642095 6.715643 6.764683 6.814723 6.877343 6.950699 7.007012 7.05803 7.117661 7.177144 7.236625 7.285039 7.320399 7.352678 7.37619
9.622036 9.28386 8.9735 8.718296 8.553771 8.4296 8.35169 8.327516 8.243969 8.094565 7.951834 7.873112 7.808734 7.715174 7.624918 7.566163 7.452225 7.356845 7.287382 7.260187 7.252027 7.290834 7.331333 7.439806 7.54548 7.612813 7.593378 7.46666 7.306656 7.158228 7.049651 6.982645 6.926729 6.85672 6.789966 6.753965 6.741759 6.751332 6.76535 6.786674 6.809657 6.795309 6.728065 6.641099 6.581679 6.55448 6.606988 6.675626 6.750297 6.783566 6.806985 6.839966 6.89239 6.944463 6.964694 6.969131 6.982537 7.03277 7.097715 7.164584 7.226235 7.272982 7.309733
9.318343 9.013839 8.748183 8.492078 8.334023 8.281392 8.277891 8.252454 8.153843 8.007089 7.855696 7.736737 7.639809 7.5589 7.469297 7.446768 7.389846 7.326809 7.31922 7.333342 7.315589 7.325374 7.368181 7.455033 7.50696 7.524199 7.487287 7.370342 7.224753 7.09164 6.977366 6.90452 6.870731 6.822706 6.780038 6.757593 6.745775 6.754128 6.774921 6.769145 6.766579 6.73732 6.671411 6.590687 6.561438 6.578493 6.62293 6.689772 6.756811 6.788469 6.850117 6.926348 6.975834 6.991348 6.977119 6.925325 6.906334 6.924849 6.983273 7.055025 7.125132 7.179185 7.224806
