py_wake/examples/data/AJ_ParqueFicticio/Rough survey   Sector 6   Height 30m   Orographic turn.grd
DSAA
73  159
 258469   265669
 6501692   6517492
-61.52128   44.63026
[rows 27 to 53 of 159, columns 0 to 60 of 73]
-.7010727 -.543028 -.5486571 -.6155233 -.7962947 -.9438753 -1.082909 -1.176168 -.8126251 -.6329531 -.8210239 -1.100192 -1.386825 -1.719724 -1.827729 -1.960326 -2.000994 -2.203852 -2.26399 -2.254923 -2.162637 -1.838002 -2.46694 -2.521714 -2.707586 -2.792478 -2.387145 -1.87332 -2.626188 -2.494746 -2.531274 -3.130218 -3.442477 -2.050639 -.3957365 -2.922812 -3.174494 -2.629655 -3.549314 -.4799555 1.145611 .2116412 -2.258626 -6.226973 -8.000664 -9.271353 -10.61893 -11.63741 -13.30043 -13.89757 -12.93609 -12.887 -14.81326 -14.5154 -9.988892 -9.131 -13.62829 -12.69872 -10.0707 -5.090389 -4.82417
-.8854899 -.7116147 -.6820378 -.6652427 -.7109121 -.7940097 -.8343149 -.8310356 -.4733157 -.4843867 -.6518547 -.8701409 -1.235179 -1.58283 -1.627002 -1.695572 -1.943884 -2.13171 -2.23868 -2.248231 -2.059821 -1.797525 -2.272053 -2.442076 -2.519366 -2.569268 -2.325363 -2.259099 -2.305742 -2.4714 -2.872209 -3.177635 -3.625126 -3.023328 -1.723273 -1.571226 -1.656973 -2.362419 -3.237056 -3.003778 -1.203631 -.412964 -1.334732 -4.690951 -6.985689 -7.868013 -8.354771 -9.87119 -11.75049 -12.5043 -11.74696 -10.77239 -12.41948 -13.07244 -10.40828 -8.575891 -11.47554 -11.75778 -8.591928 -4.030829 -3.049925
-.9962234 -.8903618 -.7785608 -.7196666 -.7300613 -.6768538 -.6543436 -.7789801 -.6338269 -.5038148 -.5340046 -.6562719 -.8230647 -1.420417 -1.57815 -1.64764 -1.812776 -1.984915 -2.032876 -2.032308 -1.615789 -1.513667 -1.918424 -2.187095 -2.302097 -2.296299 -2.140124 -2.234496 -2.255627 -2.340465 -2.461284 -2.599157 -2.114156 -.5504789 1.680019 .7463397 -1.192945 -1.711699 -2.122935 -2.124473 -.7358507 .0356276 -1.120903 -3.269579 -4.830397 -6.041325 -5.709288 -5.735836 -6.488688 -7.262168 -7.466664 -8.304789 -10.25376 -11.87089 -10.02621 -7.911403 -7.768513 -8.591523 -5.101764 -1.751738 -1.195202
-.9746154 -.8869152 -.857621 -.7404598 -.6589899 -.6663396 -.6196007 -.8194098 -.7534033 -.6146073 -.5318058 -.5258498 -.6946835 -1.538027 -1.578583 -1.59969 -1.764504 -1.891737 -1.850789 -1.795832 -1.560079 -1.577684 -1.732761 -1.991962 -1.954812 -2.005714 -2.07978 -2.045877 -1.997535 -1.792054 -1.659271 -1.654392 -.393194 .5455477 .9268459 -.5816785 -1.024803 -.8890655 -1.327529 -1.457626 -1.180541 -.1422128 -.2161586 -1.847854 -3.497953 -3.683856 -3.16195 -2.624274 -2.380433 -2.67682 -2.981539 -4.141567 -6.436897 -9.035556 -9.062463 -8.489245 -9.802423 -9.092738 -5.669735 -3.402382 -2.067795
-.9790037 -.8696865 -.7972601 -.6950368 -.6654176 -.6945413 -.6530951 -.8270823 -.7398239 -.6367548 -.5559765 -.5520275 -.6387615 -1.204278 -1.558142 -1.583731 -1.651766 -1.833293 -1.852705 -1.670554 -1.515723 -1.587131 -1.62583 -1.724691 -1.78858 -1.83174 -1.827717 -1.92614 -1.588042 -1.138931 -1.421454 -1.866346 -1.820591 -.4173717 -.1889089 -.4924493 -.6463511 -.1590463 -.76186 -1.800099 -1.181487 -.04498233 .7218537 -.3761548 -1.702475 -2.532073 -2.640507 -1.839307 -1.45223 -2.115275 -2.654024 -3.785039 -4.961222 -7.229086 -10.14106 -11.6914 -13.32207 -10.87958 -7.93139 -5.405606 -1.187642
-.7094086 -.6951189 -.7330595 -.6814668 -.6996595 -.7176644 -.8128909 -.7602398 -.6922901 -.6464514 -.5845745 -.5996536 -.6598828 -.7023233 -1.171984 -1.353466 -1.462548 -1.797834 -1.725022 -1.469754 -1.435698 -1.513368 -1.534251 -1.578279 -1.668585 -1.539744 -1.535463 -1.346346 -.9763398 -.9208249 -1.168048 -1.30403 -1.105823 -.4780821 .0947803 -.09269391 -.3608858 .1571807 -1.121671 -1.925339 -2.079009 -1.206555 .08141541 1.207952 .03694779 -1.159334 -2.104481 -2.382232 -3.001214 -4.87559 -6.394207 -7.772323 -8.834013 -11.0175 -13.79841 -15.65131 -15.88545 -12.86059 -9.878405 -5.238782 .1604859
-.4217502 -.6304018 -.6680723 -.7474983 -.7604429 -.7408422 -.7349886 -.704461 -.735709 -.6701136 -.642597 -.7139379 -.700717 -.4330251 -.7582774 -.9184499 -1.227964 -1.791883 -1.546563 -1.426224 -1.338714 -1.496232 -1.560173 -1.509255 -1.574116 -1.50505 -1.194325 -1.251368 -.9724843 -.8975226 -.998042 -.9883635 -.8607345 -.4522668 .2155839 .3642583 -.3220907 .2107815 -.3388868 -.72834 -2.325819 -2.381039 -2.20512 .1594777 2.11424 -.004059396 -2.024139 -3.367562 -4.636618 -8.0221 -11.37813 -13.71359 -14.60596 -15.14792 -17.17247 -18.58757 -18.12513 -14.90682 -10.09433 -3.582652 3.549622
-.5232425 -.7191702 -.7718958 -.7952442 -.7982718 -.8281444 -.8781888 -.8569446 -.8203179 -.7720996 -.754903 -.6649404 -.6584536 -.1675598 -.3649209 -.6948972 -1.111442 -1.620746 -1.255384 -1.163599 -1.345457 -1.408998 -1.520345 -1.468141 -1.423785 -1.266213 -1.01279 -1.005979 -.9085345 -.9588429 -.9104968 -.8499714 -.8589745 -.5171775 .1338914 .7918653 -.360258 .3837664 .246778 -.1943807 -3.365194 -4.447324 -4.117707 -2.544375 2.121484 1.886447 -1.686107 -3.968394 -4.064869 -4.974863 -6.90524 -10.20426 -13.06323 -15.17325 -17.44963 -19.46058 -17.94115 -11.97692 -4.982965 1.062854 5.441171
-.6828582 -.8943201 -.9008673 -.9339216 -.8970969 -.996111 -.9638159 -.845372 -.810253 -.8186291 -.7260934 -.6018175 -.3916649 -.364113 -.4934156 -.6632589 -.9036613 -1.584722 -.9154804 -.9675135 -1.257545 -1.405072 -1.437881 -1.398086 -1.31949 -1.095819 -.8974367 -.8668339 -.7603884 -.7747391 -.7955526 -.7288228 -.6934448 -.5121043 .02418135 .731725 .673998 .5638215 .2627882 -.9806725 -3.983385 -6.340003 -7.627581 -5.242568 .5778438 6.411258 2.855366 .2119115 .22874 -.01274657 -.390954 -2.860993 -4.851519 -7.473157 -11.94495 -15.08666 -13.89924 -7.858849 -1.459536 2.823937 4.208048
-.8993863 -1.0336 -.95437 -.9469909 -.9368892 -.977998 -.6430188 -.7655398 -.8974184 -.8894054 -.8876179 -.6946872 -.4461957 -.4705719 -.684032 -.808832 -1.049392 -1.726187 -1.540714 -.9147634 -1.303516 -1.390353 -1.352476 -1.234055 -1.280356 -1.03774 -.8789544 -.7540888 -.5993453 -.5363669 -.5832231 -.5582623 -.2679926 .1734648 .8462381 1.574569 2.390656 1.860389 1.917439 1.341449 -1.597496 -4.929851 -6.848742 -6.243213 -.8593025 9.859385 10.58768 5.55865 4.504745 4.341648 3.850576 .7296599 -2.912447 -5.419755 -8.439407 -12.09499 -11.75214 -6.423614 .07000098 4.389781 4.965367
-.896905 -1.031228 -.9754153 -.9253334 -.8423517 -.7071346 -1.021563 -1.062055 -1.037335 -1.055506 -1.041023 -.9681627 -.6846037 -.6150897 -.7473905 -.8615993 -1.1471 -1.725562 -2.247277 -1.800449 -1.372675 -1.402785 -1.192286 -1.063784 -1.423293 -1.047392 -.8506531 -.6368298 -.4705452 -.2402412 -.08798032 -.009423725 .2580829 .5499027 1.035127 2.036314 3.808557 2.750765 2.991612 3.455434 1.382026 -1.759148 -3.874889 -5.126696 -3.220912 7.183495 15.77726 11.0073 5.710256 3.00375 1.4096 -1.053903 -4.766806 -7.493345 -9.989858 -12.06651 -11.51781 -5.880172 2.520806 6.842157 8.203855
-.620849 -.9379541 -.9685174 -.9555367 -1.007171 -1.070437 -1.189057 -1.132285 -1.124462 -1.153612 -1.281085 -1.37959 -1.087055 -.3560708 -.543363 -.7841794 -1.145755 -1.657757 -2.292314 -2.205215 -.8971178 -.9990575 -.867008 -.891055 -1.257418 -.9090753 -.7240148 -.5259644 -.3848434 -.08916085 .2035506 .05468699 .5342194 1.015909 1.523514 2.227615 3.998559 4.821976 5.441032 4.55362 3.640998 .8040572 -2.099017 -3.512722 -3.544146 3.08006 11.63298 9.27643 6.795484 -1.258512 -6.278929 -8.334186 -10.94681 -11.64783 -12.90553 -14.36391 -12.55058 -5.088365 4.676044 11.28194 13.98757
-.7511636 -.9175625 -1.047062 -1.078599 -1.184987 -1.446746 -.7273573 -1.031894 -1.134615 -1.207113 -1.275038 -1.34392 -.1966408 -.07012763 -.4427313 -.7139544 -1.095611 -1.468982 -1.814985 -.8675467 .0896545 -.3631004 -.5054457 -.6517548 -.8420072 -.7873856 -.6354077 -.4731987 -.3081063 .1033321 .6175528 .6899427 .9977019 1.45105 1.678348 3.081144 5.065087 6.69221 7.361161 5.655683 4.806321 3.257885 .8748419 -1.920275 -2.787966 .5620229 7.679198 7.366093 7.126076 3.672104 -4.112414 -6.841688 -8.532016 -10.19624 -11.14575 -12.14463 -10.99251 -3.826698 7.147394 15.46427 16.90524
-.4742818 -.7683606 -1.013871 -1.051719 -.9745994 -.6974404 -.6640977 -1.029417 -1.215127 -1.214173 -1.013421 -.6237277 .0536508 -.3258601 -.578595 -.7914708 -.9388916 -.9598754 -1.021857 -.4337667 -.05673476 -.3811601 -.4734415 -.5488879 -.7907346 -.6989089 -.5080732 -.1950706 .1188103 .748674 1.269795 1.333377 1.445124 1.670964 2.072393 3.42873 5.53044 8.35782 8.997199 8.285374 7.773837 6.664467 5.261563 1.867198 -.3327302 1.620827 7.482932 9.107071 8.715441 9.611613 6.145368 2.926438 .8039109 -.8543402 -3.986667 -8.255594 -8.163462 -2.870374 7.301673 15.93044 19.28728
-.5177044 -.9315304 -1.166647 -1.128381 -.8665113 -1.043807 -1.001299 -1.238017 -1.465788 -1.388903 -1.097108 -1.119339 -.6627559 -.7576602 -.7739513 -.7604145 -.6933655 -.6377012 -.7633364 -.5237236 -.5624079 -.7247825 -1.050344 -1.229204 -.8463714 -.4365215 -.09089548 .3576091 .6162712 1.294185 1.6525 1.818085 2.070618 2.425216 2.606748 3.650356 6.857078 10.53026 12.23281 12.20506 11.33527 10.3235 9.252904 6.0282 3.77398 5.091266 9.526184 11.66779 11.43106 11.56132 11.11662 8.827624 5.857048 2.842784 -1.398367 -5.192593 -6.553178 -3.194399 3.094035 10.36954 15.66953
-.8763818 -1.241563 -1.555559 -1.755117 -1.430357 -.9425293 -1.030284 -1.545864 -1.724888 -1.614559 -1.545376 -1.656324 -1.764827 -1.066155 -.8707556 -.8206012 -.6502512 -.5944176 -.5023903 -.6225532 -.8019225 -.9701008 -1.383373 -1.430656 .03504979 .8025499 .7544819 .9689853 1.144776 1.488071 1.830121 2.223865 2.294006 2.922788 3.468216 4.507421 7.182087 12.20035 15.95053 14.55609 12.8176 10.84608 9.64805 6.858096 5.795998 5.354388 8.838361 11.03414 8.775906 8.614237 8.553806 7.61981 5.073533 1.883159 -2.830383 -6.501644 -7.977564 -5.253286 -.9585297 3.576586 7.999774
-1.175869 -1.519103 -1.976369 -2.542155 -2.094269 -1.181173 -.7079817 -1.815162 -1.979084 -1.891869 -1.985292 -1.986467 -1.324406 -.6067431 -.6937537 -.8175942 -.7867576 -.7522429 -.5154976 -.5197378 -.9095501 -.9456466 -.8313679 -.2432708 .655305 .9123323 .9562151 1.184377 1.350545 1.802845 2.150886 2.317105 2.94129 3.444211 3.670303 4.97666 7.179775 10.43682 14.54558 14.48871 12.06955 8.864552 7.91446 5.297784 3.363287 1.924951 .7966145 3.087823 3.077025 2.563899 2.986808 1.588953 -3.129855 -7.327762 -10.0635 -11.74527 -9.252844 -6.643989 -3.666637 -.2997928 1.492972
-1.253103 -1.533934 -1.866312 -2.68829 -2.423905 -1.921007 -1.229631 -1.630124 -1.598096 -1.617045 -1.652907 -.9145139 -.1759668 -.1919892 -.6057224 -.7962638 -1.001938 -1.015573 -.888046 -.3700974 -.844715 -.8152601 -.7363263 -.8532981 .082884 .2792997 .6581662 1.092454 1.550769 2.282271 2.342438 2.368305 3.278745 3.657705 3.328585 4.586957 6.284102 8.193799 11.40256 11.81665 11.58791 6.990879 3.823085 .9194522 -5.128944 -11.0246 -12.38618 -9.63915 -7.981076 -9.33397 -9.919747 -10.73465 -12.28075 -12.96755 -12.22876 -12.79595 -9.79398 -6.320637 -4.130812 -3.148934 -2.701266
-1.412335 -1.508055 -1.829139 -2.564277 -2.41114 -1.657067 -.8540811 -1.300083 -1.394014 -1.11333 -.8809234 -.5076562 -.1703593 -.3174976 -.688329 -1.002739 -1.228373 -1.326896 -1.255297 -.6825474 -.6606814 -.8863575 -1.182346 -1.534975 -1.031618 -.37386 .181236 .6682997 1.371202 2.262831 2.224947 2.142096 3.261411 3.940587 2.711531 3.945252 5.731436 7.524071 8.311967 8.160132 9.476939 6.154636 .07597005 -4.628676 -10.52586 -11.95872 -8.365104 -4.626831 -2.451766 -4.537169 -5.489143 -6.792171 -6.5207 -7.059425 -5.914985 -8.574135 -9.02499 -6.969832 -5.314591 -3.932746 -3.317199
-1.474624 -1.564119 -1.818138 -2.25664 -2.266422 -1.802757 -1.43081 -1.797589 -1.926283 -1.266595 -.6678862 -.5718707 -.3229406 -.5198743 -1.064178 -1.299696 -1.328595 -1.327316 -1.247866 -.2932816 -.5838029 -1.123818 -1.575423 -1.903629 -.7956654 -.05931811 -.28945 -.0177107 .4226035 1.180995 1.358466 1.034031 1.82715 3.667702 2.211194 3.324419 5.285639 7.228681 7.678859 7.344601 7.579734 6.232011 2.632751 1.321258 1.801311 3.68511 5.825183 6.697562 5.732732 3.98801 1.8235 -.3058271 .1345424 .9538306 .05483401 -4.129451 -7.8926 -9.018853 -8.290246 -7.403659 -3.968254
-1.50807 -1.614764 -1.739474 -2.563512 -2.574975 -2.263635 -2.047915 -2.347174 -2.704942 -2.042073 -.5154343 -.4006699 -.1749675 -.556199 -1.303208 -1.476056 -1.359621 -1.095062 -.8323984 -.5285633 -1.107158 -1.415879 -1.338425 -.5858145 .3309159 -.2571464 -.8734618 -.8031928 -.4615648 -.1739626 .728034 .4481308 .8088901 3.12653 1.837162 2.920599 4.951314 7.190655 9.000618 8.155163 8.627185 9.43094 9.501657 9.408493 8.463917 7.008641 6.864679 4.525672 1.008334 -.7418558 -.546635 .009378519 2.221748 3.091048 1.88997 -1.772954 -5.900898 -8.267401 -7.692647 -8.853271 -8.510929
-1.662334 -1.864245 -2.045944 -2.363672 -2.791176 -2.588465 -2.44309 -2.48854 -2.863996 -2.295619 -.7974359 -.3958223 -.2902053 -.3278909 -1.573149 -1.665259 -1.564183 -1.20582 -.7794081 -1.128218 -1.710939 -1.718422 -1.57157 -1.843449 -1.154993 -1.009412 -1.911742 -1.530961 -1.106214 -.4326228 .1931147 -.3172252 -.1410947 2.430501 2.083685 2.544151 5.137594 6.937784 9.845412 9.384024 9.463463 10.17597 10.41929 9.084188 6.745712 2.768014 -1.63732 -4.44038 -5.400414 -4.823359 -1.733858 2.910939 3.223239 2.619281 .05973918 -1.377083 -4.841369 -5.787194 -5.752004 -8.033817 -8.794662
-1.995817 -2.386182 -2.68885 -2.54446 -2.601898 -2.555695 -2.554205 -2.780084 -2.930513 -2.857145 -2.31483 -1.188758 -1.150801 -1.397607 -1.679504 -1.925663 -1.881703 -1.920017 -1.752375 -1.3089 -2.067989 -2.159138 -2.391622 -2.857535 -3.493839 -2.615155 -2.603075 -2.385288 -1.900062 -1.357 -.3847564 .5198487 1.602731 2.612787 2.283647 3.081642 4.641388 5.959837 8.589719 8.898409 9.046063 7.527649 6.044024 3.926522 -.1119406 -4.935854 -5.234489 -4.242279 -.8032402 2.117114 4.010828 4.389702 3.382629 -.3182917 -5.448465 -5.750101 -6.382623 -7.088474 -5.631908 -6.218901 -9.263638
-2.170689 -2.476258 -2.805187 -1.782602 -2.046224 -2.256886 -2.547699 -2.89913 -2.731583 -2.765048 -2.484578 -2.036437 -1.617396 -.9349681 -1.197936 -1.654937 -1.847392 -2.470515 -2.047982 -1.192324 -2.036104 -2.406714 -2.646126 -2.802767 -2.381422 -1.844012 -2.740932 -2.936677 -2.698504 -1.918225 -1.304014 -.160659 .8907493 .5330726 .823664 2.157016 3.962599 4.528182 6.51303 7.602455 7.151285 5.97003 3.833797 3.074331 .9794343 -.9148505 1.417766 4.196434 5.963861 6.031554 3.228902 .6303585 1.884986 -2.531451 -8.914752 -11.12124 -10.04295 -8.729707 -5.469941 -6.129969 -8.181168
-2.218786 -2.236009 -2.45345 -2.014032 -2.003628 -2.138421 -2.506314 -2.704652 -2.624921 -2.424378 -2.085193 -1.46388 -.8190275 -.699293 -.9536798 -1.218342 -1.08084 -1.369924 -1.224876 -1.066128 -1.93041 -2.529225 -2.469773 -2.279013 -1.828332 -1.973854 -2.812112 -3.032795 -2.336386 -2.521917 -2.944014 -2.805984 -1.497675 -1.836605 -1.955951 -.5141447 2.237711 2.084382 4.179072 6.933522 6.758287 7.87876 5.78518 6.577097 7.326926 7.240806 8.130977 8.340753 6.490701 3.689377 -1.611769 -5.484016 -3.29876 -2.655509 -9.088511 -13.49277 -13.45134 -12.12495 -7.186954 -5.261578 -8.187916
-2.335706 -2.376988 -2.63864 -2.348891 -2.225893 -2.264314 -2.544968 -2.83926 -2.497658 -2.24949 -1.788967 -1.314953 -1.02188 -.9710531 -1.231497 -1.495608 -1.205386 -1.107617 -1.798283 -1.3844 -1.602326 -2.367165 -1.747474 -1.26043 -1.466891 -1.801126 -1.871523 -1.551386 -2.03438 -2.96041 -3.861008 -3.397439 -2.906257 -3.188374 -5.255314 -5.210436 -2.979659 .8072014 2.230311 2.720147 5.848397 10.94542 8.931879 9.197856 10.08252 9.5206 8.493667 7.583041 4.112458 .6468703 -5.723235 -9.315946 -7.257115 -.3744744 -6.226884 -12.6306 -14.31953 -14.07057 -7.67606 -3.145609 -6.945826
-2.539294 -2.632451 -2.440331 -2.379918 -2.386472 -2.500578 -2.600923 -2.489003 -2.291976 -2.038783 -1.699131 -1.410385 -1.262339 -1.258356 -1.5275 -2.003654 -1.792912 -1.390938 -1.484708 -1.302461 -.6731502 -1.120981 -1.109219 -.9886962 -1.132443 -1.304819 -1.214186 -1.30505 -2.210597 -3.648031 -4.056051 -3.058648 -1.655708 -2.702092 -5.009446 -3.85031 -.04961125 2.158341 2.927299 3.058101 2.071453 7.514826 12.14691 12.44573 11.69598 9.739937 6.870671 5.175319 2.387057 .07034244 -5.20501 -9.065036 -9.467051 -.2966919 -2.324829 -12.25499 -14.41997 -13.71219 -7.11269 2.17409 -2.028761
