py_wake/examples/data/AJ_ParqueFicticio/Rough survey   Sector 5   Height 200m   Orographic turn.grd
DSAA
73  159
 258469   265669
 6501692   6517492
-11.52357   15.27929
[rows 81 to 107 of 159, columns 0 to 60 of 73]
-.4818698 -.5281932 -.5747586 -.6879144 -.9133461 -1.201672 -1.443145 -1.622341 -1.773761 -1.906985 -2.05067 -2.107088 -2.122754 -2.224339 -2.277023 -2.23799 -2.209192 -2.279933 -2.40251 -2.58451 -2.838157 -3.152661 -3.498955 -3.816504 -4.180491 -4.787153 -5.60197 -6.596839 -7.42437 -7.733155 -7.409523 -6.80276 -6.233953 -5.812457 -5.415775 -5.040588 -4.625773 -4.121222 -3.896525 -3.886055 -3.965095 -3.901054 -3.820415 -3.561638 -3.21659 -2.728173 -2.122403 -1.559232 -1.072487 -.6721561 -.4626947 -.3957257 -.5051627 -.7010816 -.8039091 -.6578218 -.1493978 .5363333 1.402454 2.276703 3.077758
-.5326566 -.5987706 -.672516 -.7838724 -.9793252 -1.235332 -1.525744 -1.700498 -1.867288 -2.059903 -2.205017 -2.223768 -2.352707 -2.467098 -2.55823 -2.606045 -2.577842 -2.62957 -2.723666 -2.819104 -3.096995 -3.344877 -3.712645 -4.040737 -4.581199 -5.322073 -6.322693 -7.307636 -7.96894 -8.005345 -7.392599 -6.695127 -6.112137 -5.704109 -5.29022 -4.744556 -4.287572 -3.883584 -3.825178 -4.054328 -4.288373 -4.330609 -4.187417 -3.877042 -3.48518 -2.939121 -2.240345 -1.659084 -1.103404 -.6690935 -.4140119 -.409685 -.5348437 -.724557 -.8571783 -.6362268 -.02719063 .7040023 1.626423 2.61678 3.513973
-.5657811 -.6316885 -.7356531 -.8813043 -1.065082 -1.290995 -1.541621 -1.761003 -1.980061 -2.193925 -2.296351 -2.440802 -2.566931 -2.705551 -2.863143 -2.968701 -3.032978 -3.080273 -3.127423 -3.261819 -3.444737 -3.630509 -3.909015 -4.311741 -4.942026 -5.889241 -6.95716 -7.893121 -8.38759 -8.176432 -7.434055 -6.648932 -6.048494 -5.484354 -4.99239 -4.312228 -3.806415 -3.58992 -3.812889 -4.173456 -4.497867 -4.616495 -4.501062 -4.198738 -3.828102 -3.285491 -2.637765 -2.037644 -1.512499 -.9460149 -.58365 -.5039936 -.6148225 -.7809625 -.8004986 -.552151 .07130176 .8522252 1.803316 2.878415 3.928196
-.5384195 -.6539167 -.7645596 -.9228787 -1.101725 -1.358276 -1.589563 -1.869963 -2.105468 -2.284244 -2.437274 -2.6415 -2.797472 -2.896242 -3.069809 -3.214629 -3.390309 -3.522398 -3.588372 -3.72778 -3.865169 -4.036075 -4.277277 -4.685664 -5.320178 -6.334676 -7.472791 -8.326146 -8.690351 -8.36032 -7.597702 -6.744658 -6.02263 -5.372024 -4.765697 -3.891789 -3.467513 -3.410542 -3.691306 -4.243132 -4.640177 -4.764974 -4.631222 -4.368402 -4.016336 -3.5709 -3.055361 -2.59989 -2.000822 -1.37282 -.8947949 -.6853343 -.6985583 -.7248923 -.6758487 -.3305916 .2437605 1.078171 2.130471 3.224099 4.430597
-.5786304 -.6860341 -.8013988 -.9441142 -1.133131 -1.40273 -1.644331 -1.925253 -2.154309 -2.353153 -2.588755 -2.795444 -2.988751 -3.090526 -3.250251 -3.480313 -3.667736 -3.823743 -3.993907 -4.200032 -4.362121 -4.621771 -4.881569 -5.297077 -5.9525 -6.978876 -8.035581 -8.780136 -9.01465 -8.629623 -7.953857 -7.041687 -6.200856 -5.360212 -4.587611 -3.74558 -3.345563 -3.393104 -3.741436 -4.217036 -4.550845 -4.627707 -4.510311 -4.234144 -3.996219 -3.595755 -3.252723 -2.927845 -2.451042 -1.868132 -1.326167 -.9393289 -.7330432 -.6448607 -.5083467 -.08440147 .6086176 1.505235 2.506093 3.687626 5.004303
-.5960524 -.686547 -.7968382 -.9696984 -1.201998 -1.459672 -1.743913 -1.952823 -2.173381 -2.437805 -2.682402 -2.855421 -3.053927 -3.218866 -3.429223 -3.670741 -3.828233 -4.018027 -4.320029 -4.560947 -4.892612 -5.215593 -5.637654 -6.19194 -6.932718 -7.800454 -8.702758 -9.307755 -9.455851 -9.092068 -8.334746 -7.398739 -6.360464 -5.344827 -4.456999 -3.616532 -3.265993 -3.481225 -3.990216 -4.301981 -4.469257 -4.460059 -4.268746 -3.964144 -3.691223 -3.324019 -3.036277 -2.80507 -2.405773 -1.967847 -1.590812 -1.25235 -.9248613 -.6959587 -.3990848 .07388049 .9059132 1.886519 3.036526 4.290313 5.73645
-.532953 -.6530045 -.7836118 -1.032396 -1.281272 -1.540628 -1.808991 -2.020335 -2.244846 -2.525206 -2.73035 -2.932368 -3.11643 -3.392013 -3.65649 -3.843602 -4.011872 -4.264478 -4.4961 -4.797767 -5.23613 -5.757584 -6.382397 -7.083507 -7.886673 -8.662913 -9.416904 -9.838011 -9.881618 -9.515661 -8.60556 -7.535727 -6.359376 -5.189162 -4.181075 -3.380814 -3.14547 -3.605017 -4.066412 -4.361791 -4.496101 -4.419249 -4.188655 -3.772613 -3.431244 -3.085239 -2.833357 -2.541487 -2.218596 -1.879217 -1.703046 -1.620054 -1.339128 -.8426076 -.4597683 .1079693 1.016128 2.219776 3.446633 4.90144 6.480532
-.4638565 -.6064465 -.783942 -1.055578 -1.343724 -1.621079 -1.865993 -2.089408 -2.353235 -2.573128 -2.776893 -2.985164 -3.204303 -3.49154 -3.774016 -4.034918 -4.237167 -4.500996 -4.713715 -5.04754 -5.468537 -6.035422 -6.786033 -7.710474 -8.559863 -9.260851 -9.838372 -10.14973 -10.05275 -9.492718 -8.593217 -7.327068 -6.198889 -4.97075 -3.923436 -3.225738 -3.05207 -3.458341 -3.969397 -4.317589 -4.465626 -4.357546 -4.124427 -3.765203 -3.385064 -3.070293 -2.884519 -2.539537 -2.150761 -1.895308 -1.942535 -2.150426 -1.981411 -1.463797 -.8485693 -.1187816 .9082635 2.24825 3.696841 5.252106 7.052647
-.3738525 -.5379879 -.7682109 -1.042763 -1.365071 -1.623191 -1.947061 -2.219874 -2.478554 -2.706626 -2.901391 -3.047139 -3.258871 -3.575003 -3.863251 -4.155159 -4.456558 -4.707164 -4.967998 -5.231667 -5.582181 -6.123624 -6.926733 -7.85833 -8.780511 -9.489009 -10.03299 -10.21716 -9.887622 -9.138627 -8.062406 -6.899217 -5.740653 -4.60524 -3.620599 -3.085507 -3.048584 -3.397237 -3.82417 -4.184696 -4.314883 -4.211854 -3.918838 -3.545878 -3.254319 -2.982469 -2.786083 -2.476551 -2.06683 -1.866654 -2.14455 -2.52477 -2.725544 -2.336731 -1.542551 -.6103018 .5576424 2.08496 3.673897 5.33796 7.232944
-.2219459 -.4495431 -.7336079 -.9919553 -1.289017 -1.647496 -1.980155 -2.267615 -2.560536 -2.81855 -3.012158 -3.125758 -3.362858 -3.600475 -3.888974 -4.180799 -4.571123 -4.927782 -5.28484 -5.453954 -5.728319 -6.185544 -6.935011 -7.886045 -8.717876 -9.456108 -9.928357 -10.07619 -9.604491 -8.650912 -7.419209 -6.218208 -5.045113 -4.020094 -3.159516 -2.955919 -3.038571 -3.256387 -3.66296 -3.968815 -4.089999 -3.945244 -3.494949 -3.091161 -2.686432 -2.507886 -2.154211 -1.778877 -1.388132 -1.342398 -1.703996 -2.212256 -2.413171 -2.450739 -1.962355 -.9706419 .2635885 1.694267 3.355282 5.200243 7.176136
-.1428718 -.3666557 -.6193303 -.8826422 -1.179317 -1.573065 -1.915905 -2.268166 -2.594644 -2.848663 -3.073453 -3.219725 -3.401809 -3.61142 -3.844978 -4.1223 -4.518165 -5.008806 -5.529096 -5.857709 -6.01719 -6.365476 -7.047929 -7.915234 -8.712088 -9.247276 -9.683825 -9.7694 -9.183842 -8.047946 -6.682436 -5.401319 -4.273864 -3.205412 -2.643481 -2.759489 -2.920372 -3.128917 -3.484657 -3.787682 -3.763999 -3.430488 -2.93952 -2.446272 -2.047426 -1.681032 -1.312565 -.7470605 -.4459013 -.4479823 -.6820873 -1.035515 -1.20058 -1.279179 -1.184553 -.5278088 .4055248 1.62019 3.163609 5.108496 7.113431
.05019496 -.2355753 -.4877914 -.7646511 -1.088938 -1.472263 -1.855931 -2.203505 -2.536263 -2.838323 -3.100582 -3.262903 -3.457985 -3.600769 -3.753297 -4.004622 -4.362361 -4.951123 -5.659914 -6.17824 -6.400057 -6.702475 -7.348753 -8.1272 -8.747822 -9.173895 -9.410335 -9.370143 -8.653187 -7.420895 -5.984578 -4.630767 -3.437237 -2.517879 -2.303838 -2.572234 -2.820948 -3.020146 -3.342929 -3.587824 -3.363093 -2.946137 -2.382858 -1.820937 -1.40075 -.9401867 -.4909729 .03177531 .3431909 .3934038 .2355907 .1032816 .1885826 .272244 .4651677 .9390426 1.476827 2.334759 3.534589 5.344891 7.479533
.1703787 -.09072199 -.3772158 -.6608277 -.9876227 -1.394002 -1.76678 -2.127482 -2.464096 -2.771206 -3.046378 -3.268547 -3.479576 -3.648192 -3.764621 -3.905091 -4.198471 -4.85532 -5.658935 -6.348894 -6.788909 -7.133579 -7.720688 -8.399571 -8.889255 -9.082122 -9.15237 -8.89233 -8.028491 -6.775263 -5.362498 -3.990701 -2.748082 -1.912783 -2.051706 -2.497438 -2.71549 -2.881168 -3.208095 -3.329404 -3.044457 -2.472767 -1.780177 -1.258118 -.8776538 -.3544597 .1560357 .4870651 .6746843 .6901149 .6619083 .7689197 1.085176 1.486055 1.977551 2.406656 2.880383 3.459141 4.358596 5.916724 7.964544
.3015548 .02255632 -.2753021 -.5920119 -.9391044 -1.307822 -1.673372 -2.052055 -2.370828 -2.657767 -2.943033 -3.222393 -3.515795 -3.766923 -3.907557 -3.984649 -4.231007 -4.812846 -5.676544 -6.436853 -7.002528 -7.48061 -8.096745 -8.732628 -9.025607 -9.056477 -8.885479 -8.404304 -7.477375 -6.179102 -4.822375 -3.543131 -2.372009 -1.740168 -1.97634 -2.44035 -2.622753 -2.711545 -2.983593 -3.143305 -2.830761 -2.181175 -1.477493 -.9528378 -.4274228 .1339201 .4971679 .669512 .7112038 .6921324 .6591856 .8231853 1.328824 1.933969 2.535888 3.081016 3.581414 4.19501 5.039715 6.425845 8.373089
.3863725 .09674871 -.1907013 -.5144317 -.8827569 -1.255957 -1.6004 -1.949581 -2.25401 -2.539388 -2.806076 -3.099717 -3.471467 -3.856342 -4.147069 -4.305172 -4.554021 -5.100863 -5.847847 -6.538288 -7.095064 -7.644256 -8.331145 -8.984567 -9.190848 -9.022409 -8.679497 -8.010332 -7.021861 -5.774501 -4.572548 -3.416151 -2.315709 -1.799741 -2.121015 -2.413514 -2.552809 -2.571046 -2.798201 -3.009887 -2.755537 -2.044614 -1.285547 -.6520724 -.1385833 .3341241 .5834106 .7035014 .6352755 .5155436 .4442656 .5822338 1.094178 1.678899 2.340717 2.898779 3.611726 4.438711 5.442844 6.8155 8.591533
.4739969 .1480832 -.143019 -.4629721 -.7947243 -1.170458 -1.548103 -1.86723 -2.109651 -2.354395 -2.600597 -2.885682 -3.324019 -3.845585 -4.341824 -4.720531 -5.075018 -5.56928 -6.264168 -6.81424 -7.227999 -7.653555 -8.338172 -9.074679 -9.203948 -8.959109 -8.439504 -7.733765 -6.845815 -5.820066 -4.743111 -3.661126 -2.604424 -1.993071 -2.129556 -2.399259 -2.44803 -2.456547 -2.580309 -2.816702 -2.480288 -1.855094 -1.131074 -.5340577 -.09518062 .2590781 .4465339 .5035027 .3873788 .2523953 .09883437 .1446869 .4422822 .9103839 1.462062 2.034328 2.974165 4.098694 5.359854 6.886425 8.598796
.5669633 .1966149 -.1494288 -.4342487 -.7016976 -1.064853 -1.438527 -1.769373 -1.997003 -2.209176 -2.444784 -2.718654 -3.111293 -3.713801 -4.411915 -5.010976 -5.503455 -6.105484 -6.784366 -7.247854 -7.471945 -7.729623 -8.276087 -8.884502 -9.012515 -8.615958 -7.9414 -7.365263 -6.832725 -6.120335 -5.147999 -4.024307 -2.922183 -2.194682 -2.18939 -2.47839 -2.317537 -2.291945 -2.394963 -2.531738 -2.316786 -1.737964 -1.088909 -.6070616 -.2678773 -.03682487 .07727169 .1341702 .05833584 -.1492881 -.3621338 -.3760993 -.2485047 -.2469642 .005187167 .6802491 1.817538 3.13393 4.642958 6.494202 8.464467
.7010193 .249183 -.1303938 -.422579 -.6573147 -.9453747 -1.293553 -1.601457 -1.854418 -2.080026 -2.287741 -2.542832 -2.910832 -3.497082 -4.226173 -4.95396 -5.585709 -6.372746 -7.16425 -7.58308 -7.638355 -7.714099 -8.121861 -8.490746 -8.38236 -7.799325 -7.180637 -6.863494 -6.558549 -5.938453 -5.023096 -3.925366 -2.918889 -2.386796 -2.416814 -2.779636 -2.638937 -2.294221 -2.199057 -2.287006 -2.181517 -1.726763 -1.172804 -.7759436 -.5482168 -.3237091 -.2451997 -.2070508 -.3225907 -.6678885 -.8511835 -.9550397 -.9536744 -.9341113 -.6686525 -.07731608 .9527203 2.342911 4.045992 6.045815 8.237798
.8619046 .3726186 -.04316791 -.374372 -.6096266 -.8023928 -1.100621 -1.371028 -1.658071 -1.923919 -2.156252 -2.413735 -2.803516 -3.348643 -3.975691 -4.607236 -5.285396 -6.22838 -7.097025 -7.555352 -7.531329 -7.466717 -7.56527 -7.67412 -7.410873 -6.843188 -6.505266 -6.29886 -6.023355 -5.492487 -4.59775 -3.534564 -2.632807 -2.395975 -2.631877 -2.951328 -2.807312 -2.417302 -2.250373 -2.267803 -2.10662 -1.803073 -1.438321 -1.045233 -.7776535 -.4300953 -.2428923 -.2688768 -.641719 -1.045711 -1.341799 -1.380446 -1.255536 -.9242272 -.4892126 .2854788 1.342281 2.73051 4.314745 6.289834 8.601538
1.002706 .5583158 .1403297 -.2213852 -.4682935 -.6272888 -.830947 -1.078701 -1.370977 -1.702814 -2.033632 -2.361765 -2.792932 -3.337647 -3.860689 -4.236742 -4.84283 -5.704572 -6.588281 -7.067407 -7.042635 -6.910861 -6.733434 -6.566994 -6.281126 -6.105778 -6.076809 -6.00708 -5.634857 -5.020343 -4.084573 -3.03774 -2.247365 -2.112876 -2.510591 -2.803237 -2.763258 -2.532485 -2.388208 -2.360758 -2.194596 -2.077771 -1.787377 -1.405151 -1.089418 -.4642013 .01826406 .01627966 -.4223936 -.9623432 -1.273974 -1.405733 -1.281795 -.8503345 -.1471235 .8498403 2.098208 3.664175 5.389384 7.279806 9.62134
1.145765 .7826868 .4137801 -.003463121 -.2642483 -.4235672 -.5348694 -.7715119 -1.021454 -1.393126 -1.85791 -2.275681 -2.782616 -3.315197 -3.744906 -4.037133 -4.431616 -5.031037 -5.783571 -6.227682 -6.212664 -5.950907 -5.587408 -5.360822 -5.325383 -5.422536 -5.552707 -5.557872 -5.227859 -4.512758 -3.518249 -2.542672 -1.851806 -1.838501 -2.100432 -2.283815 -2.277447 -2.11676 -2.132465 -2.180713 -2.185036 -2.214635 -2.043375 -1.778164 -1.035687 -.1264073 .6160487 .6539226 .2710218 -.3842457 -.8599883 -1.181644 -1.172604 -.7162678 .1386303 1.25687 2.629066 4.185308 5.892087 7.99895 10.64646
1.249679 .9936603 .6653672 .2237063 -.08955465 -.2076679 -.2825064 -.5098141 -.7669612 -1.161518 -1.677156 -2.242475 -2.772612 -3.320413 -3.682371 -3.847817 -4.039546 -4.401743 -4.856826 -5.126289 -5.039009 -4.604072 -4.176957 -4.088757 -4.384533 -4.787724 -5.124999 -5.149954 -4.782192 -3.987018 -3.037189 -2.148668 -1.528322 -1.467721 -1.60215 -1.587532 -1.574759 -1.458485 -1.514828 -1.75571 -2.100423 -2.322883 -2.08176 -1.562479 -.6431653 .5101773 1.301785 1.248603 .8357694 .1860274 -.4206991 -.9129584 -1.007525 -.6026829 .305464 1.45901 2.859281 4.317297 6.11895 8.407176 11.36417
1.219226 1.084825 .7899182 .3606322 .0429421 -.07499243 -.1868622 -.4805177 -.7897384 -1.185068 -1.736112 -2.309171 -2.876002 -3.390043 -3.552979 -3.542884 -3.572112 -3.688678 -3.837891 -3.840493 -3.49788 -2.922277 -2.542412 -2.668395 -3.269569 -3.948326 -4.401511 -4.493743 -4.157713 -3.559706 -2.727938 -1.86303 -1.228119 -.9541299 -.9149114 -.8401042 -.7384866 -.6848698 -.7760248 -1.212682 -1.801368 -2.212167 -2.03545 -1.384265 -.2315866 .9380014 1.694753 1.646753 1.16509 .6241024 .006009837 -.5768762 -.7737378 -.3727297 .5853899 1.713107 3.108551 4.652893 6.496017 8.893137 11.81605
.9442079 .9055604 .703238 .351245 .02864708 -.06092213 -.2848043 -.7026014 -1.134142 -1.567213 -2.139817 -2.758938 -3.284098 -3.651668 -3.587672 -3.291479 -3.020132 -2.869471 -2.803766 -2.467279 -1.906414 -1.281121 -.9136212 -1.188716 -1.972441 -2.781093 -3.340336 -3.469773 -3.299275 -2.916422 -2.230406 -1.389681 -.6097659 -.204025 -.06902475 .02367978 .2321873 .1187961 -.312326 -.9815331 -1.682441 -2.157003 -2.033124 -1.281218 -.1495779 .8356871 1.531566 1.75711 1.456968 .957784 .4340251 -.07056427 -.122734 .3522395 1.352191 2.447735 3.793314 5.400366 7.358698 9.578671 12.08526
.5043584 .4241608 .3016435 .03962136 -.1554568 -.2524638 -.52012 -1.037911 -1.58694 -2.137563 -2.826276 -3.489527 -4.014616 -4.167454 -3.920174 -3.259929 -2.630767 -2.178171 -1.869001 -1.397367 -.6514214 .06463949 .426766 .173127 -.6078421 -1.426116 -1.955885 -2.197048 -2.141678 -1.922948 -1.307195 -.4442853 .330031 .8398959 1.001623 1.239995 1.281079 .8889261 .08072236 -.8787143 -1.796671 -2.267189 -2.072921 -1.252235 -.2195521 .6087905 1.245718 1.726471 1.678689 1.22886 .8182296 .608992 .8667445 1.642712 2.746994 3.894223 5.185758 6.791581 8.594121 10.44944 12.6052
.2482027 .0417086 -.1855033 -.3560536 -.4640262 -.5689515 -.8884879 -1.462512 -2.051539 -2.723883 -3.545872 -4.35612 -4.871835 -4.832222 -4.366138 -3.552494 -2.614205 -1.853177 -1.380305 -.8188607 -.1078942 .7125536 1.238516 1.150463 .6076904 -.06998842 -.552052 -.8257441 -.8641483 -.6548376 -.005040871 .8639512 1.582143 1.9952 2.196361 2.378695 2.319734 1.515423 .3122798 -.9303415 -1.912344 -2.271636 -2.046958 -1.214371 -.1960021 .6888385 1.359486 1.886854 1.890257 1.406695 1.017607 1.108135 1.749537 2.97331 4.253318 5.488543 6.828924 8.263212 9.696167 11.3202 13.17398
.4883381 .09196261 -.2780212 -.5755882 -.7526309 -.8868169 -1.240975 -1.783858 -2.425555 -3.246659 -4.251369 -5.191239 -5.704765 -5.613928 -5.058389 -4.086586 -3.072448 -2.174609 -1.471516 -.8184077 -.03312838 .8883424 1.657638 1.816766 1.413143 .991072 .6608921 .3916963 .3667147 .7140068 1.456262 2.338589 2.96322 3.344902 3.510623 3.569726 3.178702 2.115894 .6491022 -.8091871 -1.863448 -2.233565 -1.979272 -1.087897 -.001641946 .9887625 1.904978 2.479794 2.414027 1.729009 1.07876 1.125119 2.060567 3.572162 5.214076 6.612222 7.97256 9.319468 10.58887 11.87809 13.5149
