py_wake/examples/data/AJ_ParqueFicticio/Rough survey   Sector 2   Height 30m   Orographic turn.grd
DSAA
73  159
 258469   265669
 6501692   6517492
-66.56977   67.29546
[rows 0 to 26 of 159, columns 0 to 61 of 73]
.1802047 .7368617 .904032 .9838751 1.060431 1.168689 1.280039 1.373303 1.443664 1.540482 1.696046 1.803253 1.882677 1.826231 1.703973 1.438637 1.04692 .6024791 -.1345063 -1.439729 -4.428753 -3.970229 -1.398157 2.432713 3.581432 3.833439 .3288886 2.700007 2.790704 1.645882 1.517364 2.089952 1.40101 .2624923 -1.095706 -.888264 .3004305 3.298084 2.862782 2.730549 3.025806 3.73171 4.278413 5.588707 5.140973 4.486029 4.068377 3.866411 3.797955 3.820388 3.846343 4.018676 4.165705 4.462752 4.694339 4.876798 5.049197 5.108398 5.048462 4.785124 4.533391 4.145708
1.072301 1.283446 1.088484 1.026219 1.087266 1.201243 1.292403 1.451995 1.497266 1.523421 1.616975 1.784276 1.879853 1.916682 1.765218 1.416126 .9981736 .4057203 -.4909523 -2.465122 -5.075896 -4.154758 -.5468131 2.613896 2.145942 .78205 .3696747 2.919214 3.016701 2.242146 2.001839 1.923965 1.561372 .5637016 -.9470868 -1.052712 -.4733428 2.066643 1.805733 1.618923 1.607353 1.94399 2.568477 4.028184 4.65816 4.344903 3.672877 3.168676 3.280401 3.322317 3.486764 4.026436 4.317195 4.760849 5.024805 5.210121 5.391212 5.440326 5.26911 5.112746 4.826769 4.42055
1.118677 1.996201 1.208672 1.105076 1.230035 1.343065 1.452812 1.554355 1.653962 1.733165 1.461293 1.655343 2.069369 2.224759 2.054728 1.516109 .9568427 .3161305 -.7032167 -2.732992 -4.231542 -3.001552 .5935447 1.90801 3.482337 1.875385 .4292137 1.727376 2.809238 2.398602 2.143349 2.234194 2.034778 1.113779 -.4981408 -1.723462 -2.311987 -.3038 .129082 .02143116 -.01983268 .9031841 1.956538 3.036806 3.513224 3.986538 3.629702 3.113097 2.886775 2.534101 2.916844 3.787703 4.5314 4.847812 5.11939 5.399424 5.624575 5.753592 5.73349 5.558831 5.280484 4.726173
.1488926 1.319208 1.240661 1.342988 1.412026 1.498152 1.714003 1.886327 1.99454 2.090531 1.980897 1.563264 1.898899 2.491385 2.711858 1.742806 1.134466 .3898774 -.7039264 -2.61684 -3.215718 -1.785984 .9369509 1.507789 2.971489 .2860085 .2988584 1.551353 2.388247 2.13723 1.927115 2.765408 2.686924 1.379385 .5281192 -.7257441 -2.368794 -1.157014 -2.031392 -2.726671 -2.30317 .2205608 2.338551 2.829745 3.519425 3.220535 2.750517 2.804586 2.737488 2.352927 2.244272 3.612434 4.013673 4.716268 5.232633 5.663706 6.041918 6.288201 6.337632 6.150517 5.774073 5.2106
-.7702433 -.03483185 1.700284 2.084553 1.822776 1.784339 2.083429 2.495723 2.569591 2.546994 2.69092 2.227686 2.242731 2.902014 3.215639 2.198456 1.384192 .4672914 -.8998318 -3.470787 -2.513668 -.6985607 1.965099 2.903042 4.482004 1.382718 .904735 1.731097 2.515417 2.690799 2.6124 3.096021 3.036181 2.06526 2.312739 2.343846 1.865635 2.13737 1.34923 -2.091852 -3.504658 1.100806 3.936551 3.332364 2.217108 .6999783 1.141474 2.147559 2.054245 1.696426 1.067148 2.51713 3.199155 4.14424 5.03022 5.857356 6.544919 6.94002 7.10879 6.965634 6.553829 5.682546
-.7738536 -1.459396 .05346423 2.209089 2.693003 2.009979 3.026475 3.49734 3.518342 3.423882 3.298843 2.883837 2.748819 3.723073 3.486179 3.305735 2.046733 .8167221 -1.457029 -2.881988 -2.436172 -.7884209 1.543716 3.255641 5.206024 3.501379 2.283597 2.457159 3.007008 3.581986 4.178921 5.469948 5.21702 5.864262 5.867751 6.217969 8.257733 9.011759 7.208588 1.728997 .1325375 4.953967 5.668344 4.306674 3.52715 1.095923 1.46328 2.297518 2.063662 1.168244 .8763245 .5856563 1.746207 3.149601 4.772719 6.22277 7.260673 7.883451 8.216998 8.118579 7.576948 6.43052
-1.460773 -2.250687 -2.569464 -.9560231 1.558553 2.562042 3.536191 2.854968 2.603359 2.650797 2.562784 2.716407 3.139153 3.475256 3.415344 3.477526 3.490312 1.948697 .5948786 -2.043457 -2.136433 -.8429158 1.394789 2.633189 5.109333 4.104351 3.53115 3.330934 3.552747 3.992278 4.56419 5.875984 6.282776 5.457454 5.436256 5.631937 6.665421 8.880634 9.099824 2.582582 3.97415 7.138382 5.672402 3.513338 1.857614 1.901452 2.649947 3.162407 2.337529 1.106663 .8795654 .826588 .287583 1.02505 4.287924 6.738197 8.184726 9.122 9.764641 9.784798 9.150014 7.954917
-1.714202 -2.020464 -2.093402 -1.918526 -2.031304 .4231707 1.987024 2.025283 1.812857 1.754214 1.663436 1.898526 2.676979 3.118218 3.250582 3.789104 4.620266 3.794111 2.391339 .2188284 -.4769482 -.1815083 1.441778 1.658968 3.206981 3.745888 4.075434 3.887005 3.77238 4.073083 4.065983 4.841385 5.370779 5.534946 5.76631 5.899808 6.088962 6.623196 6.049309 3.988417 7.558788 8.971505 6.848514 3.345346 1.843083 3.016762 2.562595 3.696439 1.714703 -.184656 .02053536 .8377677 .4096315 1.459517 4.094408 7.875045 9.40901 10.58181 11.67388 12.68652 11.89266 10.57376
-1.939981 -2.153079 -2.042289 -1.485429 -.792702 .1213926 1.309422 1.446115 1.164477 .7817754 1.053785 1.491659 2.228104 2.309128 2.641873 3.801385 5.079867 6.216117 5.102325 3.872908 2.585457 2.291512 2.835811 .9468095 2.062885 2.975044 4.583218 4.184313 3.80342 3.852655 3.477195 4.344585 5.23613 6.024155 6.716347 7.083932 8.343556 7.912648 7.668198 8.2356 11.88066 12.81767 10.02169 4.953301 3.00048 6.402145 5.790498 5.724662 4.747904 2.908998 2.453 2.994268 2.72222 3.689162 7.53445 9.73085 10.54855 11.87395 13.78907 15.36168 15.6881 14.77701
-2.226259 -2.426063 -2.348131 -1.934559 -1.167613 .878665 2.233707 1.850515 .6333916 -.2321621 .2375795 1.1531 1.861261 1.520713 1.405782 2.899276 4.902885 6.010859 6.923923 7.448625 6.876418 7.48699 9.304811 9.330037 5.085949 3.408198 3.936733 3.884778 3.470883 3.152364 3.083844 4.000852 5.124963 6.193509 7.173109 7.128685 7.964509 9.811163 10.53971 12.08476 17.01057 22.41133 21.86689 14.77683 11.3989 11.26107 9.220385 8.371627 8.170077 6.732781 6.450933 5.893277 4.608943 8.442476 11.71578 11.1289 11.09793 12.50983 14.65837 16.51051 16.87093 16.82979
-2.566404 -2.74954 -2.802424 -2.942271 -3.541603 -2.692744 -1.146492 .6624445 .1965261 -1.652487 -.573455 1.459697 2.145421 .7875459 -.5861722 .3481972 4.23968 6.24882 6.179773 7.385169 9.319222 9.651124 12.21975 12.60118 12.59257 9.751831 7.945045 5.039986 4.392931 3.010009 2.624112 3.697094 4.961733 6.133453 6.805532 6.786557 8.108297 9.559847 11.93252 13.41126 15.7558 18.50956 19.89445 19.81392 22.69366 20.03036 18.71258 16.40122 14.01681 12.15106 12.32821 8.272876 7.1272 12.80462 13.82799 11.6305 9.977511 11.09611 12.44248 14.38052 14.92789 13.0382
-2.904375 -3.112347 -2.839335 -3.067554 -2.338799 -2.522051 -1.229378 -1.000014 -2.499262 -3.531277 -.9334856 2.87177 4.126951 1.430031 -.3102139 -1.532442 .3015364 2.256427 5.30547 6.016134 8.455208 11.30903 13.40809 12.6007 11.98731 12.75858 9.609062 5.549184 4.812474 2.413497 2.731183 3.710548 4.85889 6.07488 6.283165 6.684911 8.141418 9.468807 11.85815 13.60558 15.16058 16.53804 18.35996 20.2815 23.85325 25.55573 24.60976 25.56841 25.68035 23.04379 20.15852 11.96134 13.19543 15.21888 15.72698 13.65567 12.92406 11.5189 10.87976 10.75152 11.60129 10.51666
-3.098281 -3.274191 -2.856276 -2.368956 -1.815737 -1.503181 -1.193309 -1.753731 -5.077396 -5.454873 -2.212522 -.3466024 .2324172 2.396947 1.727781 2.286751 4.417809 .372916 .4155175 3.216449 6.144709 8.07775 11.84187 11.9997 11.69346 11.81598 13.16219 10.38472 6.300488 4.343166 4.209711 4.664902 5.403569 6.258541 6.590091 7.190326 8.419232 9.55108 11.17752 13.69166 15.35034 16.25973 18.39015 21.57331 24.28815 23.36329 23.62819 24.03932 25.08467 24.13606 22.36183 20.97533 20.0944 20.73626 20.25472 21.10719 23.39986 27.29119 30.14565 30.79318 25.42474 22.41387
-3.073592 -2.589872 -2.054729 -1.969482 -1.739355 -1.656427 -1.974265 -4.125709 -7.519217 -6.566606 -2.899671 -1.579753 -2.667485 -4.199119 -2.095093 2.520025 4.357609 4.264313 2.13084 .7999126 1.235261 5.571408 10.65286 11.21215 11.09825 11.29873 11.80394 12.46389 10.66117 8.016834 6.849257 6.349659 6.711668 7.160526 8.279397 8.878188 9.18819 9.763589 10.72439 12.46816 15.58023 17.61568 19.37538 23.47871 25.9885 26.52194 26.54419 27.896 27.39647 28.24047 26.98732 27.28777 31.85268 34.27825 39.66076 53.15327 64.15264 66.89014 65.24831 58.32528 47.37818 35.27405
-2.704347 -2.234489 -1.903785 -1.857937 -1.926273 -2.022081 -2.547657 -3.674572 -5.88365 -6.260107 -2.992278 -2.046712 -2.716424 -3.686437 -2.585801 .3095772 1.37758 1.426507 2.089639 .9280823 .6655998 2.972143 6.240052 9.917091 11.17723 10.92245 10.70602 10.18696 9.439743 8.490631 7.807871 7.33065 6.809636 7.97927 10.33347 11.82968 10.44046 10.32688 10.22237 11.82994 15.1925 18.80602 21.611 24.62016 26.21716 26.9375 26.7561 28.40684 32.78593 32.80503 31.55729 32.36642 36.83868 44.72382 52.97713 58.4461 63.39312 67.29546 65.68219 58.9716 50.22131 39.86079
-2.321258 -2.070687 -1.957636 -1.962879 -2.027048 -2.42144 -3.021723 -3.950916 -5.067873 -5.126091 -2.927803 -2.472662 -2.834917 -3.317443 -2.877673 -1.499068 -.9783227 -1.184055 -.3602238 -.9440027 .0787636 .5471181 1.021397 4.136634 8.68562 11.66282 10.34745 9.465151 8.777922 8.310578 7.906273 7.389919 6.62391 7.956808 14.06749 17.45395 15.0589 11.7294 10.18603 8.468529 12.91957 16.51199 20.29471 24.34137 25.86698 26.11245 27.05173 28.27517 31.7144 34.74634 34.96963 35.74446 39.729 47.12166 55.68496 65.70879 63.06215 50.13153 42.55941 38.89736 35.82933 33.41315
-2.172862 -1.916582 -1.953809 -2.056748 -2.215694 -2.592516 -3.210889 -4.03535 -4.687532 -4.4627 -3.58592 -3.16438 -3.217166 -3.19913 -2.476787 -2.809448 -2.514754 -.6885319 -.1552376 -.2646038 .273526 .6916326 .6912989 .391666 1.740989 6.794616 10.88493 9.658834 8.881921 8.582264 9.144652 7.013753 4.766449 6.116777 12.35809 13.08741 11.81394 10.78302 8.652682 8.052849 13.8491 17.33617 21.57134 24.7643 26.64885 25.54429 24.40044 27.40159 34.69067 38.83014 39.33795 38.945 40.72705 40.2009 36.2887 30.02582 25.55241 23.4639 22.61952 21.11426 21.71185 23.56467
-2.114328 -2.105106 -1.913814 -2.090423 -2.276521 -2.634214 -3.2036 -3.759428 -4.205922 -4.127789 -3.556867 -3.071205 -3.091656 -2.100164 -1.790859 -2.01347 -1.944231 -1.121036 -.5456366 -.1876922 -.01331895 .1534241 .1647345 .06405395 .6977585 1.110478 2.303288 5.2274 7.337167 7.282967 4.796141 .7643428 -.9925232 3.76107 9.778215 8.81835 7.540051 3.996272 -.5051957 -3.056167 5.368869 14.39766 23.42007 30.435 32.50881 29.71677 25.26235 22.20233 23.28678 22.47374 20.07731 17.29329 14.10702 13.21436 13.11411 14.07094 16.69984 17.04836 17.4034 18.08924 19.38819 20.68814
-2.097595 -2.138987 -2.145873 -2.172148 -2.412945 -2.632586 -3.040391 -3.537488 -3.90511 -3.907576 -3.262267 -2.456291 -2.620099 -1.79459 -1.625783 -1.747631 -1.594309 -1.138732 -.7324045 -.3784981 -.2895127 -.5523102 -1.167511 -1.47622 -2.160742 -2.181895 -1.966512 -2.289428 -.2650202 2.411464 .7849613 -5.381412 -6.242291 1.222416 5.116314 4.69081 4.84745 .8369545 -5.790347 -10.66136 .5601509 3.225677 4.668434 7.887982 10.44092 10.89817 9.352479 9.987912 12.90399 13.01793 11.05689 9.561251 8.896138 10.23393 12.05788 14.71887 16.97412 19.19049 20.11702 20.19996 20.19606 20.18823
-2.124304 -2.23274 -2.384193 -2.408437 -2.504946 -2.622599 -2.934559 -3.223718 -3.615807 -3.714393 -3.082116 -3.098171 -2.77418 -1.973615 -1.76642 -1.632622 -1.522938 -1.137729 -.749567 -.3939296 -.5405158 -.8905767 -1.351504 -.4235997 -.9959881 -2.497561 -4.425987 -4.190051 -2.068443 -1.803713 -4.940282 -6.729182 -4.440184 .5500988 1.87974 4.176639 4.3299 -2.133421 -12.20118 -14.16677 -3.481425 -1.144628 -1.924218 -2.436807 -.2227186 .7694693 .6550632 3.718865 7.394553 7.118837 5.298167 5.689102 7.940784 10.33277 13.05655 16.18207 18.2322 19.97929 21.27822 22.01951 21.62836 20.81373
-1.763899 -2.258117 -2.783648 -2.765992 -2.599771 -2.646152 -2.816989 -2.971344 -3.216069 -3.191239 -2.480831 -2.59252 -2.56924 -2.212653 -1.87012 -1.722858 -1.685302 -1.244142 -.7881141 -.7345693 -.9030572 -1.035788 -.6044887 .02847976 -.3166766 -1.193744 -2.202254 -3.184663 -2.780339 -3.097047 -6.244524 -2.668279 -2.959143 .4666395 -.5206748 2.322092 2.822105 -5.643198 -18.3333 -14.75355 -5.075643 -1.671402 -3.143128 -2.982744 -3.957651 -5.037243 -3.063842 1.677147 4.75085 4.081182 2.429631 3.557123 7.359208 9.80584 14.19956 17.95561 21.02082 22.76848 23.93297 23.68292 22.75339 19.8751
-1.369453 -1.324552 -2.364608 -2.690343 -2.478419 -2.488736 -2.58789 -2.740315 -2.840933 -2.575336 -2.257227 -2.256084 -2.274969 -2.117928 -1.983748 -1.840307 -1.782984 -1.363356 -1.163389 -1.539979 -1.576108 -1.170227 -.3994143 .037397 -.08989143 -.4058839 -.7683607 -1.24409 -2.813 -8.75496 -4.950117 .1061489 1.607572 1.336947 -.5925053 1.493692 -.3795986 -6.218141 -14.92499 -9.929951 -5.186565 -2.879959 -2.205561 -1.947124 -3.237128 -3.733397 -1.974069 .82174 3.084794 3.322205 2.639171 3.995425 6.885766 10.06714 14.17203 18.836 22.60034 24.40548 25.05844 24.72336 22.24905 17.73557
-1.468778 -1.275615 -1.597226 -2.245607 -2.221759 -2.33366 -2.391196 -2.444165 -2.507612 -2.268148 -2.192753 -2.06934 -2.07157 -1.939969 -1.86851 -1.771342 -1.594354 -.9983773 -1.166154 -1.357236 -1.441831 -1.116784 -.5559527 -.3057541 -.1472296 -.146631 -.0970866 -.3898738 -4.646299 -8.915459 -4.603112 -.4358627 -.6972381 -.2260426 -1.209304 .6544889 -2.747392 -8.878329 -9.272355 -7.25895 -3.530203 -3.128745 -1.022707 -2.317105 -2.915423 -2.289257 -1.38275 -.3851358 .712176 2.110286 3.067559 4.579541 8.093972 10.74611 13.71077 18.63627 21.7464 23.02756 23.03523 22.37079 19.22739 14.86634
-1.696821 -1.747121 -2.299952 -2.199095 -2.125751 -2.1872 -2.208975 -2.281828 -2.201801 -2.16207 -2.072308 -2.033916 -1.962854 -1.923131 -1.738028 -1.510314 -.9594611 -.7577782 -1.031318 -1.329275 -1.334807 -1.160473 -.7745428 -.5028352 -.3840386 -.3088049 -.4806484 -.8129742 -4.723733 -6.466531 -2.044177 -1.807175 -1.481202 -1.033086 -2.564934 .3691622 -3.057253 -8.964249 -8.341389 -4.799521 -2.267935 -.3356144 .5262314 -2.081676 -1.911846 -.1082231 -.2949823 -.2275055 .2202164 1.152378 2.913308 6.103606 9.921942 12.10404 13.28354 17.10972 20.24769 20.99437 20.74866 18.8178 15.9573 11.78617
-1.772453 -2.181997 -2.265328 -2.083307 -2.062259 -2.064109 -2.062714 -2.092401 -2.021176 -2.296546 -1.991732 -1.991108 -1.985806 -1.924817 -1.732665 -1.447019 -1.472918 -1.308085 -1.243569 -1.44794 -1.528616 -1.384499 -1.0561 -.8478221 -.5498232 -.7039176 -1.602946 -3.121416 -4.883829 -4.074601 -1.37019 -1.442265 -2.651615 -3.03359 -4.997528 -.2491406 -1.596247 -5.075526 -6.331781 -4.856645 -4.807971 .3397636 1.652449 -.3452057 -.2549637 .3257388 -.01759129 -.4206344 -.0815763 -.01318495 .9084682 5.603859 10.76646 12.50891 11.74786 14.91384 18.69004 19.04961 18.02301 15.92608 12.59442 8.460685
-1.548405 -1.980291 -2.046392 -1.901949 -1.880953 -1.85112 -1.937074 -1.897047 -1.914401 -2.342413 -1.971497 -1.960792 -1.917118 -1.731837 -1.54766 -1.257652 -1.363926 -1.46895 -1.498963 -1.660322 -1.657068 -1.718675 -1.55283 -1.537173 -1.590568 -1.914567 -2.918305 -4.355699 -4.522825 -3.17488 -1.865349 -1.091482 -2.25792 -5.8118 -8.409812 -2.230428 -1.875844 -3.653158 -4.888855 -6.048261 -6.649417 -3.557691 -.6078341 -.6918427 .5607535 -.03735531 -1.014591 -1.821468 -1.906897 -1.962959 -.5676802 3.921636 10.40296 13.27684 11.35431 12.91543 17.14717 18.22816 16.22574 14.2604 10.05304 6.249431
-2.063914 -2.260051 -2.163416 -1.944578 -1.884245 -1.784338 -1.813713 -1.794332 -1.979933 -2.201908 -2.020382 -2.033082 -1.86621 -1.594011 -1.446582 -1.445337 -1.55789 -1.61409 -1.690882 -1.764406 -1.88699 -2.012018 -1.861333 -1.922317 -2.041612 -2.843446 -3.900123 -4.694332 -3.258209 -3.728263 -1.882824 -.8796704 -1.722975 -4.366533 -7.943421 -5.207285 -2.962101 -3.629609 -3.988082 -5.764483 -7.093177 -6.563687 -2.337372 -2.388895 -1.255952 -1.965932 -2.568063 -2.224746 -2.586901 -2.410178 -1.151302 2.449215 9.047113 12.51359 11.64267 12.41906 16.98563 17.06673 16.74996 14.55306 9.434397 5.102548
