py_wake/examples/data/AJ_ParqueFicticio/Rough survey   Sector 4   Height 30m   Weibull-k.grd
DSAA
73  159
 258469   265669
 6501692   6517492
 1.095703   2.744141
[rows 28 to 55 of 159, columns 0 to 62 of 73]
2.697266 2.701172 2.705078 2.705078 2.705078 2.701172 2.701172 2.701172 2.708984 2.708984 2.705078 2.701172 2.693359 2.685547 2.681641 2.677734 2.669922 2.666016 2.662109 2.666016 2.673828 2.677734 2.666016 2.654297 2.642578 2.626953 2.619141 2.630859 2.634766 2.634766 2.634766 2.626953 2.611328 2.611328 2.587891 2.650391 2.666016 2.634766 2.595703 2.560547 2.611328 2.666016 2.634766 2.541016 2.412109 2.333984 2.255859 2.154297 2.158203 2.232422 2.341797 2.443359 2.494141 2.521484 2.630859 2.697266 2.646484 2.654297 2.677734 2.716797 2.724609 2.646484 2.544922
2.697266 2.701172 2.705078 2.705078 2.705078 2.708984 2.705078 2.701172 2.705078 2.708984 2.708984 2.708984 2.705078 2.681641 2.677734 2.673828 2.669922 2.666016 2.666016 2.669922 2.677734 2.677734 2.669922 2.654297 2.642578 2.634766 2.626953 2.626953 2.630859 2.630859 2.630859 2.630859 2.634766 2.650391 2.697266 2.705078 2.650391 2.623047 2.603516 2.591797 2.638672 2.654297 2.623047 2.572266 2.494141 2.373047 2.310547 2.283203 2.314453 2.369141 2.439453 2.517578 2.552734 2.548828 2.626953 2.697266 2.642578 2.654297 2.697266 2.728516 2.705078 2.583984 2.474609
2.697266 2.701172 2.705078 2.705078 2.708984 2.708984 2.708984 2.705078 2.705078 2.708984 2.712891 2.712891 2.708984 2.681641 2.673828 2.673828 2.669922 2.669922 2.673828 2.677734 2.677734 2.673828 2.666016 2.654297 2.650391 2.638672 2.630859 2.630859 2.630859 2.638672 2.642578 2.642578 2.662109 2.677734 2.681641 2.658203 2.646484 2.638672 2.607422 2.599609 2.611328 2.626953 2.646484 2.591797 2.529297 2.498047 2.470703 2.486328 2.513672 2.529297 2.529297 2.564453 2.595703 2.595703 2.646484 2.697266 2.669922 2.662109 2.712891 2.705078 2.619141 2.513672 2.419922
2.701172 2.701172 2.705078 2.705078 2.708984 2.708984 2.708984 2.705078 2.705078 2.708984 2.712891 2.712891 2.712891 2.689453 2.673828 2.673828 2.673828 2.673828 2.681641 2.677734 2.677734 2.669922 2.666016 2.658203 2.650391 2.642578 2.638672 2.634766 2.646484 2.650391 2.646484 2.626953 2.603516 2.634766 2.646484 2.658203 2.650391 2.650391 2.611328 2.576172 2.591797 2.634766 2.658203 2.634766 2.576172 2.533203 2.556641 2.626953 2.650391 2.611328 2.583984 2.576172 2.587891 2.603516 2.619141 2.658203 2.666016 2.681641 2.685547 2.642578 2.587891 2.466797 2.634766
2.708984 2.708984 2.708984 2.708984 2.708984 2.708984 2.708984 2.708984 2.708984 2.708984 2.712891 2.712891 2.712891 2.701172 2.685547 2.681641 2.681641 2.677734 2.681641 2.681641 2.677734 2.669922 2.662109 2.658203 2.650391 2.650391 2.642578 2.646484 2.654297 2.658203 2.650391 2.634766 2.619141 2.630859 2.658203 2.662109 2.658203 2.654297 2.595703 2.572266 2.576172 2.607422 2.654297 2.681641 2.638672 2.591797 2.599609 2.646484 2.666016 2.646484 2.623047 2.587891 2.564453 2.537109 2.556641 2.591797 2.623047 2.630859 2.607422 2.607422 2.626953 2.642578 2.728516
2.712891 2.708984 2.708984 2.708984 2.708984 2.708984 2.708984 2.708984 2.708984 2.712891 2.712891 2.712891 2.708984 2.708984 2.701172 2.697266 2.689453 2.685547 2.685547 2.681641 2.673828 2.666016 2.662109 2.658203 2.650391 2.650391 2.658203 2.658203 2.658203 2.654297 2.650391 2.642578 2.634766 2.638672 2.654297 2.654297 2.638672 2.638672 2.619141 2.603516 2.544922 2.560547 2.607422 2.681641 2.720703 2.662109 2.619141 2.591797 2.595703 2.572266 2.556641 2.583984 2.587891 2.572266 2.525391 2.541016 2.568359 2.552734 2.560547 2.638672 2.736328 2.744141 2.728516
2.708984 2.708984 2.708984 2.708984 2.708984 2.708984 2.708984 2.708984 2.708984 2.708984 2.712891 2.712891 2.708984 2.716797 2.712891 2.705078 2.697266 2.693359 2.689453 2.681641 2.669922 2.666016 2.658203 2.654297 2.654297 2.658203 2.666016 2.666016 2.662109 2.654297 2.646484 2.642578 2.638672 2.646484 2.658203 2.658203 2.619141 2.630859 2.626953 2.595703 2.478516 2.478516 2.537109 2.666016 2.744141 2.740234 2.646484 2.572266 2.580078 2.591797 2.583984 2.580078 2.611328 2.615234 2.591797 2.537109 2.505859 2.560547 2.642578 2.701172 2.744141 2.740234 2.705078
2.705078 2.705078 2.705078 2.705078 2.708984 2.705078 2.708984 2.708984 2.708984 2.712891 2.712891 2.716797 2.720703 2.712891 2.712891 2.712891 2.712891 2.693359 2.693359 2.681641 2.666016 2.658203 2.658203 2.654297 2.658203 2.666016 2.669922 2.666016 2.662109 2.658203 2.650391 2.646484 2.638672 2.638672 2.642578 2.658203 2.650391 2.638672 2.607422 2.482422 2.423828 2.388672 2.455078 2.607422 2.732422 2.736328 2.744141 2.689453 2.685547 2.701172 2.701172 2.669922 2.658203 2.650391 2.619141 2.580078 2.560547 2.619141 2.673828 2.697266 2.740234 2.732422 2.677734
2.701172 2.701172 2.705078 2.708984 2.708984 2.705078 2.712891 2.712891 2.708984 2.708984 2.712891 2.716797 2.720703 2.716797 2.712891 2.716797 2.716797 2.701172 2.681641 2.677734 2.658203 2.654297 2.658203 2.662109 2.662109 2.669922 2.669922 2.669922 2.666016 2.662109 2.654297 2.646484 2.646484 2.654297 2.669922 2.685547 2.689453 2.650391 2.595703 2.548828 2.416016 2.357422 2.451172 2.580078 2.728516 2.708984 2.732422 2.744141 2.744141 2.744141 2.744141 2.732422 2.669922 2.630859 2.611328 2.583984 2.587891 2.638672 2.677734 2.716797 2.744141 2.732422 2.685547
2.701172 2.701172 2.705078 2.708984 2.712891 2.716797 2.705078 2.705078 2.708984 2.708984 2.708984 2.712891 2.720703 2.716797 2.716797 2.716797 2.712891 2.705078 2.685547 2.677734 2.662109 2.658203 2.666016 2.669922 2.666016 2.669922 2.669922 2.669922 2.666016 2.666016 2.662109 2.658203 2.662109 2.666016 2.681641 2.708984 2.728516 2.669922 2.646484 2.607422 2.525391 2.455078 2.466797 2.537109 2.685547 2.681641 2.603516 2.673828 2.728516 2.736328 2.736328 2.728516 2.646484 2.572266 2.552734 2.556641 2.564453 2.642578 2.728516 2.744141 2.744141 2.732422 2.720703
2.712891 2.708984 2.708984 2.708984 2.712891 2.712891 2.705078 2.705078 2.705078 2.708984 2.705078 2.705078 2.712891 2.724609 2.720703 2.716797 2.708984 2.697266 2.681641 2.677734 2.685547 2.681641 2.681641 2.681641 2.673828 2.673828 2.673828 2.673828 2.669922 2.669922 2.669922 2.666016 2.673828 2.681641 2.693359 2.693359 2.716797 2.728516 2.716797 2.666016 2.654297 2.591797 2.525391 2.541016 2.599609 2.740234 2.697266 2.607422 2.599609 2.705078 2.705078 2.685547 2.638672 2.595703 2.544922 2.541016 2.568359 2.658203 2.744141 2.744141 2.732422 2.732422 2.732422
2.712891 2.712891 2.712891 2.708984 2.705078 2.705078 2.716797 2.712891 2.708984 2.708984 2.708984 2.705078 2.728516 2.728516 2.720703 2.716797 2.708984 2.697266 2.685547 2.697266 2.712891 2.705078 2.701172 2.697266 2.685547 2.677734 2.673828 2.673828 2.673828 2.677734 2.685547 2.685547 2.689453 2.697266 2.701172 2.716797 2.744141 2.744141 2.744141 2.712891 2.708984 2.708984 2.662109 2.599609 2.587891 2.689453 2.744141 2.732422 2.673828 2.693359 2.720703 2.697266 2.681641 2.662109 2.638672 2.619141 2.587891 2.693359 2.732422 2.712891 2.689453 2.712891 2.736328
2.720703 2.716797 2.712891 2.712891 2.712891 2.716797 2.716797 2.712891 2.708984 2.712891 2.716797 2.724609 2.728516 2.720703 2.716797 2.712891 2.708984 2.705078 2.701172 2.705078 2.712891 2.705078 2.705078 2.708984 2.685547 2.677734 2.677734 2.681641 2.685547 2.693359 2.705078 2.701172 2.701172 2.708984 2.716797 2.740234 2.744141 2.744141 2.744141 2.744141 2.744141 2.744141 2.744141 2.708984 2.662109 2.689453 2.744141 2.744141 2.744141 2.732422 2.728516 2.728516 2.728516 2.728516 2.724609 2.662109 2.658203 2.724609 2.716797 2.603516 2.560547 2.681641 2.732422
2.716797 2.712891 2.708984 2.712891 2.720703 2.712891 2.705078 2.705078 2.705078 2.712891 2.720703 2.724609 2.716797 2.708984 2.712891 2.712891 2.716797 2.716797 2.708984 2.705078 2.701172 2.701172 2.697266 2.697266 2.705078 2.689453 2.693359 2.701172 2.701172 2.712891 2.716797 2.716797 2.720703 2.728516 2.728516 2.744141 2.744141 2.744141 2.744141 2.744141 2.744141 2.744141 2.744141 2.744141 2.744141 2.744141 2.744141 2.744141 2.744141 2.744141 2.744141 2.732422 2.732422 2.732422 2.732422 2.693359 2.673828 2.728516 2.705078 2.615234 2.498047 2.556641 2.708984
2.708984 2.705078 2.701172 2.705078 2.716797 2.720703 2.708984 2.697266 2.701172 2.708984 2.712891 2.712891 2.708984 2.712891 2.712891 2.716797 2.720703 2.720703 2.716797 2.701172 2.697266 2.693359 2.689453 2.689453 2.716797 2.724609 2.720703 2.720703 2.720703 2.720703 2.724609 2.728516 2.728516 2.740234 2.744141 2.744141 2.744141 2.744141 2.744141 2.744141 2.744141 2.744141 2.744141 2.744141 2.744141 2.744141 2.744141 2.744141 2.744141 2.744141 2.744141 2.740234 2.732422 2.732422 2.712891 2.677734 2.669922 2.712891 2.720703 2.705078 2.650391 2.537109 2.595703
2.701172 2.697266 2.693359 2.685547 2.708984 2.724609 2.720703 2.693359 2.697266 2.705078 2.701172 2.705078 2.712891 2.724609 2.720703 2.720703 2.720703 2.720703 2.724609 2.708984 2.697266 2.701172 2.708984 2.712891 2.720703 2.728516 2.728516 2.728516 2.732422 2.736328 2.736328 2.736328 2.744141 2.744141 2.744141 2.744141 2.744141 2.744141 2.744141 2.736328 2.736328 2.740234 2.732422 2.732422 2.732422 2.740234 2.728516 2.744141 2.744141 2.740234 2.732422 2.732422 2.724609 2.677734 2.650391 2.658203 2.689453 2.705078 2.724609 2.728516 2.728516 2.697266 2.619141
2.697266 2.693359 2.689453 2.677734 2.677734 2.693359 2.712891 2.705078 2.708984 2.708984 2.705078 2.720703 2.732422 2.732422 2.724609 2.720703 2.716797 2.716797 2.716797 2.720703 2.705078 2.712891 2.720703 2.716797 2.712891 2.716797 2.728516 2.736328 2.744141 2.744141 2.744141 2.744141 2.744141 2.744141 2.744141 2.744141 2.744141 2.744141 2.744141 2.736328 2.732422 2.728516 2.728516 2.724609 2.705078 2.583984 2.509766 2.615234 2.689453 2.685547 2.685547 2.677734 2.646484 2.626953 2.666016 2.669922 2.685547 2.701172 2.716797 2.701172 2.697266 2.724609 2.716797
2.693359 2.693359 2.689453 2.673828 2.669922 2.681641 2.705078 2.712891 2.712891 2.720703 2.724609 2.724609 2.728516 2.724609 2.716797 2.712891 2.712891 2.708984 2.708984 2.716797 2.720703 2.716797 2.716797 2.712891 2.708984 2.712891 2.728516 2.740234 2.744141 2.744141 2.744141 2.744141 2.744141 2.744141 2.744141 2.744141 2.744141 2.744141 2.744141 2.744141 2.732422 2.720703 2.724609 2.705078 2.587891 2.521484 2.607422 2.677734 2.728516 2.724609 2.712891 2.697266 2.708984 2.705078 2.677734 2.662109 2.669922 2.693359 2.708984 2.673828 2.634766 2.626953 2.697266
2.693359 2.693359 2.689453 2.673828 2.669922 2.681641 2.697266 2.705078 2.708984 2.724609 2.732422 2.728516 2.724609 2.716797 2.708984 2.708984 2.708984 2.705078 2.705078 2.724609 2.720703 2.716797 2.708984 2.701172 2.716797 2.728516 2.724609 2.736328 2.744141 2.744141 2.744141 2.740234 2.740234 2.744141 2.744141 2.744141 2.744141 2.744141 2.744141 2.744141 2.740234 2.736328 2.736328 2.744141 2.744141 2.740234 2.740234 2.744141 2.744141 2.744141 2.744141 2.732422 2.716797 2.666016 2.642578 2.681641 2.701172 2.681641 2.681641 2.654297 2.662109 2.658203 2.654297
2.693359 2.697266 2.693359 2.666016 2.666016 2.677734 2.689453 2.693359 2.697266 2.712891 2.736328 2.736328 2.728516 2.712891 2.701172 2.705078 2.708984 2.712891 2.716797 2.716797 2.712891 2.712891 2.716797 2.724609 2.732422 2.720703 2.712891 2.724609 2.732422 2.736328 2.740234 2.736328 2.736328 2.736328 2.736328 2.736328 2.744141 2.740234 2.744141 2.744141 2.744141 2.744141 2.740234 2.736328 2.736328 2.736328 2.736328 2.744141 2.744141 2.732422 2.736328 2.728516 2.701172 2.654297 2.638672 2.693359 2.693359 2.595703 2.591797 2.611328 2.650391 2.662109 2.658203
2.689453 2.689453 2.689453 2.673828 2.662109 2.673828 2.685547 2.689453 2.693359 2.701172 2.732422 2.736328 2.732422 2.716797 2.693359 2.701172 2.705078 2.716797 2.724609 2.701172 2.697266 2.708984 2.716797 2.712891 2.708984 2.701172 2.697266 2.708984 2.720703 2.728516 2.736328 2.736328 2.736328 2.736328 2.732422 2.732422 2.732422 2.732422 2.732422 2.732422 2.732422 2.732422 2.732422 2.732422 2.736328 2.732422 2.716797 2.666016 2.658203 2.689453 2.716797 2.658203 2.630859 2.642578 2.662109 2.705078 2.693359 2.603516 2.494141 2.408203 2.537109 2.630859 2.638672
2.681641 2.677734 2.673828 2.673828 2.673828 2.677734 2.685547 2.685547 2.689453 2.681641 2.689453 2.720703 2.720703 2.701172 2.697266 2.697266 2.701172 2.705078 2.712891 2.705078 2.693359 2.697266 2.701172 2.689453 2.666016 2.673828 2.685547 2.697266 2.708984 2.720703 2.732422 2.732422 2.736328 2.732422 2.732422 2.732422 2.732422 2.728516 2.724609 2.716797 2.708984 2.712891 2.708984 2.716797 2.724609 2.685547 2.654297 2.673828 2.732422 2.720703 2.666016 2.591797 2.603516 2.650391 2.685547 2.705078 2.697266 2.615234 2.498047 2.376953 2.283203 2.408203 2.548828
2.677734 2.669922 2.662109 2.689453 2.689453 2.685547 2.685547 2.685547 2.685547 2.677734 2.673828 2.677734 2.693359 2.708984 2.716797 2.708984 2.701172 2.685547 2.693359 2.705078 2.697266 2.689453 2.685547 2.677734 2.681641 2.701172 2.693359 2.689453 2.693359 2.716797 2.732422 2.732422 2.732422 2.732422 2.728516 2.728516 2.728516 2.728516 2.712891 2.705078 2.693359 2.708984 2.712891 2.724609 2.732422 2.732422 2.732422 2.724609 2.716797 2.689453 2.673828 2.646484 2.591797 2.681641 2.681641 2.662109 2.681641 2.658203 2.619141 2.458984 2.267578 2.208984 2.341797
2.673828 2.677734 2.673828 2.685547 2.693359 2.697266 2.693359 2.685547 2.681641 2.677734 2.677734 2.685547 2.701172 2.712891 2.716797 2.716797 2.716797 2.697266 2.697266 2.708984 2.697266 2.689453 2.685547 2.677734 2.693359 2.701172 2.693359 2.685547 2.705078 2.708984 2.712891 2.728516 2.728516 2.728516 2.720703 2.708984 2.720703 2.716797 2.697266 2.677734 2.662109 2.685547 2.712891 2.724609 2.728516 2.724609 2.708984 2.697266 2.693359 2.689453 2.681641 2.662109 2.634766 2.689453 2.634766 2.556641 2.626953 2.662109 2.673828 2.623047 2.392578 2.275391 2.283203
2.673828 2.677734 2.673828 2.681641 2.689453 2.693359 2.693359 2.681641 2.681641 2.681641 2.685547 2.693359 2.701172 2.708984 2.708984 2.708984 2.716797 2.708984 2.689453 2.708984 2.705078 2.689453 2.693359 2.701172 2.701172 2.701172 2.701172 2.705078 2.701172 2.697266 2.689453 2.697266 2.705078 2.728516 2.716797 2.712891 2.697266 2.677734 2.693359 2.677734 2.599609 2.560547 2.607422 2.669922 2.685547 2.677734 2.681641 2.681641 2.689453 2.693359 2.689453 2.673828 2.669922 2.693359 2.677734 2.474609 2.478516 2.611328 2.701172 2.728516 2.580078 2.392578 2.310547
2.673828 2.677734 2.681641 2.685547 2.689453 2.689453 2.689453 2.689453 2.685547 2.689453 2.689453 2.693359 2.697266 2.701172 2.701172 2.697266 2.701172 2.701172 2.705078 2.712891 2.724609 2.701172 2.697266 2.705078 2.705078 2.712891 2.708984 2.705078 2.689453 2.673828 2.677734 2.701172 2.724609 2.716797 2.697266 2.724609 2.685547 2.634766 2.693359 2.669922 2.630859 2.529297 2.443359 2.466797 2.505859 2.548828 2.607422 2.654297 2.669922 2.673828 2.685547 2.693359 2.689453 2.705078 2.728516 2.470703 2.392578 2.490234 2.685547 2.724609 2.732422 2.474609 2.345703
2.673828 2.681641 2.693359 2.689453 2.689453 2.693359 2.697266 2.693359 2.689453 2.689453 2.693359 2.693359 2.693359 2.697266 2.701172 2.693359 2.701172 2.708984 2.708984 2.712891 2.724609 2.716797 2.677734 2.701172 2.712891 2.705078 2.708984 2.701172 2.658203 2.634766 2.646484 2.697266 2.732422 2.732422 2.732422 2.732422 2.724609 2.669922 2.646484 2.705078 2.705078 2.615234 2.501953 2.361328 2.369141 2.455078 2.505859 2.583984 2.642578 2.662109 2.689453 2.669922 2.662109 2.724609 2.732422 2.583984 2.447266 2.458984 2.583984 2.732422 2.736328 2.587891 2.427734
2.685547 2.693359 2.693359 2.693359 2.689453 2.693359 2.697266 2.693359 2.693359 2.693359 2.693359 2.693359 2.693359 2.697266 2.708984 2.693359 2.705078 2.708984 2.705078 2.697266 2.705078 2.712891 2.697266 2.708984 2.716797 2.705078 2.708984 2.701172 2.642578 2.611328 2.638672 2.732422 2.732422 2.736328 2.732422 2.732422 2.732422 2.720703 2.662109 2.701172 2.708984 2.708984 2.638672 2.498047 2.412109 2.435547 2.435547 2.451172 2.587891 2.666016 2.693359 2.650391 2.642578 2.705078 2.736328 2.603516 2.486328 2.505859 2.552734 2.685547 2.744141 2.673828 2.408203
