py_wake/examples/data/AJ_ParqueFicticio/Rough survey   Sector 1   Height 30m   Power density.grd
DSAA
73  159
 258469   265669
 6501692   6517492
 .05552515   496.3947
[rows 112 to 139 of 159, columns 0 to 62 of 73]
151.7997 142.5877 134.8876 133.6052 131.1113 124.1578 114.7025 116.1968 127.3111 136.0593 133.2126 135.1315 132.228 134.4081 125.7752 96.57633 72.63635 68.33193 57.87079 34.07112 41.40271 71.94986 98.92547 129.1849 161.8003 171.9776 178.7831 179.5775 158.8618 144.8308 140.306 137.7079 129.4239 123.2053 104.7694 90.91011 94.33646 106.4762 124.415 145.9028 170.3274 175.2713 154.5321 129.2277 107.2006 85.95947 70.46704 63.24954 52.66794 77.78474 102.6109 102.9293 85.8073 72.51028 67.33389 66.62146 68.07259 70.57548 68.94974 59.8364 42.98673 43.77795 44.89834
177.4734 165.7119 163.2142 166.8849 168.9585 170.0595 168.9002 171.629 174.8177 170.5427 163.6827 167.1466 161.8551 150.9273 131.1376 110.0846 92.27945 87.84413 77.53008 50.7712 35.61333 44.04092 67.9183 117.7736 154.16 174.3964 156.683 130.0696 119.7031 125.2852 124.7264 153.5352 198.2747 218.7277 188.8612 159.4725 145.969 135.2538 147.441 169.7561 198.7762 206.9066 186.0456 145.8949 115.3405 90.8185 73.58592 63.00073 50.46046 41.69554 50.91722 60.12188 57.15481 57.05116 57.95308 64.14349 68.39059 72.52689 71.03825 67.43755 61.21321 39.20243 40.32607
230.2374 219.8395 217.656 215.4515 212.0348 217.4795 231.3876 232.8518 219.801 201.1157 197.1445 200.8695 175.0761 149.8752 124.5812 110.0921 118.0557 113.8252 88.40363 66.49068 39.70941 25.37959 31.33719 77.55466 121.2749 146.603 136.8033 123.0309 106.8897 105.6588 118.1807 156.0554 187.9688 225.5333 253.3547 253.4891 246.1038 239.1996 235.71 251.9901 281.1211 282.282 239.4951 184.0252 145.3388 117.9906 93.91523 76.89727 62.04738 47.7934 39.53418 42.20322 42.52603 50.7388 56.39801 61.95117 68.22267 70.42494 73.42159 78.19779 84.16798 76.0679 46.21104
268.5056 268.4985 267.9101 262.015 257.4268 262.5325 267.5668 260.496 249.0819 240.4518 243.4477 230.921 196.8291 162.6915 143.4358 145.4708 161.2261 161.9641 140.6953 119.8921 97.26543 63.41041 23.83184 24.31396 66.98042 95.73539 94.39208 90.15587 82.99097 82.36016 100.9552 128.8288 147.1277 172.7328 203.2191 262.1935 329.5325 382.3656 385.553 409.0911 415.8766 406.9321 363.776 303.9268 239.6203 187.0088 137.1439 102.6884 82.82085 67.46872 55.64639 47.57724 45.39467 50.04169 58.40157 63.27942 66.46373 70.88313 73.58485 79.76236 82.41526 83.15721 74.61056
231.0949 244.7097 244.6965 245.5558 257.0357 262.6714 257.7249 260.4374 273.6199 272.1133 276.6781 268.5694 257.6037 238.4736 224.0969 239.2184 254.8142 258.4247 268.7906 264.3755 229.3086 171.7196 89.56927 25.52148 27.28563 60.66143 75.71379 70.536 68.01517 77.37624 100.9881 110.4852 108.828 124.1462 169.7016 248.1959 348.0827 419.3747 449.9578 445.122 467.2577 496.3947 465.7618 416.3071 348.1781 274.9171 207.6601 152.6587 112.8363 87.80946 71.85523 61.45424 56.85254 55.04177 54.18528 59.50015 61.26668 66.68311 72.88378 78.76888 78.89851 83.31594 76.42617
164.6049 177.2523 181.0915 186.666 198.0708 208.6934 219.3676 240.1482 263.3289 278.9825 294.0027 313.1685 322.2616 327.0163 319.3361 299.7348 304.9241 311.0983 334.9174 335.0938 317.2943 272.7614 199.8704 100.9973 44.22097 40.73984 59.59057 63.99408 74.33548 90.95906 107.1162 116.9062 132.4796 166.0081 223.8326 280.5227 303.9778 321.0824 323.504 358.831 353.4476 349.47 330.6103 314.8439 314.2346 278.8071 233.5295 183.1978 134.7971 100.7019 81.11295 70.27629 64.00523 58.53474 56.25166 55.50269 54.77898 58.19785 59.68946 71.35952 80.07114 78.8246 70.76914
79.51668 87.74989 97.43211 111.5367 129.5975 154.0255 182.6301 207.5739 222.3832 230.1539 238.8756 281.2123 312.4413 324.2337 324.8864 309.4921 281.3685 255.6018 253.8603 246.7381 241.7805 237.2298 215.3189 159.5551 90.1655 48.11022 44.06144 62.12301 93.03744 105.3456 114.6136 125.4585 142.7969 177.3204 192.7944 199.0804 198.5864 202.77 173.5813 153.8001 164.5842 178.0658 160.5059 146.8944 146.51 155.9469 150.3502 133.2519 114.9978 96.79727 85.13722 76.9488 72.97732 67.08286 64.70946 60.04166 59.70499 58.10815 55.83933 51.27793 50.60968 55.54499 45.38933
29.75969 36.53688 49.79184 71.67967 98.48096 130.6353 162.7435 191.9185 203.85 196.1464 174.5563 167.0087 187.934 209.5673 225.9433 231.7663 209.8612 163.0652 128.7544 110.7866 104.9218 105.8459 120.5281 136.2244 128.2106 95.02811 70.8975 70.8722 91.32143 120.4944 114.5814 116.5432 122.304 127.5868 119.4883 118.5594 128.1359 135.3701 114.0903 79.61217 65.42451 79.35651 86.92236 89.78918 79.15166 72.76782 74.75771 74.36626 72.25907 70.87607 75.12104 77.67447 76.42854 74.16853 73.29831 70.57146 72.2701 70.35524 67.48115 51.67378 29.94446 21.217 19.66734
25.9016 36.59406 51.80496 73.20264 98.20728 125.9964 154.4644 191.3751 214.6797 201.4534 147.7429 109.3483 97.52604 103.7488 133.3827 157.2309 153.8824 127.7621 97.58714 74.15425 62.07804 60.75026 67.83244 96.13254 126.9009 120.5216 99.39143 74.27488 77.12682 90.27993 89.74768 99.7823 104.6851 89.97782 83.65 88.74495 104.8987 115.5974 111.5614 89.33975 57.95711 47.63364 58.56081 71.94861 68.1404 55.63626 48.40588 47.43415 48.63078 51.61599 57.60283 61.29464 70.19411 72.64217 74.47713 75.56466 73.19847 71.11972 53.75453 32.46192 22.01033 20.15342 16.55114
58.95855 62.7181 72.40994 87.00201 104.978 131.7456 150.8509 177.5715 193.5703 196.4039 148.8898 113.909 82.03349 67.04349 68.14225 91.13302 103.812 113.1926 108.8256 90.73226 72.9785 61.32303 52.9893 59.70708 81.0605 91.71999 91.33214 73.54784 57.3889 61.95132 73.12753 82.31812 77.52298 64.20884 69.24684 87.74031 105.6096 124.7227 123.6935 108.2991 80.98285 56.10503 48.22986 51.41435 58.67996 59.0689 54.73923 52.57555 51.54481 51.84391 55.22084 55.49136 56.15348 64.1802 68.61606 65.2735 62.8373 43.38364 22.23429 8.385925 15.12424 15.4916 22.74455
86.89846 82.08414 84.20693 95.5285 112.1778 133.1944 155.8598 172.4332 170.0793 182.5211 181.7291 151.6137 120.2803 91.38281 60.27337 46.9142 41.72366 52.22725 63.58778 71.87962 63.453 51.12532 45.64516 38.21897 40.25477 45.57491 69.42986 75.56299 61.24773 54.88974 60.90446 69.62489 63.70392 72.27092 93.80729 116.3629 125.9905 127.6913 116.7868 112.6579 90.23416 64.906 45.39365 36.04147 41.15543 52.33576 61.7319 65.0491 64.25845 60.74871 57.07648 57.27124 51.99737 48.40881 47.03318 43.84778 37.18066 23.19675 4.932364 11.83006 31.72994 41.57199 54.31429
110.9101 109.9574 115.4564 119.1754 127.7002 139.5545 143.4197 137.7293 138.3072 158.1514 182.8783 194.4381 180.1988 157.3141 104.2509 68.27519 43.78828 31.00994 26.73625 29.36452 33.4166 34.51211 35.68884 37.81787 38.4401 37.75028 37.72906 48.2864 56.561 59.92985 63.32088 70.26498 80.23936 107.1068 130.2701 132.099 122.5809 103.3667 81.00407 76.51553 77.12856 63.68289 47.72519 35.97285 33.28261 38.09723 47.98258 60.67879 70.8791 70.78889 65.54284 62.18512 58.33549 47.57193 34.66993 23.33736 17.31816 5.623685 19.28576 39.79224 57.15422 65.17809 76.64647
150.437 170.0808 168.0916 161.5476 156.8326 150.6306 124.9539 101.1729 90.16789 102.3032 139.9026 171.1286 185.0693 193.9159 184.3829 159.3896 123.3339 85.26023 61.65081 49.97266 50.31951 55.9308 60.54584 55.02663 50.41943 41.06082 35.72676 33.20291 34.70011 41.5111 55.70148 83.02056 108.4493 129.7005 132.2031 126.8131 104.3588 78.66806 62.6908 50.56393 46.6018 54.72195 56.90118 49.64172 42.73846 38.73586 37.05171 43.03982 55.05867 71.52589 74.3946 70.19601 63.22165 50.0511 33.35094 18.0759 7.9747 20.28379 29.94517 49.50342 65.44747 77.22902 82.47639
147.3011 179.2471 198.5122 188.9953 172.635 143.7206 104.7744 69.29848 54.14505 56.59867 89.56407 116.0439 143.0233 180.6808 192.3746 209.4311 207.7812 203.7299 186.4399 169.7701 164.004 162.6897 141.1611 107.3329 71.86731 53.15232 51.94996 53.61523 50.44924 47.04245 55.67223 73.05779 96.8859 111.2775 113.1409 105.3566 79.75146 64.31403 56.85043 51.73774 45.96131 42.92376 50.55922 55.46982 54.56709 49.8961 44.2368 39.0289 39.05433 49.04226 63.14923 62.28712 49.38941 26.90221 7.002813 14.64575 16.74924 23.20005 32.257 45.03401 62.98454 76.78167 86.84615
150.8124 172.3675 192.8806 190.7947 173.2748 149.9254 109.0581 81.17877 59.75166 41.37882 49.90532 74.00943 98.42855 110.6512 116.0828 123.1313 145.1482 188.7329 218.4301 240.1552 243.9167 219.3132 187.5959 141.3187 117.3247 108.7075 123.5318 129.5353 116.8049 84.37682 66.24164 62.71468 67.42537 78.50889 90.88586 89.55708 74.1987 64.84872 56.97611 50.95482 49.12447 43.54586 38.47783 39.3826 42.61404 45.95779 44.2936 38.37841 32.63644 25.2351 28.4722 26.83242 2.934233 2.346477 7.092574 12.35886 14.54242 21.54467 38.72995 43.46807 55.31807 73.32934 79.65456
159.7416 180.6785 190.2746 193.4025 174.1339 155.6838 129.8374 113.2581 87.43345 52.78358 36.27747 46.74329 67.83681 67.38581 70.60497 74.49389 83.70697 118.7152 161.5762 188.8019 188.2732 171.6528 150.5085 137.2042 123.4284 119.4348 121.5437 124.9356 128.8562 106.291 72.63564 61.73311 67.68303 79.98579 84.66384 77.53886 71.27349 67.7244 55.1567 42.68678 36.37107 38.05674 39.39595 35.27272 33.95733 34.49654 37.83693 38.6171 34.92728 25.7169 18.06248 10.89453 2.987232 2.237167 1.417433 12.43527 25.46971 41.68504 44.86266 41.69404 46.44759 55.18271 60.23449
113.1152 152.6552 178.8324 187.6361 169.608 150.887 126.7686 110.4684 97.10825 75.27911 49.09024 35.38837 46.30419 53.48755 60.3643 65.7111 65.49641 69.03452 89.13708 100.7766 105.014 108.3805 103.8685 99.74763 99.97015 86.65801 72.618 64.49805 68.19112 68.30174 56.97639 54.31031 66.77185 75.12388 74.68956 59.08136 51.97695 46.52915 38.61068 30.88336 26.6796 25.73956 27.3164 31.49584 33.94167 33.35999 33.07127 38.57756 46.24617 43.84227 34.5647 22.4569 5.846345 5.950397 45.3731 58.90321 66.74168 63.20052 47.60032 35.35282 33.87162 36.39715 35.64205
77.13465 111.4683 148.1521 169.3139 158.7473 113.7841 84.67578 71.86138 62.74549 57.16456 49.53931 37.75314 33.51675 48.07261 59.22882 64.52914 56.19832 49.40126 46.39376 53.45657 61.66035 73.10959 73.84977 76.20844 83.18521 74.97273 51.34895 33.2374 26.56606 28.67486 31.84331 31.82985 37.14875 43.68137 44.12329 36.59908 31.00331 27.89368 26.11905 24.40576 23.41988 22.13402 21.51807 22.51538 25.63142 32.56643 34.1883 36.27581 42.23794 50.11084 42.23549 26.64192 8.138484 55.41271 82.12 96.67269 88.51704 71.12863 47.07079 35.78732 24.83928 24.69631 34.11041
84.56229 106.0202 123.1252 116.9308 108.2702 97.49192 82.56584 65.50846 48.59328 41.076 38.89198 34.53042 32.19057 36.97876 57.33536 61.27028 57.51918 49.18818 37.95598 34.4479 41.94001 52.7634 55.64114 64.60236 78.72278 76.12981 63.78654 43.39923 32.79746 29.60534 23.65891 16.92196 13.25796 15.35351 22.33993 21.70691 22.10678 25.25585 30.89477 31.65501 30.92092 26.90136 22.76724 20.98895 19.57541 24.19392 31.87644 37.28216 38.6201 40.76206 31.92711 31.69262 38.10523 70.3492 85.83849 87.04146 84.5507 75.01704 62.27081 52.66325 44.42265 32.57687 32.77948
108.3195 111.8115 114.1201 101.421 88.6795 91.36601 103.818 100.69 90.25753 83.75179 70.83666 64.27058 50.71514 36.56018 45.22152 55.62791 69.01228 62.28124 48.14389 38.18108 36.04389 42.66169 44.82731 51.75992 62.22612 71.79396 80.19078 84.59958 86.40783 77.6142 59.12154 29.86797 16.88601 10.26681 12.31164 16.82215 22.98852 32.08233 40.37383 43.40183 45.9121 41.72324 42.17325 37.60039 33.25141 31.03764 30.32853 34.25851 37.94882 32.85139 26.57542 39.8503 69.38128 85.90857 85.22783 85.87503 90.2971 87.87045 89.1903 82.3504 67.36822 44.33546 32.57796
106.0101 92.82317 103.8332 105.7286 94.26468 86.95165 94.55507 103.0743 108.7289 103.9123 103.3108 95.53382 74.42291 54.02777 45.54129 59.06583 68.15314 76.78664 63.8052 50.63329 42.1081 38.27863 39.61368 42.7177 53.0404 66.33316 88.34454 115.9926 118.8478 118.4909 107.4025 85.48438 57.94609 32.12297 19.11601 18.76344 25.14719 34.77406 43.63585 51.172 55.61177 58.98052 60.44331 60.37005 60.82329 55.55353 44.37488 35.80198 28.763 23.8092 33.38565 53.70244 84.11057 95.22567 87.73698 88.05554 92.29317 87.78284 91.00026 80.69995 71.41699 61.66549 49.31441
98.08199 71.32986 73.38151 81.31614 70.96858 70.93783 72.21857 82.0365 95.17565 88.6508 78.24111 71.46482 65.50964 53.73674 44.20348 48.6178 54.73909 62.52886 63.51336 52.84501 47.40218 41.79458 41.32093 43.78525 46.70245 55.18617 72.63667 85.6529 95.40338 102.1208 112.2983 113.265 104.2665 75.5322 49.83566 35.47239 28.83365 26.65449 29.86799 39.39205 47.21111 49.60611 56.47868 63.19215 69.84 65.31408 56.9341 43.70894 28.04449 29.08675 35.48381 41.18866 51.24664 73.39825 78.33807 84.64809 90.69724 92.51358 100.1929 96.95795 82.29337 72.81994 63.09903
105.0606 66.03561 57.1965 63.47264 64.48238 72.81335 83.73181 104.5681 117.5546 116.6132 103.7028 74.86866 54.23951 43.02385 35.57948 32.70855 35.27432 38.27592 47.16603 50.70013 46.80391 42.20527 36.98892 36.83932 37.78963 38.21621 42.9229 55.18914 61.87058 66.25771 69.36873 74.37781 82.39828 81.72102 67.45954 50.69417 37.31058 28.19917 26.53814 27.88705 31.87862 35.48382 39.58516 45.39193 51.7131 52.60371 48.75347 41.27269 29.54986 29.23069 32.41889 35.23867 33.66004 41.35041 61.60357 75.39117 85.9346 91.45914 100.8599 100.6214 101.4619 90.6973 84.4754
130.6024 87.29697 65.86879 65.54623 79.47014 85.27787 95.46526 100.8861 114.6753 134.2443 137.0091 114.7489 80.74912 52.31786 38.84555 26.33628 24.73638 27.67711 35.15209 42.84949 44.00095 41.05789 41.15673 40.35141 36.37917 35.12241 38.96053 43.71148 53.52422 56.35651 50.70736 45.17131 42.9272 54.27377 54.70219 44.71866 37.10349 27.97111 23.51208 23.80355 27.64145 30.74197 30.52867 31.77452 33.23901 31.65283 25.74059 22.36522 22.49969 21.15757 27.00608 30.96806 32.28085 28.93922 44.03802 59.03049 73.44894 86.49307 93.27527 96.6948 98.88333 99.64724 92.47103
164.8704 125.1259 89.51833 79.11805 84.43387 88.3721 72.44878 58.31573 64.43785 82.62628 104.0183 116.912 107.2356 92.44254 69.14236 48.59341 29.91513 21.82587 27.41035 33.30654 37.28079 42.73529 46.51436 48.27686 48.2381 45.53852 42.5246 40.95794 41.55191 47.95252 50.79335 43.87746 33.61576 31.32537 34.10418 34.81848 31.96285 30.10308 28.36215 28.69446 29.19851 31.61485 29.31237 26.89108 22.42784 18.7938 18.35389 18.07685 20.08606 24.9172 30.93671 29.16739 30.45239 27.68694 29.55156 43.20721 57.45994 71.53345 84.76474 90.74548 96.50436 94.18024 90.6115
159.8757 131.5745 101.4814 81.67932 78.42625 68.11555 47.39126 42.39496 41.44472 40.32248 48.51422 67.74776 89.37166 92.22141 86.83477 62.99371 42.18605 27.57634 22.58911 22.66993 30.10938 39.98841 45.97417 52.84238 56.39817 54.04426 48.24235 40.83215 33.62519 30.98036 35.86974 38.2833 34.24506 27.51222 25.93954 26.34892 28.85345 30.38708 29.83969 33.20901 35.88605 36.04635 36.0623 34.24593 29.76433 26.10516 29.07091 37.70626 45.91416 47.13522 39.81495 30.55569 26.48605 25.69965 21.15907 21.34532 31.9367 45.3555 59.56133 70.46795 83.55521 90.31476 88.23421
108.6889 102.6407 94.28127 77.96716 62.00116 47.13544 39.40958 43.43988 39.00775 30.22314 24.30548 32.05261 50.11174 59.82135 65.47733 70.2728 56.22352 39.85776 26.94513 22.5845 25.38666 33.23285 38.35759 49.46599 55.21708 54.52634 47.46149 37.99207 30.68938 26.04887 25.25441 29.72455 33.29893 32.50788 28.15447 26.96462 27.52934 27.78374 27.70096 30.42363 35.28371 39.19769 37.93494 37.45885 38.27185 36.74724 41.24916 46.68722 47.69371 48.02128 40.33245 30.72065 22.87857 20.61754 22.08471 19.8479 15.0808 17.66256 27.90513 45.02983 58.27408 72.58066 81.38306
74.72144 76.19006 79.66626 68.04192 48.92872 41.83947 44.21424 50.28898 50.8041 40.83397 29.99883 23.10976 25.72289 35.59979 40.24269 57.38113 60.00144 53.59622 45.4557 29.53932 28.20623 31.27218 39.95636 53.44044 51.1362 45.07918 38.42753 33.31017 28.57396 27.40973 25.564 25.57748 30.09586 34.15566 31.94386 31.17546 28.76398 26.32195 25.49933 26.08637 24.44593 26.86873 28.79555 27.94736 27.5634 29.24643 29.7749 31.70198 32.19057 36.15482 41.10664 50.41895 53.39707 45.58851 27.32323 22.29078 18.08356 14.61187 12.31971 21.11054 39.14865 53.06296 68.09688
