py_wake/examples/data/AJ_ParqueFicticio/Rough survey   Sector 12   Height 200m   Power density.grd
DSAA
73  159
 258469   265669
 6501692   6517492
 114.8835   743.9581
[rows 28 to 55 of 159, columns 0 to 62 of 73]
326.0748 326.5004 324.5469 323.067 323.488 322.8614 320.5001 320.8881 318.7538 319.6829 315.8317 315.2346 313.54 313.2493 311.9514 311.7281 311.7425 311.2476 310.2775 310.7978 307.731 306.0927 306.2662 307.1013 307.5843 308.521 310.0899 306.7909 306.9493 304.435 302.339 301.6292 300.308 298.3373 300.8021 302.7679 303.1562 299.9263 299.7785 298.2767 294.5594 294.0053 292.0234 299.8611 311.5461 321.9203 331.2212 340.2143 347.4705 353.0097 355.1542 358.5027 360.4864 356.3748 339.3917 325.5496 316.7641 310.6937 299.6092 288.3695 279.0536 271.7189 264.3263
324.5501 323.9751 323.381 322.7612 321.9662 321.8971 319.6913 320.2573 317.9135 317.912 315.2106 314.4807 313.2685 312.4478 312.7225 312.6241 312.2964 311.2546 310.8865 309.7848 308.6502 306.9243 306.7213 307.6255 309.0834 310.9476 312.4526 311.4589 309.8817 309.525 310.6619 310.1681 310.5052 309.4625 312.8828 317.3896 313.7264 312.0996 310.5392 306.9055 302.9292 302.3241 303.1122 301.093 311.5357 325.6033 339.6825 353.7912 367.5997 380.1123 386.8871 388.1035 388.9777 386.911 371.9627 353.5665 337.1613 324.319 311.5703 301.5148 292.6584 285.2345 278.3073
323.2459 322.4529 320.1383 321.4698 320.9561 319.4443 319.9042 316.6011 315.6964 314.1966 313.5685 311.8928 311.3783 310.9963 311.5822 312.3549 311.5199 311.1974 310.6186 309.5122 309.0231 308.3014 308.4478 309.0818 311.8673 314.0832 315.6104 315.2382 315.2097 316.5389 318.0529 320.166 321.2436 319.1022 320.2523 321.0048 320.2207 320.4961 321.6973 319.0066 314.1631 313.1197 311.1672 311.8542 312.699 324.3017 339.8201 358.9259 377.9985 397.3066 411.8937 419.3717 419.4218 415.301 405.631 382.5135 357.7015 334.4831 317.9435 305.632 298.1072 293.0141 291.2638
320.54 320.1732 319.5117 320.6578 319.3399 318.6989 318.3111 315.4836 313.6283 312.641 311.0922 310.2004 308.6367 308.8289 310.5573 310.8492 311.298 310.638 309.491 309.433 309.4917 309.0444 311.3194 312.9399 314.1844 317.4444 319.2027 317.9022 320.0757 322.1671 322.0432 325.447 326.2052 326.3056 327.5478 325.0632 324.7081 326.7449 327.9175 326.5792 321.4885 318.7856 318.5051 319.2787 323.8199 326.258 334.7735 349.3773 369.8244 390.2777 411.469 427.2504 436.5333 439.4997 429.0516 406.7179 375.7785 345.4588 323.1001 308.0436 300.3614 297.6675 299.7845
319.7936 319.5399 318.6526 319.1665 317.2039 318.1236 314.7388 312.7007 311.6584 311.2976 309.6431 308.5576 306.1848 307.5959 308.9904 308.9878 310.0001 309.6717 309.0024 309.394 310.1279 311.1886 314.0514 315.0048 316.792 320.5059 320.1617 322.9806 324.3137 324.6141 326.8242 328.9923 331.5019 331.0318 331.3693 330.9081 331.0528 331.5382 330.8623 330.8775 327.4243 321.8977 317.759 320.6905 324.4796 330.0555 333.2237 342.9515 354.5471 369.1978 385.5607 404.2126 422.3103 435.7415 436.9534 421.6904 392.2435 360.0416 333.8133 315.9474 305.5579 306.0409 307.9302
319.8427 317.0464 317.7212 316.8399 316.4275 316.3166 314.2762 312.102 310.7902 309.2256 308.1914 305.8215 305.7465 307.0677 306.593 307.3084 308.2307 307.9015 308.2747 308.8047 311.3994 312.4885 313.8394 317.1549 318.7604 319.2637 321.9099 322.4052 324.8248 327.7207 329.328 332.5382 333.2748 336.3684 337.6 340.5938 340.219 338.4579 338.8784 337.1301 334.4085 325.0879 314.9778 310.9032 316.9517 324.8362 329.5904 343.4969 353.7359 363.0498 373.2282 387.0895 405.0292 421.0289 432.5776 431.9506 408.1568 379.8393 352.3244 332.2506 320.4143 318.5929 318.7708
320.1129 316.632 316.8733 314.8299 314.9435 312.0995 312.3467 310.7157 309.5186 308.232 306.4075 304.3915 304.2538 304.9036 305.2849 305.5866 306.1458 306.3781 307.2177 309.2205 311.0371 313.5256 315.4803 318.2715 318.2385 319.9833 321.024 322.6925 326.8548 328.5663 332.3096 334.4095 336.9956 339.2442 340.5378 345.5724 348.303 348.5473 348.0028 345.7941 341.4811 329.3114 316.3439 304.879 305.4583 315.3995 327.7382 341.9351 359.3539 374.4062 388.4083 405.4134 416.0316 426.7179 438.1265 444.9678 432.3837 408.9598 383.8672 362.6458 346.3055 337.8611 335.5468
317.5353 314.9427 314.5571 314.4266 314.2333 311.4388 310.9166 309.6213 308.0823 306.3936 302.9452 302.8294 304.2523 302.9791 303.1408 303.1849 303.3802 304.0914 305.6422 308.7906 311.6855 312.6326 314.8319 316.0266 319.0872 320.2913 321.4002 323.8022 328.1282 331.5486 333.3576 336.9854 341.9568 343.9364 346.322 349.2944 355.0651 361.4418 361.627 363.4415 353.8836 341.9849 323.7464 308.6107 300.7891 310.1924 327.4645 345.3923 363.9745 387.3196 410.1017 434.677 450.8938 459.7743 465.9209 470.9017 462.6844 443.1888 419.9137 398.3532 390.4044 369.978 363.4315
315.0612 313.7276 313.4579 312.9186 312.7891 311.2467 310.4951 308.5759 306.6541 304.8395 301.2293 300.8491 299.5627 300.2844 300.2968 300.1636 300.507 299.7711 301.6733 305.2306 308.7897 311.9373 312.8518 314.9856 315.998 318.428 320.9162 325.3519 329.2988 333.4673 336.4359 341.7061 344.7425 349.2497 352.2239 356.6865 363.3441 374.4489 381.9775 384.8288 383.3201 372.9889 353.4886 333.1624 313.9579 309.9903 320.7291 340.993 363.1989 387.342 418.1954 446.6765 471.8939 489.3219 497.2529 499.4302 489.6956 469.4212 447.3347 446.1707 449.6323 433.7792 408.6659
312.7842 311.4772 311.6041 311.3272 308.8058 309.8193 309.852 307.5211 305.7683 301.3591 300.8316 301.1097 297.6687 298.1243 297.5819 297.7823 297.2132 296.0556 297.0172 298.4158 305.2088 307.8165 309.8881 313.397 313.2219 316.8268 320.5046 325.4443 330.8077 333.9581 340.8677 344.5142 348.5236 352.5964 357.8674 362.3895 370.5246 380.7599 392.5956 403.2834 410.9926 411.5156 400.1378 380.1702 352.799 327.5112 319.0271 321.9787 334.0987 362.3087 392.1867 421.9012 454.5215 484.4618 504.5425 514.0864 505.6121 485.1109 465.5219 485.0825 499.756 500.5708 492.8751
311.6652 310.1447 309.8896 309.9994 307.5419 307.0863 306.2674 305.1146 303.8636 301.6059 302.1569 297.9117 297.0308 296.0023 295.8094 295.2818 295.0764 294.6215 294.7554 295.6874 300.5703 302.8166 306.828 309.0829 310.6755 315.5797 319.6496 324.9542 328.627 333.7367 340.2283 343.7361 349.524 354.0314 362.0938 369.3597 375.4968 385.8669 400.5969 414.7863 426.8969 437.6595 441.2426 432.2953 411.9097 378.8083 346.1981 326.5727 316.7692 334.7597 360.9917 388.4819 421.3891 457.0287 489.2858 509.8977 511.7239 493.3954 473.7162 500.0787 521.4958 543.8724 558.6641
309.6694 309.8192 309.5153 307.2296 307.7245 306.4951 304.6845 303.6982 301.6051 302.1347 301.5942 298.2958 297.5823 296.2529 295.0102 294.8533 294.2428 294.4756 296.2691 297.0568 300.5816 299.8916 304.1784 305.1013 308.8512 313.5775 318.4948 322.2735 328.131 335.1406 338.8789 343.4377 348.6112 356.3419 360.616 372.2146 377.9694 388.9258 405.3618 419.2598 434.2997 451.6139 465.7155 474.2905 470.6517 448.9034 413.1962 382.0312 360.2116 342.695 360.0195 385.9074 414.904 446.5088 479.4489 506.3188 515.5128 498.9212 471.9987 487.232 508.6684 534.9709 567.4604
309.8119 309.7396 308.9137 306.5585 307.0339 306.6931 304.6958 303.0774 301.3217 301.3717 298.2023 297.6996 299.8143 296.0343 294.6911 293.2731 293.196 293.8 295.1169 297.5083 299.9399 299.6883 298.9184 300.7593 305.282 309.9814 315.695 320.7978 327.7209 333.0469 337.8556 343.3396 348.853 353.7206 361.3533 369.5593 376.0739 387.3229 401.9866 417.4506 436.6842 458.1847 479.9671 499.3263 512.7194 510.321 488.6225 467.296 438.8896 412.9734 395.6493 408.1624 432.8423 460.3945 487.8013 511.9902 519.8007 502.1293 469.0415 452.8649 460.0159 478.1237 508.6151
311.4797 309.8101 307.0587 305.6576 304.7917 304.3701 303.3323 302.0901 300.5146 299.2352 295.3285 294.7892 294.5929 293.2501 292.2224 291.6167 291.4904 292.2726 292.4395 296.5727 297.6837 297.5972 296.3901 295.8946 297.9308 305.319 311.153 318.6155 323.9316 330.3142 335.1996 340.1828 346.3794 351.8153 359.1076 365.9079 370.9031 380.45 390.5154 405.3207 426.9134 451.6721 475.5525 499.5787 521.1019 536.9203 532.6854 521.2039 504.3541 478.3246 454.7441 432.3949 450.0357 473.9817 494.5073 514.4922 520.1898 500.4642 462.3125 421.0118 401.7203 405.6133 426.6144
313.2724 311.3173 307.8493 305.5173 302.4101 301.4245 300.652 299.3441 298.0487 297.2089 293.3087 293.5414 289.7031 289.6213 289.6537 289.0889 289.9711 288.6796 289.4417 292.8994 295.3357 294.4117 293.4158 295.0928 297.3813 302.1757 307.5972 314.5097 319.4406 325.6369 330.6398 337.1505 341.4651 349.172 355.1811 361.6433 365.6365 368.2221 373.6789 383.6377 401.0012 419.2346 439.9458 458.8324 480.8445 497.349 508.1804 502.0958 492.2721 475.852 454.3234 434.4957 444.0576 459.4212 477.4944 494.2416 502.8906 491.425 460.5915 418.1735 378.946 353.7309 355.0312
314.1154 310.796 309.3766 307.168 302.2306 298.7446 297.3168 297.3104 296.3793 293.9224 293.3298 290.5076 289.0178 287.9764 287.5667 286.7185 286.8542 285.4693 285.8495 288.7823 290.7578 289.6267 288.7569 293.2508 296.532 300.0674 303.6699 308.3619 312.0595 317.9936 324.8053 328.2792 333.6366 340.6246 346.3714 352.0814 355.0153 354.5051 352.6744 353.4106 362.1471 372.1747 382.6249 393.8053 404.1537 416.3969 420.3236 417.6843 408.5271 395.2289 393.0983 396.6322 406.4922 420.1725 438.2475 457.2617 472.8193 473.425 455.05 424.8875 384.3374 346.0647 318.7498
314.8548 311.9791 310.6825 308.449 306.1634 300.6429 296.5532 295.3785 295.3703 294.1326 293.2259 292.4203 289.7055 287.9969 286.9204 285.5401 284.6223 283.6187 283.6436 284.7479 285.0197 283.6907 282.8803 283.602 290.3537 293.5572 295.9344 298.8169 304.1376 309.0073 314.4658 317.8513 324.0944 329.8136 333.7561 338.097 340.8093 340.6767 334.7169 330.5586 329.2736 331.5306 331.7739 333.2671 332.0305 344.0451 347.8695 347.4953 347.643 350.9182 353.7635 359.4529 372.6894 389.6236 410.078 429.4931 444.9407 448.6618 444.2206 428.4156 397.2677 359.3828 323.958
314.5609 311.8315 311.211 309.1959 309.0001 303.971 299.7734 296.0232 294.0477 292.8777 292.0836 291.6454 290.3509 289.117 286.9156 286.2628 283.7041 282.8511 282.0784 280.9653 279.3878 278.7025 277.078 275.8371 277.6709 283.5926 285.5948 287.1995 290.5678 296.9793 300.3594 301.8355 308.7292 314.5533 318.2567 322.4087 326.8681 326.9229 324.3113 319.299 313.0266 310.0414 306.4789 304.9247 314.5858 327.806 338.5612 344.1648 345.7739 348.2203 351.8449 357.2141 366.4756 383.0086 402.5281 421.8102 433.3282 433.0149 431.8698 421.6871 404.4236 379.3061 348.1082
311.9567 310.9187 311.2651 310.5944 309.2516 306.1648 301.8947 297.5089 294.5369 291.3022 289.9056 289.2392 289.2684 287.9901 287.0996 284.1801 282.6925 282.0694 281.8373 279.6738 277.9849 276.2842 274.5695 274.0865 272.5012 276.058 275.9604 275.9055 277.8217 280.4799 282.7847 283.792 288.337 293.4275 296.4893 303.7906 309.4567 312.1862 313.4572 313.2189 311.0776 308.9683 308.075 318.3652 325.4966 335.7015 347.774 357.1782 362.1779 364.9682 368.3088 372.9808 378.3194 388.0495 406.9944 428.9093 440.0945 438.7574 423.6765 408.511 395.3739 381.5942 364.5889
310.8793 309.6191 309.0745 309.2388 307.0433 305.3176 303.0133 298.771 295.8609 291.1826 287.0772 286.6964 287.1179 287.4817 284.8019 282.0727 281 280.5372 280.1027 278.2735 276.2867 273.5872 273.627 273.0171 272.0131 270.2084 267.8997 266.1459 266.0996 266.5677 268.2065 269.3117 268.8355 274.0504 276.0383 280.8735 287.8671 293.7512 297.5962 301.0754 305.8452 310.678 316.4167 326.4614 337.2947 345.4298 349.0449 352.9267 357.1775 361.2372 367.3464 375.9108 384.4762 394.2475 408.112 426.6242 449.6139 452.5078 437.477 413.7048 388.1175 368.4129 354.3594
309.8524 308.7385 307.5034 306.8684 305.4426 304.3471 302.2234 299.6815 296.3796 293.7971 287.8575 284.097 284.0251 284.4216 282.0956 280.4007 279.1674 277.6085 276.2006 275.6465 273.7698 271.1028 269.7826 268.1725 268.204 266.4585 263.3101 261.6207 260.5626 258.6354 258.8012 256.5895 257.651 259.2167 259.6389 263.85 268.0859 273.6011 276.3401 281.7596 286.8106 293.7545 301.8364 309.5047 316.3875 317.1678 325.7872 333.0823 341.3594 349.2451 356.5903 364.5138 376.5366 387.6801 397.2729 409.5526 433.8101 449.2045 454.3484 439.883 410.0377 375.1938 346.6866
310.1196 308.4193 306.7983 304.8246 304.8024 303.6255 301.2767 299.5377 297.0535 295.1375 291.0271 285.2388 283.1711 281.9754 280.6602 279.1696 278.023 275.63 272.4479 271.9957 270.0999 268.8575 267.0702 266.0312 264.9645 263.1127 261.652 259.2459 258.0613 256.8934 253.6232 251.52 251.2009 248.7866 245.8771 247.9479 251.4337 252.7166 255.0316 255.4606 257.9415 263.2918 267.5932 273.4578 276.8588 291.9036 306.7002 321.5295 334.4453 344.4902 352.1139 356.5754 363.2533 371.8173 378.2959 386.9433 398.3626 415.8867 435.6971 449.1985 439.8653 409.7049 372.6962
309.8979 308.8793 307.9722 306.1992 304.81 302.8736 301.4305 299.5889 298.6548 296.6508 293.2365 290.6952 285.7121 282.4904 280.152 278.8837 278.3252 276.5874 273.9701 270.9269 269.7175 268.5246 267.4534 267.1352 266.1018 264.4542 261.3258 258.8221 257.7606 255.0733 250.7452 246.6228 243.1802 240.664 237.4977 234.8277 232.7583 232.7846 233.3742 233.3346 234.0417 238.4336 243.5904 250.1412 260.7134 278.1481 296.1464 313.6466 329.2386 340.9615 348.8521 349.7803 347.2704 355.2718 368.8448 366.7403 364.5431 375.7268 393.2762 420.9423 443.6258 441.9982 416.684
308.5931 308.233 307.0594 306.4573 304.1854 301.7819 300.9516 300.7642 299.338 298.4093 295.8533 292.7801 288.1999 283.8741 281.4778 279.1505 276.9 277.1453 275.335 272.8423 271.0943 269.7265 268.8159 268.6491 268.4027 265.3279 262.9228 260.9899 259.4515 255.8648 250.5178 245.3617 237.7507 233.4394 229.8587 225.1207 220.5843 216.9417 214.5129 214.2344 217.2324 223.108 230.0093 240.9678 253.0161 269.7344 286.7189 303.4339 318.8878 329.9868 337.5374 339.7708 334.1679 342.5276 358.0327 361.6928 351.6241 345.116 351.1526 374.9301 410.3149 438.7032 440.777
307.2404 306.291 305.7067 305.4214 303.7065 301.3722 299.883 299.8134 299.5483 298.6333 296.2388 292.4286 289.7976 285.9379 282.4846 279.0909 275.4989 274.2825 273.8702 272.8189 271.9823 271.1789 270.0366 269.8578 269.5042 266.9795 265.4427 265.8805 263.0052 259.2351 254.6001 249.2556 242.0851 235.2141 229.9872 222.9374 215.1198 211.0029 209.9841 207.6689 206.9885 207.7982 213.6345 224.2802 237.8883 253.6985 270.6234 285.8801 300.8802 314.4619 325.5327 331.2497 326.2896 329.8012 345.1526 362.6989 357.2642 339.8133 328.9632 337.315 367.2714 404.0296 425.361
306.2439 305.2791 305.0218 303.4623 302.8945 300.9933 299.8919 298.9884 299.0989 297.9329 296.1761 293.4734 290.462 287.3926 284.2619 279.032 276.3522 273.4255 272.9374 271.4097 271.2339 272.5632 272.0055 271.4361 269.8675 268.3173 267.535 268.5888 266.7996 263.7078 259.1393 254.4267 248.5754 244.4102 239.9543 233.4839 223.5252 214.7504 212.4588 214.2136 209.7124 204.2363 204.0602 209.809 220.2016 232.4691 247.4983 263.4347 280.1912 297.8368 315.1625 325.6898 324.4875 321.2433 331.1874 353.4205 364.9753 352.466 331.9898 322.8472 337.8547 368.506 394.2171
305.6584 304.7661 304.1644 303.4114 301.7982 300.701 300.1369 299.1314 298.4603 297.2748 295.8862 293.774 290.8984 287.9488 284.079 281.9958 278.5691 275.6147 273.4757 270.9923 269.1433 268.6958 270.4977 270.1596 269.4949 269.454 271.3734 271.3345 271.2792 270.4203 266.6811 261.0956 255.6916 254.2855 253.3515 249.9477 239.7877 227.5607 223.3965 225.6294 223.5817 215.1003 209.0113 206.2101 210.2336 217.23 229.1633 244.4655 263.3971 282.1198 301.2993 317.4576 318.7923 313.9355 318.9032 338.7897 359.4944 361.0574 343.263 326.8742 324.3794 345.4812 372.8653
304.7248 304.9967 304.3235 303.0501 300.8357 300.4562 299.7123 299.1721 297.8257 296.4453 295.244 293.7225 291.0082 287.4645 282.658 280.7449 279.6063 277.2277 274.3112 272.0768 269.3294 267.7472 268.4489 268.0987 268.2144 268.1079 270.9243 272.8911 275.8498 276.923 277.3845 272.1778 265.8477 264.2758 264.8789 264.8907 257.671 244.8169 246.3812 248.0253 243.511 238.4302 226.4151 216.9136 213.3311 213.8882 218.5865 229.052 244.7566 264.3011 286.6735 304.5763 309.6607 307.7597 310.2455 325.7171 346.0988 355.0665 344.9664 330.4773 323.3919 334.4026 359.5121
