py_wake/examples/data/AJ_ParqueFicticio/Rough survey   Sector 3   Height 200m   Power density.grd
DSAA
73  159
 258469   265669
 6501692   6517492
 72.52728   915.5396
[rows 112 to 139 of 159, columns 0 to 62 of 73]
278.9194 290.3986 308.5278 337.9224 375.2595 418.5635 466.4931 520.2126 578.2194 631.8868 680.3988 706.2963 692.3958 650.4752 596.24 544.8489 519.6262 521.7808 524.6885 506.427 469.9373 437.6111 409.3026 405.3977 422.5114 432.8677 411.763 352.3212 274.2626 226.2008 193.8162 175.9724 170.1507 172.8368 181.212 202.4888 244.9774 302.817 374.0667 446.6534 507.0883 539.2214 529.2505 482.3907 426.6745 380.7792 349.3239 332.0626 329.3319 339.3561 336.1103 305.7473 259.0323 215.608 185.6548 169.9314 162.0505 156.159 150.4093 142.0392 132.8169 129.3755 134.3216
281.8511 297.4308 320.8414 354.9375 395.9884 446.966 502.6512 560.0255 616.2292 663.2302 700.3857 715.7348 688.9846 634.3699 571.5463 524.709 514.7344 526.6922 526.3811 504.7953 469.6521 437.8547 415.9664 415.2943 428.0429 426.9203 389.3026 321.8568 249.0689 208.2516 184.5239 176.518 178.031 182.7931 194.756 223.51 278.2133 347.5144 425.7234 496.054 548.4702 561.7386 530.4059 472.7779 413.3634 368.5381 339.2859 319.5167 310.6466 307.7857 297.076 267.5451 228.9854 195.3601 173.9099 163.4927 157.9054 154.3085 148.3609 141.7315 136.9916 135.9597 139.5314
287.468 307.6362 338.5052 374.2055 420.9843 476.7556 539.1512 597.0844 648.2059 688.0886 717.2449 716.6151 673.7079 608.7953 547.7377 514.5693 522.2822 535.6908 528.4047 502.5621 473.4262 442.2869 420.5831 416.1429 418.6285 405.9521 361.1025 294.5728 231.1668 197.3484 183.2048 181.3221 186.6193 195.2506 212.7881 250.5135 319.807 401.7325 483.193 546.5582 576.6406 567.8987 518.5719 454.1342 398.21 356.4146 327.0556 304.9504 289.1989 277.0141 259.9208 236.2072 207.631 183.634 169.2496 161.513 156.4314 152.3286 147.5629 142.6838 139.8688 140.0938 143.2277
295.8797 318.8473 349.9847 391.5476 442.2874 503.6547 570.725 626.6182 672.9385 709.7811 730.1544 709.4486 653.6714 586.755 535.923 522.2702 537.4812 545.7369 531.4686 504.5922 474.9114 445.8605 418.9603 404.4611 397.2228 377.581 331.5613 271.3207 221.4429 195.617 188.3452 188.862 194.5277 206.3741 232.7339 290.0756 371.7415 461.5467 537.5743 583.0114 590.5459 558.1042 494.6289 430.6978 378.2892 339.9804 310.597 286.5612 265.9622 249.2891 232.0932 212.9556 192.2372 177.3379 167.9782 160.7219 156.5609 151.8676 147.4655 143.1362 141.5183 142.2219 144.6009
303.3412 327.827 354.1631 399.7848 459.3953 525.9077 593.1995 649.4543 696.7148 732.3405 740.367 702.3331 635.5433 573.7169 540.391 540.6502 554.1609 556.6763 536.1827 506.7627 472.3167 436.0518 405.404 383.5906 368.9552 347.2791 307.1443 256.4044 220.7417 208.489 207.7795 209.3643 214.5577 232.7311 274.0544 338.8683 426.7221 518.679 584.2379 599.2399 577.3844 526.2516 459.3053 398.5107 350.7303 316.0603 287.161 263.5343 242.0638 224.9771 210.2517 197.1082 183.5604 172.2661 164.9633 159.2787 154.9814 150.9068 146.9476 142.7104 140.6674 140.9117 143.3816
309.6177 334.0303 361.7145 404.6201 472.3381 543.4052 611.9698 673.4986 722.8578 754.0737 742.1575 691.073 622.5676 569.3493 545.9757 552.8831 563.5686 558.8505 533.3826 497.265 455.7159 412.8127 378.1803 356.0424 339.1111 319.233 287.0172 250.7649 229.356 225.8619 225.5736 225.5872 238.6686 268.6692 317.0533 384.2901 469.6599 555.0239 594.8032 580.6543 534.7119 472.4906 406.6736 353.3349 312.8939 282.341 256.8069 235.1871 216.5807 201.387 191.0237 182.5027 174.9759 167.1088 161.1985 156.1895 151.94 147.7882 142.6698 138.5233 136.803 135.6456 137.8797
312.9364 337.7846 369.6478 417.1366 491.3719 568.7493 640.9494 703.0451 743.4716 754.6298 724.3731 669.0654 605.0676 557.4329 541.385 545.609 549.7944 536.7157 505.7027 464.214 419.5431 377.1853 344.9909 325.2341 313.2246 296.9331 272.6875 251.8486 244.0311 242.4721 238.4791 241.451 261.5623 296.4058 341.9243 406.2779 485.0945 558.6605 578.4518 540.0015 475.2443 407.1371 347.9253 302.0606 266.4742 241.0192 219.7443 202.4126 189.4411 180.5512 174.5081 171.3435 167.704 162.5158 158.4782 153.486 149.9457 144.4636 137.9553 130.5408 124.3754 123.3925 125.7636
315.7652 345.8799 385.8173 454.6301 535.6698 617.2735 688.1377 735.2488 755.6388 739.6243 692.2048 630.303 574.2355 532.8535 517.5172 516.2293 510.7483 489.1808 454.3484 414.5931 374.4365 338.9735 311.5642 300.616 292.8474 280.5612 265.9485 255.2607 253.7419 251.6666 245.2236 250.4451 275.375 307.3488 348.9519 415.6041 487.3918 540.9432 538.4717 486.8159 414.5668 348.958 296.8425 256.7611 224.1113 200.2175 182.5449 170.062 164.2619 162.1581 161.6546 162.7654 160.8441 158.3489 154.9193 151.0132 146.1253 139.179 128.5116 116.799 108.9172 108.002 111.8771
331.2209 369.2365 436.5513 517.1829 602.7085 681.117 740.9983 769.8795 759.6591 710.3663 645.4465 583.2512 535.6993 504.2064 491.5919 480.5772 462.8238 432.8738 398.3443 364.9772 335.0195 309.6411 292.6163 284.3701 279.5294 268.9884 261.4022 256.1369 255.0336 252.1323 245.9572 255.5948 279.0464 307.2055 354.3021 424.4508 490.4096 520.4144 495.9677 432.4506 363.2336 305.1337 261.273 224.4382 200.6856 180.3018 164.4935 153.8169 146.9082 148.9506 151.7676 153.5117 153.8665 152.0449 148.5455 144.5002 136.7549 125.0561 108.5756 97.46387 94.9734 98.2617 105.225
360.0522 423.6469 502.8905 592.4286 677.194 750.1205 797.35 796.0464 743.0012 666.1117 592.1878 533.7502 493.4427 471.9034 460.069 444.7209 415.88 379.3898 346.8059 324.4341 304.7371 290.0497 279.4168 275.2473 269.7309 260.3198 255.8831 254.2559 252.4649 248.9516 247.6877 259.7358 278.5687 309.8567 368.6013 441.7563 497.9467 504.6848 452.9383 381.273 318.3622 268.3985 232.2 203.0623 187.316 171.7189 159.2026 150.5556 145.5301 142.4193 146.6998 146.7974 145.7337 143.3441 138.5654 130.4211 119.328 104.9995 94.22839 90.31706 93.42571 101.0081 113.6908
401.1334 477.9222 567.1026 663.129 747.9168 810.831 836.3326 799.1699 711.5856 621.6058 549.9991 490.8948 457.0465 442.3714 429.1123 408.0326 374.4675 338.3519 315.6717 293.8368 275.4278 271.0647 268.7336 265.539 261.1556 253.0615 251.9545 253.1031 252.2319 247.8029 251.4079 262.2754 282.8984 327.3176 397.9229 466.886 502.6555 479.2837 407.7126 331.5985 271.7527 231.1507 202.5964 187.5092 176.701 166.1336 158.348 152.1506 147.5244 144.4033 141.5742 141.3263 136.1162 130.7848 121.0108 113.963 105.5765 94.77026 88.68578 91.80651 100.9516 113.4608 133.2021
444.8039 532.4992 632.0703 730.2069 808.1924 852.8586 845.358 774.1108 670.8501 584.0548 520.9722 467.1764 431.1187 411.2667 396.9114 374.9009 343.3888 320.2123 299.2257 281.6951 266.7484 258.2156 263.6619 262.3732 255.1232 248.9615 247.3395 254.0247 257.2232 254.3609 256.1373 269.0347 300.7054 356.4426 425.1714 477.5098 482.4038 433.0958 352.248 287.2789 240.2003 207.0951 187.7157 176.6909 168.9683 162.3983 156.3641 152.6957 148.8758 144.8628 139.3779 132.9286 125.9121 118.2243 110.1544 102.9028 95.93323 90.35613 91.69351 101.345 116.747 136.4737 155.6122
495.2718 592.5146 695.1003 784.3428 847.8553 862.004 815.1237 726.7943 626.5035 553.277 501.2777 453.0787 416.1295 393.046 372.33 350.5323 331.3099 313.8217 297.4945 284.7491 272.6335 264.2045 265.3287 261.8657 251.6301 245.1168 248.8793 260.1801 267.799 264.7109 263.693 282.3025 321.9359 379.5721 434.9331 461.0855 437.7825 371.0181 311.3532 258.5056 218.7114 194.1751 180.4761 173.0866 166.3771 159.9309 155.5709 151.5451 148.0264 142.3842 136.0252 127.8986 117.8143 107.9968 100.0845 95.67675 91.62464 94.73917 101.7469 119.3942 138.6261 156.7001 173.037
555.4129 652.5928 744.5291 818.947 852.5792 824.7024 755.8076 665.9388 582.14 525.2123 486.3078 445.1183 408.9304 382.6985 360.3563 341.4031 324.1513 311.0642 298.9596 290.8695 281.2081 271.9156 262.8296 250.2175 242.6464 241.9741 255.047 275.1638 285.5639 280.3067 275.6537 294.7361 335.6019 387.1253 425.515 426.5189 381.7036 331.4119 281.6673 236.6341 203.9051 183.8952 174.9788 170.0128 165.4166 160.8846 156.5901 151.7788 145.5683 137.9816 129.0606 117.2074 105.1589 96.04362 92.23771 92.51872 96.07224 105.1748 121.0145 141.2392 156.9319 171.7393 186.6466
618.7114 707.9282 785.4919 831.5995 825.0245 763.7657 686.7045 610.6494 547.7381 502.2078 468.7188 436.2122 404.3627 372.0796 344.7226 332.3316 317.9395 308.2584 302.9617 296.3945 283.2414 265.7302 245.1581 229.6735 228.7844 240.5721 263.7394 288.5268 297.8843 290.7285 282.9632 299.3405 338.2271 384.5137 406.2372 387.6632 337.8674 299.8282 257.1132 218.985 193.1559 178.4652 169.7356 165.9477 162.736 159.0526 155.9676 151.3135 141.9883 131.7391 118.4908 104.5619 92.59666 87.37063 89.40461 95.43217 105.7722 120.0294 145.7128 160.6639 171.4887 184.0244 194.4635
683.6247 761.7762 812.4228 825.1545 779.1541 698.7994 623.4625 561.2528 511.1759 475.0283 447.0876 423.6874 396.5473 359.8831 332.2655 324.585 313.3197 307.2144 302.0565 291.0468 273.9608 253.4665 231.0938 216.0093 215.5088 235.2156 267.1941 292.2968 299.1516 290.902 283.321 297.0157 336.3529 375.5286 382.3358 345.4461 304.1358 270.5263 234.5646 203.1159 182.1969 172.6706 167.7984 164.7915 160.9001 156.9713 153.4902 149.6943 139.962 125.9816 108.4628 93.5623 85.41833 85.90218 94.17056 106.1589 121.7295 138.3331 164.2288 174.3405 181.2355 191.0235 196.0512
742.8596 806.0699 829.8922 803.447 726.1041 630.0542 556.0795 502.8418 467.3972 445.1057 427.1454 406.7577 384.9128 354.348 327.7422 319.3985 309.676 305.0731 294.5895 278.3931 258.1747 237.9985 218.1755 207.4455 213.4681 228.575 249.8369 275.5252 284.9793 282.7516 278.8452 295.4427 331.3325 355.9538 348.4518 301.1958 269.5583 241.1833 213.7404 189.8575 174.8525 167.7579 164.8101 163.634 162.2309 158.0482 153.0374 148.0717 139.0808 122.5239 102.8302 88.30684 84.40733 91.61971 106.2642 122.8257 139.5979 154.5145 171.6689 180.3675 186.1887 192.8161 195.4339
806.1815 850.7644 836.2195 767.8777 659.5692 552.9054 481.4659 437.8258 416.6615 408.3067 402.5499 390.0089 374.3095 355.6779 332.0815 312.7332 303.8741 292.2065 280.2971 263.8315 243.4075 225.3541 207.7572 200.2388 210.7187 228.6005 243.9281 249.2126 265.4016 272.8127 276.233 292.4119 319.4866 327.7921 309.6183 263.0171 239.2825 216.6401 198.5517 181.592 171.9881 166.3178 163.8987 162.5596 163.2307 160.7237 155.4585 147.1597 136.0105 118.8077 98.74343 86.8082 88.16011 102.3442 121.9634 139.5014 151.8912 159.2414 167.5667 179.7917 187.9978 193.4029 197.5958
868.8235 878.3731 821.2178 716.3311 595.4309 488.4216 437.291 407.6618 382.3353 376.8508 382.9349 379.5997 368.6465 357.1254 335.2547 306.2467 297.3906 285.1081 267.6257 247.7907 229.8977 216.0019 201.1829 197.679 210.2989 229.2215 243.8414 250.1161 250.1117 266.7634 272.4254 284.4714 300.7587 302.3785 276.9724 237.2426 217.1261 201.611 191.5039 182.0848 174.1651 168.3235 166.2383 165.7333 165.7982 163.1334 158.2373 148.4396 132.5855 113.6546 96.23499 89.18309 95.59308 114.5688 134.9092 149.132 157.6513 163.0908 164.4702 177.2046 191.4912 197.8767 203.161
911.5007 872.1854 777.7087 660.1138 541.2626 451.4014 415.9519 397.0857 381.131 364.6255 372.6421 376.3378 368.6284 351.456 333.027 304.5343 289.934 278.3228 258.4439 237.0373 220.4481 209.2027 197.7646 197.9752 212.0667 230.1588 249.1201 258.5283 257.3057 259.7772 264.7857 273.286 282.696 277.4056 256.8243 220.6245 205.513 194.8787 188.9468 184.2281 176.7599 172.9922 171.0365 171.9477 171.9318 168.3345 159.6978 147.1103 129.4653 109.5465 96.52694 95.47833 108.9952 126.8581 142.1012 153.1122 160.24 166.3164 167.9435 171.9616 188.9474 199.6351 207.9604
915.5396 828.9332 715.7886 601.3923 500.6589 430.7239 397.9036 390.5141 382.9583 368.9362 358.1157 362.8189 355.4187 340.3013 323.0549 302.2562 279.1044 268.5905 250.2953 230.1362 213.1204 202.622 195.4379 198.1903 215.2986 236.5205 258.5005 270.9564 265.4525 251.3384 251.377 256.3925 263.655 260.2086 244.2625 214.9587 199.1286 191.7984 187.6877 183.8991 180.0175 178.1128 177.1373 178.5731 177.4906 171.0965 160.9224 144.8571 124.8213 107.6986 103.8961 113.0927 127.8409 142.4846 150.9304 154.488 160.9673 167.1256 170.4618 172.2283 181.291 195.6244 207.1085
879.6999 766.4157 647.4147 545.3513 464.3085 414.6928 385.6279 384.3628 380.918 368.1174 350.324 335.5084 330.4981 319.713 306.16 292.0075 265.7516 255.7724 240.5232 223.8826 208.4683 198.4539 193.7292 200.2738 219.0402 243.979 266.8566 276.9515 266.4935 248.4972 240.2955 242.1702 243.1786 236.9926 225.2091 208.0078 192.7304 186.9877 184.1642 181.1461 180.6892 179.7485 180.6555 182.2506 179.0724 170.0444 157.9604 141.356 122.0195 109.7759 115.3629 127.1892 141.1309 152.4896 159.7087 162.1434 162.2703 166.4733 171.5861 175.2168 175.8662 189.8171 204.7323
823.2896 700.2837 584.5709 497.627 438.0676 409.4675 385.2714 380.3017 377.1651 365.8136 344.1433 318.072 296.0426 291.5453 283.3912 272.7745 250.958 242.0752 230.3543 218.2144 205.3374 195.4354 192.491 200.6717 222.3341 249.5267 272.5433 278.7622 262.8417 243.1777 228.8206 223.5009 221.8619 217.1918 206.5941 195.6617 185.0137 180.1174 178.4852 178.4595 179.6092 180.3207 181.5975 181.0898 175.8061 165.8416 151.5706 136.2847 120.676 112.6124 124.1885 136.998 149.9438 161.9462 168.7313 171.6145 172.1888 169.0628 172.1787 175.8585 177.0914 180.658 196.85
761.1194 638.2996 532.5889 460.2285 423.6438 407.9421 389.5881 371.7291 368.4185 356.051 334.0998 309.7289 285.1405 265.5569 256.3186 249.6833 237.6017 230.8744 222.4537 212.6946 202.6643 195.3096 193.5367 203.461 227.182 255.6577 276.401 276.436 258.7427 237.9574 222.917 214.4454 210.1319 205.6564 196.1029 187.1932 179.0134 174.129 172.8584 175.7039 179.5358 182.0235 181.526 177.0319 169.4181 157.7479 144.1792 131.5514 121.9706 118.5321 131.4107 145.4867 157.6519 168.7075 176.7681 180.6246 181.4296 180.3491 174.3172 175.7801 178.0943 180.8899 186.0539
693.2349 578.9454 487.2547 428.9541 405.6914 392.2626 371.4352 356.7791 354.1638 340.7581 320.2576 298.3204 278.2175 258.7622 243.5261 234.9141 227.5572 220.6173 215.7695 208.2588 201.2452 198.0083 197.1887 208.6978 233.8468 263.172 280.2912 272.069 250.3807 229.398 215.3753 206.845 199.4692 193.1404 186.0483 179.9814 174.2982 169.644 170.6955 175.2611 180.2291 183.1458 181.0901 172.3214 161.4753 150.5245 139.8261 131.7289 127.7029 127.5225 139.3695 152.7497 162.6978 173.0706 181.7841 187.0315 188.2223 187.7563 183.5362 175.4865 178.3324 181.9483 185.7213
621.6308 519.1947 441.558 395.313 376.728 358.5 337.4458 340.2097 338.1584 323.8969 303.7429 285.8875 269.2704 250.6123 236.3872 228.2516 219.4908 213.0724 209.1016 205.0553 201.6704 200.3773 200.7493 214.0682 239.3 266.9955 279.7406 265.8671 241.2232 219.1105 205.4571 198.9667 192.3973 184.5865 179.132 174.6438 170.8581 169.2062 170.778 175.5563 180.5448 182.714 178.7961 168.3859 158.2382 149.2608 142.2669 139.1102 137.9129 136.1564 143.1653 154.9527 165.8287 176.2097 184.2975 189.9136 192.3054 192.9781 190.2095 184.2896 177.3117 181.6211 185.3062
549.0286 461.429 397.2812 356.8513 338.1079 319.3288 321.1971 328.0077 323.0585 306.7364 289.0134 273.1942 258.8965 241.6625 228.4782 221.6112 214.1831 209.1201 206.7021 206.2319 204.1752 203.6554 204.8903 219.006 241.8447 264.6147 272.0393 256.8563 232.2961 210.2032 196.9683 190.8133 186.8298 180.9118 175.6007 172.3266 170.1402 170.5615 171.9645 174.8329 179.0973 180.0616 174.6005 165.8849 158.1256 152.977 148.6011 146.8691 145.8975 141.7762 143.5728 154.403 167.2071 178.0827 184.671 189.2784 192.5911 194.988 194.4464 192.2938 186.3572 181.7015 185.3059
489.3101 413.5434 356.3391 316.1742 296.8954 297.2407 313.5013 319.5713 309.9667 295.6393 279.8604 263.8767 249.0511 234.2818 221.0108 215.5227 209.566 206.0792 208.1273 211.3188 208.8861 207.9375 210.3357 222.4434 240.3692 256.8239 262.3693 248.4394 225.5817 205.2747 191.8795 185.2119 182.911 178.6772 175.2406 172.8508 172.1923 172.8746 174.3309 174.0962 176.5362 176.4398 169.9723 162.0801 157.2432 155.1494 152.3314 151.1038 149.2709 144.9753 146.2137 157.6091 168.6374 176.8785 182.1599 185.2124 190.2746 195.6978 199.203 199.3931 196.4918 189.1117 185.8692
