py_wake/examples/data/AJ_ParqueFicticio/Rough survey   Sector 2   Height 30m   Weibull-k.grd
DSAA
73  159
 258469   265669
 6501692   6517492
 .9785156   2.744141
[rows 56 to 83 of 159, columns 0 to 62 of 73]
2.107422 2.107422 2.107422 2.107422 2.107422 2.107422 2.107422 2.107422 2.107422 2.107422 2.107422 2.107422 2.107422 2.107422 2.107422 2.107422 2.107422 2.107422 2.107422 2.107422 2.107422 2.115234 2.107422 2.107422 2.107422 2.107422 2.107422 2.123047 2.126953 2.107422 2.107422 2.083984 2.115234 2.146484 2.087891 2.048828 2.029297 2.041016 2.083984 2.091797 2.029297 2.048828 2.041016 2.029297 1.990234 1.931641 1.908203 1.912109 1.919922 1.939453 1.939453 1.951172 1.970703 2.025391 2.111328 2.083984 2.005859 2.001953 2.029297 2.107422 2.189453 2.158203 2.107422
2.107422 2.107422 2.107422 2.107422 2.107422 2.107422 2.107422 2.107422 2.107422 2.107422 2.107422 2.107422 2.107422 2.107422 2.111328 2.107422 2.107422 2.107422 2.107422 2.107422 2.107422 2.107422 2.107422 2.107422 2.107422 2.107422 2.107422 2.130859 2.142578 2.119141 2.037109 2.091797 2.169922 2.142578 2.083984 2.056641 2.005859 2.037109 2.083984 2.080078 2.033203 2.017578 2.021484 2.013672 1.974609 1.943359 1.919922 1.923828 1.919922 1.931641 1.931641 1.955078 1.982422 2.072266 2.154297 2.107422 2.029297 2.017578 2.060547 2.107422 2.126953 2.158203 2.107422
2.107422 2.107422 2.107422 2.080078 2.076172 2.107422 2.107422 2.107422 2.107422 2.107422 2.107422 2.107422 2.107422 2.107422 2.107422 2.107422 2.107422 2.107422 2.107422 2.107422 2.107422 2.107422 2.107422 2.111328 2.107422 2.107422 2.107422 2.111328 2.072266 2.009766 2.013672 2.029297 2.064453 2.103516 2.056641 2.017578 1.998047 1.994141 2.041016 2.048828 2.017578 2.009766 2.005859 1.994141 1.962891 1.939453 1.923828 1.919922 1.919922 1.919922 1.919922 1.947266 1.990234 2.064453 2.130859 2.064453 2.029297 2.052734 2.107422 2.107422 2.146484 2.212891 2.107422
2.107422 2.107422 2.080078 2.056641 2.048828 2.087891 2.107422 2.107422 2.107422 2.107422 2.107422 2.107422 2.107422 2.107422 2.107422 2.107422 2.107422 2.107422 2.107422 2.107422 2.107422 2.107422 2.107422 2.111328 2.111328 2.107422 2.107422 2.091797 2.025391 1.978516 1.966797 1.982422 1.994141 1.990234 1.986328 1.974609 1.974609 1.978516 1.998047 2.013672 1.998047 2.005859 2.013672 1.986328 1.970703 1.947266 1.931641 1.919922 1.888672 1.869141 1.908203 1.951172 1.986328 2.021484 2.064453 2.033203 2.021484 2.037109 2.107422 2.107422 2.119141 2.228516 2.115234
2.107422 2.107422 2.076172 2.076172 2.064453 2.068359 2.107422 2.107422 2.107422 2.107422 2.107422 2.107422 2.107422 2.107422 2.107422 2.107422 2.107422 2.107422 2.107422 2.107422 2.107422 2.107422 2.107422 2.107422 2.111328 2.115234 2.107422 2.107422 2.052734 1.998047 1.962891 1.966797 1.978516 1.970703 1.951172 1.939453 1.943359 1.951172 1.966797 1.970703 1.970703 1.986328 2.009766 1.982422 1.974609 1.966797 1.962891 1.943359 1.900391 1.861328 1.884766 1.939453 1.994141 2.009766 2.017578 2.025391 2.021484 2.029297 2.099609 2.107422 2.107422 2.197266 2.134766
2.107422 2.107422 2.083984 2.107422 2.107422 2.107422 2.107422 2.107422 2.107422 2.107422 2.107422 2.107422 2.107422 2.107422 2.107422 2.107422 2.107422 2.107422 2.107422 2.107422 2.107422 2.107422 2.107422 2.107422 2.115234 2.115234 2.115234 2.107422 2.091797 2.021484 1.998047 1.986328 1.978516 1.970703 1.943359 1.927734 1.931641 1.939453 1.947266 1.955078 1.958984 1.962891 1.974609 1.978516 1.966797 1.974609 1.978516 1.974609 1.931641 1.876953 1.861328 1.904297 1.986328 2.005859 2.013672 1.994141 2.013672 2.037109 2.095703 2.107422 2.107422 2.126953 2.111328
2.107422 2.107422 2.107422 2.107422 2.107422 2.107422 2.107422 2.107422 2.107422 2.107422 2.107422 2.107422 2.107422 2.107422 2.107422 2.107422 2.107422 2.107422 2.107422 2.107422 2.107422 2.107422 2.107422 2.111328 2.119141 2.119141 2.126953 2.103516 2.087891 2.052734 2.021484 2.017578 2.005859 1.986328 1.962891 1.935547 1.927734 1.931641 1.935547 1.951172 1.958984 1.958984 1.974609 1.962891 1.970703 1.970703 1.970703 1.982422 1.978516 1.947266 1.908203 1.892578 1.955078 2.001953 2.005859 1.994141 1.998047 2.044922 2.107422 2.107422 2.107422 2.107422 2.107422
2.107422 2.107422 2.107422 2.107422 2.107422 2.107422 2.107422 2.107422 2.107422 2.107422 2.107422 2.107422 2.107422 2.107422 2.107422 2.107422 2.107422 2.107422 2.107422 2.107422 2.107422 2.107422 2.107422 2.107422 2.111328 2.103516 2.099609 2.072266 2.052734 2.041016 2.021484 2.037109 2.025391 2.005859 1.974609 1.939453 1.931641 1.931641 1.935547 1.943359 1.947266 1.951172 1.962891 1.962891 1.958984 1.970703 1.966797 1.974609 1.982422 1.998047 1.970703 1.916016 1.880859 1.955078 2.005859 2.001953 1.970703 2.029297 2.107422 2.107422 2.107422 2.107422 2.107422
2.107422 2.107422 2.107422 2.107422 2.107422 2.107422 2.107422 2.107422 2.107422 2.107422 2.107422 2.107422 2.107422 2.107422 2.107422 2.107422 2.107422 2.107422 2.107422 2.107422 2.107422 2.107422 2.103516 2.087891 2.072266 2.048828 2.056641 2.033203 2.017578 2.017578 2.025391 2.037109 2.033203 2.013672 1.982422 1.966797 1.947266 1.943359 1.943359 1.943359 1.939453 1.947266 1.939453 1.931641 1.947266 1.955078 1.974609 1.974609 1.978516 2.005859 1.998047 1.939453 1.869141 1.884766 1.982422 2.017578 1.994141 2.001953 2.044922 2.107422 2.107422 2.107422 2.107422
2.107422 2.107422 2.107422 2.107422 2.107422 2.107422 2.107422 2.107422 2.107422 2.107422 2.107422 2.107422 2.107422 2.107422 2.107422 2.107422 2.107422 2.107422 2.107422 2.107422 2.107422 2.095703 2.080078 2.080078 2.056641 2.037109 2.021484 1.998047 1.986328 1.990234 1.998047 2.025391 2.029297 2.005859 1.982422 1.974609 1.962891 1.951172 1.947266 1.943359 1.947266 1.955078 1.939453 1.923828 1.927734 1.958984 1.974609 1.974609 1.974609 2.005859 2.037109 1.994141 1.927734 1.892578 1.939453 2.021484 2.099609 2.072266 2.107422 2.107422 2.044922 2.005859 2.029297
2.107422 2.107422 2.107422 2.107422 2.107422 2.107422 2.107422 2.107422 2.107422 2.107422 2.107422 2.107422 2.107422 2.107422 2.107422 2.107422 2.107422 2.107422 2.107422 2.107422 2.107422 2.083984 2.091797 2.087891 2.060547 2.044922 2.013672 1.994141 1.974609 1.966797 1.974609 1.990234 2.005859 1.998047 1.986328 1.978516 1.970703 1.958984 1.947266 1.943359 1.947266 1.955078 1.935547 1.916016 1.908203 1.931641 1.970703 1.970703 1.962891 1.986328 2.037109 2.017578 2.001953 1.966797 1.947266 2.013672 2.107422 2.107422 2.107422 2.107422 2.052734 2.013672 1.982422
2.107422 2.107422 2.107422 2.107422 2.107422 2.107422 2.107422 2.107422 2.107422 2.107422 2.107422 2.107422 2.107422 2.107422 2.107422 2.107422 2.107422 2.103516 2.103516 2.107422 2.087891 2.083984 2.107422 2.107422 2.091797 2.056641 2.005859 1.990234 1.978516 1.966797 1.966797 1.974609 1.982422 1.982422 1.986328 1.982422 1.982422 1.978516 1.962891 1.955078 1.943359 1.919922 1.908203 1.892578 1.888672 1.931641 1.962891 1.966797 1.978516 2.005859 1.998047 2.013672 2.044922 2.056641 2.009766 2.064453 2.107422 2.107422 2.107422 2.107422 2.107422 2.107422 2.107422
2.107422 2.107422 2.107422 2.107422 2.107422 2.107422 2.107422 2.107422 2.107422 2.107422 2.107422 2.107422 2.107422 2.107422 2.107422 2.107422 2.099609 2.087891 2.095703 2.087891 2.076172 2.091797 2.107422 2.107422 2.107422 2.044922 2.017578 1.998047 1.978516 1.958984 1.955078 1.958984 1.970703 1.974609 1.974609 1.982422 1.986328 1.994141 1.994141 1.974609 1.974609 1.943359 1.904297 1.884766 1.884766 1.904297 1.904297 1.935547 1.955078 1.982422 1.990234 1.998047 2.013672 2.103516 2.119141 2.205078 2.158203 2.107422 2.107422 2.107422 2.107422 2.107422 2.107422
2.107422 2.107422 2.107422 2.107422 2.107422 2.107422 2.107422 2.107422 2.107422 2.107422 2.107422 2.107422 2.107422 2.107422 2.107422 2.095703 2.076172 2.080078 2.087891 2.091797 2.095703 2.107422 2.107422 2.107422 2.091797 2.033203 2.025391 2.009766 1.994141 1.962891 1.943359 1.939453 1.951172 1.958984 1.958984 1.974609 1.982422 1.994141 2.005859 1.994141 1.982422 1.974609 1.955078 1.931641 1.927734 1.919922 1.896484 1.884766 1.912109 1.927734 1.923828 1.966797 2.009766 2.076172 2.107422 2.154297 2.158203 2.107422 2.107422 2.107422 2.107422 2.107422 2.107422
2.107422 2.107422 2.107422 2.107422 2.107422 2.107422 2.107422 2.107422 2.107422 2.107422 2.107422 2.107422 2.107422 2.107422 2.107422 2.076172 2.095703 2.095703 2.095703 2.095703 2.107422 2.107422 2.107422 2.107422 2.056641 2.044922 2.033203 2.025391 2.001953 1.974609 1.962891 1.939453 1.931641 1.935547 1.943359 1.962891 1.978516 1.994141 2.009766 2.013672 1.998047 1.978516 1.974609 1.974609 1.962891 1.947266 1.927734 1.919922 1.923828 1.892578 1.806641 1.853516 1.939453 1.970703 2.052734 2.119141 2.177734 2.107422 2.091797 2.107422 2.107422 2.107422 2.107422
2.107422 2.107422 2.107422 2.107422 2.107422 2.107422 2.107422 2.107422 2.107422 2.107422 2.107422 2.107422 2.107422 2.107422 2.087891 2.076172 2.107422 2.107422 2.095703 2.103516 2.107422 2.107422 2.103516 2.099609 2.048828 2.056641 2.041016 2.033203 2.013672 1.998047 1.982422 1.962891 1.951172 1.931641 1.943359 1.958984 1.970703 1.990234 1.998047 1.998047 1.994141 1.986328 1.982422 1.994141 1.986328 1.978516 1.966797 1.958984 1.962891 1.947266 1.900391 1.857422 1.857422 1.845703 1.916016 2.005859 2.142578 2.107422 2.099609 2.107422 2.107422 2.107422 2.107422
2.107422 2.107422 2.107422 2.107422 2.091797 2.107422 2.107422 2.107422 2.107422 2.107422 2.107422 2.107422 2.107422 2.095703 2.064453 2.068359 2.107422 2.107422 2.095703 2.095703 2.107422 2.107422 2.072266 2.060547 2.064453 2.052734 2.056641 2.048828 2.033203 1.994141 1.974609 1.962891 1.947266 1.939453 1.943359 1.947266 1.966797 1.982422 1.990234 1.990234 1.994141 1.994141 2.005859 1.994141 1.990234 1.990234 1.986328 1.986328 1.990234 2.001953 2.029297 2.056641 2.029297 1.990234 1.919922 1.974609 2.029297 2.041016 2.072266 2.107422 2.107422 2.107422 2.107422
2.107422 2.107422 2.107422 2.107422 2.099609 2.107422 2.107422 2.107422 2.107422 2.107422 2.107422 2.107422 2.107422 2.076172 2.052734 2.056641 2.107422 2.107422 2.091797 2.083984 2.087891 2.076172 2.041016 2.033203 2.037109 2.037109 2.056641 2.068359 2.033203 1.998047 1.978516 1.974609 1.955078 1.951172 1.951172 1.951172 1.958984 1.966797 1.974609 1.986328 1.990234 2.001953 2.025391 2.009766 2.001953 1.990234 1.994141 1.994141 1.994141 2.017578 2.037109 2.099609 2.083984 2.060547 2.029297 2.037109 2.033203 1.986328 2.013672 2.052734 2.095703 2.107422 2.142578
2.107422 2.107422 2.107422 2.107422 2.107422 2.091797 2.107422 2.107422 2.099609 2.107422 2.107422 2.107422 2.107422 2.076172 2.044922 2.048828 2.099609 2.095703 2.087891 2.083984 2.083984 2.044922 2.029297 2.017578 2.017578 2.021484 2.033203 2.044922 2.025391 1.986328 1.982422 1.982422 1.978516 1.962891 1.958984 1.962891 1.955078 1.955078 1.958984 1.962891 1.974609 2.013672 2.025391 2.013672 2.025391 2.005859 2.001953 1.990234 1.990234 1.990234 1.998047 2.017578 2.052734 2.048828 2.072266 2.130859 2.052734 1.962891 1.958984 1.994141 2.021484 2.064453 2.107422
2.107422 2.107422 2.107422 2.107422 2.107422 2.107422 2.107422 2.099609 2.080078 2.107422 2.107422 2.107422 2.107422 2.107422 2.107422 2.083984 2.083984 2.076172 2.087891 2.099609 2.076172 2.037109 2.017578 2.005859 2.009766 2.005859 2.009766 2.001953 1.994141 1.966797 1.962891 1.958984 1.958984 1.974609 1.966797 1.966797 1.966797 1.958984 1.958984 1.958984 1.962891 1.982422 1.990234 2.013672 2.005859 2.033203 1.994141 2.009766 1.966797 1.962891 1.974609 1.958984 1.935547 1.955078 2.044922 2.107422 2.005859 1.943359 1.931641 1.951172 1.970703 2.005859 2.107422
2.107422 2.107422 2.107422 2.107422 2.107422 2.107422 2.107422 2.107422 2.091797 2.107422 2.107422 2.107422 2.103516 2.107422 2.107422 2.107422 2.091797 2.076172 2.087891 2.107422 2.068359 2.041016 2.017578 2.001953 2.001953 2.001953 2.001953 1.982422 1.958984 1.923828 1.927734 1.935547 1.947266 1.962891 1.966797 1.966797 1.970703 1.958984 1.962891 1.974609 1.974609 1.982422 2.001953 2.009766 2.021484 2.001953 1.974609 1.947266 1.935547 1.955078 1.970703 1.974609 1.966797 1.947266 2.009766 2.013672 1.939453 1.904297 1.853516 1.822266 1.896484 1.958984 2.001953
2.107422 2.107422 2.107422 2.107422 2.107422 2.107422 2.107422 2.099609 2.099609 2.099609 2.103516 2.107422 2.103516 2.107422 2.107422 2.103516 2.087891 2.072266 2.087891 2.083984 2.060547 2.056641 2.025391 2.009766 2.009766 2.009766 2.005859 1.986328 1.935547 1.869141 1.884766 1.916016 1.935547 1.951172 1.962891 1.958984 1.947266 1.955078 1.970703 1.951172 1.966797 2.013672 2.021484 2.025391 2.048828 2.025391 2.017578 2.001953 1.970703 1.955078 1.982422 1.998047 2.017578 2.037109 2.033203 1.998047 1.978516 1.923828 1.935547 1.900391 1.892578 1.951172 1.990234
2.107422 2.107422 2.107422 2.107422 2.107422 2.107422 2.107422 2.099609 2.091797 2.083984 2.087891 2.095703 2.107422 2.107422 2.103516 2.087891 2.072266 2.068359 2.080078 2.052734 2.037109 2.044922 2.017578 2.021484 2.025391 2.033203 2.017578 1.994141 1.931641 1.880859 1.876953 1.912109 1.935547 1.955078 1.970703 1.978516 1.974609 1.970703 1.994141 1.974609 1.994141 2.021484 2.017578 2.009766 2.001953 2.005859 2.033203 2.064453 2.052734 2.048828 2.001953 2.013672 2.037109 2.064453 2.060547 2.041016 2.048828 2.041016 2.037109 2.029297 2.044922 2.005859 2.048828
2.107422 2.107422 2.107422 2.107422 2.107422 2.107422 2.107422 2.087891 2.080078 2.076172 2.072266 2.080078 2.107422 2.107422 2.095703 2.087891 2.087891 2.099609 2.080078 2.037109 2.029297 2.021484 2.013672 2.025391 2.033203 2.041016 2.033203 2.001953 1.943359 1.880859 1.884766 1.919922 1.935547 1.958984 1.966797 1.970703 1.974609 1.990234 2.013672 2.029297 2.052734 2.025391 2.001953 1.990234 1.990234 1.994141 2.005859 2.029297 2.107422 2.111328 2.111328 2.064453 2.052734 2.044922 2.048828 2.033203 2.103516 2.123047 2.146484 2.205078 2.228516 2.212891 2.205078
2.107422 2.107422 2.107422 2.107422 2.107422 2.107422 2.091797 2.091797 2.076172 2.068359 2.060547 2.064453 2.099609 2.087891 2.080078 2.083984 2.107422 2.107422 2.080078 2.044922 2.037109 2.013672 2.013672 2.017578 2.025391 2.021484 2.013672 1.990234 1.951172 1.916016 1.912109 1.931641 1.951172 1.958984 1.958984 1.955078 1.962891 1.998047 2.025391 2.044922 2.064453 2.033203 1.994141 1.990234 1.998047 2.005859 2.013672 2.044922 2.107422 2.130859 2.150391 2.154297 2.107422 2.076172 2.041016 2.037109 2.060547 2.076172 2.177734 2.212891 2.228516 2.232422 2.240234
2.107422 2.107422 2.107422 2.107422 2.107422 2.107422 2.107422 2.095703 2.080078 2.068359 2.052734 2.044922 2.072266 2.048828 2.044922 2.083984 2.107422 2.099609 2.072266 2.064453 2.044922 2.025391 2.017578 2.009766 2.013672 1.998047 1.982422 1.955078 1.916016 1.904297 1.931641 1.951172 1.958984 1.958984 1.958984 1.962891 1.970703 2.005859 2.021484 2.029297 2.009766 1.982422 1.978516 1.982422 1.990234 2.005859 2.037109 2.091797 2.130859 2.146484 2.154297 2.150391 2.107422 2.052734 2.029297 2.017578 2.052734 2.099609 2.162109 2.205078 2.220703 2.244141 2.251953
2.107422 2.107422 2.107422 2.107422 2.107422 2.107422 2.107422 2.107422 2.091797 2.076172 2.064453 2.076172 2.044922 2.037109 2.029297 2.033203 2.083984 2.056641 2.060547 2.068359 2.044922 2.033203 2.021484 2.025391 2.005859 1.982422 1.939453 1.892578 1.873047 1.888672 1.943359 1.962891 1.962891 1.955078 1.955078 1.970703 1.986328 2.013672 2.025391 2.013672 1.970703 1.955078 1.958984 1.966797 1.978516 1.998047 2.033203 2.076172 2.115234 2.150391 2.146484 2.119141 2.076172 2.041016 2.021484 2.025391 2.060547 2.107422 2.150391 2.201172 2.224609 2.248047 2.259766
2.107422 2.107422 2.107422 2.107422 2.107422 2.107422 2.107422 2.107422 2.095703 2.076172 2.076172 2.060547 2.044922 2.037109 2.029297 2.021484 2.021484 2.017578 2.037109 2.041016 2.033203 2.033203 2.033203 2.029297 2.021484 1.978516 1.916016 1.861328 1.849609 1.888672 1.947266 1.978516 1.974609 1.978516 1.978516 1.994141 2.037109 2.068359 2.033203 1.982422 1.955078 1.955078 1.943359 1.955078 1.970703 1.982422 2.001953 2.021484 2.044922 2.119141 2.138672 2.111328 2.068359 2.037109 2.021484 2.033203 2.068359 2.091797 2.146484 2.193359 2.232422 2.251953 2.263672
