py_wake/examples/data/AJ_ParqueFicticio/Rough survey   Sector 12   Height 30m   Mean speed.grd
DSAA
73  159
 258469   265669
 6501692   6517492
 .2004595   7.890977
[rows 28 to 55 of 159, columns 0 to 62 of 73]
3.876939 3.873085 3.853942 3.846561 3.842594 3.833167 3.834781 3.842475 3.857141 3.856304 3.846937 3.843967 3.85248 3.856611 3.867677 3.883133 3.891505 3.891977 3.902426 3.880133 3.859051 3.843066 3.853956 3.887876 3.932389 3.970516 4.006386 3.929568 3.911333 3.879597 3.813975 3.792446 3.728267 3.594419 3.817075 3.780052 3.7962 3.782535 3.797709 3.809525 3.716948 3.612731 3.654957 3.725925 3.987253 4.112554 4.120784 4.118956 4.126312 4.141443 4.105087 4.207535 4.486067 4.674771 4.196929 3.837709 3.825309 4.028541 3.951334 3.735829 3.567621 3.524569 3.482681
3.845246 3.844992 3.839922 3.83567 3.825435 3.820711 3.826456 3.836134 3.83902 3.849011 3.838824 3.839597 3.859955 3.890299 3.897015 3.904486 3.901847 3.912527 3.912191 3.898805 3.898296 3.885331 3.871829 3.900533 3.953316 3.993541 4.012179 3.966142 3.957662 3.941591 3.923759 3.879914 3.861561 3.877927 3.995782 3.990744 3.963811 3.964202 3.96643 3.912147 3.783451 3.764919 3.793041 3.719719 3.858766 4.14873 4.480092 4.660404 4.719623 4.842933 4.759122 4.565456 4.61777 4.872787 4.725359 4.27622 4.081968 4.115696 4.086637 4.055743 3.972813 4.077101 3.947537
3.820402 3.824181 3.815446 3.820101 3.810491 3.801654 3.81158 3.803545 3.816492 3.811655 3.817465 3.828134 3.812965 3.848709 3.893279 3.910979 3.913113 3.910861 3.907442 3.8882 3.909665 3.917314 3.925981 3.94008 3.989584 4.018131 4.01533 4.013292 4.004106 4.029361 4.042053 4.035156 4.076713 3.962585 4.004841 3.954559 3.965973 4.032676 4.091735 4.060297 3.914114 3.872611 3.864931 3.934528 3.913715 4.086819 4.48291 4.88781 5.261446 5.586595 5.748114 5.530868 5.26308 5.229404 5.218986 4.714377 4.359353 3.987344 3.931693 3.86371 3.911206 4.100214 4.159191
3.795401 3.80583 3.807742 3.806848 3.787548 3.784274 3.778516 3.78177 3.780785 3.786902 3.800646 3.79341 3.791069 3.83736 3.87686 3.913954 3.916633 3.903053 3.881933 3.882383 3.925659 3.93802 3.963393 3.981466 4.006709 4.030223 4.040623 4.035944 4.028724 4.083848 4.051611 4.052223 4.077747 4.066401 4.050154 3.957352 3.964661 4.051992 4.119194 4.138317 4.066609 3.941672 3.960912 4.005923 4.15117 4.184692 4.144279 4.247369 4.59405 5.092045 5.587973 5.76481 5.881851 5.738575 5.499241 5.079137 4.613935 4.088559 3.750652 3.631218 3.850863 3.972 3.960579
3.782614 3.794731 3.783754 3.786824 3.775667 3.772791 3.750504 3.750293 3.758857 3.762849 3.777284 3.767931 3.752964 3.828789 3.861923 3.891097 3.901126 3.891115 3.876384 3.907945 3.944752 3.964981 3.992356 4.008613 4.015519 4.046688 4.073722 4.100126 4.113997 4.066209 4.065691 4.101707 4.128664 4.120088 4.07287 4.027916 3.967883 4.003668 4.030717 4.078808 4.065909 3.924495 3.851029 3.969241 4.11852 4.357167 4.347192 4.070327 3.947884 4.002219 4.275424 4.697844 5.170556 5.490325 5.491515 5.210779 4.727695 4.226548 3.783382 3.574573 3.737253 3.998184 3.925154
3.808448 3.779163 3.775016 3.763253 3.770324 3.757354 3.763069 3.754024 3.747881 3.758755 3.756494 3.741519 3.750939 3.818828 3.845017 3.873936 3.87664 3.8648 3.870349 3.922873 3.973658 3.985579 4.00035 4.017711 4.027531 4.049331 4.062871 4.040756 4.090214 4.079537 4.089661 4.114228 4.122269 4.103365 4.110959 4.156089 4.091318 4.025245 4.033878 4.113556 4.111599 4.016865 3.709676 3.656896 3.854518 4.096245 4.318453 4.300386 4.126113 3.936436 3.810217 3.804883 4.066559 4.52266 5.072117 5.236056 4.759996 4.27195 3.898948 3.660305 3.788885 3.968912 4.036388
3.827684 3.784513 3.77121 3.754864 3.741742 3.715248 3.729831 3.734202 3.742732 3.74078 3.725202 3.734689 3.750116 3.826386 3.828614 3.840112 3.836834 3.842634 3.896141 3.965808 3.990793 4.004404 4.003003 4.023182 4.040598 4.055095 4.03589 4.045356 4.070595 4.087327 4.109607 4.12744 4.118591 4.081336 4.069756 4.155917 4.198391 4.155345 4.073584 4.117632 4.067723 3.931586 3.765465 3.379884 3.435894 3.731191 4.055824 4.229668 4.304628 4.428343 4.483034 4.462241 4.283639 4.27885 4.648674 5.08111 5.063971 4.71886 4.378583 4.427013 4.169006 3.917428 3.889261
3.819892 3.771512 3.753859 3.735965 3.730309 3.704195 3.701131 3.706898 3.72348 3.71119 3.700014 3.713045 3.73218 3.80333 3.799662 3.783008 3.783643 3.825143 3.926996 3.990269 4.00661 4.00708 4.001586 4.025152 4.030385 4.033124 4.034849 4.048278 4.081965 4.105888 4.121989 4.134932 4.149391 4.136343 4.141669 4.103494 4.177372 4.243302 4.156972 4.23529 4.027946 3.851681 3.731105 3.532663 3.053358 3.334855 4.00036 4.575337 4.905595 5.004231 5.292936 5.498753 5.573728 5.345432 5.225089 5.39298 5.420189 5.261905 5.024577 5.000248 4.677129 4.158905 3.90345
3.791553 3.752741 3.727263 3.711527 3.711299 3.717769 3.719525 3.721558 3.703979 3.696401 3.678816 3.675838 3.696806 3.753083 3.731385 3.7213 3.724741 3.725684 3.811892 3.953249 3.988054 3.979545 3.995214 4.01395 4.018644 4.010137 4.046151 4.059193 4.095862 4.125834 4.146086 4.160277 4.177387 4.230058 4.219053 4.160707 4.228304 4.377968 4.500471 4.50811 4.585916 4.407779 4.098411 3.867851 3.206248 2.952322 3.526503 4.386138 5.060229 5.468557 5.7141 6.005636 6.134322 6.168483 5.944717 5.822171 5.657669 5.372663 5.382197 5.360857 5.37895 4.958722 4.512832
3.741934 3.707376 3.691531 3.68446 3.670847 3.683408 3.732658 3.716482 3.701739 3.677802 3.674393 3.655259 3.656497 3.696232 3.683073 3.684018 3.676902 3.655912 3.678972 3.732388 3.885803 3.915655 3.948395 3.963248 3.96889 4.004734 4.029597 4.064879 4.102756 4.135925 4.182631 4.210582 4.228427 4.25442 4.241311 4.170093 4.200522 4.360324 4.515983 4.665826 4.900564 5.170009 5.048953 4.683921 4.054384 2.875376 2.798189 3.243725 3.951422 4.552121 4.797552 5.04358 5.580956 5.938776 6.046649 6.021207 5.842216 5.419044 5.537574 5.563015 5.793346 5.89619 5.721148
3.695533 3.663084 3.66065 3.66441 3.647835 3.631496 3.680355 3.6824 3.68441 3.68311 3.677499 3.669503 3.656594 3.651868 3.658401 3.659094 3.664566 3.66275 3.66458 3.650658 3.779819 3.83498 3.895386 3.930128 3.940216 3.981529 4.03286 4.067189 4.087112 4.11578 4.15598 4.180793 4.242121 4.271117 4.298854 4.346131 4.275811 4.291586 4.462174 4.661432 4.796087 5.139507 5.462742 5.43991 5.100907 4.20104 3.141922 2.644763 2.645691 3.172362 3.593963 3.766888 4.207893 4.807463 5.472115 5.768121 5.757871 5.462928 5.459045 5.533307 5.806624 6.308982 6.479864
3.665362 3.654617 3.654158 3.653486 3.667356 3.662491 3.653125 3.661959 3.670219 3.671227 3.680164 3.690637 3.694745 3.701947 3.675066 3.677611 3.679767 3.695391 3.706634 3.77505 3.823234 3.80548 3.828081 3.87264 3.931569 3.991782 4.025187 4.052824 4.079484 4.111786 4.139309 4.176994 4.22385 4.265245 4.267375 4.368164 4.29708 4.303829 4.456772 4.630618 4.760199 4.936399 5.310767 5.632331 5.769212 5.406297 4.528947 3.89906 3.073948 3.068459 3.523642 3.883681 4.160754 4.463594 5.069367 5.636941 5.948357 5.599875 5.377914 5.282553 5.452013 5.9224 6.558562
3.676512 3.653713 3.648481 3.645908 3.676744 3.695233 3.69595 3.673893 3.66424 3.657338 3.677872 3.683877 3.759039 3.737582 3.699481 3.670238 3.678894 3.708221 3.729207 3.843961 3.843018 3.80081 3.794234 3.794699 3.890606 3.971271 3.99837 4.041485 4.082002 4.12773 4.159673 4.201171 4.22658 4.236899 4.290997 4.304543 4.226995 4.256467 4.429668 4.646339 4.893121 5.131854 5.424922 5.837977 6.099313 6.26933 5.691783 5.460037 5.041896 4.41343 4.370847 4.637387 4.989871 5.234286 5.526219 5.866011 5.988991 5.814785 5.375513 4.930753 4.801156 5.19221 5.801752
3.711806 3.661375 3.64492 3.627294 3.625569 3.639951 3.68668 3.680909 3.647559 3.625466 3.612999 3.603581 3.653404 3.685 3.663316 3.656084 3.665096 3.661317 3.710764 3.81972 3.827308 3.795522 3.777622 3.678934 3.69605 3.881071 3.94864 4.013993 4.055091 4.11188 4.164132 4.205583 4.246896 4.272531 4.32312 4.303252 4.206843 4.158622 4.208414 4.509311 4.89593 5.267541 5.609665 6.058558 6.418802 6.721967 6.504277 6.278539 6.291198 5.952285 5.66316 5.58286 5.65317 5.758756 5.965923 6.117822 6.068319 5.904655 5.197452 4.49727 3.887893 3.801121 4.420592
3.728297 3.69226 3.66459 3.631853 3.574092 3.584053 3.649608 3.64132 3.609557 3.592223 3.5738 3.531121 3.537768 3.591295 3.614535 3.615995 3.60453 3.606596 3.661604 3.785788 3.806515 3.81231 3.764352 3.741826 3.787054 3.850402 3.899501 3.954561 4.00104 4.093923 4.14 4.186574 4.21248 4.302779 4.337621 4.336756 4.343804 4.103403 3.945982 4.191787 4.567165 4.845749 5.142502 5.509695 5.846952 6.239484 6.319623 6.098301 6.344579 6.205602 6.018756 5.911718 5.804882 5.653459 5.7207 5.850632 5.896573 5.83158 5.505837 4.753302 3.907926 3.280565 3.219565
3.738914 3.717338 3.715585 3.67355 3.569233 3.500778 3.559676 3.599745 3.579915 3.587613 3.59047 3.555423 3.557936 3.572477 3.584589 3.587652 3.573484 3.564756 3.586415 3.707352 3.746164 3.734445 3.738816 3.856785 3.92504 3.884961 3.883244 3.907497 3.916214 4.013283 4.10111 4.120075 4.151106 4.249852 4.279552 4.261452 4.228337 4.056077 3.758869 3.651162 3.896892 4.128938 4.211884 4.500307 4.730699 4.85802 4.782253 4.70658 4.738658 4.801663 4.818009 4.638413 4.665703 4.551635 4.734446 5.130081 5.462562 5.730054 5.52984 5.066482 4.433237 3.569495 2.840378
3.753127 3.746855 3.731045 3.714299 3.704969 3.611141 3.527704 3.533277 3.552379 3.588627 3.617841 3.631061 3.614645 3.60941 3.588569 3.586006 3.555532 3.548532 3.550564 3.614312 3.647312 3.631061 3.606265 3.644173 3.841487 3.836024 3.81828 3.812077 3.860704 3.973208 4.03159 4.040408 4.117027 4.187595 4.183631 4.1746 4.15771 4.062222 3.771159 3.538056 3.390797 3.560432 3.589481 3.598969 3.640176 3.565226 3.494775 3.2538 3.140955 3.319637 3.335477 3.321413 3.621827 4.058424 4.276819 4.680385 4.958582 5.196449 5.478718 5.260334 4.777817 4.078433 3.228612
3.758689 3.740961 3.736843 3.730617 3.772448 3.734596 3.664515 3.550704 3.547032 3.564522 3.593549 3.642949 3.67467 3.658902 3.614427 3.583881 3.560963 3.556971 3.549021 3.562292 3.555768 3.549925 3.525118 3.515654 3.551847 3.677364 3.684562 3.661661 3.66684 3.81976 3.867688 3.827056 3.98036 4.04825 4.072773 4.076803 4.076069 4.020787 3.914028 3.748988 3.407981 3.216461 3.220815 3.239785 3.348439 3.505663 3.717293 3.94381 3.791243 3.710216 3.798555 3.798486 3.857613 4.207884 4.537251 4.701679 4.82155 4.656806 4.877502 5.170336 5.201923 5.001052 4.429096
3.740894 3.724266 3.742703 3.770888 3.777975 3.756987 3.678139 3.595468 3.555506 3.518481 3.536951 3.605738 3.673848 3.673426 3.605582 3.569995 3.558548 3.563751 3.575975 3.60288 3.563471 3.543392 3.551325 3.536489 3.535016 3.601849 3.576792 3.535844 3.505157 3.521366 3.582401 3.4981 3.524366 3.731428 3.767107 3.913913 3.926837 3.882345 3.924856 3.977663 3.824785 3.636823 3.612748 3.882426 4.347286 4.692942 4.991523 5.25539 5.281796 5.191346 4.995 4.773911 4.514569 4.524061 4.775754 5.145714 5.328546 4.87072 4.278856 4.255963 4.591552 5.005884 5.228989
3.70684 3.692806 3.690845 3.744964 3.74735 3.73133 3.697698 3.644928 3.5969 3.510373 3.451639 3.538977 3.648726 3.659558 3.582445 3.543116 3.534956 3.543964 3.563437 3.63029 3.567887 3.541986 3.548856 3.604339 3.682643 3.628863 3.516919 3.442298 3.417554 3.400286 3.388715 3.342169 3.286154 3.401813 3.395925 3.54547 3.671445 3.694503 3.738753 3.917893 4.052906 4.149809 4.317001 4.509275 4.769126 4.990358 4.990561 4.910733 4.694887 4.513194 4.594875 4.838925 4.929495 4.851068 4.829569 5.162789 5.754014 5.751812 5.100464 4.282035 3.734853 3.771293 4.23655
3.691999 3.673912 3.658542 3.696741 3.718021 3.702514 3.685767 3.667837 3.637915 3.621992 3.511266 3.456199 3.532664 3.605737 3.530617 3.507228 3.496957 3.483875 3.493215 3.582468 3.537153 3.503429 3.463875 3.44225 3.499302 3.562551 3.431719 3.403437 3.394373 3.40579 3.3558 3.341382 3.322222 3.355014 3.302912 3.371336 3.443354 3.485133 3.470073 3.610413 3.801736 3.953386 4.080775 4.350091 4.523137 4.34062 4.095712 3.931333 3.935353 4.035615 4.09466 4.320755 4.617264 4.815746 4.7732 4.815116 5.39721 5.912195 6.031062 5.668284 4.621675 3.595432 3.209362
3.704986 3.685574 3.660498 3.654697 3.672831 3.686579 3.685063 3.666085 3.656082 3.669881 3.616381 3.509928 3.441031 3.47189 3.472451 3.477027 3.478805 3.450969 3.411441 3.473436 3.472471 3.440952 3.414289 3.411725 3.418219 3.415075 3.376656 3.371175 3.366749 3.354147 3.305976 3.30005 3.464159 3.440052 3.312318 3.32494 3.372618 3.332663 3.245354 3.229452 3.215215 3.282301 3.177052 3.204229 3.296069 3.540584 3.685093 4.018438 4.208967 4.340454 4.377804 4.226661 4.357598 4.485429 4.444408 4.225967 4.481983 5.047345 5.508068 6.084043 5.887251 4.989147 3.828322
3.71561 3.713361 3.712699 3.69175 3.675548 3.691932 3.686677 3.681472 3.692431 3.698921 3.682656 3.630301 3.538445 3.500214 3.459808 3.469287 3.502822 3.511361 3.494455 3.479027 3.444924 3.439753 3.443242 3.472133 3.501085 3.455364 3.388861 3.365323 3.371487 3.326617 3.253583 3.168992 3.158321 3.242585 3.15687 3.159761 3.245792 3.141794 3.024939 2.985164 2.904794 3.001436 3.017283 3.082506 3.26073 3.491821 3.791774 4.179534 4.502949 4.56172 4.610694 4.434433 3.98072 4.239084 4.592972 4.112407 3.705443 4.037439 4.430183 5.253295 6.04347 6.021651 5.436856
3.699401 3.700017 3.717626 3.714934 3.690051 3.678406 3.688572 3.714028 3.711694 3.725794 3.706925 3.696058 3.657658 3.559799 3.49617 3.478757 3.495512 3.572539 3.637452 3.530797 3.491029 3.467261 3.470649 3.520332 3.533367 3.494083 3.443433 3.429934 3.413903 3.359735 3.269379 3.147671 2.993162 2.983366 2.901389 2.85531 2.892722 2.85463 2.748227 2.697882 2.660627 2.912998 3.174633 3.452798 3.710664 3.944528 4.118985 4.291394 4.352747 4.330489 4.353987 4.262013 3.811553 3.834282 4.618341 4.537533 3.744513 3.307119 3.479631 4.061217 5.121992 5.876199 6.042367
3.669326 3.664955 3.687757 3.698455 3.68538 3.666636 3.667366 3.696972 3.713912 3.726108 3.706763 3.677283 3.658437 3.587512 3.527862 3.48769 3.451314 3.49588 3.548667 3.5363 3.534547 3.522529 3.524902 3.575319 3.559216 3.528314 3.528279 3.558598 3.506294 3.433383 3.362883 3.312796 3.200696 2.95163 2.865202 2.730445 2.564846 2.520052 2.654345 2.570406 2.396646 2.437581 2.644787 3.084319 3.454078 3.746301 3.966416 3.991599 4.011508 4.074349 4.229008 4.228183 3.857512 3.572335 4.249228 4.92811 4.532142 3.585687 2.964455 3.14602 4.103729 4.948516 5.427552
3.658179 3.66012 3.680741 3.676979 3.678239 3.674695 3.678653 3.683875 3.707685 3.704478 3.702702 3.676646 3.64435 3.599023 3.569044 3.532364 3.477999 3.488225 3.486387 3.490072 3.521338 3.646078 3.680066 3.636981 3.601218 3.559557 3.578104 3.605372 3.578135 3.526331 3.478102 3.384715 3.296617 3.216122 3.202847 3.089914 2.720587 2.457131 2.670171 2.727424 2.508099 2.233609 2.230779 2.417988 2.691843 2.980482 3.238439 3.495167 3.665514 3.849195 4.204308 4.5294 4.153633 3.561285 3.678107 4.678753 5.006215 4.595772 3.614424 3.001016 3.348402 4.24757 4.678535
3.670041 3.664973 3.683167 3.683283 3.680814 3.67968 3.697453 3.695814 3.693189 3.699339 3.698064 3.677325 3.642832 3.608163 3.592693 3.611164 3.65477 3.591046 3.504704 3.467246 3.432788 3.478339 3.574211 3.595205 3.586393 3.590784 3.642627 3.65404 3.651344 3.672421 3.561284 3.340167 3.280058 3.401299 3.552169 3.643785 3.368643 2.869058 2.888648 3.167218 3.271019 2.755706 2.460049 2.259224 2.362057 2.584525 2.809033 3.179352 3.566314 3.788333 4.018287 4.407686 4.271496 3.768257 3.532759 4.132893 4.824737 5.06141 4.56076 3.585219 3.32009 3.871936 4.507813
3.669719 3.700087 3.705126 3.695225 3.677684 3.687795 3.700465 3.708798 3.695725 3.694152 3.690998 3.679081 3.6493 3.597403 3.58079 3.611962 3.641125 3.612263 3.543951 3.503168 3.443804 3.421854 3.480954 3.508452 3.530548 3.555622 3.609782 3.701709 3.794547 3.808309 3.844728 3.627906 3.506277 3.65884 3.79021 3.914017 3.943687 3.637304 3.262575 3.485633 3.689078 3.732685 3.311343 2.925622 2.711342 2.628785 2.667845 2.779826 3.168505 3.454615 3.766421 4.096622 4.111692 3.788962 3.501007 3.813595 4.303825 4.655807 4.641627 4.107067 3.756664 3.951208 4.475598
