py_wake/examples/data/AJ_ParqueFicticio/Rough survey   Sector All   Height 200m   Elevation.grd
DSAA
73  159
 258469   265669
 6501692   6517492
 17.93852   840
[rows 0 to 27 of 159, columns 0 to 62 of 73]
19.5521 19.01646 18.65899 18.33038 18.00375 17.93852 18.21276 18.67836 19.09334 19.43308 19.50172 19.3157 19.10501 18.95358 18.91008 18.85574 19.09478 19.46347 19.87988 19.97807 19.95886 30.98483 43.20249 57.97532 53.44555 38.3677 37.7269 52.3255 62.65112 65.87029 68.23077 73.3031 81.40223 89.65341 98.23047 111.5862 127.3446 141.1809 145.3171 149.0456 152.1531 154.3637 156.587 156.6612 157.8909 160.0813 160.7143 160.9484 161.4973 161.5303 161.5548 161.2324 161.4047 162.1099 163.0809 164.2046 165.359 166.4474 167.246 167.9585 168.4986 168.9376 169.3523
19.70039 19.41829 19.10452 18.71965 18.31878 18.18612 18.39911 18.89105 19.39641 19.84169 19.98191 19.76047 19.51624 19.39107 19.35148 19.14735 19.34935 19.66432 19.62246 19.73158 23.54549 35.10617 53.30552 66.40601 66.23372 52.89402 40.02742 55.1182 63.42354 68.072 71.89996 76.49252 83.47077 90.94344 98.6255 110.9036 125.5771 140.787 144.455 147.6916 149.9984 153.0816 157.6763 159.3828 156.6385 157.8678 159.2277 160.1682 160.6053 160.566 160.5723 160.1599 160.2858 161.2216 162.4102 163.6822 164.9832 166.1903 166.8983 167.3282 167.4612 167.5938 167.8661
23.681 19.90461 19.48234 19.01087 18.6149 18.47307 18.61962 18.94574 19.44821 19.95295 21.50333 20.83874 19.93482 19.85231 19.75647 19.42236 19.42158 19.82329 19.874 19.77357 25.12233 36.03306 54.55293 69.94089 77.02142 64.79131 53.56233 57.52553 63.74327 68.52496 73.24478 77.80679 84.03043 90.75703 96.51517 107.1963 120.2802 139.2669 143.1642 145.58 146.8422 149.8501 154.3643 160 157.1425 154.92 155.3602 157.2355 158.3956 158.5775 158.3654 158.8905 158.9731 160.793 162.127 163.4426 164.746 165.7586 166.2572 166.2962 166.191 166.1108 166.2003
33.63969 25.07442 19.73071 19.26358 18.96306 18.93406 19.03671 19.10479 19.29589 19.70376 20.19603 21.79596 21.96532 21.72045 20.32378 19.64107 19.31988 19.46111 19.53601 19.7738 25.0217 35.89045 53.4052 69.28593 80 73.02735 63.33901 63.0733 65.62659 69.98911 74.47333 79.02179 84.38763 86.7038 89.2326 94.20956 106.2592 126.3424 140.6281 141.9165 142.2186 145.6447 151.1789 157.2484 158.5302 155.3813 152.7862 153.2975 154.5315 155.0394 157.2886 160.0412 160.3784 161.1487 162.2917 163.4972 164.6033 165.2227 165.369 165.1228 164.8623 164.5787 164.3699
40.17893 29.96469 19.99599 19.64792 19.41657 19.42659 19.53856 19.59491 19.54328 19.56422 19.71336 20 22.35502 23.66106 21.42498 19.77717 19.39255 19.41855 19.69704 19.96699 27.4097 36.13036 51.21273 66.67679 79.82861 78.69779 71.13655 68.24204 68.25472 71.66831 75.15098 80.86203 80.68213 77.55773 74.9829 71.13736 80.3591 102.3874 120.5652 123.5818 127.1181 141.2036 147.3469 153.5545 160 156.3312 151.6267 150.2376 151.3584 153.8354 158.2321 160.7449 161.3496 161.8439 162.5434 163.3566 164.2016 164.5773 164.3207 163.9259 163.4691 162.9661 162.3236
41.26816 34.83918 28.40923 23.40754 19.82172 19.82081 20.51055 20.98557 20.22175 20.00198 20.88041 19.82069 21.27309 23.82468 22.87453 20 19.6829 19.54046 19.95038 25.71118 33.78753 43.18894 53.42337 66.51117 79.73431 80 75.04047 71.5845 70.02366 70.61614 72.21915 73.25945 68.78422 60.35729 58.36278 56.68627 58.30633 71.8412 87.09266 91.12844 106.8717 135.1519 145.3549 149.943 151.6517 150.6146 147.6168 147.8717 148.9556 151.4792 155.948 160.1124 160.6565 161.1894 161.8135 162.5431 163.4623 163.7625 163.2653 162.6801 161.9724 161.1933 160.1876
42.75068 41.28966 40.16824 35.17832 25.33995 19.86345 24.2212 25.99056 25.09098 24.40992 24.09317 21.62996 20.94773 24.22229 25.43166 23.13065 20 19.61154 19.75834 22.72455 33.26422 45.84123 58.71143 69.70386 80 80 77.62032 73.60429 69.63739 67.28223 65.85993 62.27814 58.48806 55.8266 53.47274 51.61014 52.96679 56.43526 59.65815 71.63887 99.61388 131.9362 143.5381 143.4156 139.8128 137.9121 141.33 145.3284 145.1458 146.2186 149.4431 152.699 156.1255 160.1439 160.7816 161.7176 162.764 163.0114 162.2444 161.3645 160.5413 153.3332 141.4947
45.09447 44.58344 44.2355 42.07376 34.27221 26.24879 27.32265 30.19721 29.97018 28.84769 27.33854 25.44768 25.04962 26.93257 28.42383 26.58691 22.38251 20 19.60377 19.95889 31.74777 46.94836 62.95131 72.81013 80 80 78.9407 73.91447 68.9935 64.20731 59.89338 57.38573 54.83855 52.10921 49.22716 46.58154 46.7417 49.23423 53.40694 60.90251 94.36613 123.2523 131.0561 127.2957 120.8251 128.1137 139.2189 142.3997 140.2535 137.9144 141.6806 143.5331 144.6298 148.8621 159.3739 161.0478 162.2099 162.3247 161.349 160.1532 147.3223 133.3336 115.4261
47.71011 47.64809 47.56247 45.84151 41.44759 34.81594 34.05758 35.13522 34.7093 32.80229 30.53426 29.40846 29.17006 30.52415 31.89561 30.48981 27.22357 21.68 19.81672 19.82113 25.65554 38.03671 54.3381 64.87034 75.06882 80 80 75.00293 68.96185 62.79788 57.94804 54.51574 51.65911 48.7781 45.63064 42.6572 40 43.22054 50.2496 57.36974 77.47121 98.68643 103.3551 98.21691 108.8375 124.9967 129.3927 130.8024 122.9093 116.8586 124.5242 126.125 122.038 135.222 151.8547 160.6463 161.8342 161.608 160.5448 150.9828 128.8892 106.5701 86.57693
50.35838 50.40911 50.34682 50.35847 48.65425 44.18262 43.18786 42.6409 38.96471 35.73598 33.42063 33.47217 33.11204 33.79808 35.83766 36.15116 33.81066 29.18641 23.81348 19.984 19.85456 25.04973 35.26257 42.10859 60.66973 75.90305 80 76.24346 69.44392 62.41156 57.00527 53.35936 49.6314 45.98313 42.67678 40 40 40 46.00216 52.61138 57.98131 63.26194 66.09839 66.45503 93.00927 109.3667 108.3716 109.612 104.2354 94.65721 100.8819 102.1444 103.343 123.6172 148.1946 160.4678 161.4587 161.0973 158.8207 142.9421 117.1717 84.58751 59.95226
52.91479 53.25338 52.94114 54.70573 58.7156 55.52501 55.85267 52.59033 42.04611 37.13596 36.36315 37.56008 37.01085 36.02234 39.14502 45.91209 44.33652 37.69835 32.47989 27.3234 20.7599 19.85649 25.13959 32.85059 38.73859 57.06084 71.5331 74.37664 68.19631 60.76554 55.28321 51.83381 48.95288 45.26422 41.58834 40 40 40 41.57574 48.2443 52.46031 54.96392 55.91824 57.13984 68.08651 80.73169 75.9711 81.32911 83.96 75.13637 76.40268 80.61207 98.81664 125.0023 145.1195 157.0412 160.4799 160.423 153.8934 137.3207 110.5686 77.08459 58.08204
54.98195 56.31195 56.38074 57.83891 60.96874 61.20381 61.11011 54.54403 40.30182 37.86168 39.30214 45.77421 42.31734 37.89174 39.10209 51.53537 60.61468 53.86383 40.46384 34.23246 26.21492 20.82309 22.64791 28.92668 34.28861 38.96607 56.37228 65.62742 64.56233 56.96429 51.77796 48.62066 47.24835 45.60608 42.82119 40 40 40 40 43.43895 47.40135 49.9978 51.3616 53.47956 55.22387 56.46182 55.93969 57.40581 59.56808 58.75816 59.04473 72.09469 100.1822 123.0186 135.2233 142.8917 147.8258 149.2969 142.4147 127.3956 105.2594 77.69565 57.59725
56.08228 58.46075 60.33447 60.5868 61.98644 63.01011 61.80232 56.99761 40.69011 39.93392 50.39266 60.10429 55.81383 40.09388 38.57728 41.6389 57.41122 62.8619 60.54103 48.07507 38.03958 34.32601 32.34002 31.60075 32.55138 35.96643 39.37524 51.87874 54.75934 48.56614 46.16716 43.86829 43.56966 42.99321 41.84496 40.3571 40 40 40 40 42.59428 45.74831 46.88488 48.9439 48.11671 48.25092 48.09866 48.86393 51.4708 52.40919 55.08837 61.93218 84.93746 106.3368 118.6112 116.3083 111.4648 105.6101 98.61734 88.097 80.11657 62.89079 55.84056
56.60781 58.90213 61.14945 62.37228 63.35098 64.00186 62.66859 60.48134 47.19922 49.69371 60.24243 63.53603 62.87224 56.85346 48.93014 49.90221 55.32286 58.8233 66.2552 64.34344 61.48875 54.80838 45.36932 36.94736 34.61951 34.53791 36.77551 38.45071 39.07233 40 40 40 40 40 40 40 40 40 40 40 40 40.99098 42.16515 45.02815 43.08001 41.51165 41.70365 40.37371 44.88378 46.80546 51.81637 56.80928 62.8292 78.44408 81.19576 67.66443 59.63289 59.31961 59.03432 58.59369 57.74843 56.13708 52.87766
57.52055 59.80262 61.65525 63.44319 64.78855 64.97877 63.73641 61.75763 56.45652 55.38921 62.06606 66.12462 67.00595 65.86228 64.311 64.05331 65.10968 69.67362 72.99528 72.64645 72.99651 72.05954 65.38864 48.3128 38.09728 36.27845 35.63421 36.18983 36.82312 37.16737 37.5074 37.68193 40 40 40 40 41.38855 40 40 40 40 40 40.22186 43.71723 44.23077 40 40 40 40 44.92697 49.63335 53.50733 56.41757 57.96532 58.31175 58.00368 58.26025 58.87542 59.00422 58.76845 58.50132 57.73837 54.43214
57.95842 59.97384 61.95801 63.87525 65.56501 65.97644 65.06598 63.60477 61.55705 59.91523 63.97805 68.24418 70.92495 72.84085 75.32199 74.50703 72.8759 77.70782 81.06417 80.3102 80.69461 82.21964 80.51347 67.8638 51.27526 39.19202 37.59975 36.52662 36.28592 37.32574 38.05999 37.91321 38.13715 39.63583 45.24648 44.72824 40 40 40 43.33135 46.75599 47.64481 47.0462 47.8016 46.69176 43.2862 42.73368 44.78898 48.36529 50.32254 52.71057 54.44604 56.07449 57.31161 58.47523 59.49051 69.28408 84.62107 94.18799 91.77251 87.39998 79.75842 59.14175
57.94281 59.7365 61.78949 63.8954 65.90839 66.9187 66.60469 65.89772 65.14813 65.06847 67.1129 70.62626 74.71806 77.41061 81.49436 81.43334 80.43521 81.00328 83.65816 83.51969 84.025 86.13788 85.21176 82.77953 76.2243 58.19395 39.99924 38.44495 38.11551 39.01271 40.15865 39.48885 38.91486 44.63545 62.38254 65.28555 52.2564 42.97273 40 40 50.48523 55.29927 53.80492 53.69501 52.65953 51.50014 51.47024 54.30027 57.282 59.20799 59.18523 59.36598 62.02486 70.58801 81.97005 97.79041 118.2604 131.4199 138.6465 136.394 127.2145 110.4647 80.31775
58.32645 59.963 62.07354 64.21772 66.34889 67.81782 68.30874 68.29408 68.62389 69.76926 71.72427 73.2522 76.87535 80.97673 83.37554 84.6035 84.19064 84.80154 86.27159 86.98944 87.49819 89.3747 90.01961 90.26524 88.5258 82.67703 65.6839 48.76994 43.56249 48.62792 52.49942 46.05332 44.65931 58.49294 80.35155 85.00021 72.49518 56.60916 49.58302 50.41344 64.95118 70.69948 63.21126 59.97068 59.80986 61.20748 61.63971 72.11838 85.08405 91.78396 89.68793 87.0784 94.93069 109.8952 125.5115 140.5092 152.2942 161.0802 162.7496 158.4866 147.4979 131.0134 102.4667
58.54898 60.41896 62.63179 64.81528 66.87649 68.55603 69.76431 70.54245 71.58862 73.55647 76.52174 77.27355 78.59622 82.07827 85.25308 87.37018 87.85799 88.68123 89.78705 90.48448 90.8774 92.31251 94.3619 97.60728 100.0617 95.70103 87.38186 76.84342 68.28502 69.58932 62.8237 54.29162 64.93806 83.71255 96.25719 100.7181 92.97908 72.28879 56.1567 56.91486 80.52296 96.71597 100.3258 101.5459 101.0552 101.0962 95.64604 104.7054 119.9233 123.5682 116.6497 111.4652 117.1089 131.3353 147.0459 160.923 168.4578 173.5313 172.3216 167.4512 161.0765 146.0311 120.4473
58.81261 60.83091 63.04848 64.88885 66.64666 68.6419 70.59159 72.37652 74.01176 76.40596 79.81652 81.16242 81.68626 83.91812 86.91147 89.71038 91.35975 92.44215 93.57385 94.11047 94.4109 95.21467 96.82976 100.9088 102.7743 101.7404 100.3688 94.73446 89.12157 84.74603 69.53011 59.9885 78.8266 101.6146 107.3951 110.493 103.2361 82.15105 59.29853 64.17822 94.35895 120.4697 132.9153 140.2001 141.745 138.7958 129.5706 134.6781 148.1633 148.6444 139.0763 133.0289 135.3241 145.8269 158.039 168.9633 178.0511 184.4017 181.5217 176.7467 170.0404 159.1339 137.9164
58.59129 60.4697 62.23733 63.55653 65.57492 68.02132 70.65193 73.30504 75.7618 78.46072 81.42234 83.66758 84.58849 86.33031 88.95893 91.90862 94.58975 95.95522 97.5347 97.76534 98.07903 98.43576 100.4951 102.4799 104.6422 104.3641 103.1813 101.9521 100.6752 87.82078 74.97691 73.06937 77.00511 100.421 112.6909 120.2297 110.9619 88.39588 66.92849 82.18365 113.1643 137.6667 150.7066 160.6264 163.3775 162.6554 157.2539 159.2955 164.4073 162.3944 153.0646 152.2972 153.8353 157.3975 168.6976 178.2002 186.8611 192.6651 192.418 188.976 182.1893 171.9387 157.8383
57.62898 59.10415 59.9952 61.83314 64.56412 67.50718 70.48756 73.48367 76.50028 79.457 82.44296 85.23446 87.22278 88.85757 90.97882 93.7308 96.92944 99.63308 100.8724 101.304 101.6173 102.044 103.6737 105.3982 106.9073 107.0286 105.6154 103.4874 100.05 86.22545 87.78236 91.08325 79.76588 91.77424 112.308 121.7704 115.0702 91.8725 75.17097 97.4631 126.7102 145.9491 158.1959 165.2106 169.9012 172.6941 174.0519 174.2852 173.0368 168.5354 164.0879 166.3165 169.2689 170.1267 180.2149 189.9684 196.9966 205.0565 207.989 205.6953 198.7317 189.7409 177.4527
56.70164 57.90295 58.86191 61.09829 64.18701 67.28043 70.36973 73.43763 76.50295 79.56306 82.71001 85.81026 88.69708 91.16681 93.26761 95.16 97.78559 101.0037 103.3099 104.4171 104.9687 105.6238 106.9546 108.5962 109.5909 108.8796 106.4618 103.5837 97.94198 95.55151 105.025 111.0156 98.3804 91.87724 104.9875 120.5109 118.0026 100.9176 88.49823 97.56047 124.1959 145.8943 160.2811 166.842 173.3209 179.7791 183.4624 183.9429 180.9938 175.6187 173.7336 176.6599 183.0103 183.6482 193.5014 205.6007 215.8707 224.7821 231.8379 232.696 223.1367 209.3978 193.9741
57.39897 59.10844 60.32188 61.79815 64.53655 67.51092 70.52753 73.49235 76.48203 79.49797 82.85059 86.17616 89.42216 92.55821 95.53555 97.84402 99.1411 101.1507 104.1926 106.7956 108.1559 109.0636 110.3349 111.9721 112.4297 110.4786 107.2672 103.4319 97.16647 101.9975 118.0575 120.9749 112.744 98.78392 98.75883 115.42 121.9386 117.3928 110.7187 102.0485 115.0816 137.3912 153.8311 164.2499 172.3936 181.0862 186.9918 189.5861 188.0123 185.2152 185.2318 189.4101 196.9429 199.6676 208.937 226.562 241.6859 250.5824 260.9816 265.0803 251.225 228.6716 209.1872
57.99759 60.13937 62.5653 64.01163 65.92936 68.43851 71.15269 74.01134 76.97877 79.93471 83.46302 86.91021 90.29165 93.56472 96.72852 99.8551 102.0316 103.4101 105.7359 108.5126 110.8705 112.3813 113.5457 115.4475 115.4425 113.2038 109.7692 106.7906 104.577 106.353 120.0452 122.703 121.1495 110.1904 98.33389 112.7344 123.4786 125.619 124.4676 118.5407 115.1052 131.2384 148.2642 160.0915 170.2939 180.6176 188.5144 194.7065 196.7901 196.488 198.8862 205.84 215.916 220.4042 229.2066 251.3205 272.7797 283.8288 294.1394 295.5267 274.3077 245.6928 219.5872
58.33196 59.85596 62.73146 65.52286 67.79003 70.03135 72.35193 74.77141 77.34545 80.28673 84.18758 87.8911 91.39548 94.78759 98.12621 101.1917 103.9108 105.9616 107.8113 110.2349 112.9992 115.4484 116.7474 118.5491 119.4333 117.3167 113.5278 112.7967 115.452 113.9408 118.2942 122.8931 123.1516 119.7755 102.0241 114.177 124.4845 130.482 131.8475 127.1582 124.5069 138.3612 154.5718 165.0398 172.5928 181.4768 190.5337 199.3292 207.0726 210.158 216.1134 227.2045 240.7301 247.4708 252.2153 278.7733 308.7012 321.8604 323.9208 314.3823 287.6355 256.2962 227.1026
60.33287 61.55153 63.64896 66.38527 69.15533 71.73217 74.08685 76.38416 78.73434 81.58429 85.25729 89.04962 92.78824 96.27493 99.56529 102.6745 105.5465 108.0733 110.1248 112.028 114.3881 117.3909 120.1903 120.9201 122.1823 120.8613 117.07 117.5328 121.6059 119.416 121.2582 124.3449 124.993 121.4691 112.438 119.2737 126.5111 133.1973 139.7602 133.9468 132.0566 142.3819 159.0067 171.8642 181.0685 186.5553 193.7268 203.32 214.7438 224.4636 234.5516 250.4587 271.5336 283.2971 281.2925 304.0404 342.4427 358.8615 345.3828 319.9395 288.2539 257.8159 228.3112
61.79507 63.81456 65.48082 67.77427 70.41454 73.15796 75.82512 78.17049 80.59159 84.01813 87.45444 90.93064 94.40646 98.07033 101.5035 104.3436 107.2589 109.9951 112.4245 114.4111 115.8466 118.3087 120.8732 123.1351 124.1851 122.8138 120.6079 119.7387 123.6634 123.5274 124.7207 127.3983 125.983 121.3162 115.6996 124.3384 131.3497 136.6166 141.9855 137.4811 134.8118 141.6633 157.7305 174.7443 187.4344 194.6584 199.3147 210.9749 224.4166 238.4572 254.0421 274.9888 304.636 323.8908 318.0327 331.5613 366.1566 382.6974 359.7895 320.3186 282.7643 252.4589 223.982
