py_wake/examples/data/AJ_ParqueFicticio/Rough survey   Sector 6   Height 200m   Mean speed.grd
DSAA
73  159
 258469   265669
 6501692   6517492
 5.412497   10.03148
[rows 84 to 111 of 159, columns 0 to 62 of 73]
7.158326 7.132133 7.113531 7.093555 7.074295 7.048428 7.030238 7.006371 6.98373 6.961177 6.934926 6.895226 6.8502 6.820811 6.795278 6.762114 6.727206 6.702881 6.702544 6.720749 6.748017 6.769948 6.795751 6.825444 6.856912 6.863033 6.844171 6.830985 6.832693 6.859266 6.890505 6.924462 6.939316 6.921267 6.90855 6.906948 6.900005 6.913412 6.920588 6.89997 6.8748 6.828833 6.77278 6.71748 6.711301 6.717132 6.709976 6.719248 6.767877 6.861833 6.992583 7.091777 7.158196 7.188233 7.193651 7.186028 7.186275 7.213598 7.245574 7.258474 7.277862 7.299155 7.33322
7.143385 7.12571 7.104881 7.08618 7.065787 7.043986 7.025028 7.002544 6.977685 6.956671 6.919835 6.880984 6.839499 6.797657 6.773036 6.741481 6.708889 6.674013 6.642714 6.632559 6.648765 6.664294 6.697849 6.744534 6.805148 6.839655 6.834208 6.809783 6.77773 6.770249 6.769739 6.809084 6.859118 6.870164 6.870714 6.875856 6.890281 6.936514 6.960584 6.958225 6.932655 6.878032 6.821982 6.763313 6.725432 6.725282 6.69753 6.66106 6.64612 6.69748 6.829118 6.978579 7.102264 7.177204 7.212306 7.235208 7.279241 7.305218 7.313406 7.316877 7.319895 7.317011 7.33909
7.113791 7.104804 7.094586 7.078984 7.055663 7.035505 7.014232 6.994862 6.97932 6.950621 6.915985 6.882225 6.841944 6.797202 6.757123 6.727008 6.701418 6.665058 6.617263 6.585025 6.562713 6.561678 6.573497 6.602615 6.664586 6.736583 6.765051 6.755923 6.697894 6.660266 6.649237 6.676297 6.745188 6.801627 6.839546 6.864433 6.883473 6.928884 6.95876 6.984595 6.977787 6.933593 6.884213 6.840528 6.809617 6.798197 6.766393 6.711968 6.661566 6.641942 6.697193 6.839329 7.003243 7.109421 7.198661 7.269714 7.338261 7.373132 7.392423 7.387585 7.383093 7.369945 7.370769
7.102882 7.092857 7.085133 7.065296 7.041612 7.01969 7.002835 6.986227 6.971539 6.945492 6.916372 6.883668 6.850015 6.795828 6.739909 6.707572 6.682441 6.647305 6.616894 6.573777 6.533848 6.504178 6.479589 6.479589 6.521115 6.608681 6.672022 6.699524 6.654626 6.593604 6.581238 6.5995 6.675687 6.762362 6.840137 6.876836 6.901347 6.93114 6.96419 6.997074 6.993176 6.969732 6.935955 6.905576 6.876488 6.850061 6.823914 6.786968 6.712333 6.64657 6.63179 6.714258 6.852401 7.013081 7.13413 7.240869 7.31797 7.380445 7.410706 7.429461 7.433488 7.434196 7.431164
7.115519 7.094419 7.080428 7.057615 7.032837 7.007825 6.985711 6.968854 6.950791 6.939885 6.918049 6.88719 6.852372 6.807172 6.747265 6.690751 6.655085 6.624991 6.600616 6.56608 6.537512 6.51088 6.480708 6.449481 6.458104 6.535068 6.636992 6.702081 6.687097 6.623368 6.578364 6.599911 6.64975 6.728745 6.805474 6.862496 6.936595 6.980327 7.005804 7.023105 7.020833 7.010098 6.968375 6.915745 6.875947 6.839112 6.799933 6.779609 6.720182 6.645668 6.581909 6.578022 6.657377 6.800184 6.967842 7.107773 7.207683 7.288702 7.357994 7.401464 7.437121 7.451974 7.498807
7.13689 7.110428 7.081163 7.059631 7.03765 7.012771 6.979781 6.943802 6.92299 6.911048 6.905661 6.890906 6.861196 6.818675 6.766852 6.695556 6.636298 6.602886 6.581042 6.565313 6.564819 6.561774 6.551795 6.539694 6.524765 6.562591 6.658854 6.753389 6.766486 6.707784 6.647802 6.630011 6.657927 6.707469 6.76334 6.835743 6.92809 7.006253 7.056872 7.077447 7.079314 7.057281 7.001745 6.935937 6.871839 6.841654 6.7895 6.758346 6.709497 6.649692 6.573411 6.508589 6.463004 6.555164 6.71544 6.875241 7.009979 7.129335 7.22201 7.301296 7.366306 7.422284 7.514447
7.169454 7.131402 7.097844 7.066732 7.048657 7.019749 6.98996 6.952971 6.91688 6.89015 6.883619 6.882919 6.861039 6.835923 6.79213 6.728264 6.650949 6.597592 6.560569 6.563456 6.591976 6.632554 6.6609 6.673731 6.674804 6.661551 6.725134 6.815925 6.848441 6.797598 6.729995 6.691225 6.708949 6.737151 6.770547 6.835042 6.903546 7.016281 7.103714 7.147903 7.145097 7.109338 7.062226 7.003329 6.986244 6.950842 6.930435 6.884871 6.834042 6.783071 6.72306 6.639419 6.541965 6.481058 6.528158 6.658423 6.813472 6.929361 7.032599 7.145399 7.2453 7.355864 7.493846
7.19249 7.156166 7.12436 7.092756 7.067747 7.041979 7.014551 6.978482 6.936038 6.902094 6.87894 6.874094 6.865661 6.853097 6.829476 6.777986 6.707775 6.643407 6.590267 6.561462 6.60917 6.695241 6.766723 6.814294 6.804574 6.794002 6.824247 6.896261 6.927929 6.880084 6.826771 6.789823 6.789473 6.807004 6.845079 6.882021 6.906461 7.005001 7.131171 7.211044 7.22711 7.196224 7.145133 7.134201 7.140544 7.125931 7.097766 7.099263 7.066853 7.034283 7.012415 6.925657 6.825387 6.715678 6.624993 6.634879 6.738639 6.844536 6.93091 7.032233 7.12613 7.27421 7.453893
7.230309 7.187314 7.153976 7.121037 7.091322 7.070506 7.045655 7.012751 6.977193 6.93482 6.893344 6.875026 6.867881 6.870651 6.869101 6.844154 6.799865 6.746687 6.682582 6.615515 6.626008 6.731355 6.839472 6.898355 6.911366 6.893312 6.925657 6.984005 6.997473 6.955832 6.9092 6.881365 6.874667 6.86321 6.89204 6.934056 6.937366 6.999478 7.133553 7.246603 7.298839 7.278571 7.255666 7.270139 7.279943 7.292004 7.282094 7.26173 7.259459 7.276886 7.285881 7.25572 7.204216 7.112117 7.002127 6.954809 6.950404 7.001404 7.032788 7.054264 7.076597 7.202181 7.408923
7.256648 7.223883 7.18516 7.150076 7.122155 7.101334 7.08285 7.053301 7.018808 6.981558 6.934834 6.894725 6.87888 6.882857 6.89485 6.907059 6.911306 6.888837 6.841381 6.751328 6.677266 6.727745 6.852626 6.951752 6.982155 6.973815 7.002447 7.062347 7.068884 7.017724 6.959712 6.925573 6.910082 6.915175 6.943796 6.977761 6.980104 7.008623 7.129676 7.265709 7.352614 7.370469 7.384542 7.39841 7.415998 7.415294 7.399404 7.368291 7.367088 7.385013 7.40971 7.425206 7.426666 7.413989 7.360991 7.308596 7.280561 7.265002 7.214292 7.143138 7.07908 7.133959 7.338893
7.284115 7.256804 7.218777 7.18508 7.151207 7.134564 7.121902 7.099387 7.068485 7.036145 6.994468 6.942245 6.907381 6.896216 6.907076 6.94622 6.999654 7.039828 7.025402 6.93433 6.791951 6.750304 6.850572 6.968189 7.028573 7.027745 7.055894 7.111808 7.107409 7.05764 6.988577 6.926483 6.90314 6.937664 6.985554 7.026884 7.022864 7.051151 7.15587 7.280332 7.382535 7.425173 7.441343 7.465268 7.481938 7.483553 7.456169 7.429476 7.417195 7.411288 7.399584 7.398985 7.443202 7.489245 7.495302 7.48958 7.463041 7.432545 7.366661 7.257305 7.128432 7.086793 7.242885
7.298493 7.283664 7.255888 7.225955 7.193625 7.166264 7.160337 7.149467 7.129937 7.098756 7.063074 7.020551 6.974672 6.937884 6.929621 6.958898 7.029903 7.126892 7.171745 7.119825 6.954867 6.838909 6.872421 6.975225 7.048157 7.057835 7.068913 7.100252 7.095081 7.055317 6.978302 6.899996 6.870617 6.934863 6.992976 7.061739 7.067434 7.089694 7.179418 7.293859 7.362609 7.400373 7.43654 7.473053 7.491497 7.504641 7.486095 7.466511 7.42662 7.374484 7.331708 7.303385 7.322451 7.369771 7.425459 7.456815 7.473226 7.478005 7.459167 7.378971 7.215939 7.079141 7.134583
7.315006 7.304454 7.291844 7.268433 7.248159 7.220835 7.199329 7.196399 7.192658 7.17368 7.147153 7.122543 7.082276 7.036737 6.99625 6.988409 7.034364 7.148937 7.24409 7.242758 7.106724 6.964952 6.939277 6.999773 7.061536 7.055588 7.02295 7.01957 7.003009 6.954788 6.89221 6.831919 6.812983 6.926965 7.033064 7.104666 7.137189 7.152017 7.206854 7.30927 7.347934 7.358261 7.382119 7.410887 7.437727 7.464437 7.467374 7.4262 7.365067 7.29643 7.227325 7.163767 7.119652 7.113513 7.179297 7.234207 7.298219 7.357226 7.42503 7.415258 7.290722 7.123441 7.057232
7.341788 7.332568 7.31813 7.310485 7.304565 7.293597 7.263378 7.244367 7.253717 7.251312 7.23729 7.23012 7.219911 7.194265 7.140882 7.083382 7.074242 7.151651 7.259114 7.291325 7.210559 7.077537 7.028124 7.057105 7.079646 7.037395 6.999603 6.961097 6.919329 6.86619 6.828406 6.801786 6.7989 6.913446 7.03377 7.125449 7.21494 7.223365 7.227128 7.278434 7.298734 7.304919 7.301745 7.313262 7.321339 7.326608 7.312033 7.277532 7.227007 7.147137 7.067291 6.9939 6.915655 6.830329 6.836072 6.904428 6.994566 7.083865 7.192194 7.278959 7.269792 7.154213 7.039614
7.39367 7.374037 7.360806 7.348776 7.345771 7.361644 7.351377 7.320281 7.323552 7.334308 7.338203 7.35095 7.371967 7.387171 7.362504 7.285751 7.213668 7.20753 7.281981 7.338647 7.291078 7.181606 7.114494 7.125169 7.129268 7.091082 7.040443 7.007587 6.985747 6.944963 6.904178 6.866812 6.867262 6.899603 6.976405 7.044803 7.120712 7.173418 7.186771 7.223418 7.23203 7.231331 7.216444 7.196533 7.191314 7.181822 7.144355 7.112977 7.074379 7.000539 6.944217 6.880846 6.804347 6.744908 6.736671 6.761689 6.805264 6.875743 6.971566 7.076114 7.134209 7.122237 7.050416
7.468417 7.447344 7.431638 7.413233 7.395256 7.428644 7.452628 7.438337 7.422421 7.440208 7.457904 7.481719 7.521257 7.57897 7.603011 7.554802 7.447584 7.375793 7.396304 7.427486 7.393106 7.303545 7.247388 7.225756 7.205557 7.179086 7.134254 7.143232 7.150586 7.100778 7.039917 6.966366 6.96104 6.914587 6.917982 6.941021 6.976307 7.019774 7.0636 7.125488 7.160374 7.152991 7.118262 7.091495 7.083115 7.104419 7.1031 7.054599 7.000608 6.935408 6.875682 6.851134 6.843846 6.867685 6.879361 6.909378 6.930717 6.945816 6.968772 7.01792 7.085999 7.116879 7.117841
7.553192 7.551588 7.539646 7.518107 7.488328 7.502277 7.563697 7.585856 7.567344 7.587984 7.604696 7.629943 7.672277 7.73278 7.800215 7.807418 7.729825 7.6413 7.59813 7.594194 7.55019 7.453929 7.385006 7.340992 7.320731 7.297709 7.263899 7.275458 7.292656 7.245702 7.161778 7.078038 7.045457 6.984386 6.934445 6.886845 6.870347 6.890987 6.93433 7.001538 7.057999 7.059 7.019132 6.986515 6.969301 7.020123 7.083079 7.107419 7.098888 7.056487 6.999104 6.943488 6.92988 7.00758 7.060295 7.102742 7.120316 7.128873 7.126295 7.130551 7.145016 7.151591 7.179508
7.628175 7.665776 7.67477 7.652153 7.620822 7.604968 7.673998 7.745477 7.755112 7.771766 7.787916 7.799235 7.834684 7.888034 7.946227 7.992941 7.975855 7.92627 7.865427 7.821662 7.746439 7.635442 7.539986 7.491986 7.492409 7.488806 7.456444 7.429099 7.404311 7.341684 7.248546 7.173207 7.121561 7.047541 7.007247 6.940333 6.890477 6.890741 6.885306 6.910886 6.962427 6.974364 6.962017 6.933315 6.950596 7.009769 7.162876 7.271045 7.317494 7.293333 7.211779 7.119466 7.110678 7.154075 7.207231 7.242893 7.250574 7.242393 7.203886 7.164795 7.117973 7.118177 7.177035
7.685457 7.760638 7.804597 7.806377 7.778504 7.740486 7.781562 7.882514 7.929986 7.962042 7.994632 7.991828 8.002195 8.025446 8.076221 8.146498 8.171292 8.165755 8.137902 8.09058 7.990332 7.864218 7.778203 7.743063 7.733986 7.709496 7.647021 7.561286 7.474709 7.39211 7.30118 7.240193 7.190415 7.119738 7.061738 7.017029 6.967402 6.940883 6.933216 6.919949 6.941602 6.962565 6.995523 7.001773 7.016898 7.130935 7.2885 7.461827 7.585985 7.581283 7.496278 7.385046 7.313238 7.292405 7.302413 7.303451 7.286334 7.244051 7.180262 7.10322 7.035517 7.028027 7.131466
7.702049 7.816052 7.902724 7.946908 7.941641 7.883958 7.873041 7.960457 8.049008 8.108089 8.156655 8.161617 8.141063 8.153725 8.205601 8.28238 8.335449 8.370682 8.395619 8.372048 8.29309 8.202187 8.12845 8.084133 8.047699 7.979651 7.861643 7.69462 7.543216 7.420615 7.320801 7.284975 7.246341 7.188772 7.131558 7.09287 7.055361 7.019806 7.003173 7.023604 7.02249 7.015384 7.038006 7.050907 7.114629 7.195834 7.358698 7.554245 7.738792 7.838511 7.794943 7.66719 7.532139 7.433215 7.375255 7.322995 7.288905 7.240283 7.162994 7.067271 6.956697 6.906003 7.001496
7.6408 7.789979 7.936122 8.042266 8.067543 8.014797 7.964532 8.000549 8.079119 8.159533 8.214276 8.237768 8.229349 8.229496 8.279097 8.370858 8.471479 8.546295 8.618531 8.647279 8.621978 8.621852 8.601273 8.526772 8.408217 8.299963 8.120339 7.909886 7.712725 7.548084 7.42179 7.391943 7.360278 7.315362 7.272281 7.240099 7.210501 7.146446 7.08421 7.102234 7.103824 7.092539 7.064127 7.037221 7.117158 7.18504 7.318949 7.556221 7.810489 8.003649 8.068341 7.982779 7.837049 7.672619 7.556929 7.463953 7.403731 7.341311 7.26281 7.137301 6.967138 6.822397 6.861017
7.561973 7.682017 7.862158 8.027139 8.122193 8.108319 8.054429 8.046787 8.092486 8.151511 8.196531 8.233041 8.237038 8.238619 8.268266 8.39852 8.584194 8.729745 8.843472 8.92823 8.995718 9.025826 9.01497 8.966375 8.826756 8.628235 8.450915 8.233921 8.014565 7.817532 7.700424 7.62358 7.551919 7.504963 7.47298 7.441072 7.384579 7.305804 7.216546 7.171914 7.16373 7.129241 7.066794 7.05448 7.147262 7.239758 7.324205 7.515394 7.809426 8.090144 8.275293 8.30845 8.216366 8.061893 7.922858 7.79608 7.673033 7.555396 7.442537 7.286376 7.078242 6.852711 6.816021
7.602575 7.627816 7.747166 7.933417 8.099083 8.166167 8.138436 8.101152 8.099626 8.144255 8.184978 8.196539 8.193928 8.193758 8.216378 8.313519 8.531219 8.762027 8.920447 9.045211 9.123366 9.172338 9.199839 9.214477 9.173949 9.018906 8.832579 8.637386 8.416201 8.231842 8.072846 7.927883 7.802904 7.708033 7.645288 7.600676 7.564574 7.480534 7.363883 7.258164 7.226603 7.19278 7.126912 7.160149 7.267274 7.378466 7.438818 7.529846 7.775166 8.085561 8.351615 8.526929 8.546234 8.461675 8.31916 8.15588 7.971498 7.785073 7.610634 7.432811 7.218768 6.984299 6.890015
7.800353 7.728843 7.766471 7.888649 8.055718 8.200123 8.238019 8.191372 8.154255 8.172232 8.190529 8.178844 8.141547 8.103882 8.081586 8.118597 8.281028 8.530824 8.767754 8.945108 9.057741 9.127459 9.198837 9.283622 9.362595 9.361629 9.265347 9.09891 8.902679 8.69591 8.48372 8.28293 8.096527 7.959398 7.861314 7.795466 7.748509 7.695176 7.56926 7.417615 7.348675 7.308452 7.257324 7.342435 7.443025 7.553929 7.630107 7.674324 7.817207 8.072364 8.324151 8.554984 8.655824 8.628033 8.531366 8.381815 8.180449 7.965018 7.76309 7.560689 7.327193 7.114218 7.030517
8.0922 7.988419 7.953476 7.992453 8.090294 8.223626 8.311242 8.297351 8.232996 8.201466 8.197289 8.169511 8.104722 8.018223 7.922947 7.869885 7.940306 8.123466 8.391221 8.649003 8.844521 8.975998 9.099714 9.255372 9.399103 9.501258 9.522944 9.459356 9.325531 9.134515 8.925347 8.690396 8.464979 8.269914 8.135533 8.028205 7.975918 7.933829 7.825341 7.661607 7.566319 7.490849 7.493834 7.530878 7.597042 7.700141 7.785531 7.843264 7.938702 8.120657 8.308889 8.481204 8.553591 8.55878 8.494235 8.38733 8.240723 8.05214 7.857124 7.655202 7.419879 7.208078 7.138853
8.493097 8.396439 8.294002 8.229063 8.211028 8.268661 8.339429 8.359823 8.306575 8.239402 8.20209 8.161071 8.084245 7.924493 7.787991 7.686214 7.636568 7.712648 7.938027 8.225609 8.512037 8.722832 8.882047 9.07419 9.284665 9.453762 9.59244 9.654248 9.623379 9.497446 9.310617 9.0564 8.791848 8.548304 8.357574 8.230117 8.186244 8.167488 8.093633 7.978051 7.839588 7.763439 7.742486 7.715148 7.700922 7.750506 7.818693 7.896771 8.021087 8.200727 8.348461 8.438118 8.471211 8.444739 8.370338 8.282406 8.173258 8.026238 7.853942 7.667724 7.461002 7.26233 7.184516
8.845255 8.777302 8.641903 8.52437 8.418883 8.36442 8.376408 8.393963 8.358795 8.281826 8.222103 8.171648 8.084675 7.920093 7.751909 7.604929 7.495115 7.431466 7.52329 7.777405 8.115687 8.39801 8.598317 8.809236 9.047491 9.259542 9.469608 9.647069 9.732952 9.717541 9.580958 9.334867 9.051697 8.781662 8.564489 8.418062 8.358635 8.360285 8.337081 8.267039 8.141089 8.031754 7.952407 7.859621 7.764128 7.703327 7.711175 7.774339 7.911042 8.13021 8.319484 8.407662 8.423526 8.377551 8.292333 8.189481 8.082546 7.950664 7.786717 7.588052 7.393499 7.220403 7.148332
9.139775 9.07382 8.934467 8.797615 8.659221 8.520266 8.479404 8.457953 8.427089 8.373003 8.307102 8.263673 8.17004 8.020089 7.866322 7.702041 7.529386 7.402714 7.334037 7.420804 7.720675 8.049377 8.313445 8.556894 8.820632 9.044736 9.269635 9.467739 9.656913 9.755265 9.752266 9.606594 9.378651 9.122412 8.889256 8.68258 8.552854 8.533153 8.531012 8.499372 8.409981 8.281588 8.145721 7.993881 7.830511 7.686952 7.609906 7.595613 7.703711 7.934105 8.136802 8.26934 8.312261 8.300073 8.235637 8.149313 8.056527 7.927917 7.761246 7.543743 7.310016 7.13059 7.056389
