py_wake/examples/data/AJ_ParqueFicticio/Rough survey   Sector 2   Height 200m   Weibull-A.grd
DSAA
73  159
 258469   265669
 6501692   6517492
 4.032906   8.277595
[rows 56 to 83 of 159, columns 0 to 62 of 73]
5.341449 5.353847 5.366711 5.381706 5.390118 5.39354 5.386575 5.380036 5.373736 5.371395 5.369161 5.367567 5.35986 5.349566 5.341924 5.339224 5.343944 5.35143 5.35514 5.355696 5.353019 5.345785 5.355026 5.372292 5.386163 5.391438 5.401106 5.421101 5.46979 5.566263 5.690803 5.787567 5.839405 5.914237 5.994836 6.067192 6.141411 6.209322 6.269643 6.316651 6.373331 6.41046 6.428833 6.406479 6.403103 6.412964 6.419794 6.384371 6.350152 6.311662 6.285765 6.245217 6.126022 5.950165 5.79199 5.742139 5.758086 5.743719 5.642153 5.512798 5.413111 5.342991 5.295681
5.336353 5.339772 5.355824 5.378164 5.38872 5.38841 5.380067 5.369462 5.362264 5.361051 5.360017 5.359368 5.356605 5.348633 5.345876 5.343585 5.345633 5.350685 5.357376 5.359756 5.370514 5.370293 5.372986 5.386317 5.399479 5.409289 5.423229 5.45618 5.544255 5.66233 5.785035 5.869941 5.920228 5.99073 6.071137 6.134194 6.192038 6.249207 6.309803 6.357135 6.401204 6.417017 6.389606 6.358466 6.367185 6.374809 6.348313 6.286062 6.250294 6.224268 6.202431 6.147981 6.031673 5.871974 5.750728 5.737912 5.753344 5.7226 5.593783 5.458077 5.355616 5.291166 5.261156
5.312005 5.314913 5.339809 5.36566 5.378194 5.370667 5.361358 5.349931 5.344594 5.34434 5.34601 5.346857 5.343936 5.337442 5.343507 5.347405 5.346827 5.348876 5.353847 5.36114 5.378242 5.390195 5.394385 5.40306 5.41134 5.422917 5.445218 5.494716 5.589132 5.703606 5.811208 5.879382 5.928504 5.986629 6.06274 6.127866 6.183118 6.233642 6.269871 6.314175 6.354449 6.345211 6.298429 6.282455 6.285695 6.289327 6.247822 6.17941 6.145967 6.134825 6.108211 6.036378 5.933464 5.80113 5.712508 5.720087 5.718009 5.679875 5.561209 5.438443 5.336731 5.27289 5.258312
5.305804 5.32266 5.346559 5.362524 5.364599 5.35684 5.342273 5.329778 5.325258 5.326623 5.330216 5.333622 5.334394 5.327355 5.332712 5.342076 5.348673 5.351139 5.355583 5.363462 5.380565 5.400074 5.412787 5.416585 5.426613 5.440579 5.461804 5.5179 5.595374 5.689804 5.776318 5.830358 5.873373 5.934024 6.008931 6.087244 6.154028 6.200198 6.226929 6.239412 6.253298 6.243825 6.214844 6.206646 6.205052 6.201889 6.159595 6.092011 6.058978 6.045131 6.007235 5.93173 5.839472 5.734713 5.679065 5.681944 5.665625 5.633235 5.526746 5.41492 5.319129 5.25145 5.248541
5.331658 5.350375 5.370796 5.375648 5.364439 5.34581 5.326328 5.309538 5.308854 5.313034 5.316162 5.318928 5.319232 5.31462 5.323696 5.336406 5.346378 5.352797 5.361745 5.375031 5.385534 5.396328 5.410241 5.425838 5.438529 5.456264 5.489385 5.552183 5.629892 5.702424 5.772903 5.813486 5.848161 5.904301 5.980608 6.055343 6.109406 6.152221 6.159949 6.164578 6.157422 6.136743 6.130222 6.141172 6.140678 6.132917 6.093971 6.04696 6.000802 5.964453 5.908784 5.837543 5.767158 5.691221 5.645542 5.64314 5.630479 5.598854 5.480737 5.364683 5.27759 5.221841 5.212315
5.359727 5.373977 5.382927 5.372663 5.348933 5.327348 5.305718 5.294653 5.299388 5.306928 5.311431 5.31228 5.313634 5.315996 5.323568 5.334192 5.346497 5.353692 5.36431 5.38237 5.397884 5.409527 5.417339 5.430801 5.445597 5.472506 5.528213 5.60624 5.693581 5.776499 5.828536 5.855704 5.880711 5.935711 5.980098 6.025924 6.071007 6.093091 6.096709 6.086779 6.071342 6.058783 6.068615 6.075505 6.076699 6.067811 6.034483 6.006842 5.971294 5.903497 5.820429 5.754266 5.714898 5.679204 5.617879 5.606306 5.594254 5.540422 5.420195 5.301477 5.214605 5.164563 5.130815
5.372107 5.388786 5.381835 5.366824 5.342968 5.318278 5.302964 5.295483 5.300951 5.309001 5.312106 5.312925 5.317143 5.321299 5.323818 5.329762 5.338483 5.34403 5.360186 5.382282 5.397162 5.408159 5.420855 5.437398 5.461251 5.504732 5.567245 5.654125 5.740687 5.814701 5.882846 5.908144 5.929416 5.966974 5.996356 6.025197 6.046883 6.044352 6.034145 6.024554 6.011911 6.006141 6.010554 6.019651 6.010044 6.008409 5.988099 5.965882 5.928726 5.872191 5.782103 5.703821 5.678887 5.658665 5.616965 5.565872 5.535956 5.461075 5.337326 5.221551 5.136799 5.083294 5.058007
5.373921 5.379207 5.370942 5.359821 5.342584 5.325817 5.314005 5.304281 5.304054 5.311497 5.316275 5.320204 5.319973 5.320673 5.323537 5.323253 5.326654 5.328911 5.347482 5.368484 5.380577 5.391226 5.411452 5.441115 5.477454 5.536598 5.60887 5.683949 5.76678 5.838692 5.897079 5.923682 5.945305 5.986131 6.025781 6.041427 6.035491 6.016337 5.994148 5.976688 5.960311 5.94278 5.940163 5.946017 5.953512 5.953536 5.937221 5.90588 5.876474 5.819142 5.738672 5.682827 5.65573 5.625849 5.572252 5.495313 5.425701 5.338309 5.211077 5.107099 5.033984 5.011398 5.002284
5.3677 5.363785 5.355921 5.347754 5.338326 5.32696 5.319818 5.311372 5.308257 5.311918 5.314007 5.317422 5.32045 5.320362 5.319846 5.319194 5.325018 5.334414 5.348899 5.358749 5.36497 5.382565 5.406836 5.439339 5.483332 5.548857 5.618982 5.695803 5.774899 5.837764 5.881591 5.90965 5.9419 5.985196 6.02509 6.030716 6.007436 5.985182 5.965205 5.944994 5.908168 5.877264 5.866104 5.881577 5.894511 5.901722 5.874425 5.842778 5.812981 5.775138 5.721043 5.680959 5.630531 5.564186 5.501867 5.415773 5.299062 5.188175 5.063555 4.967465 4.913208 4.921153 4.9433
5.356266 5.347739 5.338932 5.331085 5.327641 5.325245 5.322373 5.317285 5.313713 5.311435 5.310132 5.312551 5.317859 5.318728 5.318503 5.318495 5.327281 5.340398 5.355068 5.365352 5.379154 5.401132 5.421772 5.449667 5.48375 5.533198 5.596871 5.672496 5.748743 5.80511 5.841988 5.866046 5.90625 5.947516 5.977787 5.975879 5.958215 5.931573 5.913471 5.886799 5.856297 5.833415 5.827686 5.842602 5.858467 5.846906 5.815161 5.798746 5.77949 5.740784 5.709445 5.678532 5.629393 5.540644 5.438523 5.337167 5.205151 5.089584 4.968893 4.874348 4.862358 4.880514 4.895988
5.339262 5.329559 5.321227 5.314875 5.314919 5.31478 5.319414 5.319322 5.315692 5.308858 5.308043 5.30961 5.312422 5.313473 5.315899 5.326632 5.335211 5.349901 5.365075 5.37723 5.394567 5.426098 5.442178 5.453902 5.477242 5.515281 5.585685 5.658832 5.714923 5.764057 5.797908 5.826895 5.868799 5.908448 5.923381 5.918867 5.902906 5.883934 5.856082 5.824585 5.803149 5.798654 5.795516 5.805332 5.821622 5.795424 5.769115 5.770532 5.756119 5.714508 5.697851 5.682612 5.628942 5.532292 5.405383 5.267313 5.146932 5.037105 4.975976 4.929861 4.914874 4.919345 4.908096
5.324795 5.318346 5.308194 5.301982 5.30176 5.304728 5.310586 5.314167 5.314656 5.30406 5.303221 5.305735 5.307033 5.30796 5.315386 5.327484 5.342653 5.356658 5.373924 5.388323 5.410028 5.431086 5.434457 5.444275 5.470427 5.518259 5.583961 5.644496 5.698279 5.742138 5.77095 5.807106 5.844702 5.871933 5.881759 5.880594 5.870727 5.852758 5.829406 5.796507 5.773955 5.768229 5.772872 5.768788 5.754502 5.730184 5.728906 5.740015 5.73054 5.687036 5.687388 5.67577 5.610644 5.506749 5.374177 5.226422 5.1246 5.042367 5.012043 5.003124 4.993732 4.976611 4.93224
5.312663 5.306688 5.299048 5.293076 5.291751 5.295828 5.301256 5.3061 5.308038 5.300989 5.29671 5.297528 5.303071 5.306391 5.315876 5.331204 5.34686 5.362892 5.375078 5.388197 5.402097 5.409331 5.40626 5.429822 5.46992 5.53931 5.599838 5.635698 5.678929 5.720417 5.75281 5.788623 5.821206 5.84446 5.855285 5.862469 5.85591 5.839442 5.818413 5.794272 5.787666 5.800323 5.801728 5.774062 5.722123 5.685393 5.677688 5.675753 5.647635 5.612101 5.631979 5.623146 5.550353 5.436894 5.307015 5.176502 5.080851 5.048021 5.041315 5.039989 5.035075 5.012147 4.942058
5.288401 5.288998 5.282149 5.277379 5.281703 5.287701 5.296891 5.295275 5.298868 5.29536 5.290347 5.287864 5.295647 5.304312 5.328099 5.34932 5.360831 5.372973 5.378922 5.379894 5.38019 5.378754 5.390784 5.429092 5.491642 5.558266 5.610473 5.646898 5.684375 5.718987 5.749399 5.770283 5.799184 5.826573 5.846185 5.858047 5.858313 5.843943 5.82694 5.823029 5.839029 5.844566 5.827204 5.779781 5.72199 5.678439 5.647397 5.610414 5.561214 5.5312 5.532554 5.496756 5.417376 5.304509 5.197884 5.098327 5.053072 5.05367 5.059566 5.061553 5.055448 5.03361 4.986255
5.261124 5.266805 5.262135 5.259702 5.272335 5.282122 5.285553 5.284694 5.287361 5.287496 5.283674 5.284873 5.289778 5.303435 5.34063 5.374994 5.381689 5.379029 5.374993 5.37651 5.371439 5.377176 5.408665 5.457231 5.517624 5.572192 5.609935 5.648102 5.697906 5.739281 5.759974 5.769061 5.791752 5.82644 5.859061 5.871145 5.876301 5.859878 5.855926 5.861848 5.874163 5.873651 5.837133 5.78122 5.722494 5.677017 5.625835 5.563756 5.503032 5.449669 5.406477 5.328059 5.250652 5.175825 5.118644 5.071928 5.058499 5.081166 5.099681 5.097388 5.09184 5.082047 5.040762
5.249025 5.246063 5.242458 5.243859 5.266812 5.273026 5.267374 5.267193 5.271707 5.277887 5.280051 5.286262 5.297006 5.315028 5.345958 5.377452 5.371418 5.367729 5.366171 5.364903 5.371463 5.388628 5.434492 5.483014 5.53763 5.574465 5.611903 5.644892 5.69087 5.739221 5.787182 5.812352 5.832378 5.861057 5.883303 5.896729 5.906047 5.895636 5.88429 5.890548 5.879182 5.859627 5.818831 5.769945 5.726137 5.679205 5.628006 5.561903 5.49286 5.429731 5.346221 5.251307 5.193514 5.161028 5.125762 5.102948 5.115788 5.142442 5.155625 5.158569 5.152225 5.140507 5.105667
5.250988 5.24619 5.241616 5.243631 5.252582 5.252448 5.243595 5.248747 5.262395 5.277858 5.285166 5.291267 5.299551 5.309818 5.337098 5.349545 5.340282 5.339272 5.341283 5.347142 5.361058 5.384242 5.431236 5.481002 5.52691 5.568372 5.602733 5.639914 5.687668 5.761546 5.827147 5.858562 5.883627 5.908728 5.91127 5.920184 5.91126 5.896142 5.888814 5.880388 5.866737 5.843433 5.795927 5.756843 5.713493 5.665204 5.613558 5.558977 5.502322 5.445272 5.380819 5.315938 5.278832 5.2497 5.21373 5.180986 5.189411 5.2011 5.209339 5.209541 5.210692 5.204028 5.176628
5.256882 5.25205 5.251291 5.240084 5.233362 5.229119 5.22401 5.237098 5.258445 5.26901 5.280161 5.287172 5.29464 5.300375 5.307194 5.316269 5.301994 5.302265 5.307637 5.317551 5.333617 5.363735 5.414363 5.460863 5.505049 5.547793 5.585014 5.638562 5.711185 5.799088 5.867481 5.898766 5.921094 5.937579 5.93383 5.910261 5.894465 5.883868 5.881191 5.877766 5.865925 5.833641 5.779304 5.731052 5.682282 5.620604 5.563945 5.501794 5.467743 5.433407 5.390358 5.358195 5.356873 5.339108 5.275565 5.230307 5.214509 5.227302 5.244534 5.246902 5.245501 5.237665 5.199169
5.25334 5.249104 5.24794 5.239808 5.228827 5.216362 5.20813 5.229516 5.249666 5.254464 5.264823 5.274169 5.279665 5.288765 5.289147 5.279535 5.263883 5.270474 5.278222 5.289189 5.307066 5.347669 5.399813 5.444824 5.488048 5.525213 5.571332 5.631824 5.726346 5.825783 5.893369 5.929145 5.950851 5.948719 5.928917 5.902919 5.882803 5.864019 5.85116 5.840061 5.819901 5.773849 5.727068 5.68366 5.612045 5.555245 5.489302 5.417511 5.388203 5.372838 5.344309 5.333027 5.338497 5.320849 5.261757 5.198447 5.18158 5.204792 5.236771 5.251512 5.230597 5.1861 5.113908
5.234142 5.235022 5.236222 5.228502 5.21896 5.204206 5.202311 5.221935 5.234482 5.234862 5.241492 5.248862 5.256708 5.260409 5.251978 5.242329 5.240767 5.252114 5.263161 5.274819 5.301663 5.333871 5.384699 5.429457 5.46785 5.500002 5.543932 5.610763 5.704017 5.799221 5.873937 5.918247 5.926002 5.918614 5.906072 5.891003 5.874309 5.847074 5.803153 5.766411 5.7101 5.652133 5.605762 5.539503 5.473042 5.410117 5.368988 5.326161 5.318945 5.316371 5.289551 5.273432 5.258884 5.224376 5.157533 5.110496 5.125014 5.149376 5.176653 5.193085 5.165139 5.073118 4.979943
5.204476 5.209968 5.213439 5.211182 5.198994 5.196288 5.19398 5.20435 5.210717 5.212147 5.216348 5.220976 5.228062 5.224882 5.225018 5.2193 5.223201 5.237267 5.253085 5.269085 5.299091 5.329885 5.369048 5.405255 5.434645 5.464428 5.503764 5.569009 5.661861 5.761875 5.849818 5.884701 5.89072 5.88505 5.868775 5.858132 5.84186 5.802319 5.737675 5.684878 5.630514 5.547495 5.462429 5.403287 5.341743 5.322323 5.312773 5.308275 5.315617 5.302818 5.262954 5.222297 5.181546 5.121358 5.068481 5.0837 5.120105 5.137171 5.140649 5.132363 5.09101 4.982108 4.85893
5.180717 5.180779 5.182031 5.179665 5.169555 5.167948 5.172281 5.177619 5.18251 5.187694 5.194527 5.198071 5.200187 5.203328 5.208993 5.211548 5.207381 5.217246 5.232005 5.256552 5.299015 5.341543 5.377916 5.407706 5.421306 5.438174 5.477895 5.548279 5.64958 5.759002 5.860843 5.887944 5.889704 5.873066 5.836467 5.798992 5.776189 5.732231 5.650613 5.592355 5.53529 5.455742 5.393124 5.370584 5.372513 5.396778 5.396886 5.392888 5.393857 5.344148 5.284331 5.233157 5.197697 5.176594 5.167913 5.200563 5.213354 5.218125 5.215228 5.182732 5.089901 4.959521 4.829069
5.159851 5.151248 5.146536 5.139284 5.12818 5.132705 5.143517 5.148082 5.152831 5.164327 5.173915 5.182471 5.182154 5.185434 5.191912 5.196754 5.193755 5.192946 5.205301 5.236983 5.28664 5.330533 5.381259 5.402556 5.411843 5.435385 5.493722 5.585956 5.710305 5.83242 5.914659 5.917502 5.902373 5.865233 5.821129 5.790144 5.7603 5.697219 5.616073 5.542859 5.452078 5.394804 5.389211 5.426962 5.473314 5.505718 5.512923 5.499166 5.467247 5.392411 5.338918 5.303372 5.302502 5.317779 5.350394 5.381713 5.386362 5.378116 5.348317 5.279834 5.174426 5.038914 4.931749
5.140732 5.124418 5.114178 5.103998 5.094754 5.105649 5.117607 5.130103 5.137412 5.14095 5.149505 5.15459 5.15522 5.16051 5.171027 5.181215 5.182983 5.178822 5.195492 5.22841 5.261508 5.302805 5.347357 5.371935 5.403032 5.453334 5.539608 5.663989 5.806481 5.914059 5.949972 5.924982 5.884134 5.836759 5.791748 5.754377 5.712473 5.647087 5.57124 5.505249 5.431731 5.416653 5.467744 5.516409 5.577242 5.599059 5.589465 5.555824 5.50372 5.458919 5.439315 5.434106 5.451941 5.494339 5.531637 5.556035 5.547264 5.536945 5.495537 5.403575 5.296104 5.183048 5.05916
5.117755 5.101393 5.085657 5.077552 5.083559 5.094638 5.105621 5.109951 5.112813 5.111915 5.113915 5.119499 5.116626 5.133983 5.155409 5.166591 5.172527 5.185378 5.202823 5.229804 5.2616 5.289002 5.316373 5.349673 5.397589 5.475461 5.59383 5.738253 5.88592 5.968889 5.962373 5.910259 5.853307 5.797269 5.743325 5.695548 5.635803 5.56777 5.501661 5.465707 5.461984 5.514216 5.590118 5.634343 5.663523 5.66256 5.629379 5.587675 5.557724 5.541913 5.547554 5.566135 5.590578 5.620128 5.649825 5.649593 5.622754 5.583588 5.518011 5.4354 5.338098 5.228404 5.112084
5.090955 5.08219 5.069609 5.061941 5.064301 5.07801 5.082152 5.078834 5.080007 5.079302 5.078608 5.076815 5.078988 5.108638 5.137224 5.151124 5.157265 5.182397 5.212938 5.237813 5.257703 5.288236 5.313159 5.341578 5.391444 5.487714 5.623946 5.776928 5.903342 5.957893 5.931906 5.871795 5.814405 5.757808 5.710672 5.66102 5.589215 5.519111 5.462534 5.460361 5.51048 5.589145 5.653966 5.697676 5.70636 5.695313 5.665959 5.637068 5.624652 5.618364 5.626305 5.648563 5.658928 5.674227 5.676529 5.643465 5.591241 5.5311 5.47157 5.399093 5.315387 5.222279 5.113993
5.058595 5.051301 5.047632 5.038065 5.033428 5.034709 5.034206 5.035234 5.036446 5.042677 5.045597 5.04187 5.049753 5.06706 5.087156 5.099033 5.111148 5.154252 5.193668 5.21807 5.247733 5.277193 5.310073 5.342496 5.401115 5.499955 5.640921 5.789845 5.892108 5.923704 5.895065 5.837874 5.791981 5.746494 5.69894 5.637104 5.560867 5.487502 5.452056 5.481943 5.56756 5.647608 5.692485 5.711999 5.709277 5.695354 5.678741 5.664895 5.659265 5.662102 5.667931 5.668777 5.663516 5.663819 5.645521 5.597619 5.530852 5.47914 5.426624 5.367031 5.293542 5.205423 5.099913
5.029382 5.014464 5.010417 5.007976 4.99896 4.994226 4.995814 4.994814 4.997136 5.005672 5.014039 5.024761 5.022159 5.030724 5.042249 5.050204 5.072108 5.114047 5.151067 5.18595 5.230585 5.266231 5.30552 5.357416 5.4333 5.549095 5.687762 5.810163 5.887217 5.903781 5.877055 5.838932 5.798679 5.763884 5.706805 5.635153 5.54441 5.47628 5.475852 5.563753 5.64745 5.687596 5.696147 5.693725 5.681517 5.662548 5.651317 5.645517 5.655482 5.654975 5.656696 5.644916 5.639328 5.627371 5.596356 5.543394 5.47252 5.436773 5.392415 5.33877 5.270162 5.169513 5.064999
