py_wake/examples/data/AJ_ParqueFicticio/Rough survey   Sector 5   Height 200m   Weibull-A.grd
DSAA
73  159
 258469   265669
 6501692   6517492
 7.36719   14.18617
[rows 112 to 139 of 159, columns 0 to 62 of 73]
12.56375 12.59559 12.55589 12.53315 12.56621 12.62094 12.66821 12.72195 12.78017 12.81948 12.84725 12.85496 12.6992 12.38264 12.00623 11.59913 11.2906 11.09039 10.83469 10.58315 10.45656 10.53701 10.65598 11.00973 11.61043 12.15099 12.425 12.51228 12.51149 12.45081 12.38215 12.29324 12.13759 11.92337 11.6654 11.41862 11.29568 11.42752 11.74636 12.01281 12.10445 11.91167 11.40462 10.70327 10.04235 9.51044 9.154917 8.979784 9.039414 9.449168 9.981769 10.37565 10.47049 10.3445 10.14524 9.95773 9.790693 9.589631 9.298998 8.856812 8.329215 7.953458 7.760658
12.78612 12.81793 12.80692 12.79145 12.83481 12.89464 12.96024 12.99499 13.02398 13.0476 13.06914 13.04347 12.8714 12.5465 12.16508 11.82567 11.6035 11.41901 11.08806 10.65508 10.28471 10.14418 10.21893 10.58578 11.21945 11.82831 12.10619 12.14029 12.11709 12.10476 12.10724 12.21277 12.31164 12.24683 12.10582 11.92021 11.76486 11.76432 11.94577 12.18328 12.31879 12.19849 11.70677 11.00416 10.319 9.742866 9.333419 9.076127 9.014856 9.250562 9.675687 10.05128 10.2064 10.18152 10.0572 9.924335 9.795412 9.638745 9.412218 9.047378 8.553541 8.122507 7.856487
13.03195 13.04678 13.04496 13.04562 13.07394 13.15117 13.23344 13.26565 13.27384 13.27666 13.28299 13.24294 13.0313 12.69279 12.33335 12.05531 11.94403 11.78196 11.41158 10.90106 10.40152 10.01156 9.887555 10.15417 10.76564 11.39887 11.74947 11.78544 11.74495 11.74383 11.78834 11.95558 12.18992 12.33396 12.40743 12.38191 12.27485 12.19236 12.22827 12.35511 12.50933 12.45601 12.0359 11.38779 10.71831 10.12365 9.662802 9.327659 9.178006 9.235793 9.485351 9.775318 9.94428 10.0091 9.959615 9.866902 9.759755 9.633745 9.464904 9.203928 8.84587 8.424437 8.099133
13.19819 13.23675 13.24964 13.26546 13.31148 13.38394 13.45378 13.4865 13.48571 13.47111 13.46957 13.4018 13.18755 12.86383 12.51631 12.30022 12.22354 12.10536 11.76998 11.28637 10.77388 10.25294 9.864794 9.845985 10.31355 10.90621 11.31837 11.40382 11.39215 11.38975 11.46064 11.63285 11.89763 12.14159 12.39861 12.61708 12.66887 12.58772 12.48901 12.50841 12.62794 12.62467 12.33059 11.80455 11.19412 10.61709 10.10424 9.700633 9.458348 9.397368 9.484595 9.634506 9.761878 9.839993 9.851601 9.801241 9.712381 9.59716 9.461488 9.273091 9.028271 8.713984 8.407706
13.19948 13.27651 13.34181 13.40679 13.46554 13.54684 13.59064 13.60022 13.60386 13.60351 13.58764 13.48863 13.30173 12.98422 12.71209 12.5299 12.46167 12.36169 12.09215 11.69816 11.23131 10.71667 10.21372 9.898266 10.01249 10.47757 10.86733 11.02492 11.04116 11.09224 11.18987 11.32121 11.56167 11.89754 12.26259 12.61457 12.83726 12.83499 12.67135 12.53597 12.55208 12.59867 12.44221 12.06837 11.58928 11.06439 10.56019 10.10785 9.776771 9.604782 9.594253 9.651004 9.707389 9.738934 9.761115 9.729442 9.65715 9.545174 9.424596 9.279574 9.119858 8.893759 8.670159
13.01067 13.14739 13.27389 13.38324 13.47024 13.54357 13.58976 13.60531 13.60737 13.60651 13.55286 13.45381 13.26274 13.03552 12.86696 12.73998 12.63893 12.50372 12.26899 11.92748 11.54293 11.13551 10.71083 10.30026 10.08725 10.19115 10.48037 10.66956 10.75706 10.87022 10.94215 11.04236 11.32905 11.7173 12.11602 12.53595 12.85847 12.87921 12.63858 12.35976 12.28664 12.33044 12.29279 12.06754 11.71328 11.31813 10.88459 10.44353 10.07727 9.840697 9.739069 9.739123 9.747556 9.741538 9.718987 9.683608 9.620385 9.501576 9.357876 9.227901 9.139301 9.006493 8.842057
12.67117 12.84418 12.99789 13.14618 13.28267 13.40039 13.48044 13.51874 13.53019 13.4795 13.36295 13.24229 13.07259 12.91883 12.88617 12.86749 12.7301 12.52578 12.25987 11.95157 11.59902 11.28978 11.05697 10.7667 10.43642 10.18957 10.18837 10.3167 10.52213 10.67785 10.73217 10.81821 11.15068 11.53571 11.92809 12.42405 12.82354 12.88253 12.55544 12.12522 11.89742 11.91452 11.9692 11.87866 11.62102 11.33641 11.00142 10.63002 10.29106 10.02303 9.884086 9.842494 9.824087 9.806919 9.76208 9.713541 9.633301 9.525784 9.360294 9.194999 9.109189 9.046121 8.946461
12.29759 12.48027 12.67546 12.87319 13.06002 13.20351 13.30908 13.39195 13.42276 13.33177 13.15796 12.98306 12.81661 12.71139 12.75279 12.84967 12.79375 12.57309 12.25678 11.90288 11.53757 11.22619 11.06077 10.97556 10.76266 10.4368 10.16173 10.10255 10.27338 10.45588 10.51899 10.66007 10.99169 11.35868 11.76738 12.28885 12.72953 12.8366 12.5005 11.96551 11.54327 11.47246 11.58301 11.63473 11.45087 11.20929 10.96608 10.68215 10.39225 10.13595 9.955844 9.895384 9.875499 9.848447 9.816507 9.774073 9.691104 9.582615 9.422338 9.257019 9.140116 9.107032 9.059497
12.16295 12.30692 12.48602 12.68671 12.86528 13.0123 13.11786 13.20661 13.26755 13.24029 13.08605 12.82435 12.57767 12.46829 12.52953 12.68964 12.75864 12.62728 12.32027 11.92681 11.49872 11.11323 10.89839 10.91218 10.86158 10.62247 10.30607 10.05797 10.05914 10.20443 10.30872 10.51768 10.87536 11.22241 11.67782 12.21392 12.60131 12.76657 12.49708 11.96474 11.40658 11.12849 11.19285 11.35388 11.30188 11.11525 10.89355 10.66371 10.42236 10.18537 9.989832 9.887948 9.855758 9.84872 9.822792 9.780658 9.705788 9.582071 9.452143 9.336269 9.25304 9.2113 9.201898
12.26841 12.33611 12.45716 12.6049 12.74722 12.85537 12.9394 12.96195 12.9905 13.10685 13.1241 12.87833 12.55991 12.32671 12.30476 12.41999 12.54188 12.5363 12.36285 12.04413 11.6087 11.1362 10.80506 10.73138 10.74187 10.62649 10.41236 10.14135 9.947148 9.967828 10.10085 10.37835 10.75265 11.13405 11.664 12.14085 12.51072 12.65061 12.47403 12.03128 11.45983 11.02929 10.92762 11.06321 11.11891 11.02907 10.87274 10.67908 10.46649 10.25446 10.05091 9.896118 9.82544 9.808551 9.786249 9.764537 9.684608 9.560039 9.447437 9.398492 9.370004 9.353505 9.350973
12.51352 12.52133 12.55799 12.63972 12.70801 12.74393 12.76772 12.69189 12.66279 12.8363 13.0757 13.04829 12.79291 12.51397 12.32032 12.26603 12.32361 12.34395 12.2668 12.07901 11.74252 11.27422 10.85705 10.63805 10.57277 10.51352 10.40173 10.22809 9.968819 9.815707 9.911046 10.21799 10.62758 11.13796 11.68157 12.13535 12.45967 12.4959 12.35963 12.02914 11.57101 11.10437 10.85245 10.85235 10.89824 10.8851 10.80959 10.68806 10.5264 10.3412 10.15333 9.961735 9.838451 9.773876 9.745542 9.709454 9.63627 9.517661 9.440065 9.449652 9.472391 9.490887 9.502209
12.7751 12.79348 12.78658 12.7798 12.76047 12.71323 12.59522 12.41316 12.29186 12.4353 12.8058 13.02479 13.02118 12.85342 12.63079 12.44101 12.36299 12.30435 12.2154 12.05784 11.81535 11.43519 11.00256 10.68573 10.52315 10.43228 10.33622 10.20553 9.96855 9.740585 9.738107 10.04478 10.53613 11.12981 11.70889 12.15425 12.39574 12.37399 12.19003 11.89834 11.56505 11.21144 10.92738 10.79026 10.74546 10.7066 10.6638 10.59021 10.51223 10.40006 10.24344 10.07429 9.924295 9.807968 9.741008 9.676009 9.564635 9.477361 9.417119 9.453522 9.541355 9.591032 9.604053
12.96738 13.05369 13.04588 13.00055 12.91462 12.77339 12.48754 12.17418 11.90812 11.9539 12.33508 12.70087 12.94622 13.00485 12.92195 12.77245 12.66243 12.55767 12.42014 12.24647 12.01913 11.68529 11.29401 10.89194 10.64279 10.52234 10.39466 10.23721 9.946881 9.639436 9.550804 9.879349 10.44084 11.08864 11.70048 12.12555 12.31782 12.27989 12.0599 11.74242 11.45448 11.21545 11.02276 10.85902 10.73559 10.63385 10.53737 10.45112 10.37355 10.33685 10.25553 10.12217 9.993113 9.871181 9.784923 9.702539 9.557762 9.457335 9.360894 9.392446 9.52181 9.633002 9.667121
12.98592 13.17741 13.25528 13.21243 13.08363 12.85542 12.51232 12.07798 11.64882 11.51857 11.79464 12.19022 12.57668 12.82117 12.88959 12.83961 12.79111 12.77181 12.68476 12.52484 12.29625 12.0078 11.6351 11.2303 10.89221 10.73314 10.64125 10.46188 10.10844 9.657212 9.428499 9.687381 10.28939 10.99586 11.60852 12.0347 12.22295 12.19501 11.97354 11.65645 11.36244 11.1383 11.00729 10.90469 10.79171 10.65742 10.53364 10.38334 10.22901 10.1652 10.12203 10.06098 9.970103 9.894503 9.828373 9.752633 9.645877 9.520233 9.371231 9.297172 9.406945 9.591589 9.687102
12.91053 13.16798 13.31545 13.33853 13.22208 12.98962 12.65985 12.17058 11.63084 11.27409 11.32606 11.64212 12.0686 12.42211 12.60728 12.63538 12.60619 12.65104 12.70472 12.6578 12.47134 12.22487 11.90857 11.54908 11.22976 11.02954 10.93973 10.75759 10.37363 9.826231 9.44488 9.563473 10.12017 10.84187 11.45055 11.8806 12.09817 12.11627 11.91139 11.59254 11.32522 11.11816 10.96525 10.87107 10.76402 10.66147 10.56189 10.42416 10.19775 9.999728 9.931603 9.904287 9.90515 9.91527 9.899236 9.868407 9.792745 9.655331 9.449957 9.236346 9.262491 9.471476 9.636955
12.74657 13.05631 13.27539 13.36573 13.26966 13.0892 12.8296 12.39648 11.83113 11.31228 11.07412 11.19267 11.55585 11.96044 12.2468 12.33662 12.27901 12.32566 12.44677 12.48463 12.40905 12.24678 12.00075 11.75187 11.53189 11.35353 11.19825 10.98366 10.60573 10.03555 9.5593 9.546829 10.04282 10.70433 11.25046 11.65755 11.9065 11.99842 11.84929 11.54668 11.27678 11.10116 10.98211 10.86562 10.74169 10.62262 10.53033 10.45003 10.26249 9.987135 9.771292 9.727819 9.811186 9.95076 10.04485 10.06019 9.997287 9.864917 9.606068 9.256495 9.153264 9.32962 9.499747
12.47109 12.82961 13.09713 13.22875 13.20658 13.09623 12.93643 12.59306 12.08102 11.53543 11.10016 10.94396 11.12811 11.51383 11.89964 12.09331 12.00242 11.95317 12.06148 12.15148 12.16866 12.10451 11.9493 11.81153 11.73246 11.61574 11.42012 11.13711 10.75168 10.21926 9.683104 9.573723 9.978842 10.527 11.00762 11.38023 11.65753 11.81261 11.75562 11.51514 11.24944 11.04926 10.93275 10.84692 10.74598 10.60543 10.47131 10.38411 10.27768 10.02639 9.729672 9.601352 9.748819 10.01713 10.2282 10.28772 10.26282 10.14687 9.839849 9.385865 9.13273 9.196462 9.327612
12.16804 12.50588 12.78715 12.95465 13.04051 13.04793 12.9743 12.70638 12.25608 11.74567 11.26111 10.9035 10.84529 11.12224 11.56878 11.90189 11.88807 11.72667 11.68549 11.75808 11.8293 11.86032 11.80196 11.76233 11.84795 11.8756 11.69555 11.34581 10.89687 10.36787 9.826732 9.633286 9.878237 10.27736 10.69552 11.06439 11.35501 11.57502 11.62892 11.47195 11.26106 11.05275 10.90862 10.79053 10.70081 10.58298 10.43353 10.27365 10.15246 9.945905 9.668875 9.525154 9.683242 10.04459 10.36202 10.48327 10.50538 10.44071 10.15205 9.679488 9.279738 9.127008 9.190731
11.99328 12.219 12.43405 12.60617 12.75762 12.92547 13.0209 12.84293 12.46089 11.9781 11.4765 11.02023 10.75129 10.84122 11.23761 11.66903 11.84324 11.69555 11.49178 11.43375 11.49411 11.57619 11.57041 11.63791 11.86319 12.04131 11.98663 11.67393 11.1901 10.62967 10.09725 9.788879 9.825727 10.04803 10.38493 10.73426 11.04022 11.32407 11.49399 11.48328 11.32205 11.11517 10.96786 10.82645 10.67832 10.52453 10.37443 10.19233 9.982795 9.777276 9.541287 9.432007 9.616377 10.02039 10.39471 10.58787 10.66722 10.67667 10.49153 10.08662 9.621996 9.297446 9.163582
11.92436 11.99572 12.11831 12.28073 12.44583 12.70726 13.00694 13.02456 12.7633 12.34035 11.82934 11.29895 10.88268 10.70585 10.94924 11.40726 11.75726 11.7514 11.51579 11.3097 11.24274 11.30447 11.33822 11.44099 11.75799 12.04092 12.18506 12.01661 11.59295 11.05439 10.51811 10.17593 10.01361 10.00976 10.16622 10.43602 10.74324 11.06412 11.33835 11.4529 11.39233 11.2555 11.12799 11.00235 10.83431 10.59509 10.35216 10.10723 9.839272 9.567749 9.369061 9.319559 9.533167 9.943431 10.33242 10.58375 10.72585 10.82588 10.77287 10.49422 10.03829 9.607808 9.333654
11.88029 11.77868 11.82162 11.97891 12.14799 12.44941 12.83647 13.02722 12.97014 12.63658 12.16555 11.62709 11.12442 10.7727 10.76801 11.14186 11.56567 11.73339 11.60155 11.3382 11.14169 11.11626 11.1349 11.26171 11.57241 11.93695 12.19156 12.19802 11.8335 11.38964 10.95495 10.66042 10.4751 10.30748 10.19758 10.25371 10.49623 10.80104 11.09594 11.32115 11.38413 11.34917 11.2555 11.16547 11.01055 10.76528 10.47317 10.108 9.71666 9.392589 9.219739 9.189155 9.413177 9.811481 10.20241 10.48605 10.69148 10.86694 10.93427 10.81379 10.44872 10.0112 9.664064
11.87835 11.6052 11.53187 11.675 11.86631 12.19675 12.59918 12.89862 13.00202 12.81048 12.40193 11.87661 11.35556 10.9325 10.72813 10.9115 11.29236 11.54255 11.57314 11.39526 11.15628 11.03542 11.01074 11.12804 11.42365 11.77102 12.02495 12.06324 11.83844 11.49362 11.14076 10.97857 10.88523 10.70709 10.48153 10.32804 10.35915 10.56301 10.83511 11.09502 11.24 11.26078 11.22913 11.19471 11.08967 10.88228 10.59446 10.20962 9.726574 9.326241 9.130006 9.060151 9.181681 9.549801 9.976181 10.29238 10.55065 10.79891 10.98005 11.0145 10.78047 10.42059 10.0722
11.97323 11.53852 11.32307 11.40486 11.62048 11.97671 12.37409 12.72898 12.96054 12.9525 12.67982 12.18909 11.63544 11.14521 10.80943 10.78461 11.02736 11.26981 11.40199 11.36088 11.18406 11.01944 10.94729 11.03306 11.30566 11.5931 11.82813 11.85515 11.70167 11.43602 11.16089 11.03132 11.0166 10.94685 10.75086 10.52766 10.39481 10.44015 10.62826 10.88689 11.08142 11.1346 11.1239 11.0999 11.03507 10.86539 10.62453 10.28632 9.825506 9.364378 9.119187 9.003512 8.995031 9.236707 9.662847 10.02006 10.30195 10.6025 10.87477 11.0615 11.01848 10.78564 10.49227
12.14348 11.62366 11.25428 11.22038 11.47784 11.82458 12.15598 12.45988 12.74798 12.87948 12.80385 12.49766 12.01884 11.49617 11.05416 10.82382 10.88156 11.04369 11.19138 11.23081 11.15146 11.02857 10.94159 11.01808 11.27857 11.55034 11.70528 11.65664 11.52471 11.33637 11.14003 10.99951 10.95726 10.95556 10.85737 10.669 10.5069 10.45121 10.52594 10.73192 10.9323 11.03912 11.03172 10.98957 10.92772 10.80262 10.60463 10.31431 9.92376 9.488407 9.18282 9.008403 8.921246 9.002866 9.320287 9.665716 9.981747 10.29651 10.63771 10.93101 11.07954 11.01988 10.83409
12.29256 11.78221 11.32195 11.16094 11.39943 11.72246 11.96297 12.19102 12.42929 12.57922 12.63023 12.55026 12.28245 11.87973 11.45968 11.10932 10.93951 10.93832 11.03219 11.07037 11.0441 10.99549 10.93522 11.0494 11.33371 11.61708 11.71872 11.5464 11.34427 11.19198 11.0915 11.00136 10.9074 10.87604 10.84103 10.72825 10.58479 10.49526 10.4976 10.63952 10.83905 10.98205 10.99797 10.92409 10.83995 10.72914 10.56203 10.33319 10.0187 9.65976 9.327492 9.088345 8.92907 8.901564 9.051229 9.313406 9.614915 9.935546 10.28956 10.66467 10.96647 11.08714 11.03825
12.32137 11.89515 11.43238 11.1825 11.35502 11.64459 11.85695 12.03838 12.18293 12.25428 12.30336 12.32725 12.24717 12.00485 11.72853 11.44762 11.17652 11.02488 10.97135 10.95763 10.91875 10.89753 10.87294 11.03616 11.36985 11.69256 11.78979 11.5489 11.25494 11.04081 10.9732 10.96146 10.91212 10.83205 10.7797 10.71621 10.61825 10.52956 10.48941 10.57827 10.775 10.93602 10.97865 10.92972 10.84029 10.71966 10.55928 10.41951 10.18479 9.868301 9.538774 9.252986 9.029063 8.912475 8.91586 9.024543 9.236075 9.513521 9.855264 10.27212 10.69093 10.9832 11.09633
12.2134 11.88138 11.49759 11.23519 11.34501 11.59957 11.82888 11.98123 12.06311 12.06302 12.01969 12.01012 12.00771 11.89213 11.74265 11.61128 11.41871 11.23165 11.09282 10.95433 10.82945 10.78733 10.76499 10.95592 11.34358 11.70163 11.82002 11.60527 11.2667 10.96636 10.85407 10.8664 10.90263 10.85871 10.79252 10.70564 10.62259 10.53917 10.47511 10.49451 10.67351 10.8432 10.90175 10.89129 10.84525 10.75595 10.58594 10.45927 10.27763 9.999747 9.73126 9.493218 9.235433 9.032492 8.924519 8.919392 8.991159 9.135994 9.395577 9.786349 10.26937 10.69402 10.9764
12.04197 11.77361 11.49994 11.28815 11.36983 11.60311 11.84297 11.96082 12.03011 12.06322 11.95728 11.8243 11.77612 11.70771 11.61747 11.57804 11.49917 11.39962 11.32651 11.14573 10.89091 10.72578 10.6844 10.87035 11.24881 11.64152 11.82499 11.6704 11.32534 11.00088 10.81781 10.77353 10.83428 10.85901 10.818 10.7499 10.67476 10.59146 10.50127 10.45264 10.5656 10.70115 10.76952 10.79184 10.7786 10.71207 10.56352 10.43492 10.2788 10.05145 9.858003 9.720763 9.530884 9.287073 9.100916 9.001863 8.980586 8.97445 9.034979 9.30654 9.770914 10.28486 10.69624
