py_wake/examples/data/AJ_ParqueFicticio/Rough survey   Sector 4   Height 200m   Power density.grd
DSAA
73  159
 258469   265669
 6501692   6517492
 133.8925   1624.552
[rows 112 to 139 of 159, columns 0 to 62 of 73]
754.884 782.5294 803.6445 835.1967 888.5889 963.9539 1044.96 1125.686 1201.162 1265.746 1325.216 1354.033 1306.985 1193.518 1063.646 946.2378 879.1683 853.7403 815.9379 760.4888 710.8101 685.3782 661.1881 685.8595 773.6108 859.3732 869.3571 812.3416 730.0548 641.9993 578.45 540.2131 518.9419 508.1772 505.066 510.0052 538.3161 616.904 740.5154 866.1876 941.2554 938.1907 849.4125 713.4261 590.7676 501.6176 446.5 420.2322 424.9464 469.8702 517.373 524.9056 487.8371 432.7529 381.5483 347.6918 323.8965 300.3803 271.1549 230.5366 189.4358 168.2628 164.8747
766.8788 802.1873 833.4923 870.5762 927.1218 1010.654 1094.89 1178.608 1251.248 1311.178 1361.09 1373.428 1312.752 1188.463 1051.956 951.0071 912.0661 899.3637 847.7581 765.1011 687.8544 641.1757 622.8785 652.6794 735.7358 815.7312 807.6866 736.2606 655.4284 585.673 540.821 530.4775 536.0793 535.6425 544.6232 563.7814 599.8743 674.9681 791.1039 910.9839 985.4213 979.2687 875.5739 728.911 599.3413 506.5342 450.8186 417.93 411.3834 433.9806 464.4837 466.4032 445.3854 407.5395 371.3508 344.9141 325.1057 305.9203 279.5563 244.6468 207.457 184.8587 178.529
789.7055 830.47 869.8541 910.4071 969.0029 1059.293 1153.781 1232.452 1296.684 1350.09 1388.098 1384.445 1300.935 1165.795 1035.302 958.6559 951.9496 943.0028 881.2972 787.7146 698.8109 626.0616 592.0386 612.2143 680.9595 747.1456 738.637 667.187 593.4409 542.1558 514.9249 516.7817 537.338 557.6924 588.4279 627.1617 677.9829 752.4193 853.3947 947.1982 1003.328 989.7075 880.6961 731.6315 605.4269 513.9573 455.814 417.3443 400.1241 403.0837 412.1772 415.4757 405.2516 385.7189 363.2493 342.9164 324.2981 306.566 284.7461 257.3862 228.4804 204.5345 194.8567
822.6231 867.1602 910.8646 957.8309 1022.967 1120.137 1213.903 1288.102 1342.379 1383.585 1407.327 1377.22 1277.053 1138.721 1026.898 977.2661 981.924 973.7048 912.7573 820.6993 729.4739 644.9485 584.5212 572.8934 618.9849 670.2391 664.9948 604.1177 545.486 511.2009 498.7664 506.7426 530.4436 562.6469 618.1658 692.6502 769.8102 844.2933 918.4582 970.2444 996.9825 963.9017 852.8376 718.0275 602.6215 517.2408 455.4796 411.1241 383.86 374.4009 375.0904 377.3672 372.5689 365.1081 354.3105 339.0925 324.2545 305.3808 287.072 264.7436 243.8406 225.1114 213.1668
853.4262 900.5816 952.6793 1011.187 1086.829 1188.775 1275.787 1338.548 1384.764 1415.542 1415.881 1352.993 1240.064 1113.598 1027.356 997.2972 1002.776 990.8738 930.0023 846.47 756.7416 670.3802 599.1156 558.5219 566.5493 598.7872 593.6323 551.125 508.3904 490.6106 487.4077 492.3212 516.5913 568.6849 646.3279 748.9634 860.0305 945.6779 992.4906 984.785 960.902 906.7231 812.7881 704.7026 606.2759 525.8373 461.3828 411.7861 376.3814 358.2012 355.1718 357.04 355.0891 349.3203 344.22 334.1187 321.0583 304.2616 287.2165 268.8764 253.6885 239.0215 230.3271
875.0213 927.4609 986.3272 1059.652 1159.503 1252.281 1331.824 1385.863 1421.574 1436.233 1398.781 1313.527 1199.016 1090.897 1032.488 1021.48 1021.85 998.3707 936.1459 850.4965 759.9149 675.577 608.9786 563.0697 542.1514 541.7014 531.8515 505.8678 483.6436 481.1805 476.8754 478.0464 514.8925 585.1585 678.4682 803.5696 941.1722 1044.996 1041.321 973.5541 908.4705 835.7499 763.7073 681.605 598.9938 528.8358 467.8057 414.8131 375.5351 352.3968 344.6862 345.813 346.293 342.248 336.3641 329.0081 318.3106 302.522 283.7704 267.2418 258.2036 249.2919 243.9156
892.6246 952.7463 1031.167 1125.725 1221.993 1309.024 1379.677 1429.934 1450.308 1431.094 1361.465 1261.208 1151.908 1063.017 1035.62 1042.86 1034.738 997.1051 925.1766 837.1588 740.7609 657.3362 603.0519 567.5554 540.3959 511.4244 484.0555 468.167 470.3723 476.0063 468.4879 473.0713 524.6375 603.1816 702.4012 851.138 1023.832 1115.765 1072.661 957.4832 850.0674 766.1448 711.5981 655.4651 586.4673 527.362 470.6108 419.8388 379.9294 354.2535 343.2312 343.94 344.1263 341.591 336.0621 328.6919 318.5949 304.3098 284.6872 266.0782 256.6497 254.1549 254.0196
921.6463 994.4868 1082.791 1179.089 1275.533 1356.1 1416.756 1453.766 1458.304 1411.159 1322.849 1213.4 1111.441 1042.353 1029.144 1047.671 1043.503 995.1276 915.5242 822.3767 725.5554 640.9901 590.2688 571.6927 547.8739 506.716 466.5917 447.9777 456.1359 464.5909 458.4479 474.533 536.009 616.5855 722.4086 897.463 1078.686 1168.103 1093.324 933.3292 791.8309 702.3275 658.7701 627.6921 571.1047 516.2401 468.8966 423.8746 387.5901 361.4025 345.7119 344.4206 343.7701 341.0598 336.8567 331.0584 320.8586 306.4251 285.3706 265.9433 256.796 259.9504 264.7501
959.2106 1040.512 1130.852 1229.001 1319.232 1389.687 1433.582 1449.802 1433.371 1379.199 1292.963 1177.667 1075.503 1019.217 1013.879 1034.446 1037.702 993.2151 908.0875 813.0947 716.507 630.7128 579.3723 568.8194 554.5825 516.3926 475.8701 445.7382 443.0118 449.7242 448.9399 478.3933 544.2388 624.2007 756.2523 944.1933 1112.854 1188.134 1099.615 917.2349 749.9745 644.2938 604.6422 592.1274 551.3743 502.4897 458.4622 423.7232 395.1658 369.0852 350.9524 343.3323 340.454 339.2107 334.989 329.2787 317.861 299.8007 278.755 263.8922 259.8574 266.3928 278.109
1012.494 1090.728 1182.881 1277.818 1360.14 1413.173 1441.688 1415.488 1360.59 1317.724 1261.178 1159.587 1062.992 1003.82 995.4141 1008.817 1008.895 972.5539 901.923 816.3785 723.5467 636.5956 579.9708 561.3038 551.2165 522.3109 491.2649 461.057 439.2838 434.631 442.0681 480.2169 545.7481 636.9335 794.3336 981.2787 1132.281 1172.026 1073.738 892.0947 720.0397 604.7916 560.1897 549.5132 525.7753 490.2205 455.7952 425.8004 401.621 380.8199 360.9771 345.0283 338.2015 334.9645 330.3363 323.8435 310.4247 287.1151 266.8615 260.4201 265.2994 278.2443 293.0125
1077.335 1160.57 1247.133 1336.548 1400.981 1433.203 1430.937 1357.838 1266.994 1219.526 1203.036 1146.31 1069.654 1013.275 987.4127 978.1627 971.1516 938.8536 880.0549 811.0265 735.6592 653.2839 592.2518 560.8543 544.4988 521.7254 501.3699 479.2245 450.2081 427.6941 435.4774 474.5632 543.9534 667.9226 836.9998 1015.338 1138.672 1129.245 1020.563 850.755 692.2811 587.7847 533.5391 515.3665 499.4391 476.5855 454.4923 432.1435 411.3641 392.9733 372.1125 351.8575 336.9352 329.3926 322.538 312.6739 297.0229 273.9573 260.8599 266.0823 280.1995 296.5009 310.4767
1152.091 1248.534 1335.526 1407.259 1451.938 1456.32 1402.037 1292.832 1170.383 1113.907 1119.078 1104.166 1065.89 1025.267 991.0343 959.2229 937.4508 901.1954 851.3221 794.9652 737.2875 671.7844 610.9048 566.4337 538.2982 519.3655 505.7854 494.3665 466.6696 435.5042 430.3546 468.2452 557.7125 699.4166 873.1675 1036.667 1119.701 1080.609 953.2863 790.3236 661.3734 574.5792 522.1893 496.6331 480.5119 464.0902 446.6111 430.9093 415.4253 399.2869 379.0792 358.598 339.5564 323.875 311.587 299.7984 283.8322 269.6548 265.8607 278.9975 297.9919 314.541 328.9518
1229.572 1343.285 1430.839 1491.253 1512.652 1482.042 1373.974 1228.327 1082.192 1018.343 1029.429 1037.348 1033.667 1015.957 983.1212 941.8242 905.0328 870.6437 832.8565 793.9726 747.8208 695.5357 634.0255 574.5556 536.1454 522.2504 517.2649 514.0896 486.3498 444.3487 426.8766 470.5453 572.0301 720.6167 890.617 1029.051 1079.414 1024.62 886.6572 730.1227 623.105 558.3853 519.4433 496.4793 477.3004 457.9775 442.5058 426.1108 411.1057 394.7857 377.1898 355.8992 333.6853 314.6298 300.9468 292.9922 280.0965 277.8854 279.1046 290.524 311.0337 332.1831 346.3258
1293.889 1422.605 1518.425 1567.718 1560.262 1485.569 1355.999 1186.606 1023.203 941.0643 945.6711 964.916 983.7208 985.9487 960.777 918.7844 882.8239 858.327 829.7888 801.2974 762.3645 712.0826 648.4814 584.1734 540.0875 530.4247 538.0523 545.0208 516.363 460.6618 429.7947 469.6071 577.059 724.9639 882.7173 998.2332 1027.603 957.4593 824.5625 689.4313 595.1371 540.7073 514.1953 497.1649 480.7833 462.9921 446.7159 427.5667 404.8254 384.2116 363.7319 340.1181 317.1623 301.6601 294.9642 293.862 294.5942 299.5552 301.1723 302.1465 318.2757 343.2369 361.9958
1344.761 1476.897 1573.279 1616.358 1582.234 1481.516 1350.999 1177.583 1007.193 899.2163 874.9173 892.6835 924.0281 945.4984 937.0218 900.6918 860.6875 839.5443 829.0583 808.5452 766.5789 714.6724 652.252 592.6046 557.002 550.5339 569.0668 577.7595 547.3729 482.7806 439.0389 468.543 570.1432 714.5453 857.6123 950.572 961.031 892.1908 770.9679 658.2242 579.1735 534.6441 507.8987 493.6649 478.9777 463.7714 451.0865 433.3861 401.4044 370.6784 342.3121 317.1346 298.8988 292.9847 298.1799 307.6574 319.9127 331.7318 330.7385 316.6435 322.5573 348.6406 370.5365
1373.97 1505.212 1595.583 1624.552 1565.71 1459.857 1342.83 1190.703 1024.181 895.4351 832.9742 829.3085 859.2654 893.805 912.0154 894.5873 848.9067 821.6613 815.4523 792.1929 752.1404 700.89 641.468 596.7197 583.3512 590.9277 607.8425 612.8367 577.9649 507.2446 455.0266 473.1913 568.8756 699.2008 816.623 884.9387 883.2982 823.9073 728.725 634.6627 565.6644 529.9178 510.9764 496.8521 479.7293 462.9091 448.6451 434.695 404.0245 361.8507 317.9933 290.3261 281.9117 291.7701 312.8579 334.2675 355.1602 371.7544 362.1325 333.5814 327.7113 350.4756 369.0327
1376.103 1498.373 1572.924 1579.458 1514.645 1412.853 1324.499 1202.189 1053.283 923.1297 830.6499 788.947 797.8457 834.8397 875.7563 889.3591 851.873 813.8432 793.5137 761.956 722.6431 677.088 627.5894 597.4195 605.8403 630.3491 648.1758 643.8823 605.9343 537.6458 477.1716 486.4294 569.4289 675.5894 766.3739 814.0731 803.1426 753.0615 691.7417 618.4902 561.6473 528.2374 510.8979 499.0252 486.6814 467.6705 446.6496 429.1361 402.5688 355.3108 301.9057 269.7331 271.5385 299.0424 336.3038 366.8806 392.3338 406.7264 390.4111 353.5387 335.9753 348.4881 361.8649
1361.295 1458.253 1503.722 1486.935 1427.047 1354.35 1295.028 1199.696 1071.925 953.1671 853.3653 777.7778 755.2097 780.4039 833.5428 872.9771 851.8048 808.5268 770.5084 727.8264 686.3441 650.8892 611.8476 594.2113 621.5433 662.8845 685.2599 677.2639 634.9799 569.2913 508.5537 506.8914 565.3801 643.4485 709.4489 742.1794 726.5491 692.7868 659.6376 606.9388 564.6516 532.7322 514.0925 500.1465 490.5304 473.4269 450.1484 420.7587 388.871 341.3397 287.7446 257.7699 267.5863 310.4508 361.479 397.671 420.4216 431.5437 415.1093 379.2488 352.8693 345.7924 353.6317
1351.2 1399.145 1404.097 1369.892 1315.04 1276.987 1257.099 1188.069 1092.492 986.242 883.6458 793.2728 735.2882 737.055 782.616 835.8993 846.4496 805.7309 748.283 692.5837 651.9321 624.073 592.3963 589.316 630.934 686.9423 722.1563 714.0142 674.572 604.8308 545.8442 529.4598 564.2956 612.6595 654.908 675.1437 659.1426 642.1755 631.6989 607.7017 572.5876 539.9778 523.0969 510.383 497.1672 475.9521 452.3062 418.1794 372.1996 322.2078 274.8175 253.0465 270.7028 323.2968 379.7585 415.9953 436.8784 450.0253 443.3267 411.9477 380.7253 361.6775 357.218
1341.446 1326.047 1293.149 1248.542 1197.789 1188.094 1209.965 1183.274 1120.981 1033.583 933.4097 828.1073 746.0281 705.0359 731.0463 786.249 824.6414 801.453 734.6367 667.6934 622.4703 598.9766 576.8635 582.3975 633.4124 699.1381 755.0403 757.508 713.3035 639.7297 578.5952 560.2347 572.2349 591.4108 609.0411 618.1452 607.5954 600.2031 606.0294 600.8894 575.9024 553.6268 537.1627 528.2978 513.8723 487.8162 453.1073 410.9162 358.5575 303.4797 265.438 254.4566 278.7332 331.9491 385.0238 420.4125 442.7236 461.358 462.0684 444.2553 413.2854 387.0717 375.394
1323.267 1244.304 1177.486 1130.785 1092.143 1107.317 1152.186 1165.101 1141.103 1071.552 979.1152 866.0698 767.4243 698.884 689.3819 737.5204 784.7576 777.6246 723.3409 654.4899 602.4336 577.1164 562.4998 575.3963 634.1384 712.7831 780.0603 798.1929 742.9589 664.3288 601.4844 584.7791 591.0674 592.5904 581.0417 568.8238 565.9907 566.4742 578.5125 584.7793 576.6188 565.6744 552.6729 546.117 530.3091 500.091 461.1423 406.4388 343.6595 291.7083 264.0529 259.6596 284.6971 331.9831 380.5703 415.0182 439.9106 463.7664 475.0324 471.8436 446.6143 416.904 399.8947
1297.03 1163.669 1068.688 1023.537 1002.974 1037.25 1100.07 1136.964 1138.723 1090.308 1003.405 892.8076 787.248 708.4745 671.1842 696.2039 739.845 741.8922 704.064 650.9427 596.6581 565.556 553.3692 574.9701 640.2266 726.3203 798.4565 817.7825 757.1296 675.6846 615.1642 597.9363 602.7352 595.7311 571.9786 543.8322 532.5093 537.3884 552.731 563.7626 570.3177 565.4993 559.0133 554.8831 537.827 506.0878 463.1221 406.7552 340.4442 291.8592 270.913 267.8865 284.7401 323.4802 369.3055 403.0541 430.9011 456.9568 478.5553 488.2753 474.7066 449.898 432.331
1278.821 1101.904 978.2972 931.5428 928.6801 982.6034 1052.851 1102.102 1121.076 1094.52 1016.277 911.1057 807.4417 721.4713 669.553 669.709 698.9039 701.4557 678.584 644.1285 598.481 562.462 550.6476 574.9083 648.3109 743.915 820.5125 827.2075 762.076 677.7163 619.9079 600.2586 599.3903 591.1579 564.4613 533.8229 511.1675 511.5297 526.8882 548.1704 562.745 565.6698 562.3887 554.1958 535.075 501.1551 456.7908 405.3354 346.5009 302.6689 284.6802 281.311 288.1232 315.5511 355.9285 389.4945 415.107 444.5409 472.031 492.1982 491.2087 480.42 464.754
1265.286 1065.618 916.8528 856.0074 879.5472 944.6495 1011.963 1058.389 1085.321 1068.011 1003.954 917.4777 821.6548 740.3744 680.3295 657.0674 665.765 667.9404 656.4464 629.6198 596.4493 567.4623 555.2155 583.5281 665.3873 769.3372 834.5398 822.8846 757.1885 677.5751 622.8214 595.9581 587.1711 581.5558 558.2911 531.0654 507.4493 500.6737 508.9861 532.5756 555.9544 567.2521 563.9058 548.5789 524.7616 489.1148 447.8981 404.12 359.0661 323.7224 303.928 297.2573 298.5785 312.9761 343.3871 372.8975 398.2028 424.7375 456.1821 483.839 498.5942 499.2293 495.4231
1238.384 1040.054 880.568 809.9297 844.9245 914.9244 974.3159 1020.187 1046.852 1029.232 975.7878 904.6451 829.7694 751.0929 691.4687 659.5701 646.0832 640.5743 636.8659 615.2349 591.9711 573.5963 562.6806 596.6235 687.0328 796.3422 852.6666 816.1129 736.7881 664.3137 617.2792 594.4782 576.7929 564.7402 549.6422 529.4932 508.0108 494.7343 500.5446 523.1691 548.5616 566.715 564.1356 538.8915 508.8344 475.7743 440.4217 407.5146 376.7444 350.255 327.1871 315.5004 310.2733 317.6403 336.6135 359.7524 381.5098 405.5932 432.8604 466.9437 493.9541 509.2131 513.1948
1193.249 1015.362 857.1682 781.6779 814.9493 885.8605 949.117 992.0773 1012.827 991.6367 943.3862 886.6024 822.7501 753.2256 698.5799 666.093 635.6683 623.8375 618.2221 607.0502 588.7923 575.902 568.0777 606.7103 703.7 813.5977 865.2518 810.7305 720.9675 644.0894 601.1577 586.8531 572.2148 553.5485 540.1954 524.9445 508.1635 497.77 499.5703 516.9889 541.7673 560.1995 555.6418 529.1795 500.4875 470.6636 442.3119 422.9055 401.3302 374.594 350.7097 334.582 326.9216 328.7247 339.3093 353.0143 367.0835 386.6142 409.217 442.1773 479.4222 506.2856 520.7127
1133.601 976.1147 837.7258 760.7629 790.8506 860.8008 929.7066 972.3342 980.86 954.3503 909.5764 859.4155 806.9322 742.8162 695.7211 667.8227 642.0721 623.9589 615.8594 608.8103 592.2208 578.9865 573.0609 618.4404 712.7318 814.5043 857.1898 803.4976 709.5261 626.5186 583.4628 570.7679 565.6183 550.6779 536.0901 522.5634 510.3107 504.2374 502.4738 510.4721 532.444 548.5647 540.871 520.3918 496.6697 475.9127 452.61 437.1235 419.5576 391.4965 370.1264 356.6237 347.4199 343.1946 345.9165 354.0701 364.4493 374.8797 388.0437 415.6591 455.7661 493.7703 517.9355
1071.271 933.8436 815.2753 743.6739 768.86 844.1887 922.3187 957.7381 950.7737 931.6191 889.2867 836.5552 787.0614 729.1078 684.7721 662.7618 642.033 628.7944 631.0882 627.1806 603.64 586.1123 583.3956 623.8559 707.8093 797.7875 841.7303 795.3216 702.553 619.783 573.5297 555.8321 555.2626 547.3269 537.5123 526.9604 520.0677 515.7412 511.13 507.3272 523.3199 534.4833 524.2126 507.3118 492.0184 477.6808 459.1389 444.9576 427.2923 401.7091 385.8006 378.0698 369.929 358.6852 353.1465 357.6141 367.5687 374.1158 379.4488 395.3546 427.0328 470.5647 506.8818
