py_wake/examples/data/AJ_ParqueFicticio/Rough survey   Sector 8   Height 30m   Power density.grd
DSAA
73  159
 258469   265669
 6501692   6517492
 .000164093   978.4554
[rows 0 to 27 of 159, columns 0 to 62 of 73]
102.7595 101.4127 100.5783 99.26443 98.31162 96.75912 95.67825 94.89476 93.67218 91.98741 90.9776 89.48654 88.99366 87.53069 86.75524 85.69417 84.35223 82.17197 80.12155 74.73467 64.87425 68.94441 77.22322 109.3867 107.9248 102.7735 99.4517 108.7354 116.9143 118.658 120.209 119.4727 130.1236 130.6164 132.1491 143.0412 149.3608 144.2608 137.458 132.4953 124.5308 115.2066 108.2839 100.3299 101.8464 100.1418 98.32873 94.54201 93.11488 91.28835 89.50507 87.62533 86.15842 85.57901 86.4709 88.36372 90.00073 92.06801 93.6672 95.98564 98.51698 101.3619 104.0722
95.24252 98.25715 98.81928 97.27217 96.15043 94.85771 93.95433 93.17136 91.63774 90.66569 88.87315 87.61026 86.57102 86.0546 85.78737 85.10654 84.01485 82.74476 80.87611 75.92072 73.7278 83.91156 98.73318 113.445 110.2209 106.738 108.149 130.2273 121.1792 124.6029 125.7253 129.7014 140.4166 146.7626 150.5009 157.8722 160.1789 146.1616 137.7794 132.3838 122.6071 115.413 111.1645 106.8692 104.9448 102.9864 100.6734 96.53778 93.76004 91.39399 88.16113 85.80688 83.93219 84.15025 85.46591 87.44852 89.71177 92.35759 95.31158 98.04665 101.0361 104.3997 108.1668
94.30009 96.72756 97.15156 95.3124 93.46538 92.3272 91.31397 90.88239 90.97639 89.3721 88.7191 85.79176 83.56797 83.00308 84.36707 84.422 83.79897 83.16608 82.23228 78.56567 79.78114 90.46276 97.25672 102.174 117.1436 125.6882 127.9016 132.7866 128.0055 130.4337 131.3232 136.9645 147.3439 159.9252 169.3956 171.6957 171.2301 160.2567 145.2245 137.4296 124.8912 114.4637 109.8237 105.9146 104.7421 101.8788 99.3064 96.83816 93.1069 88.61203 83.35802 80.45318 81.13265 84.4343 85.67735 87.2562 89.92413 92.9286 96.47793 99.95287 104.0244 108.5875 113.8445
96.81425 95.40563 93.42899 91.26472 90.47117 89.81654 88.5935 88.08473 88.18693 87.18311 86.26022 84.62801 82.81962 81.80195 81.12587 83.46135 83.28295 82.58935 81.93515 79.29352 81.182 92.99497 99.55006 110.334 116.7871 128.912 136.6966 142.5475 136.874 138.4306 139.9769 144.2744 159.1742 166.6042 172.0613 169.0616 165.2701 163.0133 155.1553 143.6705 120.1544 106.5589 106.6486 107.1768 100.4911 105.2172 98.7691 93.73656 89.30891 85.44955 82.27428 85.32601 85.94531 85.70307 85.80547 87.29454 90.25753 93.64687 97.86308 102.8928 109.0185 115.5819 122.3485
91.37306 88.77275 85.38252 86.75079 87.78211 86.16676 84.71111 84.18789 84.62422 83.58584 83.45132 82.39345 80.13531 79.86434 79.26377 81.26084 82.22769 82.46517 81.87416 79.33956 87.08938 90.69644 101.4637 109.1097 117.9312 128.7746 138.6904 138.8137 137.2404 141.7715 150.7126 159.0064 163.4728 154.6922 140.224 116.7339 119.3777 125.8299 130.0688 104.8818 78.41023 90.47821 102.9366 112.1533 114.6263 112.5067 96.31332 91.14008 89.92725 89.81747 91.01894 90.32721 88.74374 86.49639 85.78513 86.76266 89.72303 94.11844 99.45915 106.688 115.8426 127.2669 140.0204
87.46694 81.74587 79.78784 84.26107 84.33356 82.12992 78.40238 80.83065 81.25206 80.45208 80.77126 81.00134 76.89971 78.62212 78.26698 77.28019 80.73024 82.84856 86.2343 94.81648 98.89556 106.1236 107.1702 113.5981 120.3771 122.4972 130.4591 132.0173 131.0707 134.0746 140.1827 133.826 106.5818 80.85865 73.91669 72.74487 72.42179 75.21355 72.40102 51.10466 52.40389 81.4166 107.0165 118.6273 116.6424 100.3127 89.82223 89.99911 93.17105 95.09853 97.48203 93.35753 88.96661 84.98109 83.28919 84.43719 88.37119 94.20755 101.7011 112.2523 127.5894 149.8122 183.0579
86.95682 85.64311 82.85717 84.42306 82.33796 78.71963 83.14845 87.96095 87.53312 86.10255 83.58174 79.10561 77.57823 79.23489 78.57659 76.2895 76.94247 80.9052 85.55027 92.52449 102.8315 108.7238 119.3037 125.5702 123.506 117.9742 123.2581 123.2019 121.7252 120.0195 119.0542 102.9295 82.68806 77.06963 74.58363 71.06928 69.68105 63.41292 50.95837 49.31614 72.34988 109.0631 125.5024 124.6778 101.7432 83.92001 84.48818 94.45653 100.735 99.61469 96.81176 90.76041 84.40237 80.35703 78.60641 80.81768 86.48849 93.74382 103.9006 121.6954 150.7961 158.9815 141.1583
88.15243 87.23144 87.14223 83.40707 85.91572 83.08746 86.08245 91.74229 92.38123 90.44517 86.16782 82.00565 79.88669 78.99758 78.08501 74.48943 72.24356 76.42592 80.93464 92.45887 107.3901 124.2087 136.8428 139.382 125.0147 113.4605 118.3481 116.4809 112.6769 107.0772 99.83861 87.79057 80.03321 74.96963 71.60966 67.58927 64.74676 59.8993 57.17499 67.1014 97.84726 125.2868 123.6013 96.30993 65.40856 76.15949 98.14241 109.0673 114.6289 107.4598 97.79498 90.77318 76.49677 62.514 67.21706 76.89615 84.78076 93.12256 106.6771 132.458 127.8558 112.087 85.71753
88.45576 86.71471 85.85571 80.53695 80.01591 81.86146 86.80511 91.97635 95.80938 93.05975 86.52568 83.16614 80.16937 78.56918 76.18303 71.8082 69.82031 70.38681 75.8578 83.91171 103.4997 110.2726 121.8599 130.2442 119.3627 108.8437 109.4559 112.2035 104.8602 95.80352 90.16594 81.4297 74.39215 69.08548 65.52199 60.90701 54.19263 54.40805 58.49254 67.45425 86.77994 98.14651 82.31494 53.86505 61.14811 87.09404 99.95625 93.69978 81.30589 71.06178 70.48065 63.37747 42.48442 44.78687 58.70478 74.82433 84.64227 93.24103 106.8476 107.0827 85.58902 62.74152 39.98713
88.92982 86.70974 84.12812 80.8961 80.25275 83.59892 96.98508 104.1655 100.4772 93.18256 83.02306 81.12464 79.68449 78.26156 73.5331 69.29201 68.25412 70.60306 73.39645 75.2577 81.68196 85.223 78.68035 80.10512 101.1029 105.2039 104.3568 106.9685 96.00685 88.11839 84.21175 76.52576 68.51697 62.43551 57.04265 52.53675 54.48732 54.79321 55.20922 57.48958 53.44732 42.58132 33.25725 32.85896 57.54968 78.4306 73.39225 61.72894 53.28534 45.10667 43.87755 31.99716 25.51879 42.84594 68.3653 80.92651 88.26456 94.74671 104.0206 81.62988 60.47544 35.63267 16.49958
89.37656 87.69521 84.83627 86.07673 96.4967 100.8039 108.9643 118.9126 101.1288 87.25128 76.14309 75.06786 78.96962 78.79382 75.80173 72.1944 65.71306 69.21068 73.62193 73.62762 71.41656 70.33345 65.23992 69.67935 73.12009 83.88488 87.93639 89.85711 86.33799 84.38592 76.27684 69.22661 63.79137 57.24075 51.68245 52.41756 52.99874 52.74393 51.13322 51.28743 46.91976 39.82401 33.96282 34.35287 40.25547 45.9791 33.13412 31.8845 32.41847 26.21381 24.17975 21.32217 32.72036 62.36246 84.37079 97.45664 100.5529 106.5649 92.20999 70.08541 46.48232 27.43521 20.82706
91.99747 91.19299 90.81174 98.71649 99.62823 102.9862 104.5191 102.6344 92.27895 73.92245 65.5081 75.13027 76.41051 80.63885 78.82393 77.30568 90.13162 82.45181 71.21095 68.56885 63.16357 61.46981 65.91108 69.7692 71.07325 69.32949 71.54131 81.99254 84.89452 76.4566 66.03957 60.9966 57.32312 53.71697 49.84113 49.53709 50.29406 49.83295 48.52877 45.63815 42.95385 38.61593 35.41198 33.80996 31.48154 26.47508 22.24491 19.945 16.9048 16.0825 17.8989 26.40734 49.30924 73.94912 89.5233 99.83376 100.7355 93.10475 82.81374 56.54947 35.56894 22.37701 21.24087
94.73094 96.19045 98.21099 100.1508 96.75938 96.63662 92.47032 83.23423 77.74052 66.18912 83.13753 101.8668 89.116 75.96114 71.48817 71.84706 85.91399 80.50578 77.36903 72.11015 66.34647 70.77446 72.9398 70.51454 68.71906 66.87379 63.3852 69.78319 67.45367 54.9873 53.43168 50.68689 49.38129 47.70779 45.81625 45.39442 47.00036 46.10688 44.14322 40.7441 38.13841 35.94072 31.94877 29.7027 27.91708 26.42689 23.01351 19.39457 17.4967 17.40406 20.6176 29.14112 44.61444 60.98797 72.56143 64.72616 45.80287 31.15013 21.56071 15.0044 12.67004 9.894818 18.79463
97.68032 97.84628 95.37611 96.1423 94.442 92.22212 87.7686 83.28037 78.47212 90.91356 109.3483 95.04543 83.81016 82.23939 80.25257 82.94104 77.7653 73.84734 79.83722 81.75474 84.05133 82.3708 75.70853 70.48728 66.10245 62.89421 59.18755 51.85137 44.95998 44.9465 44.57629 44.72476 43.267 40.93626 41.09812 41.3334 43.28313 42.49755 40.0786 36.82806 32.96375 30.21921 26.79637 24.98083 23.524 21.1207 19.33171 16.31955 16.2601 16.12769 19.32743 21.49348 8.431367 13.92405 13.51761 12.42402 16.6972 16.5936 15.80688 13.52031 10.68638 13.1686 18.38223
99.50945 97.43154 94.26511 94.28363 93.40137 90.0629 86.26006 84.26402 87.3139 91.45928 93.06542 89.94416 84.77349 83.10139 87.50436 89.8497 87.24868 90.10616 89.45051 87.68068 87.05861 90.10766 82.8699 69.30704 62.26666 59.54613 56.21854 52.1323 48.05547 45.55768 43.93373 41.97972 41.56979 37.35315 34.87272 36.76831 40.93093 39.24279 35.92213 30.30581 26.21361 23.51505 21.94911 21.72186 19.71176 17.96725 16.32946 15.00291 13.2555 14.53747 16.13175 16.06999 12.80543 5.686736 11.58619 13.42748 13.55739 16.10858 20.38844 .000164093 .08078253 .8455313 15.75482
99.44582 95.66972 93.78054 92.64404 91.79954 89.11514 86.33129 83.90738 83.58013 86.19093 88.56876 89.40227 88.29018 89.22389 98.12222 104.0531 99.57187 104.9867 98.46114 92.0718 94.76207 91.77965 81.62393 72.47896 60.69243 55.05999 54.03074 50.37461 46.67748 44.08037 42.56314 40.19684 35.21145 27.34352 27.42464 32.1326 35.35999 36.24974 33.08528 27.59827 24.23273 24.69503 23.74462 20.35188 16.88663 14.3909 14.28024 14.6818 14.86789 14.38083 13.94503 12.92477 11.29655 10.27749 9.962155 8.876091 11.78346 15.61706 18.54838 13.13004 2.399929 3.747425 4.584245
97.80923 94.86424 92.73247 92.41196 91.06989 89.84755 87.25542 86.01347 85.45632 87.24957 88.08157 90.48493 94.39876 98.62965 103.1768 102.1152 101.8335 98.74589 93.29162 88.57354 87.13786 85.93524 78.62838 71.8237 67.58333 60.22319 49.73521 46.93965 43.00729 40.07347 39.83568 38.16046 29.18409 22.64748 40.98495 46.17427 43.49485 37.25571 29.69802 19.15809 19.35868 22.73767 20.45894 17.88134 14.86935 13.51627 13.49004 13.3096 12.5455 12.54222 11.42371 10.29413 8.450495 8.632205 11.4526 18.77799 35.85221 50.67159 63.48455 69.61034 67.92637 56.29509 34.72301
97.03834 94.22964 92.55389 91.89837 91.37141 90.04846 89.10996 87.52013 87.56441 87.65816 89.42187 91.12015 97.51008 98.13699 96.2843 95.18836 92.92191 91.29141 89.06785 85.99065 83.38754 82.369 78.64301 74.45853 72.15025 69.13326 62.42955 49.71788 42.36835 49.6167 57.15173 40.74093 28.48361 38.66432 63.26017 64.95536 59.57119 52.55928 39.05313 26.32892 19.77026 17.91427 14.22952 12.66835 11.32307 12.09756 11.97051 14.6948 22.79613 29.4945 28.97305 25.15305 26.07172 33.34941 46.29482 60.41543 75.08096 85.69212 84.58691 78.75379 72.2793 63.63222 47.80038
97.96382 93.93045 93.52625 91.64381 91.53428 90.16842 89.82124 89.68549 88.94859 88.95351 91.39053 94.33861 97.46854 93.06651 92.74541 92.5722 90.10264 88.19091 87.10188 85.12195 82.90285 81.38927 80.43334 81.56747 85.60096 83.03947 78.67623 78.93719 77.70621 84.59982 72.67411 52.52536 50.1033 70.77186 85.60111 81.44256 77.46329 63.98521 44.1119 26.38371 24.13188 25.66847 26.57464 30.25751 33.8812 36.92406 33.5173 37.93501 50.82901 54.59451 48.43016 41.02348 42.41715 51.8723 61.11815 73.7194 71.96131 73.71725 71.40575 67.08281 65.44003 59.13232 47.71206
98.40199 95.10844 93.16927 91.04411 90.28554 90.092 90.30089 91.0573 90.72959 90.78116 93.77779 94.03902 94.67345 91.84865 90.5501 90.34807 89.09229 86.71854 86.54691 85.59267 84.26843 82.89143 84.33569 86.38416 85.13798 83.31648 87.22414 91.71335 102.4456 98.53316 67.20211 58.72864 86.0956 97.09728 87.07515 81.00388 71.01611 59.18216 35.47303 25.53976 36.9911 50.11348 61.08553 65.57539 70.15251 69.29598 61.30806 66.70529 78.90076 72.28117 59.12175 49.87192 49.99703 55.04533 58.1162 58.8259 63.37535 65.6594 60.81741 60.40435 59.79515 56.42972 47.70945
96.97561 95.96749 92.29089 88.7746 88.09528 89.21845 89.85847 91.07658 92.45748 92.39912 91.4337 92.20427 91.85208 90.10697 88.90495 89.03973 89.09096 86.7102 87.63636 87.45869 86.50838 85.15712 85.18649 83.86358 83.52747 82.10036 83.35983 87.52085 90.09213 80.80109 56.88496 66.17453 83.6081 71.73991 75.5108 84.09013 76.64156 58.71265 30.19797 42.15429 68.89899 83.86755 83.36932 96.18328 87.93628 74.94226 73.08616 83.99161 83.48468 64.77728 53.65948 49.82508 53.21193 49.07621 51.06599 51.33822 52.94721 54.0622 54.02947 56.97281 58.81572 59.62111 56.78592
93.86712 91.58549 90.52908 85.32772 85.75236 88.07017 89.89054 91.13574 92.7038 91.14313 88.70364 89.50646 90.35175 88.90866 87.60847 88.27174 89.38009 89.03562 88.79577 86.92894 85.39857 84.02357 84.15654 82.86404 81.58142 80.51706 79.70066 78.80742 68.17181 50.11312 57.14722 69.95061 75.38812 81.22665 81.30259 72.17834 60.39907 47.48264 35.84598 64.47337 92.80677 90.00077 85.76929 79.06586 71.74494 64.95887 68.71068 74.58478 67.36301 52.01511 43.32563 45.56796 46.50174 43.54322 43.9573 44.44606 43.60712 49.30597 53.38195 60.35308 68.47801 75.52836 77.38559
90.53571 87.58541 86.5351 84.99072 85.88062 87.31984 89.55616 90.69267 92.13177 89.51389 85.9845 86.69067 87.90366 88.01675 87.58694 86.6983 89.64631 86.49999 86.4245 85.38934 84.19405 82.65186 82.03912 81.2944 80.00262 77.13178 73.33139 70.90224 61.0909 53.50056 68.51202 88.29242 97.37208 87.90252 79.64763 60.37965 49.80604 43.89816 51.1868 73.32093 84.57007 78.26433 71.54484 66.34011 63.58618 63.46412 62.00536 57.10001 47.55995 41.53393 35.74966 34.3628 38.35079 36.25874 39.01749 40.53224 46.40532 55.45783 67.14075 83.43179 97.62397 102.5621 96.66261
89.28537 86.74545 88.2267 89.6014 88.0575 88.14233 89.44217 90.37376 90.52155 87.80038 84.59162 85.27621 85.95398 86.72558 87.66363 87.4575 87.61913 84.80624 84.03464 84.41129 83.51981 81.74072 80.56158 80.34632 78.5083 74.11035 68.43769 61.9405 57.6618 61.8868 95.43107 93.73384 91.2968 86.61105 73.32262 57.96162 51.28516 52.12464 62.49747 70.60429 75.86643 61.99279 60.27532 54.33539 54.89862 51.52122 48.95914 44.18103 36.29375 30.84785 28.36638 29.46972 33.46703 33.32794 36.3766 44.15266 57.43649 71.07822 97.78498 132.062 140.9547 129.2406 112.6781
89.65679 88.58393 91.26203 91.02592 89.54504 88.81122 89.07442 89.70219 89.49597 86.22277 84.95168 84.57997 85.86377 86.45502 87.29992 87.39958 86.97977 84.97686 83.27097 83.19166 83.02536 81.69556 79.6069 79.83282 78.29535 74.72273 68.99173 63.04365 65.53664 78.83819 99.35577 83.54151 78.41393 75.78448 65.44051 57.81675 56.14336 58.91622 63.85244 68.82073 56.65707 52.99076 50.15003 46.43476 47.07787 42.12016 39.92565 36.32829 31.11919 27.01333 23.37802 25.0309 32.25215 36.74186 42.64241 54.90499 77.75493 107.747 158.3723 192.1364 179.8054 145.4452 116.4285
88.1796 88.80725 90.48267 91.59881 92.09035 89.58962 88.60977 88.23972 88.34913 85.52421 85.1941 85.82691 86.18688 86.35822 87.169 86.59947 85.76283 84.74661 82.94015 82.36878 82.67074 82.74557 80.37879 80.73358 81.12756 80.02313 75.58688 71.21313 76.22756 85.86822 85.38922 75.73368 72.75366 66.38279 58.38979 64.89383 56.95432 58.21257 61.37753 59.84592 60.36496 65.57836 52.58813 49.85775 42.47373 37.63457 36.05178 31.93879 29.74154 25.06368 24.10428 26.53536 34.78741 45.49614 53.77151 76.18417 116.3125 171.6128 227.6725 229.2433 181.2997 135.4525 97.49692
90.86885 92.57912 92.49847 92.13158 91.67264 91.58336 89.15326 87.87455 87.31938 88.91628 87.99764 87.57389 86.98549 87.02863 86.68234 86.32641 85.50964 84.57368 83.2499 82.0419 82.40227 83.57855 83.99731 82.91252 78.95782 75.97337 78.36718 75.52449 75.00949 77.228 74.43627 72.21809 70.53786 68.59179 60.50714 57.82764 55.79656 58.96041 66.16498 68.04567 61.73147 59.5373 53.83796 49.96601 44.26871 38.40352 32.8841 26.5384 25.39819 25.34506 25.9195 30.39126 43.65874 64.30547 74.62592 102.321 168.6363 241.3783 246.3991 206.2709 146.1642 103.0983 65.29432
93.45857 94.59967 93.72862 93.24126 92.23856 91.30965 90.04098 88.75141 90.16507 92.22711 91.74543 90.22685 88.56974 87.91258 87.5592 86.17755 85.40014 84.28505 83.74435 83.29607 82.52016 84.83331 81.92197 80.5899 77.46363 72.85607 70.30936 71.15997 70.88899 69.32922 69.90795 69.78674 64.83406 61.73431 52.98123 52.9537 58.40914 61.80202 59.99725 58.76237 53.41806 50.88221 54.56861 47.72366 43.23462 36.67653 27.42447 25.44388 22.72615 23.89799 30.37217 39.99549 63.16842 91.14042 99.72521 129.2862 201.4002 265.4098 228.9571 163.6405 98.0621 62.78876 37.45831
