py_wake/examples/data/AJ_ParqueFicticio/Rough survey   Sector 5   Height 30m   Weibull-k.grd
DSAA
73  159
 258469   265669
 6501692   6517492
 .8457031   2.744141
[rows 28 to 55 of 159, columns 0 to 62 of 73]
2.677734 2.677734 2.677734 2.677734 2.677734 2.677734 2.677734 2.677734 2.677734 2.677734 2.677734 2.677734 2.677734 2.677734 2.677734 2.677734 2.673828 2.669922 2.669922 2.669922 2.669922 2.673828 2.669922 2.669922 2.669922 2.666016 2.662109 2.666016 2.669922 2.669922 2.666016 2.658203 2.654297 2.666016 2.638672 2.666016 2.673828 2.669922 2.662109 2.646484 2.642578 2.658203 2.658203 2.642578 2.607422 2.591797 2.580078 2.552734 2.533203 2.521484 2.529297 2.537109 2.478516 2.443359 2.447266 2.369141 2.177734 2.181641 2.326172 2.517578 2.595703 2.650391 2.634766
2.677734 2.677734 2.677734 2.677734 2.677734 2.677734 2.677734 2.677734 2.677734 2.677734 2.677734 2.677734 2.677734 2.677734 2.677734 2.673828 2.673828 2.673828 2.673828 2.673828 2.677734 2.677734 2.673828 2.673828 2.669922 2.666016 2.666016 2.666016 2.666016 2.666016 2.666016 2.669922 2.666016 2.654297 2.642578 2.666016 2.662109 2.658203 2.654297 2.646484 2.650391 2.646484 2.646484 2.654297 2.638672 2.615234 2.591797 2.580078 2.603516 2.599609 2.599609 2.576172 2.509766 2.462891 2.462891 2.384766 2.279297 2.275391 2.455078 2.615234 2.677734 2.623047 2.564453
2.677734 2.677734 2.677734 2.677734 2.677734 2.677734 2.677734 2.677734 2.677734 2.677734 2.677734 2.677734 2.677734 2.677734 2.673828 2.673828 2.673828 2.673828 2.673828 2.673828 2.677734 2.673828 2.673828 2.673828 2.669922 2.666016 2.666016 2.666016 2.662109 2.662109 2.662109 2.666016 2.658203 2.650391 2.646484 2.658203 2.658203 2.654297 2.642578 2.642578 2.642578 2.630859 2.646484 2.642578 2.638672 2.630859 2.607422 2.603516 2.611328 2.626953 2.630859 2.650391 2.595703 2.521484 2.478516 2.388672 2.271484 2.275391 2.474609 2.611328 2.658203 2.556641 2.564453
2.677734 2.677734 2.677734 2.677734 2.677734 2.677734 2.677734 2.677734 2.677734 2.677734 2.677734 2.677734 2.677734 2.677734 2.673828 2.673828 2.673828 2.673828 2.673828 2.677734 2.673828 2.673828 2.673828 2.669922 2.669922 2.666016 2.666016 2.666016 2.666016 2.662109 2.662109 2.662109 2.650391 2.642578 2.646484 2.658203 2.654297 2.646484 2.634766 2.634766 2.630859 2.634766 2.634766 2.642578 2.630859 2.626953 2.638672 2.662109 2.666016 2.658203 2.650391 2.654297 2.630859 2.572266 2.466797 2.357422 2.251953 2.314453 2.466797 2.599609 2.626953 2.537109 2.662109
2.677734 2.677734 2.677734 2.677734 2.677734 2.677734 2.677734 2.677734 2.677734 2.677734 2.677734 2.677734 2.677734 2.677734 2.677734 2.673828 2.677734 2.673828 2.673828 2.677734 2.673828 2.673828 2.669922 2.669922 2.669922 2.666016 2.662109 2.662109 2.662109 2.662109 2.662109 2.658203 2.646484 2.642578 2.646484 2.654297 2.654297 2.642578 2.630859 2.634766 2.638672 2.638672 2.646484 2.642578 2.634766 2.630859 2.650391 2.669922 2.654297 2.615234 2.583984 2.564453 2.548828 2.498047 2.396484 2.302734 2.251953 2.357422 2.482422 2.623047 2.626953 2.595703 2.654297
2.677734 2.677734 2.677734 2.677734 2.677734 2.677734 2.677734 2.677734 2.677734 2.677734 2.677734 2.677734 2.677734 2.677734 2.677734 2.677734 2.677734 2.673828 2.677734 2.673828 2.673828 2.673828 2.669922 2.669922 2.666016 2.666016 2.666016 2.666016 2.662109 2.662109 2.658203 2.654297 2.650391 2.646484 2.642578 2.642578 2.642578 2.630859 2.630859 2.626953 2.626953 2.634766 2.658203 2.662109 2.658203 2.654297 2.658203 2.662109 2.638672 2.564453 2.474609 2.376953 2.345703 2.341797 2.314453 2.255859 2.248047 2.365234 2.509766 2.650391 2.638672 2.662109 2.611328
2.677734 2.677734 2.677734 2.677734 2.677734 2.681641 2.677734 2.677734 2.677734 2.677734 2.681641 2.681641 2.677734 2.677734 2.677734 2.677734 2.677734 2.673828 2.677734 2.673828 2.673828 2.669922 2.669922 2.666016 2.666016 2.666016 2.666016 2.666016 2.666016 2.662109 2.658203 2.654297 2.650391 2.650391 2.646484 2.634766 2.630859 2.623047 2.623047 2.611328 2.615234 2.634766 2.650391 2.662109 2.677734 2.673828 2.666016 2.654297 2.650391 2.630859 2.587891 2.494141 2.376953 2.294922 2.244141 2.232422 2.306641 2.455078 2.615234 2.658203 2.634766 2.681641 2.572266
2.677734 2.677734 2.677734 2.677734 2.677734 2.677734 2.681641 2.681641 2.681641 2.681641 2.681641 2.681641 2.681641 2.677734 2.677734 2.681641 2.681641 2.673828 2.677734 2.673828 2.669922 2.669922 2.666016 2.666016 2.666016 2.669922 2.669922 2.666016 2.662109 2.662109 2.658203 2.654297 2.650391 2.646484 2.638672 2.634766 2.630859 2.623047 2.607422 2.556641 2.603516 2.611328 2.599609 2.623047 2.669922 2.681641 2.677734 2.666016 2.662109 2.673828 2.673828 2.654297 2.607422 2.525391 2.408203 2.337891 2.392578 2.541016 2.673828 2.615234 2.623047 2.681641 2.576172
2.677734 2.677734 2.677734 2.681641 2.681641 2.677734 2.681641 2.681641 2.681641 2.681641 2.681641 2.681641 2.681641 2.677734 2.681641 2.677734 2.673828 2.666016 2.677734 2.669922 2.666016 2.666016 2.666016 2.666016 2.669922 2.669922 2.666016 2.666016 2.662109 2.658203 2.654297 2.650391 2.646484 2.642578 2.638672 2.634766 2.619141 2.595703 2.533203 2.513672 2.537109 2.595703 2.611328 2.607422 2.626953 2.681641 2.681641 2.681641 2.677734 2.677734 2.677734 2.677734 2.654297 2.607422 2.525391 2.431641 2.439453 2.572266 2.658203 2.572266 2.638672 2.681641 2.650391
2.677734 2.677734 2.677734 2.681641 2.681641 2.681641 2.677734 2.677734 2.677734 2.677734 2.677734 2.677734 2.681641 2.681641 2.681641 2.677734 2.673828 2.666016 2.662109 2.673828 2.669922 2.669922 2.669922 2.669922 2.669922 2.669922 2.666016 2.666016 2.662109 2.658203 2.654297 2.646484 2.646484 2.646484 2.646484 2.646484 2.619141 2.580078 2.541016 2.455078 2.490234 2.560547 2.619141 2.634766 2.634766 2.681641 2.681641 2.681641 2.681641 2.681641 2.681641 2.662109 2.619141 2.580078 2.521484 2.451172 2.462891 2.587891 2.654297 2.607422 2.673828 2.681641 2.681641
2.677734 2.681641 2.677734 2.677734 2.677734 2.673828 2.677734 2.677734 2.677734 2.677734 2.673828 2.673828 2.677734 2.681641 2.681641 2.681641 2.673828 2.669922 2.662109 2.666016 2.673828 2.673828 2.673828 2.673828 2.673828 2.669922 2.666016 2.666016 2.662109 2.658203 2.654297 2.654297 2.650391 2.646484 2.646484 2.630859 2.595703 2.572266 2.509766 2.470703 2.513672 2.576172 2.611328 2.646484 2.658203 2.681641 2.681641 2.677734 2.626953 2.556641 2.494141 2.447266 2.419922 2.439453 2.435547 2.392578 2.427734 2.599609 2.673828 2.673828 2.681641 2.681641 2.681641
2.681641 2.677734 2.677734 2.677734 2.677734 2.669922 2.681641 2.677734 2.677734 2.673828 2.673828 2.673828 2.681641 2.681641 2.681641 2.681641 2.677734 2.673828 2.673828 2.677734 2.677734 2.677734 2.677734 2.673828 2.673828 2.669922 2.666016 2.666016 2.662109 2.658203 2.654297 2.654297 2.654297 2.650391 2.650391 2.630859 2.603516 2.556641 2.443359 2.478516 2.533203 2.611328 2.634766 2.646484 2.654297 2.658203 2.673828 2.681641 2.681641 2.642578 2.529297 2.490234 2.447266 2.412109 2.416016 2.400391 2.462891 2.607422 2.681641 2.681641 2.681641 2.681641 2.681641
2.681641 2.681641 2.677734 2.673828 2.677734 2.681641 2.681641 2.677734 2.673828 2.673828 2.673828 2.681641 2.681641 2.681641 2.681641 2.681641 2.681641 2.677734 2.677734 2.677734 2.677734 2.677734 2.677734 2.677734 2.673828 2.669922 2.666016 2.666016 2.662109 2.658203 2.658203 2.658203 2.654297 2.654297 2.654297 2.646484 2.630859 2.552734 2.447266 2.509766 2.564453 2.626953 2.642578 2.654297 2.654297 2.638672 2.638672 2.662109 2.677734 2.681641 2.681641 2.681641 2.654297 2.623047 2.560547 2.486328 2.498047 2.603516 2.681641 2.681641 2.681641 2.681641 2.681641
2.681641 2.677734 2.673828 2.673828 2.673828 2.673828 2.681641 2.677734 2.669922 2.669922 2.669922 2.666016 2.681641 2.677734 2.681641 2.681641 2.681641 2.681641 2.677734 2.677734 2.677734 2.677734 2.677734 2.677734 2.677734 2.669922 2.669922 2.669922 2.666016 2.666016 2.662109 2.658203 2.658203 2.654297 2.654297 2.654297 2.646484 2.552734 2.556641 2.591797 2.623047 2.646484 2.646484 2.658203 2.658203 2.646484 2.611328 2.603516 2.615234 2.662109 2.681641 2.681641 2.681641 2.681641 2.634766 2.560547 2.533203 2.580078 2.646484 2.681641 2.681641 2.681641 2.681641
2.681641 2.673828 2.669922 2.662109 2.666016 2.673828 2.677734 2.673828 2.666016 2.666016 2.662109 2.658203 2.662109 2.677734 2.681641 2.677734 2.681641 2.681641 2.681641 2.677734 2.677734 2.677734 2.677734 2.677734 2.677734 2.673828 2.673828 2.673828 2.669922 2.666016 2.666016 2.662109 2.662109 2.658203 2.658203 2.654297 2.623047 2.607422 2.642578 2.662109 2.669922 2.669922 2.669922 2.677734 2.677734 2.669922 2.634766 2.587891 2.611328 2.658203 2.677734 2.681641 2.681641 2.681641 2.619141 2.533203 2.490234 2.525391 2.595703 2.654297 2.681641 2.681641 2.681641
2.677734 2.673828 2.666016 2.654297 2.650391 2.662109 2.677734 2.666016 2.662109 2.662109 2.658203 2.658203 2.666016 2.677734 2.677734 2.677734 2.677734 2.677734 2.681641 2.677734 2.677734 2.677734 2.677734 2.677734 2.673828 2.673828 2.673828 2.673828 2.673828 2.669922 2.666016 2.666016 2.666016 2.662109 2.666016 2.662109 2.654297 2.654297 2.673828 2.681641 2.681641 2.681641 2.681641 2.681641 2.681641 2.681641 2.677734 2.669922 2.677734 2.681641 2.681641 2.673828 2.595703 2.505859 2.435547 2.357422 2.396484 2.478516 2.560547 2.634766 2.654297 2.669922 2.658203
2.677734 2.673828 2.669922 2.654297 2.662109 2.666016 2.669922 2.666016 2.666016 2.666016 2.666016 2.673828 2.681641 2.681641 2.681641 2.677734 2.673828 2.673828 2.677734 2.681641 2.677734 2.681641 2.677734 2.677734 2.677734 2.673828 2.677734 2.677734 2.677734 2.673828 2.669922 2.673828 2.669922 2.669922 2.669922 2.669922 2.666016 2.666016 2.677734 2.681641 2.681641 2.681641 2.681641 2.642578 2.548828 2.466797 2.470703 2.486328 2.458984 2.404297 2.373047 2.349609 2.357422 2.357422 2.306641 2.228516 2.306641 2.431641 2.564453 2.623047 2.638672 2.642578 2.607422
2.677734 2.673828 2.669922 2.658203 2.666016 2.677734 2.677734 2.669922 2.666016 2.669922 2.673828 2.681641 2.681641 2.681641 2.681641 2.677734 2.673828 2.673828 2.673828 2.681641 2.681641 2.677734 2.669922 2.662109 2.677734 2.677734 2.677734 2.681641 2.681641 2.677734 2.677734 2.681641 2.673828 2.673828 2.673828 2.673828 2.673828 2.673828 2.677734 2.681641 2.681641 2.681641 2.626953 2.564453 2.478516 2.478516 2.533203 2.595703 2.591797 2.533203 2.521484 2.490234 2.470703 2.419922 2.396484 2.287109 2.298828 2.400391 2.537109 2.623047 2.654297 2.669922 2.677734
2.677734 2.673828 2.669922 2.666016 2.666016 2.673828 2.673828 2.662109 2.654297 2.662109 2.669922 2.677734 2.681641 2.681641 2.677734 2.673828 2.669922 2.673828 2.677734 2.681641 2.681641 2.673828 2.666016 2.662109 2.677734 2.681641 2.681641 2.681641 2.681641 2.681641 2.681641 2.681641 2.681641 2.681641 2.681641 2.677734 2.677734 2.677734 2.677734 2.677734 2.681641 2.681641 2.681641 2.681641 2.681641 2.681641 2.681641 2.681641 2.681641 2.681641 2.681641 2.654297 2.607422 2.552734 2.505859 2.451172 2.419922 2.427734 2.462891 2.525391 2.630859 2.669922 2.666016
2.673828 2.669922 2.669922 2.662109 2.662109 2.666016 2.666016 2.654297 2.642578 2.642578 2.662109 2.673828 2.681641 2.677734 2.677734 2.669922 2.669922 2.673828 2.677734 2.681641 2.673828 2.666016 2.666016 2.681641 2.681641 2.677734 2.677734 2.673828 2.677734 2.681641 2.681641 2.681641 2.681641 2.681641 2.681641 2.681641 2.681641 2.681641 2.681641 2.681641 2.681641 2.681641 2.681641 2.681641 2.681641 2.681641 2.681641 2.681641 2.681641 2.669922 2.666016 2.638672 2.623047 2.587891 2.544922 2.529297 2.533203 2.544922 2.564453 2.517578 2.490234 2.541016 2.626953
2.673828 2.669922 2.666016 2.666016 2.658203 2.658203 2.658203 2.654297 2.642578 2.650391 2.666016 2.669922 2.681641 2.677734 2.673828 2.669922 2.666016 2.669922 2.673828 2.677734 2.666016 2.662109 2.658203 2.654297 2.673828 2.677734 2.666016 2.666016 2.669922 2.681641 2.677734 2.666016 2.666016 2.681641 2.681641 2.681641 2.681641 2.681641 2.681641 2.681641 2.681641 2.681641 2.681641 2.681641 2.681641 2.681641 2.654297 2.611328 2.587891 2.576172 2.568359 2.591797 2.572266 2.568359 2.529297 2.552734 2.576172 2.607422 2.626953 2.591797 2.560547 2.486328 2.427734
2.669922 2.662109 2.658203 2.662109 2.658203 2.658203 2.654297 2.646484 2.642578 2.646484 2.658203 2.666016 2.669922 2.673828 2.669922 2.662109 2.662109 2.658203 2.658203 2.673828 2.662109 2.658203 2.650391 2.642578 2.638672 2.658203 2.650391 2.650391 2.658203 2.658203 2.658203 2.666016 2.681641 2.681641 2.681641 2.681641 2.681641 2.681641 2.681641 2.681641 2.681641 2.681641 2.681641 2.669922 2.626953 2.580078 2.595703 2.615234 2.638672 2.646484 2.623047 2.560547 2.544922 2.501953 2.423828 2.455078 2.505859 2.568359 2.630859 2.611328 2.572266 2.580078 2.513672
2.666016 2.662109 2.658203 2.669922 2.666016 2.662109 2.654297 2.642578 2.650391 2.654297 2.662109 2.669922 2.673828 2.681641 2.669922 2.662109 2.662109 2.654297 2.662109 2.677734 2.662109 2.654297 2.650391 2.650391 2.662109 2.662109 2.646484 2.642578 2.646484 2.642578 2.638672 2.646484 2.662109 2.669922 2.654297 2.666016 2.681641 2.681641 2.681641 2.681641 2.681641 2.681641 2.666016 2.673828 2.662109 2.638672 2.666016 2.681641 2.681641 2.677734 2.611328 2.521484 2.490234 2.490234 2.427734 2.373047 2.376953 2.474609 2.611328 2.623047 2.580078 2.564453 2.595703
2.666016 2.666016 2.662109 2.666016 2.662109 2.658203 2.650391 2.650391 2.654297 2.662109 2.669922 2.677734 2.677734 2.681641 2.677734 2.669922 2.673828 2.673828 2.677734 2.677734 2.662109 2.654297 2.654297 2.662109 2.666016 2.658203 2.642578 2.642578 2.650391 2.634766 2.611328 2.599609 2.611328 2.611328 2.576172 2.583984 2.650391 2.646484 2.654297 2.681641 2.669922 2.681641 2.681641 2.681641 2.681641 2.681641 2.681641 2.681641 2.681641 2.638672 2.513672 2.380859 2.396484 2.501953 2.486328 2.408203 2.341797 2.326172 2.513672 2.615234 2.591797 2.576172 2.587891
2.666016 2.662109 2.658203 2.662109 2.658203 2.654297 2.650391 2.650391 2.658203 2.662109 2.673828 2.677734 2.677734 2.681641 2.673828 2.666016 2.669922 2.673828 2.669922 2.669922 2.666016 2.654297 2.669922 2.677734 2.673828 2.662109 2.662109 2.669922 2.658203 2.634766 2.607422 2.615234 2.623047 2.580078 2.509766 2.482422 2.505859 2.564453 2.615234 2.607422 2.603516 2.681641 2.673828 2.681641 2.681641 2.681641 2.681641 2.681641 2.646484 2.583984 2.423828 2.298828 2.345703 2.560547 2.544922 2.482422 2.431641 2.337891 2.419922 2.572266 2.591797 2.564453 2.560547
2.658203 2.658203 2.658203 2.658203 2.654297 2.654297 2.650391 2.654297 2.662109 2.666016 2.673828 2.677734 2.677734 2.677734 2.669922 2.662109 2.662109 2.673828 2.669922 2.669922 2.677734 2.677734 2.677734 2.677734 2.677734 2.669922 2.673828 2.673828 2.658203 2.630859 2.615234 2.623047 2.646484 2.615234 2.564453 2.552734 2.556641 2.548828 2.630859 2.603516 2.541016 2.587891 2.638672 2.662109 2.669922 2.654297 2.630859 2.634766 2.591797 2.544922 2.431641 2.369141 2.365234 2.583984 2.591797 2.490234 2.462891 2.443359 2.498047 2.658203 2.619141 2.564453 2.494141
2.654297 2.658203 2.662109 2.658203 2.654297 2.650391 2.658203 2.658203 2.662109 2.666016 2.669922 2.673828 2.673828 2.673828 2.677734 2.673828 2.677734 2.677734 2.673828 2.666016 2.669922 2.673828 2.669922 2.677734 2.677734 2.673828 2.677734 2.677734 2.662109 2.630859 2.603516 2.591797 2.646484 2.658203 2.642578 2.630859 2.626953 2.658203 2.681641 2.681641 2.681641 2.650391 2.646484 2.650391 2.634766 2.583984 2.587891 2.630859 2.583984 2.544922 2.427734 2.341797 2.361328 2.572266 2.654297 2.533203 2.458984 2.462891 2.556641 2.681641 2.681641 2.623047 2.505859
2.658203 2.662109 2.662109 2.658203 2.650391 2.650391 2.658203 2.662109 2.666016 2.666016 2.669922 2.669922 2.669922 2.669922 2.677734 2.677734 2.677734 2.681641 2.673828 2.658203 2.654297 2.673828 2.669922 2.673828 2.673828 2.669922 2.677734 2.677734 2.669922 2.642578 2.615234 2.638672 2.681641 2.681641 2.681641 2.669922 2.681641 2.681641 2.681641 2.681641 2.681641 2.681641 2.681641 2.681641 2.681641 2.615234 2.580078 2.607422 2.556641 2.482422 2.357422 2.263672 2.318359 2.541016 2.677734 2.548828 2.380859 2.380859 2.517578 2.662109 2.673828 2.666016 2.498047
