py_wake/examples/data/AJ_ParqueFicticio/Rough survey   Sector 9   Height 30m   Weibull-k.grd
DSAA
73  159
 258469   265669
 6501692   6517492
 .6074219   2.455078
[rows 0 to 27 of 159, columns 0 to 62 of 73]
2.412109 2.416016 2.416016 2.416016 2.419922 2.419922 2.419922 2.423828 2.423828 2.423828 2.423828 2.423828 2.423828 2.423828 2.419922 2.423828 2.423828 2.427734 2.431641 2.431641 2.431641 2.431641 2.431641 2.419922 2.408203 2.376953 2.373047 2.388672 2.392578 2.388672 2.380859 2.380859 2.376953 2.380859 2.384766 2.388672 2.396484 2.404297 2.404297 2.408203 2.408203 2.412109 2.419922 2.412109 2.416016 2.419922 2.419922 2.419922 2.419922 2.423828 2.419922 2.419922 2.419922 2.419922 2.419922 2.419922 2.412109 2.408203 2.404297 2.400391 2.400391 2.400391 2.404297
2.416016 2.416016 2.416016 2.416016 2.419922 2.419922 2.423828 2.423828 2.423828 2.427734 2.423828 2.427734 2.427734 2.423828 2.419922 2.423828 2.419922 2.423828 2.427734 2.431641 2.431641 2.431641 2.431641 2.416016 2.423828 2.400391 2.353516 2.369141 2.384766 2.384766 2.380859 2.376953 2.373047 2.369141 2.369141 2.376953 2.392578 2.412109 2.412109 2.412109 2.416016 2.423828 2.427734 2.419922 2.408203 2.416016 2.423828 2.423828 2.423828 2.423828 2.419922 2.419922 2.416016 2.416016 2.416016 2.416016 2.416016 2.408203 2.400391 2.396484 2.396484 2.396484 2.400391
2.423828 2.408203 2.412109 2.419922 2.419922 2.423828 2.423828 2.423828 2.423828 2.423828 2.423828 2.427734 2.423828 2.423828 2.423828 2.419922 2.419922 2.419922 2.419922 2.416016 2.419922 2.416016 2.427734 2.416016 2.416016 2.396484 2.365234 2.365234 2.376953 2.376953 2.376953 2.373047 2.369141 2.357422 2.345703 2.357422 2.380859 2.412109 2.416016 2.416016 2.423828 2.431641 2.427734 2.419922 2.423828 2.416016 2.419922 2.427734 2.427734 2.427734 2.419922 2.416016 2.416016 2.416016 2.412109 2.412109 2.416016 2.404297 2.396484 2.392578 2.392578 2.396484 2.396484
2.423828 2.423828 2.412109 2.416016 2.423828 2.427734 2.423828 2.423828 2.423828 2.423828 2.423828 2.423828 2.423828 2.419922 2.423828 2.416016 2.416016 2.419922 2.416016 2.412109 2.412109 2.404297 2.431641 2.427734 2.416016 2.404297 2.376953 2.365234 2.369141 2.369141 2.373047 2.369141 2.361328 2.345703 2.330078 2.326172 2.357422 2.396484 2.427734 2.419922 2.435547 2.435547 2.427734 2.423828 2.416016 2.419922 2.427734 2.427734 2.427734 2.427734 2.423828 2.419922 2.419922 2.416016 2.412109 2.412109 2.412109 2.404297 2.392578 2.388672 2.388672 2.388672 2.388672
2.423828 2.423828 2.419922 2.419922 2.419922 2.427734 2.423828 2.423828 2.419922 2.423828 2.423828 2.423828 2.419922 2.419922 2.419922 2.416016 2.416016 2.416016 2.412109 2.408203 2.404297 2.404297 2.404297 2.419922 2.412109 2.408203 2.384766 2.376953 2.373047 2.369141 2.361328 2.365234 2.353516 2.345703 2.341797 2.341797 2.349609 2.388672 2.412109 2.435547 2.435547 2.419922 2.416016 2.423828 2.427734 2.435547 2.435547 2.427734 2.431641 2.431641 2.431641 2.427734 2.423828 2.416016 2.412109 2.408203 2.408203 2.400391 2.388672 2.380859 2.380859 2.384766 2.384766
2.419922 2.423828 2.423828 2.423828 2.412109 2.423828 2.416016 2.416016 2.416016 2.419922 2.419922 2.419922 2.419922 2.416016 2.416016 2.416016 2.412109 2.408203 2.400391 2.396484 2.400391 2.400391 2.404297 2.404297 2.408203 2.404297 2.392578 2.384766 2.380859 2.376953 2.369141 2.369141 2.380859 2.380859 2.380859 2.376953 2.361328 2.361328 2.388672 2.419922 2.419922 2.380859 2.404297 2.419922 2.423828 2.431641 2.427734 2.427734 2.431641 2.435547 2.435547 2.435547 2.427734 2.419922 2.408203 2.400391 2.400391 2.396484 2.376953 2.373047 2.373047 2.376953 2.369141
2.423828 2.427734 2.427734 2.423828 2.423828 2.419922 2.416016 2.419922 2.423828 2.423828 2.419922 2.419922 2.419922 2.416016 2.416016 2.419922 2.408203 2.404297 2.396484 2.388672 2.392578 2.400391 2.400391 2.400391 2.404297 2.404297 2.396484 2.388672 2.384766 2.380859 2.376953 2.376953 2.380859 2.384766 2.384766 2.380859 2.376953 2.365234 2.365234 2.427734 2.416016 2.392578 2.408203 2.419922 2.427734 2.423828 2.419922 2.423828 2.427734 2.431641 2.439453 2.435547 2.431641 2.423828 2.400391 2.388672 2.384766 2.388672 2.369141 2.361328 2.361328 2.365234 2.369141
2.427734 2.427734 2.427734 2.427734 2.427734 2.427734 2.423828 2.423828 2.423828 2.427734 2.423828 2.423828 2.423828 2.416016 2.416016 2.416016 2.412109 2.400391 2.396484 2.380859 2.384766 2.388672 2.396484 2.400391 2.416016 2.416016 2.396484 2.392578 2.388672 2.388672 2.388672 2.388672 2.388672 2.388672 2.384766 2.380859 2.380859 2.380859 2.384766 2.380859 2.376953 2.380859 2.404297 2.419922 2.416016 2.412109 2.423828 2.423828 2.412109 2.419922 2.439453 2.435547 2.431641 2.408203 2.380859 2.369141 2.369141 2.373047 2.353516 2.333984 2.341797 2.353516 2.361328
2.427734 2.427734 2.427734 2.423828 2.423828 2.427734 2.423828 2.423828 2.423828 2.423828 2.427734 2.427734 2.419922 2.419922 2.416016 2.408203 2.404297 2.392578 2.384766 2.380859 2.369141 2.380859 2.392578 2.400391 2.423828 2.419922 2.416016 2.396484 2.396484 2.392578 2.396484 2.392578 2.392578 2.388672 2.380859 2.380859 2.373047 2.373047 2.376953 2.365234 2.341797 2.337891 2.376953 2.392578 2.404297 2.392578 2.408203 2.404297 2.416016 2.427734 2.423828 2.412109 2.396484 2.369141 2.330078 2.333984 2.353516 2.353516 2.341797 2.314453 2.306641 2.314453 2.341797
2.427734 2.427734 2.427734 2.423828 2.423828 2.419922 2.419922 2.412109 2.416016 2.427734 2.427734 2.423828 2.423828 2.423828 2.419922 2.408203 2.400391 2.404297 2.376953 2.369141 2.369141 2.365234 2.361328 2.361328 2.392578 2.416016 2.412109 2.412109 2.412109 2.408203 2.404297 2.404297 2.404297 2.400391 2.396484 2.400391 2.380859 2.361328 2.357422 2.341797 2.294922 2.255859 2.208984 2.306641 2.341797 2.349609 2.373047 2.361328 2.365234 2.388672 2.376953 2.345703 2.341797 2.330078 2.310547 2.318359 2.341797 2.337891 2.330078 2.298828 2.306641 2.314453 2.271484
2.427734 2.427734 2.427734 2.427734 2.431641 2.427734 2.431641 2.416016 2.412109 2.431641 2.427734 2.419922 2.419922 2.427734 2.427734 2.419922 2.388672 2.392578 2.392578 2.373047 2.357422 2.353516 2.337891 2.333984 2.333984 2.369141 2.376953 2.400391 2.412109 2.419922 2.423828 2.423828 2.416016 2.404297 2.400391 2.404297 2.392578 2.373047 2.345703 2.345703 2.326172 2.275391 2.240234 2.263672 2.244141 2.240234 2.216797 2.216797 2.248047 2.283203 2.275391 2.302734 2.337891 2.322266 2.318359 2.337891 2.357422 2.353516 2.326172 2.287109 2.271484 2.310547 2.326172
2.427734 2.431641 2.427734 2.431641 2.431641 2.427734 2.427734 2.427734 2.416016 2.431641 2.423828 2.408203 2.408203 2.419922 2.431641 2.427734 2.419922 2.412109 2.408203 2.396484 2.369141 2.345703 2.330078 2.333984 2.337891 2.333984 2.369141 2.396484 2.412109 2.427734 2.423828 2.416016 2.408203 2.396484 2.396484 2.396484 2.392578 2.384766 2.361328 2.349609 2.318359 2.287109 2.255859 2.236328 2.193359 2.134766 2.107422 2.064453 1.990234 2.048828 2.166016 2.310547 2.314453 2.306641 2.314453 2.341797 2.337891 2.330078 2.326172 2.287109 2.236328 2.259766 2.298828
2.427734 2.427734 2.427734 2.431641 2.427734 2.427734 2.427734 2.423828 2.431641 2.431641 2.431641 2.427734 2.423828 2.419922 2.423828 2.423828 2.404297 2.416016 2.419922 2.416016 2.392578 2.369141 2.337891 2.337891 2.341797 2.341797 2.330078 2.369141 2.392578 2.400391 2.404297 2.400391 2.396484 2.388672 2.384766 2.384766 2.384766 2.376953 2.361328 2.337891 2.306641 2.283203 2.240234 2.185547 2.162109 2.166016 2.134766 2.080078 2.025391 2.056641 2.158203 2.267578 2.267578 2.248047 2.255859 2.244141 2.154297 1.990234 1.806641 1.697266 1.775391 1.873047 2.169922
2.431641 2.427734 2.427734 2.431641 2.427734 2.427734 2.427734 2.431641 2.431641 2.427734 2.431641 2.431641 2.427734 2.431641 2.431641 2.408203 2.408203 2.400391 2.412109 2.419922 2.423828 2.404297 2.349609 2.341797 2.345703 2.345703 2.349609 2.349609 2.345703 2.369141 2.380859 2.384766 2.380859 2.373047 2.365234 2.365234 2.369141 2.365234 2.353516 2.330078 2.287109 2.251953 2.205078 2.126953 2.103516 2.083984 2.064453 2.005859 1.994141 1.986328 2.076172 2.138672 2.115234 2.013672 2.091797 2.333984 2.333984 2.333984 2.333984 2.333984 2.330078 1.818359 2.076172
2.427734 2.427734 2.431641 2.427734 2.427734 2.427734 2.427734 2.431641 2.431641 2.431641 2.431641 2.431641 2.431641 2.431641 2.431641 2.427734 2.423828 2.423828 2.416016 2.423828 2.423828 2.416016 2.396484 2.357422 2.345703 2.349609 2.361328 2.376953 2.373047 2.373047 2.376953 2.376953 2.376953 2.357422 2.326172 2.326172 2.353516 2.357422 2.345703 2.306641 2.244141 2.181641 2.134766 2.080078 2.025391 2.029297 2.005859 1.970703 1.869141 1.900391 1.962891 1.966797 1.896484 2.333984 2.333984 2.333984 2.333984 2.333984 1.533203 2.228516 1.951172 1.873047 2.111328
2.427734 2.427734 2.431641 2.427734 2.431641 2.431641 2.431641 2.431641 2.427734 2.431641 2.431641 2.431641 2.431641 2.431641 2.431641 2.431641 2.431641 2.431641 2.431641 2.431641 2.427734 2.423828 2.416016 2.404297 2.388672 2.341797 2.361328 2.384766 2.380859 2.376953 2.376953 2.376953 2.369141 2.318359 2.224609 2.232422 2.310547 2.341797 2.345703 2.326172 2.236328 2.201172 2.158203 2.056641 1.982422 1.955078 1.958984 1.958984 1.900391 1.865234 1.857422 1.833984 2.341797 2.333984 2.333984 2.333984 2.333984 2.333984 2.333984 1.927734 1.990234 2.091797 2.130859
2.427734 2.431641 2.427734 2.427734 2.431641 2.427734 2.431641 2.431641 2.431641 2.431641 2.431641 2.431641 2.431641 2.431641 2.431641 2.431641 2.431641 2.431641 2.427734 2.431641 2.427734 2.423828 2.419922 2.412109 2.404297 2.392578 2.353516 2.376953 2.380859 2.373047 2.365234 2.380859 2.376953 2.310547 2.275391 2.287109 2.349609 2.369141 2.365234 2.302734 2.173828 2.158203 2.095703 2.013672 1.927734 1.939453 1.982422 1.927734 1.791016 2.341797 2.341797 2.341797 2.341797 2.333984 2.333984 1.853516 2.056641 2.126953 2.173828 2.224609 2.240234 2.236328 2.216797
2.427734 2.431641 2.427734 2.431641 2.431641 2.427734 2.431641 2.427734 2.431641 2.431641 2.431641 2.431641 2.431641 2.431641 2.431641 2.431641 2.431641 2.431641 2.431641 2.427734 2.423828 2.423828 2.419922 2.419922 2.412109 2.412109 2.419922 2.412109 2.396484 2.396484 2.416016 2.423828 2.419922 2.388672 2.345703 2.345703 2.384766 2.416016 2.435547 2.431641 2.279297 2.087891 1.935547 1.798828 1.748047 1.841797 1.958984 2.013672 2.056641 2.126953 2.189453 2.220703 2.244141 2.255859 2.283203 2.287109 2.271484 2.279297 2.267578 2.251953 2.248047 2.244141 2.287109
2.427734 2.431641 2.427734 2.431641 2.431641 2.427734 2.431641 2.427734 2.431641 2.431641 2.431641 2.431641 2.431641 2.431641 2.431641 2.431641 2.431641 2.431641 2.431641 2.427734 2.427734 2.427734 2.427734 2.427734 2.431641 2.431641 2.435547 2.435547 2.419922 2.404297 2.412109 2.435547 2.435547 2.423828 2.400391 2.396484 2.404297 2.431641 2.435547 2.439453 2.349609 2.275391 2.271484 2.267578 2.275391 2.298828 2.333984 2.322266 2.294922 2.306641 2.341797 2.357422 2.361328 2.349609 2.322266 2.298828 2.255859 2.228516 2.216797 2.212891 2.208984 2.216797 2.263672
2.427734 2.427734 2.427734 2.431641 2.431641 2.427734 2.431641 2.427734 2.431641 2.431641 2.431641 2.431641 2.431641 2.431641 2.431641 2.431641 2.431641 2.431641 2.431641 2.427734 2.431641 2.431641 2.431641 2.427734 2.431641 2.435547 2.435547 2.435547 2.419922 2.416016 2.435547 2.408203 2.408203 2.431641 2.419922 2.396484 2.392578 2.439453 2.439453 2.439453 2.423828 2.400391 2.412109 2.419922 2.416016 2.416016 2.427734 2.412109 2.380859 2.376953 2.396484 2.392578 2.380859 2.353516 2.314453 2.255859 2.228516 2.197266 2.173828 2.173828 2.185547 2.193359 2.244141
2.427734 2.427734 2.431641 2.427734 2.431641 2.427734 2.431641 2.427734 2.431641 2.431641 2.431641 2.431641 2.431641 2.431641 2.431641 2.431641 2.431641 2.431641 2.427734 2.431641 2.431641 2.431641 2.431641 2.427734 2.427734 2.431641 2.435547 2.435547 2.435547 2.435547 2.435547 2.416016 2.388672 2.427734 2.423828 2.408203 2.412109 2.439453 2.439453 2.439453 2.439453 2.431641 2.435547 2.439453 2.439453 2.439453 2.439453 2.427734 2.404297 2.388672 2.408203 2.396484 2.376953 2.345703 2.283203 2.212891 2.158203 2.123047 2.111328 2.138672 2.169922 2.224609 2.279297
2.431641 2.427734 2.431641 2.427734 2.431641 2.427734 2.431641 2.427734 2.431641 2.431641 2.431641 2.431641 2.431641 2.431641 2.431641 2.431641 2.431641 2.431641 2.431641 2.431641 2.431641 2.431641 2.431641 2.427734 2.427734 2.427734 2.431641 2.431641 2.435547 2.435547 2.435547 2.435547 2.388672 2.404297 2.435547 2.408203 2.416016 2.439453 2.423828 2.412109 2.439453 2.439453 2.435547 2.427734 2.431641 2.427734 2.427734 2.419922 2.400391 2.384766 2.384766 2.380859 2.357422 2.322266 2.251953 2.169922 2.091797 2.076172 2.083984 2.134766 2.212891 2.291016 2.349609
2.431641 2.427734 2.431641 2.427734 2.431641 2.427734 2.431641 2.431641 2.431641 2.431641 2.431641 2.431641 2.431641 2.431641 2.431641 2.431641 2.431641 2.431641 2.431641 2.431641 2.431641 2.431641 2.431641 2.427734 2.427734 2.427734 2.427734 2.427734 2.435547 2.435547 2.435547 2.435547 2.396484 2.388672 2.431641 2.404297 2.416016 2.439453 2.408203 2.376953 2.431641 2.439453 2.423828 2.423828 2.427734 2.419922 2.416016 2.408203 2.384766 2.373047 2.357422 2.337891 2.306641 2.275391 2.232422 2.138672 2.103516 2.111328 2.138672 2.197266 2.287109 2.322266 2.357422
2.427734 2.427734 2.431641 2.427734 2.431641 2.427734 2.431641 2.427734 2.431641 2.431641 2.431641 2.431641 2.431641 2.431641 2.431641 2.431641 2.431641 2.427734 2.427734 2.431641 2.431641 2.431641 2.431641 2.427734 2.427734 2.427734 2.427734 2.427734 2.435547 2.435547 2.435547 2.435547 2.435547 2.392578 2.408203 2.419922 2.423828 2.439453 2.439453 2.384766 2.396484 2.431641 2.416016 2.419922 2.416016 2.392578 2.388672 2.380859 2.357422 2.341797 2.318359 2.287109 2.248047 2.228516 2.224609 2.162109 2.142578 2.173828 2.220703 2.283203 2.310547 2.345703 2.373047
2.431641 2.427734 2.427734 2.427734 2.431641 2.427734 2.431641 2.431641 2.431641 2.431641 2.431641 2.431641 2.431641 2.431641 2.431641 2.431641 2.431641 2.431641 2.431641 2.431641 2.431641 2.431641 2.431641 2.431641 2.427734 2.431641 2.431641 2.435547 2.435547 2.435547 2.435547 2.435547 2.435547 2.435547 2.404297 2.431641 2.427734 2.439453 2.439453 2.431641 2.423828 2.431641 2.408203 2.408203 2.404297 2.376953 2.369141 2.357422 2.337891 2.330078 2.298828 2.248047 2.208984 2.228516 2.271484 2.220703 2.193359 2.244141 2.302734 2.314453 2.337891 2.369141 2.388672
2.427734 2.427734 2.431641 2.427734 2.431641 2.427734 2.431641 2.431641 2.431641 2.431641 2.431641 2.431641 2.431641 2.431641 2.431641 2.427734 2.431641 2.431641 2.431641 2.431641 2.431641 2.431641 2.431641 2.431641 2.431641 2.435547 2.435547 2.435547 2.435547 2.435547 2.435547 2.435547 2.439453 2.435547 2.423828 2.439453 2.431641 2.439453 2.439453 2.439453 2.435547 2.439453 2.423828 2.416016 2.392578 2.376953 2.376953 2.361328 2.349609 2.330078 2.314453 2.259766 2.193359 2.228516 2.310547 2.291016 2.244141 2.291016 2.298828 2.318359 2.357422 2.388672 2.404297
2.427734 2.431641 2.431641 2.427734 2.431641 2.431641 2.427734 2.431641 2.431641 2.431641 2.431641 2.431641 2.431641 2.431641 2.431641 2.431641 2.431641 2.431641 2.431641 2.431641 2.431641 2.431641 2.435547 2.435547 2.435547 2.435547 2.435547 2.435547 2.435547 2.435547 2.435547 2.431641 2.435547 2.435547 2.439453 2.439453 2.439453 2.439453 2.439453 2.439453 2.439453 2.439453 2.435547 2.423828 2.408203 2.404297 2.392578 2.349609 2.337891 2.333984 2.322266 2.283203 2.220703 2.251953 2.341797 2.341797 2.287109 2.318359 2.294922 2.318359 2.365234 2.408203 2.443359
2.427734 2.431641 2.427734 2.431641 2.431641 2.427734 2.431641 2.431641 2.427734 2.431641 2.431641 2.431641 2.431641 2.431641 2.431641 2.431641 2.431641 2.431641 2.431641 2.431641 2.431641 2.431641 2.431641 2.435547 2.435547 2.435547 2.435547 2.435547 2.435547 2.435547 2.435547 2.435547 2.435547 2.435547 2.439453 2.439453 2.435547 2.439453 2.439453 2.439453 2.439453 2.439453 2.439453 2.431641 2.419922 2.404297 2.392578 2.373047 2.330078 2.306641 2.330078 2.326172 2.267578 2.279297 2.353516 2.353516 2.298828 2.302734 2.294922 2.333984 2.380859 2.416016 2.443359
