py_wake/examples/data/AJ_ParqueFicticio/Rough survey   Sector 10   Height 200m   Mean speed.grd
DSAA
73  159
 258469   265669
 6501692   6517492
 5.845734   13.67312
[rows 112 to 139 of 159, columns 0 to 62 of 73]
10.6295 10.76193 10.86235 11.01187 11.25213 11.50314 11.77803 12.05783 12.31806 12.54067 12.74056 12.84477 12.69442 12.30841 11.83723 11.36948 11.08546 10.97745 10.80931 10.55274 10.32134 10.21626 10.12344 10.29321 10.76304 11.18971 11.29751 11.06739 10.67239 10.22886 9.879514 9.656293 9.523033 9.448197 9.415548 9.435264 9.600221 10.04978 10.66718 11.14755 11.40748 11.359 10.92848 10.28716 9.642689 9.115316 8.75639 8.570164 8.593732 8.891767 9.210563 9.319934 9.104059 8.731096 8.358224 8.092904 7.894382 7.689244 7.421777 7.027205 6.567238 6.306325 6.259299
10.69568 10.86331 11.01026 11.18102 11.4328 11.71671 11.99594 12.2719 12.51486 12.71159 12.87584 12.92393 12.72865 12.30365 11.80573 11.40402 11.24201 11.18693 10.96246 10.58073 10.20516 9.975643 9.894962 10.08466 10.54324 10.96907 11.01228 10.69492 10.28263 9.909114 9.653134 9.597459 9.634285 9.629122 9.672227 9.772202 9.96872 10.36727 10.89376 11.33644 11.59633 11.54631 11.09716 10.41506 9.738162 9.190027 8.818758 8.562692 8.504365 8.656599 8.880632 8.968595 8.820429 8.550653 8.277893 8.067577 7.901488 7.734879 7.497159 7.16092 6.766777 6.502133 6.422094
10.81442 11.00112 11.18424 11.36677 11.62058 11.93132 12.23544 12.48442 12.68954 12.85733 12.98299 12.97594 12.70692 12.24171 11.76298 11.46078 11.43237 11.39048 11.12086 10.69915 10.26842 9.894912 9.716962 9.845737 10.24344 10.627 10.6812 10.33997 9.937284 9.643917 9.485502 9.507178 9.63678 9.757943 9.930985 10.1398 10.40189 10.76317 11.17174 11.49247 11.69295 11.62765 11.17126 10.4915 9.834263 9.288972 8.896613 8.614201 8.476723 8.490001 8.580864 8.632426 8.550423 8.40121 8.225038 8.058856 7.901402 7.746146 7.549562 7.290838 6.997958 6.735039 6.618231
10.97797 11.1778 11.37133 11.5757 11.84784 12.16546 12.45651 12.68777 12.85616 12.97925 13.06069 12.97498 12.65331 12.17537 11.76461 11.57049 11.58544 11.54805 11.28841 10.87793 10.44684 10.01474 9.678809 9.618609 9.897678 10.22045 10.29625 9.990958 9.651484 9.446531 9.374775 9.430345 9.581851 9.77545 10.08994 10.48783 10.86529 11.20081 11.44484 11.60254 11.699 11.58337 11.15019 10.52225 9.897452 9.382723 8.97132 8.650397 8.438496 8.354568 8.347255 8.352703 8.306253 8.242444 8.152052 8.024592 7.896704 7.732258 7.566259 7.356902 7.149702 6.953584 6.820928
11.1191 11.32979 11.55052 11.80212 12.09681 12.4022 12.66397 12.85522 13.00036 13.09722 13.10635 12.91784 12.55767 12.12534 11.81276 11.6904 11.70259 11.65263 11.40475 11.04421 10.62726 10.18862 9.78981 9.546816 9.597747 9.826616 9.896141 9.678688 9.420518 9.314003 9.300932 9.33606 9.489672 9.804646 10.23946 10.76588 11.28064 11.62837 11.71675 11.65286 11.56862 11.40149 10.99528 10.45836 9.921275 9.437653 9.012111 8.656232 8.382038 8.229488 8.193607 8.196571 8.171063 8.117369 8.069251 7.981352 7.867143 7.718935 7.564156 7.392097 7.243038 7.093328 6.999103
11.21479 11.44596 11.69414 11.98973 12.29862 12.58563 12.83054 12.99942 13.11248 13.1653 13.05791 12.80127 12.43754 12.07772 11.86964 11.81558 11.80354 11.70668 11.46364 11.10532 10.69949 10.2868 9.9196 9.62902 9.487506 9.504559 9.531517 9.397868 9.261792 9.253684 9.23119 9.238654 9.475461 9.897678 10.40644 11.02032 11.62273 11.91994 11.84809 11.57291 11.3326 11.10039 10.75334 10.33122 9.874734 9.452471 9.052597 8.676264 8.373654 8.181808 8.108786 8.107352 8.100791 8.059339 8.003887 7.936333 7.840689 7.700344 7.52897 7.3728 7.283047 7.191723 7.132811
11.28371 11.53795 11.81281 12.1312 12.44677 12.7298 12.96067 13.12097 13.19372 13.14333 12.93058 12.62 12.26667 11.97209 11.88617 11.90967 11.8612 11.70473 11.41919 11.05657 10.63396 10.24768 9.976802 9.756043 9.55407 9.360681 9.238334 9.15062 9.175991 9.220123 9.17341 9.201838 9.533093 9.996451 10.51798 11.2198 11.83617 12.10975 11.91017 11.45148 11.0341 10.74603 10.47904 10.17754 9.786112 9.429944 9.061449 8.704118 8.402337 8.193048 8.094338 8.089914 8.081861 8.052348 7.999074 7.930814 7.840178 7.712975 7.533662 7.356457 7.261631 7.232932 7.225363
11.30914 11.58564 11.90855 12.25168 12.58415 12.85662 13.05706 13.1842 13.20984 13.06985 12.7916 12.43451 12.09118 11.85764 11.83365 11.91547 11.89397 11.69638 11.37225 10.98075 10.55108 10.15938 9.893843 9.794581 9.654514 9.397767 9.135078 9.014174 9.078416 9.144078 9.10043 9.205405 9.59488 10.05811 10.60103 11.31431 11.96736 12.25259 11.95331 11.31993 10.7334 10.38648 10.18667 10.01279 9.680687 9.343041 9.033595 8.719161 8.448638 8.24028 8.108098 8.089231 8.075613 8.045359 8.003194 7.948368 7.857229 7.729612 7.538665 7.352504 7.256267 7.280252 7.31999
11.4118 11.71356 12.04727 12.39615 12.70735 12.94828 13.10288 13.1686 13.13176 12.97127 12.69072 12.29844 11.93466 11.73269 11.73208 11.83545 11.86691 11.69981 11.35637 10.94885 10.50403 10.08566 9.824794 9.774955 9.699723 9.46257 9.200461 8.998 8.984469 9.036471 9.028553 9.223477 9.636943 10.08617 10.69213 11.4393 12.04706 12.29761 11.96924 11.25819 10.54048 10.07057 9.879468 9.804726 9.56074 9.252416 8.957627 8.710508 8.493351 8.291698 8.14222 8.073719 8.043463 8.025694 7.983591 7.930101 7.828533 7.668827 7.473456 7.326612 7.282423 7.336714 7.438002
11.61416 11.89464 12.22288 12.55692 12.83848 13.02413 13.12818 13.06006 12.89534 12.77348 12.60275 12.25202 11.89223 11.66116 11.63394 11.70424 11.73222 11.61996 11.35324 10.99218 10.55832 10.11164 9.800649 9.71194 9.666974 9.495131 9.301249 9.102102 8.953872 8.922951 8.974176 9.229177 9.634816 10.11706 10.81188 11.54657 12.0897 12.22356 11.87561 11.1825 10.43859 9.879691 9.615267 9.545939 9.401963 9.17109 8.937502 8.722522 8.537651 8.372719 8.215428 8.08154 8.019212 7.986134 7.941329 7.880937 7.762503 7.552454 7.360111 7.294949 7.334411 7.444323 7.570513
11.87455 12.15318 12.45035 12.75658 12.97706 13.09305 13.1023 12.87778 12.58083 12.4375 12.42025 12.24166 11.95705 11.72689 11.60951 11.57218 11.56397 11.46601 11.26115 10.98856 10.63793 10.2112 9.863358 9.679703 9.597634 9.482459 9.360781 9.222772 9.02732 8.868711 8.922328 9.184026 9.609374 10.2267 10.96016 11.65588 12.09373 12.0576 11.67426 11.03649 10.35461 9.778214 9.448254 9.331595 9.22898 9.077496 8.923888 8.761061 8.605321 8.459462 8.295822 8.130623 8.003839 7.93468 7.869836 7.78259 7.645115 7.432673 7.302293 7.346418 7.470562 7.607645 7.723877
12.15616 12.47021 12.75499 12.99403 13.14556 13.17142 13.01199 12.65943 12.23454 12.05066 12.11843 12.1125 11.99711 11.83946 11.68575 11.54544 11.46174 11.33381 11.15354 10.93001 10.66126 10.32332 9.97688 9.71566 9.556275 9.455048 9.372724 9.290371 9.101584 8.888494 8.859181 9.117279 9.63758 10.34372 11.09425 11.72494 12.01782 11.87369 11.41271 10.79245 10.1868 9.700292 9.378083 9.207829 9.098556 8.983222 8.858666 8.743999 8.628626 8.503947 8.342968 8.176696 8.018536 7.88515 7.777818 7.67056 7.523614 7.387633 7.346527 7.461639 7.626739 7.763173 7.877454
12.43013 12.79753 13.07314 13.26399 13.33829 13.25558 12.91822 12.42881 11.90243 11.67259 11.75667 11.84016 11.88378 11.85036 11.73492 11.57232 11.43607 11.29276 11.12196 10.94304 10.72002 10.45528 10.13185 9.796127 9.567715 9.483387 9.43681 9.379801 9.181061 8.902752 8.787956 9.081132 9.673606 10.4135 11.1504 11.68697 11.86687 11.66904 11.16118 10.53732 9.975662 9.605005 9.362161 9.206002 9.071876 8.936113 8.822117 8.701174 8.585576 8.464711 8.328102 8.156876 7.975305 7.810536 7.686968 7.607807 7.484104 7.4595 7.460893 7.560731 7.736686 7.907436 8.015211
12.63285 13.04982 13.34855 13.50111 13.48562 13.26276 12.85064 12.27417 11.66688 11.34735 11.39096 11.51112 11.64904 11.71493 11.65981 11.50442 11.35339 11.25187 11.12486 10.99137 10.80341 10.5539 10.22161 9.859698 9.595161 9.536293 9.581424 9.573981 9.357584 8.983959 8.768147 9.02624 9.65453 10.403 11.09803 11.55877 11.67311 11.42749 10.93217 10.33032 9.815095 9.490828 9.320928 9.206138 9.091265 8.964848 8.8448 8.702892 8.531932 8.377526 8.222178 8.032994 7.836593 7.693644 7.62549 7.609802 7.609727 7.645575 7.650965 7.656967 7.791879 7.99214 8.134023
12.79021 13.21547 13.51359 13.64723 13.5527 13.24757 12.83355 12.24339 11.60508 11.16142 11.07121 11.17269 11.35172 11.4974 11.51532 11.41195 11.24586 11.16131 11.12079 11.03199 10.83135 10.57358 10.24693 9.912588 9.702303 9.663938 9.775229 9.794908 9.564444 9.132161 8.81926 8.99204 9.58445 10.32483 10.97157 11.35901 11.41839 11.18925 10.73312 10.16179 9.719905 9.449202 9.274251 9.175778 9.072773 8.96538 8.870622 8.742083 8.50538 8.269339 8.046471 7.836324 7.668252 7.606492 7.644756 7.723712 7.821906 7.908435 7.897097 7.775679 7.821547 8.030415 8.193922
12.881 13.30167 13.58016 13.67312 13.50387 13.18677 12.81856 12.30213 11.67832 11.14732 10.87475 10.87178 11.03586 11.22799 11.35176 11.316 11.14999 11.0623 11.04774 10.9488 10.76069 10.507 10.19169 9.942033 9.859763 9.899862 9.991957 9.991101 9.747173 9.291638 8.921771 9.006363 9.56291 10.23715 10.78184 11.0864 11.11765 10.93489 10.52555 10.02556 9.628996 9.411419 9.285573 9.188078 9.069538 8.951523 8.847011 8.748062 8.525105 8.201015 7.841824 7.597642 7.513568 7.592103 7.768082 7.942636 8.102564 8.217511 8.141632 7.91 7.859076 8.039186 8.176749
12.88165 13.27914 13.51351 13.54214 13.35329 13.0413 12.76563 12.35205 11.80144 11.27509 10.86986 10.67887 10.73721 10.93565 11.15672 11.24836 11.09602 10.95298 10.91921 10.79156 10.60733 10.38226 10.11634 9.94821 9.991723 10.11703 10.20206 10.13853 9.884032 9.460408 9.047675 9.071153 9.548393 10.10376 10.5415 10.77406 10.78262 10.64548 10.33079 9.928486 9.598364 9.391988 9.275996 9.195055 9.108996 8.97479 8.827177 8.700274 8.508007 8.14883 7.703838 7.409528 7.419354 7.661206 7.96932 8.203209 8.38271 8.473441 8.348657 8.06286 7.921266 8.017559 8.116108
12.83214 13.15401 13.30579 13.26367 13.0836 12.85822 12.67227 12.3511 11.87989 11.40377 10.97385 10.62642 10.52309 10.66352 10.94353 11.15424 11.07623 10.88363 10.74193 10.61201 10.41289 10.23585 10.02388 9.926311 10.08262 10.29849 10.39848 10.31118 10.02094 9.618464 9.218931 9.176194 9.500354 9.915547 10.25304 10.43493 10.43135 10.33509 10.15099 9.854231 9.604531 9.407981 9.288482 9.192864 9.123013 9.006773 8.844282 8.63471 8.40176 8.035986 7.575796 7.292391 7.379871 7.762411 8.169374 8.428452 8.578302 8.645267 8.523381 8.256211 8.05046 7.991615 8.050169
12.80667 12.97505 12.99554 12.88801 12.71601 12.60814 12.56656 12.33177 11.97222 11.54984 11.11371 10.70101 10.42559 10.44606 10.69156 10.97468 11.05225 10.87442 10.61691 10.39949 10.22173 10.08291 9.907127 9.892994 10.13349 10.42637 10.59526 10.53222 10.25077 9.822309 9.439375 9.300637 9.474186 9.72984 9.961609 10.09766 10.09579 10.06246 9.997567 9.854951 9.646691 9.446393 9.335765 9.249266 9.156348 9.012091 8.850378 8.608756 8.269551 7.871935 7.452057 7.241589 7.404435 7.863932 8.300727 8.552368 8.688897 8.768974 8.713404 8.493006 8.261281 8.113047 8.075222
12.7908 12.74327 12.62962 12.47957 12.31095 12.30832 12.42606 12.35336 12.11822 11.76879 11.34611 10.87884 10.49095 10.28904 10.43468 10.73655 10.9577 10.87695 10.57859 10.27553 10.05577 9.934175 9.810824 9.847162 10.1362 10.4816 10.75419 10.75568 10.50413 10.06778 9.675458 9.507619 9.531698 9.614362 9.710273 9.788359 9.808712 9.82434 9.850381 9.815087 9.662309 9.524642 9.418705 9.357086 9.257775 9.08379 8.849818 8.552233 8.161273 7.706511 7.358226 7.248318 7.474427 7.927695 8.330391 8.577449 8.724536 8.844873 8.842809 8.716577 8.49611 8.300397 8.20964
12.73361 12.46515 12.23203 12.06601 11.93016 12.01357 12.21945 12.29845 12.22018 11.94699 11.5593 11.071 10.61174 10.27058 10.22768 10.49521 10.77218 10.79128 10.56519 10.23027 9.943858 9.804688 9.721299 9.797099 10.12744 10.53912 10.86864 10.94854 10.66226 10.24035 9.880508 9.722082 9.695992 9.660415 9.578303 9.527265 9.565579 9.622892 9.690496 9.719457 9.663317 9.591066 9.507746 9.460629 9.358698 9.16395 8.902877 8.520211 8.039216 7.59486 7.342523 7.296572 7.527468 7.925926 8.294806 8.534616 8.703332 8.858747 8.926786 8.896626 8.7234 8.513101 8.38816
12.64723 12.17991 11.8259 11.65977 11.58729 11.74696 12.01601 12.18828 12.21847 12.03692 11.68059 11.2057 10.72342 10.33465 10.14202 10.284 10.54146 10.61501 10.49093 10.21556 9.914002 9.733146 9.661238 9.786038 10.14936 10.59413 10.92616 10.98968 10.71062 10.28992 9.953517 9.849664 9.839375 9.755207 9.591727 9.423667 9.377235 9.440847 9.530579 9.592212 9.622607 9.58589 9.54169 9.509113 9.400805 9.199357 8.917315 8.522962 8.010364 7.591658 7.402243 7.369923 7.520127 7.850537 8.20692 8.448056 8.636388 8.809249 8.947659 9.004299 8.904217 8.737342 8.61358
12.58579 11.94979 11.47298 11.28926 11.28856 11.53086 11.83047 12.05225 12.15701 12.08046 11.78525 11.33467 10.85252 10.42432 10.14783 10.14812 10.32274 10.39492 10.35008 10.18039 9.922298 9.711131 9.635099 9.776888 10.1808 10.6182 10.93947 10.95932 10.68373 10.29158 9.969356 9.850154 9.839976 9.787436 9.623638 9.427447 9.279692 9.277085 9.369614 9.491363 9.571942 9.579002 9.552539 9.498254 9.377553 9.162332 8.870551 8.511342 8.058815 7.679963 7.521588 7.486987 7.542561 7.774528 8.098041 8.345313 8.523772 8.721103 8.899306 9.026382 9.015655 8.934444 8.829506
12.54093 11.81895 11.22413 10.97281 11.0915 11.37855 11.66215 11.86479 12.0096 11.98846 11.78088 11.4369 11.0003 10.57885 10.24507 10.1043 10.15429 10.19947 10.18901 10.09235 9.905165 9.735464 9.656643 9.819143 10.24729 10.69393 10.95184 10.89129 10.61491 10.26725 9.983603 9.822769 9.768685 9.732652 9.591461 9.416196 9.25957 9.207605 9.254206 9.393877 9.524691 9.583421 9.554501 9.456526 9.308584 9.080276 8.804677 8.494046 8.153381 7.855448 7.684508 7.622628 7.629047 7.744819 7.992293 8.216382 8.398431 8.581752 8.790062 8.968434 9.058343 9.05534 9.022122
12.45562 11.73128 11.08042 10.77468 10.94711 11.25803 11.504 11.69532 11.82859 11.8025 11.65141 11.41371 11.09864 10.72055 10.39833 10.18462 10.08537 10.06034 10.06664 9.984117 9.848998 9.736176 9.663726 9.853988 10.30414 10.76696 10.98296 10.83719 10.49213 10.17546 9.951939 9.815695 9.704396 9.627459 9.532216 9.40455 9.261755 9.169746 9.196918 9.329985 9.476183 9.574212 9.551899 9.394059 9.203496 8.987655 8.746635 8.514255 8.2829 8.067674 7.876145 7.774329 7.725427 7.781177 7.93179 8.110183 8.270974 8.442358 8.628991 8.850926 9.024722 9.114051 9.13152
12.2985 11.64518 10.99628 10.65853 10.82137 11.13751 11.39769 11.57943 11.67638 11.61628 11.46959 11.29693 11.06559 10.73625 10.46127 10.28736 10.10628 10.01454 9.97391 9.922695 9.821839 9.743695 9.690707 9.904527 10.37398 10.84691 11.04037 10.78688 10.38105 10.02801 9.831063 9.744278 9.654385 9.53527 9.448771 9.351711 9.239552 9.166205 9.185936 9.285671 9.430497 9.534002 9.499054 9.335075 9.14991 8.952868 8.76152 8.624671 8.465345 8.257163 8.063263 7.928539 7.859883 7.86924 7.930115 8.029363 8.155684 8.297825 8.457612 8.681663 8.922162 9.092212 9.176273
12.08013 11.49646 10.92501 10.57814 10.72117 11.03405 11.32811 11.50496 11.54914 11.4561 11.29513 11.12662 10.95602 10.67968 10.4418 10.29941 10.1509 10.03962 9.983252 9.925027 9.816785 9.746427 9.707566 9.937702 10.40052 10.85023 11.01496 10.77032 10.33959 9.93716 9.722576 9.647058 9.612995 9.51802 9.420009 9.330339 9.248596 9.201866 9.181944 9.222711 9.355414 9.447358 9.396032 9.264632 9.112116 8.973994 8.829088 8.719199 8.591798 8.379046 8.21042 8.100661 8.020384 7.981388 7.966605 8.00454 8.073858 8.162673 8.295636 8.492915 8.762697 9.003617 9.153303
11.8467 11.32408 10.83787 10.52018 10.63657 10.97223 11.30548 11.4498 11.43939 11.38148 11.21394 11.00349 10.82312 10.6025 10.37977 10.26739 10.14908 10.06869 10.07401 10.04057 9.875478 9.751558 9.721214 9.931037 10.35487 10.77187 10.95621 10.7509 10.32465 9.920235 9.664519 9.556188 9.55027 9.497375 9.431252 9.357 9.306272 9.270416 9.233439 9.200819 9.292546 9.357504 9.288592 9.178223 9.077897 8.980946 8.855365 8.755512 8.628644 8.438857 8.314825 8.255111 8.189641 8.104212 8.050918 8.042974 8.08657 8.117281 8.154963 8.301272 8.563153 8.850608 9.078997
