py_wake/examples/data/AJ_ParqueFicticio/Rough survey   Sector 8   Height 200m   Weibull-k.grd
DSAA
73  159
 258469   265669
 6501692   6517492
 2.373047   2.619141
[rows 84 to 111 of 159, columns 0 to 62 of 73]
2.564453 2.568359 2.568359 2.568359 2.572266 2.572266 2.572266 2.572266 2.576172 2.576172 2.576172 2.572266 2.568359 2.568359 2.568359 2.568359 2.564453 2.564453 2.560547 2.560547 2.556641 2.552734 2.552734 2.548828 2.541016 2.525391 2.501953 2.486328 2.478516 2.486328 2.498047 2.513672 2.525391 2.533203 2.541016 2.548828 2.556641 2.556641 2.552734 2.548828 2.541016 2.541016 2.537109 2.541016 2.544922 2.548828 2.552734 2.556641 2.560547 2.568359 2.572266 2.576172 2.580078 2.580078 2.580078 2.583984 2.583984 2.583984 2.583984 2.591797 2.599609 2.603516 2.611328
2.564453 2.568359 2.568359 2.568359 2.572266 2.572266 2.572266 2.572266 2.576172 2.576172 2.572266 2.572266 2.568359 2.568359 2.568359 2.564453 2.564453 2.560547 2.556641 2.552734 2.552734 2.548828 2.544922 2.537109 2.533203 2.513672 2.494141 2.478516 2.470703 2.478516 2.490234 2.505859 2.521484 2.533203 2.541016 2.552734 2.556641 2.556641 2.552734 2.548828 2.544922 2.541016 2.541016 2.541016 2.544922 2.548828 2.548828 2.552734 2.552734 2.564453 2.568359 2.572266 2.576172 2.580078 2.580078 2.583984 2.583984 2.583984 2.587891 2.595703 2.599609 2.607422 2.611328
2.568359 2.568359 2.568359 2.568359 2.572266 2.572266 2.572266 2.572266 2.576172 2.576172 2.576172 2.572266 2.568359 2.568359 2.568359 2.564453 2.560547 2.560547 2.556641 2.552734 2.544922 2.541016 2.533203 2.525391 2.517578 2.501953 2.482422 2.470703 2.462891 2.470703 2.482422 2.498047 2.517578 2.529297 2.544922 2.552734 2.556641 2.556641 2.548828 2.544922 2.544922 2.544922 2.544922 2.544922 2.544922 2.548828 2.552734 2.552734 2.556641 2.560547 2.564453 2.568359 2.576172 2.576172 2.580078 2.583984 2.583984 2.583984 2.591797 2.595703 2.603516 2.611328 2.611328
2.568359 2.568359 2.568359 2.568359 2.572266 2.572266 2.572266 2.572266 2.576172 2.576172 2.576172 2.572266 2.572266 2.568359 2.564453 2.564453 2.560547 2.556641 2.552734 2.548828 2.544922 2.537109 2.525391 2.513672 2.498047 2.486328 2.470703 2.458984 2.455078 2.458984 2.474609 2.494141 2.513672 2.529297 2.544922 2.552734 2.556641 2.552734 2.548828 2.544922 2.544922 2.544922 2.544922 2.544922 2.548828 2.552734 2.552734 2.560547 2.560547 2.560547 2.564453 2.564453 2.568359 2.576172 2.576172 2.580078 2.583984 2.587891 2.591797 2.599609 2.607422 2.611328 2.615234
2.568359 2.568359 2.568359 2.568359 2.572266 2.572266 2.572266 2.572266 2.576172 2.576172 2.576172 2.572266 2.572266 2.568359 2.564453 2.564453 2.560547 2.556641 2.552734 2.548828 2.541016 2.533203 2.521484 2.501953 2.486328 2.470703 2.458984 2.451172 2.451172 2.458984 2.474609 2.494141 2.513672 2.529297 2.544922 2.552734 2.556641 2.552734 2.548828 2.544922 2.541016 2.544922 2.544922 2.544922 2.548828 2.552734 2.552734 2.560547 2.560547 2.564453 2.560547 2.560547 2.560547 2.568359 2.576172 2.580078 2.583984 2.587891 2.591797 2.603516 2.611328 2.615234 2.615234
2.568359 2.568359 2.568359 2.568359 2.572266 2.572266 2.572266 2.572266 2.576172 2.576172 2.576172 2.576172 2.572266 2.568359 2.568359 2.564453 2.560547 2.556641 2.548828 2.544922 2.541016 2.533203 2.517578 2.498047 2.478516 2.462891 2.451172 2.447266 2.451172 2.462891 2.482422 2.498047 2.517578 2.533203 2.544922 2.552734 2.556641 2.552734 2.548828 2.544922 2.544922 2.544922 2.544922 2.548828 2.552734 2.552734 2.552734 2.560547 2.564453 2.564453 2.560547 2.556641 2.552734 2.560547 2.568359 2.576172 2.580078 2.583984 2.591797 2.603516 2.611328 2.615234 2.615234
2.564453 2.568359 2.568359 2.568359 2.572266 2.572266 2.572266 2.572266 2.576172 2.576172 2.576172 2.576172 2.572266 2.572266 2.568359 2.564453 2.560547 2.552734 2.544922 2.541016 2.537109 2.529297 2.513672 2.498047 2.478516 2.458984 2.447266 2.447266 2.455078 2.470703 2.490234 2.505859 2.525391 2.537109 2.548828 2.552734 2.552734 2.552734 2.548828 2.544922 2.544922 2.544922 2.548828 2.552734 2.556641 2.556641 2.560547 2.564453 2.568359 2.568359 2.564453 2.560547 2.556641 2.556641 2.560547 2.572266 2.580078 2.583984 2.591797 2.603516 2.611328 2.615234 2.615234
2.568359 2.568359 2.568359 2.568359 2.572266 2.572266 2.572266 2.572266 2.576172 2.576172 2.576172 2.576172 2.572266 2.572266 2.572266 2.568359 2.560547 2.552734 2.541016 2.533203 2.529297 2.521484 2.509766 2.490234 2.474609 2.458984 2.451172 2.447266 2.458984 2.478516 2.498047 2.517578 2.533203 2.544922 2.552734 2.552734 2.552734 2.552734 2.548828 2.548828 2.548828 2.552734 2.556641 2.560547 2.560547 2.564453 2.564453 2.572266 2.572266 2.572266 2.572266 2.568359 2.568359 2.564453 2.568359 2.572266 2.580078 2.583984 2.591797 2.603516 2.611328 2.615234 2.615234
2.568359 2.568359 2.568359 2.568359 2.572266 2.572266 2.572266 2.572266 2.576172 2.576172 2.576172 2.576172 2.572266 2.572266 2.572266 2.568359 2.564453 2.552734 2.541016 2.525391 2.517578 2.509766 2.498047 2.482422 2.470703 2.458984 2.455078 2.455078 2.466797 2.486328 2.509766 2.525391 2.541016 2.548828 2.552734 2.552734 2.548828 2.548828 2.548828 2.548828 2.552734 2.552734 2.556641 2.560547 2.564453 2.564453 2.568359 2.572266 2.576172 2.576172 2.576172 2.572266 2.576172 2.576172 2.576172 2.580078 2.583984 2.587891 2.595703 2.607422 2.615234 2.615234 2.615234
2.568359 2.568359 2.568359 2.568359 2.572266 2.572266 2.572266 2.572266 2.576172 2.576172 2.576172 2.576172 2.572266 2.572266 2.572266 2.568359 2.564453 2.552734 2.537109 2.521484 2.505859 2.498047 2.486328 2.474609 2.462891 2.458984 2.455078 2.462891 2.478516 2.498047 2.517578 2.533203 2.544922 2.556641 2.556641 2.552734 2.548828 2.548828 2.548828 2.548828 2.552734 2.556641 2.560547 2.564453 2.564453 2.568359 2.572266 2.576172 2.576172 2.576172 2.576172 2.580078 2.580078 2.583984 2.587891 2.587891 2.591797 2.595703 2.603516 2.611328 2.615234 2.615234 2.615234
2.568359 2.568359 2.568359 2.568359 2.572266 2.572266 2.572266 2.572266 2.576172 2.576172 2.576172 2.576172 2.572266 2.568359 2.568359 2.564453 2.560547 2.548828 2.533203 2.513672 2.498047 2.486328 2.474609 2.462891 2.458984 2.455078 2.458984 2.470703 2.486328 2.505859 2.525391 2.537109 2.548828 2.556641 2.556641 2.548828 2.548828 2.548828 2.544922 2.544922 2.548828 2.556641 2.564453 2.564453 2.568359 2.572266 2.576172 2.576172 2.576172 2.576172 2.576172 2.580078 2.583984 2.587891 2.591797 2.591797 2.595703 2.599609 2.607422 2.611328 2.615234 2.615234 2.611328
2.564453 2.568359 2.568359 2.568359 2.572266 2.572266 2.572266 2.572266 2.576172 2.576172 2.576172 2.576172 2.572266 2.568359 2.564453 2.556641 2.552734 2.541016 2.529297 2.509766 2.494141 2.478516 2.470703 2.455078 2.451172 2.455078 2.462891 2.478516 2.494141 2.513672 2.529297 2.541016 2.548828 2.548828 2.552734 2.548828 2.544922 2.544922 2.544922 2.544922 2.548828 2.556641 2.564453 2.564453 2.568359 2.572266 2.576172 2.576172 2.576172 2.576172 2.576172 2.576172 2.580078 2.583984 2.587891 2.591797 2.595703 2.603516 2.607422 2.615234 2.615234 2.615234 2.611328
2.568359 2.568359 2.568359 2.568359 2.572266 2.572266 2.572266 2.572266 2.576172 2.576172 2.576172 2.576172 2.572266 2.564453 2.556641 2.548828 2.541016 2.529297 2.517578 2.501953 2.490234 2.478516 2.462891 2.455078 2.451172 2.455078 2.466797 2.482422 2.501953 2.517578 2.529297 2.537109 2.544922 2.544922 2.544922 2.544922 2.544922 2.544922 2.544922 2.544922 2.552734 2.560547 2.564453 2.568359 2.572266 2.572266 2.576172 2.576172 2.576172 2.576172 2.576172 2.576172 2.576172 2.580078 2.583984 2.587891 2.595703 2.599609 2.607422 2.615234 2.615234 2.615234 2.611328
2.568359 2.568359 2.568359 2.568359 2.572266 2.572266 2.572266 2.572266 2.576172 2.576172 2.576172 2.576172 2.572266 2.564453 2.552734 2.541016 2.529297 2.517578 2.501953 2.490234 2.482422 2.474609 2.462891 2.455078 2.455078 2.466797 2.478516 2.494141 2.501953 2.513672 2.521484 2.529297 2.537109 2.537109 2.537109 2.541016 2.541016 2.541016 2.544922 2.548828 2.552734 2.560547 2.568359 2.568359 2.572266 2.572266 2.580078 2.580078 2.580078 2.580078 2.580078 2.580078 2.576172 2.576172 2.572266 2.576172 2.587891 2.599609 2.607422 2.611328 2.615234 2.615234 2.611328
2.568359 2.568359 2.568359 2.568359 2.572266 2.572266 2.572266 2.572266 2.576172 2.576172 2.576172 2.576172 2.572266 2.564453 2.552734 2.537109 2.521484 2.505859 2.494141 2.482422 2.478516 2.474609 2.466797 2.462891 2.470703 2.482422 2.498047 2.501953 2.505859 2.513672 2.517578 2.529297 2.529297 2.529297 2.533203 2.533203 2.537109 2.544922 2.548828 2.552734 2.556641 2.564453 2.568359 2.572266 2.576172 2.576172 2.583984 2.583984 2.583984 2.580078 2.580078 2.580078 2.576172 2.572266 2.568359 2.568359 2.576172 2.591797 2.603516 2.611328 2.615234 2.615234 2.607422
2.564453 2.568359 2.568359 2.568359 2.572266 2.572266 2.572266 2.572266 2.576172 2.576172 2.576172 2.572266 2.568359 2.560547 2.552734 2.537109 2.521484 2.505859 2.490234 2.478516 2.478516 2.478516 2.474609 2.478516 2.490234 2.501953 2.509766 2.509766 2.509766 2.513672 2.521484 2.529297 2.529297 2.529297 2.529297 2.533203 2.537109 2.548828 2.552734 2.556641 2.560547 2.564453 2.568359 2.572266 2.576172 2.580078 2.583984 2.583984 2.583984 2.580078 2.576172 2.576172 2.572266 2.568359 2.568359 2.572266 2.580078 2.595703 2.607422 2.615234 2.615234 2.611328 2.603516
2.564453 2.568359 2.568359 2.568359 2.572266 2.572266 2.572266 2.572266 2.576172 2.576172 2.576172 2.568359 2.560547 2.552734 2.544922 2.537109 2.525391 2.509766 2.494141 2.486328 2.486328 2.486328 2.490234 2.498047 2.509766 2.513672 2.509766 2.509766 2.513672 2.517578 2.525391 2.533203 2.533203 2.533203 2.533203 2.537109 2.541016 2.548828 2.552734 2.556641 2.564453 2.568359 2.568359 2.572266 2.572266 2.580078 2.583984 2.583984 2.583984 2.580078 2.576172 2.572266 2.568359 2.564453 2.568359 2.576172 2.587891 2.603516 2.611328 2.615234 2.615234 2.607422 2.595703
2.564453 2.568359 2.568359 2.568359 2.572266 2.572266 2.572266 2.572266 2.576172 2.576172 2.572266 2.564453 2.556641 2.548828 2.541016 2.533203 2.525391 2.517578 2.505859 2.498047 2.498047 2.501953 2.509766 2.517578 2.521484 2.521484 2.513672 2.513672 2.513672 2.521484 2.533203 2.537109 2.537109 2.537109 2.537109 2.541016 2.548828 2.552734 2.556641 2.560547 2.564453 2.568359 2.568359 2.568359 2.572266 2.576172 2.583984 2.583984 2.583984 2.583984 2.576172 2.568359 2.560547 2.560547 2.568359 2.580078 2.591797 2.603516 2.615234 2.619141 2.615234 2.603516 2.591797
2.564453 2.568359 2.568359 2.568359 2.572266 2.572266 2.572266 2.572266 2.576172 2.576172 2.568359 2.560547 2.548828 2.541016 2.537109 2.533203 2.525391 2.521484 2.517578 2.513672 2.517578 2.521484 2.529297 2.537109 2.533203 2.525391 2.517578 2.517578 2.521484 2.529297 2.541016 2.541016 2.541016 2.544922 2.544922 2.548828 2.556641 2.564453 2.568359 2.568359 2.568359 2.564453 2.564453 2.568359 2.572266 2.580078 2.580078 2.580078 2.580078 2.583984 2.576172 2.568359 2.560547 2.560547 2.568359 2.580078 2.591797 2.603516 2.615234 2.619141 2.611328 2.599609 2.591797
2.568359 2.568359 2.568359 2.568359 2.572266 2.572266 2.572266 2.572266 2.576172 2.572266 2.564453 2.556641 2.544922 2.533203 2.533203 2.529297 2.529297 2.529297 2.529297 2.529297 2.537109 2.541016 2.548828 2.548828 2.541016 2.533203 2.529297 2.525391 2.529297 2.537109 2.544922 2.544922 2.548828 2.548828 2.552734 2.556641 2.564453 2.568359 2.572266 2.572266 2.568359 2.564453 2.564453 2.568359 2.568359 2.580078 2.583984 2.583984 2.583984 2.580078 2.576172 2.568359 2.560547 2.560547 2.568359 2.580078 2.595703 2.607422 2.615234 2.619141 2.611328 2.599609 2.595703
2.564453 2.568359 2.568359 2.568359 2.572266 2.572266 2.572266 2.572266 2.568359 2.564453 2.556641 2.544922 2.533203 2.525391 2.525391 2.529297 2.533203 2.533203 2.537109 2.544922 2.552734 2.552734 2.556641 2.556641 2.556641 2.548828 2.544922 2.541016 2.544922 2.544922 2.548828 2.548828 2.552734 2.556641 2.560547 2.564453 2.572266 2.572266 2.576172 2.576172 2.568359 2.560547 2.560547 2.564453 2.572266 2.576172 2.583984 2.583984 2.583984 2.580078 2.576172 2.572266 2.568359 2.568359 2.580078 2.587891 2.599609 2.611328 2.615234 2.615234 2.611328 2.599609 2.599609
2.564453 2.568359 2.568359 2.568359 2.572266 2.572266 2.572266 2.568359 2.560547 2.556641 2.544922 2.533203 2.521484 2.513672 2.517578 2.521484 2.525391 2.533203 2.541016 2.548828 2.552734 2.556641 2.564453 2.564453 2.564453 2.564453 2.560547 2.560547 2.556641 2.556641 2.552734 2.556641 2.564453 2.568359 2.572266 2.576172 2.576172 2.576172 2.580078 2.576172 2.564453 2.560547 2.560547 2.560547 2.568359 2.572266 2.576172 2.580078 2.583984 2.580078 2.576172 2.576172 2.576172 2.583984 2.591797 2.603516 2.611328 2.615234 2.615234 2.615234 2.607422 2.599609 2.603516
2.564453 2.568359 2.568359 2.568359 2.572266 2.572266 2.572266 2.560547 2.552734 2.544922 2.533203 2.517578 2.505859 2.501953 2.509766 2.513672 2.521484 2.533203 2.541016 2.548828 2.556641 2.564453 2.572266 2.572266 2.572266 2.576172 2.576172 2.572266 2.568359 2.564453 2.564453 2.568359 2.576172 2.580078 2.580078 2.580078 2.580078 2.576172 2.580078 2.572266 2.564453 2.560547 2.556641 2.556641 2.564453 2.568359 2.576172 2.580078 2.583984 2.580078 2.576172 2.580078 2.583984 2.595703 2.607422 2.611328 2.615234 2.615234 2.615234 2.611328 2.603516 2.595703 2.599609
2.564453 2.568359 2.568359 2.568359 2.572266 2.572266 2.564453 2.556641 2.544922 2.537109 2.521484 2.505859 2.494141 2.490234 2.498047 2.505859 2.513672 2.525391 2.537109 2.548828 2.556641 2.564453 2.576172 2.576172 2.576172 2.576172 2.576172 2.576172 2.572266 2.572266 2.576172 2.580078 2.583984 2.583984 2.583984 2.583984 2.580078 2.576172 2.580078 2.576172 2.564453 2.556641 2.552734 2.548828 2.560547 2.568359 2.580078 2.583984 2.583984 2.580078 2.576172 2.576172 2.587891 2.603516 2.611328 2.615234 2.615234 2.615234 2.611328 2.607422 2.599609 2.595703 2.595703
2.568359 2.568359 2.568359 2.568359 2.568359 2.564453 2.560547 2.548828 2.541016 2.529297 2.509766 2.494141 2.482422 2.478516 2.486328 2.498047 2.505859 2.513672 2.529297 2.541016 2.552734 2.564453 2.576172 2.576172 2.576172 2.576172 2.576172 2.576172 2.576172 2.576172 2.580078 2.583984 2.587891 2.587891 2.587891 2.587891 2.583984 2.580078 2.576172 2.576172 2.564453 2.556641 2.544922 2.544922 2.560547 2.572266 2.580078 2.587891 2.591797 2.583984 2.576172 2.576172 2.587891 2.603516 2.611328 2.615234 2.615234 2.615234 2.611328 2.607422 2.599609 2.591797 2.591797
2.564453 2.564453 2.564453 2.568359 2.568359 2.560547 2.552734 2.544922 2.537109 2.521484 2.501953 2.482422 2.474609 2.474609 2.482422 2.494141 2.501953 2.505859 2.517578 2.533203 2.544922 2.556641 2.572266 2.576172 2.576172 2.576172 2.576172 2.576172 2.576172 2.580078 2.583984 2.587891 2.591797 2.591797 2.591797 2.591797 2.587891 2.580078 2.576172 2.572266 2.564453 2.548828 2.541016 2.541016 2.552734 2.568359 2.583984 2.591797 2.591797 2.587891 2.580078 2.580078 2.587891 2.603516 2.611328 2.615234 2.615234 2.615234 2.611328 2.607422 2.599609 2.591797 2.591797
2.560547 2.564453 2.564453 2.564453 2.564453 2.560547 2.548828 2.541016 2.529297 2.513672 2.494141 2.478516 2.474609 2.474609 2.486328 2.490234 2.498047 2.498047 2.505859 2.521484 2.533203 2.548828 2.568359 2.576172 2.576172 2.576172 2.576172 2.576172 2.576172 2.583984 2.587891 2.591797 2.595703 2.595703 2.591797 2.591797 2.591797 2.583984 2.576172 2.572266 2.560547 2.544922 2.537109 2.541016 2.552734 2.568359 2.580078 2.587891 2.591797 2.587891 2.583984 2.583984 2.595703 2.603516 2.607422 2.611328 2.615234 2.615234 2.615234 2.611328 2.603516 2.595703 2.595703
2.560547 2.564453 2.564453 2.564453 2.564453 2.560547 2.548828 2.537109 2.525391 2.509766 2.494141 2.482422 2.478516 2.482422 2.494141 2.501953 2.501953 2.498047 2.498047 2.505859 2.521484 2.541016 2.560547 2.568359 2.568359 2.572266 2.576172 2.576172 2.580078 2.583984 2.591797 2.595703 2.595703 2.595703 2.595703 2.595703 2.591797 2.583984 2.580078 2.568359 2.556641 2.544922 2.537109 2.541016 2.556641 2.568359 2.580078 2.583984 2.587891 2.587891 2.583984 2.587891 2.599609 2.603516 2.607422 2.611328 2.615234 2.615234 2.615234 2.611328 2.607422 2.603516 2.603516
