py_wake/examples/data/AJ_ParqueFicticio/Rough survey   Sector 9   Height 30m   Power density.grd
DSAA
73  159
 258469   265669
 6501692   6517492
 .000164093   1949.029
[rows 84 to 111 of 159, columns 0 to 62 of 73]
116.6041 113.9933 111.1024 109.5671 107.5593 107.7896 110.4025 110.8698 110.563 110.8331 110.8834 110.4467 106.345 99.80849 97.73003 98.55123 101.8804 100.7924 95.99549 106.3866 109.0241 112.3154 113.1109 117.8035 140.8221 209.2083 312.254 396.4853 447.5855 372.9037 294.9646 251.1711 233.15 221.282 195.5162 121.4977 95.46219 89.70937 124.9194 191.3776 227.8823 215.7673 200.5763 175.9772 157.6111 146.1113 140.91 137.3498 128.2855 111.9341 113.0398 121.5135 129.9733 135.8496 138.3507 124.0578 112.176 92.52077 73.78131 62.76884 46.54581 31.60397 15.51619
112.0282 112.2982 108.8078 104.3692 101.452 106.2713 107.8067 108.0184 107.0307 108.9988 109.1768 106.8707 103.1432 94.18116 99.69499 104.9966 106.1762 99.31215 98.28443 104.0935 103.4763 113.7939 115.9839 125.7354 163.0119 250.0894 337.4805 411.3043 407.421 328.0555 279.3342 243.3071 221.969 192.1767 151.2414 104.8961 92.6022 99.13466 153.2919 209.2398 228.4501 215.6194 194.9992 169.7533 169.7853 159.2803 153.7483 156.8903 127.7482 115.1302 111.4462 112.8083 126.0387 132.7686 136.284 135.1154 115.8483 96.04347 80.63987 63.67626 43.36758 22.09463 8.32288
104.6139 105.0537 102.5757 98.38322 101.0602 104.5084 105.6233 102.8936 105.8741 106.7045 106.128 101.3668 99.69248 94.8759 97.07521 104.531 102.4764 100.8432 103.8352 98.5107 102.7485 108.368 118.4287 130.1374 170.9944 247.4767 333.8371 378.9816 359.6975 302.6549 263.3565 227.4123 200.9496 172.5849 141.517 106.9635 89.2009 113.3931 197.3177 213.2535 214.3997 203.0293 195.0748 181.6983 178.2548 167.7454 159.1693 160.9991 143.7227 112.9138 107.5804 118.6204 130.0645 135.2647 138.6502 146.5111 123.2258 100.5225 74.77596 56.68513 31.89045 11.40987 4.101477
98.15736 97.12389 94.02448 96.25169 98.8124 99.90242 101.1025 101.5818 102.4342 104.1099 101.5707 99.32011 98.81702 99.84311 97.43278 99.66412 98.91955 99.89814 99.17463 96.49736 100.7362 102.9497 114.6406 130.0422 164.3773 230.8862 306.8535 354.5128 348.6025 335.7332 281.5289 252.4571 216.0072 179.6322 142.7248 95.9152 84.50015 155.7216 192.3229 212.596 217.1943 213.2732 214.194 205.0775 189.0997 175.6113 167.2646 166.7556 147.4169 110.2289 101.9028 125.3014 149.0388 141.034 144.5404 160.5356 125.6067 91.35072 62.14253 45.68185 18.3537 5.14172 3.695457
94.9838 90.71667 87.51641 94.10872 95.89786 94.58219 95.68022 95.57849 96.08032 99.34715 98.75307 96.16672 94.91535 98.32982 100.2186 96.05836 91.65016 96.2565 96.3336 94.26631 94.99595 102.0325 110.1561 135.2685 169.1769 223.69 296.6258 387.6215 421.2585 410.4451 338.2975 261.2901 226.5172 189.2617 144.199 95.35358 99.67492 154.0204 191.7853 214.9276 227.6575 242.2579 241.4856 214.1122 185.2281 164.1908 165.7682 164.7327 135.5993 103.7719 98.76869 128.5144 146.963 147.8358 155.7531 143.7773 119.5101 77.07732 52.41592 34.09856 9.717653 5.577078 5.939388
91.2747 84.28493 87.93783 90.54946 92.16213 91.63683 93.6247 89.05812 90.14603 92.68304 95.38961 93.43578 92.02862 95.9505 97.2113 89.34893 89.74982 89.66634 89.07543 89.86578 92.95379 99.99941 118.0923 159.3513 214.7128 253.5694 357.7077 504.7332 550.9219 491.6086 346.0017 258.3864 216.0024 173.1837 120.7475 96.2402 108.0379 172.0002 198.5809 229.2698 249.2489 251.434 229.3109 175.655 145.6409 141.6497 141.6402 127.1051 97.50775 86.65951 96.74799 123.1577 123.0461 130.1629 135.1341 135.8022 104.4653 59.88063 39.2797 28.91656 6.998728 6.979679 8.220127
86.07072 85.74245 88.77903 84.31142 86.92747 88.75063 88.50175 86.64056 87.90575 86.1952 90.76273 89.576 89.49796 92.8013 95.20079 91.59931 86.72033 83.04349 90.53568 85.24516 94.07745 107.8722 139.5137 214.0646 291.4846 348.5166 466.7374 641.5832 673.4635 501.41 323.5725 241.3706 201.3591 144.7709 97.39007 111.5162 139.0886 160.929 209.0115 243.016 260.4124 259.1895 189.4617 143.806 136.4011 164.7465 152.0745 139.0997 98.04175 77.68555 102.2852 137.4863 125.2824 130.2661 128.5078 119.8493 75.6515 45.41054 30.59081 22.33236 10.54239 9.456357 12.13049
87.98654 84.65347 83.79415 80.90584 79.32187 81.74651 86.03221 88.09368 86.4377 86.65522 86.82591 85.50179 87.79208 89.9229 92.04238 86.20294 79.72114 79.2826 92.67918 97.41901 105.188 129.8408 181.2527 293.3087 397.1763 431.9411 551.8737 732.5657 701.1057 469.8515 297.3622 232.0235 198.0819 119.9606 89.13065 143.8558 151.4298 163.3341 212.1457 272.2048 281.5377 227.8185 174.1426 148.7794 189.8894 200.3478 182.9453 126.7702 88.90263 87.0687 134.1041 160.2411 152.3925 136.4562 110.8738 75.19429 54.3086 43.93788 44.35529 31.7432 16.01364 10.9916 15.17819
83.24296 80.53877 79.87959 76.51502 72.30916 80.28453 85.5288 85.56106 88.43188 87.70341 86.90613 84.40285 85.45166 87.66837 88.69561 81.45239 74.38246 81.70572 111.0735 127.623 128.6666 167.0506 261.6151 380.0215 501.6848 495.5283 622.343 776.2556 668.8228 446.9079 294.4487 230.7108 181.6399 93.87499 91.49686 165.8665 171.1654 170.5776 215.6487 280.879 261.3159 220.8361 186.2584 202.7932 229.1278 212.2512 158.764 107.2672 92.56563 109.387 156.3318 171.6453 152.3999 137.5007 95.12717 65.86238 67.43485 71.51746 67.12466 48.02113 13.68871 9.968213 14.97178
80.83338 78.32275 74.70555 71.3684 72.61921 78.02869 83.93254 85.01805 86.33353 88.95889 87.33827 81.72384 82.95134 86.34409 84.98637 81.46091 76.49308 97.0881 146.9883 177.0921 181.3573 212.0353 331.8818 479.4038 583.2085 552.2329 667.5717 780.0704 657.1745 424.34 281.8758 208.3808 121.5047 67.17337 117.1719 192.8585 182.2172 158.5129 228.6779 285.7431 289.4482 265.4839 236.1839 228.9411 229.7658 183.4382 124.9351 104.1348 120.0203 140.9516 159.8588 163.2438 143.9165 117.8469 91.32333 81.44364 83.24031 97.93911 84.51671 52.99044 5.795007 3.999404 12.41162
75.55335 74.6965 72.05653 70.40747 69.69405 75.86058 81.97291 83.80131 85.4541 88.31438 86.83131 79.84735 82.09761 85.8721 87.27405 84.54573 86.86896 126.1817 206.6519 248.3079 252.5059 236.3551 386.6249 584.5496 676.2977 638.7565 686.5457 789.1298 605.6259 367.8841 241.6871 166.4576 95.29112 72.36053 128.4952 213.7237 194.3458 169.501 236.4541 353.4157 330.4115 303.9829 260.4696 227.9863 188.0517 134.8586 111.7822 118.9454 139.7733 150.4225 158.4721 156.5339 128.1294 116.143 92.72366 86.3745 94.43091 86.50551 73.77686 54.75875 14.64056 1.023819 .5136763
69.58975 71.49162 67.87916 70.44109 72.25975 74.74948 79.46208 85.49786 89.44613 87.72129 84.49014 80.85077 83.23994 87.93685 93.11898 91.63229 107.8627 175.4366 265.4191 317.919 332.0344 297.2492 410.8458 695.5555 809.5572 759.396 742.9267 679.576 492.3311 295.0172 193.6067 135.6363 85.65352 78.49365 177.1107 231.2368 211.1138 186.8266 291.8493 385.2526 368.3704 310.3165 236.3163 186.0555 149.6992 120.6408 127.4007 132.5687 144.1314 147.6572 151.9011 149.1097 115.2712 103.437 89.64635 94.01843 93.59779 76.44283 69.91892 56.20055 27.50592 1.140837 .4833923
65.62123 66.32703 69.22598 69.61154 73.45014 76.34026 80.3147 87.61775 90.17976 86.24075 82.07323 82.21465 86.42496 93.22361 106.532 121.2877 145.7924 201.474 314.49 414.0343 430.9651 356.2033 442.4231 804.0382 884.4119 814.5282 647.0626 452.0255 286.5371 189.716 140.1141 122.8942 99.3325 96.71448 199.3067 259.2235 256.3349 248.6963 287.1809 411.4103 329.8877 266.8734 188.2416 145.6971 138.9304 134.988 143.5364 140.9662 141.0414 134.5759 145.49 140.5423 100.2429 77.28458 85.38154 101.8317 88.444 72.83997 73.21724 56.8817 35.4667 3.306676 .7156436
58.8965 66.16232 69.86328 72.49582 73.2532 79.53001 82.53107 85.20065 89.15327 87.10658 84.68758 87.14361 89.11514 106.1806 136.0933 170.842 181.4174 218.0967 389.2807 521.4155 528.7601 419.4795 501.1273 807.3568 889.4523 675.4072 365.002 209.4258 169.957 156.9632 177.5557 175.8117 131.4888 117.308 201.957 301.5066 281.6279 272.9082 286.8908 339.7072 284.6114 211.8015 158.8962 134.7838 131.3642 138.1438 127.8168 117.3176 114.5411 110.5614 130.0545 93.52785 55.41637 60.58548 83.79348 85.37701 83.82808 64.86678 62.66428 55.24714 35.96817 17.71446 .2466384
57.5387 66.00753 71.75616 74.00493 69.23819 80.69511 89.15189 81.40518 84.44393 89.03645 91.1071 93.46911 100.258 133.3446 191.2241 225.5314 221.483 279.4257 497.5549 640.5417 600.6722 469.6566 592.9594 797.7057 730.9898 410.7774 184.3233 161.7825 215.7103 260.8185 289.6203 253.9414 162.8065 133.4738 199.5904 323.9693 311.8142 240.7806 232.3788 267.2254 245.3046 174.8722 135.4069 123.1687 123.8234 112.4846 96.29752 83.82239 73.47075 85.07545 69.0526 57.22098 53.51685 81.78893 94.59592 102.69 81.24496 72.68505 62.2085 42.66906 29.12209 13.77382 .9460059
55.44675 64.55854 76.04249 78.08938 70.68975 78.46797 93.3393 85.06715 84.80231 96.6694 100.6197 105.9473 126.4532 183.9313 262.7524 279.3701 285.8743 383.8311 601.3013 768.2658 669.1032 562.1191 619.4119 694.3476 480.7156 218.2281 144.2999 242.3554 395.7248 444.5576 377.9489 273.4917 159.5554 146.3284 229.2697 314.6448 268.4673 202.418 194.2741 219.4688 182.3547 142.7021 120.6727 95.07949 105.0218 90.53783 76.59028 51.57703 55.48576 52.60597 60.45926 64.05473 80.58068 127.7883 134.3446 129.4943 107.0935 82.02195 58.97599 45.20145 38.3615 19.44708 .4660074
62.67973 72.03162 80.79222 85.40484 80.43768 77.38412 93.85276 100.8231 90.33088 108.2558 126.1441 137.3879 166.3587 230.4559 321.92 347.9394 392.5247 500.9189 660.3305 820.2194 749.6404 661.7518 592.4077 413.0456 228.6127 178.8744 242.7447 445.8427 566.0011 512.7895 375.8407 240.9279 151.122 151.5477 223.9666 252.7743 217.6969 160.7247 165.2534 172.9674 141.8649 109.5078 95.58104 87.22974 84.86229 67.86835 50.52428 38.34673 54.65693 67.94135 80.45705 108.4076 155.0162 179.9495 174.2758 158.1342 127.9892 95.69249 66.74621 56.40977 40.01284 5.142834 9.847056
72.50604 83.54927 84.97938 92.25813 95.18762 85.32687 95.50474 121.8409 106.9395 124.4671 163.4675 176.1184 225.6116 303.4007 388.5655 457.5547 516.7892 592.8991 723.108 857.1779 784.1599 588.8375 385.4413 217.719 207.8289 273.1461 462.007 608.6661 618.5482 475.5262 318.6803 199.1698 140.2614 158.3556 222.5843 211.7334 190.5749 143.307 135.2066 103.874 92.2879 86.63548 82.04572 108.2806 95.44277 70.01575 40.38942 38.2138 83.81958 119.3644 142.5479 180.3089 212.1595 224.567 207.3964 183.6027 140.4752 115.669 88.16286 65.51265 13.50514 4.184596 12.3526
79.37266 85.2975 88.1056 101.4355 123.2564 110.1793 100.5003 141.8643 136.0414 152.7306 211.3496 241.341 304.6776 408.8884 490.9002 572.1254 601.2488 660.7906 771.7326 825.23 661.101 411.05 255.754 207.1332 325.8758 516.1451 668.3342 656.2937 532.4971 374.4395 260.2284 181.9633 147.5245 169.6221 192.4214 171.9866 154.2577 118.1659 89.32 72.82262 80.21675 93.06144 110.2207 148.1789 130.5455 61.42266 36.11998 66.02712 123.037 157.0881 187.0798 238.3238 270.8045 264.4068 236.497 191.8428 140.3195 118.6933 87.00277 51.64829 5.045247 25.76534 19.83303
86.33 84.46922 92.47014 123.5295 163.031 137.0734 105.9525 158.7641 184.6238 200.4809 271.8625 315.0827 383.3031 540.2742 591.3342 655.518 655.3218 684.1727 748.5778 715.5531 522.8043 336.3364 258.6923 297.5696 501.2384 652.5101 701.3448 542.5193 368.5672 278.2286 227.5173 183.7407 158.641 152.1623 155.5469 136.5244 113.0841 80.22934 60.69425 59.90285 97.55241 154.048 210.3042 206.6189 117.436 50.99277 44.4721 84.83476 138.6437 182.9491 223.983 301.1075 330.3121 288.3342 211.5201 152.1524 121.0616 96.82541 70.25136 36.37062 2.058562 .3298459 .2145267
84.14655 88.88488 107.3134 156.4809 195.1671 142.9306 117.7641 181.2207 215.0941 242.1738 315.949 400.6717 518.34 659.6494 685.5258 700.9925 662.3876 659.35 730.1443 670.4005 510.1861 376.8159 317.7635 399.3289 585.6364 617.6935 553.4846 379.1824 293.1148 271.0141 248.8759 200.2067 148.2665 133.7471 133.0718 129.559 88.51649 60.51297 55.63485 81.14096 149.6124 216.4973 215.895 158.0469 69.30987 56.44756 58.34501 94.67694 146.3712 201.8571 271.3115 356.4115 361.4606 261.5945 172.0407 147.558 128.704 97.7532 65.21205 37.13391 3.68635 2.068395 2.062694
88.04827 99.45167 123.4097 170.7071 191.7397 147.8972 145.023 209.3932 243.0283 288.186 374.4677 514.8512 695.331 776.2359 801.3219 701.1105 660.9337 641.7338 709.8675 668.0464 533.4278 435.8705 363.4842 415.1496 495.5314 468.7383 408.1943 330.7603 310.9017 319.7318 286.3727 201.6671 138.1655 121.1879 129.6705 102.2861 61.21744 42.95094 60.59138 100.7307 167.9716 215.9196 176.2484 107.6222 69.99466 86.64024 97.65305 99.41164 153.928 229.7102 326.9305 396.8495 388.8817 254.9507 187.9109 177.8164 142.2937 92.03142 57.20995 36.91885 4.438285 2.225715 1.644926
108.0338 111.5298 129.804 164.241 179.4074 169.3007 186.7906 237.9925 271.1271 346.505 468.8568 671.9537 873.4372 912.5046 869.6637 692.4359 605.9946 649.5663 631.2072 599.356 549.4595 434.1797 349.0596 328.9838 357.5588 383.5406 383.7137 361.205 368.6933 383.662 289.5091 183.4353 125.0499 107.0708 99.76608 62.0131 35.38085 41.06668 78.72141 121.7582 180.4481 182.6275 152.2015 120.3365 107.7535 148.6353 152.3103 103.452 139.9311 261.6652 400.8485 476.9525 435.0212 312.8601 236.4307 207.2671 135.1252 73.66753 46.52896 33.67403 6.950068 .4814447 .6496835
131.2254 126.9338 143.708 163.9279 183.0267 213.1165 253.537 294.5687 331.9304 429.4155 607.0436 857.1609 1054.469 1046.277 912.4942 638.6804 504.901 559.4116 579.2397 573.0707 500.4218 398.1763 261.8418 259.0364 327.2254 373.5786 390.8582 414.5042 433.7932 398.2213 255.8957 158.6595 111.7618 87.43928 68.6909 43.25893 28.85386 42.15042 97.00609 143.106 183.7406 203.1915 209.0189 186.5354 165.9493 215.7492 198.998 126.916 125.3534 258.0495 462.6859 581.6996 551.7776 376.2117 256.0211 187.6204 109.1917 59.50332 40.63089 33.70621 11.7171 .1619842 .04771516
161.6705 149.7566 164.6946 200.82 223.3611 263.7828 328.0105 381.3748 408.0062 499.6126 710.6605 1041.764 1161.566 1087.429 875.1226 574.5723 414.5315 467.6344 534.4853 515.9437 492.0622 370.536 227.2144 217.8369 329.6336 376.8155 393.646 441.4496 470.8416 374.9276 226.0129 145.6422 97.66016 73.75636 53.89156 33.54271 24.10161 50.49269 116.2371 167.9504 213.874 288.8664 332.1523 290.9819 231.808 253.0361 220.0138 138.5377 125.313 241.7831 500.5705 617.2823 608.3823 320.946 182.8584 125.9726 77.62674 51.69077 40.40269 35.24369 18.20613 3.748744 .002891539
196.3128 187.2335 188.8145 246.8966 277.8235 308.6665 399.9231 457.1999 469.2836 545.3686 790.1296 1128.787 1215.851 1034.132 707.4982 508.6252 374.1482 413.7863 441.7412 488.5142 478.6932 360.9839 192.6006 201.0246 302.3557 362.4621 422.1488 531.5989 479.6061 336.8945 198.5895 121.1855 73.42153 45.71851 33.5086 24.33849 24.70506 62.12302 146.1493 226.1594 301.1832 414.3018 480.5621 405.7178 296.0415 267.6584 194.402 126.307 130.2906 251.4526 498.4071 585.2363 501.5845 234.4923 117.4536 77.93835 57.78403 47.02705 41.58004 37.03926 21.69782 28.39985 6.161036
242.754 227.7302 217.0788 262.6878 295.492 325.0736 424.2572 461.1651 517.1321 601.4004 853.4999 1171.747 1112.638 857.916 603.4406 460.3964 369.6699 353.3748 392.5237 446.6389 429.7728 333.9637 192.4595 172.2832 272.4004 386.9691 522.1646 552.3017 444.8735 239.6799 110.5837 54.09964 32.72221 24.86839 27.72745 26.88783 35.80061 81.01717 187.9634 307.4057 414.6864 571.8759 634.4949 500.3684 315.7227 235.2881 161.9158 101.9426 113.3964 262.5764 476.4384 571.8822 350.7682 165.6697 82.37529 54.28854 44.03959 42.07271 40.08432 31.76341 13.67267 14.22626 .02202882
261.8757 240.1769 220.6883 247.2541 290.6775 337.5876 404.4287 452.4589 569.449 698.3881 907.0313 1162.027 1038.41 801.3229 634.6102 440.7047 340.6291 356.0206 417.7741 428.756 372.2245 292.8047 177.4911 160.4324 294.8585 505.1389 613.3676 577.8272 307.2406 131.447 54.29897 29.89176 25.23124 29.23572 35.86921 40.40926 50.66381 109.2106 245.0627 408.146 551.4893 740.0342 744.4467 502.0657 308.0307 206.9867 140.0403 87.25584 100.9444 257.5772 442.1546 417.5156 217.3108 98.51423 55.04584 41.46214 36.73402 38.54482 41.98691 29.82175 5.492951 .4013274 .5423158
