py_wake/examples/data/AJ_ParqueFicticio/Rough survey   Sector 4   Height 30m   Orographic turn.grd
DSAA
73  159
 258469   265669
 6501692   6517492
-172.4219   173.9826
[rows 0 to 26 of 159, columns 0 to 60 of 73]
-1.378684 -1.392844 -1.379596 -1.270617 -1.2256 -1.183125 -1.118371 -1.079179 -1.030267 -1.021384 -1.100582 -1.249747 -1.339917 -1.385518 -1.457466 -1.332213 -1.108581 -.7187175 -.1186606 1.199791 4.283156 5.331604 4.192619 .2661467 -3.065607 -10.03046 -8.349418 -6.832836 -6.357072 -6.543469 -7.725436 -8.092663 -8.463255 -6.931808 -5.841591 -5.429567 -3.995203 -3.513442 -3.516482 -3.285224 -2.938056 -2.323222 -1.773304 -1.979572 -2.281307 -1.620626 -1.435826 -1.156815 -1.058787 -.994189 -.9240097 -1.01437 -1.052008 -1.195044 -1.611747 -2.021985 -2.438059 -2.900609 -3.223677 -3.558765 -3.970383
-1.362564 -1.585493 -1.39927 -1.188625 -1.053883 -.9983489 -.9789803 -.9906182 -.9500517 -.8523536 -.751876 -.9609387 -1.091698 -1.228504 -1.375288 -1.321462 -1.139727 -.7430509 -.2964045 1.165754 3.135 2.960423 2.125977 .6444811 .3158587 -3.656078 -11.28967 -10.69074 -7.828912 -7.827765 -8.12471 -8.869916 -9.581617 -9.079105 -8.483858 -7.252205 -4.9234 -2.479771 -2.550856 -2.38835 -1.819936 -1.212272 -.6660205 -1.150015 -2.710206 -2.29172 -1.51581 -.8431908 -.6880734 -.5984961 -.3402006 -.5997747 -.633698 -.9934499 -1.481911 -1.884415 -2.425036 -2.933836 -3.493436 -3.994642 -4.484735
-.6028523 -2.576138 -1.649696 -1.170199 -.9492053 -.8596725 -.8370486 -.8638235 -.9386774 -.9138294 -.2828551 -.2855789 -.7100951 -.9388369 -1.332745 -1.387767 -1.21192 -.9211554 -.5432854 .3394458 1.414084 .4738615 1.270219 2.39992 .4202452 -4.813897 -9.693254 -10.40892 -9.414979 -9.224355 -8.987262 -9.889957 -10.55583 -11.01192 -11.5853 -9.317578 -6.005341 -1.498821 -1.234523 -1.2183 -.7172104 -.535012 -.406535 .2963099 -1.378863 -2.343527 -1.881332 -1.07086 -.3614364 .3163419 .7283527 .6453471 -.239589 -.9817481 -1.395174 -1.818147 -2.402834 -3.05714 -3.761562 -4.428062 -5.144616
2.18907 -.7810228 -1.711011 -1.106903 -.8543556 -.7196317 -.7007398 -.7957444 -.9284931 -1.000987 -.7988604 .1037141 .07646737 -.4837866 -1.209337 -1.512123 -1.474127 -1.186392 -.8163732 -.2350835 -.0002243839 -1.340977 -.5224871 .5118539 .6769837 -2.361936 -8.023904 -10.84486 -10.52549 -10.20373 -9.789823 -10.67834 -11.9047 -12.67841 -13.98851 -13.104 -8.857238 -3.213596 .5936983 .626999 1.693141 1.135004 -.02655338 .2026847 .4472472 -1.707169 -1.30917 -.7217656 -.04250902 .6283469 1.450072 .3477047 -.2918024 -.7832714 -1.115975 -1.666448 -2.382846 -3.230023 -4.11875 -5.041231 -5.994054
4.650025 2.175332 -1.13818 -1.233991 -1.04583 -.5829424 -.4383804 -.7017563 -.9191827 -.9424351 -1.142797 -.7620319 .2838656 -.01284228 -1.049136 -1.624708 -1.725075 -1.529541 -.9975466 -.1687839 -1.118286 -1.987221 -3.04745 -1.654665 -1.24203 -2.383749 -6.658432 -8.988819 -9.985072 -10.55435 -11.47389 -11.77532 -13.11783 -13.4392 -13.95005 -14.2046 -12.71779 -6.441257 -2.431645 2.247265 6.314343 3.528827 .004594633 -.846927 .2804754 -.1829625 .4591382 .1881177 .2413166 .5447227 1.282655 .7081541 .3439698 -.0335796 -.5353746 -1.279691 -2.277983 -3.357394 -4.563068 -5.827253 -7.086837
4.864153 4.921978 2.8369 -.6173344 -1.961437 -.5261159 -.06739329 -.7738937 -1.205016 -1.244522 -1.190111 -1.359418 -.07317653 -.49305 -.9217521 -1.820665 -2.146547 -2.238436 -2.071787 -2.01202 -1.623996 -2.689714 -3.273199 -3.131004 -2.538908 -3.059689 -5.709303 -7.63148 -8.896373 -10.10251 -11.59737 -11.93906 -9.281028 -8.098589 -8.141628 -10.35838 -13.90029 -10.71848 -4.32679 3.10127 5.847612 3.44344 -.589031 -1.936024 -1.666531 1.308813 1.578825 .5492811 -.007579787 .1379058 .5234637 1.908045 1.713272 1.316673 .4925558 -.6691188 -2.032469 -3.482975 -5.099077 -6.814143 -8.721608
4.981876 5.623206 6.150354 4.012058 .1228011 -1.206066 -.9189351 -.9783456 -1.076253 -1.171984 -.768087 -.839996 -1.128021 -.9331629 -.6938282 -1.141416 -2.631756 -3.092999 -3.794788 -3.789568 -3.037753 -2.322583 -3.452104 -3.832117 -3.014595 -2.993058 -4.933258 -6.594907 -7.95548 -9.044956 -10.1388 -9.87998 -7.108345 -6.611861 -7.483533 -8.494624 -9.966329 -10.30142 -7.396718 -1.040623 -.3275088 -1.12143 -1.740989 -2.052955 .4134188 2.214566 1.802594 -.03773772 -1.123717 -.6172808 .2392866 1.446623 3.152998 3.889064 2.266977 .2723801 -1.665084 -3.562501 -5.665036 -8.310044 -11.3387
4.812765 5.118683 5.20771 5.507026 3.518844 .3297833 -.6793705 -.8637774 -.9549398 -.8149483 -.5164746 -.4781673 -.7711751 -.4534954 -.1561095 -.4454495 -1.985773 -3.668432 -4.69861 -6.85214 -5.98407 -5.02583 -4.251027 -3.746101 -1.868007 -1.97597 -3.890203 -5.71039 -6.704928 -7.534955 -7.604585 -6.464694 -6.065126 -6.149554 -6.837731 -7.618355 -8.076678 -7.496541 -7.063289 -9.338947 -7.050856 -4.454112 -3.069657 .3783125 3.908193 2.19331 .7430865 -1.556093 -2.537917 -.8895441 .5453155 .9260772 3.041116 5.448227 5.070008 1.208324 -1.306751 -3.496198 -6.179369 -9.952516 -11.92964
4.88418 5.237679 5.36521 5.548167 4.632396 2.123269 .5724922 -.3103531 -.807745 -.4789146 -.09819294 -.04322602 -.1247282 .315055 .8357986 .6148532 -.7915369 -3.833076 -5.84727 -8.357949 -10.49892 -7.846724 -5.895783 -3.732919 -1.24108 -.08709671 -2.019726 -4.362991 -4.877916 -5.106389 -5.106461 -4.825537 -4.76886 -5.020556 -5.769129 -6.286539 -6.64037 -6.606619 -6.866601 -10.5749 -11.32065 -7.418886 -3.311905 2.66993 3.652628 .1496827 -1.764013 -.822237 -1.13282 -.4509949 1.780719 2.555912 5.598725 6.644032 4.817406 1.669158 -1.024258 -3.229421 -6.000101 -8.190966 -10.11579
4.977328 5.381495 5.730999 5.857148 5.450646 2.819785 -.4211577 -1.68673 -1.139252 .1092977 .9655411 .7915376 .3917475 .9257032 2.227201 2.295641 .587964 -2.166978 -5.656986 -8.827559 -11.71855 -12.07528 -8.227193 -7.912602 -4.418171 .09132123 .03144358 -2.241319 -2.293091 -2.72499 -3.396707 -3.301675 -3.189671 -3.36737 -3.668551 -3.389911 -5.047622 -7.479337 -6.992964 -8.092089 -9.879624 -8.320124 -3.872062 -2.318507 -1.098717 -2.018032 -1.474513 1.206195 1.185525 .4435571 2.404596 5.858876 7.781865 3.92957 1.307626 1.12118 -.8722582 -2.550539 -4.64405 -4.366901 -5.394409
5.083454 5.45408 5.803761 5.899243 5.587239 3.911943 2.054101 -1.128316 -1.121575 1.620677 2.532361 1.879539 .4412452 .7914172 2.649436 4.438375 3.312932 -.7620426 -3.519772 -6.194153 -10.11617 -11.47272 -9.861657 -9.811202 -10.81106 -5.022434 -.738381 .503824 -.5477056 -1.729883 -1.393652 -1.313003 -1.534144 -1.52047 -1.518197 -2.576874 -3.827996 -5.417053 -6.871492 -6.166237 -5.69343 -4.565739 -3.524235 -5.587298 -7.561484 -3.880765 -.7293966 1.874136 2.774156 2.699471 3.122277 6.143969 4.864666 -1.030138 -2.135458 -1.281225 -.689195 -1.946923 -.976376 -.1882101 .3430829
4.933124 5.276509 5.02154 4.282004 4.023523 3.894221 3.07039 2.019269 .6966394 4.32301 4.629278 2.286876 .09527707 -.8651522 .6469214 4.917817 4.25918 2.332657 -1.578295 -3.433647 -6.21679 -10.10657 -12.49026 -11.32337 -10.4323 -10.22758 -2.105492 .2485844 -.8133154 -.1070695 .4616418 .2261199 .07064474 -.03301035 .1029284 -1.265436 -2.655449 -3.740855 -5.537024 -4.926758 -4.056093 -3.027786 -2.90446 -3.728009 -5.137351 -3.321674 -.9051948 .1930202 2.740924 2.914589 .7521731 1.061515 -.949738 -2.984494 -4.759083 -4.380206 -2.823766 -.01446748 1.104909 4.049978 5.892593
4.591995 4.72555 4.300836 3.629174 3.690598 3.821341 4.242599 5.466892 3.89395 6.434697 3.824866 2.38801 2.89808 -1.162753 -.8508495 -.711501 .5019338 4.525994 4.38162 .387446 -3.693295 -7.661058 -11.15362 -10.85039 -9.965878 -8.914548 -8.278632 -3.557693 -.006539565 1.986746 1.682367 1.524303 1.331954 1.047284 .9938188 .04311176 -1.563205 -2.321752 -2.99265 -3.698015 -3.085914 -2.187932 -1.609441 -2.103534 -3.501339 -2.779986 -1.229267 .8533593 2.120801 1.722906 -1.121908 -6.707979 -6.17079 -5.29626 -5.530925 -5.694365 -2.199109 1.267782 4.341509 6.750266 8.540941
4.103776 3.778009 3.857897 3.786004 3.876246 4.258882 4.944154 6.747514 6.353764 4.115869 2.013195 3.552271 5.679025 5.639878 1.779948 -1.978058 -.3191669 1.459039 2.970445 2.92927 1.724742 -2.610644 -8.175459 -10.30921 -9.045712 -7.945248 -6.374498 -3.982031 -.6000884 .8093343 1.331246 1.358224 1.534812 1.845058 1.00538 .3723254 -.7694759 -1.164436 -1.234571 -1.247703 -1.63116 -1.415535 -.4723671 -.7717429 -2.181476 -1.674337 -.757836 .3861467 1.269124 .7454867 -1.911633 -5.378071 -8.737174 -6.145262 -2.782851 1.407283 2.667647 3.344685 3.722821 3.757063 3.015516
3.486154 3.571831 3.734615 3.886035 4.175484 4.556687 5.217814 5.969306 5.844936 4.791565 3.875602 4.118126 5.271362 5.874185 3.867977 1.119399 .9641981 1.284412 1.740376 2.260131 2.672983 1.018082 -1.053422 -6.434354 -8.798912 -7.225003 -5.755814 -3.786945 -1.898302 -.5198504 .300667 1.021701 1.796822 2.480389 1.90317 .147703 -.6529316 -.687655 .2489608 1.531953 1.70017 1.364925 .8173764 .3990858 .9490793 .1999218 1.300239 1.116933 .8115464 -.1734889 -1.33917 -2.336306 -2.841038 -1.643117 1.392962 3.874544 4.690442 4.024556 1.883279 -.5972313 -2.729173
3.096994 3.50363 3.800191 4.009799 4.287832 4.74873 5.320415 6.042748 6.416737 5.577319 4.202892 4.201758 4.775826 5.147345 3.874183 1.503502 1.051052 1.35581 2.248513 3.103516 2.177959 2.923899 4.332124 1.634984 -3.548694 -7.868276 -5.939589 -3.842386 -2.059244 -.5959878 .1804372 1.002417 2.908235 5.416531 4.210846 .0217858 -2.612259 -1.342018 .5999061 4.3741 4.707925 2.821161 1.113663 1.640599 2.909878 3.524481 2.629405 1.680148 .655817 -.5091793 -.3279909 .2117247 1.323784 3.041353 4.999057 7.174844 6.21173 2.773185 .1106458 -3.330605 -7.078945
3.009409 3.313009 3.72819 3.999674 4.295001 4.707115 5.249409 5.784019 5.977754 5.328979 4.658495 4.312628 4.208103 3.861558 3.192599 3.248391 2.569342 1.546729 2.323189 2.849877 2.702464 3.162606 4.414367 5.738774 4.900229 -1.018681 -6.552219 -4.52934 -1.978297 -.314797 -.2027132 .8530731 4.794642 7.891116 3.166134 1.606455 -1.954965 -2.678988 .8971668 6.426168 6.559992 3.82074 2.691691 2.843875 3.912484 4.503864 4.087926 3.421398 2.325349 .3373595 -.3899558 1.745241 4.820716 6.190073 5.463962 3.380383 .4531356 -.907533 -2.537663 -3.815714 -5.801333
2.984408 3.429465 3.617035 3.967221 4.240666 4.589115 5.023703 5.386072 5.498354 5.318118 4.716183 4.02416 3.414707 3.087474 3.19425 3.407773 3.273889 2.777726 2.847948 3.045199 3.271501 3.614661 4.397364 5.398057 5.570491 5.292302 1.792285 -2.33535 -1.996585 -2.038098 -1.580723 3.141735 7.255207 4.664813 1.02238 2.120697 -.09131564 -2.465112 2.407307 8.549618 10.15371 8.849113 6.231803 4.669959 4.794959 3.959563 4.20811 4.916523 2.381041 .2374351 -.4251946 .7566614 2.933111 3.152523 2.050964 .03241716 -2.043116 -2.94183 -2.541319 -2.340559 -3.412253
2.923046 3.344886 3.590287 3.956616 4.22193 4.481306 4.772953 5.016083 5.164018 5.150737 4.546273 3.360836 2.892144 3.148438 3.275898 3.423086 3.443049 3.290694 3.191581 3.190041 3.345898 3.781257 4.601825 5.333242 5.732947 5.660747 4.83712 2.809735 -.6305392 -3.346223 -2.035336 3.693305 7.550211 2.985312 .9695377 2.617098 1.308907 -.608039 3.264746 12.7658 11.69916 12.14276 10.95329 8.15533 5.32657 3.221591 2.425148 2.543776 .9132257 .04592139 -.3136019 .2626022 .7261683 .2117712 -.05155686 -1.356096 -1.224132 -1.964904 -2.234082 -1.957748 -1.725047
2.820474 3.22052 3.697063 4.090737 4.252973 4.39419 4.507344 4.596141 4.780508 4.838433 4.221707 4.079922 3.468126 3.282911 3.469192 3.541364 3.627318 3.621516 3.335032 3.143217 3.210983 3.54 3.644381 3.518471 4.398472 5.566898 6.508216 4.848441 .5250593 -.0639619 2.875396 1.844462 .4225467 1.900618 2.995231 3.26153 3.469039 3.48633 7.932621 14.66324 10.52586 10.1581 9.611811 9.375677 7.120923 5.386468 3.805391 1.81973 .5795608 1.412086 1.82971 1.574267 .09110866 -.642907 -.4910272 -.2645266 -.8056371 -.8501716 -.8768167 -1.740542 -1.9274
2.487708 3.13827 3.84747 4.242069 4.300125 4.241498 4.296301 4.282613 4.313262 4.318747 3.970085 3.997335 3.793452 3.703814 3.666148 3.711547 3.763086 3.769158 3.306355 3.048379 3.105287 3.197544 3.107895 3.148647 3.694951 4.372736 4.628473 4.757945 4.326508 2.666692 5.955414 .3700509 -3.79674 3.796421 5.799015 4.430743 3.178233 5.448909 14.19211 11.21165 6.865075 5.999193 7.839961 6.752918 7.978725 9.630654 7.125012 2.449509 1.634305 4.398169 4.699711 4.371363 1.201319 1.073011 .4225073 .2969823 .0120589 .001440199 -.4206268 -1.610382 -2.405863
2.407242 2.60238 3.504708 4.284514 4.190474 4.061606 3.962721 3.917053 3.832744 3.899807 4.043163 4.014435 3.876971 3.846544 3.874337 3.757732 3.734271 3.650504 3.38235 3.660506 3.711287 3.503285 3.089685 3.144123 3.535916 3.868028 3.918077 3.947734 6.244729 10.76647 6.947383 1.494806 -6.094314 -3.331193 3.485113 5.80152 7.320835 7.707838 9.286004 4.369058 4.250718 5.673989 6.639 7.40071 8.987826 10.07057 8.100872 5.079268 4.462558 6.0326 6.993385 5.608359 4.087965 2.673429 2.35182 1.765208 1.464979 .7693356 -.35429 -2.454893 -4.32958
2.689297 2.896483 3.260589 3.747905 3.785554 3.766358 3.639497 3.540509 3.463661 3.668289 4.173635 4.093813 3.978166 3.871407 3.826295 3.817038 3.278117 3.592656 3.694382 3.81851 3.8384 3.748417 3.521802 3.549524 3.671023 3.940445 4.075214 4.089808 7.495251 11.0777 7.252708 2.542888 -3.58843 -5.936006 .5610362 7.099205 10.08569 11.14424 3.19804 -3.206433 1.607949 6.19328 7.36281 8.638681 9.389306 9.255517 8.803427 8.657099 9.056177 8.338438 8.490409 8.070082 6.056548 4.851655 3.911968 3.352637 1.935942 .3068022 -1.00808 -3.737871 -6.762125
2.989436 3.352159 3.382749 3.17223 3.261929 3.380363 3.339689 3.324203 3.231259 3.622261 4.088083 4.114658 3.993224 3.952058 3.742364 3.593604 3.068007 3.299508 3.703406 3.88585 3.963632 4.022049 3.917559 3.851673 3.953125 4.189359 4.608297 5.223703 7.034885 7.900723 3.139027 3.609386 1.210817 -4.09109 -.9130878 5.683655 9.722171 12.0522 6.459825 -3.74986 -2.950396 4.291012 6.336703 9.268096 9.25472 9.459245 10.01528 10.63488 11.42004 11.42394 10.74681 9.07451 6.973729 5.690055 4.865513 3.840374 1.628262 -.7100673 -3.263017 -5.814061 -8.080824
2.910385 3.383157 3.169336 2.917985 3.028283 3.129906 3.115579 3.138816 3.086704 3.827213 3.886636 3.978508 3.931314 3.817242 3.632497 3.598442 3.524194 3.545744 3.803694 4.026715 4.14186 4.217688 4.253807 4.168125 4.053766 4.136917 4.830949 6.106335 6.053071 2.848861 1.043535 3.713375 5.049868 2.416465 .3907751 4.120072 7.140974 8.497716 7.493254 2.467115 1.919495 2.931365 5.647843 8.410276 8.735576 10.20463 11.08324 12.0433 12.71582 13.02225 13.30847 11.07212 7.851306 5.418149 4.015975 3.306892 .7443151 -2.911712 -6.593491 -7.532565 -8.72751
2.92091 3.022243 2.96565 2.77089 2.789269 2.905328 3.07645 3.029732 3.065916 3.780823 3.691614 3.713801 3.695782 3.593373 3.457563 3.45994 3.606097 3.756848 3.969708 4.168671 4.198236 4.269945 4.454524 4.444046 4.275795 4.001371 4.508397 5.877767 5.42297 2.052234 2.148891 3.859244 4.92661 7.640459 4.350414 3.006553 6.218983 7.502823 7.385687 6.26486 3.558298 2.932654 6.536153 7.755093 8.834174 10.57099 11.66375 13.20043 13.88893 14.6205 14.11698 12.13321 8.649839 4.532539 1.865109 1.349591 -.7468557 -5.760246 -9.557472 -9.539119 -7.759262
3.047832 2.768898 2.724627 2.670604 2.731319 2.795567 2.948484 3.056644 3.205986 3.191575 3.243644 3.44383 3.48486 3.39715 3.456847 3.481116 3.683503 3.874952 4.039699 4.189644 4.187617 4.19908 4.152896 4.124806 4.803732 5.368172 4.803374 5.656044 5.30418 4.534622 3.754933 3.836628 4.479314 5.647651 6.351609 6.653313 6.440853 6.848562 6.381256 4.472872 4.387444 5.654853 6.928999 8.853444 9.710363 10.93932 12.42544 14.10707 14.97296 14.91952 14.24737 12.45889 8.948092 4.106608 -.9551893 -2.163093 -3.511469 -6.739126 -10.04127 -10.26578 -6.818747
