py_wake/examples/data/AJ_ParqueFicticio/Rough survey   Sector 2   Height 200m   Power density.grd
DSAA
73  159
 258469   265669
 6501692   6517492
 44.61195   362.0808
[rows 56 to 83 of 159, columns 0 to 62 of 73]
104.0991 104.7639 105.4624 106.2901 106.7323 106.9027 106.4632 106.0462 105.6431 105.4746 105.3108 105.1849 104.7034 104.0863 103.6419 103.4455 103.6677 104.0526 104.2221 104.204 104.0147 103.5843 104.0679 104.9951 105.7335 105.9772 106.4853 107.607 110.3912 116.3685 124.8319 131.7324 135.9681 141.2814 147.5185 152.9184 158.8085 164.6289 169.6833 173.5235 178.3548 181.46 183.4618 182.0432 182.2264 183.1181 183.7596 180.6857 177.5915 173.7676 170.6759 166.501 156.593 143.1922 131.5708 127.4592 128.0742 126.6729 119.6249 111.1669 105.635 101.6415 98.67334
103.8085 103.9468 104.8289 106.0816 106.6369 106.5863 106.067 105.4161 104.966 104.8654 104.7737 104.704 104.5096 104.0063 103.8273 103.6688 103.7447 103.9889 104.3262 104.406 104.9807 104.94 105.0623 105.7738 106.4781 106.991 107.7522 109.6656 115.187 123.1672 131.6682 137.8649 141.6473 147.0757 153.262 158.3358 162.9306 167.7199 172.9767 176.9513 180.6698 182.301 180.2117 178.0722 178.8761 179.8291 177.8042 172.7507 169.6703 166.9785 164.2483 159.2029 149.7866 137.6828 128.7422 127.2306 127.6278 125.3854 116.5467 108.0787 102.4458 98.90831 96.97619
102.4162 102.532 103.9089 105.3613 106.0357 105.5499 104.9769 104.2809 103.9423 103.8983 103.965 103.981 103.7758 103.3572 103.6649 103.8563 103.7869 103.8646 104.105 104.4656 105.401 106.0466 106.2517 106.7183 107.1388 107.7592 109.0269 112.2057 118.8756 126.7202 134.1867 139.1152 142.8056 147.1671 153.0944 158.3082 162.6835 166.9402 170.1619 173.8374 177.2831 176.6696 172.8 171.6208 171.9107 172.5379 169.4075 164.3024 161.576 160.1568 157.4641 151.1279 142.7131 132.9931 126.3724 126.3769 125.5207 122.4038 114.1053 106.8783 101.3967 98.01518 96.99918
102.0364 102.9487 104.2634 105.1496 105.2585 104.7603 103.8754 103.1221 102.8326 102.8803 103.0544 103.2153 103.2222 102.7706 103.0337 103.5309 103.8687 103.9677 104.1798 104.5792 105.517 106.5972 107.286 107.4639 108.0011 108.7639 109.9516 113.9974 119.7272 126.5496 132.7014 136.5418 139.549 144.2807 149.8411 155.7225 160.9067 164.737 166.9331 168.0138 169.3469 168.5414 166.451 165.5856 165.4328 165.293 162.2064 157.302 155.0221 153.8171 150.1859 143.8278 136.5584 128.9068 124.7094 124.3291 122.4071 119.6432 111.9886 105.5012 100.3789 96.90675 96.59312
103.4646 104.497 105.6179 105.8508 105.2119 104.139 102.9732 101.9692 101.8936 102.0984 102.2432 102.3689 102.3527 102.0459 102.5141 103.1957 103.7228 104.0458 104.5012 105.2126 105.7759 106.3666 107.1215 107.9805 108.6727 109.6576 111.682 116.0301 121.763 127.2626 132.6193 135.5659 138.1651 142.5457 148.2202 154.0005 157.9913 161.2432 161.9023 162.3514 162.068 160.4777 159.8726 160.4843 160.1693 159.685 156.9036 153.3647 150.4336 147.7497 143.3701 137.7106 131.8621 126.3479 123.0153 122.3897 120.5424 117.6537 109.4017 102.7384 98.10118 95.29233 94.77261
105.0305 105.8079 106.28 105.6484 104.2688 103.0376 101.7991 101.1278 101.3471 101.7353 101.9564 101.9683 102.0131 102.11 102.4966 103.0574 103.7161 104.0756 104.6213 105.607 106.4503 107.0971 107.5123 108.2517 109.0753 110.5975 114.2955 119.6103 125.7332 132.0181 136.0608 138.392 140.5828 144.6572 148.3026 151.7705 155.3123 156.9728 157.3036 156.5974 155.4846 154.812 155.5024 155.5189 155.3632 154.5561 152.0302 150.1007 147.6775 143.1244 137.3611 132.2993 128.7693 125.7868 121.5125 120.4098 118.7491 114.2184 105.9831 99.30737 94.73298 92.22433 90.56599
105.7145 106.6258 106.1906 105.2817 103.8901 102.4694 101.5976 101.1512 101.4179 101.8304 101.967 101.9796 102.1859 102.3897 102.4944 102.7918 103.2466 103.5115 104.3715 105.5838 106.3839 106.9773 107.681 108.6108 109.9757 112.7923 116.99 122.9417 129.1161 134.4933 139.6508 141.8918 143.6524 146.7167 149.3064 151.858 153.6836 153.5298 152.8383 152.1682 151.2758 150.9005 151.182 151.6881 150.4501 150.2109 148.6607 146.9252 144.0949 140.3129 134.2848 129.1204 126.7928 124.7766 121.6158 118.1321 115.5246 109.7774 101.2416 94.99668 90.66187 87.98951 86.81009
105.8049 106.051 105.5285 104.8479 103.8338 102.8614 102.1791 101.6078 101.5673 101.9492 102.1726 102.365 102.3206 102.3263 102.455 102.4005 102.5573 102.6465 103.6394 104.7814 105.4096 105.973 107.1068 108.9471 111.3358 115.2929 120.1886 125.206 131.0184 136.2744 140.6335 142.7085 144.4606 148.0023 151.3191 152.9502 152.5291 151.3986 149.8457 148.8571 147.7215 146.4905 146.0749 146.3691 146.6627 146.2427 145.0241 142.4789 140.2209 136.1363 130.8152 127.5428 125.7265 123.0617 119.0356 113.8472 109.0944 102.8485 94.57001 89.06088 85.45831 84.38641 83.98682
105.4365 105.1432 104.6445 104.1313 103.5582 102.886 102.4623 101.9608 101.771 101.9503 102.0235 102.178 102.3169 102.2786 102.2155 102.1416 102.4379 102.9251 103.6983 104.2052 104.4979 105.4476 107.0851 109.246 112.1131 116.503 121.1372 126.4738 132.0759 136.5452 139.7119 141.6648 144.142 147.6395 150.9538 151.8119 150.3483 149.0135 147.6367 146.269 143.9116 141.7848 141.0083 142.0536 142.7113 142.8384 140.6395 138.1209 135.7248 133.0217 129.3874 127.1541 124.0187 119.6165 114.8704 109.0944 101.7421 94.7682 87.18919 82.20795 79.64276 80.08092 81.15601
104.7752 104.2131 103.6576 103.1609 102.9219 102.7512 102.5619 102.2456 102.034 101.8954 101.7788 101.8788 102.1437 102.155 102.107 102.0765 102.5425 103.2337 104.0197 104.5513 105.2735 106.7545 108.1933 109.9589 112.401 115.8323 120.24 125.4873 130.9018 134.7547 137.1682 138.8139 141.7797 145.0341 147.4262 147.4959 146.459 144.8549 143.8538 142.0261 139.9534 138.6387 138.2925 139.5178 140.2428 139.0771 136.5971 135.152 133.562 130.6709 128.2364 126.4283 123.6494 118.0755 111.4238 104.4892 96.13676 89.15143 82.35796 77.84688 77.31863 78.24983 79.04066
103.7887 103.1687 102.6367 102.2227 102.1792 102.1271 102.3541 102.3176 102.102 101.7126 101.6336 101.6844 101.8081 101.8298 101.9292 102.5082 102.9578 103.7482 104.5643 105.2054 106.2639 108.3089 109.4897 110.2894 112.0892 114.8317 119.7959 124.8848 128.8377 132.1954 134.5885 136.5269 139.5406 142.164 143.4374 143.3145 142.1955 141.1913 139.5674 137.6446 136.2254 136.1656 136.2257 136.9153 137.9866 135.9031 133.5788 133.2736 132.0573 129.1138 127.396 126.2597 122.9185 117.1156 109.0931 100.2876 92.45026 85.84036 82.69801 80.41518 79.76328 80.07858 79.66917
102.9433 102.5217 101.8832 101.4747 101.4124 101.5348 101.825 101.9959 102.0064 101.3974 101.3261 101.4345 101.4705 101.4889 101.8784 102.5217 103.3459 104.1074 105.0523 105.814 107.2752 108.71 108.8376 109.648 111.6089 114.9359 119.6161 124.062 127.845 130.8625 132.9376 135.5434 138.0616 139.8012 140.435 140.5524 139.8381 138.6546 137.3945 135.4457 134.2221 134.0754 134.6356 134.607 133.6572 131.7778 131.1506 131.4408 130.3492 127.3842 127.0208 125.6434 121.336 114.6992 106.5725 97.73038 91.2047 86.16786 84.51308 83.98096 83.50893 82.73689 80.71404
102.2388 101.8452 101.3505 100.9543 100.8256 101.0084 101.273 101.5134 101.5962 101.1823 100.9219 100.939 101.2171 101.3673 101.8642 102.6934 103.5531 104.4326 105.2225 105.9201 106.7971 107.4201 107.014 108.6065 111.3759 116.2813 120.647 123.433 126.519 129.5417 131.8613 134.4459 136.6219 138.1187 138.7558 139.2568 138.7632 137.6202 136.3233 134.9841 134.8031 135.9631 136.3581 134.7225 131.2871 128.8254 128.016 127.4565 125.1658 122.7846 123.6704 122.5152 117.409 110.1279 102.029 94.36792 88.6011 86.60833 86.08941 85.90501 85.6002 84.44378 81.09583
100.8569 100.8442 100.3993 100.0639 100.2451 100.5196 101.001 100.8709 101.0439 100.823 100.5245 100.3645 100.7752 101.2236 102.5084 103.6804 104.4473 105.116 105.4123 105.5472 105.5056 105.3556 106.0903 108.6732 112.7575 117.367 121.0843 123.8636 126.7534 129.3489 131.7412 133.3613 135.3163 137.1256 138.3706 138.9418 138.9253 137.7316 136.658 136.6488 137.8065 138.4443 137.729 134.5993 131.0078 128.1792 126.0919 123.5363 119.9551 117.9083 117.816 114.8943 109.5863 102.5322 96.01639 90.13492 87.26061 87.02487 87.14368 87.11358 86.72733 85.59134 83.26681
99.31495 99.59617 99.29205 99.08095 99.7137 100.1873 100.3345 100.2432 100.3582 100.3392 100.1068 100.1601 100.4245 101.1479 103.1932 105.2413 105.6065 105.5609 105.2805 105.3164 104.962 105.2439 107.2325 110.4372 114.5754 118.1761 120.976 123.8487 127.3493 130.5726 132.3287 133.201 135.0044 137.3642 139.5296 140.071 140.2018 138.8492 138.5931 139.0152 139.9108 140.1889 137.9276 134.213 130.5475 127.8263 124.4868 120.4245 116.3702 112.8806 110.2222 105.2202 100.4225 95.80168 92.28879 89.18993 87.80083 88.49213 89.29246 89.04678 88.67184 88.12888 86.04067
98.60737 98.42126 98.20142 98.22006 99.41604 99.67511 99.30122 99.24029 99.44807 99.76139 99.86491 100.201 100.7893 101.7732 103.4776 105.4944 104.968 104.858 104.865 104.6113 105.0729 105.9888 109.1316 112.1925 115.8881 118.4107 121.023 123.3904 126.8023 130.2521 133.8267 136.0495 137.7444 139.76 141.2504 142.1069 142.5252 141.3748 140.5737 141.0281 140.2357 138.9628 136.2552 133.1947 130.3148 127.4749 124.1957 119.9425 115.4017 111.4667 106.3342 100.7472 97.34679 95.33549 93.17893 91.57285 91.57283 92.21365 92.28677 92.32835 91.89421 91.23356 89.42278
98.67088 98.3854 98.1132 98.19545 98.62586 98.54174 97.97585 98.19892 98.9017 99.71985 100.1079 100.4333 100.8819 101.4399 103.2144 103.8677 103.2869 103.186 103.3937 103.6905 104.5856 106.1197 109.0692 112.3557 115.1921 117.9909 120.3771 122.9933 126.5199 131.6704 136.4638 139.1597 141.2395 143.0248 143.1853 143.7836 142.9364 141.6511 140.9159 140.3368 139.1635 137.5956 134.4359 131.8669 129.037 126.1131 122.8249 119.3794 115.5977 111.8553 107.789 103.8696 101.5511 99.92893 98.07241 96.23502 96.31302 96.23363 95.89931 95.15869 95.08659 94.68605 93.19609
98.95868 98.6665 98.6003 97.94463 97.53707 97.25415 96.90202 97.54491 98.65424 99.1946 99.78509 100.1533 100.548 100.9822 101.6147 102.0883 101.0908 101.1912 101.4552 102.1105 103.122 105.1922 108.348 111.2947 114.1559 116.8569 119.2373 122.8543 127.9227 134.0531 139.1595 141.6423 143.7415 144.9619 144.7118 143.0751 141.788 141.0356 140.6155 140.1491 139.1057 136.6392 133.0186 129.8557 126.7183 122.8039 119.324 115.4895 113.3315 110.8424 108.0676 105.8295 105.5258 104.289 100.8801 98.73762 98.01017 98.52441 98.76517 97.81161 97.1041 96.57406 94.45602
98.72424 98.46107 98.36685 97.87486 97.22552 96.53941 96.04559 97.12228 98.13808 98.36051 98.89809 99.38285 99.65434 100.3876 100.5477 100.1288 99.07238 99.38435 99.89523 100.6033 101.847 104.373 107.7456 110.6025 113.4075 115.7551 118.6955 122.5613 129.0412 135.9522 141.0965 143.9011 145.5136 145.6511 144.2951 142.5087 141.1432 139.6479 138.7442 137.7384 136.1053 132.5758 129.2821 126.4421 121.8904 118.3508 114.4446 110.2109 108.4462 107.4598 105.492 104.6329 104.512 103.2881 99.87479 96.5761 96.15932 97.75049 99.18284 99.26775 96.91539 93.94226 90.08817
97.63689 97.64928 97.67844 97.20712 96.62857 95.82042 95.70168 96.69288 97.28765 97.26091 97.5831 97.9473 98.33902 98.6256 98.27842 97.76006 97.75819 98.4566 99.1433 99.87568 101.6146 103.8034 107.1058 109.9462 112.3061 114.3395 117.3015 121.7264 127.9528 134.5045 139.8763 143.2767 143.9089 143.4515 142.6232 141.6082 140.2663 138.4054 135.4067 132.6927 128.7356 124.5737 121.4308 117.0664 113.0617 109.1961 107.0201 104.7957 104.5378 104.2273 102.5297 101.4547 100.4526 98.33395 94.28442 91.94625 93.17953 94.86417 96.49587 96.88049 94.55402 88.31729 83.47079
95.99303 96.25266 96.4004 96.23101 95.51069 95.33774 95.19414 95.70005 95.96729 95.99524 96.17986 96.39044 96.8578 96.63435 96.61494 96.42981 96.74706 97.72359 98.67464 99.63461 101.5163 103.6333 106.1395 108.4747 110.4316 112.2991 114.9485 119.236 125.5785 132.3669 138.5433 141.0585 141.6036 141.0726 139.9891 139.282 137.9464 135.2573 130.7538 127.0387 123.2822 117.9183 112.5611 108.7069 105.1715 104.0909 103.772 103.7482 104.3351 103.4606 101.0293 98.58375 96.17666 92.79997 89.79972 90.67319 93.02407 94.33282 94.88054 94.26483 91.2904 84.55751 77.79568
94.68012 94.64336 94.67148 94.50163 93.90447 93.76869 93.96906 94.21453 94.41624 94.64465 94.96529 95.10873 95.30359 95.43162 95.82111 96.0698 95.94899 96.58276 97.47277 99.01899 101.5914 104.2177 106.6861 108.6692 109.5704 110.8082 113.3005 118.042 124.8984 132.3139 139.4607 141.4238 141.4653 140.3866 137.7022 134.9927 133.4349 130.5002 124.8169 121.0567 117.2659 112.0866 108.2147 106.7556 106.8784 108.1485 108.2054 108.228 108.34 105.5712 101.9667 98.91827 96.64525 95.34743 94.92215 96.73756 97.8645 98.46904 98.48608 96.72482 91.21838 83.42031 76.45995
93.52342 93.02802 92.74217 92.31567 91.67645 91.85844 92.38548 92.58726 92.7992 93.48263 93.94711 94.47554 94.40427 94.54044 94.97372 95.32751 95.26712 95.33205 96.10027 98.03415 101.0031 103.6759 106.9365 108.2861 108.923 110.4211 114.329 120.4884 128.9416 137.4568 143.3696 143.6964 142.5278 139.7861 136.5752 134.2878 132.2709 127.8886 122.2967 117.5448 111.8653 108.284 107.9615 110.0423 112.8406 114.6727 114.9851 113.8482 111.9492 107.7059 104.6837 102.4774 102.2192 102.7326 104.6011 106.427 106.8471 106.5032 104.8463 100.9008 94.41375 86.63088 81.26674
92.4586 91.5594 90.99136 90.41907 89.89298 90.39877 90.97168 91.58232 91.93879 92.20295 92.7303 92.95137 93.04642 93.28075 93.92294 94.55627 94.74425 94.50628 95.63415 97.64362 99.69662 102.3513 104.9423 106.4377 108.346 111.5725 117.0971 125.5296 135.4149 143.221 145.8512 144.2246 141.2436 137.7903 134.5329 131.8324 128.8207 124.187 119.2174 114.9828 110.4372 109.5724 112.6231 115.6175 119.2466 120.6663 119.778 117.2394 113.7826 110.995 109.7257 109.4414 110.472 112.9679 115.0563 116.4263 115.8301 114.9666 112.0444 106.0682 99.92987 93.6489 87.09636
91.1949 90.29859 89.45184 89.00666 89.25687 89.77468 90.29218 90.47789 90.704 90.73701 90.92663 91.29769 91.09039 92.07376 93.29311 93.85014 94.116 94.90177 96.0699 97.77301 99.76102 101.6462 103.2649 105.2517 108.1437 113.0218 120.7446 130.4809 140.9806 147.0365 146.6694 143.1238 139.0499 134.8362 131.2206 127.9005 123.8281 119.179 114.7427 112.4097 112.2115 115.4092 120.3161 123.1917 124.9293 124.5674 122.3487 119.2834 116.9492 115.5283 115.8958 117.0639 118.6015 120.5752 122.4842 122.3134 120.3999 117.3143 112.7599 107.7195 101.9431 95.68075 89.326
89.75316 89.25319 88.56881 88.1491 88.21973 88.86657 89.01892 88.80372 88.93739 88.97502 89.13813 89.14615 89.21539 90.94966 92.53168 93.2161 93.4943 94.9246 96.67178 98.26389 99.58376 101.5071 103.1471 104.8761 108.0399 114.0587 122.9872 133.4311 142.3814 146.4179 144.4421 140.1661 136.1392 132.1106 128.7986 125.399 120.6487 115.96 112.3362 112.0516 115.2887 120.3738 124.5786 127.501 127.9347 126.9067 124.7208 122.3979 121.1354 120.4266 120.6293 122.0684 122.9048 124.0624 124.2169 121.9363 118.1573 113.5815 109.8881 105.384 100.4524 95.04685 89.04008
88.04773 87.61915 87.38583 86.86525 86.59004 86.60468 86.52121 86.52116 86.53548 87.03178 87.36974 87.17104 87.78757 88.8663 89.99033 90.69055 91.27076 93.63335 95.82842 97.22889 99.0864 100.9433 102.8862 104.9874 108.6753 115.0932 124.4175 134.6855 141.7744 143.9185 141.8101 137.7373 134.5192 131.2888 127.9519 123.6338 118.6461 113.8289 111.52 113.4909 119.1001 124.4275 127.4506 128.6398 128.33 127.3009 125.7576 124.5565 123.7034 123.3987 123.4564 123.3524 123.1758 123.3702 122.2015 118.8928 114.1361 110.4638 107.2458 103.4163 99.00125 93.92756 88.02905
86.50951 85.71376 85.45761 85.28722 84.79049 84.50855 84.53301 84.42937 84.49889 85.10114 85.59237 86.45161 86.41798 87.04823 87.72254 88.34661 89.57339 91.84128 93.75557 95.68978 98.33604 100.3964 102.6956 105.9008 110.6444 118.3266 127.7002 136.173 141.5992 142.694 140.4945 137.7096 134.6335 132.1419 128.146 123.238 117.2363 112.9523 112.9398 118.6426 124.3236 127.1894 127.8998 127.6565 126.7157 125.386 124.3786 123.7051 124.0295 123.4709 123.0708 121.9692 121.6073 120.8623 118.9064 115.4033 110.3473 107.9646 105.1452 101.7084 97.61671 91.8196 86.07849
