py_wake/examples/data/AJ_ParqueFicticio/Rough survey   Sector 4   Height 200m   Weibull-A.grd
DSAA
73  159
 258469   265669
 6501692   6517492
 6.123357   14.39575
[rows 56 to 83 of 159, columns 0 to 62 of 73]
9.794928 9.820952 9.862823 9.894009 9.919438 9.906277 9.889435 9.870418 9.858696 9.836144 9.819706 9.798433 9.786533 9.763615 9.716801 9.705118 9.708369 9.71809 9.727682 9.74455 9.71913 9.688251 9.702669 9.735824 9.752626 9.769821 9.774071 9.786922 9.880335 10.08251 10.27917 10.29589 10.19147 10.18504 10.27586 10.38191 10.42625 10.30894 10.08782 10.01508 10.12957 10.21056 10.24619 10.28635 10.37879 10.55609 10.72402 10.85245 11.10138 11.46063 11.86047 12.10904 11.95667 11.5303 11.2076 11.37987 11.74259 11.82759 11.44307 10.86647 10.43715 10.40461 10.70206
9.778129 9.813384 9.859078 9.890394 9.919566 9.901421 9.878871 9.860705 9.840475 9.823244 9.80463 9.786502 9.767854 9.756824 9.730166 9.712775 9.710285 9.719823 9.73329 9.746804 9.74602 9.729233 9.72957 9.745261 9.763206 9.785514 9.801155 9.820061 9.935617 10.18015 10.39305 10.40649 10.30115 10.27731 10.36554 10.46481 10.52297 10.42335 10.23456 10.12001 10.17017 10.24612 10.29324 10.34256 10.47145 10.64768 10.74127 10.77169 10.95499 11.28011 11.66205 11.88546 11.7502 11.35937 11.08031 11.28109 11.65826 11.75993 11.38681 10.81562 10.3499 10.23063 10.49771
9.760606 9.803254 9.852038 9.883725 9.905164 9.889068 9.85681 9.837074 9.818658 9.803665 9.784941 9.766438 9.756989 9.752584 9.743291 9.728797 9.720492 9.720457 9.727011 9.744321 9.762556 9.765247 9.763498 9.757418 9.776927 9.798747 9.830426 9.898127 10.03423 10.25027 10.47452 10.48353 10.39791 10.3567 10.41671 10.52408 10.60641 10.51873 10.34111 10.20802 10.21636 10.24124 10.2793 10.38799 10.54641 10.7037 10.76075 10.75773 10.8772 11.12442 11.44288 11.63663 11.53623 11.20462 10.97929 11.19013 11.52619 11.64728 11.34169 10.81522 10.31718 10.10308 10.32127
9.768318 9.822715 9.895661 9.917186 9.889717 9.865973 9.832215 9.810596 9.79739 9.781839 9.769933 9.761469 9.744699 9.740482 9.739542 9.736033 9.72995 9.732624 9.734672 9.752854 9.767672 9.782987 9.793151 9.78436 9.797367 9.828716 9.883202 9.990409 10.13558 10.33651 10.50219 10.52576 10.45778 10.40025 10.47198 10.57493 10.64577 10.60104 10.42707 10.26961 10.22038 10.21259 10.24458 10.3977 10.60361 10.74929 10.78935 10.77923 10.82979 10.99931 11.21079 11.37212 11.33344 11.07861 10.89707 11.06042 11.35953 11.5102 11.27135 10.80475 10.31592 10.03316 10.18417
9.801375 9.863594 9.940434 9.953906 9.895983 9.83609 9.797375 9.783333 9.776967 9.770608 9.763325 9.751859 9.736984 9.725145 9.727866 9.730445 9.726346 9.732815 9.748085 9.775594 9.789831 9.786243 9.795889 9.797885 9.810117 9.845755 9.936095 10.07928 10.2577 10.4357 10.56739 10.57556 10.52599 10.48907 10.53153 10.62269 10.66901 10.63134 10.48152 10.31637 10.22154 10.18732 10.23683 10.40369 10.61585 10.76061 10.81928 10.83334 10.84973 10.89632 10.99542 11.10117 11.12982 10.97643 10.81298 10.92306 11.21172 11.37387 11.1595 10.74284 10.30454 10.02684 10.0771
9.852842 9.922227 9.956688 9.945061 9.891039 9.822825 9.773357 9.75981 9.773761 9.77251 9.76773 9.757866 9.739283 9.726521 9.723524 9.724295 9.724299 9.733858 9.762372 9.793059 9.825768 9.817791 9.810439 9.809455 9.816353 9.870011 9.993545 10.1759 10.36925 10.56363 10.67644 10.66801 10.6217 10.60133 10.61982 10.6718 10.69302 10.63164 10.49126 10.34895 10.23652 10.15804 10.20199 10.37356 10.59017 10.7391 10.81384 10.88976 10.94182 10.88905 10.83273 10.87309 10.95154 10.89892 10.73434 10.79363 11.04973 11.20196 11.02629 10.66195 10.28928 10.04031 9.978424
9.882157 9.951299 9.946236 9.925804 9.872932 9.818912 9.771059 9.759868 9.769465 9.778615 9.777012 9.76511 9.749856 9.735523 9.726562 9.720198 9.71575 9.725679 9.763133 9.800791 9.839062 9.839268 9.829548 9.823596 9.843796 9.909912 10.03861 10.23992 10.45806 10.65885 10.7741 10.75547 10.703 10.71378 10.72405 10.74751 10.73486 10.63621 10.48583 10.35788 10.23702 10.14161 10.16009 10.30995 10.53687 10.69875 10.79659 10.89202 10.99568 10.9643 10.79972 10.71256 10.78815 10.78447 10.69483 10.67093 10.86163 10.98978 10.86891 10.56942 10.24895 10.04241 9.952572
9.889863 9.939009 9.934635 9.909801 9.868117 9.829988 9.798918 9.789058 9.783846 9.789125 9.791062 9.773064 9.758187 9.748014 9.736404 9.72707 9.715645 9.718736 9.74979 9.791839 9.830444 9.843506 9.845628 9.853374 9.886274 9.980786 10.10029 10.28094 10.51041 10.72359 10.84034 10.83177 10.79733 10.82109 10.8591 10.85367 10.80293 10.67259 10.51522 10.37358 10.23356 10.13319 10.12182 10.24727 10.45796 10.6507 10.74397 10.85337 10.97475 11.00269 10.85759 10.68716 10.64554 10.65133 10.60021 10.54818 10.65055 10.76318 10.67674 10.45292 10.18792 10.0316 9.955988
9.883342 9.917894 9.910263 9.895975 9.874814 9.848361 9.83696 9.827901 9.806469 9.793091 9.791194 9.782393 9.769124 9.761568 9.746093 9.733784 9.723357 9.734471 9.762794 9.792713 9.814963 9.859298 9.877238 9.88842 9.934419 10.02093 10.15235 10.33802 10.56551 10.77043 10.87913 10.88205 10.86928 10.90311 10.95696 10.95296 10.87741 10.73561 10.57922 10.41824 10.26526 10.13434 10.09597 10.19532 10.38738 10.56035 10.65944 10.78688 10.89461 10.95371 10.91716 10.77337 10.59415 10.47064 10.4244 10.40613 10.43591 10.52765 10.49485 10.32873 10.1562 10.02864 9.940645
9.859742 9.888781 9.882486 9.874593 9.872092 9.869143 9.865392 9.865505 9.835234 9.795998 9.789678 9.78377 9.777992 9.774318 9.757107 9.742274 9.735209 9.756812 9.777632 9.805406 9.849672 9.907384 9.936207 9.942499 9.982152 10.05716 10.19016 10.37556 10.58745 10.76511 10.87496 10.87699 10.90778 10.9851 11.03527 11.0216 10.94678 10.78559 10.61878 10.47791 10.31877 10.17419 10.10734 10.16243 10.31124 10.44179 10.5414 10.68928 10.79294 10.85909 10.91842 10.87216 10.66278 10.39031 10.24709 10.20626 10.2277 10.29071 10.30184 10.23647 10.15365 10.03895 9.91313
9.830595 9.852844 9.855032 9.856887 9.868791 9.878727 9.885862 9.883118 9.844531 9.797005 9.787503 9.782084 9.77534 9.768952 9.765615 9.760528 9.754752 9.773964 9.791184 9.814505 9.873536 9.957437 9.98106 9.994511 10.04424 10.11409 10.25942 10.43742 10.60757 10.74925 10.83895 10.86327 10.92089 11.04531 11.0893 11.07408 11.00443 10.83474 10.65782 10.50926 10.35517 10.24429 10.15191 10.15371 10.22817 10.28928 10.41465 10.60237 10.69542 10.72836 10.85985 10.91768 10.7215 10.37835 10.08181 9.961183 9.992448 10.08038 10.17818 10.23505 10.20271 10.09349 9.926145
9.818218 9.82776 9.830499 9.844128 9.858856 9.885067 9.895372 9.888391 9.862224 9.817358 9.797712 9.78783 9.779723 9.770572 9.766996 9.775315 9.782246 9.786939 9.79779 9.834208 9.893204 9.96365 9.997255 10.03366 10.10144 10.20381 10.33454 10.50529 10.6605 10.78062 10.83948 10.87368 10.92396 11.05374 11.11107 11.09958 11.05623 10.93023 10.74687 10.57182 10.41087 10.3093 10.22429 10.16073 10.13827 10.15429 10.29125 10.49569 10.6071 10.61422 10.78032 10.88589 10.72105 10.36863 9.986591 9.738072 9.768323 9.907566 10.09429 10.21644 10.23533 10.1543 9.965752
9.80545 9.806179 9.808649 9.829839 9.859879 9.890389 9.900053 9.894041 9.877807 9.841677 9.81071 9.796328 9.784978 9.780009 9.785026 9.801744 9.805795 9.80518 9.808413 9.837688 9.879365 9.931748 9.980744 10.0533 10.15248 10.29585 10.43966 10.56202 10.70117 10.8264 10.88147 10.89089 10.92557 11.02205 11.10674 11.10268 11.07719 10.98407 10.81666 10.6719 10.53636 10.42398 10.32488 10.21992 10.09434 10.07221 10.19712 10.38446 10.48635 10.50519 10.6831 10.77899 10.63663 10.30894 9.915917 9.607584 9.55679 9.752217 9.987464 10.16794 10.23482 10.18717 9.993606
9.786557 9.775575 9.774158 9.801832 9.854921 9.900881 9.903996 9.904623 9.892823 9.870602 9.837994 9.804377 9.782376 9.785495 9.825054 9.84744 9.843663 9.825095 9.822776 9.827798 9.846601 9.884152 9.962962 10.07532 10.22203 10.37082 10.50425 10.64033 10.78095 10.90039 10.95488 10.92735 10.91801 10.98357 11.0727 11.08239 11.06446 10.98087 10.85558 10.75735 10.65184 10.55907 10.44401 10.3021 10.13967 10.0456 10.11115 10.2607 10.36618 10.42495 10.5652 10.62278 10.49319 10.19943 9.841227 9.510493 9.415262 9.623558 9.887442 10.07405 10.16052 10.13871 9.998416
9.777588 9.758208 9.736235 9.775559 9.847554 9.900488 9.903337 9.907606 9.907857 9.890868 9.86441 9.830029 9.792031 9.797935 9.847237 9.891687 9.870975 9.845601 9.831725 9.834463 9.843343 9.871492 9.990624 10.13362 10.28649 10.42399 10.56315 10.69573 10.86035 11.00358 11.04431 11.00392 10.9331 10.95241 11.02177 11.0498 11.03108 10.95809 10.87254 10.82815 10.76279 10.65168 10.52886 10.35973 10.21207 10.08191 10.07409 10.15528 10.25131 10.34447 10.43725 10.43853 10.35492 10.12171 9.773499 9.467276 9.37061 9.543427 9.7962 9.975043 10.07903 10.06218 9.948199
9.789414 9.754546 9.722298 9.7435 9.821615 9.877901 9.883417 9.89933 9.915608 9.912981 9.886965 9.852516 9.818783 9.820686 9.855775 9.901548 9.886505 9.867485 9.850858 9.836554 9.84696 9.898649 10.04032 10.19342 10.34728 10.46889 10.60891 10.7429 10.92093 11.07745 11.14962 11.09428 10.9912 10.96793 10.9919 10.99769 10.98515 10.92441 10.88691 10.85248 10.81588 10.70194 10.54962 10.40217 10.27419 10.14565 10.07687 10.09713 10.17457 10.28755 10.32589 10.31009 10.25974 10.08272 9.75523 9.434728 9.346125 9.500235 9.712931 9.880285 9.984288 9.986222 9.881012
9.802232 9.758307 9.728364 9.741408 9.793871 9.833149 9.848183 9.883195 9.922989 9.939487 9.914655 9.884928 9.862066 9.850081 9.868662 9.890887 9.882189 9.872022 9.858855 9.843574 9.850353 9.91979 10.05185 10.21464 10.36169 10.49035 10.62841 10.78557 10.97679 11.15562 11.25327 11.19562 11.08222 11.02088 10.99148 10.97444 10.91825 10.87229 10.85348 10.84132 10.82122 10.71959 10.57149 10.43981 10.31234 10.17369 10.07929 10.05305 10.12995 10.2176 10.24732 10.24356 10.23804 10.13371 9.827614 9.440716 9.298862 9.438229 9.613755 9.777711 9.886831 9.89298 9.800632
9.80403 9.772272 9.763882 9.772985 9.781921 9.795488 9.809609 9.873161 9.944156 9.953171 9.943403 9.923463 9.914171 9.896033 9.87852 9.872661 9.866822 9.863758 9.854395 9.84515 9.856912 9.937331 10.06912 10.22274 10.36508 10.49236 10.6259 10.82023 11.0552 11.26639 11.34509 11.29386 11.18482 11.08284 11.01705 10.94248 10.87138 10.82332 10.81005 10.81034 10.79227 10.71662 10.59404 10.47237 10.33248 10.19244 10.04216 9.990476 10.04281 10.1221 10.16002 10.18911 10.24103 10.19842 9.896625 9.502988 9.261932 9.339283 9.516575 9.672864 9.770256 9.765615 9.669803
9.81097 9.792324 9.789637 9.805004 9.815053 9.775855 9.765261 9.861989 9.95244 9.960073 9.95864 9.949477 9.945619 9.945794 9.902077 9.85561 9.842085 9.853521 9.859095 9.859881 9.876522 9.968203 10.09877 10.24263 10.37302 10.49219 10.63012 10.83422 11.1164 11.35974 11.44036 11.38793 11.27622 11.1492 11.04164 10.93929 10.85644 10.78904 10.7645 10.7639 10.73408 10.6561 10.57585 10.49178 10.35682 10.23041 10.06186 9.95904 9.973493 10.05127 10.08111 10.12672 10.18882 10.17212 9.932071 9.577326 9.320033 9.286199 9.415718 9.577188 9.644788 9.611779 9.491459
9.810323 9.802138 9.79879 9.812309 9.823189 9.779787 9.766557 9.855715 9.939782 9.95129 9.950926 9.953132 9.954889 9.961228 9.90863 9.841806 9.835818 9.854004 9.871381 9.894549 9.925179 10.00662 10.13746 10.26719 10.38817 10.49614 10.63124 10.85998 11.15484 11.42252 11.52287 11.4617 11.3265 11.17454 11.04504 10.93252 10.85555 10.78628 10.72729 10.70398 10.64913 10.57541 10.51581 10.44932 10.31228 10.19902 10.09211 9.971044 9.959346 9.99313 10.01746 10.06655 10.12761 10.09734 9.912108 9.650592 9.438447 9.316986 9.341082 9.44453 9.5045 9.415566 9.275572
9.792231 9.79019 9.792041 9.798776 9.810003 9.801579 9.799476 9.855205 9.919715 9.942266 9.945409 9.945549 9.947608 9.946118 9.916043 9.859107 9.845892 9.861606 9.881835 9.917278 9.984685 10.06849 10.1669 10.28066 10.38874 10.50008 10.64213 10.88538 11.19162 11.46955 11.58444 11.50848 11.34161 11.16567 11.01049 10.90208 10.84305 10.77716 10.67062 10.6481 10.60638 10.48632 10.41652 10.35456 10.2603 10.19005 10.11133 10.01505 9.982841 9.951237 9.944206 9.972276 10.01767 9.998304 9.878428 9.726943 9.571115 9.399317 9.300332 9.330791 9.340178 9.225573 9.059009
9.781107 9.77739 9.774197 9.772553 9.791694 9.8206 9.835623 9.866026 9.902954 9.928671 9.943551 9.949512 9.947044 9.94724 9.93531 9.913264 9.879062 9.872008 9.883649 9.939229 10.02674 10.13061 10.23861 10.3317 10.40644 10.51787 10.68502 10.95098 11.27804 11.54743 11.64622 11.5555 11.35931 11.17395 10.99824 10.86482 10.8112 10.7355 10.60505 10.56964 10.50882 10.40504 10.34148 10.31866 10.28012 10.23309 10.17787 10.08381 10.01298 9.922474 9.876495 9.897394 9.955692 9.973528 9.914913 9.838336 9.7041 9.504699 9.347611 9.246539 9.157375 9.017244 8.836278
9.779209 9.76628 9.752353 9.753731 9.776354 9.816592 9.852706 9.881759 9.895974 9.924108 9.942579 9.95103 9.955941 9.954054 9.954552 9.950613 9.920163 9.892029 9.89047 9.947801 10.03821 10.15522 10.29272 10.37031 10.43058 10.54939 10.7595 11.06861 11.41301 11.65944 11.73602 11.57951 11.34707 11.15835 10.98982 10.87729 10.80705 10.71968 10.59324 10.50199 10.38866 10.32532 10.3246 10.3492 10.3237 10.28433 10.20143 10.11968 10.03589 9.893834 9.839252 9.860424 9.929521 9.976898 9.963753 9.910154 9.759157 9.554099 9.365716 9.179079 8.985712 8.852098 8.681888
9.783725 9.769029 9.746271 9.740925 9.758609 9.819169 9.873145 9.908296 9.91495 9.924696 9.940154 9.947162 9.953802 9.962897 9.975692 9.973015 9.95397 9.924601 9.926852 9.98164 10.04463 10.15924 10.27986 10.36792 10.45143 10.59801 10.85278 11.2135 11.57355 11.79827 11.77456 11.56138 11.29844 11.09677 10.94607 10.83519 10.7644 10.66248 10.53743 10.45311 10.34474 10.31661 10.35098 10.36678 10.36075 10.30422 10.20697 10.0905 9.978738 9.875813 9.834599 9.854162 9.911345 9.991948 10.02636 9.966352 9.803772 9.601821 9.348217 9.088686 8.878135 8.727294 8.537211
9.782594 9.773863 9.749955 9.730869 9.777701 9.837646 9.89602 9.913329 9.933875 9.941162 9.941835 9.936032 9.945985 9.967539 9.983644 9.984576 9.977036 9.972579 9.991235 10.03647 10.09344 10.18821 10.27188 10.36672 10.46917 10.65569 10.95631 11.34856 11.7235 11.90732 11.79868 11.53363 11.2527 11.04532 10.90354 10.76561 10.67143 10.53128 10.43266 10.38457 10.35961 10.37248 10.39105 10.37435 10.35981 10.27911 10.15398 10.01389 9.931284 9.857113 9.832484 9.83943 9.89467 9.96952 10.0248 9.980272 9.808658 9.565439 9.271038 8.997199 8.768058 8.578756 8.376512
9.764864 9.767197 9.75111 9.74181 9.779452 9.847292 9.902959 9.926818 9.946259 9.962582 9.965833 9.940413 9.940265 9.97103 9.995726 9.99872 9.996835 10.01989 10.05555 10.08854 10.14681 10.22933 10.31267 10.39625 10.51655 10.72936 11.0523 11.45805 11.80442 11.93682 11.78074 11.48611 11.2 11.01193 10.86106 10.72112 10.58003 10.44367 10.37411 10.38446 10.42628 10.45236 10.44264 10.39537 10.34389 10.24226 10.09919 9.980599 9.900072 9.849517 9.831886 9.842084 9.89233 9.96537 10.0109 9.95394 9.749907 9.477555 9.184257 8.89992 8.658231 8.429957 8.227427
9.747605 9.759546 9.762336 9.761129 9.781379 9.829075 9.885154 9.920525 9.948556 9.97842 9.99277 9.955442 9.943386 9.964126 9.977211 9.983713 9.992574 10.03013 10.08057 10.12365 10.19181 10.26502 10.36127 10.46111 10.60448 10.82834 11.15783 11.53944 11.83949 11.91796 11.7227 11.44733 11.1847 10.99852 10.84481 10.66358 10.50993 10.36927 10.35081 10.42941 10.51669 10.53239 10.47736 10.38936 10.31278 10.19305 10.04016 9.927462 9.853196 9.814953 9.814361 9.851254 9.90938 9.97116 10.00275 9.917953 9.688163 9.413495 9.112682 8.817983 8.565587 8.320413 8.082989
9.73954 9.73315 9.7494 9.769587 9.789697 9.8248 9.872385 9.916297 9.951313 9.987118 9.997311 9.992028 9.976664 9.985905 9.998246 9.993075 9.998978 10.03617 10.07928 10.14683 10.22625 10.29766 10.40138 10.53763 10.72941 11.00323 11.31679 11.63181 11.84703 11.86096 11.67584 11.4362 11.20668 11.00934 10.84687 10.61297 10.43305 10.33465 10.38221 10.50522 10.59002 10.58852 10.47273 10.34986 10.26663 10.13734 9.98041 9.872535 9.797629 9.760309 9.774106 9.834039 9.903318 9.958652 9.960712 9.856149 9.622357 9.349244 9.041187 8.730969 8.453244 8.200067 7.930861
