py_wake/examples/data/AJ_ParqueFicticio/Rough survey   Sector 2   Height 200m   Orographic turn.grd
DSAA
73  159
 258469   265669
 6501692   6517492
-11.08718   14.85206
[rows 0 to 26 of 159, columns 0 to 61 of 73]
.3709873 .4633683 .5276543 .5764996 .6309702 .6950097 .7573802 .8075088 .8463255 .8828445 .9318069 .9738218 1.014113 .9940083 .9614391 .8807325 .7489682 .6116672 .394596 .1797983 .04847373 .2383309 .7419902 1.198714 1.434552 1.517055 1.409076 1.54853 1.672606 1.666771 1.596117 1.592361 1.398466 1.162758 .9958073 1.068815 1.33245 1.736628 1.961116 2.079925 2.246067 2.45766 2.66606 2.879139 2.920167 2.884708 2.82704 2.78495 2.757904 2.784903 2.821008 2.898682 2.990694 3.110169 3.201739 3.295114 3.39132 3.429803 3.404598 3.303092 3.189923 3.00904
.4211091 .5155661 .5455294 .5740384 .6287597 .7021897 .7560157 .848115 .8853695 .9003537 .9369137 .9762192 1.005544 1.01482 .9698697 .8644333 .7306244 .5337818 .2831633 -.01309523 -.1623444 .1029006 .7040719 1.177807 1.327443 1.395079 1.400164 1.56994 1.720003 1.687685 1.667524 1.589033 1.452198 1.234223 1.037646 1.038773 1.188559 1.468796 1.63993 1.744269 1.865068 2.076804 2.333629 2.559039 2.720959 2.706002 2.678012 2.631479 2.626233 2.648493 2.724796 2.851771 2.998546 3.154603 3.273217 3.384793 3.496411 3.538537 3.482926 3.422858 3.297185 3.103118
.3651839 .5183602 .5366102 .5773895 .6715546 .7432118 .8041567 .869004 .926385 .9631107 .9655167 1.001345 1.054898 1.073794 1.033146 .8944578 .7146078 .5064209 .2435367 -.03899933 -.1346927 .1322796 .7130822 1.129804 1.377133 1.424595 1.404801 1.563685 1.715748 1.744846 1.741305 1.67333 1.561497 1.377943 1.162678 1.006006 1.036865 1.238186 1.325034 1.400908 1.52255 1.83994 2.131966 2.361818 2.497048 2.577426 2.561944 2.509765 2.509563 2.49768 2.580762 2.759953 2.956583 3.123528 3.290031 3.455081 3.588431 3.667766 3.676576 3.604214 3.488029 3.231325
.2060323 .3822708 .5123418 .6114533 .6869639 .763718 .8658425 .9397649 .996853 1.052072 1.05726 1.04028 1.08868 1.128265 1.120765 .970993 .7869613 .5511505 .2840607 .01052157 -.01370514 .2942123 .8251134 1.223385 1.461695 1.455598 1.508021 1.602556 1.744563 1.795549 1.822482 1.889303 1.793237 1.61219 1.467037 1.387007 1.272613 1.304716 1.26666 1.214136 1.393877 1.769477 2.142704 2.303378 2.389894 2.429679 2.449869 2.447685 2.445001 2.443272 2.483839 2.65427 2.844658 3.108802 3.351799 3.567605 3.765418 3.900594 3.943307 3.87675 3.72547 3.484455
.01865224 .2113482 .4183862 .6014937 .6940961 .8087857 .9009525 1.022913 1.086188 1.124024 1.153031 1.124791 1.128625 1.175113 1.201813 1.08725 .8785962 .6429943 .363967 .1173569 .1489093 .5047168 1.003635 1.4482 1.71048 1.660646 1.657532 1.75384 1.876739 1.943136 2.035031 2.06711 2.029802 1.908477 1.969131 2.029692 2.083301 1.961237 1.836657 1.556643 1.645307 2.051066 2.453254 2.441178 2.344916 2.26558 2.273709 2.360858 2.340739 2.370998 2.309475 2.467849 2.692405 3.020989 3.35443 3.693674 3.99155 4.179741 4.278278 4.251796 4.098009 3.778619
-.1127411 -.03910283 .1740586 .4595639 .6868564 .8081332 .9381353 1.06172 1.120097 1.161232 1.1763 1.197686 1.189966 1.275818 1.258823 1.23648 1.061591 .8153818 .5316749 .3543078 .4296802 .7500969 1.166809 1.609203 1.911936 1.936934 1.912582 1.949145 2.034287 2.171804 2.290573 2.380568 2.384783 2.507663 2.567418 2.734951 2.954991 2.966053 2.715531 2.342911 2.323809 2.65232 2.837456 2.683912 2.576554 2.430038 2.40836 2.450452 2.380981 2.283951 2.280097 2.311972 2.559649 2.939242 3.427955 3.922513 4.329149 4.601165 4.775069 4.764968 4.617962 4.27835
-.2904752 -.2753322 -.1786309 .1150771 .5006762 .7648451 .8743505 .9420342 1.009007 1.06024 1.082097 1.146852 1.183619 1.235353 1.259949 1.30054 1.302002 1.126831 .9133062 .691328 .7319639 .9982799 1.370278 1.735885 2.029011 2.122768 2.168128 2.162542 2.217722 2.301769 2.411266 2.592188 2.789832 2.802351 2.936633 3.079408 3.310251 3.456046 3.287244 3.061814 3.188365 3.344988 3.292351 3.004022 2.838869 2.774378 2.73022 2.68449 2.582946 2.434335 2.352099 2.400696 2.60873 2.985923 3.595714 4.22398 4.746154 5.134284 5.407613 5.439847 5.300014 4.940227
-.4050122 -.4210633 -.3963394 -.2261355 .1103285 .4776123 .6809365 .756151 .805402 .8621157 .8996077 .9856519 1.099297 1.200158 1.261177 1.38366 1.514481 1.508838 1.377765 1.229598 1.221404 1.39646 1.666499 1.904635 2.09134 2.218777 2.278771 2.306184 2.315498 2.37328 2.458291 2.640879 2.855295 2.986758 3.142659 3.32932 3.541317 3.700954 3.700655 3.720491 4.053865 4.189504 3.958448 3.559815 3.264925 3.228484 3.154104 3.120543 2.876785 2.706615 2.642706 2.757832 3.015047 3.431203 4.017942 4.725847 5.282702 5.743038 6.075473 6.228951 6.063253 5.664888
-.4962204 -.5215275 -.4903283 -.3059724 -.01960356 .2876604 .4855612 .5221909 .5784103 .6022719 .7095767 .8310775 .9915124 1.036351 1.143894 1.387352 1.657175 1.869466 1.929931 1.920423 1.862554 1.990819 2.205089 2.261014 2.347022 2.399937 2.490665 2.464837 2.436592 2.431324 2.452722 2.650101 2.888665 3.111943 3.346682 3.533868 3.865466 4.060221 4.267158 4.496812 5.016757 5.275994 5.029809 4.563519 4.222173 4.116507 4.005216 3.852816 3.662707 3.533684 3.404212 3.480887 3.750944 4.210979 4.821003 5.37474 5.843634 6.325401 6.738087 6.913218 6.763098 6.371347
-.5794644 -.6095686 -.5701299 -.417648 -.224532 .1159422 .3063588 .3194079 .3089698 .3400563 .4656911 .657679 .8413004 .9028615 .946065 1.188939 1.581115 1.955337 2.280268 2.479849 2.594537 2.784772 2.949106 3.044659 3.018348 2.82724 2.723263 2.667616 2.530463 2.428174 2.465115 2.669539 2.921974 3.14919 3.413756 3.657816 3.977972 4.427785 4.793886 5.219254 5.841572 6.209813 6.248623 5.916984 5.700016 5.499157 5.281342 4.993476 4.796078 4.669765 4.550075 4.527088 4.762709 5.290544 5.851552 6.132083 6.421023 6.838212 7.142191 7.336075 7.179111 6.821123
-.6726484 -.6865339 -.6628648 -.5957537 -.6508214 -.4539196 -.3063137 -.115271 .01090476 -.002200973 .1988005 .5108034 .7030552 .7254968 .7489465 .9371978 1.314925 1.757073 2.184178 2.609391 3.018175 3.364015 3.634846 3.712829 3.768191 3.611598 3.315686 2.961976 2.720501 2.529086 2.547302 2.699893 2.952055 3.206291 3.448305 3.682298 4.075095 4.531681 5.064021 5.587176 6.163309 6.643044 6.938109 7.032371 7.188694 6.998104 6.776037 6.489402 6.24399 6.010583 5.874099 5.809062 6.023511 6.50404 6.953168 7.090911 7.152292 7.342431 7.551694 7.644858 7.431766 6.992474
-.7493261 -.7751452 -.7399289 -.7222451 -.7237942 -.6527866 -.5516962 -.5775283 -.5234544 -.4823147 -.1054813 .2603531 .5052153 .563504 .5932637 .7368194 1.034587 1.34776 1.732187 2.255673 2.905895 3.502923 3.921624 4.061567 4.098549 4.064441 3.713202 3.208858 2.966009 2.711967 2.708848 2.802505 2.997725 3.289499 3.464383 3.711738 4.097621 4.55699 5.132808 5.681459 6.236072 6.668444 7.157613 7.562982 7.959633 8.023389 7.882582 7.755919 7.58333 7.390826 7.271395 7.266929 7.507876 7.994081 8.357464 8.438344 8.512845 8.57895 8.654824 8.548216 8.167899 7.615028
-.8060597 -.8433939 -.8059952 -.7747394 -.7235026 -.6511002 -.6739439 -.8237086 -1.026443 -.9682829 -.4864505 -.1274972 .07055372 .2721742 .5004379 .758545 .9618546 1.081854 1.348855 1.730044 2.289337 2.93068 3.635105 4.03311 4.184988 4.207211 4.073896 3.686146 3.320276 3.07496 2.939698 2.955862 3.098324 3.352714 3.57689 3.824002 4.141971 4.538442 5.052178 5.637746 6.175586 6.672544 7.226867 7.787907 8.327073 8.474182 8.560377 8.542729 8.505693 8.505833 8.581612 8.812192 9.238768 9.768029 10.18461 10.57767 10.85758 11.09396 11.08248 10.64615 9.872842 9.08334
-.8398948 -.8104313 -.7690026 -.7578217 -.7227194 -.7240588 -.8237163 -1.078026 -1.278432 -1.212936 -.8725706 -.5350002 -.3719294 -.2317417 .07850369 .5485865 .8289216 1.023479 1.0276 1.242184 1.691934 2.398947 3.080031 3.609158 3.956716 4.098962 4.120598 3.924863 3.505087 3.270682 3.100379 3.04056 3.151064 3.384421 3.738513 3.996144 4.226201 4.502163 4.868055 5.37295 6.001642 6.603882 7.182442 7.822704 8.391134 8.798466 8.948569 9.142588 9.172474 9.357952 9.609029 9.995414 10.73745 11.57026 12.28162 12.93585 13.45135 13.77055 13.72211 13.10291 12.08851 10.87802
-.8235056 -.7835818 -.7525192 -.746588 -.7694421 -.8067383 -.9437722 -1.138597 -1.306852 -1.288131 -.9877558 -.7141601 -.5826655 -.4589481 -.1671731 .24859 .5147992 .6607686 .7663655 .8614403 1.15055 1.693026 2.368249 3.07499 3.547253 3.800532 3.823009 3.662813 3.484675 3.277162 3.16361 3.108644 3.138079 3.413881 3.853988 4.242 4.340712 4.440104 4.600681 5.026384 5.68451 6.406965 7.085265 7.695443 8.219777 8.680202 8.959092 9.311291 9.737871 9.985976 10.29783 10.7692 11.59835 12.49553 13.36696 13.99598 14.5097 14.85206 14.70489 14.17609 13.13894 11.95053
-.7843211 -.7656963 -.7691782 -.7779727 -.7846386 -.8841715 -1.014144 -1.176393 -1.286911 -1.254878 -1.010308 -.8086344 -.6919453 -.5788156 -.421348 -.1600579 .08173322 .216441 .3628556 .4898607 .7391309 1.083837 1.503841 2.098912 2.748058 3.207755 3.369158 3.343401 3.207755 3.108462 2.948624 2.918254 2.927992 3.25803 3.806151 4.213512 4.334288 4.265152 4.221728 4.385834 5.048942 5.847796 6.666128 7.382971 7.856687 8.256863 8.641996 9.025249 9.581812 10.0814 10.37051 10.71986 11.32351 12.10213 12.69691 13.13905 13.53416 13.645 13.5053 13.16643 12.60187 11.8223
-.7719287 -.7283856 -.7628024 -.7905108 -.817485 -.9032969 -1.031561 -1.182441 -1.246819 -1.196888 -1.052893 -.9058612 -.7932799 -.6697925 -.5666173 -.4578713 -.2853544 .01675249 .19135 .3368102 .5153055 .7328188 .9625813 1.279783 1.70945 2.292914 2.644309 2.773386 2.781056 2.673103 2.536987 2.382253 2.385024 2.760138 3.351525 3.666648 3.754499 3.600812 3.33077 3.496181 4.141246 5.054137 6.051779 6.803983 7.293411 7.541705 7.768364 8.24582 8.862327 9.365858 9.673522 9.785554 10.03392 10.32888 10.78412 11.15492 11.40314 11.56115 11.5713 11.40292 11.22853 10.81971
-.7672689 -.759328 -.7513819 -.7961805 -.8291408 -.9054524 -1.02671 -1.119511 -1.184886 -1.146689 -1.044096 -.9071154 -.8104733 -.6700936 -.5638005 -.4628199 -.3562454 -.1494527 .002128077 .1838503 .3053917 .4497888 .5791442 .6872907 .9091375 1.237059 1.49099 1.754418 1.92433 1.912803 1.681036 1.444376 1.493685 2.013138 2.602291 2.810337 2.671781 2.348328 1.878794 1.945789 2.690919 3.696011 4.739293 5.637433 6.170801 6.328874 6.52953 6.8761 7.460999 7.851853 7.977645 8.030882 8.144441 8.432317 8.844541 9.332599 9.834189 10.12183 10.22545 10.25049 10.18062 9.955663
-.7653287 -.7708408 -.7988997 -.803196 -.8539278 -.9002339 -.9846147 -1.076639 -1.132307 -1.092778 -.9887777 -.8642541 -.8085585 -.6888193 -.5591547 -.4842308 -.3595275 -.2170386 -.09964828 .05479188 .1552164 .2087451 .2037084 .2107945 .1737956 .2124755 .3670458 .5907038 .7508712 .7882527 .6872692 .4806346 .6449027 1.266987 1.744789 1.930929 1.712738 1.116005 .5195553 .4661064 1.328806 2.139174 2.895178 3.535741 4.07539 4.458566 4.720654 5.155894 5.659041 6.032219 6.168886 6.359965 6.627343 7.111199 7.745866 8.475126 9.062157 9.528718 9.796618 9.819635 9.696449 9.399184
-.7761097 -.7911143 -.8223823 -.8281689 -.8567961 -.8863873 -.9600166 -1.000944 -1.061293 -1.040933 -.9311672 -.8862214 -.8347774 -.6816331 -.5851824 -.4794486 -.403872 -.2668736 -.1684199 -.03369572 -.004017238 .03307397 .01722528 -.005219177 -.06850924 -.2379826 -.3473458 -.3049778 -.1359804 -.1025522 -.1813254 -.1417112 .1469215 .7069432 1.074392 1.240943 .9089507 .1235349 -.7253764 -.6918898 .12239 .8620878 1.33919 1.705488 2.110582 2.450076 2.900368 3.551158 4.079463 4.455239 4.758041 5.063098 5.681542 6.391527 7.234293 8.102709 8.854196 9.378785 9.726305 9.763866 9.558452 9.059188
-.7177293 -.794217 -.8612766 -.8798013 -.8660721 -.8934955 -.9309648 -.9408408 -.9728883 -.9505113 -.8688555 -.8355318 -.7996545 -.7026863 -.5736103 -.4939512 -.4535214 -.3231232 -.2277391 -.1919217 -.1761892 -.1291572 -.09898902 -.08771104 -.1676434 -.3349073 -.5092875 -.627746 -.6054895 -.6216785 -.5706778 -.3094752 -.1140558 .3080634 .5722117 .6455299 .2603039 -.6824189 -1.541941 -1.429524 -.6186568 .1211848 .4572027 .6999775 .8796897 1.119 1.657305 2.393355 3.016194 3.4081 3.773279 4.348154 5.142555 6.035058 7.04814 8.051593 8.900716 9.503114 9.83081 9.772343 9.380401 8.65022
-.6635581 -.6941215 -.8197448 -.8574301 -.8488114 -.8572797 -.8716674 -.895713 -.9074682 -.8444302 -.7975825 -.7655584 -.7405753 -.6603298 -.5941086 -.5189533 -.4547717 -.3842649 -.311506 -.3297442 -.3448215 -.2592227 -.1734695 -.131355 -.2146796 -.3339109 -.4947452 -.6558505 -.8382408 -1.027659 -.8009724 -.4180128 -.1145792 -.002861112 .1215187 .1585365 -.3489758 -1.104309 -1.822647 -1.629007 -.8990692 -.2816134 .1154925 .3581653 .3952473 .6299542 1.073004 1.647563 2.271414 2.772463 3.27477 3.908274 4.799212 5.82 6.834555 7.944591 8.876833 9.496282 9.742535 9.600809 9.041262 8.077229
-.6912071 -.6881087 -.7468842 -.8194725 -.8340797 -.8440184 -.8387027 -.8396047 -.8542084 -.7881401 -.7720323 -.7090704 -.6885097 -.6206753 -.570655 -.5305366 -.4736492 -.3780761 -.3550261 -.3577435 -.3831988 -.314334 -.2459586 -.2544782 -.2814583 -.3741347 -.4827323 -.6575697 -.9939089 -1.188198 -.9801239 -.6351518 -.3568537 -.292154 -.2797945 -.3045555 -.7982196 -1.372524 -1.717559 -1.575347 -.9929643 -.4125676 .04704191 .1581249 .2736144 .4719636 .8004733 1.211116 1.71601 2.302284 2.916023 3.732424 4.638591 5.634233 6.674846 7.761292 8.671247 9.278705 9.440027 9.199356 8.461831 7.336538
-.7171763 -.7289151 -.7883475 -.8065419 -.8165884 -.8171266 -.8132257 -.8203785 -.8182623 -.7875062 -.7464377 -.7110139 -.6574075 -.6290413 -.5572287 -.526201 -.4306993 -.3730579 -.3833633 -.4188543 -.4141153 -.3784165 -.3388497 -.3407276 -.3761956 -.4470302 -.5815606 -.7466689 -1.05233 -1.137235 -.9150969 -.7373372 -.6886755 -.6730162 -.722691 -.6540043 -.9945561 -1.526721 -1.714629 -1.482249 -1.06899 -.4974123 -.07634547 .07370815 .248167 .4828385 .6900451 .9796429 1.395553 1.943903 2.638721 3.520371 4.532871 5.55175 6.480009 7.523626 8.416989 8.984926 9.056499 8.582604 7.762249 6.580091
-.7299402 -.7714279 -.7981402 -.7864879 -.7987451 -.7907234 -.7949786 -.8058403 -.7860617 -.791182 -.7340838 -.7118142 -.671479 -.6342614 -.5633107 -.5213575 -.4672213 -.4463881 -.4356132 -.4797049 -.4986309 -.4694927 -.4315175 -.4682513 -.4820199 -.5864965 -.7551308 -.9615396 -1.114149 -1.104916 -1.052872 -.9190568 -.9694194 -1.062716 -1.147097 -1.025663 -1.088595 -1.458785 -1.652191 -1.488611 -1.246287 -.6898149 -.2552897 -.0639597 .1605123 .356988 .5364163 .7627015 1.052634 1.534043 2.263171 3.328165 4.417599 5.424612 6.31869 7.248682 8.185196 8.655902 8.587059 7.983209 6.959227 5.725668
-.7140961 -.7582094 -.7833053 -.7516459 -.745871 -.7333044 -.7652531 -.7738003 -.7794987 -.8043056 -.7392387 -.7044929 -.6612705 -.5892647 -.5582894 -.5100678 -.4937988 -.5076559 -.507685 -.5553885 -.550925 -.5700654 -.5709621 -.6206188 -.6617455 -.8265839 -.9901363 -1.163482 -1.248823 -1.168157 -1.076402 -1.02088 -1.191101 -1.406735 -1.516939 -1.350593 -1.253177 -1.443333 -1.602384 -1.61412 -1.465369 -1.133585 -.6320443 -.2996811 -.03160616 .09984147 .2151708 .3778295 .6761118 1.168031 1.897507 3.006383 4.268427 5.358232 6.184286 7.112695 7.999717 8.445339 8.220408 7.453376 6.260188 4.983764
-.7504458 -.7937601 -.8134136 -.7588757 -.7433549 -.7188005 -.741081 -.7483535 -.7852399 -.7950075 -.746393 -.7203092 -.6517854 -.5828452 -.5666903 -.5631396 -.558817 -.5603855 -.5776303 -.6052777 -.628109 -.6554807 -.676726 -.7488275 -.8047269 -1.001194 -1.18456 -1.303737 -1.277573 -1.308381 -1.167581 -1.111139 -1.307665 -1.577262 -1.741609 -1.639619 -1.472951 -1.478557 -1.569403 -1.709569 -1.784162 -1.528372 -1.076409 -.7221202 -.5007171 -.4157023 -.3087309 -.07311494 .2879926 .8239656 1.6126 2.727796 4.047323 5.204767 6.110282 7.023219 7.938848 8.287679 7.965163 6.998236 5.628348 4.253365
