py_wake/examples/data/AJ_ParqueFicticio/Rough survey   Sector 9   Height 30m   Weibull-A.grd
DSAA
73  159
 258469   265669
 6501692   6517492
 .06085515   14.36087
[rows 84 to 111 of 159, columns 0 to 62 of 73]
5.55595 5.512538 5.462058 5.437694 5.401004 5.401622 5.43958 5.439487 5.428759 5.434238 5.438253 5.431802 5.361773 5.250121 5.209975 5.23411 5.288668 5.272847 5.199762 5.383296 5.429874 5.488478 5.50819 5.586154 5.927937 6.755975 7.710431 8.313506 8.644027 8.155663 7.569991 7.197311 7.025128 6.903899 6.624851 5.673638 5.231409 5.119871 5.716524 6.571461 6.951876 6.816081 6.646667 6.365355 6.136847 5.987191 5.918179 5.869078 5.740645 5.492633 5.525369 5.671203 5.804392 5.885921 5.914107 5.703076 5.51441 5.172483 4.786717 4.528008 4.094609 3.599856 2.848006
5.476454 5.481589 5.424924 5.348853 5.295289 5.372746 5.393126 5.38898 5.371343 5.40063 5.402165 5.359945 5.292823 5.139392 5.245844 5.342982 5.354669 5.237267 5.230903 5.335819 5.327375 5.503653 5.546102 5.710016 6.226798 7.162264 7.896463 8.411992 8.381949 7.806422 7.419559 7.105493 6.887449 6.580826 6.072697 5.399657 5.18084 5.29288 6.10888 6.773021 6.96875 6.82796 6.60043 6.30176 6.289754 6.163748 6.089292 6.123224 5.722434 5.533254 5.48559 5.533165 5.7428 5.843445 5.892087 5.873856 5.583915 5.234887 4.930044 4.550364 3.997592 3.196656 2.313386
5.348567 5.357155 5.317781 5.241103 5.285189 5.34167 5.353116 5.305472 5.353174 5.361418 5.345739 5.267581 5.24365 5.158086 5.202947 5.331978 5.297884 5.272608 5.315984 5.222053 5.29744 5.396729 5.563894 5.757028 6.298085 7.087759 7.79334 8.116742 7.979282 7.567022 7.248401 6.921978 6.65841 6.343264 5.939767 5.431447 5.117104 5.530069 6.642422 6.815131 6.821592 6.702485 6.611392 6.456978 6.414073 6.288898 6.180476 6.194087 5.961401 5.491057 5.409259 5.601085 5.803051 5.875029 5.93061 6.038071 5.692821 5.312243 4.810102 4.381131 3.612223 2.570809 1.826994
5.238501 5.219141 5.164141 5.197577 5.240233 5.258519 5.27219 5.286215 5.295722 5.31669 5.271824 5.228852 5.220819 5.234828 5.195148 5.240201 5.235072 5.248833 5.232674 5.185921 5.248122 5.275892 5.463063 5.705534 6.171 6.865276 7.453337 7.837937 7.828302 7.800801 7.395823 7.152137 6.815372 6.434356 5.977048 5.246784 5.030377 6.147049 6.579139 6.798498 6.846983 6.812715 6.826442 6.728503 6.549437 6.390165 6.288013 6.28263 6.023909 5.452901 5.307845 5.694406 6.045857 5.950695 6.004122 6.220318 5.724932 5.145133 4.52706 4.087576 3.012162 1.970803 1.764932
5.1804 5.100451 5.036778 5.155434 5.182801 5.153672 5.170431 5.174248 5.173739 5.226534 5.217288 5.165293 5.141416 5.205716 5.236982 5.163913 5.091469 5.172267 5.177157 5.134157 5.139462 5.242937 5.35692 5.721506 6.180604 6.783373 7.371635 8.074707 8.384614 8.371668 7.869923 7.259567 6.928345 6.542747 5.993061 5.239276 5.31984 6.132194 6.57795 6.825204 6.957363 7.108207 7.095553 6.821823 6.499613 6.245977 6.261327 6.249446 5.858604 5.355275 5.259093 5.734413 5.995277 6.025966 6.150774 6.001403 5.635792 4.860356 4.279521 3.708451 2.437954 2.025061 2.068332
5.109234 4.973991 5.043946 5.090641 5.111591 5.096618 5.123391 5.035104 5.045671 5.103331 5.144943 5.115381 5.085972 5.153732 5.16987 5.019466 5.034736 5.041473 5.029486 5.052828 5.102742 5.216229 5.492455 6.064168 6.718577 7.119657 7.958928 8.936054 9.265301 8.931046 7.976409 7.247072 6.829306 6.354551 5.64803 5.24997 5.462087 6.364619 6.665784 6.982563 7.182611 7.199274 6.975317 6.391068 6.000495 5.940807 5.928358 5.720796 5.248962 5.040108 5.214436 5.629011 5.615481 5.740342 5.843662 5.879198 5.39019 4.475771 3.886686 3.509165 2.18485 2.180893 2.305579
5.015612 5.005992 5.059454 4.967926 5.012052 5.037585 5.01861 4.984244 4.998058 4.966664 5.047615 5.036329 5.029251 5.084642 5.126847 5.061646 4.963284 4.883405 5.040009 4.960014 5.137941 5.371428 5.848599 6.748902 7.509654 7.959116 8.764561 9.745604 9.919519 9.023759 7.819833 7.098045 6.683978 5.996421 5.259475 5.505243 5.922828 6.233624 6.786206 7.134477 7.294424 7.271743 6.567257 5.993518 5.889358 6.250814 6.096628 5.910145 5.26456 4.88228 5.334624 5.8404 5.659154 5.720464 5.693999 5.59248 4.820733 4.070975 3.57363 3.217838 2.498881 2.406173 2.620613
5.054098 4.986253 4.96442 4.903716 4.864679 4.894353 4.973393 5.002731 4.965302 4.972826 4.972783 4.948862 4.996756 5.028972 5.064819 4.953606 4.8195 4.789663 5.055011 5.18392 5.352604 5.747058 6.420714 7.542994 8.351339 8.590801 9.311441 10.20344 10.0684 8.8492 7.621625 7.019714 6.660896 5.63328 5.112548 5.992011 6.08998 6.252988 6.830095 7.410652 7.496281 6.98703 6.389042 6.074355 6.57384 6.690812 6.488532 5.742585 5.100347 5.069347 5.851272 6.200888 6.090287 5.848956 5.437056 4.767736 4.291571 4.012048 4.035423 3.600013 2.840242 2.489661 2.818993
4.963058 4.903734 4.885414 4.81094 4.712393 4.871136 4.963539 4.958802 5.01045 4.988318 4.976547 4.936484 4.949354 4.99374 5.012556 4.861655 4.710513 4.84225 5.369398 5.674719 5.740484 6.285235 7.290229 8.251031 9.033916 9.010063 9.713722 10.42868 9.933845 8.724848 7.609263 7.018269 6.478636 5.191928 5.165281 6.286789 6.347165 6.340348 6.865931 7.49064 7.314744 6.925264 6.53972 6.727003 7.000447 6.821619 6.19286 5.429966 5.169692 5.463432 6.153144 6.349407 6.100318 5.895813 5.202738 4.604057 4.638778 4.731729 4.62438 4.118274 2.533575 2.247178 2.780202
4.912382 4.8561 4.773309 4.700252 4.725054 4.82705 4.934758 4.948454 4.970728 5.017341 4.987618 4.881443 4.907514 4.968513 4.949051 4.888417 4.786398 5.160683 5.92106 6.358603 6.42907 6.799109 7.893129 8.913673 9.508395 9.353355 9.959495 10.48523 9.915168 8.592382 7.504128 6.784639 5.667674 4.653614 5.601221 6.608863 6.483893 6.188294 6.991549 7.544683 7.586725 7.365619 7.078506 7.000702 7.009873 6.501162 5.717701 5.37805 5.631219 5.938827 6.198394 6.246069 5.987198 5.607626 5.141487 4.942032 4.966526 5.24377 4.989357 4.245481 1.893384 1.464319 2.464941
4.804399 4.779748 4.716085 4.675175 4.654698 4.78399 4.893947 4.920535 4.947222 5.005765 4.974084 4.835367 4.881747 4.959853 5.000615 4.970562 5.031948 5.686618 6.688178 7.147755 7.195575 7.049213 8.304217 9.515252 9.999209 9.831156 10.07214 10.55369 9.668121 8.204636 7.135369 6.299973 5.22418 4.769915 5.785946 6.845445 6.627554 6.326152 7.07836 8.085739 7.919686 7.709952 7.313674 6.99249 6.561818 5.874039 5.514266 5.623667 5.926839 6.070541 6.180676 6.156209 5.757114 5.574465 5.169171 5.04648 5.18864 5.040979 4.777411 4.310094 2.56249 1.12263 .8923427
4.668284 4.704407 4.617251 4.670156 4.701297 4.752166 4.843596 4.963388 5.033535 4.997724 4.934657 4.861608 4.9057 4.988221 5.106184 5.113562 5.431217 6.379632 7.306638 7.777133 7.902634 7.615188 8.487401 10.0866 10.62649 10.42809 10.35983 10.05837 9.04164 7.635314 6.635073 5.891503 5.046224 4.898502 6.432581 7.030993 6.816047 6.531963 7.590559 8.324624 8.207062 7.757122 7.07943 6.538744 6.085508 5.6669 5.761917 5.830781 5.991798 6.036111 6.096377 6.054212 5.551771 5.357823 5.113123 5.191793 5.178493 4.840234 4.699996 4.360543 3.321865 1.163919 .8742139
4.575436 4.582142 4.649947 4.658269 4.736066 4.784212 4.865625 5.004692 5.052985 4.97757 4.897582 4.897575 4.976922 5.096179 5.340344 5.622283 6.02009 6.700381 7.740335 8.509009 8.637761 8.106191 8.711354 10.59888 10.95605 10.67067 9.8838 8.763024 7.539888 6.570567 5.946003 5.693952 5.288204 5.230515 6.688931 7.307962 7.276817 7.17291 7.536874 8.51476 7.916918 7.3781 6.56564 6.029543 5.935291 5.877179 5.995306 5.954936 5.951385 5.859148 6.013963 5.939846 5.300777 4.863999 5.028909 5.326634 5.080891 4.75507 4.768343 4.384938 3.710862 1.507047 .9963611
4.411311 4.578427 4.658379 4.722349 4.744949 4.864469 4.913341 4.963304 5.041777 5.002663 4.962234 5.012079 5.049681 5.344029 5.813412 6.310487 6.457319 6.881608 8.319335 9.19554 9.247263 8.570326 9.089642 10.63923 10.97177 10.00087 8.146804 6.742108 6.217654 6.084633 6.409714 6.404263 5.792757 5.541331 6.692737 7.682894 7.504226 7.399557 7.538701 7.993088 7.538121 6.83455 6.208317 5.87621 5.824105 5.918829 5.772337 5.603705 5.561649 5.496649 5.798858 5.198033 4.364889 4.47298 4.971496 5.014312 4.98468 4.573221 4.522491 4.329286 3.745939 2.832057 .6986337
4.38471 4.575302 4.692395 4.749258 4.653006 4.893647 5.045736 4.896284 4.961469 5.048098 5.100717 5.156151 5.28834 5.810688 6.55488 6.951845 6.910578 7.470044 9.033813 9.833031 9.650301 8.908173 9.614779 10.60186 10.26855 8.486127 6.505016 6.155147 6.764173 7.284348 7.562981 7.24348 6.192269 5.760275 6.641487 7.853318 7.753847 7.111576 7.037692 7.384907 7.17453 6.417307 5.891233 5.70552 5.718355 5.541981 5.255738 5.016022 4.789902 5.024522 4.678092 4.374189 4.270312 4.925169 5.171705 5.299501 4.913524 4.740548 4.497752 3.972481 3.496346 2.6615 .7488252
4.331808 4.534384 4.785166 4.834145 4.690192 4.863856 5.132843 4.97994 4.987936 5.207293 5.2917 5.402668 5.749294 6.516284 7.337703 7.504385 7.5533 8.320601 9.642694 10.45909 10.01387 9.468676 9.772182 10.13474 8.947576 6.889276 5.991747 7.137081 8.403821 8.743785 8.280354 7.420784 6.159524 5.964185 6.962508 7.76284 7.376133 6.718571 6.631745 6.916174 6.514596 6.001905 5.67412 5.23972 5.411064 5.152446 4.859746 4.255278 4.317943 4.195479 4.412959 4.523132 4.920432 5.759864 5.843107 5.765009 5.403947 4.922487 4.408786 4.006789 3.760564 2.854009 .864158
4.516143 4.72325 4.901802 4.993704 4.906873 4.864575 5.166956 5.294956 5.120862 5.439111 5.734572 5.918376 6.320778 7.050805 7.881946 8.107211 8.429179 9.124743 9.986831 10.72045 10.42046 10.00433 9.637653 8.540176 7.003093 6.43012 7.158177 8.748799 9.48313 9.186129 8.276752 7.116117 6.056205 6.061053 6.930779 7.220549 6.869468 6.215273 6.269578 6.374034 5.979748 5.465209 5.226095 5.068734 5.024381 4.669957 4.231399 3.846661 4.267165 4.59015 4.9138 5.4512 6.125387 6.44337 6.375673 6.157497 5.718732 5.151097 4.485394 4.181498 3.637199 1.925966 1.525558
4.7539 4.985817 5.010712 5.142029 5.206613 5.04178 5.237645 5.670742 5.446099 5.730748 6.276336 6.4506 7.01779 7.741795 8.409661 8.888695 9.254577 9.684706 10.32597 10.9144 10.59682 9.636262 8.365301 6.928797 6.787502 7.464171 8.877925 9.729574 9.783456 8.965322 7.845364 6.690866 5.924368 6.15564 6.927478 6.818237 6.58246 5.989701 5.864799 5.382478 5.140227 5.014588 4.918328 5.412766 5.220247 4.72583 3.939289 3.865514 5.012485 5.637648 5.991635 6.454059 6.807539 6.936703 6.748122 6.460526 5.872053 5.462296 4.90798 4.368596 2.658648 .7541592 2.642184
4.918482 5.036188 5.088503 5.326055 5.68914 5.507147 5.348332 5.993955 5.923632 6.162976 6.867384 7.187585 7.759959 8.554964 9.092893 9.581195 9.746369 10.05901 10.5839 10.80613 10.02947 8.563946 7.322097 6.835636 7.93221 9.227654 10.05439 9.984966 9.312583 8.285706 7.342588 6.504549 6.039967 6.324875 6.604964 6.369416 6.144638 5.625847 5.131867 4.782835 4.899043 5.132059 5.456285 6.063867 5.808125 4.515309 3.796398 4.645802 5.720063 6.202412 6.573241 7.091241 7.391841 7.318767 7.033571 6.550046 5.865883 5.525883 4.929029 4.075712 1.76034 2.799688 3.09443
5.069458 5.035263 5.18812 5.705918 6.263421 5.932539 5.448018 6.240324 6.572102 6.763031 7.491159 7.872208 8.386474 9.398522 9.692529 10.03861 10.04131 10.19046 10.50047 10.33403 9.311085 8.04594 7.369674 7.715491 9.166548 9.994219 10.22137 9.372165 8.235531 7.499912 7.015315 6.529527 6.200147 6.110634 6.1597 5.90386 5.543723 4.953173 4.518474 4.491813 5.277882 6.137985 6.804754 6.768991 5.61103 4.238257 4.050788 5.039961 5.958323 6.537067 6.988202 7.678401 7.902092 7.540162 6.780198 6.069765 5.605771 5.185758 4.630139 3.644298 1.418855 .7702291 .6676952
5.027799 5.12653 5.465363 6.195646 6.66691 6.025356 5.649569 6.529589 6.918679 7.207648 7.884629 8.530831 9.28127 10.05437 10.18592 10.26388 10.0837 10.07839 10.4351 10.14543 9.267858 8.364535 7.892247 8.513156 9.67859 9.83778 9.461601 8.336402 7.638308 7.431177 7.225385 6.716017 6.063293 5.859389 5.855968 5.808152 5.115946 4.517678 4.390344 4.974935 6.098836 6.875655 6.861732 6.190104 4.716651 4.386875 4.412271 5.202479 6.058144 6.76237 7.463627 8.148428 8.157684 7.308943 6.34082 6.006854 5.715673 5.180144 4.484625 3.633126 1.723638 1.420346 1.419598
5.099758 5.321166 5.728642 6.380364 6.631048 6.096296 6.062768 6.851177 7.206995 7.633478 8.329646 9.259203 10.23732 10.61773 10.71813 10.24583 10.06729 9.992085 10.34538 10.14158 9.401079 8.777419 8.251244 8.634392 9.176668 9.009482 8.589895 7.999689 7.815858 7.876334 7.584018 6.733769 5.919967 5.669834 5.810928 5.369772 4.530301 4.031003 4.521122 5.351686 6.330045 6.866914 6.41643 5.454134 4.73189 5.064741 5.219791 5.206509 6.133113 7.0506 7.956021 8.482024 8.388739 7.256913 6.52651 6.366323 5.855357 5.003078 4.207674 3.557878 1.834745 1.455578 1.316249
5.456117 5.515744 5.817702 6.290032 6.479046 6.377001 6.599624 7.148614 7.470088 8.109823 8.970164 10.10939 11.035 11.20229 11.01309 10.16677 9.753197 10.02509 9.945802 9.783325 9.494451 8.765796 8.139971 8.005379 8.260056 8.449928 8.438898 8.263425 8.299553 8.385751 7.617763 6.525363 5.731217 5.439711 5.324638 4.549726 3.781205 3.973269 4.935285 5.695611 6.473499 6.480735 6.117693 5.662506 5.45006 6.056306 6.058035 5.223548 5.841875 7.336381 8.487724 9.002423 8.723832 7.7652 7.00385 6.667833 5.702809 4.566261 3.861915 3.413107 1.89654 .8740672 .9657572
5.836667 5.765077 6.011173 6.292804 6.535197 6.892762 7.318449 7.685693 7.991018 8.714136 9.785463 10.96842 11.74648 11.71838 11.18995 9.869201 9.103068 9.513487 9.668824 9.638164 9.21365 8.521989 7.402524 7.393902 8.022316 8.385742 8.509592 8.672146 8.779826 8.505978 7.321697 6.228176 5.529849 5.096389 4.708105 4.041946 3.533874 4.010868 5.292288 6.007006 6.511873 6.734661 6.804628 6.548269 6.265394 6.831331 6.613416 5.566395 5.543511 7.250922 8.886648 9.607174 9.433352 8.25703 7.193578 6.474353 5.355252 4.288164 3.715542 3.460502 2.143509 .6080654 .4045211
6.274741 6.107926 6.30148 6.738511 6.991717 7.415111 7.984615 8.389657 8.567938 9.171289 10.31539 11.70315 12.13595 11.87081 11.03031 9.55844 8.52088 8.9262 9.397952 9.309637 9.163613 8.321935 7.050576 6.972375 8.042077 8.41181 8.535263 8.86579 9.046398 8.353848 7.039058 6.062737 5.299239 4.824384 4.349871 3.713671 3.330216 4.263535 5.627292 6.348966 6.879637 7.588217 7.945313 7.570293 6.939334 7.145727 6.775284 5.689119 5.486489 7.046465 9.105913 9.781682 9.73117 7.829015 6.456646 5.712841 4.857208 4.19731 3.80421 3.585386 2.585578 .5747518 .1589125
6.708133 6.596796 6.60234 7.22699 7.520127 7.799664 8.521382 8.915838 8.991068 9.44801 10.68183 12.01417 12.31386 11.65916 10.27633 9.197913 8.276101 8.550664 8.788282 9.119688 9.074895 8.246393 6.671848 6.771482 7.805849 8.303237 8.739318 9.437479 9.112989 8.079339 6.754261 5.719231 4.831839 4.131924 3.722018 3.343557 3.360226 4.572937 6.08566 7.032238 7.719471 8.566403 8.995893 8.446904 7.483761 7.2113 6.413895 5.453204 5.513767 7.112251 9.083762 9.603738 9.123031 7.059596 5.592843 4.882511 4.420225 4.113345 3.902496 3.673705 2.860966 3.490215 .4565743
7.210584 7.053663 6.927161 7.387298 7.688501 7.939764 8.686863 8.940564 9.292003 9.76193 10.95443 12.13937 11.9317 10.95103 9.740131 8.895733 8.255454 8.118038 8.419863 8.82155 8.736677 8.033627 6.669693 6.427512 7.524697 8.482656 9.369169 9.559114 8.887577 7.221324 5.56928 4.37999 3.698928 3.371897 3.495624 3.458555 3.798326 5.000963 6.62856 7.807198 8.601276 9.552154 9.873837 9.063683 7.657906 6.877347 6.018085 5.099479 5.258895 7.24002 8.955592 9.528659 8.098818 6.298856 4.983936 4.333632 4.041184 3.975676 3.88884 3.524857 2.415107 2.280388 .3127127
7.399774 7.196131 6.984452 7.255594 7.663469 8.057734 8.555388 8.882489 9.588005 10.25849 11.17857 12.11888 11.67033 10.71808 9.924558 8.78208 8.048472 8.161495 8.576054 8.653975 8.292241 7.67406 6.481308 6.264325 7.711973 9.237333 9.86463 9.668693 7.848552 5.906695 4.393607 3.596113 3.394218 3.563519 3.812903 3.961067 4.258126 5.510334 7.243389 8.588717 9.469125 10.41917 10.42425 9.082239 7.623986 6.600049 5.74545 4.897878 5.147736 7.164869 8.733434 8.586026 6.910537 5.30646 4.368251 3.973523 3.811835 3.865059 3.967918 3.503367 1.464578 .8228144 .9097176
