py_wake/examples/data/AJ_ParqueFicticio/Rough survey   Sector All   Height 30m   Mean speed.grd
DSAA
73  159
 258469   265669
 6501692   6517492
 2.338363   9.457575
[rows 112 to 139 of 159, columns 0 to 62 of 73]
6.321614 6.480579 6.281736 6.237776 6.414529 6.553619 6.66834 6.957037 7.357931 7.613572 7.953564 8.393596 8.162872 7.573087 6.969999 5.923336 5.520921 5.885353 5.857958 5.221615 4.913363 5.130196 4.919993 5.164603 6.459329 7.296673 7.427461 7.078225 6.566439 6.185301 6.226743 6.414773 6.296769 5.799253 5.275471 4.776278 4.472655 5.056333 6.204598 7.058609 7.641744 7.78551 7.199481 6.04682 5.257657 4.629179 4.272694 4.069439 4.027809 4.708044 5.571408 5.840131 5.371901 4.787236 4.386199 4.3016 4.291387 4.248988 4.111207 3.6125 2.635975 2.671718 2.74386
6.440885 6.653734 6.636455 6.586175 6.736373 6.992898 7.197927 7.49148 7.790009 7.915977 8.211803 8.560652 8.309608 7.578545 6.738562 5.816738 5.929472 6.409183 6.334861 5.364039 4.687888 4.54761 4.498133 4.998409 6.330269 7.304729 7.171725 6.278435 5.814008 5.724293 5.690117 6.249275 6.747639 6.729799 6.379133 5.870237 5.336962 5.461721 6.400609 7.19071 7.949275 8.160671 7.41393 6.082527 5.260266 4.642406 4.331139 4.126543 3.979899 4.100452 4.575492 4.910863 4.789733 4.530396 4.290629 4.262172 4.258901 4.270823 4.203103 3.903934 3.217833 2.642913 2.725408
6.881835 7.043676 7.055445 6.989728 7.047767 7.359939 7.786901 7.990638 8.094925 8.129661 8.502133 8.757039 8.268183 7.277105 6.361822 5.889645 6.46491 6.966473 6.456671 5.591032 4.900247 4.431689 4.259513 4.639305 5.846853 6.869987 6.850576 5.984405 5.318706 5.221016 5.296819 5.710408 6.471359 6.759851 6.981976 6.969162 6.681004 6.555271 7.086712 7.618497 8.247018 8.473467 7.575526 6.309033 5.46315 4.952963 4.558377 4.232534 4.046343 3.910985 3.986057 4.20007 4.242716 4.315681 4.267302 4.224224 4.203265 4.196999 4.168646 4.068919 3.846975 3.351245 2.867832
7.307823 7.409899 7.397468 7.360932 7.397675 7.741605 8.123471 8.212991 8.314563 8.446785 8.755189 8.799834 8.196881 7.024494 6.342223 6.301957 6.965564 7.367449 6.891815 6.155082 5.665884 5.054513 4.279334 4.239682 4.972917 6.048774 6.274187 5.466348 4.913252 4.858544 4.975627 5.339628 5.7301 6.116793 6.577325 7.300428 7.670137 7.781268 7.989122 8.163003 8.490896 8.684175 7.936693 6.990437 6.095032 5.5309 4.927443 4.437048 4.149066 3.981722 3.915859 3.921887 3.936826 4.108248 4.209767 4.195809 4.153357 4.126286 4.079622 4.026424 3.917819 3.665444 3.453293
7.280033 7.425222 7.451672 7.532342 7.645565 8.009349 8.239783 8.336345 8.558415 8.717967 8.965298 8.701485 8.159817 7.273057 6.849256 6.990779 7.437124 7.736174 7.499681 7.069024 6.588514 5.946116 4.888099 4.145101 4.18841 5.09054 5.623741 5.000792 4.672862 4.786349 4.959895 4.980703 5.131422 5.550903 6.169958 7.122085 8.072967 8.37098 8.488482 8.276774 8.370559 8.548402 8.163156 7.517032 6.818845 6.179094 5.491121 4.872549 4.376923 4.070899 3.996216 4.004044 3.967501 3.969472 4.091201 4.109245 4.081193 4.011764 3.977996 3.958539 3.925839 3.771813 3.629532
6.945414 7.082654 7.159053 7.324122 7.656731 8.002059 8.191798 8.423398 8.636588 8.906772 8.80194 8.571241 8.122805 7.571401 7.426618 7.50799 7.668833 7.873508 7.722319 7.409505 7.009419 6.475006 5.844655 4.759224 4.086124 4.234869 4.716616 4.62948 4.637517 4.868322 4.880676 4.767036 5.079359 5.758101 6.294208 7.258069 8.214229 8.537698 8.350533 7.891178 7.649319 7.610129 7.520753 7.123248 6.774198 6.424063 5.863166 5.233933 4.636412 4.184955 4.041173 4.098507 4.076973 4.011486 3.997607 3.998224 3.987015 3.895667 3.742944 3.736755 3.852966 3.824029 3.686632
6.333635 6.481812 6.706601 7.038986 7.477583 7.862574 8.161268 8.517958 8.712334 8.789291 8.468385 8.163568 7.732648 7.392178 7.530884 7.794737 7.767289 7.593872 7.243419 6.908208 6.51337 6.119546 6.061548 5.70092 4.755611 4.025983 3.891097 4.091426 4.781903 5.027328 4.880147 4.598159 5.16995 5.86917 6.036683 6.921266 8.113901 8.594531 7.992166 6.802735 6.36563 6.398863 6.569542 6.422246 5.873832 5.895863 5.659134 5.124798 4.725191 4.276151 4.132244 4.225739 4.22128 4.189928 4.124484 4.073047 4.021852 3.983947 3.702213 3.41419 3.455065 3.594585 3.510512
5.725931 5.948609 6.372306 6.912059 7.452725 7.869386 8.221308 8.617497 8.734545 8.60457 8.02099 7.339642 7.009803 6.800476 7.186919 7.689374 7.786142 7.198204 6.543414 6.138062 5.636308 5.13549 5.23684 5.846766 5.634742 4.76658 3.968069 4.00469 4.537846 5.123815 4.683561 4.526571 5.182495 5.538584 5.581367 6.596431 8.000872 8.732791 7.898518 6.139169 5.179329 5.160489 5.649717 6.121696 5.368317 5.057072 5.01917 4.765779 4.534861 4.219826 4.103144 4.211067 4.306036 4.292512 4.276635 4.272356 4.21204 4.203557 3.947091 3.476633 3.0488 3.150398 3.181721
5.669599 5.983794 6.446789 7.046339 7.54681 7.971068 8.334691 8.626501 8.696646 8.550876 7.850396 6.789465 6.234718 6.038651 6.532801 7.322945 7.684016 7.243854 6.439809 5.848293 5.197827 4.581357 4.426824 5.312674 5.833992 5.414324 4.544121 4.035543 4.207431 4.597743 4.377892 4.457864 5.210048 5.125546 5.464023 6.687711 7.96022 8.661898 8.189956 6.334908 4.891407 4.292058 4.802041 5.720229 5.459322 4.88854 4.620406 4.464738 4.324042 4.134963 3.981976 4.00913 4.165267 4.265225 4.274387 4.299105 4.248051 4.154456 3.767024 3.372147 3.144166 3.175531 3.171901
6.215601 6.254534 6.719769 7.316063 7.741079 8.149838 8.601722 8.567497 8.279721 8.125812 8.055689 7.069975 6.080091 5.72173 5.978272 6.527649 7.041899 7.102982 6.735518 6.281896 5.57172 4.697718 4.207787 4.653368 5.184461 5.15005 4.918749 4.361801 3.924959 3.951605 4.060505 4.511553 4.860128 4.810809 5.690914 6.950883 8.066611 8.492437 8.097586 6.610218 5.270778 4.254034 4.250611 4.975323 5.227779 5.027355 4.792193 4.579449 4.397272 4.23881 4.05525 3.885278 3.954205 4.098507 4.170945 4.214641 4.210754 3.811002 3.272913 3.228994 3.248829 3.213055 3.379554
6.713714 6.675004 7.001413 7.587514 8.001062 8.379673 8.719213 8.444375 7.389274 7.309597 8.084505 7.73125 6.829237 6.226693 5.915237 5.896302 6.158969 6.258567 6.18747 6.135159 5.804152 4.932414 4.36242 4.304314 4.504431 4.558086 4.67859 4.74173 4.226316 3.71308 3.841482 4.334674 4.532598 5.194362 6.1915 7.418136 8.249819 8.100362 7.434158 6.513584 5.681823 4.564216 4.103687 4.374764 4.653687 4.789311 4.847808 4.83114 4.682884 4.510511 4.297928 3.991781 3.856288 3.863854 3.904885 3.916264 3.872819 3.416868 3.175554 3.391631 3.698271 3.78881 3.906371
7.16818 7.275621 7.6265 7.993192 8.459743 8.629504 8.623131 8.103681 6.601008 6.509984 7.653361 7.812377 7.575613 7.165617 6.61119 6.099434 5.937877 5.732 5.596639 5.589132 5.488893 5.005019 4.569705 4.327583 4.231908 4.296041 4.309858 4.544822 4.357268 3.820223 3.726192 4.02626 4.640077 5.637082 6.798655 7.815265 8.172065 7.719662 6.675996 5.824267 5.541707 4.979087 4.415529 4.222146 4.30665 4.389773 4.52295 4.668627 4.774436 4.739902 4.569963 4.277949 4.064574 3.865302 3.680482 3.4947 3.301464 3.154805 3.163143 3.569778 4.095458 4.192319 4.18853
7.707508 8.071405 8.298179 8.56807 8.861275 8.954793 8.475586 7.334151 5.893659 5.693987 6.9317 7.307223 7.582302 7.629168 7.435225 6.9532 6.673481 6.296339 5.962172 5.720339 5.654622 5.538311 5.193736 4.58918 4.275285 4.330069 4.291574 4.442108 4.158487 3.673528 3.469495 4.030695 4.992636 6.029136 7.00787 7.794447 7.901088 7.292583 6.338323 5.264317 4.873455 4.938444 4.847762 4.651276 4.433278 4.273118 4.257734 4.314574 4.415554 4.664392 4.725735 4.520017 4.279894 3.9432 3.685551 3.459199 3.135496 3.154243 3.16246 3.509672 4.131021 4.375046 4.382881
7.883948 8.449464 8.879586 8.971609 9.12984 8.665182 8.000437 6.783144 5.40607 5.097905 5.949044 6.419889 7.117259 7.488038 7.40679 7.228019 7.07818 7.171045 7.030769 6.804115 6.495589 6.415356 5.972331 5.153512 4.47907 4.449526 4.704097 4.963947 4.737145 3.945256 3.471473 3.911982 4.961493 6.012252 6.990515 7.583852 7.51444 6.911485 6.116923 5.241877 4.706236 4.581329 4.715014 4.836019 4.766582 4.552046 4.47186 4.251808 3.955412 4.17691 4.47186 4.422034 4.10347 3.679852 3.495291 3.445085 3.338799 3.322387 3.281588 3.355505 3.844966 4.402654 4.503734
8.077961 8.538824 9.117148 9.324764 9.131979 8.474226 7.862921 6.898081 5.643826 4.878373 5.154963 5.562683 6.426451 6.873275 6.914656 6.657795 6.481048 6.945913 7.236605 7.414503 7.142566 6.881681 6.389572 5.630783 5.081846 5.001365 5.414935 5.750915 5.597266 4.447806 3.571566 3.674417 4.620358 5.809702 6.805385 7.25814 7.119955 6.772269 6.019432 5.117631 4.79383 4.657496 4.504555 4.610714 4.592786 4.575551 4.564833 4.528071 3.980487 3.587588 3.738895 3.729978 3.500786 3.494907 3.490993 3.469176 3.413385 3.579216 3.796823 3.353379 3.507009 4.294806 4.496784
8.31692 8.777019 9.221753 9.457575 8.948484 8.232068 7.934556 7.389148 6.169421 5.057495 4.733364 4.946072 5.70029 6.166186 6.447414 6.4109 5.730814 6.026024 6.901573 7.102594 6.899069 6.674524 6.148852 5.755466 5.469203 5.433473 5.574517 5.801717 5.78857 4.834467 3.672154 3.534675 4.703331 5.884556 6.568887 6.787453 6.689717 6.609934 6.020826 5.040228 4.552778 4.623955 4.630519 4.585687 4.48919 4.396293 4.380551 4.628966 4.51836 3.712735 3.105189 3.009173 3.353828 3.586081 3.626566 3.619964 3.893906 4.314357 4.256098 3.317814 3.321854 4.058261 4.250608
8.179098 8.767617 9.308675 9.285129 8.845586 7.884717 7.843846 7.498425 6.502716 5.708459 5.047767 4.550331 4.910456 5.476513 6.229424 6.603448 5.721427 5.401813 6.037313 6.302362 6.207597 6.244585 5.724718 5.516274 5.661639 5.635297 5.564131 5.421786 5.334501 4.763517 3.48486 3.618423 4.87931 5.727387 6.239244 6.256649 6.122623 6.11442 5.827282 5.066796 4.535647 4.441308 4.466853 4.540252 4.608963 4.418566 4.269676 4.392594 4.692339 4.359006 3.421701 3.002517 3.349262 4.092867 4.51729 4.623739 4.791551 4.865603 4.45104 3.288871 3.173518 3.658291 3.796856
8.078441 8.634434 8.954655 8.878662 8.387444 7.552912 7.593904 7.266558 6.37541 5.881442 5.345516 4.54761 4.411713 4.873642 5.919169 6.681442 6.155424 5.288019 5.291957 5.413294 5.469504 5.759205 5.3253 5.243133 5.76746 5.959942 5.828424 5.240624 4.90698 4.392013 3.463545 3.561103 4.499909 5.176539 5.633925 5.676741 5.473971 5.559582 5.610184 5.116887 4.642029 4.39798 4.411999 4.362345 4.47328 4.469471 4.364825 4.22229 4.354923 4.353266 3.616277 3.140402 3.308205 4.422207 5.068645 5.141378 5.128395 5.238899 4.736405 3.582866 3.107653 3.16858 3.4481
8.367359 8.585072 8.456979 8.041683 7.354465 7.18225 7.653501 7.1357 6.44976 5.955765 5.470303 4.792499 4.323361 4.514619 5.340816 6.341789 6.534266 5.735387 4.942805 4.766694 4.915183 5.292467 4.897663 4.847959 5.795119 6.218868 6.419753 5.822643 5.233831 4.5414 3.748141 3.574492 4.049258 4.434548 4.858304 5.02964 4.935564 5.209706 5.510842 5.492332 4.946791 4.520076 4.507085 4.398048 4.320926 4.277 4.330866 4.268936 4.045369 3.89717 3.379331 3.188933 3.284774 4.475836 5.145404 5.164159 5.21731 5.376385 5.261745 4.439988 3.582746 3.314131 3.348233
8.787478 8.259937 7.81073 7.329455 6.448577 6.691945 7.713233 7.63989 7.220344 6.696416 6.076452 5.461081 4.789009 4.213602 4.66385 5.697093 6.62208 6.323953 5.315293 4.620792 4.518461 4.821981 4.580886 4.504236 5.375613 6.205127 6.713385 6.740648 6.150178 5.295353 4.539624 3.948704 4.100972 4.050257 4.199831 4.344507 4.532933 4.979726 5.388731 5.588764 5.274891 4.991356 4.894043 4.895338 4.760133 4.412406 4.216482 4.126322 3.886112 3.389988 3.106014 3.138267 3.588141 4.491239 4.997361 5.103496 5.214088 5.409908 5.511634 5.306254 4.392116 3.635104 3.502122
8.668958 7.589437 7.075855 6.834423 6.035763 6.341594 7.369059 7.577969 7.715985 7.307673 6.643175 6.00991 5.298301 4.409499 4.245141 5.159296 6.298182 6.541276 5.873571 4.926679 4.376718 4.501707 4.361317 4.319683 5.041912 6.022086 6.787732 7.234079 6.660841 5.812209 5.173322 5.000111 4.854745 4.546611 4.048906 3.875795 4.218537 4.58935 5.096488 5.538849 5.4917 5.368701 5.21959 5.303715 5.251127 4.967469 4.59452 4.133771 3.454076 2.901268 3.053405 3.022063 3.796442 4.511181 4.823983 5.007232 5.1263 5.399296 5.585039 5.559945 5.004075 4.185244 3.967976
8.321471 6.845834 6.236548 6.121342 5.560204 6.024378 6.825942 7.402932 7.625854 7.467028 6.663234 5.930429 5.369079 4.710341 4.168132 4.68637 5.708958 6.115548 5.95848 5.402553 4.598958 4.358442 4.254939 4.280293 4.900928 5.830287 6.650963 6.885225 6.462663 5.69054 5.225652 5.387697 5.667177 5.386754 4.58882 3.931811 3.916496 4.159419 4.550704 5.088696 5.321327 5.243382 5.188437 5.322864 5.467455 5.241506 4.893601 4.493464 3.376818 2.840369 3.061789 2.985303 3.187924 4.068815 4.667083 4.817066 4.97954 5.329354 5.599583 5.777144 5.32042 4.760877 4.455466
8.122271 6.350648 5.506548 5.40758 5.272131 5.941364 6.647052 7.267611 7.631594 7.795537 7.25554 6.288708 5.36759 4.694449 4.123428 4.331343 4.973139 5.412298 5.570128 5.523232 4.913816 4.435497 4.194313 4.191724 4.819564 5.672135 6.380528 6.610496 6.102168 5.372989 4.882676 5.041859 5.402867 5.601293 5.17566 4.392941 3.919641 3.950046 4.196033 4.677809 5.070461 5.081806 5.081487 5.158498 5.226991 5.018981 4.749697 4.526455 3.701905 2.875194 3.098686 3.111753 2.941441 3.316826 4.283422 4.567337 4.728299 5.059309 5.388938 5.783402 5.681551 5.255459 4.993726
8.067418 6.366626 5.130835 4.850871 5.425636 6.160755 6.485957 6.78806 7.416618 7.715947 7.560148 7.00154 6.086504 5.147674 4.421077 4.114262 4.507794 4.814618 5.138685 5.25646 4.977702 4.627829 4.308529 4.298146 4.95975 5.913813 6.332818 6.319339 5.802934 5.292484 4.901874 4.723913 4.874282 5.207733 5.148313 4.660634 4.177716 3.96107 4.067406 4.500872 4.910712 5.063694 5.058266 4.914824 4.863592 4.695327 4.401007 4.137329 3.756505 3.071773 3.08884 3.158027 3.097743 2.922068 3.781667 4.186688 4.436984 4.710811 5.135394 5.490149 5.7014 5.56575 5.361242
8.089401 6.642555 5.180399 4.689379 5.501716 6.208618 6.204309 6.283379 6.77175 7.017275 7.032594 7.041645 6.757183 5.971478 5.29996 4.635657 4.365367 4.496108 4.831806 4.862898 4.777651 4.704068 4.389024 4.419336 5.287164 6.282166 6.60159 6.090171 5.249948 5.018839 5.005339 4.928974 4.656522 4.714731 4.806303 4.668895 4.348586 4.045862 4.09061 4.363015 4.814103 5.084912 5.170354 4.703297 4.539875 4.350852 4.193912 4.078966 3.8118 3.527323 3.295172 3.189789 3.159714 3.070366 3.319534 3.774122 4.07258 4.362245 4.731113 5.212703 5.629724 5.623578 5.495795
7.805107 6.759372 5.307112 4.595817 5.416324 5.968784 6.067853 6.206026 6.428199 6.272411 6.1257 6.344696 6.586851 6.103615 5.791821 5.460165 4.732982 4.470575 4.477337 4.575312 4.518373 4.572099 4.327429 4.44809 5.478091 6.491172 6.929584 6.098475 4.979327 4.536427 4.691505 4.905907 4.826847 4.558055 4.536602 4.542598 4.389449 4.164836 4.110099 4.276204 4.764969 5.104499 5.236616 4.861663 4.614475 4.382918 4.242938 4.471875 4.442474 4.11531 3.666548 3.377637 3.163725 3.200706 3.123374 3.230384 3.531814 3.854544 4.172121 4.681454 5.331655 5.648248 5.612728
7.221843 6.490471 5.449104 4.537219 5.042745 5.630213 6.080612 6.302675 6.38149 6.006003 5.52832 5.572159 6.044214 5.735137 5.465284 5.705544 5.342134 4.84488 4.56199 4.475625 4.303768 4.443384 4.20043 4.456614 5.567081 6.531812 6.838643 6.127496 5.018976 4.337727 4.360247 4.629893 4.885995 4.734532 4.576215 4.458039 4.342833 4.233047 4.115031 4.108789 4.651493 5.068739 5.082504 4.864889 4.725126 4.604692 4.420353 4.478487 4.598002 4.19708 3.94084 3.764845 3.267075 3.187524 3.223625 3.199833 3.107881 3.199715 3.41517 3.975832 4.724372 5.334196 5.576634
6.780912 6.092455 5.489563 4.526565 4.731025 5.459895 6.171022 6.309512 6.272663 6.276776 5.715759 5.246992 5.40075 5.275448 5.04471 5.46458 5.402916 5.139371 5.29649 4.943945 4.273575 4.223961 4.128317 4.390317 5.443581 6.296297 6.786061 6.155291 5.066602 4.417026 4.253446 4.368869 4.69184 4.793899 4.688005 4.574718 4.48547 4.414144 4.305281 4.096736 4.445503 4.793998 4.748132 4.558853 4.543087 4.537876 4.322317 4.353745 4.354098 4.032148 4.064965 4.232099 4.165629 3.731496 3.273777 3.227047 3.265272 3.169378 2.949505 3.220756 3.996385 4.798845 5.36823
