py_wake/examples/data/AJ_ParqueFicticio/Rough survey   Sector 12   Height 200m   Weibull-A.grd
DSAA
73  159
 258469   265669
 6501692   6517492
 4.983591   9.521681
[rows 28 to 55 of 159, columns 0 to 62 of 73]
7.064285 7.068001 7.054436 7.0514 7.055109 7.051267 7.04186 7.045463 7.030617 7.038285 7.017836 7.014395 7.002733 7.001452 6.99255 6.991721 6.992634 6.989699 6.983122 6.987622 6.964963 6.952917 6.954906 6.961848 6.972787 6.972742 6.977282 6.952333 6.954201 6.935668 6.920093 6.914989 6.897129 6.880306 6.891769 6.909964 6.915182 6.897908 6.897839 6.878548 6.849195 6.846595 6.847556 6.912929 6.999051 7.079428 7.14209 7.209192 7.265095 7.30886 7.328523 7.357844 7.381099 7.359887 7.247625 7.143651 7.08552 7.041672 6.94949 6.85017 6.766006 6.69808 6.629775
7.053194 7.049732 7.053242 7.049401 7.0443 7.044495 7.036157 7.041107 7.024796 7.025665 7.013577 7.009097 7.001069 6.995913 6.998766 6.998835 6.997219 6.990266 6.988294 6.98068 6.972611 6.959747 6.958715 6.966174 6.97763 6.9917 6.995946 6.988589 6.97724 6.97523 6.977283 6.973821 6.968586 6.952174 6.97836 7.007535 6.988756 6.977252 6.966596 6.939303 6.908896 6.905486 6.921202 6.922937 6.999429 7.108103 7.2137 7.31729 7.418359 7.501365 7.551177 7.564737 7.578342 7.573077 7.484613 7.354584 7.242774 7.1475 7.043162 6.955563 6.877339 6.809961 6.749249
7.043666 7.038628 7.029581 7.040043 7.037021 7.026687 7.037852 7.01434 7.01552 7.005262 7.00145 6.989807 6.986798 6.984864 6.990276 6.997049 6.991757 6.990237 6.986748 6.979142 6.975925 6.970794 6.972264 6.977579 6.999003 7.008847 7.020381 7.010845 7.010947 7.021533 7.026224 7.042357 7.042441 7.018027 7.027082 7.03441 7.030115 7.033377 7.043316 7.024546 6.988687 6.981256 6.976864 6.992823 7.0094 7.099544 7.217116 7.357667 7.494537 7.629457 7.72927 7.783302 7.78969 7.771081 7.708319 7.560651 7.393145 7.222354 7.089697 6.985919 6.918386 6.872462 6.858469
7.023904 7.029071 7.024974 7.034111 7.025192 7.028287 7.026182 7.006102 7.000166 6.993654 6.982929 6.977086 6.966176 6.968484 6.982597 6.985908 6.990353 6.986431 6.978737 6.978865 6.979865 6.976955 6.994408 7.000006 7.009807 7.034419 7.040702 7.031641 7.040714 7.05668 7.05643 7.074418 7.079294 7.07208 7.081893 7.064926 7.063364 7.079432 7.089353 7.081582 7.045102 7.02571 7.025985 7.042652 7.080252 7.116363 7.182484 7.29279 7.441462 7.585943 7.731092 7.838751 7.903802 7.920144 7.862092 7.724504 7.519985 7.300883 7.126329 7.003017 6.935815 6.910824 6.925388
7.018399 7.01734 7.018721 7.02327 7.009603 7.024154 6.999865 6.992459 6.985504 6.983629 6.972045 6.964677 6.947572 6.959031 6.970763 6.971991 6.980834 6.979585 6.975374 6.978907 6.984994 6.993492 7.00834 7.015888 7.029635 7.050405 7.048435 7.062643 7.072722 7.067991 7.084705 7.100721 7.111096 7.107651 7.110757 7.108621 7.102979 7.106926 7.103644 7.106215 7.090632 7.050886 7.022218 7.047162 7.086723 7.140406 7.176591 7.250743 7.337071 7.444109 7.56171 7.692254 7.816419 7.900214 7.914875 7.823009 7.630585 7.403164 7.205205 7.063666 6.977939 6.981439 6.997254
7.019095 7.006315 7.012027 7.006307 7.011094 7.011061 6.996736 6.988274 6.979225 6.968264 6.961262 6.944131 6.944279 6.955028 6.952744 6.959486 6.96774 6.966515 6.970069 6.974721 6.994822 7.003518 7.007138 7.032266 7.037586 7.04181 7.054597 7.058991 7.077262 7.091295 7.103466 7.11965 7.124918 7.139585 7.148926 7.171375 7.169641 7.156911 7.161517 7.151708 7.13497 7.077142 7.011061 6.982642 7.03218 7.096429 7.153233 7.258762 7.335098 7.404617 7.479988 7.579963 7.697186 7.807646 7.888634 7.890003 7.734956 7.538547 7.339525 7.18774 7.09464 7.075914 7.08814
7.021487 7.003604 7.006022 6.998643 7.000196 6.979821 6.982429 6.97803 6.969861 6.960978 6.948023 6.933555 6.933297 6.939126 6.943179 6.946743 6.952297 6.955282 6.962299 6.978018 6.992175 7.004307 7.019432 7.033641 7.03406 7.04756 7.048727 7.061611 7.085374 7.098253 7.118325 7.133852 7.152517 7.161223 7.170515 7.206783 7.227562 7.229512 7.218863 7.213099 7.18597 7.109965 7.024827 6.947401 6.946583 7.027505 7.133241 7.249812 7.377528 7.487594 7.588136 7.698541 7.77258 7.845637 7.923696 7.971172 7.89024 7.733927 7.560606 7.408839 7.289345 7.224364 7.217677
7.009644 6.998234 6.996039 6.995783 6.99505 6.97493 6.971777 6.969839 6.959087 6.947167 6.921817 6.92175 6.93339 6.924738 6.927172 6.928705 6.931425 6.93797 6.950315 6.974527 6.989755 6.997445 7.01458 7.01721 7.040621 7.043169 7.052027 7.070309 7.09516 7.113133 7.126606 7.152932 7.181123 7.195436 7.212286 7.233202 7.274843 7.312331 7.31366 7.327038 7.273254 7.202105 7.090049 6.987649 6.921592 6.982786 7.126225 7.271213 7.41558 7.579841 7.735806 7.89102 7.997151 8.054917 8.095639 8.129034 8.07807 7.95366 7.799006 7.652119 7.581021 7.45793 7.420255
6.991125 6.988943 6.987716 6.984568 6.98451 6.973912 6.968971 6.962205 6.948438 6.935457 6.908727 6.906591 6.897514 6.90401 6.905299 6.905439 6.909207 6.904444 6.919468 6.947026 6.9675 6.991934 6.992721 7.009654 7.018252 7.029911 7.048951 7.074859 7.104139 7.127475 7.149278 7.179583 7.201529 7.233995 7.255032 7.278203 7.324469 7.400534 7.450967 7.471675 7.466391 7.411564 7.300016 7.168215 7.02791 6.98373 7.070785 7.22788 7.400395 7.579148 7.784654 7.968823 8.126575 8.232596 8.281531 8.296628 8.238868 8.113038 7.970343 7.937995 7.952018 7.863189 7.728303
6.973697 6.971825 6.973714 6.972602 6.954679 6.963211 6.964265 6.954441 6.941923 6.909096 6.905747 6.908546 6.882857 6.887226 6.88417 6.886768 6.883295 6.874984 6.882944 6.894131 6.939836 6.960636 6.970444 6.997913 6.997888 7.018443 7.046324 7.075918 7.108105 7.131434 7.173727 7.200213 7.22913 7.258431 7.287912 7.318833 7.373224 7.450353 7.52947 7.59985 7.646175 7.658207 7.60209 7.485852 7.309896 7.11915 7.051219 7.089055 7.202341 7.409812 7.616992 7.814676 8.022479 8.204404 8.324034 8.38131 8.331695 8.206565 8.081825 8.163266 8.251271 8.263031 8.222869
6.965353 6.961872 6.96089 6.962605 6.944966 6.942303 6.943874 6.936093 6.927535 6.911203 6.916172 6.88428 6.878109 6.870897 6.870355 6.867161 6.866378 6.863518 6.865125 6.872748 6.904019 6.922552 6.947438 6.965808 6.979062 7.009453 7.040367 7.072751 7.092821 7.130157 7.169505 7.19556 7.237201 7.269495 7.31808 7.367319 7.414975 7.484175 7.589165 7.682031 7.754403 7.828657 7.860579 7.815311 7.693667 7.477304 7.252001 7.115568 7.07091 7.210731 7.40346 7.595682 7.815038 8.040918 8.237631 8.359973 8.368946 8.257401 8.126826 8.256605 8.380765 8.504018 8.581513
6.95777 6.959798 6.958421 6.942147 6.946702 6.938175 6.932079 6.925479 6.910515 6.915538 6.912344 6.887807 6.882929 6.873287 6.864375 6.863979 6.860084 6.862745 6.877435 6.884097 6.904762 6.900488 6.927597 6.936028 6.965612 6.994853 7.024971 7.053566 7.089663 7.133217 7.160681 7.19414 7.231692 7.278723 7.309194 7.387701 7.433099 7.513118 7.627767 7.71955 7.809886 7.913779 8.006223 8.065963 8.05279 7.91673 7.704491 7.50771 7.362754 7.268258 7.398473 7.581512 7.776879 7.979398 8.182528 8.343237 8.394333 8.294464 8.125586 8.194045 8.314422 8.466255 8.633355
6.958973 6.959352 6.954126 6.937381 6.941957 6.940239 6.932745 6.921166 6.90862 6.909933 6.886609 6.883708 6.900553 6.871892 6.862088 6.851819 6.852097 6.857713 6.868869 6.888301 6.900724 6.899471 6.894535 6.902856 6.938415 6.967782 7.004245 7.042882 7.087056 7.119087 7.154527 7.194514 7.226727 7.261835 7.315389 7.371546 7.422369 7.511747 7.616396 7.71185 7.83704 7.965562 8.091452 8.209862 8.283121 8.281583 8.160094 8.042518 7.877427 7.721126 7.635359 7.733212 7.896724 8.070457 8.236553 8.377899 8.42192 8.319903 8.11679 8.008286 8.036678 8.138291 8.314525
6.972116 6.960288 6.940392 6.930573 6.924839 6.922387 6.922238 6.91366 6.902439 6.893486 6.864201 6.860794 6.859672 6.849742 6.842505 6.838679 6.838634 6.845706 6.847972 6.874293 6.883874 6.884038 6.875465 6.87222 6.881673 6.932116 6.970359 7.019923 7.060151 7.100245 7.136601 7.173352 7.210769 7.249964 7.301519 7.348784 7.397515 7.467926 7.545348 7.647405 7.782557 7.93246 8.079209 8.215445 8.341465 8.430915 8.41751 8.358224 8.263223 8.122312 7.992579 7.891106 8.005962 8.154029 8.27789 8.394226 8.425663 8.315334 8.082006 7.822559 7.681207 7.690792 7.819046
6.986145 6.97221 6.946889 6.929802 6.906559 6.899798 6.901589 6.892302 6.883163 6.877529 6.848022 6.85039 6.820851 6.82092 6.822155 6.818698 6.826584 6.817391 6.824318 6.852449 6.865665 6.859655 6.859871 6.866908 6.877881 6.908435 6.943799 6.98973 7.027555 7.066947 7.104499 7.152397 7.177081 7.232731 7.275961 7.321428 7.363897 7.389301 7.436909 7.509492 7.6218 7.735956 7.861736 7.983235 8.118181 8.217212 8.277712 8.244591 8.197042 8.110945 7.993183 7.90607 7.970443 8.06721 8.17767 8.279445 8.331208 8.266504 8.073934 7.804823 7.538577 7.347745 7.342885
6.992781 6.968858 6.958996 6.943086 6.905715 6.879006 6.875371 6.876286 6.870168 6.852171 6.848424 6.826882 6.815735 6.8083 6.805877 6.800017 6.801942 6.791814 6.795614 6.819637 6.836471 6.828997 6.823619 6.853211 6.872335 6.893063 6.914474 6.951091 6.972893 7.011204 7.062617 7.089383 7.122236 7.173744 7.216009 7.256833 7.285455 7.290266 7.287194 7.297046 7.355444 7.422187 7.491017 7.573121 7.65432 7.735062 7.758944 7.743591 7.693184 7.632013 7.633008 7.661245 7.729767 7.820319 7.93891 8.063463 8.160858 8.163754 8.039108 7.844292 7.573296 7.299908 7.091433
6.998432 6.977913 6.969099 6.953229 6.936338 6.900969 6.869339 6.861082 6.862331 6.854023 6.848225 6.84273 6.821742 6.808826 6.800992 6.790784 6.784224 6.776916 6.77781 6.787323 6.790768 6.781642 6.776554 6.783474 6.823909 6.842785 6.8623 6.878768 6.913618 6.944751 6.986965 7.013726 7.054038 7.097309 7.127532 7.15977 7.18773 7.187957 7.15453 7.127704 7.114587 7.130693 7.147197 7.171015 7.18092 7.268561 7.297227 7.297369 7.303569 7.334121 7.359159 7.403214 7.499592 7.621535 7.763151 7.895861 7.994342 8.014362 7.978914 7.862799 7.654595 7.390246 7.128306
6.996341 6.976952 6.973184 6.958997 6.958323 6.927274 6.895184 6.866695 6.852337 6.844434 6.839523 6.837023 6.827388 6.818123 6.801326 6.796763 6.777114 6.770973 6.765398 6.757094 6.745586 6.741353 6.729334 6.720129 6.735659 6.770746 6.787962 6.795037 6.815718 6.859613 6.880096 6.893453 6.947327 6.985196 7.015102 7.047135 7.081059 7.090442 7.073798 7.039365 6.995074 6.970639 6.956563 6.962647 7.047315 7.149769 7.233686 7.279843 7.296258 7.31803 7.348683 7.390821 7.461036 7.58307 7.721519 7.851125 7.922105 7.911117 7.886902 7.816366 7.69952 7.527337 7.305706
6.976914 6.970243 6.97392 6.969816 6.960534 6.944724 6.912522 6.879349 6.856998 6.832358 6.822443 6.818089 6.818951 6.809447 6.802872 6.780294 6.769165 6.76496 6.763884 6.747339 6.734732 6.722155 6.709345 6.706204 6.693783 6.717029 6.717347 6.71119 6.72079 6.736073 6.748934 6.758874 6.789175 6.830763 6.857378 6.908191 6.952456 6.974597 6.993943 6.995918 6.975847 6.963306 6.967929 7.051335 7.126845 7.216093 7.308068 7.380147 7.418289 7.442025 7.468531 7.506305 7.548847 7.623165 7.754764 7.895573 7.961008 7.932971 7.827614 7.724228 7.635054 7.540586 7.422217
6.968722 6.960312 6.957215 6.959417 6.950789 6.938667 6.921902 6.890117 6.868458 6.832241 6.799925 6.797764 6.801758 6.805005 6.784226 6.76319 6.7555 6.75279 6.75035 6.736667 6.721549 6.70065 6.70219 6.698314 6.690555 6.676191 6.657753 6.644011 6.637869 6.635941 6.643748 6.647871 6.645341 6.682643 6.694512 6.735822 6.786032 6.834003 6.866283 6.897302 6.938188 6.97957 7.035497 7.115571 7.201269 7.273507 7.309845 7.347241 7.379699 7.412447 7.460677 7.529305 7.597163 7.668174 7.761273 7.876965 8.005919 8.014759 7.92 7.753512 7.580339 7.444001 7.345267
6.961016 6.953532 6.945152 6.941287 6.938584 6.931366 6.916256 6.897824 6.873426 6.853566 6.806571 6.776761 6.776647 6.78004 6.762069 6.749436 6.74055 6.729011 6.718629 6.715065 6.70079 6.680014 6.670189 6.657774 6.658565 6.644544 6.619016 6.605951 6.591623 6.57655 6.572945 6.555782 6.559422 6.566792 6.572626 6.603515 6.633576 6.673766 6.69796 6.745515 6.79039 6.849683 6.917083 6.988975 7.053765 7.078187 7.143771 7.199459 7.263985 7.32691 7.38809 7.454742 7.54596 7.624739 7.686502 7.760464 7.900403 7.99855 8.013021 7.918591 7.723864 7.486331 7.283834
6.963401 6.951507 6.939959 6.925769 6.926875 6.926134 6.909411 6.897152 6.87885 6.864423 6.832044 6.785954 6.769269 6.760005 6.750378 6.739662 6.731464 6.712842 6.687542 6.684634 6.670139 6.661018 6.647226 6.639407 6.631216 6.616155 6.60508 6.586173 6.570826 6.562147 6.535904 6.513077 6.512076 6.492316 6.468482 6.482131 6.500463 6.50611 6.527348 6.533884 6.558243 6.607239 6.646898 6.706558 6.752193 6.877408 6.996603 7.115711 7.21909 7.300449 7.36426 7.402552 7.453016 7.51219 7.552882 7.59566 7.666474 7.783465 7.892462 7.972663 7.912063 7.715743 7.456558
6.961954 6.955398 6.949574 6.936943 6.927495 6.920949 6.911172 6.898185 6.891526 6.876473 6.849801 6.829579 6.789922 6.764758 6.746974 6.737877 6.734594 6.721464 6.700615 6.676131 6.667177 6.658461 6.650731 6.649148 6.641667 6.628944 6.603501 6.583373 6.569081 6.547524 6.511473 6.470302 6.441306 6.420537 6.394175 6.372108 6.354373 6.34274 6.343036 6.344824 6.353817 6.396778 6.453125 6.513813 6.615857 6.766708 6.918126 7.061571 7.186384 7.279957 7.343484 7.354249 7.335765 7.389609 7.474473 7.453346 7.439521 7.504989 7.61597 7.791767 7.931983 7.910561 7.747567
6.952082 6.950662 6.943085 6.939628 6.923408 6.913143 6.908071 6.907539 6.897132 6.890424 6.870639 6.846571 6.810558 6.776607 6.75824 6.740498 6.723449 6.726667 6.712904 6.693202 6.679647 6.669209 6.662653 6.662422 6.661803 6.63756 6.618431 6.603052 6.584549 6.555543 6.510697 6.45981 6.39252 6.354662 6.324214 6.28215 6.240411 6.207069 6.185515 6.178307 6.20343 6.262468 6.331137 6.434796 6.552779 6.701796 6.8476 6.986141 7.110243 7.198058 7.258692 7.279158 7.235269 7.282503 7.3929 7.423548 7.337953 7.286083 7.323701 7.485183 7.718574 7.888093 7.898218
6.941909 6.936068 6.932937 6.931956 6.920088 6.910269 6.899978 6.900319 6.898952 6.892479 6.87418 6.844512 6.824016 6.793966 6.767115 6.740497 6.712023 6.703053 6.700992 6.693788 6.688161 6.68246 6.673679 6.673449 6.671924 6.652363 6.640878 6.639004 6.616113 6.58558 6.547439 6.495398 6.432524 6.371713 6.325993 6.261651 6.187859 6.149559 6.141743 6.120731 6.109944 6.12029 6.1818 6.287914 6.419104 6.566443 6.716608 6.84619 6.969716 7.078434 7.167719 7.213886 7.172839 7.183067 7.294131 7.419562 7.377836 7.24671 7.160079 7.21706 7.428689 7.665737 7.799798
6.934743 6.928738 6.92804 6.917453 6.914325 6.907788 6.900392 6.89414 6.895672 6.887352 6.874191 6.853358 6.829997 6.80629 6.782181 6.740985 6.719582 6.696202 6.693416 6.682374 6.682433 6.69478 6.691136 6.687502 6.675982 6.66457 6.659288 6.662732 6.649269 6.624911 6.587875 6.541955 6.491707 6.456718 6.419438 6.362733 6.271048 6.187965 6.167036 6.181294 6.138792 6.08532 6.086727 6.147824 6.253633 6.37447 6.515109 6.657334 6.801548 6.947874 7.087741 7.170047 7.148892 7.115171 7.185204 7.348994 7.430456 7.339839 7.184141 7.107982 7.216486 7.425089 7.59767
6.93106 6.925478 6.922049 6.917513 6.913333 6.906167 6.902689 6.895594 6.891079 6.882595 6.87244 6.856398 6.834142 6.811268 6.781375 6.765707 6.73863 6.715173 6.698638 6.679251 6.664969 6.662351 6.678595 6.677441 6.673624 6.674757 6.685209 6.686208 6.687195 6.682639 6.653294 6.600624 6.554911 6.545567 6.54106 6.514556 6.425597 6.313156 6.267585 6.292574 6.276338 6.196149 6.138056 6.112316 6.156263 6.229414 6.346587 6.490168 6.660542 6.820557 6.976488 7.095987 7.102769 7.057145 7.095574 7.237536 7.388875 7.400848 7.268167 7.138628 7.113561 7.260201 7.453917
6.924617 6.927943 6.92399 6.915432 6.906481 6.9047 6.899723 6.896245 6.886537 6.876531 6.867894 6.856632 6.835806 6.808109 6.770321 6.756013 6.747936 6.72941 6.706582 6.689247 6.667133 6.654318 6.661672 6.660578 6.663285 6.663938 6.681981 6.699554 6.725747 6.737703 6.738372 6.697313 6.64394 6.633741 6.642222 6.646319 6.587543 6.474831 6.466287 6.476376 6.448473 6.404995 6.30273 6.220059 6.187193 6.196729 6.245886 6.347388 6.494542 6.666946 6.847594 6.992202 7.029178 7.00641 7.018042 7.136436 7.290126 7.355931 7.279339 7.165529 7.104351 7.177397 7.36092
