py_wake/examples/data/AJ_ParqueFicticio/Rough survey   Sector All   Height 30m   Mean speed.grd
DSAA
73  159
 258469   265669
 6501692   6517492
 2.338363   9.457575
[rows 28 to 55 of 159, columns 0 to 62 of 73]
4.929388 4.921538 4.910197 4.901902 4.899351 4.89977 4.901526 4.902079 4.902682 4.914189 4.933526 4.954844 4.975128 4.998697 4.998881 5.005712 5.016494 5.02174 5.025023 5.017246 4.992667 4.960249 4.971251 4.979983 4.97443 4.925735 4.861633 4.803179 4.819777 4.820753 4.828138 4.820561 4.720819 4.471549 4.322635 4.567811 4.705021 4.662755 4.685282 4.477518 4.202655 4.163709 4.243556 4.618354 4.926048 5.054771 5.013384 5.062449 5.298331 5.499226 5.526661 5.746899 6.537997 7.02101 6.43704 6.552322 7.494655 7.819915 7.057089 5.85135 5.084824 4.519641 3.954523
4.916938 4.916656 4.913232 4.908099 4.902528 4.897222 4.896012 4.902823 4.914791 4.923798 4.932279 4.948211 4.973804 5.001336 5.006852 5.008732 5.013901 5.024572 5.030405 5.029968 4.990933 4.941684 4.942889 4.95518 4.954703 4.921071 4.868419 4.833258 4.824709 4.833308 4.834268 4.813204 4.694512 4.44318 4.374786 4.613565 4.681443 4.650754 4.646806 4.520371 4.294276 4.200209 4.289683 4.446384 4.684348 4.948244 5.085519 5.236406 5.592005 5.938404 6.010306 6.116597 6.623306 7.244986 7.168296 7.279908 7.788596 7.751328 6.804175 5.781951 5.087824 4.434801 4.072673
4.901932 4.901936 4.90109 4.89775 4.891639 4.893786 4.88932 4.896493 4.908949 4.911235 4.922031 4.926488 4.932672 4.964902 4.983397 4.996559 5.009693 5.021263 5.032471 5.017832 4.98569 4.955184 4.938955 4.939898 4.932717 4.914269 4.885584 4.854872 4.828263 4.831331 4.832172 4.833581 4.695833 4.450073 4.440202 4.570065 4.619853 4.622766 4.631682 4.590311 4.408483 4.220641 4.307676 4.481259 4.560313 4.694455 4.948365 5.327677 5.776475 6.27343 6.549809 6.840044 7.058548 7.521777 7.885886 7.92164 8.04786 7.42765 6.292474 5.360966 4.61401 4.161867 4.335711
4.889885 4.886581 4.885314 4.883821 4.879687 4.878412 4.875742 4.888277 4.892137 4.897375 4.900513 4.902238 4.90615 4.924381 4.96192 4.985428 5.004317 5.024889 5.033759 5.000459 4.981533 4.961999 4.942391 4.928706 4.920017 4.908757 4.885942 4.878571 4.833024 4.820256 4.819039 4.819746 4.712409 4.550731 4.54015 4.549646 4.543695 4.543722 4.570339 4.647265 4.502969 4.314476 4.293334 4.445041 4.62543 4.68915 4.755876 5.025537 5.473841 5.998881 6.565746 7.121006 7.559481 7.896798 8.288891 8.394136 8.221735 7.115285 5.814145 4.922456 4.230792 3.985576 4.648978
4.867135 4.87084 4.872337 4.874941 4.874931 4.875531 4.875934 4.871774 4.878067 4.878592 4.880654 4.881179 4.878942 4.877808 4.92326 4.956648 4.988757 5.034578 5.021814 4.988877 4.973288 4.959974 4.942819 4.924739 4.911466 4.890825 4.880137 4.876534 4.833677 4.791153 4.798952 4.781981 4.690033 4.599605 4.557707 4.573651 4.533838 4.44549 4.477839 4.59813 4.608363 4.400033 4.288789 4.329204 4.513817 4.817624 5.058096 5.076522 5.124256 5.39257 5.863383 6.492644 7.208293 7.925642 8.559032 8.68289 8.201297 6.893569 5.60519 4.671385 4.023952 4.129341 5.247532
4.874624 4.869874 4.87007 4.871993 4.880068 4.882168 4.880084 4.878053 4.878332 4.876495 4.874835 4.872072 4.865248 4.853512 4.896168 4.932533 4.974078 5.032554 5.0038 4.984723 4.969122 4.954879 4.93917 4.920664 4.906805 4.888049 4.856545 4.852643 4.836951 4.794089 4.785202 4.762666 4.697027 4.61489 4.564791 4.585583 4.569175 4.397498 4.417146 4.502419 4.599247 4.556521 4.366983 4.191385 4.275118 4.622005 5.099051 5.306478 5.286772 5.40976 5.638209 6.053275 6.602787 7.337391 8.325825 8.928816 8.177015 6.789746 5.589213 4.693822 4.030847 4.33801 5.863857
4.902016 4.889642 4.885037 4.877397 4.873153 4.871013 4.874208 4.875383 4.8796 4.879288 4.878559 4.877143 4.872108 4.864583 4.895524 4.933033 4.975187 5.024607 4.989439 4.970032 4.952531 4.931364 4.916172 4.902227 4.888204 4.871386 4.843887 4.833637 4.824855 4.806907 4.781253 4.757668 4.713554 4.637689 4.546763 4.521735 4.613719 4.470989 4.36923 4.384125 4.553463 4.636836 4.56688 4.324471 4.033907 4.322867 4.859154 5.247925 5.371784 5.708136 6.046701 6.5279 6.856819 7.223833 8.037198 8.803878 8.357653 7.069623 5.865158 4.984661 4.381549 4.685565 6.090477
4.894204 4.892212 4.884639 4.879625 4.872173 4.866057 4.86423 4.861694 4.866854 4.86879 4.867557 4.865427 4.855728 4.873149 4.907629 4.932245 4.964002 5.008468 4.958821 4.926841 4.908362 4.892872 4.882941 4.87766 4.871312 4.859847 4.838657 4.829108 4.81642 4.802742 4.777652 4.746287 4.714867 4.661712 4.571568 4.466774 4.52854 4.548794 4.383008 4.326302 4.480353 4.651212 4.770974 4.635453 4.147532 4.063418 4.666038 5.305808 5.652196 5.970359 6.427027 7.141907 7.597454 7.799248 8.214471 8.7726 8.479803 7.484314 6.178926 5.202576 4.875642 5.362551 6.327203
4.873543 4.868264 4.865055 4.868391 4.874545 4.884815 4.866753 4.865014 4.865026 4.862867 4.856521 4.849166 4.840362 4.85181 4.885108 4.909413 4.935355 4.959799 4.912291 4.861147 4.851512 4.847087 4.848551 4.854977 4.870123 4.849382 4.838662 4.82249 4.808771 4.794674 4.774376 4.736467 4.697016 4.703298 4.62687 4.507545 4.459537 4.514903 4.441773 4.419201 4.647203 4.94526 5.134837 5.115453 4.582409 3.936791 4.283582 5.128396 5.811343 6.307159 6.634346 7.291493 7.961377 8.293618 8.546062 8.908265 8.614065 7.508097 6.142776 5.35989 5.681097 6.374694 6.952504
4.820691 4.830956 4.838907 4.846951 4.854528 4.86694 4.875442 4.87665 4.868295 4.859868 4.85166 4.839976 4.826988 4.828226 4.8526 4.866422 4.876231 4.870506 4.860972 4.813507 4.781051 4.797895 4.807279 4.823127 4.862736 4.844676 4.829201 4.810319 4.796006 4.771374 4.748158 4.735071 4.72673 4.726263 4.691454 4.57015 4.374531 4.421552 4.457539 4.418613 4.743682 5.358954 5.759772 5.865873 5.430481 4.310137 3.936384 4.541771 5.280191 5.863198 6.191102 6.691946 7.458178 8.048381 8.588207 9.026343 8.713614 7.458916 6.077906 5.683827 6.43658 7.307253 7.679166
4.804451 4.81885 4.827093 4.832116 4.833352 4.835155 4.841773 4.852238 4.860754 4.868245 4.868253 4.859892 4.839435 4.80989 4.822129 4.82866 4.832538 4.826955 4.818386 4.774369 4.704676 4.746481 4.775284 4.803604 4.843031 4.827037 4.818321 4.800812 4.774351 4.740238 4.699727 4.732765 4.745006 4.733582 4.725448 4.627032 4.367004 4.294098 4.312389 4.433965 4.65838 5.257657 5.981197 6.442895 6.36517 5.218959 4.207485 4.28854 4.501261 5.014997 5.562507 5.952309 6.601264 7.35153 8.294947 9.006252 8.809084 7.485594 6.194272 6.121687 6.997829 7.693812 8.010364
4.821024 4.836176 4.845109 4.851562 4.858496 4.859574 4.82871 4.845037 4.862123 4.87704 4.888799 4.890947 4.838599 4.820288 4.819827 4.824676 4.82912 4.833946 4.832183 4.771024 4.70857 4.726439 4.754579 4.791745 4.819653 4.817987 4.802571 4.784009 4.762004 4.717829 4.681757 4.70629 4.724467 4.731823 4.716868 4.631589 4.393586 4.253409 4.195098 4.413485 4.663921 5.127702 5.768326 6.49931 6.88983 6.157423 5.075559 4.966392 4.669612 4.720531 5.439552 5.999867 6.560798 7.120104 7.983443 8.914805 8.911783 7.762408 6.673146 6.634238 7.0119 7.456743 7.726984
4.809462 4.831126 4.847403 4.858614 4.873839 4.865019 4.861762 4.866878 4.871995 4.880808 4.890046 4.890511 4.856025 4.836118 4.824553 4.817833 4.819977 4.818393 4.81599 4.809309 4.76758 4.748343 4.747011 4.759566 4.774745 4.769622 4.760212 4.749149 4.734592 4.707472 4.703937 4.718294 4.720645 4.727456 4.730836 4.652795 4.430942 4.206234 4.198868 4.498384 4.871497 5.347907 5.782484 6.454974 6.981227 6.795797 5.97987 5.897393 5.640145 5.331694 5.771033 6.408012 7.035547 7.546549 8.189482 8.858788 8.953713 8.265699 7.311053 6.884921 6.671621 6.760868 6.985406
4.851091 4.850322 4.854857 4.847355 4.844279 4.842631 4.847366 4.861525 4.865147 4.866055 4.861761 4.865978 4.811338 4.787414 4.785855 4.787065 4.786412 4.782165 4.78899 4.800078 4.805976 4.793107 4.781286 4.74215 4.698491 4.686215 4.708217 4.717302 4.719713 4.709046 4.720609 4.731994 4.740522 4.741532 4.75566 4.709715 4.46313 4.122935 4.202352 4.583675 5.076921 5.586345 5.947413 6.560369 7.080088 7.191482 6.667146 6.416613 6.478602 6.401793 6.525203 6.822215 7.306778 7.769512 8.308849 8.841105 8.879884 8.620493 7.848432 6.921939 6.012554 5.677738 5.873771
4.896095 4.893908 4.891135 4.873626 4.827976 4.813249 4.814027 4.824119 4.828582 4.830258 4.822155 4.805232 4.776177 4.751611 4.758686 4.761821 4.757813 4.754029 4.751068 4.768304 4.790304 4.807792 4.821478 4.81065 4.682771 4.640548 4.661228 4.675315 4.689139 4.704682 4.711471 4.714855 4.72827 4.757162 4.775276 4.723177 4.507068 4.215979 4.204083 4.545752 4.9812 5.322799 5.65233 6.254535 6.704276 6.995192 6.608441 6.171234 6.498117 6.654466 6.814112 7.024634 7.307889 7.544534 7.929366 8.576512 8.925608 8.853604 8.243611 7.143781 6.045547 5.164128 4.998263
4.917664 4.925183 4.938793 4.948536 4.874325 4.774085 4.73747 4.783078 4.808744 4.825905 4.840192 4.816132 4.775142 4.74951 4.7485 4.746462 4.740129 4.727784 4.710775 4.696195 4.745286 4.774335 4.801329 4.802766 4.731613 4.6755 4.661909 4.653328 4.64509 4.661203 4.684727 4.692683 4.702899 4.738872 4.781221 4.69265 4.540509 4.324227 4.152173 4.281645 4.547506 4.869884 5.181845 5.793009 6.16325 6.192712 5.745845 5.346144 5.632202 6.021769 6.281621 6.4186 6.678507 6.834022 7.38384 8.472669 8.992821 8.967502 8.232351 7.190514 6.31199 5.356434 4.615955
4.916709 4.927288 4.938721 4.97204 4.920953 4.818771 4.716785 4.732464 4.77447 4.816376 4.858056 4.840001 4.767298 4.748214 4.743866 4.740491 4.726569 4.706599 4.685487 4.646603 4.686663 4.719574 4.743765 4.755917 4.697314 4.668357 4.654405 4.644003 4.634582 4.648311 4.662036 4.681662 4.699314 4.725517 4.768379 4.687207 4.590157 4.439505 4.237281 4.212793 4.175242 4.625174 5.032969 5.239798 5.379009 5.342127 5.130882 4.836208 4.935264 5.421597 5.564023 5.613171 5.933573 6.601139 7.342328 8.544981 8.858145 8.666325 8.006223 7.173444 6.377381 5.52887 4.837394
4.91545 4.917761 4.927697 4.959034 4.962743 4.868262 4.769531 4.747893 4.76613 4.79225 4.829936 4.835111 4.800527 4.775172 4.761131 4.746107 4.730459 4.712759 4.682642 4.632884 4.647555 4.675936 4.684334 4.679997 4.633371 4.617083 4.616909 4.605052 4.579773 4.532216 4.569242 4.627223 4.610825 4.606372 4.734523 4.669441 4.584356 4.474053 4.433256 4.369486 4.200813 4.427391 4.722199 4.729484 4.964849 5.135246 5.315652 5.497652 5.5398 5.649302 5.787987 5.859628 6.12491 6.994242 7.945488 8.744982 8.800653 7.942119 7.266324 6.918463 6.585277 6.144653 5.620139
4.897412 4.911232 4.93861 4.956502 4.959468 4.918787 4.853248 4.831999 4.826747 4.791382 4.801774 4.80789 4.793975 4.780477 4.759872 4.738899 4.724454 4.712412 4.694866 4.652328 4.667905 4.69172 4.710451 4.700902 4.617324 4.589154 4.592196 4.571042 4.532509 4.462566 4.445837 4.510055 4.475158 4.439814 4.620637 4.618019 4.528206 4.430029 4.426487 4.544343 4.527176 4.504093 4.597981 4.897505 5.40263 5.80941 5.995151 6.241138 6.224731 6.311678 6.27981 6.539728 6.815014 7.546703 8.329745 8.75906 8.733273 7.746325 6.641356 6.210247 6.089747 6.107419 6.1776
4.871216 4.88198 4.895672 4.92439 4.932107 4.929986 4.91468 4.910358 4.924417 4.863319 4.750935 4.764284 4.753769 4.729831 4.713575 4.701624 4.695855 4.692035 4.685062 4.694855 4.707417 4.714436 4.727865 4.712369 4.632415 4.593443 4.565305 4.5316 4.49306 4.441968 4.375565 4.425923 4.396548 4.317349 4.459778 4.518761 4.444963 4.37899 4.3315 4.541242 4.696754 4.839926 5.064745 5.315123 5.744634 6.101019 5.996014 5.890527 5.864505 5.944322 6.1392 6.875065 7.617066 8.041548 8.323221 8.387945 8.504141 8.071707 7.025185 6.185627 5.576306 5.442427 5.6259
4.859796 4.861238 4.864915 4.876045 4.908177 4.91837 4.927781 4.946969 4.987496 4.917621 4.782543 4.707844 4.68634 4.636357 4.649731 4.657684 4.66214 4.656699 4.649542 4.653822 4.671925 4.672458 4.665339 4.659467 4.587523 4.522069 4.510553 4.497941 4.486601 4.456999 4.476164 4.514369 4.489052 4.331944 4.423278 4.493263 4.416971 4.360155 4.251683 4.428556 4.631396 4.788356 4.944347 5.272585 5.534215 5.638575 5.47212 5.349005 5.46065 5.745048 6.290973 7.128986 7.87853 8.16198 8.07775 7.626168 7.687555 7.826458 7.451535 7.134887 6.294861 5.343117 4.985339
4.885645 4.889767 4.875015 4.848793 4.88186 4.910265 4.938618 4.972494 4.98484 4.952787 4.842952 4.72157 4.629894 4.594786 4.611167 4.650415 4.656035 4.638359 4.603509 4.57125 4.599772 4.605058 4.603061 4.59576 4.574812 4.482381 4.488044 4.50262 4.49281 4.471584 4.500795 4.525657 4.531772 4.479517 4.496261 4.539625 4.464587 4.374696 4.239617 4.2933 4.348793 4.495963 4.566105 4.703215 4.802053 5.027517 5.075376 5.467727 5.881705 6.388038 7.0436 7.505788 7.722401 7.770717 7.605379 6.926581 6.796011 6.974175 6.803537 7.264044 7.322552 6.403175 5.450468
4.890708 4.907687 4.917543 4.867995 4.887848 4.923244 4.962551 5.009722 4.976171 4.948501 4.867984 4.766513 4.661454 4.610673 4.629782 4.654691 4.681818 4.697462 4.636762 4.555726 4.579925 4.594697 4.604737 4.603837 4.592174 4.569269 4.553245 4.536827 4.53108 4.521592 4.505004 4.468479 4.431741 4.438782 4.490862 4.52182 4.413834 4.326402 4.235221 4.206613 4.230354 4.323306 4.466366 4.42726 4.566846 4.886182 5.299426 5.823007 6.335122 6.882293 7.414253 7.671649 7.343243 7.114476 7.323948 6.718307 6.130839 6.131018 5.869481 6.449861 7.303603 7.346631 6.604387
4.864003 4.887362 4.91647 4.916856 4.915781 4.933509 4.989101 4.999633 4.971424 4.938535 4.865923 4.776964 4.684391 4.639576 4.641689 4.648726 4.658018 4.684767 4.689631 4.644563 4.640513 4.62861 4.611117 4.60711 4.630167 4.64175 4.635292 4.603534 4.558977 4.591738 4.591367 4.51552 4.359105 4.310829 4.424893 4.436064 4.268958 4.233108 4.198554 4.109127 4.178408 4.255687 4.511507 4.624926 4.836222 5.283534 5.672732 6.05588 6.432202 6.74348 7.250323 7.657606 7.036497 6.321195 6.886182 7.011891 6.148325 5.580977 5.157738 5.378331 6.434948 7.227851 7.248097
4.846487 4.868999 4.907954 4.918121 4.927291 4.938681 4.972924 4.980464 4.952735 4.929421 4.868506 4.790638 4.731719 4.692669 4.678222 4.659606 4.618556 4.612998 4.661651 4.681074 4.696141 4.696024 4.623701 4.627961 4.653097 4.667869 4.666812 4.641516 4.63657 4.652832 4.68069 4.591107 4.422986 4.343556 4.451369 4.403248 4.214197 4.154263 4.179262 4.137266 4.13095 4.035257 4.316222 4.501816 4.829203 5.370187 5.757885 5.927028 6.210072 6.480867 7.209931 7.672719 6.940989 5.721657 6.165858 7.111709 6.809961 5.869252 4.862493 4.647168 5.487417 6.454587 6.937931
4.860073 4.883254 4.898417 4.914207 4.931832 4.954339 4.983746 4.953573 4.933877 4.913862 4.877385 4.820511 4.764712 4.731093 4.720976 4.713486 4.647793 4.585433 4.610994 4.640921 4.660768 4.700656 4.684024 4.665727 4.680196 4.690838 4.674556 4.678169 4.692227 4.731354 4.758054 4.668405 4.497955 4.513384 4.6568 4.662945 4.446922 4.259689 4.163017 4.43253 4.36807 4.094022 4.14699 4.334462 4.680048 5.124344 5.442358 5.634946 5.964991 6.388433 7.178311 7.671248 7.018295 5.532858 5.364107 6.680797 7.254084 6.850287 5.462167 4.328463 4.687578 5.652943 6.510144
4.903994 4.906131 4.902732 4.920563 4.945861 4.983907 4.972928 4.947433 4.926536 4.905668 4.883865 4.844675 4.794877 4.747116 4.726262 4.730965 4.678949 4.628092 4.631533 4.625332 4.598495 4.587969 4.632227 4.655218 4.675584 4.700166 4.685424 4.668239 4.693869 4.855799 4.881544 4.744919 4.497748 4.624376 4.906274 5.117409 4.966078 4.521663 4.201879 4.610239 4.756591 4.560024 4.39155 4.325792 4.573696 4.966968 5.208483 5.433163 5.983794 6.376297 6.844641 7.41067 7.034373 5.611681 4.885289 5.844791 7.060174 7.39002 6.310517 4.796929 4.211915 4.998884 6.284695
4.920746 4.92929 4.938937 4.951863 4.968521 5.000073 4.967193 4.944242 4.923028 4.904656 4.887427 4.862649 4.827726 4.76826 4.70068 4.715736 4.722176 4.688182 4.683168 4.689204 4.631385 4.51112 4.560808 4.600831 4.638798 4.661601 4.648523 4.621331 4.694916 4.923903 5.180542 5.035188 4.603677 4.766315 5.016865 5.358761 5.420511 5.027366 4.41981 4.557363 5.062968 5.013968 4.897623 4.702848 4.658332 4.976961 5.197009 5.243666 5.653262 5.950518 6.465466 7.135499 6.898417 5.60914 4.626662 5.346098 6.723536 7.270147 6.579439 5.30013 4.223046 4.668275 6.271423
