py_wake/examples/data/AJ_ParqueFicticio/Rough survey   Sector 12   Height 200m   Power density.grd
DSAA
73  159
 258469   265669
 6501692   6517492
 114.8835   743.9581
[rows 56 to 83 of 159, columns 0 to 62 of 73]
303.2835 304.0538 302.9686 302.3845 300.9409 300.5034 299.331 298.684 296.5589 295.9848 294.6473 294.1001 291.9433 286.6906 282.5566 280.2543 279.5562 278.2125 276.3259 274.5057 272.5898 269.9407 267.873 268.2832 267.8051 269.8436 270.4725 272.3383 276.8038 281.4442 284.8629 282.8232 274.5488 275.5805 273.3642 273.307 270.2478 268.0066 264.1278 260.2425 256.1854 254.6718 247.0503 232.4524 223.741 219.4368 217.0777 218.8045 229.4375 247.3653 272.9725 294.1887 302.4189 302.9799 305.1483 318.5846 337.2999 345.8184 338.5305 327.7187 320.9418 327.4837 348.0998
301.1168 302.2136 300.2989 299.0454 299.7405 300.0767 299.1113 297.3528 295.7392 294.2911 293.2003 291.9488 288.6953 287.7279 283.6089 280.914 279.566 278.0778 276.225 275.0168 274.0337 271.0916 268.9002 268.6404 269.9409 269.2185 269.6784 270.5325 274.7409 279.8276 285.3866 284.3884 279.029 275.797 275.6039 274.8505 275.341 271.1142 267.2691 263.3323 259.436 255.5774 246.3686 235.5397 230.0059 224.8988 218.6863 214.4267 219.0659 236.2482 260.1842 281.6567 292.606 296.9548 300.9344 316.3462 335.7645 344.3659 337.3175 324.3441 316.0801 319.4989 341.619
299.1451 298.4786 296.8736 295.5646 295.3709 296.544 296.0878 294.7408 293.2628 291.7175 290.3669 288.7398 285.4688 284.3549 282.8411 281.0803 279.0615 277.2291 275.9785 275.1986 273.2734 272.2523 270.1054 268.7389 270.7207 270.0011 269.5007 268.4689 267.2291 269.0453 274.1913 275.0165 270.3594 267.7834 266.6506 267.2743 268.8585 263.2427 256.2026 254.1541 250.3911 245.0443 237.84 235.4982 232.04 227.1321 219.0344 211.8916 214.3449 224.8506 245.0293 266.1881 280.4449 285.8724 291.2567 307.6353 328.4909 342.2682 340.194 327.7801 316.2553 314.5971 338.7947
300.8592 298.3994 295.909 293.6717 291.3258 291.4775 292.5385 291.7907 290.3227 288.9919 287.3658 283.7999 282.6195 281.3212 280.5654 279.4049 278.0665 276.322 275.3201 273.4952 272.2508 271.4205 270.6046 272.2342 270.8577 270.6629 270.5619 267.1275 262.1723 258.9746 259.2618 258.8523 254.9419 250.8643 250.2238 254.6989 255.5639 253.632 247.4568 239.7585 235.3704 233.5777 231.1362 233.8289 234.2514 230.2305 222.4191 214.1563 209.2664 214.088 229.2661 249.1292 265.6371 272.039 277.0597 293.3759 315.3625 332.863 336.7075 330.1815 318.8147 316.5528 328.4052
304.3889 300.8224 297.8357 296.4861 291.944 288.3092 288.4517 289.1654 287.9889 286.4619 283.2811 280.7693 279.0616 278.2847 277.5596 276.622 276.2742 274.8844 274.1896 271.9864 270.8936 268.93 269.3708 271.6184 271.0659 272.5739 272.9197 271.7057 268.4198 261.2818 257.0939 252.3651 246.7812 241.2165 240.2218 240.4972 241.5558 240.6961 236.561 230.9216 225.2787 223.3251 224.9486 230.3817 235.1189 234.2144 229.0536 222.8819 213.5937 209.3227 217.0753 233.1083 251.769 259.6269 263.8232 278.9481 302.8685 322.6111 328.2798 326.1878 323.8542 313.821 316.6578
306.1675 302.6406 299.9977 299.3033 295.825 290.659 287.581 286.8158 285.6999 283.909 281.3011 279.5116 277.3527 275.9732 275.0172 274.1548 273.7874 273.5106 272.5229 270.8205 270.449 269.1517 270.0188 269.8726 270.1069 272.2314 273.6771 275.7469 275.6256 271.2224 265.9981 257.9033 250.0036 243.4014 237.9968 234.6762 233.0576 230.9365 226.3146 221.7892 217.1133 213.8367 215.2947 223.2077 230.7298 234.2336 234.7693 232.3594 224.8512 214.202 209.8974 218.81 238.4102 251.5627 253.9469 264.8873 288.3223 310.4871 318.1412 323.2426 317.8815 309.3396 303.8545
306.7839 304.4492 303.6427 302.1398 298.8162 294.821 290.6026 286.7662 285.0635 282.6911 280.83 278.26 276.5346 274.4348 272.9904 271.6406 270.7924 270.7535 268.1934 268.8465 268.4364 267.9701 268.5889 268.6391 269.4601 270.1595 272.1694 275.3551 278.5716 278.5984 275.5168 267.3587 258.7264 253.2626 242.9257 235.6479 230.5652 225.2032 219.0719 214.4393 210.8162 207.3104 208.5424 214.7063 224.122 232.4599 234.5176 237.0688 236.7172 227.2942 215.3977 211.6155 224.83 240.3609 248.3914 254.6423 272.8608 294.5161 305.4101 313.8827 309.2556 302.9417 296.1151
305.7766 304.7423 304.8286 304.1909 301.4091 297.3221 292.6689 287.8729 283.7461 281.382 279.9869 277.9221 275.4165 273.3946 271.3498 269.5963 267.9297 265.3097 265.5163 265.4667 265.3913 266.7625 265.5044 265.5556 266.0877 266.2961 268.6844 271.7599 275.4868 278.8083 278.2319 274.0393 269.3394 260.8461 251.4818 240.7395 233.0516 224.3512 216.2615 209.9406 205.2078 201.399 201.0732 206.1819 217.2151 227.1336 231.5261 235.4807 240.9554 238.4989 226.4327 214.6442 214.7645 227.0703 238.4579 244.3478 255.9904 274.6641 292.9919 296.6665 296.0508 293.9494 291.3325
303.1487 303.8915 304.2576 303.7157 301.9901 298.7368 293.9137 287.7783 282.8925 280.7771 278.3844 276.5232 274.951 272.4098 270.2522 267.8925 265.6829 264.0974 263.4054 262.6521 265.2454 264.3582 263.4723 261.441 260.6304 261.4885 262.0499 264.28 267.7159 272.8742 275.0848 273.255 271.5238 265.2433 256.8873 247.5677 237.164 227.3685 217.9128 210.0581 202.5611 196.387 193.3178 195.8262 207.7441 218.2482 225.5288 231.8694 238.7255 243.2424 237.7818 225.1484 213.5152 214.7792 226.9503 237.5196 244.7199 262.5933 273.0147 276.239 276.4163 275.1049 278.6843
301.0903 301.2661 302.0288 302.5038 301.7052 299.141 293.978 288.5052 283.8301 280.2498 277.439 275.3738 273.5187 271.4975 269.6851 266.4594 264.037 263.2823 262.4775 262.1734 264.1983 263.1617 261.7547 259.9432 257.4414 255.4292 254.2847 254.567 256.3049 260.4174 263.7325 267.6295 266.424 263.5294 257.5703 250.2953 241.0282 229.6659 219.6022 210.1608 202.5827 195.8481 189.7205 191.0558 198.0822 208.3331 217.3159 227.556 235.6923 243.1143 247.848 239.3316 224.7989 213.1355 216.2217 229.9469 246.6612 257.3702 265.0001 264.2931 262.8647 260.6255 261.2051
299.2049 298.6231 299.9943 301.0457 299.7733 296.9002 293.6635 289.7299 285.6682 280.4387 276.9952 275.1327 272.8959 270.9492 268.0874 265.6849 263.6589 261.5903 261.8308 264.355 264.3015 263.8794 262.715 260.8662 256.4257 253.038 250.6991 249.0745 247.2385 248.8661 254.3417 255.6222 257.3411 259.8819 256.9587 251.6693 244.8854 234.045 220.8675 210.8067 202.7145 196.2993 189.865 186.6462 190.1249 196.4547 208.575 221.4249 230.1254 237.1653 249.5589 252.3165 240.7333 226.0207 218.4579 230.0331 245.6822 259.5095 272.8283 276.5582 271.7922 263.9499 255.9285
296.9341 296.5347 298.2782 299.0633 298.9028 294.5587 291.0632 289.2249 284.8027 280.5067 276.9173 274.2971 272.1596 270.0658 267.0743 264.2573 261.9162 260.7375 260.3257 263.0035 263.4962 263.8778 264.0809 261.9349 258.2388 254.8077 250.3631 246.9298 244.2804 243.709 245.6908 246.9151 249.1561 252.7453 253.8241 252.506 248.4574 241.1303 227.7976 216.6779 205.4164 197.2876 189.6613 183.9295 182.6396 186.8467 198.5626 213.6826 224.1268 230.0337 243.3271 254.4679 251.02 240.2084 233.4808 230.0695 242.3841 260.908 278.4883 292.6012 293.3778 284.4661 271.7346
294.0757 295.3973 296.9273 297.0555 295.1942 292.0103 289.4886 287.4096 283.8156 279.9487 276.474 273.4586 271.3192 269.1114 266.066 263.6811 260.9725 259.4173 260.9496 261.5381 261.5319 261.3859 263.4356 262.6532 260.9776 257.6577 253.1911 248.1163 244.2195 242.4346 240.3018 239.7579 241.9535 244.943 248.0775 249.6159 249.4935 246.4249 237.1091 225.6122 216.6226 207.7538 197.2706 188.1237 181.4681 180.3994 187.2938 200.507 210.2611 216.5568 230.3789 243.2446 246.4988 242.5731 239.4454 233.0951 238.5379 255.3101 273.3443 291.7266 301.6882 301.3922 290.3778
290.9975 292.0247 293.5318 293.2815 291.5526 289.4168 287.751 285.187 282.6095 278.9277 275.0626 271.8557 268.9826 267.1501 264.8697 262.3502 259.518 258.1943 260.3524 260.0178 259.8993 260.5096 262.0176 262.492 262.0816 259.6565 257.2561 253.3936 250.5576 245.201 238.8595 234.1398 233.4248 236.6304 241.631 245.4324 248.8899 248.4819 244.549 237.3891 232.2573 223.3415 211.5609 199.8076 189.7937 183.4217 183.8523 190.56 196.9696 203.1942 212.4624 223.7275 230.0512 234.4371 231.4631 229.0316 232.0535 246.6597 264.899 282.616 298.5987 306.1488 305.1295
286.9775 287.0115 287.7497 288.0157 286.8718 286.2288 285.9877 284.1233 281.3788 278.2676 273.2234 269.3547 266.6965 264.4735 262.6127 261.8022 260.2917 260.7098 259.7005 259.0171 259.3406 259.8178 261.144 262.4056 262.3095 262.6462 259.9738 257.2061 256.2829 250.4326 244.009 236.1724 228.6372 230.2234 235.2943 241.5895 246.2475 249.1129 249.0541 249.8279 244.6315 235.3653 225.0788 213.2597 202.4554 193.5658 188.4829 189.8587 194.1122 196.6121 200.4337 205.3004 215.3643 216.3374 216.5662 219.0535 226.1774 240.7405 259.4434 276.9005 294.8459 308.0734 313.5785
286.1842 283.9077 281.976 281.6972 281.4609 282.5753 282.7805 281.9464 279.7348 276.4107 272.019 268.358 264.655 261.5494 260.8779 260.0768 261.488 260.132 257.7124 257.3044 256.6349 258.0469 259.0789 262.1957 261.9911 263.6577 261.9586 263.4116 260.5675 257.0603 250.8636 241.2476 232.875 229.8381 232.5778 237.3561 243.5562 248.2579 251.7318 252.4087 249.6304 242.4592 233.1208 224.5173 215.0513 206.3412 200.3755 198.0312 199.9235 203.1904 203.2527 206.3483 208.5025 208.2227 204.6594 205.7896 215.8817 234.1304 253.5937 273.0463 292.6439 308.7457 318.5135
288.1276 285.2777 282.1436 278.0763 277.0125 277.7594 279.3226 279.0828 276.973 275.0285 271.6579 267.3764 262.1554 258.7689 256.9197 256.8677 258.519 257.8467 255.7097 254.6639 253.0383 253.7186 254.9645 257.3762 260.5162 261.9847 265.8014 265.7068 263.6865 261.1844 257.0144 247.5036 236.7316 233.2357 232.726 234.6791 237.9558 242.6647 248.5427 249.6166 250.7224 247.0954 240.4974 232.6129 224.3029 216.1167 209.7982 207.4272 209.9321 215.0114 223.2315 223.8604 224.593 220.0162 209.9709 202.229 205.361 221.9355 242.0824 264.4633 286.123 305.4138 321.311
289.5052 286.7076 282.0475 277.9524 275.1407 273.1072 275.025 274.7999 273.5196 273.1463 269.2878 265.2233 260.7875 257.0397 253.2784 254.0583 254.6374 253.693 252.0083 249.6643 248.6275 248.2267 248.3276 250.6159 253.5531 256.055 262.5387 265.1617 267.044 266.6416 262.7393 255.9654 244.5442 238.3992 235.6903 233.1995 233.4975 238.227 241.9129 246.5367 249.4219 250.4118 246.7981 239.2941 231.1241 222.1192 213.5712 209.6317 211.3555 222.4803 227.614 233.6655 239.2654 238.8746 224.5236 209.4267 201.0611 207.7875 225.0542 247.414 270.825 292.3435 310.6683
290.0432 286.6675 282.249 278.9659 275.1696 270.6296 270.9039 270.0735 269.8891 269.1335 265.0157 262.7713 260.1528 256.4329 251.0914 250.0712 250.2271 249.8708 248.2116 246.1625 244.5023 243.2234 243.2695 244.7566 246.9027 252.1645 255.5405 260.4557 264.533 266.8574 264.9037 259.6565 252.1818 243.1269 237.6202 233.7153 232.9313 233.5825 235.1289 238.7575 243.2103 245.6141 245.0134 241.2426 234.3241 225.8733 215.9625 208.1471 211.6514 215.9988 220.3865 227.3421 235.563 238.2926 230.0137 215.284 201.0941 196.5632 206.4193 224.4589 245.6996 265.1141 282.3977
287.8862 284.6213 281.9626 279.4506 275.7664 271.7437 268.0557 266.7404 265.9968 262.9299 261.4171 259.9346 258.0511 255.2089 254.6163 249.6924 247.4028 246.6296 246.0634 245.3209 242.7746 240.4064 238.9024 239.3862 243.319 245.0374 247.348 249.6628 254.122 257.2422 258.0034 254.6757 248.7393 243.4904 237.6575 234.2917 233.9672 232.2994 230.9821 232.16 233.056 235.0606 235.8284 234.4492 228.5358 222.9166 213.7634 205.519 205.3993 208.1655 211.4829 216.3518 221.8385 224.5437 222.1525 212.6308 199.0017 188.5014 188.9702 201.8413 217.2381 233.0353 249.7241
283.5751 281.354 279.671 277.3406 274.8497 271.416 267.2292 264.626 260.4788 258.6036 257.9049 256.5957 254.0964 253.4204 254.6723 250.2344 246.0989 244.4834 243.9806 243.7943 242.3853 239.688 236.752 235.8841 238.2957 239.0509 239.7982 240.2168 243.0612 245.814 248.3838 246.0305 241.9461 238.4 234.3822 233.7964 232.7719 230.3343 227.471 228.1826 230.0633 229.4285 228.2364 227.5778 222.9074 219.4431 213.92 210.8787 206.4108 205.6318 208.0711 211.7488 215.0792 215.693 214.0905 209.7179 198.5295 187.0928 179.9958 185.0995 196.449 209.715 222.9583
280.0687 278.4078 276.1095 273.1282 271.4511 268.3057 264.8174 259.4624 256.6631 255.0328 254.5855 253.0678 251.4632 253.3164 252.0792 247.842 243.9673 241.9108 241.6438 240.8256 240.1385 239.7877 238.0905 238.7193 237.5 237.0293 236.883 236.7757 237.5653 238.8768 241.2765 241.2232 237.9614 234.9577 233.4921 229.8794 228.2441 226.9766 225.0178 224.191 225.3255 226.7038 225.4215 225.6476 226.7138 227.6669 231.4898 226.3595 220.2279 214.9209 214.2761 216.6961 222.4668 226.313 225.2676 222.2374 213.4871 201.708 193.7451 190.4795 193.7285 202.4567 212.0692
278.2128 275.5181 272.3509 268.9251 267.5585 265.2607 261.2388 255.8101 253.0722 251.5486 250.8021 249.2912 252.085 251.0542 249.2669 245.7699 242.3244 239.6282 237.9757 237.0918 236.0562 236.975 239.6302 239.0499 238.7871 238.4711 239.1587 238.8907 239.4506 239.2884 239.8252 237.8199 235.0334 234.9075 233.4436 232.0277 230.9569 229.6913 229.1779 226.2672 223.8005 224.2728 225.0629 228.5206 232.1192 241.1734 244.8451 245.3189 241.4419 232.3443 228.5318 229.8799 236.4237 243.3615 246.5276 245.8156 240.3229 230.8935 222.8096 216.3218 217.4976 220.337 232.0572
277.2269 273.0886 269.1552 266.5327 264.5291 261.3434 257.6198 253.4244 250.3619 248.5348 245.8662 245.4138 247.9798 247.5736 245.5064 243.8156 241.5055 238.963 236.1854 233.6718 232.2151 231.8372 235.5551 236.2234 237.2122 239.0341 241.1142 244.0517 244.1262 241.9819 240.7021 236.2585 231.0323 232.1548 230.2906 229.459 230.8216 231.7345 231.6811 230.7273 226.994 225.9724 228.477 231.838 242.5648 245.798 249.3599 251.5136 252.882 249.5836 247.3213 247.8722 252.2132 259.4032 265.0723 266.0128 262.2686 260.4839 259.8573 257.3556 256.1083 257.8188 262.3025
276.9004 272.7023 267.7153 265.4513 262.3274 259.5176 255.2281 251.9008 248.8365 245.1283 241.7931 242.9738 242.925 242.052 240.9177 240.5852 240.8159 238.6421 236.0789 232.9775 230.5746 231.8451 231.331 232.0437 233.4476 235.7332 240.0462 244.5262 247.2096 246.8437 241.9148 236.2546 232.6298 230.0996 226.8278 225.1785 225.5899 227.8443 228.8588 228.6558 229.1376 230.8004 232.8299 240.8534 245.6315 248.9706 249.6594 250.8249 256.7035 260.9224 262.3158 263.7008 265.7275 269.6991 272.8752 274.5654 272.0139 275.161 277.989 278.4522 277.8091 278.6947 282.8625
275.355 272.1517 268.976 263.9578 260.1039 256.2733 253.8399 250.5603 245.9159 242.9733 238.9975 237.8264 237.1622 235.5527 235.3339 235.8926 236.7179 236.129 235.0161 232.6964 232.8842 231.8871 229.74 228.3808 228.4759 229.4162 233.1547 238.1371 242.5603 244.3045 241.6465 237.4933 231.8771 228.3958 226.626 225.1251 224.2316 225.6408 225.9586 226.908 227.7843 230.2313 231.4985 239.1399 242.8204 246.1426 249.1987 253.2511 258.567 264.4225 269.6339 273.3489 272.2796 273.0324 274.1605 273.2112 274.1588 278.1015 282.7542 285.9279 287.5125 290.5938 293.7791
271.9613 270.21 267.1066 262.8318 258.4955 254.1944 250.6557 247.4731 245.1134 241.6233 240.3481 236.7596 231.6049 229.8208 227.9445 227.4855 228.4127 228.8803 229.6576 230.1001 231.1642 230.0811 228.4433 227.9597 225.9032 225.0658 225.6653 229.3893 234.1239 237.4261 240.1131 237.1076 232.9832 229.4094 227.8264 226.9995 226.3181 225.5771 225.8174 226.3472 226.809 227.1302 232.004 232.639 235.4069 238.4568 242.4747 247.0107 254.0399 263.0687 271.5895 274.0291 272.6631 272.9144 272.0156 271.1521 272.5357 277.2224 282.9765 287.9673 291.2976 295.7126 299.4363
269.6682 266.119 264.2011 260.9755 256.1472 252.5255 248.4031 245.9873 242.7846 241.1723 238.9609 233.8089 229.3311 226.2287 223.6892 220.6574 219.0086 219.811 221.1555 225.1547 225.7437 226.2305 226.9489 227.2176 226.4553 224.5984 223.054 223.8453 226.3607 231.5484 236.3954 237.1072 234.7055 234.0168 233.3722 231.9949 230.8553 229.2264 228.0078 228.2667 227.3204 230.5186 225.9241 224.1648 225.8791 227.9841 230.3348 235.0772 240.8146 250.5587 263.1864 268.8891 270.1774 270.3703 270.2579 268.6394 270.0155 276.0157 282.0367 288.0168 292.4293 297.2267 301.9086
