py_wake/examples/data/AJ_ParqueFicticio/Rough survey   Sector 11   Height 200m   Orographic speed.grd
DSAA
73  159
 258469   265669
 6501692   6517492
 .6968251   1.35811
[rows 0 to 27 of 159, columns 0 to 62 of 73]
.9660632 .9634273 .9626132 .9626146 .9624208 .9624397 .9630548 .9633818 .9636469 .9634537 .9629359 .9615872 .9602197 .9583126 .9559339 .9543172 .9528911 .9522323 .9519373 .9533957 .95737 .9674606 .9743804 .9737983 .9606118 .9377287 .9245327 .928387 .9332864 .9330426 .9305455 .9311956 .9330099 .9393997 .9498267 .9643242 .9841591 1.00265 1.011891 1.016934 1.020604 1.024432 1.027302 1.028869 1.02817 1.027586 1.025536 1.024243 1.023222 1.022181 1.021016 1.018612 1.01654 1.015039 1.012004 1.009357 1.00709 1.003622 1.000904 .9974412 .993322 .9897034 .986497
.9712417 .9660089 .963985 .9635383 .9635192 .9635011 .9636973 .9637968 .964012 .9642165 .9640106 .9628327 .9611546 .9589568 .9562132 .9537379 .9517697 .9506357 .9487453 .9497641 .9545923 .9666255 .9807958 .9875805 .9761332 .9509391 .9278878 .9267559 .9304943 .9308851 .9302123 .9287373 .9281468 .9326007 .9405395 .9561931 .9779088 1.001131 1.013585 1.019339 1.023669 1.028207 1.034066 1.035832 1.029572 1.028117 1.027033 1.026438 1.025745 1.024512 1.024029 1.022054 1.02027 1.018184 1.015357 1.013214 1.00968 1.006286 1.001047 .9964122 .9913321 .9865304 .9821931
.9806449 .9707898 .9658027 .9645128 .9643182 .9643917 .9644523 .9644305 .9643357 .9641435 .9648705 .9642101 .9622477 .9601306 .9568875 .9530804 .9503279 .9478141 .9451312 .9448946 .9500793 .9622255 .9810368 .9944905 .9905217 .9637065 .938657 .9287193 .9285957 .9283733 .9282356 .9258481 .9244136 .9257508 .9299782 .9439616 .9661678 .9944496 1.012131 1.020976 1.025471 1.030634 1.036596 1.041236 1.036137 1.029653 1.026893 1.026707 1.027275 1.027037 1.027409 1.027231 1.02485 1.02163 1.018936 1.016501 1.012756 1.007984 1.002263 .9960517 .9892098 .9830158 .9772202
.9949796 .9807802 .9702493 .9666292 .9656904 .9655047 .9653419 .9649921 .9644046 .9638137 .9635683 .9650082 .9645521 .9624029 .9575122 .9519432 .9480117 .9446607 .9414465 .9402311 .9447482 .9569075 .9756323 .9927854 .9967464 .9769927 .9501659 .9358162 .930724 .9288346 .9275203 .9248008 .9219386 .9187249 .9179924 .9266104 .9468282 .9779682 1.004348 1.017781 1.025649 1.033147 1.039284 1.044069 1.043397 1.034992 1.029088 1.027688 1.027919 1.028026 1.030528 1.031148 1.029216 1.026923 1.024918 1.021325 1.016954 1.010796 1.003764 .995306 .9867732 .9791408 .9726592
1.006795 .9923999 .9786839 .9712158 .9675989 .96701 .9671621 .9664399 .965247 .964193 .963205 .9623045 .9644267 .9640533 .9579935 .9512755 .9457781 .9412865 .9380336 .9360854 .9411042 .9524835 .9687608 .98594 .9942524 .9831395 .9623981 .9463134 .9368667 .9323702 .9281574 .9258941 .919647 .9131637 .9087195 .9093825 .9243602 .9529232 .9823914 1.003181 1.020999 1.033818 1.0405 1.042534 1.045337 1.039716 1.033237 1.029332 1.028304 1.029671 1.033235 1.03523 1.035186 1.034369 1.031965 1.02806 1.022131 1.014595 1.005239 .99496 .9846677 .9739302 .9651724
1.012702 1.003799 .9929377 .9816759 .9719504 .9692066 .9696996 .9686507 .9666299 .9651024 .9646751 .961643 .9629958 .9636081 .9589083 .9518791 .9444599 .9376987 .9337167 .9336002 .9400387 .9518762 .9655422 .9807984 .9912176 .9863992 .9707134 .9558839 .9444978 .9363612 .9299655 .9263955 .9223452 .9163108 .9098078 .905115 .9108881 .9299531 .9537045 .9779457 1.005003 1.030101 1.039668 1.040045 1.038922 1.038563 1.034573 1.030986 1.028676 1.02956 1.033757 1.038908 1.041117 1.041876 1.040519 1.036437 1.029344 1.020121 1.008763 .9960847 .9822343 .9690389 .9563584
1.015959 1.01228 1.008017 .9985697 .9835928 .9733464 .9732723 .9725367 .9700674 .9681785 .9670556 .9635394 .9621691 .963191 .9609874 .9545214 .9451994 .9353339 .9284507 .9261492 .9334339 .9481156 .9628994 .978397 .9903498 .9896328 .9781806 .9646671 .9511452 .9404819 .9323747 .9259889 .9241657 .9194086 .9118289 .9065347 .9064467 .9148912 .9298103 .9514531 .9853975 1.017509 1.032755 1.033551 1.031786 1.031689 1.031902 1.030948 1.025756 1.025274 1.030886 1.038079 1.044824 1.049548 1.050321 1.046778 1.038538 1.027686 1.01402 .997211 .9800717 .962682 .9481316
1.017403 1.016345 1.013622 1.008233 .9961473 .9844037 .9791806 .9774075 .9744124 .972164 .9697153 .9674594 .9660533 .9670857 .9653304 .9592057 .9482586 .9363876 .9257553 .9187979 .9243271 .9399735 .9594263 .9755505 .9888377 .9926767 .9841838 .9711812 .9578837 .9455494 .9364067 .9320805 .928255 .9229246 .9160286 .9095176 .9068786 .9095398 .9176489 .9344337 .9657613 .9979663 1.01604 1.021331 1.023399 1.027815 1.02929 1.027467 1.020068 1.017935 1.023121 1.031043 1.040823 1.052327 1.060077 1.057544 1.048961 1.037199 1.020826 1.002719 .9804451 .9591262 .9420151
1.01893 1.019052 1.017762 1.014396 1.006132 .9961787 .988364 .9838356 .9790202 .9758134 .9733738 .9714846 .971005 .9711359 .9712408 .9667593 .956394 .9411598 .9266204 .9152423 .9131314 .9270812 .9456715 .9629125 .9807296 .9927515 .9915391 .9795761 .9664988 .9539484 .9442946 .9390308 .9344387 .9289536 .9223634 .9160234 .9108701 .910399 .9158169 .9264886 .9495127 .9755656 .993186 1.001362 1.012159 1.021284 1.022181 1.02192 1.013773 1.00908 1.015659 1.02293 1.03244 1.047794 1.06368 1.066538 1.059013 1.047999 1.033166 1.012187 .9835349 .9569975 .9383605
1.020115 1.020694 1.020709 1.018649 1.013076 1.00387 .9944431 .987784 .9829049 .978906 .9780338 .9772008 .9754419 .9752521 .9777726 .9763912 .9681162 .9526989 .9344403 .9185137 .9079237 .9105809 .9276326 .9438056 .9614982 .9819213 .9917894 .9857731 .9743192 .9617863 .9524284 .9466009 .941722 .9358706 .9298707 .9238454 .9173739 .9145007 .9178568 .9259824 .9408556 .9569487 .9702988 .9794553 .994273 1.006746 1.008802 1.010445 1.00621 .998717 1.003306 1.010838 1.021909 1.041298 1.060351 1.070383 1.066077 1.059294 1.045245 1.025159 .9929456 .9598773 .9368954
1.021261 1.021959 1.02191 1.021237 1.019627 1.011561 1.00458 .9949546 .9865255 .9825202 .9836166 .9848086 .980893 .9774269 .9810078 .9862854 .9837009 .9694459 .9503064 .9313169 .9152126 .9074225 .9145519 .9267682 .9419869 .9606557 .9797354 .984623 .9780252 .9664871 .9595775 .9544357 .9497922 .9446177 .9385501 .931555 .9260049 .9217933 .9225078 .9300756 .9402357 .9515027 .9598091 .9653831 .9767443 .9878292 .9924366 .9972439 .9963265 .9888825 .9893103 .9956846 1.012183 1.034656 1.054382 1.064627 1.068382 1.066135 1.056449 1.037629 1.006285 .9681643 .9399157
1.020727 1.02233 1.021907 1.020602 1.022184 1.019418 1.014752 1.003561 .9900068 .9873146 .9900383 .9922542 .9874682 .9786494 .9791448 .9895221 .9967244 .9871767 .969649 .9504831 .9305337 .9170309 .9142379 .9190054 .9288135 .94379 .9632204 .9732098 .9735143 .9678268 .9633138 .9587972 .9562453 .9530763 .9477472 .940215 .9344654 .9309239 .9302145 .9353371 .943339 .9519385 .9579595 .9634513 .969151 .9748436 .9797435 .9844489 .9873766 .9814764 .9767956 .9834294 1.003306 1.026702 1.043208 1.0535 1.059059 1.062135 1.057141 1.043236 1.015745 .9792969 .9478725
1.018961 1.020936 1.02177 1.020875 1.022456 1.023093 1.020265 1.012071 .9971268 .9931872 .9975203 1.002156 .9980459 .9857908 .9806291 .9861243 .9973865 1.0003 .9895632 .9723879 .9544391 .9389278 .9293632 .9239644 .9254477 .9343359 .9478348 .9599184 .9654894 .9655113 .9635904 .961354 .9600852 .9583015 .9548771 .9489328 .9424954 .939437 .9390247 .9417757 .9478442 .9553275 .961143 .9664721 .9676063 .9688162 .9728702 .9769443 .9794049 .9760361 .9714626 .9744583 .9909302 1.013477 1.030465 1.03866 1.046281 1.049656 1.046626 1.033445 1.010718 .9809246 .9510177
1.016685 1.018935 1.020826 1.021855 1.023102 1.02436 1.022756 1.017145 1.004358 .9998261 1.004618 1.009248 1.00848 .9997717 .9922289 .9917358 .9983035 1.001201 1.001464 .9914729 .9790836 .9660835 .9520146 .9381906 .9314988 .9328048 .9417611 .9515704 .9578899 .9609242 .9613163 .9609492 .9618552 .9623801 .9595084 .955256 .9495502 .946957 .946733 .9497668 .9547986 .9595799 .9645489 .9711341 .9701171 .9696084 .9712319 .9727824 .974758 .9730107 .9708942 .9724091 .9836996 1.003151 1.020739 1.031895 1.037319 1.039572 1.03497 1.021276 .9993619 .9721794 .9451191
1.014506 1.017191 1.019574 1.021422 1.023437 1.023849 1.022458 1.018323 1.010364 1.006012 1.009333 1.012688 1.013268 1.009387 1.004043 1.001463 1.002634 1.005316 1.007452 1.004019 .9989234 .9911608 .9782429 .9603788 .9452852 .939252 .9395711 .9447005 .9502501 .9545413 .9570271 .9597991 .9637017 .96702 .9666781 .9616374 .9549655 .9511631 .9526219 .9583521 .9645507 .9694562 .9728822 .9782068 .9798188 .9756631 .9753413 .975513 .9761076 .9770771 .9758474 .9780042 .9872425 1.002308 1.017868 1.02994 1.03818 1.040227 1.033112 1.01669 .9929796 .9641589 .9365221
1.012784 1.015543 1.017938 1.020334 1.022421 1.022911 1.021515 1.01923 1.014731 1.010261 1.011419 1.013823 1.015255 1.01482 1.011879 1.007365 1.005908 1.00893 1.0131 1.012319 1.010929 1.009745 1.003686 .9875404 .969099 .9527262 .9444553 .9439455 .9464272 .9516502 .9548668 .9583715 .964347 .9726109 .9767209 .9712554 .9596387 .9537361 .9552512 .9649234 .9760293 .9817194 .9835711 .9886137 .9885757 .9851646 .9825611 .9827977 .9846973 .9847219 .9848647 .986654 .9952437 1.009317 1.022774 1.034875 1.044819 1.047733 1.041633 1.024121 .9978468 .9656743 .9298492
1.011395 1.013753 1.015961 1.018507 1.020746 1.021777 1.021405 1.019308 1.016618 1.013826 1.013438 1.014467 1.015897 1.015869 1.016196 1.014072 1.01139 1.011773 1.015846 1.016535 1.017338 1.019099 1.018041 1.012007 .9982911 .9779216 .9594117 .9491167 .9483582 .9511209 .9554068 .9582917 .9664747 .9797592 .9890718 .9866005 .9707294 .9583211 .9582451 .9692815 .9868964 .9959026 .9985288 .9998115 .9996201 .9958166 .9921981 .9926646 .9959045 .9959329 .9941652 .9953888 1.004214 1.016397 1.031065 1.044048 1.054281 1.060493 1.055665 1.041818 1.017138 .9799727 .9341568
1.010239 1.012367 1.014847 1.017418 1.019169 1.020476 1.020535 1.019562 1.017859 1.017153 1.016334 1.015035 1.015116 1.01712 1.018367 1.018019 1.016607 1.016357 1.018495 1.01996 1.021094 1.023448 1.024485 1.024142 1.018143 1.00426 .9835345 .9657753 .9566159 .9559641 .9566634 .958993 .9700305 .9857743 .9993055 1.000509 .9836825 .9663711 .9607033 .9741631 .9991054 1.014573 1.018454 1.01833 1.015929 1.009877 1.004289 1.005888 1.010505 1.010098 1.004557 1.003162 1.011159 1.026755 1.041606 1.053811 1.064253 1.069937 1.069219 1.057544 1.03587 1.000312 .9518765
1.009013 1.011052 1.013384 1.016313 1.017978 1.019291 1.019945 1.019193 1.018477 1.018805 1.018778 1.016326 1.014813 1.017386 1.019333 1.020222 1.019992 1.020237 1.020985 1.021809 1.022384 1.02445 1.027415 1.030566 1.029124 1.019924 1.004658 .9874371 .9739596 .9667097 .9609264 .9598051 .975737 .9934171 1.007511 1.012901 .9979478 .9740556 .9625928 .9776548 1.01 1.034144 1.043774 1.044485 1.038581 1.030801 1.02283 1.02347 1.029031 1.028042 1.020003 1.014605 1.01964 1.033066 1.049465 1.063745 1.073809 1.079714 1.077222 1.067457 1.049038 1.019 .9734661
1.007855 1.009955 1.012587 1.015233 1.016199 1.01766 1.018305 1.01843 1.018622 1.01961 1.020389 1.019317 1.017041 1.017848 1.020205 1.021871 1.022833 1.023729 1.02357 1.023658 1.02363 1.024962 1.026451 1.030893 1.032602 1.029103 1.020326 1.007294 .9931817 .9815865 .9693865 .9625766 .9768854 .9990224 1.01568 1.022663 1.009477 .9834927 .9656436 .9799538 1.014044 1.045933 1.062621 1.066711 1.063931 1.055823 1.044878 1.0436 1.047824 1.046412 1.03782 1.029795 1.031031 1.040581 1.055451 1.070336 1.081355 1.088055 1.084585 1.074362 1.057464 1.03004 .990962
1.006726 1.008399 1.010362 1.012128 1.01369 1.014801 1.016359 1.017359 1.018307 1.019694 1.020739 1.020829 1.019435 1.019979 1.021465 1.023218 1.02486 1.025677 1.025512 1.024372 1.024177 1.024325 1.026367 1.029246 1.031343 1.030364 1.025075 1.018117 1.008661 .9933923 .9796962 .9707612 .9716001 .9960173 1.017678 1.029114 1.017146 .988824 .9699606 .9814356 1.013962 1.046823 1.068967 1.079476 1.081047 1.077128 1.068439 1.063708 1.064318 1.063084 1.05333 1.048882 1.046963 1.052599 1.065028 1.07873 1.09018 1.096372 1.093269 1.079929 1.061235 1.035792 1.00256
1.005668 1.006347 1.007674 1.009626 1.011425 1.012829 1.01394 1.015274 1.0167 1.018759 1.020583 1.0216 1.021331 1.021763 1.022821 1.023767 1.025627 1.027073 1.026916 1.026296 1.025796 1.025809 1.026447 1.028434 1.03005 1.029715 1.025918 1.020598 1.014082 1.00199 .9923199 .983424 .9713731 .9840351 1.010748 1.03035 1.021685 .9923354 .9698641 .9806828 1.01061 1.044273 1.068282 1.082964 1.089927 1.091915 1.087602 1.081993 1.079221 1.075747 1.069256 1.06541 1.064564 1.066614 1.077794 1.090232 1.100951 1.106386 1.101556 1.086438 1.062787 1.037247 1.007138
1.004419 1.005323 1.006289 1.006999 1.008965 1.01055 1.011674 1.013266 1.014807 1.017124 1.019945 1.021414 1.022424 1.023205 1.023609 1.024515 1.024545 1.026909 1.027939 1.027976 1.027228 1.027426 1.028132 1.029217 1.029618 1.02856 1.025003 1.019818 1.013476 1.010055 1.007054 .9981899 .9829128 .978817 .9983473 1.023043 1.023295 1.000408 .9758813 .974872 1.001906 1.036284 1.06439 1.080819 1.090872 1.097249 1.099869 1.09754 1.094613 1.089029 1.084695 1.082923 1.082717 1.082415 1.090842 1.103778 1.11295 1.116131 1.110802 1.09478 1.066495 1.034787 1.007271
1.00452 1.005953 1.005544 1.005223 1.006262 1.00811 1.009711 1.011379 1.013143 1.015435 1.018301 1.020465 1.021602 1.023529 1.024162 1.024835 1.024047 1.025046 1.027097 1.028498 1.028925 1.029247 1.029483 1.030242 1.030196 1.027465 1.023198 1.017895 1.010653 1.010798 1.01352 1.009687 .9947846 .9820614 .9881589 1.011468 1.021982 1.010126 .989385 .977034 .9919053 1.021927 1.051501 1.071933 1.086102 1.097849 1.105211 1.107909 1.106486 1.103202 1.100762 1.099691 1.099257 1.098038 1.103436 1.116927 1.126674 1.127966 1.120268 1.10202 1.07032 1.034875 1.006166
1.003729 1.005551 1.005439 1.004925 1.005735 1.007015 1.008053 1.00995 1.011529 1.014682 1.016622 1.019085 1.020829 1.022246 1.023538 1.02502 1.025106 1.025184 1.026806 1.028472 1.029623 1.030196 1.030568 1.031324 1.030107 1.026848 1.022056 1.016928 1.010966 1.008284 1.012113 1.013983 1.007089 .993233 .9859414 1.003313 1.015548 1.013186 1.00093 .9873344 .9898706 1.013018 1.039825 1.060989 1.079028 1.093911 1.105575 1.11377 1.117139 1.117285 1.11777 1.118317 1.117304 1.114227 1.115173 1.129339 1.141252 1.140108 1.128491 1.107805 1.07302 1.035674 1.006209
1.003694 1.00366 1.004175 1.004802 1.0055 1.006662 1.008229 1.008868 1.010342 1.013062 1.015438 1.017666 1.019653 1.021526 1.022983 1.02417 1.025293 1.026005 1.026938 1.028245 1.0293 1.03034 1.031109 1.031816 1.030397 1.026016 1.020559 1.018551 1.016757 1.010851 1.011899 1.015273 1.011705 1.002459 .9910153 1.000386 1.010509 1.01393 1.007342 .9955475 .9932342 1.009966 1.035626 1.057894 1.075197 1.089724 1.102989 1.116288 1.125653 1.129388 1.132478 1.137125 1.13885 1.133187 1.12879 1.141462 1.156443 1.153376 1.136327 1.108947 1.073099 1.037162 1.007718
1.0044 1.003095 1.002979 1.003836 1.005422 1.006673 1.007921 1.009289 1.010179 1.011141 1.013261 1.016185 1.018677 1.020592 1.022424 1.023428 1.024921 1.026366 1.027057 1.027722 1.028037 1.029459 1.030662 1.030502 1.031109 1.027989 1.020996 1.02018 1.020806 1.015536 1.014169 1.014875 1.012337 1.0052 .9983589 1.004098 1.008353 1.0121 1.011887 .9999812 .9965233 1.010054 1.03384 1.054555 1.073944 1.087202 1.101184 1.116512 1.130882 1.138474 1.146648 1.155345 1.162562 1.157604 1.145986 1.152613 1.169303 1.167436 1.142548 1.104868 1.067854 1.033967 1.008067
1.004082 1.003956 1.003213 1.003737 1.00541 1.006796 1.008016 1.008885 1.00967 1.010424 1.012123 1.015159 1.017761 1.020221 1.02169 1.023411 1.02458 1.026092 1.026866 1.027094 1.027159 1.027012 1.028495 1.02967 1.030245 1.02807 1.024327 1.020575 1.021183 1.018674 1.016732 1.015821 1.012166 1.005011 1.000863 1.005273 1.008936 1.010364 1.011557 1.003195 .9977031 1.007418 1.024189 1.0498 1.071588 1.086498 1.101512 1.117538 1.13444 1.147362 1.157564 1.171116 1.18561 1.186474 1.171315 1.169517 1.180895 1.179156 1.147353 1.101649 1.062064 1.029584 1.00693
