py_wake/examples/data/AJ_ParqueFicticio/Rough survey   Sector 7   Height 30m   Mean speed.grd
DSAA
73  159
 258469   265669
 6501692   6517492
 .388786   8.405198
[rows 0 to 27 of 159, columns 0 to 62 of 73]
3.607554 3.583901 3.577284 3.556673 3.552404 3.51437 3.51013 3.483431 3.466709 3.463141 3.447056 3.431612 3.419429 3.409506 3.411276 3.412331 3.416351 3.408744 3.408115 3.452276 3.527687 3.646145 3.691461 3.736242 3.635366 3.388093 3.510678 3.6104 3.72823 3.767477 3.753628 3.720949 3.843492 3.951612 4.062018 4.185955 4.249725 4.123661 4.083939 4.04758 3.973904 3.836337 3.733057 3.585475 3.607405 3.637493 3.641218 3.622129 3.611787 3.58941 3.569219 3.537763 3.515532 3.494547 3.489603 3.492719 3.502177 3.532982 3.563294 3.60716 3.650976 3.70188 3.75552
3.494287 3.526024 3.546639 3.538684 3.528393 3.4889 3.488699 3.466228 3.449354 3.44968 3.426358 3.406892 3.395969 3.386381 3.394733 3.406242 3.413635 3.419932 3.43424 3.508014 3.662014 3.784924 3.847361 3.789959 3.766413 3.710742 3.513862 3.675455 3.711779 3.769683 3.780827 3.802567 3.896771 4.020513 4.155736 4.276977 4.353197 4.213603 4.148362 4.106223 4.026416 3.927641 3.866383 3.748582 3.679462 3.666431 3.679496 3.682153 3.648812 3.620609 3.581537 3.524347 3.490187 3.468134 3.465161 3.470659 3.481485 3.51871 3.572314 3.616264 3.665689 3.719114 3.779308
3.483796 3.47762 3.526321 3.515424 3.493576 3.453656 3.453756 3.434418 3.423122 3.428132 3.443965 3.395094 3.355639 3.33774 3.359522 3.394073 3.414155 3.427372 3.455399 3.55242 3.683684 3.756798 3.71669 3.798769 3.8032 3.863581 3.77212 3.753198 3.719786 3.767156 3.800656 3.822639 3.90388 4.040767 4.188483 4.366888 4.512463 4.438958 4.287363 4.216646 4.107358 3.967888 3.880668 3.823549 3.737481 3.679247 3.658014 3.669222 3.663352 3.641062 3.570705 3.498747 3.454685 3.468425 3.466419 3.466386 3.476481 3.510671 3.562303 3.615197 3.672915 3.742435 3.812239
3.714663 3.498158 3.482869 3.462113 3.452469 3.438329 3.412902 3.393391 3.375263 3.386627 3.382505 3.395359 3.366359 3.328017 3.28807 3.369527 3.3993 3.416723 3.452983 3.541749 3.620618 3.666363 3.641728 3.790814 3.830772 3.998318 3.92178 3.832136 3.772705 3.815905 3.858408 3.840756 3.922581 4.017182 4.059822 4.151438 4.372828 4.464013 4.566962 4.506033 4.264856 3.983863 3.841511 3.842444 3.748909 3.75468 3.690776 3.648525 3.626754 3.613266 3.604828 3.564015 3.537696 3.496911 3.471175 3.461026 3.463969 3.493098 3.550718 3.616994 3.693882 3.775664 3.866274
3.865199 3.623373 3.362191 3.363291 3.404319 3.390249 3.3468 3.332042 3.313003 3.326765 3.314103 3.328501 3.324379 3.304779 3.252851 3.318841 3.374826 3.410853 3.459026 3.596338 3.631798 3.560208 3.623933 3.672911 3.722909 3.976189 3.967616 3.863933 3.793965 3.818986 3.863933 3.908695 3.890802 3.852906 3.701085 3.473428 3.583373 3.890547 4.078182 4.085698 3.971715 3.883027 3.73573 3.844971 3.959731 3.972329 3.781379 3.66266 3.656036 3.689951 3.774904 3.683059 3.626802 3.552588 3.495454 3.457072 3.443514 3.462752 3.530766 3.614846 3.710544 3.834205 3.975243
3.820803 3.75772 3.541053 3.341217 3.310517 3.334719 3.2455 3.258287 3.24035 3.251121 3.258627 3.272687 3.254859 3.242692 3.236899 3.214333 3.325001 3.3995 3.517725 3.726008 3.770814 3.748045 3.696121 3.714251 3.690141 3.814993 3.88966 3.833699 3.769273 3.741019 3.72494 3.636231 3.484559 3.194363 3.103169 3.013893 2.818594 2.95127 3.102914 3.140729 3.381478 3.558622 3.698019 3.844132 3.866024 3.8831 3.741711 3.664026 3.689417 3.762224 3.822591 3.873984 3.742837 3.61375 3.505087 3.431664 3.404755 3.413929 3.500513 3.60974 3.742286 3.922331 4.139056
3.848375 3.888288 3.889976 3.732702 3.383127 3.254935 3.271098 3.372128 3.357615 3.355859 3.330772 3.26732 3.224772 3.245962 3.251915 3.204538 3.210934 3.334145 3.418896 3.58834 3.746025 3.788398 3.834704 3.868857 3.734111 3.739003 3.808096 3.778042 3.707949 3.644587 3.588149 3.400217 3.222559 3.189959 3.142348 3.064219 2.972934 2.802744 2.665139 2.903913 3.286091 3.639624 3.860984 3.950087 3.818317 3.673923 3.620394 3.672509 3.738429 3.799736 3.799419 3.793408 3.835802 3.793244 3.524361 3.394714 3.355162 3.358382 3.446561 3.598549 3.78292 3.821046 3.734699
3.868356 3.879922 3.889508 3.844007 3.751713 3.426182 3.367611 3.451909 3.454219 3.443699 3.402829 3.344451 3.282 3.267795 3.263794 3.191733 3.095581 3.196293 3.302577 3.434736 3.669146 3.877835 3.99374 4.040289 3.846531 3.703009 3.748781 3.715505 3.659079 3.567725 3.490133 3.352183 3.24551 3.169704 3.101632 3.02471 2.969522 2.893883 2.878047 3.029091 3.397769 3.643839 3.749736 3.68907 3.481529 3.496879 3.767391 3.782774 3.951311 3.930383 3.867378 3.75722 3.696622 3.566539 3.539518 3.333102 3.295248 3.292315 3.377031 3.52452 3.441359 3.349407 3.140873
3.887684 3.888191 3.878675 3.800785 3.695174 3.552575 3.43956 3.502283 3.534435 3.522842 3.441746 3.382417 3.319519 3.313072 3.288867 3.184668 3.079215 3.010143 3.118654 3.202797 3.379829 3.568938 3.764695 3.963365 3.84776 3.731068 3.625532 3.679663 3.611097 3.501751 3.449607 3.312518 3.187292 3.082004 2.996533 2.904805 2.749094 2.773147 2.850207 2.880413 2.984706 3.171212 3.1412 3.066795 3.33996 3.455306 3.584202 3.541993 3.403786 3.334382 3.416273 3.322548 3.101176 3.203347 3.221697 3.254925 3.256768 3.244061 3.266398 3.195922 2.926665 2.673644 2.34285
3.916501 3.907977 3.884714 3.841203 3.764359 3.587528 3.512788 3.628027 3.624798 3.563709 3.480754 3.393105 3.342868 3.353292 3.371754 3.231525 3.106422 3.032775 3.02034 2.963903 2.982447 2.995635 2.977689 3.008605 3.499567 3.683858 3.658807 3.641265 3.535491 3.455211 3.407527 3.266898 3.106021 2.969551 2.8479 2.767449 2.778354 2.700787 2.692284 2.664679 2.413118 2.050213 1.927634 2.181843 2.795437 3.082563 3.110451 3.057032 2.916435 2.776882 2.823207 2.743414 2.696724 2.82139 3.063963 3.262814 3.285256 3.251569 3.205111 2.886196 2.569004 2.143445 1.790403
3.947199 3.93788 3.915081 3.9422 4.08274 4.032625 3.953185 3.855039 3.658401 3.642478 3.518646 3.357051 3.322119 3.387874 3.530461 3.545706 3.191442 3.046513 3.068517 3.000049 2.822754 2.762886 2.662848 2.715095 2.740082 3.080699 3.290689 3.465133 3.407303 3.407806 3.313497 3.174348 3.048455 2.908431 2.795398 2.791594 2.740108 2.687515 2.572242 2.514095 2.353835 2.149228 2.006895 2.000801 2.011752 2.224384 2.100511 2.235535 2.358022 2.243889 2.196281 2.344557 2.6517 2.840847 3.073111 3.353966 3.485 3.464603 3.275454 2.932124 2.547937 2.178999 2.016538
3.983761 3.984085 3.958025 4.017178 4.007016 4.059484 3.989272 3.875489 3.732019 3.655019 3.470653 3.314479 3.216386 3.348212 3.445035 3.72709 3.814968 3.493886 3.091 2.996102 2.816592 2.632959 2.556895 2.676055 2.744984 2.711426 2.972269 3.335519 3.3685 3.350878 3.20092 3.084883 2.990351 2.887374 2.817773 2.769762 2.711729 2.637921 2.523445 2.412733 2.328053 2.219276 2.097995 1.995911 1.818755 1.676242 1.648094 1.584929 1.581109 1.637212 1.709842 2.207631 2.609245 2.853295 2.984894 3.202367 3.287462 3.356511 3.299715 3.044877 2.673826 2.318098 2.038674
3.997155 4.026603 4.016716 3.980943 3.9353 3.944908 3.898878 3.846595 3.752072 3.665013 3.76447 3.863316 3.693596 3.236753 3.209868 3.204257 3.372892 3.699975 3.652928 3.232889 2.968102 2.931511 2.746758 2.724711 2.73932 2.740768 2.662906 2.890024 3.095805 3.013943 2.98123 2.911836 2.863063 2.803565 2.75461 2.706809 2.664034 2.599915 2.496114 2.338558 2.246583 2.192277 2.052353 1.893557 1.743821 1.752755 1.692183 1.636379 1.589382 1.606039 1.679397 1.8533 2.192575 2.412794 2.578079 2.447667 2.139158 1.827124 1.660226 1.608159 1.779548 1.690881 1.77426
3.997306 3.979705 3.938691 3.936328 3.91116 3.921587 3.90314 3.982487 3.944448 4.022493 4.028648 3.906164 3.897387 3.88635 3.596789 3.35354 3.241036 3.250931 3.521676 3.615104 3.53849 3.222388 2.906029 2.771554 2.750391 2.721718 2.663921 2.53789 2.555595 2.67906 2.723265 2.745704 2.709365 2.662778 2.610571 2.580648 2.584668 2.54687 2.472108 2.348664 2.161023 2.041662 1.929074 1.752207 1.607782 1.541746 1.513589 1.41417 1.453248 1.408335 1.485628 1.517807 1.406604 1.362557 1.034732 .3965172 1.965739 2.263691 1.739852 .388786 .6914243 1.108957 1.452835
3.976827 3.946836 3.913094 3.914675 3.913448 3.902291 3.914561 3.943393 4.019041 4.045268 3.93047 3.8896 3.894236 3.913955 3.844851 3.61576 3.51432 3.568906 3.563539 3.655753 3.68038 3.525055 3.258151 2.880338 2.702175 2.69731 2.662625 2.623372 2.621291 2.639989 2.653507 2.651175 2.681772 2.578572 2.443173 2.38967 2.499391 2.47174 2.433182 2.296429 2.10072 1.913165 1.770269 1.658768 1.576069 1.485098 1.474982 1.379216 1.181138 1.196335 1.262563 1.234195 1.033053 .6734399 .3929436 .3946182 1.083204 2.027704 2.72415 .5853215 .4255752 .9308963 1.383093
3.942796 3.918886 3.902363 3.90402 3.902947 3.913188 3.933671 3.945713 3.973299 3.968014 3.873211 3.891965 3.916662 3.961678 4.004176 3.905889 3.800676 3.89755 3.854639 3.862162 3.789699 3.777816 3.713867 3.281088 2.808625 2.59608 2.644097 2.615337 2.613425 2.616786 2.620807 2.610635 2.582166 2.458146 2.245157 2.108826 2.195901 2.347811 2.374731 2.412214 2.226062 2.063811 1.868204 1.670287 1.574621 1.511157 1.445276 1.390766 1.259517 1.123555 1.108142 1.066886 .9129984 .6841793 .5402759 1.022322 .9148456 .648959 .9398091 1.096884 1.319518 1.530385 1.600496
3.916791 3.888494 3.882587 3.895109 3.901527 3.919591 3.945882 3.963501 3.97659 3.962815 3.914982 3.927397 3.973933 4.013929 4.023158 4.030227 3.982423 3.824789 3.783037 3.766251 3.714311 3.71004 3.68875 3.681203 3.514968 2.929982 2.552228 2.545666 2.54015 2.535404 2.519248 2.574023 2.578829 2.527398 2.572188 2.592211 2.47963 2.370606 2.335941 2.260982 2.135159 2.029682 1.794616 1.63026 1.529021 1.539213 1.550151 1.434053 1.146954 .951645 .8989252 .9209406 .9473618 1.048411 1.216757 1.530859 1.953143 2.243887 2.41837 2.537558 2.471416 2.25854 2.01049
3.904042 3.891488 3.874515 3.889406 3.897017 3.917317 3.952315 3.946021 3.973393 3.967185 3.943335 3.921849 3.969408 3.940159 3.922714 3.934238 3.901614 3.827645 3.779198 3.740974 3.707622 3.715083 3.711732 3.71683 3.67519 3.598019 3.201802 2.770348 2.573702 2.722079 2.948989 2.923601 2.82087 2.863357 2.975891 3.08201 2.958175 2.903854 2.900816 2.834522 2.585374 2.26631 1.709443 1.378347 1.27756 1.34742 1.473205 1.69429 1.809911 1.926088 1.977869 2.004896 2.198081 2.43475 2.653417 2.811156 2.838194 2.930161 2.913426 2.819231 2.656719 2.47019 2.259981
3.897354 3.889419 3.893496 3.889492 3.90066 3.912035 3.949333 3.948369 3.974972 3.975638 3.964152 3.918905 3.927321 3.874826 3.882533 3.900418 3.870265 3.820956 3.785018 3.748544 3.718007 3.743155 3.803134 3.877888 3.990627 3.951997 3.830554 3.713382 3.45488 3.457189 3.347519 3.374813 3.476098 3.497404 3.466182 3.493756 3.377965 3.233482 3.200104 3.013782 2.895845 2.986276 2.934858 2.799453 2.59918 2.568988 2.499312 2.595057 2.704993 2.738628 2.686543 2.603816 2.670025 2.79731 2.893588 2.91497 2.812945 2.718983 2.64067 2.591453 2.576217 2.477457 2.334966
3.897797 3.896818 3.908149 3.894728 3.888743 3.89827 3.943542 3.957593 3.973938 3.984925 3.980412 3.977265 3.933413 3.87388 3.871446 3.875995 3.867395 3.824726 3.791248 3.756412 3.744235 3.764298 3.815804 3.808856 3.870685 3.959424 4.095295 4.068122 3.938894 3.863742 3.618758 3.563586 3.883088 3.852129 3.726485 3.54604 3.445937 3.430962 3.312374 3.093054 3.289248 3.611729 3.838647 3.928071 3.838011 3.689151 3.449498 3.313059 3.335272 3.283557 3.143778 2.948756 2.832951 2.82653 2.792004 2.69602 2.663936 2.614663 2.491304 2.42901 2.433612 2.432509 2.402081
3.862522 3.888134 3.918304 3.883897 3.864239 3.87837 3.899995 3.939118 3.961435 3.967721 3.927323 3.943836 3.915759 3.883808 3.868701 3.872953 3.885103 3.83967 3.812028 3.796605 3.789219 3.787448 3.771223 3.732748 3.780457 3.834453 3.903898 3.985995 3.994698 3.76773 3.567965 3.446996 3.630353 3.599523 3.822072 3.811732 3.588504 3.589617 3.49264 3.67325 3.843712 4.022138 4.161298 4.303409 4.271398 4.159208 3.957396 3.706112 3.536015 3.433449 3.306842 3.166344 2.953614 2.79261 2.663394 2.527237 2.420805 2.365446 2.295777 2.314427 2.362175 2.498476 2.637953
3.806591 3.790159 3.841792 3.836461 3.82897 3.84833 3.870903 3.913766 3.935001 3.918453 3.89468 3.902071 3.905925 3.880348 3.868901 3.873055 3.894757 3.875767 3.853376 3.859102 3.84582 3.795996 3.746632 3.72005 3.735317 3.753682 3.761818 3.77069 3.758213 3.627407 3.590822 3.44464 3.291502 3.457574 3.780538 3.745955 3.673172 3.436673 3.501391 3.91994 4.130615 4.128345 4.111495 4.045483 4.037992 3.980072 3.920002 3.768142 3.522163 3.331664 3.216947 3.143031 2.9568 2.738918 2.603758 2.43064 2.261639 2.240152 2.244754 2.295275 2.476798 2.754138 2.983863
3.784813 3.747212 3.752809 3.79303 3.806065 3.824038 3.844271 3.879793 3.898517 3.879185 3.865981 3.868522 3.884137 3.870628 3.863717 3.855249 3.867755 3.825126 3.839851 3.842241 3.833115 3.788056 3.750308 3.736529 3.722535 3.697183 3.64528 3.619596 3.699149 3.724429 3.834595 3.815592 3.725651 3.53163 3.598803 3.635777 3.633826 3.506946 3.588527 3.817085 3.841768 3.97515 3.889518 3.893509 3.896944 3.885467 3.825457 3.698475 3.488861 3.26827 3.104901 3.010587 2.87249 2.659821 2.59176 2.439013 2.363677 2.388234 2.500111 2.658125 2.908449 3.1852 3.316116
3.794671 3.78213 3.814589 3.807319 3.801355 3.810132 3.822707 3.854985 3.858829 3.848408 3.838145 3.849004 3.857584 3.860606 3.859954 3.848498 3.803932 3.775938 3.801842 3.833227 3.829338 3.794602 3.762139 3.7491 3.727706 3.671248 3.607335 3.535314 3.602784 3.750164 3.995074 4.005558 3.809257 3.589117 3.548434 3.50623 3.651304 3.77702 3.797054 3.584863 3.525826 3.504914 3.57478 3.676157 3.689735 3.61051 3.597261 3.520611 3.344982 3.163963 3.023074 2.906443 2.766494 2.600538 2.597044 2.595053 2.590755 2.65308 2.894212 3.257691 3.4904 3.571694 3.596674
3.798193 3.818409 3.845152 3.826035 3.807663 3.803937 3.80693 3.837298 3.835315 3.842623 3.826236 3.836917 3.854588 3.851622 3.852626 3.846722 3.845652 3.817481 3.807079 3.828012 3.840388 3.81573 3.779369 3.775309 3.736607 3.694602 3.665925 3.657443 3.7157 3.787048 3.898637 3.855326 3.878288 3.694675 3.619447 3.433506 3.598852 3.764063 3.796335 3.670724 3.436528 3.2312 3.288747 3.415856 3.453731 3.41793 3.420048 3.38896 3.266703 3.135567 3.008091 2.906716 2.7906 2.662006 2.742517 2.839578 2.902237 3.085086 3.49583 3.87593 3.971406 3.892568 3.740228
3.771261 3.795286 3.818974 3.827511 3.812148 3.798002 3.799345 3.818072 3.81327 3.833769 3.821858 3.83611 3.849163 3.834573 3.83727 3.823161 3.831539 3.83344 3.823748 3.834615 3.84467 3.849041 3.821834 3.82963 3.831795 3.811434 3.780962 3.800194 3.86978 3.827553 3.786528 3.726704 3.774179 3.833744 3.678858 3.55392 3.573011 3.697175 3.727254 3.665867 3.624437 3.581498 3.450572 3.464274 3.33294 3.31752 3.345706 3.318671 3.290025 3.158079 3.092911 3.057421 2.953073 2.783534 2.876488 3.151959 3.339956 3.593801 4.079182 4.197895 4.142028 3.965911 3.701654
3.827376 3.83895 3.835828 3.818447 3.818997 3.80655 3.800201 3.793489 3.817337 3.841402 3.835141 3.846196 3.851441 3.8302 3.828965 3.831691 3.841721 3.84548 3.842453 3.835903 3.84838 3.869817 3.873106 3.859703 3.84277 3.841262 3.858253 3.871852 3.828686 3.831017 3.715454 3.660855 3.698129 3.758625 3.728498 3.64133 3.581571 3.675686 3.764088 3.756603 3.688075 3.662167 3.537728 3.55463 3.454754 3.374611 3.293202 3.174056 3.185368 3.186374 3.179323 3.231595 3.254282 3.129912 3.093674 3.368102 3.690734 4.090396 4.152198 4.011702 3.901291 3.700918 3.431807
3.854082 3.859796 3.841487 3.832974 3.828676 3.822459 3.81127 3.80759 3.849816 3.866731 3.85901 3.860241 3.856784 3.836317 3.839264 3.845347 3.858358 3.857476 3.85639 3.849013 3.840852 3.849127 3.816214 3.839418 3.847121 3.828443 3.815746 3.794012 3.761265 3.744216 3.699211 3.661071 3.605274 3.590374 3.608676 3.568819 3.586112 3.660214 3.628636 3.655235 3.5616 3.498493 3.53139 3.539812 3.52041 3.394572 3.207872 3.167773 3.105196 3.13303 3.269719 3.447207 3.584577 3.607454 3.449316 3.514297 3.781139 4.162124 4.059782 3.836705 3.422879 3.183362 3.119353
