py_wake/examples/data/AJ_ParqueFicticio/Rough survey   Sector 3   Height 30m   Weibull-k.grd
DSAA
73  159
 258469   265669
 6501692   6517492
 .8183594   2.744141
[rows 0 to 27 of 159, columns 0 to 62 of 73]
2.556641 2.564453 2.568359 2.572266 2.572266 2.576172 2.580078 2.583984 2.587891 2.591797 2.587891 2.580078 2.576172 2.572266 2.568359 2.572266 2.580078 2.595703 2.619141 2.638672 2.638672 2.638672 2.619141 2.580078 2.509766 2.576172 2.587891 2.541016 2.537109 2.548828 2.564453 2.564453 2.576172 2.568359 2.564453 2.556641 2.533203 2.505859 2.509766 2.513672 2.513672 2.537109 2.560547 2.533203 2.548828 2.556641 2.564453 2.564453 2.564453 2.564453 2.560547 2.560547 2.556641 2.552734 2.552734 2.552734 2.544922 2.513672 2.498047 2.486328 2.482422 2.486328 2.498047
2.568359 2.560547 2.564453 2.576172 2.583984 2.587891 2.587891 2.591797 2.595703 2.603516 2.611328 2.599609 2.591797 2.583984 2.572266 2.572266 2.576172 2.591797 2.591797 2.626953 2.638672 2.638672 2.626953 2.572266 2.587891 2.529297 2.626953 2.591797 2.552734 2.560547 2.564453 2.576172 2.591797 2.595703 2.603516 2.587891 2.548828 2.533203 2.533203 2.537109 2.552734 2.583984 2.587891 2.560547 2.521484 2.544922 2.572266 2.576172 2.572266 2.568359 2.564453 2.552734 2.548828 2.541016 2.541016 2.541016 2.544922 2.513672 2.486328 2.474609 2.474609 2.482422 2.494141
2.615234 2.529297 2.556641 2.576172 2.591797 2.599609 2.603516 2.603516 2.599609 2.603516 2.607422 2.603516 2.599609 2.599609 2.576172 2.568359 2.572266 2.580078 2.572266 2.564453 2.576172 2.564453 2.611328 2.564453 2.552734 2.529297 2.607422 2.603516 2.576172 2.576172 2.576172 2.587891 2.599609 2.615234 2.642578 2.626953 2.583984 2.544922 2.560547 2.560547 2.583984 2.615234 2.599609 2.564453 2.576172 2.537109 2.564453 2.580078 2.576172 2.576172 2.564453 2.544922 2.537109 2.541016 2.537109 2.537109 2.537109 2.509766 2.474609 2.462891 2.466797 2.478516 2.501953
2.607422 2.603516 2.556641 2.583984 2.599609 2.611328 2.607422 2.603516 2.603516 2.603516 2.603516 2.603516 2.595703 2.587891 2.591797 2.564453 2.564453 2.568359 2.560547 2.548828 2.544922 2.537109 2.615234 2.599609 2.560547 2.537109 2.583984 2.611328 2.595703 2.595703 2.591797 2.595703 2.611328 2.634766 2.658203 2.658203 2.626953 2.537109 2.599609 2.576172 2.638672 2.619141 2.583984 2.572266 2.552734 2.568359 2.591797 2.583984 2.576172 2.576172 2.568359 2.552734 2.548828 2.541016 2.533203 2.529297 2.529297 2.501953 2.462891 2.451172 2.458984 2.482422 2.513672
2.595703 2.611328 2.583984 2.583984 2.595703 2.603516 2.595703 2.591797 2.591797 2.591797 2.591797 2.595703 2.583984 2.572266 2.576172 2.560547 2.556641 2.556641 2.552734 2.541016 2.537109 2.537109 2.525391 2.568359 2.552734 2.541016 2.556641 2.580078 2.587891 2.591797 2.607422 2.607422 2.623047 2.634766 2.638672 2.642578 2.630859 2.541016 2.541016 2.638672 2.638672 2.568359 2.548828 2.572266 2.583984 2.623047 2.607422 2.587891 2.587891 2.591797 2.599609 2.572266 2.560547 2.544922 2.529297 2.517578 2.517578 2.501953 2.443359 2.431641 2.451172 2.494141 2.548828
2.591797 2.607422 2.603516 2.595703 2.548828 2.599609 2.572266 2.568359 2.572266 2.576172 2.576172 2.587891 2.576172 2.560547 2.572266 2.560547 2.541016 2.541016 2.533203 2.537109 2.533203 2.533203 2.533203 2.509766 2.537109 2.509766 2.533203 2.556641 2.568359 2.576172 2.591797 2.576172 2.529297 2.486328 2.486328 2.521484 2.533203 2.447266 2.451172 2.556641 2.552734 2.466797 2.513672 2.564453 2.580078 2.599609 2.587891 2.580078 2.591797 2.611328 2.611328 2.603516 2.576172 2.548828 2.521484 2.501953 2.494141 2.498047 2.419922 2.412109 2.451172 2.521484 2.603516
2.607422 2.619141 2.619141 2.611328 2.603516 2.595703 2.568359 2.583984 2.591797 2.591797 2.587891 2.587891 2.580078 2.572266 2.568359 2.572266 2.521484 2.525391 2.529297 2.548828 2.541016 2.533203 2.529297 2.513672 2.505859 2.505859 2.501953 2.529297 2.548828 2.560547 2.564453 2.521484 2.458984 2.474609 2.486328 2.501953 2.501953 2.443359 2.392578 2.591797 2.552734 2.486328 2.529297 2.548828 2.591797 2.568359 2.552734 2.568359 2.599609 2.611328 2.615234 2.603516 2.591797 2.564453 2.505859 2.474609 2.466797 2.470703 2.392578 2.388672 2.455078 2.525391 2.564453
2.615234 2.619141 2.619141 2.611328 2.638672 2.623047 2.599609 2.603516 2.599609 2.607422 2.607422 2.599609 2.587891 2.572266 2.564453 2.556641 2.556641 2.494141 2.525391 2.568359 2.560547 2.544922 2.529297 2.529297 2.556641 2.556641 2.490234 2.501953 2.517578 2.525391 2.529297 2.486328 2.470703 2.466797 2.466797 2.478516 2.478516 2.455078 2.462891 2.564453 2.427734 2.443359 2.517578 2.556641 2.541016 2.541016 2.572266 2.572266 2.533203 2.568359 2.630859 2.607422 2.591797 2.525391 2.458984 2.431641 2.431641 2.435547 2.361328 2.333984 2.388672 2.423828 2.427734
2.623047 2.623047 2.615234 2.599609 2.595703 2.611328 2.603516 2.607422 2.599609 2.615234 2.615234 2.603516 2.587891 2.583984 2.568359 2.544922 2.533203 2.470703 2.474609 2.548828 2.595703 2.560547 2.529297 2.529297 2.583984 2.572266 2.556641 2.486328 2.494141 2.494141 2.501953 2.482422 2.466797 2.451172 2.439453 2.431641 2.408203 2.416016 2.423828 2.466797 2.376953 2.322266 2.447266 2.482422 2.517578 2.486328 2.525391 2.517578 2.544922 2.576172 2.560547 2.533203 2.486328 2.435547 2.365234 2.369141 2.400391 2.400391 2.373047 2.275391 2.263672 2.283203 2.361328
2.626953 2.626953 2.619141 2.607422 2.595703 2.583984 2.591797 2.556641 2.576172 2.638672 2.623047 2.603516 2.591797 2.591797 2.580078 2.541016 2.517578 2.525391 2.435547 2.455078 2.529297 2.517578 2.396484 2.392578 2.470703 2.560547 2.548828 2.541016 2.537109 2.517578 2.509766 2.498047 2.498047 2.494141 2.482422 2.501953 2.423828 2.380859 2.365234 2.333984 2.232422 2.224609 2.162109 2.310547 2.376953 2.396484 2.439453 2.416016 2.423828 2.470703 2.447266 2.388672 2.376953 2.357422 2.322266 2.341797 2.380859 2.373047 2.353516 2.302734 2.310547 2.322266 2.248047
2.634766 2.630859 2.626953 2.630859 2.638672 2.638672 2.638672 2.576172 2.568359 2.638672 2.619141 2.583984 2.583984 2.611328 2.619141 2.572266 2.490234 2.501953 2.486328 2.423828 2.427734 2.443359 2.345703 2.333984 2.349609 2.416016 2.458984 2.513672 2.544922 2.564453 2.583984 2.568359 2.544922 2.517578 2.498047 2.513672 2.478516 2.400391 2.341797 2.357422 2.341797 2.259766 2.205078 2.244141 2.208984 2.208984 2.177734 2.177734 2.224609 2.279297 2.263672 2.306641 2.376953 2.341797 2.333984 2.376953 2.408203 2.400391 2.349609 2.283203 2.255859 2.314453 2.341797
2.638672 2.638672 2.638672 2.638672 2.638672 2.638672 2.630859 2.634766 2.587891 2.638672 2.599609 2.541016 2.541016 2.599609 2.638672 2.611328 2.576172 2.556641 2.537109 2.490234 2.404297 2.373047 2.357422 2.357422 2.361328 2.337891 2.439453 2.505859 2.537109 2.583984 2.572266 2.548828 2.525391 2.498047 2.490234 2.498047 2.482422 2.466797 2.392578 2.384766 2.333984 2.279297 2.232422 2.197266 2.134766 2.052734 2.017578 1.958984 1.873047 1.947266 2.099609 2.322266 2.330078 2.314453 2.330078 2.373047 2.369141 2.353516 2.349609 2.287109 2.208984 2.236328 2.294922
2.638672 2.638672 2.638672 2.638672 2.634766 2.626953 2.611328 2.607422 2.638672 2.638672 2.638672 2.619141 2.595703 2.595703 2.607422 2.595703 2.529297 2.568359 2.572266 2.560547 2.478516 2.419922 2.376953 2.365234 2.361328 2.345703 2.310547 2.439453 2.490234 2.509766 2.517578 2.509766 2.494141 2.474609 2.466797 2.466797 2.458984 2.443359 2.412109 2.361328 2.310547 2.271484 2.205078 2.130859 2.091797 2.099609 2.052734 1.986328 1.912109 1.955078 2.087891 2.236328 2.248047 2.216797 2.232422 2.212891 2.083984 1.873047 1.666016 1.568359 1.630859 1.748047 2.099609
2.638672 2.638672 2.638672 2.634766 2.630859 2.623047 2.623047 2.638672 2.638672 2.638672 2.638672 2.630859 2.626953 2.638672 2.638672 2.544922 2.541016 2.517578 2.548828 2.583984 2.587891 2.537109 2.365234 2.380859 2.361328 2.349609 2.353516 2.396484 2.388672 2.431641 2.455078 2.466797 2.455078 2.439453 2.423828 2.419922 2.427734 2.419922 2.396484 2.353516 2.279297 2.220703 2.150391 2.044922 2.013672 1.986328 1.958984 1.884766 1.869141 1.861328 1.978516 2.052734 2.001953 1.880859 2.107422 2.107422 2.107422 2.107422 2.107422 2.107422 2.107422 1.685547 1.966797
2.638672 2.638672 2.634766 2.630859 2.630859 2.626953 2.630859 2.638672 2.638672 2.638672 2.638672 2.634766 2.634766 2.638672 2.638672 2.619141 2.595703 2.591797 2.568359 2.587891 2.591797 2.556641 2.505859 2.376953 2.357422 2.357422 2.380859 2.447266 2.439453 2.443359 2.447266 2.447266 2.447266 2.404297 2.349609 2.341797 2.396484 2.400391 2.384766 2.314453 2.216797 2.123047 2.056641 1.982422 1.916016 1.919922 1.888672 1.841797 1.720703 1.751953 1.826172 1.833984 1.744141 2.107422 2.107422 2.107422 2.107422 2.107422 1.759766 1.783203 1.470703 1.677734 2.005859
2.638672 2.638672 2.634766 2.634766 2.630859 2.634766 2.638672 2.638672 2.638672 2.638672 2.638672 2.638672 2.638672 2.638672 2.638672 2.638672 2.638672 2.638672 2.619141 2.623047 2.611328 2.587891 2.556641 2.521484 2.482422 2.341797 2.380859 2.466797 2.458984 2.447266 2.447266 2.447266 2.431641 2.337891 2.181641 2.193359 2.310547 2.373047 2.380859 2.345703 2.201172 2.150391 2.083984 1.951172 1.861328 1.830078 1.833984 1.830078 1.755859 1.716797 1.708984 1.701172 2.107422 2.107422 2.107422 2.107422 2.107422 2.107422 2.107422 1.845703 1.822266 1.927734 1.951172
2.638672 2.638672 2.638672 2.634766 2.634766 2.638672 2.638672 2.638672 2.638672 2.638672 2.638672 2.638672 2.638672 2.638672 2.638672 2.638672 2.638672 2.634766 2.615234 2.611328 2.599609 2.583984 2.564453 2.548828 2.529297 2.494141 2.361328 2.443359 2.455078 2.435547 2.419922 2.458984 2.447266 2.326172 2.263672 2.279297 2.380859 2.419922 2.416016 2.306641 2.115234 2.095703 2.001953 1.896484 1.798828 1.810547 1.865234 1.791016 1.669922 2.107422 2.107422 2.107422 2.107422 2.107422 2.107422 1.708984 1.951172 2.048828 2.111328 2.177734 2.201172 2.193359 2.107422
2.638672 2.638672 2.638672 2.638672 2.638672 2.638672 2.638672 2.638672 2.638672 2.638672 2.638672 2.638672 2.638672 2.638672 2.638672 2.638672 2.638672 2.630859 2.615234 2.603516 2.599609 2.587891 2.576172 2.564453 2.544922 2.537109 2.564453 2.548828 2.494141 2.494141 2.548828 2.580078 2.560547 2.478516 2.380859 2.388672 2.458984 2.529297 2.619141 2.587891 2.271484 2.005859 1.810547 1.646484 1.611328 1.693359 1.830078 1.904297 1.958984 2.048828 2.130859 2.181641 2.216797 2.236328 2.267578 2.287109 2.255859 2.267578 2.248047 2.228516 2.216797 2.208984 2.275391
2.638672 2.638672 2.638672 2.638672 2.638672 2.638672 2.638672 2.638672 2.638672 2.638672 2.638672 2.638672 2.638672 2.638672 2.634766 2.634766 2.630859 2.623047 2.615234 2.607422 2.603516 2.603516 2.607422 2.603516 2.615234 2.615234 2.623047 2.638672 2.580078 2.517578 2.544922 2.638672 2.638672 2.572266 2.505859 2.490234 2.505859 2.607422 2.638672 2.638672 2.388672 2.271484 2.267578 2.255859 2.263672 2.302734 2.365234 2.345703 2.298828 2.314453 2.373047 2.400391 2.412109 2.384766 2.341797 2.294922 2.232422 2.189453 2.173828 2.162109 2.158203 2.169922 2.240234
2.638672 2.638672 2.638672 2.638672 2.638672 2.638672 2.638672 2.638672 2.638672 2.638672 2.638672 2.638672 2.638672 2.638672 2.634766 2.630859 2.626953 2.619141 2.615234 2.607422 2.611328 2.615234 2.623047 2.603516 2.607422 2.623047 2.638672 2.638672 2.591797 2.568359 2.638672 2.544922 2.541016 2.603516 2.556641 2.494141 2.486328 2.638672 2.638672 2.638672 2.560547 2.498047 2.537109 2.556641 2.541016 2.544922 2.576172 2.529297 2.455078 2.447266 2.486328 2.482422 2.447266 2.396484 2.322266 2.236328 2.189453 2.146484 2.111328 2.111328 2.126953 2.138672 2.212891
2.638672 2.638672 2.638672 2.638672 2.638672 2.638672 2.638672 2.638672 2.638672 2.638672 2.638672 2.638672 2.638672 2.638672 2.634766 2.630859 2.630859 2.619141 2.615234 2.619141 2.619141 2.623047 2.615234 2.599609 2.599609 2.611328 2.630859 2.638672 2.638672 2.638672 2.638672 2.568359 2.556641 2.580078 2.572266 2.521484 2.529297 2.638672 2.638672 2.638672 2.638672 2.599609 2.603516 2.619141 2.623047 2.623047 2.615234 2.568359 2.505859 2.474609 2.513672 2.490234 2.443359 2.380859 2.275391 2.173828 2.095703 2.044922 2.025391 2.060547 2.107422 2.181641 2.267578
2.638672 2.638672 2.638672 2.638672 2.638672 2.638672 2.638672 2.638672 2.638672 2.638672 2.638672 2.638672 2.638672 2.638672 2.634766 2.634766 2.634766 2.623047 2.623047 2.626953 2.626953 2.623047 2.611328 2.599609 2.595703 2.599609 2.607422 2.619141 2.623047 2.638672 2.638672 2.619141 2.544922 2.533203 2.607422 2.517578 2.541016 2.638672 2.587891 2.552734 2.638672 2.630859 2.599609 2.580078 2.587891 2.576172 2.568359 2.548828 2.501953 2.462891 2.458984 2.451172 2.400391 2.341797 2.228516 2.111328 2.009766 1.974609 1.990234 2.052734 2.162109 2.279297 2.380859
2.638672 2.630859 2.634766 2.638672 2.638672 2.638672 2.638672 2.638672 2.638672 2.638672 2.634766 2.634766 2.634766 2.634766 2.634766 2.630859 2.634766 2.615234 2.619141 2.623047 2.623047 2.619141 2.607422 2.599609 2.595703 2.591797 2.587891 2.595703 2.638672 2.638672 2.638672 2.619141 2.537109 2.556641 2.630859 2.517578 2.548828 2.638672 2.544922 2.607422 2.611328 2.630859 2.556641 2.568359 2.568359 2.552734 2.537109 2.513672 2.466797 2.443359 2.408203 2.369141 2.314453 2.267578 2.201172 2.068359 2.021484 2.029297 2.064453 2.146484 2.275391 2.291016 2.361328
2.638672 2.638672 2.638672 2.638672 2.638672 2.638672 2.638672 2.638672 2.638672 2.638672 2.634766 2.634766 2.634766 2.634766 2.630859 2.626953 2.623047 2.615234 2.615234 2.619141 2.619141 2.615234 2.607422 2.603516 2.595703 2.591797 2.591797 2.587891 2.638672 2.638672 2.638672 2.634766 2.638672 2.541016 2.537109 2.552734 2.564453 2.638672 2.638672 2.580078 2.541016 2.591797 2.533203 2.548828 2.544922 2.482422 2.474609 2.455078 2.412109 2.376953 2.337891 2.287109 2.228516 2.197266 2.185547 2.099609 2.072266 2.115234 2.177734 2.271484 2.267578 2.349609 2.419922
2.638672 2.638672 2.638672 2.638672 2.638672 2.638672 2.638672 2.638672 2.638672 2.638672 2.634766 2.634766 2.634766 2.634766 2.634766 2.626953 2.626953 2.623047 2.619141 2.623047 2.623047 2.619141 2.607422 2.607422 2.599609 2.603516 2.615234 2.630859 2.638672 2.638672 2.638672 2.626953 2.634766 2.638672 2.537109 2.591797 2.576172 2.638672 2.638672 2.623047 2.583984 2.595703 2.517578 2.517578 2.505859 2.447266 2.431641 2.412109 2.376953 2.361328 2.310547 2.228516 2.169922 2.193359 2.259766 2.181641 2.142578 2.212891 2.302734 2.287109 2.326172 2.423828 2.486328
2.638672 2.638672 2.638672 2.638672 2.638672 2.638672 2.638672 2.638672 2.638672 2.638672 2.638672 2.638672 2.634766 2.634766 2.630859 2.623047 2.626953 2.626953 2.623047 2.623047 2.623047 2.623047 2.619141 2.619141 2.623047 2.630859 2.638672 2.638672 2.638672 2.638672 2.638672 2.615234 2.626953 2.638672 2.591797 2.638672 2.599609 2.623047 2.638672 2.638672 2.623047 2.638672 2.560547 2.541016 2.478516 2.451172 2.447266 2.423828 2.396484 2.365234 2.333984 2.244141 2.154297 2.197266 2.322266 2.287109 2.220703 2.283203 2.251953 2.291016 2.376953 2.451172 2.501953
2.638672 2.638672 2.638672 2.638672 2.638672 2.638672 2.638672 2.638672 2.638672 2.638672 2.638672 2.638672 2.638672 2.634766 2.630859 2.626953 2.626953 2.626953 2.626953 2.626953 2.630859 2.630859 2.630859 2.630859 2.623047 2.634766 2.638672 2.638672 2.638672 2.638672 2.634766 2.611328 2.623047 2.638672 2.638672 2.638672 2.623047 2.630859 2.638672 2.638672 2.638672 2.638672 2.599609 2.564453 2.513672 2.501953 2.478516 2.400391 2.373047 2.369141 2.349609 2.287109 2.189453 2.232422 2.369141 2.369141 2.279297 2.326172 2.240234 2.291016 2.384766 2.490234 2.615234
2.638672 2.638672 2.638672 2.638672 2.638672 2.638672 2.638672 2.638672 2.638672 2.638672 2.638672 2.638672 2.638672 2.634766 2.630859 2.630859 2.634766 2.630859 2.630859 2.630859 2.630859 2.634766 2.623047 2.626953 2.630859 2.634766 2.638672 2.638672 2.634766 2.638672 2.630859 2.611328 2.611328 2.638672 2.638672 2.638672 2.623047 2.638672 2.615234 2.638672 2.638672 2.638672 2.638672 2.583984 2.544922 2.513672 2.482422 2.443359 2.361328 2.326172 2.365234 2.353516 2.259766 2.271484 2.388672 2.388672 2.298828 2.302734 2.244141 2.314453 2.431641 2.525391 2.623047
