py_wake/examples/data/AJ_ParqueFicticio/Rough survey   Sector 7   Height 200m   Power density.grd
DSAA
73  159
 258469   265669
 6501692   6517492
 60.60076   582.905
[rows 56 to 83 of 159, columns 0 to 62 of 73]
212.1113 212.9065 211.49 211.0396 209.5027 210.4016 209.8624 210.1246 209.4634 210.2452 210.0727 210.2264 209.5363 207.1678 205.9812 205.7498 205.7407 205.42 204.5399 203.133 202.8508 201.475 200.482 200.9086 201.2174 200.6067 201.3854 203.5199 206.7273 209.0595 214.5999 223.5427 229.762 236.9194 242.4621 248.9759 253.5692 256.7917 257.0853 257.732 260.0151 262.4709 260.8907 254.7921 248.038 241.2107 237.1917 233.0232 230.8256 227.2459 221.6373 215.5915 212.6145 208.9809 206.0235 204.8525 206.2329 207.2884 206.3127 208.2237 211.3575 211.5313 212.3671
210.8004 210.6752 208.7658 208.9933 208.4046 209.9594 209.9583 209.2265 208.9565 208.827 208.9734 208.8582 208.8686 208.3896 207.1377 206.0058 205.9602 205.4039 204.6536 204.0413 204.0768 202.8257 201.5063 201.9931 201.4485 200.5738 201.2478 202.7938 207.0027 212.3588 220.8206 230.0424 236.7673 243.0552 248.9313 254.1859 257.0963 261.6268 261.9603 262.1423 263.3607 263.5912 259.1302 252.6741 247.2631 241.2238 232.0735 224.2 219.8784 217.5407 213.6586 207.0341 205.3546 204.2707 203.9956 205.87 207.2411 206.8019 203.8456 204.4765 207.3489 208.8326 211.9439
208.5515 207.2072 205.6798 205.1219 205.1497 206.6452 207.7015 207.3521 206.8804 206.5648 206.8078 207.1285 206.377 206.0964 205.5885 205.9299 205.497 204.918 204.6937 204.4637 203.3967 203.7784 202.898 202.628 202.2327 201.6061 201.1839 201.2231 204.0471 209.8196 216.1011 223.9532 230.2108 236.5138 241.9611 247.7356 250.3108 254.6844 256.8551 257.0471 258.0772 255.9262 250.7009 245.3784 240.3222 234.4166 223.7407 214.2711 209.3876 207.5534 204.3175 196.6818 197.1072 197.264 198.8126 202.4329 204.4368 205.6453 204.3031 205.6796 207.2568 207.9268 212.0325
209.5563 206.9508 203.583 202.2111 201.5719 203.1173 205.1928 204.9599 204.3065 204.5412 204.5244 203.7029 204.1439 203.9392 203.5632 204.3366 204.7179 203.9781 204.1114 203.2675 203.3292 203.5428 203.3853 203.3833 202.6155 201.9794 200.7657 199.8948 198.7372 200.7665 204.8473 209.9888 215.1869 221.4523 226.6398 232.4136 239.5296 243.9832 247.3931 247.635 246.9607 245.1267 240.3331 237.7758 233.1622 227.3423 217.1297 206.5811 200.5719 197.5617 194.4546 187.4275 187.7013 188.6226 191.245 195.7097 198.3314 201.1702 202.0252 206.4753 207.8017 206.3818 209.0859
212.4816 208.8875 204.6126 203.9918 202.1289 201.4108 202.5649 202.8016 202.5816 202.3406 201.694 201.2565 201.2901 201.7038 201.5143 202.0197 203.3737 203.5266 203.7797 202.7064 202.3654 201.1935 201.9297 203.0832 203.1211 203.9488 202.685 202.733 201.5926 199.5144 201.2548 203.8515 206.7516 211.283 216.149 221.1834 227.288 231.9379 233.8859 234.7935 233.0484 230.8259 229.9463 230.1428 227.572 222.7489 213.555 205.4878 196.6108 190.6649 185.8198 180.4956 180.4275 181.8345 184.2458 189.0071 193.2289 197.0646 197.4789 202.9055 205.2414 203.0885 202.8575
213.6564 209.1962 206.6266 206.7894 205.4454 203.3622 201.7104 200.9925 200.5066 200.9656 200.4229 200.1364 200.1467 200.1836 199.9885 200.605 202.0128 202.9384 202.3092 202.1571 201.4092 200.9997 200.8962 201.7354 202.5437 203.1799 204.4028 206.0569 207.7343 207.2071 207.299 207.7077 208.5863 212.1448 212.684 214.2692 218.8772 221.4558 222.4394 222.4221 220.7481 219.5062 220.1203 221.1701 220.0361 217.2661 211.4352 204.059 196.1956 186.9108 178.6725 173.8914 174.294 178.8286 179.207 182.4382 187.3045 191.2021 191.6186 196.2043 198.3471 196.6705 193.0818
213.6464 210.2675 210.0785 209.9862 208.6398 206.5515 204.2586 201.267 200.6492 200.2938 200.0682 199.7226 199.5249 199.1949 198.7324 199.0261 200.0311 200.7235 199.8038 200.3842 199.2971 199.7551 199.2078 200.4748 201.3764 202.8018 205.1922 208.0765 210.5795 211.1947 213.8796 214.18 214.8946 215.1463 213.4941 212.5656 214.5538 213.8903 213.5067 212.8847 212.2591 211.8721 212.4416 213.3148 211.9222 210.9038 207.1733 201.701 194.7901 186.4161 177.5813 170.7728 169.9084 174.5411 177.2857 177.3124 179.9968 182.9463 183.6054 188.1248 189.8519 188.1606 185.0264
212.7207 210.7954 211.4435 212.1359 210.9271 208.4718 205.5388 201.8041 200.3232 199.528 199.7555 199.9451 198.8208 198.0404 197.4732 196.9664 197.4658 197.3178 197.5496 196.9937 196.7581 195.9366 195.7989 197.2649 199.2962 201.2537 204.4715 207.6579 209.8298 211.6356 213.9577 215.9487 216.7985 217.0193 216.2076 213.4863 212.7031 209.9647 207.8053 206.0619 205.257 203.6185 203.4169 204.0092 204.5683 204.4628 202.2128 196.04 191.305 183.1085 174.8756 170.3226 168.6799 168.8423 171.3905 170.1018 169.0384 170.3127 170.8354 174.7448 177.5397 178.7611 179.0394
210.9733 210.5078 211.4273 212.1408 210.8998 209.027 205.621 202.1519 199.8778 199.2916 199.0037 198.6485 198.5111 197.1795 196.8537 195.9192 196.7665 196.2284 195.3432 194.7015 194.7211 193.2459 193.2592 193.9567 195.4255 198.0011 200.9322 203.6017 205.5592 207.3515 209.4236 212.2144 214.5497 215.9803 215.3529 212.2789 209.5932 206.8963 204.3548 202.5249 198.7623 195.7891 194.0439 194.4983 196.4989 197.9128 195.8282 190.0316 185.8578 181.046 175.278 170.8354 167.1866 164.0485 164.7301 164.4467 159.9778 157.8542 156.3777 158.4305 160.5751 163.2936 168.6532
209.5101 209.0886 210.4746 211.082 210.5259 208.5899 206.0857 202.6514 200.1999 199.4006 198.3974 197.7281 197.0802 196.3189 196.3563 195.3846 195.4997 194.8633 194.9769 194.405 193.4078 192.6218 191.9057 192.5054 192.4827 192.931 193.707 195.5857 197.3662 199.0022 200.701 203.8123 207.108 208.0138 207.8245 205.2964 202.0739 201.1654 199.4417 196.1125 193.2751 190.9982 188.8536 188.8388 190.5241 191.4351 189.7798 188.147 184.5161 180.462 179.0246 173.8114 168.2741 163.4556 158.9644 159.7717 157.1563 154.5664 151.78 149.1549 149.84 152.1026 156.471
208.5622 207.6947 209.0361 209.6922 208.5472 207.1116 205.5811 203.496 202.0359 200.023 198.2385 197.795 197.0177 196.0854 195.6576 195.5298 194.9897 193.9711 194.667 194.6445 193.7788 193.2083 192.777 192.0303 190.2652 189.3405 189.1351 189.7437 189.4529 190.6824 192.4532 195.3979 198.9982 200.1227 199.3674 197.479 195.6698 196.5723 193.3703 189.8509 187.984 186.9413 184.6361 183.8251 185.2833 184.8966 185.0397 185.3696 182.9718 179.7894 180.2677 179.1572 174.0275 167.4126 161.1865 158.1564 158.1485 157.5203 160.5302 159.4104 156.4514 154.5444 153.6448
206.8601 206.7053 207.9037 208.0237 207.6847 205.1758 203.3459 203.0165 201.4026 199.4242 198.0078 197.0803 196.5481 195.7402 195.0252 194.1287 193.3879 193.3399 193.6133 193.6035 193.5414 193.3804 192.6796 191.3044 189.3417 188.3405 187.0735 185.8818 185.1271 185.3413 186.3679 189.9214 193.2275 192.9665 192.5234 192.2828 191.366 192.9118 190.9279 187.9696 185.1906 182.8186 181.3684 179.487 178.1031 177.8905 180.1008 182.1819 180.661 177.896 178.3097 180.3692 177.6369 172.7153 166.1552 160.265 159.892 163.5474 168.5631 173.109 172.5778 168.4694 163.3001
204.742 206.0921 207.2533 206.5093 205.5024 203.163 201.876 201.5025 200.1004 198.4211 197.2307 196.1609 195.7498 195.4473 194.4316 193.0752 192.2051 191.885 192.1831 192.4535 192.2103 191.2564 190.8124 190.2579 189.5286 189.146 187.6742 184.6359 182.7971 181.1192 181.1365 184.8465 188.0068 188.5252 187.7246 189.1269 189.0801 191.2931 191.1161 188.5022 187.92 187.546 185.1952 180.8894 175.8167 172.9308 172.9183 173.747 170.6997 168.8784 170.3122 173.6033 173.0734 170.4658 166.2949 161.515 159.8077 164.2663 169.5787 175.6843 179.3631 179.1317 173.776
201.9801 203.3933 204.9729 204.7827 202.546 200.7623 200.525 199.5611 198.3478 196.7796 195.3025 194.3528 194.2449 194.3637 192.9061 191.8704 190.6465 191.2171 191.4855 191.2085 190.5722 189.8213 189.7614 189.526 189.9429 189.8468 189.1457 186.304 183.422 180.711 178.7201 179.7924 183.0312 185.0275 185.9366 187.9036 189.5401 192.608 193.5186 193.4522 195.4036 194.8926 191.1748 185.0654 178.9189 174.2928 170.5063 166.8759 162.1555 158.5665 157.5361 159.0045 159.2342 157.6976 157.0031 156.694 157.7042 162.1718 167.512 174.1448 180.4931 184.1754 184.259
197.8127 199.0741 201.4956 201.1555 199.3525 198.1945 198.9736 198.5094 196.6702 195.5829 193.4287 192.0331 191.9489 191.9267 191.7523 191.9893 191.885 191.0218 190.5546 190.2412 189.7165 189.9326 189.8018 190.0015 190.291 191.2605 189.1253 187.3794 185.3978 182.4057 179.8673 177.7258 180.2105 184.047 186.8701 189.3387 191.9657 195.3563 197.8004 199.3449 200.6812 200.2277 195.6996 189.6835 183.173 178.1581 171.6565 164.8782 158.5345 150.4126 146.1004 143.1576 142.3583 142.7094 146.1323 150.7822 155.7867 161.4157 168.3551 174.9954 182.9855 190.3242 193.4124
196.3212 196.3383 196.7401 196.886 195.8568 195.9229 197.0105 196.5556 194.7671 193.6156 192.0821 191.238 191.259 190.1848 190.1243 190.9259 190.7518 189.4079 188.3371 188.3988 188.3794 189.0428 189.1314 190.2613 190.255 190.8544 189.2004 187.7128 185.532 183.8524 182.8341 181.2631 184.2365 187.1465 189.6491 192.4548 195.9476 198.3038 200.9618 202.7406 201.5737 200.1398 196.6165 192.239 187.3758 182.4339 176.8925 169.369 161.6132 151.8062 145.4557 139.1922 137.5717 138.7557 141.0793 146.4308 154.1955 162.2954 169.261 178.0277 187.4856 195.9794 201.584
197.586 197.6935 197.1759 194.4926 192.9944 192.9614 194.7219 194.3186 192.7374 191.532 191.2302 190.4737 188.8153 187.3124 187.0098 187.526 186.7958 186.0502 185.318 185.4543 185.5706 185.7534 186.3437 187.1607 188.4073 189.0146 188.6589 187.4405 185.4854 185.7877 186.4415 185.396 188.3735 191.8192 192.65 194.6685 196.4745 197.8879 201.0695 200.9706 200.4728 199.6598 196.5474 193.1903 189.008 184.5935 179.4818 174.0451 167.4398 159.476 156.1922 152.4461 150.576 148.6259 147.579 150.4326 156.828 160.7098 168.2142 177.8336 189.2857 200.1908 209.4902
199.837 199.3286 197.0703 193.6748 191.2021 190.4873 192.0488 191.0528 188.9662 189.3027 188.9659 188.2227 185.7596 184.2918 182.755 183.0383 182.382 181.4582 181.0568 180.9456 181.0675 180.8192 181.2287 182.1161 183.146 184.384 185.7457 186.2177 187.0258 188.5802 190.1202 190.1427 191.9104 194.8577 195.3293 193.9554 194.3919 195.5904 199.0971 200.4654 200.8072 199.9293 196.4927 192.1702 188.0427 182.2215 177.3747 171.2212 167.0653 163.2025 160.6577 160.9165 162.4928 162.0248 157.126 156.0264 158.2779 160.1533 163.4676 172.1359 184.2493 197.9131 208.4171
200.2381 199.1871 196.7193 193.8322 190.6028 188.9357 190.0309 187.6927 185.5374 185.8961 185.3295 185.1853 183.6261 182.1162 180.0997 178.8358 178.0292 177.5102 177.1979 176.7643 176.5682 176.3512 176.9628 177.4572 178.2774 179.2881 181.0673 183.0322 185.5273 188.5468 191.0016 192.0936 194.8166 195.7128 194.7475 193.4164 192.8194 192.8145 194.656 194.8506 195.2176 193.4708 190.4409 186.9713 180.9583 175.701 170.444 163.3711 159.4064 157.4821 155.8231 157.5378 160.5953 161.1388 158.2543 154.1754 153.6796 154.8154 157.9972 162.3397 170.822 181.6145 191.6799
198.1002 197.1352 195.9653 193.7639 191.1756 190.2261 187.8054 184.3998 181.9174 182.0194 182.0918 181.4253 180.7124 179.6165 178.1794 176.5257 175.0978 174.8342 174.7088 174.4845 174.1611 173.0761 172.7639 173.035 173.3275 173.7713 174.9885 175.7316 178.1307 180.7845 184.6539 187.4347 189.0647 191.452 192.1449 192.5313 192.1089 190.6006 189.1154 186.3341 182.0488 178.7298 176.2077 172.2031 167.5451 162.8447 157.6956 153.2072 150.6993 151.1936 149.3355 149.7097 150.2568 150.0144 148.4656 146.0829 144.2483 145.7628 147.7181 151.1131 154.7362 159.8472 169.8317
194.7212 194.2451 193.4505 192.1581 190.6451 189.2276 185.3324 182.066 179.6337 178.2861 178.212 177.7006 177.1606 176.671 176.2567 174.7292 172.9836 172.5154 172.5946 172.7372 172.4648 171.1505 169.9547 169.2866 168.5383 168.2239 168.3311 167.7795 169.2894 172.0188 177.3888 180.4249 182.56 186.3356 187.9647 189.0299 188.569 185.4188 180.6861 177.6798 173.5005 169.6347 164.5725 161.5489 157.1352 155.5556 153.6999 151.5571 150.5175 149.9118 147.4397 146.1514 144.4268 141.5494 140.0036 141.6242 141.2374 141.7829 142.0711 142.4142 142.9206 145.6761 151.6972
191.7365 191.083 190.1826 189.1825 187.4951 184.7404 181.9389 178.1589 176.3092 174.7545 174.6131 174.4592 173.987 173.5105 173.313 171.5535 170.4021 169.5114 169.8991 169.8717 170.3591 170.5871 169.6555 168.3429 166.8517 165.2209 164.2397 163.3785 164.2331 167.302 173.9274 177.4344 180.7525 183.6479 183.6454 182.4709 180.9623 177.8302 172.3804 168.6636 166.3613 163.6426 160.0764 159.1648 160.5662 163.5253 164.0337 163.1566 161.6595 157.6306 153.0922 150.6709 150.2001 150.49 150.6456 152.6332 151.7505 151.8962 152.9044 151.4427 146.9886 144.6528 148.4431
189.497 188.1465 187.0424 184.7392 183.2462 180.9345 178.3087 174.3054 172.5645 171.2392 171.1766 171.3966 171.2833 170.9022 170.2056 168.959 167.7322 166.2641 166.1991 166.3656 167.0818 167.8161 167.9381 167.2451 166.468 165.0502 164.7976 164.5069 166.6426 170.701 175.6614 177.8585 181.8706 182.5938 182.1738 181.6041 180.0027 175.3892 170.2339 167.4851 162.3488 159.9913 159.9757 163.6409 169.051 173.937 178.0225 179.0086 176.6594 170.0731 165.7645 162.4312 164.2516 167.7544 171.7576 174.606 175.5923 177.8834 177.2939 173.2016 167.0423 159.8716 162.0348
188.1917 185.4475 183.9478 182.2695 180.3174 177.4609 174.4536 171.0924 169.0406 168.1646 167.5664 167.5842 167.3438 167.1819 166.6581 166.4048 165.8081 164.3795 163.8296 163.323 163.26 163.2122 163.849 163.9166 164.6202 165.5024 166.8536 169.2817 172.3875 175.2242 177.7197 178.5573 180.1647 180.3568 179.2146 178.098 176.0328 172.1945 169.3483 167.9698 163.3781 162.4426 166.3399 170.9746 177.9971 183.4544 187.0188 188.1367 186.794 184.2721 182.7141 180.4317 182.6471 187.4815 192.2523 197.2475 200.6867 202.0095 200.0889 194.5088 189.2432 183.5885 178.9239
187.3607 184.3952 181.8179 180.4689 178.0307 175.077 171.6256 168.9437 166.2409 164.5567 163.1198 162.8417 162.3642 162.7175 162.9958 163.4132 164.0461 163.5793 162.9237 161.813 161.3027 160.2537 159.9313 160.4187 161.994 164.2068 167.9058 172.1587 176.5993 179.2434 178.6503 177.6927 177.8709 176.8588 174.1006 172.4213 168.6986 167.4169 165.3275 165.6563 166.1379 170.2513 176.8863 183.0663 188.6826 192.4835 193.3297 194.0142 195.9816 198.789 201.1095 201.99 203.5836 205.8571 208.537 210.8806 211.2491 209.9515 208.7365 206.2164 201.927 195.8718 190.6507
185.9162 184.4308 181.8874 178.8165 175.6956 172.5098 169.4252 165.7227 163.0021 161.1791 158.9661 157.3442 157.0624 157.5857 158.6097 159.6907 160.4529 160.9601 161.53 160.9807 159.9789 159.3288 158.0944 157.4564 158.1604 160.5643 164.9735 170.0378 174.4272 176.7692 176.6266 175.3922 174.6582 172.7617 171.4946 169.7576 166.2672 164.7526 162.4394 164.408 167.3839 173.7097 181.7469 188.6102 192.5424 195.8967 198.6756 201.2753 205.0506 208.855 211.8435 213.0299 213.6642 213.3233 212.5084 210.6571 209.5037 207.6104 208.4242 207.6105 205.0958 201.4443 196.0916
182.9724 181.5216 179.4751 176.6541 173.2984 169.8838 165.6109 162.5792 159.9843 157.5839 155.8233 154.3617 152.6053 152.2072 152.1196 152.0716 153.3302 155.2945 156.9238 157.6511 157.0721 156.9942 156.2268 155.9777 155.761 157.4503 160.8175 165.8063 169.5755 171.9191 173.5972 173.36 173.0593 172.1431 170.9703 169.4739 166.6329 164.0304 162.1281 162.7903 169.0007 176.516 182.9307 187.6926 190.7377 194.1284 199.0386 203.1501 208.1887 212.8671 215.4774 216.1831 213.9487 211.9512 208.5735 205.8533 204.7552 204.4061 206.0432 207.1785 205.9462 203.5985 198.9933
180.8433 178.481 176.5556 173.901 170.8465 167.184 163.7199 160.6015 156.8418 154.1224 153.1337 151.3002 149.1038 147.7954 146.5067 145.4255 146.0379 148.017 149.9017 151.2175 152.6788 153.6473 154.3563 155.0098 155.6095 157.1335 160.02 163.3597 166.2384 168.8995 171.5986 173.5945 174.081 174.9821 173.4293 172.4141 169.1794 165.7253 164.1243 167.7412 174.79 178.5917 181.1627 183.6356 185.3881 188.2626 192.6454 197.3583 203.1577 208.9583 212.5071 212.9535 210.4286 207.4374 203.7524 201.1749 199.7402 201.6293 203.9653 206.0982 206.3333 202.8936 199.5378
