py_wake/examples/data/AJ_ParqueFicticio/Rough survey   Sector 10   Height 30m   Weibull-A.grd
DSAA
73  159
 258469   265669
 6501692   6517492
 .2976033   13.27785
[rows 112 to 139 of 159, columns 0 to 62 of 73]
7.625926 7.996041 7.711009 7.773165 8.275402 8.686406 9.013344 9.517594 10.10428 10.43693 10.99393 11.71324 11.34724 10.25308 9.258339 7.659174 7.216896 7.791836 7.401773 5.397463 5.685629 6.323236 5.67237 5.722253 8.140234 9.715036 9.917579 9.195168 7.765524 6.519205 5.860705 5.712502 5.665789 5.715277 5.430414 4.960559 4.598087 5.900623 8.136574 9.579038 10.45067 10.5809 9.416064 7.371351 6.071534 5.040531 4.463764 4.033739 3.827976 5.178848 7.054527 7.689969 6.648218 5.442193 4.632525 4.467765 4.443669 4.363042 4.197967 3.338564 1.194037 1.282927 1.558497
7.356821 7.989467 8.056854 8.053963 8.443785 9.042064 9.490328 10.02243 10.51123 10.74242 11.2833 11.8155 11.41159 10.16507 8.886738 7.35392 7.803547 8.57994 8.351143 6.406518 4.853212 5.00543 5.027393 5.492391 7.908381 9.713739 9.622056 7.975741 6.661209 5.907632 5.311526 5.738923 6.318243 6.282944 6.207894 5.996706 5.616693 6.409335 8.265412 9.58335 10.77805 11.07332 9.749453 7.50103 6.200332 5.201272 4.686417 4.300376 3.950341 4.298646 5.749968 6.503958 5.972775 5.222922 4.633536 4.521409 4.443018 4.412033 4.220173 3.627815 2.261709 1.6328 1.965285
7.492202 8.11987 8.299987 8.299903 8.565436 9.290325 10.14426 10.5308 10.79789 10.96391 11.58616 12.02124 11.30596 9.736751 8.269672 7.485982 8.549737 9.448363 8.630759 7.192775 5.647407 3.750152 3.618191 4.806317 7.159093 9.11426 9.154241 7.317042 5.774628 5.23988 5.080003 5.401339 6.384181 6.520726 6.73701 6.993871 7.137574 7.5605 8.835436 9.732847 10.78764 11.26188 9.818524 7.726476 6.355354 5.582621 5.025188 4.543626 4.350467 4.353656 4.929542 5.459219 5.323178 5.020005 4.757326 4.569265 4.395069 4.315104 4.114785 3.714478 3.066913 2.147597 2.118262
8.023476 8.391887 8.48384 8.573316 8.834555 9.699019 10.53936 10.77641 11.04209 11.30469 11.78236 12.0127 11.13798 9.186715 7.96531 7.906788 9.079862 9.84787 9.102622 7.833683 6.95684 5.613881 2.998535 2.59411 5.742471 8.039893 8.482701 6.61623 5.172349 5.053457 5.069735 5.385964 5.831594 6.10488 6.631978 7.780856 8.569392 9.05748 9.63963 9.832554 10.5284 10.99732 9.597323 7.879869 6.51319 5.897718 5.269985 4.699229 4.420025 4.38534 4.540795 4.741948 4.658132 4.789603 4.738872 4.56465 4.396125 4.204308 3.999738 3.661949 3.358872 2.778934 2.529071
8.382758 8.661761 8.767201 9.031216 9.383286 10.30169 10.84463 11.01767 11.35192 11.63857 12.04029 11.62172 10.67295 8.890309 8.139356 8.428419 9.236934 9.835978 9.285295 8.416003 7.687414 6.859537 5.375087 3.217886 3.920564 6.567752 7.508512 5.96308 5.103934 5.228564 5.27316 5.154004 5.270163 5.839233 6.686932 8.154372 9.76383 10.20889 10.28628 9.84942 9.973348 10.10513 9.150976 7.901152 6.818522 6.099421 5.319988 4.692678 4.23236 4.013196 4.196869 4.44282 4.432611 4.443664 4.642181 4.525493 4.398145 4.109183 3.861412 3.58775 3.484521 3.051514 2.921465
8.545074 8.694457 8.827511 9.17693 9.957609 10.69833 11.01539 11.31126 11.51255 11.87506 11.59412 11.11992 10.13835 8.726228 8.503754 9.039471 9.339168 9.732656 9.259731 8.579905 7.765167 6.869993 6.234642 5.266576 4.263492 4.978082 6.020292 5.280622 5.021063 5.486124 5.22166 4.610734 4.920952 6.207698 6.89103 8.576783 10.60823 11.14259 10.66344 9.488896 9.145617 8.973121 8.57456 7.708752 6.844628 6.360309 5.635682 4.836027 4.201758 3.798765 3.913029 4.307035 4.42586 4.380853 4.416714 4.395163 4.377034 4.106985 3.71327 3.309881 3.348148 3.252383 3.224366
8.582223 8.679067 8.99506 9.596767 10.32825 10.88647 11.21248 11.65563 11.81898 11.82758 11.26732 10.47627 9.398656 8.407039 8.715034 9.550012 9.730608 9.545974 8.870337 8.219286 7.32598 6.310384 6.263906 6.163432 5.514905 4.589592 4.641393 4.518043 5.247766 5.702671 5.151021 4.158836 5.296323 6.607985 6.8077 8.722898 11.12683 11.93606 10.76495 8.631484 7.95903 7.913266 8.017349 7.786087 6.638694 6.404752 5.902781 5.015248 4.51859 3.939008 3.903439 4.339705 4.453921 4.479467 4.433853 4.396136 4.340521 4.293328 3.763483 3.233048 3.186838 3.297182 3.463463
8.222982 8.515384 9.103802 9.856133 10.58859 11.03376 11.38287 11.85697 11.94314 11.67736 10.76395 9.656467 8.939445 8.300366 8.87908 9.876275 10.29578 9.546824 8.60453 8.020934 7.104338 5.9486 5.67449 6.559961 6.436701 5.384355 4.145907 4.238408 5.019627 5.715625 4.656304 4.164874 5.843393 6.628516 6.778072 8.920433 11.39548 12.609 11.21955 8.137035 6.643671 6.655928 7.147521 7.82094 6.553149 6.019701 5.717149 5.125929 4.743633 4.234044 4.032655 4.285242 4.497783 4.520667 4.50251 4.545048 4.429866 4.451026 3.922448 3.211279 2.838135 3.302144 3.427356
8.232343 8.638178 9.262918 10.06094 10.65602 11.11064 11.43715 11.66959 11.76168 11.68592 10.84363 9.142185 8.258761 7.856337 8.538741 9.817137 10.47049 9.851258 8.701583 7.921821 6.893997 5.706592 5.220529 6.371427 6.943493 6.106483 4.723769 4.23423 4.57829 5.115635 4.383102 4.47386 6.243411 6.230078 7.064429 9.388026 11.4703 12.59064 11.82739 8.716616 6.332628 5.445871 6.251521 7.372698 6.709086 5.816638 5.376143 5.088124 4.846525 4.520179 4.19775 4.250899 4.333621 4.493183 4.461499 4.533927 4.458897 4.343498 3.61461 3.079693 2.893248 3.27554 3.396079
8.813489 8.807686 9.456678 10.27398 10.73811 11.13223 11.62316 11.34956 11.003 11.03685 11.19498 9.731484 8.198892 7.66896 8.036073 8.933348 9.729149 9.623665 8.858984 8.284376 7.326613 5.906504 5.077803 5.863833 6.483876 6.002358 5.551548 4.95574 4.390258 4.334971 4.140849 5.037098 5.892395 5.953607 7.764295 9.840841 11.54598 12.21337 11.57499 9.015726 6.838922 5.229486 5.405289 6.501096 6.397296 5.840326 5.465963 5.18665 4.981638 4.789354 4.510666 4.161346 4.311266 4.360963 4.415375 4.484399 4.551604 3.95005 2.845609 2.486972 2.90075 3.182862 3.594235
9.368588 9.357517 9.757113 10.52449 10.90769 11.07248 11.53815 10.85488 9.471515 9.582333 10.9095 10.31142 9.12728 8.386712 8.106441 8.251425 8.859199 8.858741 8.496853 8.138674 7.702971 6.411215 5.569864 5.621867 5.981093 5.895613 5.633419 5.616329 4.984555 3.987824 4.105037 4.926476 5.345393 6.58477 8.417349 10.29102 11.6685 11.46132 10.47599 8.618563 7.157363 5.501393 5.1024 5.776938 5.875457 5.677172 5.550317 5.434879 5.233361 5.116755 4.855979 4.34411 4.202293 4.328299 4.342842 4.338777 4.241975 3.128949 2.363869 2.6616 3.654818 3.922857 4.063001
9.930799 10.19358 10.60351 10.94592 11.33639 11.24025 10.95433 10.44222 8.225286 8.184716 10.08799 10.03161 9.619906 9.241019 8.932134 8.445419 8.458016 8.2334 7.988215 7.832726 7.529038 6.808106 6.184285 5.670445 5.49637 5.643943 5.659731 5.899622 5.366069 4.109521 3.76731 4.182498 5.357354 7.18499 9.110481 10.87731 11.59771 11.05295 9.42925 7.762521 6.8482 5.891963 5.32938 5.356549 5.535997 5.522087 5.392095 5.377043 5.333404 5.267335 5.10812 4.679348 4.392457 4.23634 4.088521 3.857409 3.40679 2.359246 2.678405 3.352949 4.20535 4.344982 4.312603
10.59215 11.17243 11.44783 11.70078 11.86999 11.72743 10.89804 9.445349 7.285667 7.012908 9.23232 9.425875 9.617858 9.588695 9.354763 8.677871 8.502448 8.320745 8.034912 7.850053 7.684307 7.494256 6.902372 5.832449 5.309572 5.607003 5.680652 6.042009 5.382554 4.199369 3.40443 3.918793 5.794065 7.652993 9.447411 10.93675 11.35026 10.50382 8.951439 7.111969 6.163974 5.90196 5.723813 5.702381 5.547058 5.309979 5.349342 5.302208 5.142491 5.136349 5.171042 4.891087 4.554012 4.044517 3.694548 3.168509 2.427021 3.057047 3.050764 3.368418 4.267611 4.64283 4.685175
11.00995 11.79094 12.35444 12.32697 12.39791 11.74707 10.95059 9.175687 6.748604 6.10719 7.751404 8.48138 9.322136 9.594544 9.213099 8.673345 8.244715 8.344877 8.185334 8.203677 7.817153 7.766061 7.168325 5.884512 5.072047 5.400475 5.962745 6.63346 6.17304 4.470296 3.337325 4.003397 5.887039 7.806684 9.620543 10.78228 10.8755 9.90726 8.540411 6.859315 5.861645 5.636747 5.676253 5.814142 5.788727 5.543438 5.537177 5.375919 4.881375 4.897297 4.983168 4.759838 4.18456 3.350253 2.569083 3.000628 3.113889 3.487297 3.582934 3.440697 3.92588 4.806209 4.98755
11.2966 11.9116 12.7492 12.97958 12.63293 11.78798 11.11344 9.578876 7.233867 5.555517 6.354319 7.294784 8.692314 9.296745 9.149051 8.595585 7.906942 8.047755 8.457405 8.745836 8.23245 7.969314 7.131502 5.897712 5.192334 5.36181 6.262771 7.054122 6.947545 4.923699 3.296335 3.614541 5.563311 7.705925 9.471675 10.36765 10.20604 9.572727 8.260132 6.563426 5.871968 5.729763 5.606821 5.814921 5.675904 5.590033 5.644439 5.756562 5.036417 4.612105 4.555725 4.087945 2.157948 1.509899 2.556062 3.146585 3.489425 4.334617 4.721426 3.61481 3.506263 4.851904 5.151551
11.59926 12.19855 12.83686 13.27785 12.53099 11.471 11.17213 10.31964 8.244724 6.210764 5.650235 6.151891 7.673017 8.514136 8.854027 8.84213 7.536588 7.592856 8.62495 8.686853 8.1474 7.771693 6.739285 5.952068 5.747178 6.124937 6.713462 7.25693 7.185075 5.471497 3.415111 3.390007 5.693363 7.766419 9.069516 9.659903 9.456841 9.142729 8.033708 6.392068 5.60566 5.739726 5.783304 5.834801 5.721901 5.570723 5.440456 5.816257 5.652525 4.679826 3.676274 2.578481 1.791875 1.546296 2.058099 3.539999 4.721636 5.667574 5.497519 3.586941 3.445862 4.857353 5.072838
11.44985 12.1583 13.04346 12.9972 12.4269 10.93091 11.02252 10.52174 8.854698 7.576731 6.319289 5.447304 6.373722 7.503241 8.635915 9.273868 7.795768 7.136254 8.083426 8.236877 7.663487 7.506108 6.37133 5.811542 6.360711 6.967363 7.433621 7.317135 7.102838 5.98415 3.390875 3.650701 5.915793 7.497402 8.633951 8.919443 8.64386 8.333912 7.602022 6.365647 5.771832 5.764369 5.768921 5.847266 5.947857 5.667623 5.429391 5.482304 5.733202 5.032053 3.405071 2.447178 2.32636 2.456806 4.578556 5.186535 5.80341 6.24905 5.809194 3.733535 3.501615 4.490115 4.800415
10.85438 11.55261 12.23215 12.32502 11.77947 10.58233 10.84654 10.39066 8.964567 8.195191 7.246627 5.727473 5.458992 6.411613 8.206122 9.388359 8.63553 7.22415 7.281168 7.372261 7.026098 7.162178 6.02807 5.616339 6.646776 7.516385 8.062288 7.428357 6.999074 6.056722 4.04145 3.879202 5.427797 6.906697 7.978895 8.164883 7.721963 7.411633 7.192232 6.364002 6.005929 5.778046 5.883397 5.792425 6.021243 5.805006 5.646453 5.359277 5.350964 4.938026 3.233605 2.361898 2.57663 4.296408 5.526556 5.767203 5.943902 6.409456 6.045542 4.280823 3.661022 3.779154 4.118521
10.38581 10.7728 11.17987 11.13196 10.3231 9.934906 10.84626 10.11501 9.199315 8.514538 7.694501 6.327643 5.256435 5.56009 7.193072 8.854041 9.156547 8.032449 6.797533 6.561239 6.560085 6.817032 5.64381 5.357317 6.797128 7.7735 8.44374 8.109315 7.431084 6.29804 4.858543 4.146136 4.808115 5.72116 6.957621 7.27191 6.834935 6.90474 7.076356 6.99569 6.325957 5.839906 5.998955 6.011208 6.02698 5.85296 5.78074 5.508417 4.950231 4.284227 2.802546 2.391908 2.377179 4.707134 5.911214 5.913245 6.01418 6.405887 6.455592 5.365238 4.101617 3.824533 3.905006
10.24896 9.873523 10.25848 10.09068 8.871768 9.221346 10.72881 10.41734 10.00636 9.286242 8.385468 7.239553 5.865505 4.847271 5.978138 7.863525 9.180348 8.751351 7.29402 6.223355 6.058331 6.309331 5.466128 5.20683 6.530076 7.794425 8.669012 8.912117 8.195137 6.829005 5.699338 5.058545 5.286902 5.173858 5.875324 6.256559 6.313884 6.570358 6.906538 7.106241 6.426227 6.190688 6.086608 6.342805 6.411226 6.036103 5.708128 5.425077 4.713151 3.407938 2.499134 2.213025 2.783597 4.73309 5.690848 5.770236 5.871298 6.335248 6.383553 6.217606 5.093786 4.218254 4.217185
10.0535 8.978242 9.206587 9.254596 8.044552 8.686868 10.22107 10.39037 10.67304 10.11966 9.053636 7.955657 6.812999 5.194816 5.075312 6.84357 8.685507 8.9333 7.796345 6.452177 5.605392 5.875835 5.364176 5.15179 6.305768 7.866205 9.035737 9.646537 8.740458 7.038784 5.869184 5.993822 6.360259 6.170226 5.330732 5.317027 5.851313 6.20857 6.64388 6.975925 6.727375 6.535166 6.309193 6.561075 6.675984 6.322064 5.952311 5.377289 4.098893 2.554787 2.600094 1.888416 3.124642 4.60523 5.339825 5.544316 5.698507 6.27635 6.513159 6.641125 5.949828 4.790878 4.794187
9.806633 7.975868 7.911676 8.240281 7.441786 8.278761 9.613357 10.417 10.65785 10.50363 9.311248 8.111256 7.135964 6.00476 5.024296 6.004917 7.914206 8.339269 7.782534 7.003832 5.798317 5.427664 5.143101 5.142973 6.341412 8.025964 9.265788 9.609177 8.690687 7.006402 5.880756 6.262709 7.024939 6.999551 6.009275 4.994501 5.171582 5.682879 6.156497 6.562239 6.747871 6.53731 6.459052 6.730114 6.877608 6.534213 6.024314 5.541317 3.723675 2.432863 2.81076 2.531343 2.739135 4.135825 5.209443 5.348918 5.479166 5.985404 6.350472 6.771721 6.270929 5.520848 5.364146
10.59685 7.670789 6.77119 7.168107 6.988196 8.133893 9.272042 10.08954 10.51334 10.79404 9.915941 8.649423 7.315257 6.234302 5.239533 5.597203 6.914632 7.528311 7.384139 7.176828 6.22087 5.521253 5.140243 5.198682 6.433855 8.078225 9.231222 9.497428 8.469635 6.99639 6.030686 6.31828 6.720493 7.120776 6.533583 5.524896 4.946562 5.256274 5.687323 6.277136 6.68243 6.676481 6.767417 6.842685 6.794768 6.312901 5.776635 5.364016 3.922705 2.576987 3.124478 3.156549 2.929152 3.535001 4.978538 5.16499 5.212775 5.644129 6.08853 6.689887 6.476309 6.055918 5.847728
11.00293 8.167456 6.124295 6.018569 7.03122 8.333263 8.845034 9.362587 10.2755 10.42718 9.887813 9.032465 7.976628 6.907477 5.805675 5.43017 6.271191 6.780495 7.088522 6.955276 6.311685 5.783599 5.203427 5.282586 6.720071 8.538164 9.216965 9.156039 8.111383 7.022592 6.404643 6.294246 6.581642 6.830179 6.555995 5.887537 5.296786 5.180038 5.488022 6.171201 6.675795 6.908669 7.017866 6.784753 6.504648 6.060652 5.377464 4.77275 4.086899 3.317634 3.42552 3.504048 3.38144 3.116325 4.537561 4.905966 5.01545 5.244918 5.813525 6.340587 6.571315 6.398705 6.284789
11.13233 8.750313 6.241445 5.463617 7.097808 8.413976 8.589637 8.906445 9.667623 9.842524 9.388028 8.920877 8.511423 7.40795 6.678803 6.050392 5.909045 6.354505 6.790528 6.611089 6.183187 5.926943 5.26241 5.313269 7.17353 9.044202 9.63298 8.806406 7.343633 6.70915 6.510013 6.559648 6.3388 6.442962 6.31203 6.035065 5.620826 5.098516 5.363303 5.879583 6.572631 6.989521 7.229656 6.388046 6.067701 5.611088 4.955369 4.768146 4.505507 4.250896 3.773948 3.72213 3.61189 3.502192 3.929902 4.545863 4.749528 4.95537 5.325915 5.970572 6.544933 6.567337 6.479985
10.73817 9.028548 6.460967 5.265159 7.019233 8.237469 8.638158 8.93722 9.32144 9.064363 8.634758 8.473289 8.487321 7.5564 7.001399 6.919737 6.24305 6.160884 6.278027 6.374493 6.13639 5.949254 5.232334 5.29234 7.456052 9.292687 10.0881 8.809572 7.011575 6.238532 6.302033 6.507998 6.469368 6.121579 6.119927 6.020032 5.737561 5.360761 5.385214 5.66083 6.373759 6.950301 7.163943 6.24287 5.78186 5.414376 5.104132 5.228355 5.28581 4.699747 4.164627 4.026586 3.775596 3.86664 3.772825 3.943968 4.339243 4.655712 4.832177 5.431756 6.287348 6.674535 6.656696
10.10175 8.790499 6.872149 5.224287 6.585334 7.838269 8.712782 9.076929 9.250574 8.709967 7.99965 7.924417 8.315168 7.405871 6.652018 7.043769 6.677806 6.312846 6.270609 6.280308 5.924204 5.9471 5.311382 5.63923 7.678041 9.307705 9.915982 8.8112 7.077247 5.980605 5.99305 6.265338 6.493903 6.263015 6.018291 5.918288 5.706809 5.634027 5.546616 5.482201 6.280799 6.885362 6.746258 6.188306 5.793323 5.582839 5.315251 5.368489 5.652891 4.812039 4.483006 4.552812 4.125925 4.000196 4.001394 4.00332 3.902682 4.046884 4.246278 4.82702 5.791658 6.512776 6.747532
9.622709 8.361097 7.153001 5.30082 6.13596 7.599312 8.835496 9.031487 8.905631 8.904115 8.194557 7.570459 7.727838 7.235127 6.572391 6.871646 6.642301 6.207883 6.814862 6.924153 5.820273 5.65549 5.257207 5.494097 7.520349 8.99853 9.785469 8.810029 7.109371 6.056238 5.832826 5.970063 6.369006 6.280401 6.095337 5.957463 5.896638 6.030017 5.941235 5.574129 6.219787 6.708698 6.438752 5.795865 5.688432 5.677816 5.503028 5.552382 5.500913 4.733855 4.724822 4.907773 4.875549 4.380289 3.950449 4.041099 4.251564 4.095885 3.590333 4.012743 5.087986 6.101901 6.76099
