py_wake/examples/data/AJ_ParqueFicticio/Rough survey   Sector 8   Height 30m   Weibull-A.grd
DSAA
73  159
 258469   265669
 6501692   6517492
 .06085515   11.45488
[rows 0 to 27 of 159, columns 0 to 62 of 73]
5.303753 5.280372 5.263747 5.24066 5.223773 5.194112 5.174748 5.15867 5.136503 5.103588 5.082859 5.052904 5.041565 5.013759 4.998901 4.978428 4.954318 4.911328 4.870212 4.758539 4.539313 4.632433 4.81313 5.404187 5.361403 5.239581 5.214128 5.363132 5.496532 5.529146 5.551257 5.533787 5.700272 5.721424 5.755158 5.912131 5.994096 5.915675 5.824597 5.754458 5.635021 5.488819 5.377057 5.235217 5.261706 5.237188 5.207767 5.137862 5.114201 5.078347 5.045064 5.009433 4.979194 4.968139 4.983342 5.013006 5.041747 5.077984 5.107369 5.146984 5.191944 5.243903 5.290316
5.169176 5.221073 5.23297 5.205441 5.18327 5.159907 5.141516 5.127291 5.097108 5.079108 5.045437 5.019409 4.997461 4.9855 4.980324 4.967074 4.947751 4.922748 4.885406 4.783534 4.741453 4.948697 5.225969 5.47197 5.419596 5.348252 5.35556 5.678572 5.555481 5.613205 5.628385 5.688097 5.842164 5.940817 6.00772 6.107102 6.137594 5.95155 5.836351 5.759859 5.61256 5.501213 5.433815 5.356411 5.31428 5.285867 5.248542 5.178076 5.125805 5.082318 5.021672 4.974336 4.937867 4.938009 4.961657 4.993309 5.034009 5.080957 5.134702 5.181085 5.233244 5.290708 5.35365
5.154837 5.187845 5.201429 5.168302 5.134619 5.113666 5.09294 5.084968 5.084824 5.054859 5.042814 4.986604 4.939074 4.925945 4.950785 4.953776 4.94156 4.931121 4.912603 4.840372 4.866202 5.074445 5.200038 5.289345 5.528565 5.640806 5.668896 5.728699 5.652984 5.692058 5.708502 5.787564 5.931627 6.105431 6.238349 6.282086 6.287232 6.146879 5.946775 5.838951 5.653617 5.490014 5.413478 5.34737 5.320179 5.266258 5.223905 5.185079 5.115648 5.034153 4.932585 4.872619 4.882103 4.943476 4.965693 4.991832 5.037933 5.089014 5.150739 5.209469 5.279242 5.355318 5.440401
5.206198 5.173186 5.132178 5.094128 5.079262 5.065006 5.041933 5.030304 5.030312 5.009247 4.993576 4.964136 4.926615 4.902417 4.884702 4.932982 4.929408 4.917675 4.90662 4.853354 4.894496 5.121332 5.238266 5.424258 5.52582 5.704625 5.803026 5.867004 5.781042 5.806411 5.831512 5.881176 6.075554 6.182919 6.255759 6.233703 6.207574 6.181406 6.083759 5.932497 5.582545 5.361991 5.360142 5.367962 5.254198 5.327852 5.218431 5.130537 5.046537 4.974985 4.915087 4.96929 4.977052 4.970357 4.968196 4.99257 5.041845 5.099657 5.170338 5.254952 5.35468 5.459988 5.567078
5.108053 5.05716 4.980451 5.004888 5.0246 4.995543 4.965331 4.953148 4.959721 4.939354 4.934769 4.915838 4.872873 4.863761 4.845288 4.887304 4.908512 4.913238 4.905432 4.85625 5.008925 5.074788 5.260499 5.392629 5.530106 5.701491 5.830386 5.819001 5.786779 5.84794 5.966508 6.069862 6.123343 6.019123 5.822099 5.473665 5.524055 5.638946 5.720159 5.333625 4.839416 5.07657 5.291972 5.444395 5.492447 5.457615 5.183334 5.08428 5.061842 5.058119 5.083578 5.066843 5.035021 4.990103 4.970031 4.982382 5.031797 5.103376 5.190812 5.308537 5.453534 5.629791 5.81451
5.03441 4.920954 4.878292 4.959192 4.95212 4.916354 4.839056 4.882802 4.889174 4.873036 4.879633 4.882106 4.804289 4.834568 4.825158 4.802315 4.874659 4.918888 4.993033 5.156617 5.229084 5.346889 5.355566 5.458754 5.561029 5.598268 5.70868 5.720681 5.699113 5.732176 5.807645 5.705328 5.302407 4.834459 4.691594 4.653289 4.612256 4.680377 4.670806 4.191842 4.229605 4.899965 5.35138 5.539276 5.513328 5.253905 5.063397 5.064649 5.121517 5.154907 5.200706 5.127113 5.045546 4.964926 4.925512 4.939505 5.003985 5.100079 5.219378 5.386014 5.615246 5.923799 6.33905
5.02489 4.997273 4.942276 4.97227 4.923453 4.843549 4.929639 5.025305 5.014977 4.987377 4.940128 4.845996 4.812547 4.845212 4.831982 4.782276 4.789414 4.874197 4.967802 5.110112 5.29745 5.392913 5.551617 5.644841 5.606466 5.526172 5.599804 5.590834 5.560228 5.526227 5.501042 5.232545 4.870301 4.765582 4.70909 4.629367 4.584185 4.421189 4.123192 4.132402 4.698578 5.37547 5.63799 5.632931 5.274379 4.948136 4.959925 5.142074 5.251291 5.231967 5.185276 5.077686 4.956883 4.877141 4.837468 4.869895 4.965793 5.084352 5.241145 5.504989 5.9003 6.009841 5.788579
5.048266 5.028607 5.026827 4.951652 4.99739 4.940429 4.991502 5.099144 5.108888 5.074733 4.993156 4.909132 4.86253 4.842827 4.826317 4.746914 4.688347 4.7747 4.866732 5.091853 5.359201 5.628781 5.809867 5.847777 5.641072 5.459358 5.527086 5.489717 5.423542 5.326498 5.202801 4.981795 4.827887 4.723351 4.644898 4.551663 4.484895 4.368443 4.305856 4.547328 5.146425 5.597253 5.594264 5.174118 4.550734 4.788859 5.211291 5.387073 5.479032 5.370977 5.203432 5.076148 4.794914 4.481726 4.593254 4.789693 4.928249 5.063217 5.263047 5.607325 5.5389 5.316194 4.879245
5.05263 5.019245 5.00069 4.894892 4.883496 4.917614 5.012595 5.108442 5.176332 5.125957 5.002629 4.934877 4.870969 4.840516 4.791259 4.691854 4.638107 4.631944 4.74657 4.902465 5.25876 5.385351 5.575981 5.717727 5.560569 5.393194 5.389832 5.424249 5.302017 5.141317 5.039675 4.866486 4.717396 4.595814 4.508738 4.393744 4.215632 4.223732 4.32805 4.517882 4.868435 5.09311 4.859946 4.261844 4.447666 4.992379 5.220977 5.114445 4.87885 4.669629 4.662188 4.500267 3.937937 4.008149 4.389282 4.742007 4.920912 5.055276 5.240363 5.191134 4.786666 4.331205 3.763693
5.06215 5.019678 4.967449 4.903003 4.887768 4.953933 5.197056 5.320057 5.259919 5.130795 4.936673 4.898765 4.865719 4.836706 4.737635 4.644802 4.609983 4.645981 4.682914 4.701906 4.822803 4.882928 4.758828 4.790978 5.233993 5.33156 5.313672 5.350171 5.159453 5.010637 4.932357 4.77479 4.595456 4.448802 4.310544 4.193489 4.233179 4.214726 4.222113 4.258483 4.067132 3.660799 3.459397 3.548867 4.315752 4.781096 4.693704 4.446625 4.232997 4.002826 3.972227 3.580136 3.320235 3.944269 4.588876 4.858771 4.987718 5.082249 5.196235 4.7659 4.290533 3.585977 2.827151
5.071108 5.037242 4.98184 5.004411 5.197491 5.273055 5.411736 5.566624 5.271885 5.017843 4.796897 4.774428 4.849925 4.849963 4.786471 4.71052 4.563036 4.622569 4.705818 4.682071 4.59362 4.560794 4.425253 4.519791 4.586358 4.882017 5.000381 5.054117 4.981937 4.942701 4.780015 4.62348 4.492959 4.329254 4.181932 4.195906 4.198133 4.173735 4.102257 4.096616 3.955702 3.719453 3.52089 3.507522 3.596554 3.888956 3.541384 3.538024 3.574526 3.333499 3.24654 3.124515 3.606451 4.423481 4.879184 5.146982 5.216305 5.303262 5.049877 4.596691 4.004561 3.361382 3.068536
5.118645 5.101972 5.094868 5.236865 5.255598 5.311986 5.338193 5.304581 5.115046 4.748217 4.562788 4.775376 4.792185 4.880134 4.849247 4.820196 5.073007 4.923355 4.665217 4.593913 4.440424 4.349296 4.402138 4.510967 4.554988 4.508259 4.648892 4.896432 4.951258 4.788029 4.558975 4.437479 4.342706 4.244033 4.138962 4.122998 4.131092 4.105217 4.041483 3.947924 3.861372 3.721098 3.597298 3.506521 3.330878 3.144172 3.032369 2.933797 2.820262 2.791626 2.88696 3.332277 4.086525 4.641286 4.921779 5.138985 5.17934 5.077297 4.892874 4.32154 3.702791 3.170806 3.091574
5.167072 5.193944 5.230432 5.262661 5.204866 5.20085 5.124774 4.9453 4.832887 4.578655 4.940205 5.28832 5.05694 4.782367 4.6882 4.694696 4.984008 4.88599 4.819346 4.69968 4.542421 4.609142 4.589131 4.540066 4.511157 4.475774 4.385293 4.59276 4.58225 4.290208 4.248971 4.171136 4.133251 4.082516 4.025961 4.008214 4.042489 4.007649 3.937047 3.808799 3.716539 3.644173 3.490963 3.361988 3.221622 3.195436 3.074049 2.934398 2.845517 2.842198 2.981146 3.279511 3.812832 4.232124 4.492771 4.303369 3.855564 3.405701 3.056173 2.746032 2.617727 2.411178 2.937078
5.220251 5.223667 5.179778 5.193851 5.161247 5.120616 5.036568 4.94687 4.85108 5.09547 5.414768 5.168218 4.955851 4.921629 4.878266 4.920426 4.816869 4.740975 4.871119 4.909452 4.95446 4.893659 4.685886 4.555151 4.467647 4.398694 4.315299 4.139711 3.981204 3.998348 3.990708 3.996807 3.952902 3.878984 3.877499 3.879846 3.932976 3.903774 3.824769 3.708073 3.550858 3.435266 3.295183 3.171003 3.037709 2.932577 2.868374 2.716531 2.73938 2.710282 2.832826 2.83166 1.852219 2.068609 1.911227 1.995207 2.876439 2.870442 2.824312 2.596661 2.187133 2.421818 2.770252
5.252821 5.216451 5.159683 5.160375 5.142499 5.080523 5.005798 4.966515 5.026662 5.104775 5.129773 5.074554 4.97555 4.940462 5.023936 5.068375 5.019189 5.074279 5.060572 5.026906 5.015058 5.068692 4.907591 4.568545 4.380085 4.328287 4.256538 4.166803 4.068374 4.007324 3.966022 3.909676 3.900525 3.762337 3.669324 3.719814 3.855407 3.801455 3.696032 3.493949 3.316987 3.177552 3.079564 3.033994 2.928307 2.814706 2.751493 2.652319 2.474672 2.51395 2.585603 2.514221 2.096657 1.174446 1.944181 2.604361 2.683345 2.842149 3.074385 .06085515 .4805094 1.051059 2.351907
5.251785 5.184851 5.150886 5.128385 5.113088 5.060862 5.007432 4.959846 4.951064 5.001775 5.046156 5.062759 5.042195 5.060277 5.221626 5.324614 5.244639 5.339022 5.226697 5.110956 5.160336 5.103878 4.9079 4.70932 4.396067 4.204305 4.202954 4.12333 4.030838 3.963556 3.922745 3.851926 3.693361 3.397773 3.389054 3.523177 3.631182 3.693756 3.597656 3.40456 3.255078 3.254104 3.175713 2.993846 2.819426 2.680008 2.652226 2.647702 2.584889 2.439238 2.419947 2.367347 2.233131 2.174016 2.323301 2.330123 2.561877 2.434942 2.38945 1.888079 1.489845 1.727931 1.846558
5.220796 5.170212 5.129609 5.124104 5.099569 5.07487 5.025531 4.999483 4.988523 5.023157 5.039468 5.083575 5.154606 5.231027 5.311041 5.292747 5.285577 5.23172 5.134082 5.046009 5.018692 4.993901 4.847979 4.701563 4.606001 4.407243 4.08083 4.022052 3.92257 3.839872 3.830755 3.787581 3.473682 3.191528 3.875576 4.02075 3.921368 3.724549 3.476526 3.015382 3.025827 3.171017 3.03354 2.882344 2.713252 2.641816 2.640104 2.602228 2.455223 2.264133 2.120019 2.208856 2.183223 2.242296 2.463501 2.897968 3.575462 4.017101 4.30908 4.446045 4.355935 3.979702 3.283444
5.207117 5.156709 5.126369 5.114658 5.105278 5.078828 5.061216 5.028962 5.029873 5.031887 5.063801 5.095951 5.213112 5.223014 5.190412 5.168832 5.127397 5.097347 5.055908 4.997137 4.944315 4.924452 4.849172 4.759727 4.709712 4.642091 4.482202 4.134723 3.910786 4.122966 4.333767 3.883318 3.446418 3.816442 4.47809 4.526344 4.38989 4.211495 3.826321 3.353837 3.050065 2.952116 2.715621 2.567364 2.462077 2.517113 2.535424 2.735798 3.1291 3.383961 3.37896 3.255527 3.325521 3.613619 4.026206 4.381671 4.665046 4.860794 4.840112 4.717443 4.544719 4.305332 3.884951
5.22366 5.151333 5.144369 5.110049 5.106428 5.081227 5.072941 5.070534 5.056811 5.055298 5.101626 5.15605 5.210656 5.131682 5.126396 5.123613 5.07572 5.039722 5.019106 4.980914 4.93535 4.905401 4.8865 4.908 4.98807 4.936989 4.845464 4.848863 4.819993 4.944391 4.706842 4.232967 4.165218 4.672975 4.973044 4.896077 4.809578 4.512875 3.992367 3.362493 3.26157 3.331436 3.37065 3.518379 3.650454 3.747013 3.627282 3.779781 4.14887 4.241535 4.082035 3.870389 3.919822 4.184643 4.410194 4.665008 4.609758 4.609369 4.538935 4.449952 4.414888 4.258093 3.960279
5.231494 5.170849 5.1359 5.096908 5.083054 5.079804 5.082118 5.094614 5.088811 5.09024 5.146311 5.151354 5.160972 5.109561 5.085946 5.082701 5.057352 5.012237 5.009149 4.990769 4.962971 4.935943 4.962759 5.003397 4.979575 4.941618 5.017433 5.100978 5.291524 5.222414 4.597999 4.396158 4.995615 5.196034 5.011838 4.891109 4.679912 4.400473 3.705479 3.325819 3.762629 4.167511 4.453938 4.559873 4.663862 4.642344 4.453201 4.57919 4.830705 4.695825 4.395633 4.150541 4.141677 4.266735 4.330348 4.328274 4.41313 4.44438 4.311747 4.272213 4.259403 4.196841 3.997477
5.206047 5.186301 5.119547 5.053944 5.041406 5.063216 5.073814 5.095155 5.121256 5.120703 5.103384 5.116096 5.10975 5.077524 5.055349 5.056461 5.05795 5.012747 5.030837 5.02748 5.007261 4.98112 4.980088 4.954546 4.948328 4.917947 4.942742 5.021381 5.069832 4.888777 4.350413 4.57138 4.946688 4.697175 4.780314 4.954298 4.80177 4.395227 3.475887 3.920078 4.634688 4.951174 4.94381 5.184943 5.032833 4.767497 4.726834 4.951511 4.93622 4.541347 4.26355 4.159352 4.239069 4.117722 4.149328 4.129203 4.137144 4.145095 4.116143 4.164399 4.207737 4.276599 4.262602
5.149628 5.107848 5.086327 4.987338 4.996119 5.039329 5.074388 5.096288 5.125942 5.097591 5.052272 5.068009 5.082291 5.055402 5.029047 5.042233 5.063868 5.057877 5.053571 5.015981 4.986434 4.959606 4.960536 4.935333 4.910022 4.886625 4.869792 4.851137 4.619797 4.170556 4.353943 4.656137 4.753765 4.883971 4.899464 4.708629 4.435999 4.092168 3.704903 4.534245 5.125343 5.070644 4.992228 4.857913 4.70394 4.551176 4.633531 4.762021 4.602857 4.22204 3.971795 4.037813 4.063942 3.965714 3.963717 3.949327 3.888212 4.014412 4.083417 4.200197 4.39563 4.630529 4.734349
5.08779 5.032145 5.010183 4.980626 4.996582 5.024931 5.068065 5.088008 5.115376 5.067052 5.000164 5.012423 5.036251 5.038885 5.029071 5.012367 5.069058 5.00966 5.008645 4.986784 4.96351 4.931162 4.919198 4.904572 4.876675 4.817496 4.736603 4.683199 4.453603 4.264003 4.628344 5.035781 5.198158 5.018476 4.864633 4.436447 4.160293 3.989492 4.1988 4.73668 4.968515 4.839878 4.699785 4.582186 4.518998 4.517221 4.479225 4.357927 4.09983 3.917998 3.726683 3.676719 3.814706 3.73935 3.823301 3.849055 3.987701 4.188086 4.431962 4.71423 4.983034 5.143777 5.104565
5.064394 5.014285 5.040927 5.067258 5.038516 5.040705 5.065944 5.08205 5.0854 5.034499 4.973044 4.985082 4.998876 5.014388 5.030972 5.02747 5.030817 4.976777 4.960231 4.968122 4.950826 4.91362 4.890114 4.886058 4.846643 4.754045 4.628946 4.475092 4.368536 4.475371 5.169387 5.139127 5.092596 5.001273 4.735021 4.375565 4.201708 4.225507 4.493351 4.680122 4.79214 4.476647 4.437703 4.286786 4.302888 4.214169 4.140597 4.001659 3.747537 3.549474 3.451627 3.496366 3.647314 3.639537 3.742157 3.97661 4.294788 4.561806 5.026088 5.549315 5.700532 5.598037 5.394418
5.069551 5.047688 5.09852 5.094403 5.066996 5.053598 5.057126 5.06953 5.066216 5.002267 4.978236 4.97162 4.997292 5.007371 5.024234 5.026745 5.019102 4.980539 4.94545 4.9444 4.939567 4.913335 4.871319 4.876277 4.842816 4.767598 4.641846 4.50208 4.562124 4.854255 5.239699 4.94599 4.842371 4.787576 4.562478 4.371467 4.330657 4.401167 4.522458 4.639561 4.347753 4.247534 4.17295 4.067394 4.087679 3.940388 3.870283 3.749684 3.561422 3.39731 3.237812 3.313267 3.605243 3.761161 3.94879 4.284232 4.75916 5.237721 5.909937 6.339071 6.249881 5.875833 5.477039
5.041618 5.051868 5.083998 5.105362 5.114923 5.066641 5.048547 5.041972 5.042556 4.988789 4.983104 4.996116 5.001772 5.005732 5.021991 5.011615 4.995944 4.974532 4.939281 4.92837 4.932924 4.934875 4.887611 4.893153 4.901266 4.876546 4.784023 4.689778 4.797853 4.993886 4.981354 4.786877 4.723297 4.582471 4.392974 4.543263 4.351574 4.382582 4.46084 4.428076 4.44399 4.565262 4.238768 4.165767 3.950173 3.795354 3.741114 3.592767 3.509451 3.315259 3.273149 3.381117 3.700842 4.036037 4.258548 4.776921 5.444674 6.088278 6.677598 6.744444 6.320938 5.773973 5.190223
5.090756 5.122735 5.121658 5.113401 5.10744 5.104278 5.059183 5.035318 5.023158 5.054144 5.037383 5.030011 5.017443 5.018939 5.012904 5.006629 4.991336 4.97155 4.945859 4.920205 4.927843 4.951744 4.960533 4.937229 4.857683 4.793506 4.842626 4.785378 4.771333 4.819481 4.759089 4.711893 4.675176 4.63116 4.44721 4.374629 4.322219 4.401726 4.575316 4.624797 4.47856 4.424817 4.27281 4.169867 4.00635 3.821768 3.628612 3.378162 3.330525 3.329438 3.355694 3.539191 3.996637 4.535658 4.735713 5.24794 6.126744 6.843931 6.834668 6.492939 5.895072 5.289217 4.559076
5.138951 5.16018 5.1426 5.134119 5.116164 5.099463 5.076252 5.052358 5.077499 5.116587 5.106303 5.078645 5.048032 5.03622 5.030124 5.004065 4.98953 4.966251 4.956069 4.945599 4.930464 4.974568 4.919466 4.891104 4.827216 4.727376 4.671247 4.689855 4.684591 4.648061 4.661171 4.658949 4.543913 4.469514 4.253431 4.247177 4.387654 4.471916 4.428863 4.402921 4.266479 4.19726 4.291845 4.106983 3.975874 3.764765 3.416258 3.333439 3.210562 3.266571 3.540427 3.882085 4.526053 5.109376 5.228475 5.638986 6.416405 7.025377 6.69066 6.063933 5.174945 4.492444 3.787587
