py_wake/examples/data/AJ_ParqueFicticio/Rough survey   Sector 5   Height 200m   Orographic speed.grd
DSAA
73  159
 258469   265669
 6501692   6517492
 .6967462   1.35949
[rows 56 to 83 of 159, columns 0 to 62 of 73]
1.003256 1.005849 1.007729 1.009343 1.010596 1.009864 1.009051 1.008815 1.007929 1.006853 1.005364 1.00401 1.003406 1.000677 .9956071 .9944597 .9943311 .9942783 .9940438 .9947894 .9925395 .9887607 .9882572 .990181 .9904789 .9916246 .9918818 .993111 1.00024 1.011258 1.018141 1.011463 .995028 .9891263 .9907373 .9945538 .991288 .9720114 .9439327 .9314113 .935596 .9401545 .9375732 .9349642 .9367219 .9471018 .9584209 .9715452 1.000106 1.041993 1.08914 1.124568 1.128251 1.108823 1.098488 1.128682 1.17267 1.188047 1.160314 1.116729 1.085822 1.094989 1.141629
1.00108 1.005255 1.006527 1.007534 1.009834 1.009785 1.009077 1.00843 1.007238 1.0055 1.003872 1.002419 1.001017 1.00147 .9978045 .9951113 .9946661 .9947281 .9946305 .9955626 .9945142 .9917015 .9899664 .9904818 .9903358 .9907255 .991437 .9908479 .9948009 1.008276 1.020347 1.016004 1.001435 .9925124 .9946676 .9978312 .9970072 .9820656 .9568982 .9400926 .9393725 .9434523 .9446732 .9449421 .9504332 .9601674 .9645178 .9670345 .9864645 1.023605 1.069996 1.104368 1.111614 1.097033 1.088444 1.119094 1.164867 1.183272 1.159521 1.115056 1.080303 1.080008 1.122907
1.000591 1.003849 1.005029 1.004932 1.006332 1.007783 1.007034 1.006702 1.005269 1.003438 1.001407 1.000117 .9989921 .9998313 .9983523 .9964884 .9952673 .9946204 .9946663 .9956605 .9946883 .9940708 .9923357 .9901486 .991129 .9914591 .9916536 .9912199 .9922454 1.002124 1.016324 1.013502 1.001246 .9930159 .9921756 .9968191 .9989068 .9855618 .9638699 .9462236 .941843 .9420477 .945058 .9525534 .9620593 .9705706 .9713818 .9694374 .9810431 1.008195 1.047781 1.080629 1.092816 1.081553 1.075503 1.106059 1.151334 1.176477 1.161488 1.119986 1.079695 1.067285 1.10231
1.003505 1.004945 1.007432 1.006688 1.003069 1.003399 1.004369 1.004183 1.003044 1.001233 .9996143 .9980149 .9968487 .9976446 .9974033 .996389 .9953143 .9949397 .9947014 .9952027 .99485 .9943489 .9935602 .9924895 .9916607 .993005 .9948692 .9953169 .9947778 1.000828 1.008417 1.006788 .99669 .9860132 .9866503 .9913837 .9938237 .9864971 .9674561 .9490336 .9411865 .9397863 .9419787 .95621 .9724236 .9808305 .9805108 .9759174 .9779778 .9952207 1.024142 1.054035 1.071973 1.065451 1.059663 1.086828 1.131725 1.162032 1.156244 1.123549 1.083661 1.060753 1.083417
1.006853 1.007982 1.010464 1.011049 1.004692 .9997857 .9998582 1.001809 1.001084 .9996893 .9982081 .9964541 .99507 .9953485 .9950066 .9943526 .994077 .9942309 .9950227 .9954765 .9955125 .9927796 .9929287 .9923412 .9920324 .9947603 .998901 1.003495 1.007142 1.009487 1.011544 1.006442 .9967279 .9866964 .9829977 .9862637 .9875959 .9819016 .9671118 .9500313 .9389284 .9359331 .9413509 .957656 .9774378 .9882122 .9909805 .9886781 .9854838 .9877021 1.003775 1.027003 1.049476 1.050171 1.044246 1.066677 1.112326 1.145616 1.14459 1.120142 1.086344 1.060879 1.06831
1.010072 1.012204 1.01298 1.013432 1.009785 1.003201 .9994045 .999474 .9999713 .9994663 .9981494 .9969577 .9950843 .9936041 .9927359 .9922885 .9923141 .9933268 .9949428 .9957839 .9969563 .9943013 .9924644 .9913973 .9910261 .9944842 1.000605 1.009318 1.017366 1.022064 1.023209 1.015097 1.00441 .9950166 .9881109 .9871523 .9852172 .977886 .9635071 .9498372 .9384898 .9306043 .9345581 .9534913 .9756157 .9899749 .9963996 1.001868 1.002138 .993773 .9903221 1.003385 1.027461 1.037799 1.031552 1.047018 1.089982 1.127073 1.131227 1.11254 1.086378 1.063886 1.057355
1.012152 1.014826 1.015589 1.015569 1.012156 1.007671 1.002402 .9996151 .9995529 .999538 .9989096 .9973447 .995299 .99281 .991646 .9907737 .9900166 .9916562 .9928107 .9947352 .996241 .995659 .9925795 .9909798 .9907674 .9928726 .9993015 1.010304 1.022761 1.032391 1.034623 1.025814 1.014434 1.00728 .9988208 .993617 .9878439 .9764183 .960987 .9482014 .9368324 .9270285 .9292376 .9450614 .9701525 .9873509 .997272 1.007444 1.017058 1.01073 .9939008 .9882694 1.005541 1.020198 1.023508 1.031492 1.066359 1.103665 1.115835 1.104549 1.083628 1.066805 1.055883
1.01199 1.015595 1.017414 1.017318 1.01443 1.010219 1.005622 1.002477 1.000517 .9996754 .9997231 .9975305 .9950867 .993445 .9915355 .9902914 .9891772 .9891668 .9906111 .9921786 .994911 .9945853 .9920487 .9896708 .9896403 .9921416 .9968027 1.007929 1.022146 1.035892 1.040543 1.035442 1.026368 1.019737 1.013571 1.00451 .9953288 .980085 .9631885 .9484001 .9348677 .9251003 .9241124 .9374852 .9605286 .9826548 .9936835 1.006526 1.021183 1.024476 1.008766 .9897314 .9881293 .9998629 1.010704 1.018473 1.044017 1.079417 1.096531 1.091948 1.076979 1.064592 1.05766
1.010467 1.015101 1.01703 1.017594 1.016139 1.01309 1.009442 1.006546 1.002396 1 .9993812 .9977034 .9960504 .9941691 .9924906 .9906411 .9896538 .9890356 .9895406 .9911757 .9931877 .9945652 .9926127 .9888754 .9879591 .9891585 .9949289 1.005289 1.019618 1.034857 1.041885 1.039423 1.033393 1.028948 1.024786 1.017386 1.005452 .9887231 .9708361 .9535751 .9379755 .92466 .9198498 .9286796 .9509244 .9717594 .9862018 1.00211 1.016827 1.026533 1.023299 1.004306 .9844826 .9797895 .9916112 1.007747 1.027809 1.058946 1.078542 1.077757 1.069161 1.05641 1.050173
1.008013 1.012793 1.015164 1.016701 1.016932 1.015504 1.013181 1.010587 1.005544 1.000754 .9992878 .9977163 .9962036 .9951095 .9934686 .9912165 .9893006 .9895225 .9899732 .9913949 .9938331 .9956697 .9944595 .9909462 .9887773 .9883748 .9924444 1.00155 1.01397 1.026868 1.035501 1.035145 1.03438 1.035763 1.033482 1.027381 1.015992 .9969439 .9777833 .9612836 .944854 .9296052 .9198504 .9231964 .939406 .9581048 .9741621 .9938736 1.008709 1.021334 1.033136 1.024435 .9984894 .9736822 .9721251 .9912554 1.017116 1.044387 1.064713 1.068618 1.061479 1.047657 1.036027
1.00631 1.009958 1.013341 1.015854 1.016535 1.016774 1.015657 1.013454 1.008357 1.002125 .9993688 .9982447 .9964885 .9951547 .9942083 .9923215 .989907 .9891139 .9898134 .9912509 .994507 .9976245 .9971603 .9956675 .9940138 .9930206 .9956557 1.002515 1.010245 1.019307 1.026131 1.027399 1.030678 1.039597 1.039886 1.035219 1.025995 1.006322 .9846076 .9673358 .9504705 .9371454 .9238604 .9208624 .9286934 .9397172 .9601722 .984211 .9984924 1.008291 1.030656 1.039271 1.017521 .9840928 .9635182 .9730015 1.002522 1.034348 1.060818 1.074075 1.068408 1.051272 1.031322
1.005444 1.007815 1.011432 1.014714 1.016621 1.017033 1.015828 1.014473 1.0101 1.004811 1.001178 .9988922 .9974665 .9958666 .9938441 .9923242 .9905695 .9889815 .9883337 .9906114 .9935623 .9977826 1.00059 1.001259 1.000905 1.001552 1.001631 1.007305 1.0132 1.01887 1.021172 1.02271 1.026136 1.036907 1.04143 1.039679 1.034106 1.020372 .9979252 .9780318 .9582746 .9431525 .9303853 .921172 .9191094 .9249997 .9449998 .9718714 .9887484 .9958747 1.0194 1.039147 1.028348 .9989269 .9685529 .9586258 .9830154 1.020782 1.055896 1.079163 1.082482 1.069468 1.046605
1.003675 1.006521 1.009693 1.012944 1.016039 1.016966 1.016254 1.014786 1.011632 1.007111 1.003039 1.000258 .9979305 .997009 .9953029 .9940141 .9914379 .9889209 .9877112 .9892636 .9914683 .995059 1.001296 1.00482 1.007558 1.009796 1.012206 1.013993 1.018148 1.021585 1.021129 1.019632 1.022107 1.030337 1.038347 1.038765 1.037178 1.028992 1.010772 .9925244 .9758533 .9584937 .9427029 .9288726 .9164491 .9157357 .9313194 .9563879 .9731463 .9811742 1.004584 1.02503 1.022739 1.00259 .9747757 .9557383 .9662078 1.001909 1.039078 1.0703 1.085265 1.083639 1.065171
1.00226 1.00308 1.005872 1.010288 1.014101 1.016956 1.016054 1.015624 1.013276 1.009613 1.005132 1.000765 .9974402 .9968186 .9966788 .9954162 .9920579 .9885415 .9876669 .9878878 .9895022 .9933408 1.000624 1.006502 1.012239 1.016266 1.020412 1.024273 1.028142 1.030296 1.026635 1.018987 1.016374 1.022234 1.031589 1.034494 1.035694 1.030033 1.018778 1.006403 .992453 .9785122 .9617737 .9442258 .9267168 .9165142 .9234411 .9422333 .9578092 .9686141 .9867052 1.005227 1.007572 .9931755 .9710904 .9512261 .9509493 .9823604 1.020922 1.052555 1.074094 1.081345 1.074003
1.000959 .9997723 1.000784 1.006026 1.011179 1.015288 1.016167 1.016665 1.015058 1.012052 1.007262 1.001896 .9968982 .9958162 .9963276 .9964986 .9931562 .9895675 .9882286 .9879206 .9895975 .9924042 1.000416 1.008552 1.015351 1.022246 1.027785 1.032772 1.03863 1.041691 1.037617 1.026333 1.014301 1.015169 1.022476 1.028605 1.030408 1.028012 1.021938 1.017418 1.008183 .9931197 .9780599 .9591461 .942496 .9277492 .9255851 .9360293 .9497969 .9614362 .9751042 .9866967 .9923472 .980884 .957933 .9399831 .9408396 .9673089 1.004168 1.035435 1.060833 1.072266 1.072181
1.002733 .999585 .9971811 1.000162 1.005381 1.01154 1.014481 1.016308 1.016345 1.014058 1.009401 1.003589 .9982634 .9951031 .9950898 .9955817 .9953039 .9920706 .9888023 .9876251 .9878903 .9919549 1.000066 1.010926 1.018619 1.02673 1.033212 1.039959 1.047935 1.053551 1.050164 1.034607 1.019728 1.014319 1.017051 1.020371 1.023555 1.023074 1.022401 1.019592 1.015587 1.002908 .9867511 .9717927 .9571341 .942988 .9355596 .9385723 .9495115 .9637945 .9738138 .9794292 .9827552 .9707868 .9434268 .9206339 .9229609 .9513971 .986288 1.017915 1.044884 1.060543 1.064235
1.005572 1.001806 .9985292 .9974248 1.001099 1.006129 1.011531 1.01485 1.016245 1.015255 1.011083 1.005951 1.000523 .9963427 .9935255 .9944854 .99476 .9929674 .9899913 .9873367 .9858155 .9899846 .9975035 1.008624 1.019529 1.027565 1.036585 1.045933 1.055541 1.061716 1.060571 1.044433 1.026787 1.018447 1.015775 1.015516 1.0142 1.015108 1.016909 1.017346 1.017448 1.008573 .9952594 .9816056 .9680209 .9538182 .9444171 .9433987 .9541641 .968075 .9793038 .9854081 .9891557 .9788687 .9467947 .911448 .9039692 .9287928 .9619584 .9965101 1.025231 1.043614 1.052963
1.007403 1.004388 1.00134 1.00096 1.000793 1.00229 1.006979 1.012056 1.015372 1.015766 1.012784 1.008948 1.004326 .9995337 .9938363 .9918754 .9935356 .9919811 .9893049 .9861128 .9846665 .9881105 .9944232 1.005076 1.015447 1.024302 1.035079 1.048399 1.062985 1.07233 1.069576 1.056424 1.038252 1.025449 1.018781 1.012575 1.008286 1.007317 1.009347 1.01299 1.014451 1.011473 1.002691 .9906456 .9766551 .9625138 .9475037 .9437527 .9508915 .963716 .9754974 .986511 .9962319 .9942061 .9615833 .9196432 .8959092 .9068733 .9341661 .968273 .9983934 1.018583 1.031246
1.00948 1.007234 1.004704 1.004957 1.004705 1.000304 1.001975 1.008074 1.013876 1.015036 1.013147 1.010659 1.008056 1.004502 .9960604 .9902498 .9910331 .9905681 .9894183 .9866933 .9848363 .9874505 .9936319 1.002758 1.011564 1.020271 1.030371 1.046129 1.064608 1.077995 1.077092 1.064747 1.049034 1.033298 1.022319 1.013147 1.006365 1.002461 1.002527 1.005808 1.008068 1.006658 1.002872 .9962226 .9848557 .9720013 .9550477 .9447565 .9463404 .9569911 .966101 .9775599 .9901603 .9931361 .9711792 .9333526 .9019128 .893981 .909941 .9377915 .9659733 .9862857 1.000823
1.010141 1.008384 1.006998 1.007692 1.00809 1.003679 1.00057 1.005096 1.010998 1.012845 1.012098 1.010964 1.009421 1.008112 1.00146 .9924005 .9900753 .989825 .9899092 .9900544 .9877639 .9892852 .994049 1.001139 1.008788 1.016329 1.025534 1.040642 1.060758 1.07742 1.079886 1.067716 1.051597 1.036984 1.023805 1.013792 1.007255 1.002266 .9992087 1.000309 .9998932 .9991133 .9983031 .9974096 .9864636 .977311 .9632293 .948736 .9438332 .9495281 .9570962 .9673054 .9789792 .9824662 .971224 .944549 .911846 .8917272 .8923771 .9102858 .9325767 .9507275 .9654937
1.008911 1.007684 1.007013 1.00713 1.00893 1.006536 1.003299 1.005131 1.009614 1.010926 1.011092 1.01012 1.008784 1.008782 1.004842 .9967014 .9913183 .9899252 .9896834 .9910773 .9926572 .9943011 .9958967 1.001149 1.007125 1.014251 1.023288 1.037946 1.057721 1.074784 1.07901 1.067773 1.049694 1.034377 1.020781 1.011461 1.007189 1.002508 .9958028 .9974411 .9987127 .9950951 .9956033 .9951276 .9883435 .9809426 .9697742 .954667 .9470411 .944799 .9501148 .9596875 .9704577 .9750598 .9685617 .9502141 .9224983 .8969307 .882937 .8899621 .9044496 .9192795 .9325104
1.00801 1.007206 1.006149 1.005588 1.007796 1.008134 1.006409 1.006097 1.00816 1.009246 1.010134 1.010393 1.009195 1.008062 1.005564 .9995239 .9942033 .9901789 .9896399 .9914013 .9942093 .9984739 1.002384 1.005376 1.009025 1.016528 1.026545 1.042153 1.061137 1.075571 1.077323 1.066923 1.048345 1.033185 1.019523 1.008821 1.004829 1.000567 .9936156 .9934048 .9943164 .9939626 .9930196 .9933375 .9910572 .9858853 .9801762 .9679502 .9562942 .947955 .9488709 .9575499 .9713016 .9785308 .9734493 .9612285 .9403102 .9133107 .8951064 .8868337 .8888895 .8969436 .906178
1.008603 1.007221 1.005309 1.004744 1.007115 1.008748 1.008816 1.008309 1.007522 1.008089 1.008721 1.008736 1.009517 1.008245 1.006101 1.002715 .9974158 .991984 .9894279 .9903882 .992407 .9989061 1.005522 1.009312 1.013429 1.020801 1.033474 1.050578 1.068927 1.079126 1.079284 1.063737 1.044831 1.031122 1.019714 1.011921 1.007535 1.003388 .9980357 .9940261 .9902099 .9905619 .9917015 .9936389 .9908521 .98823 .9842232 .9793073 .9718298 .9582376 .9548326 .9610558 .9730674 .9821835 .9811363 .9733273 .95571 .933853 .9156093 .9005828 .8920918 .8932909 .8994957
1.010787 1.008754 1.006254 1.005747 1.006643 1.009287 1.011043 1.010592 1.008333 1.007731 1.007328 1.007487 1.008079 1.008114 1.006892 1.004309 1.000464 .9956772 .9916518 .9908496 .9915715 .9968367 1.003629 1.009508 1.014571 1.023805 1.0389 1.060505 1.078339 1.08642 1.079911 1.060684 1.039483 1.025992 1.015697 1.008829 1.006835 1.003546 .9996442 .9975594 .9915594 .9895197 .9902434 .9903611 .9894994 .9867169 .9831115 .9785092 .9747165 .96742 .9638018 .9659243 .972889 .9820938 .9866126 .9814331 .9677102 .9505857 .9311343 .9142227 .9035669 .9006561 .8987722
1.013256 1.011845 1.008785 1.006543 1.008359 1.010765 1.012506 1.011868 1.011094 1.009792 1.00709 1.00512 1.006325 1.006358 1.004728 1.003517 1.002403 .9988177 .9964398 .9946243 .9940208 .9979034 1.001953 1.007549 1.013001 1.023535 1.041754 1.065785 1.086907 1.095148 1.082012 1.059649 1.037208 1.0227 1.012478 1.00349 .9999382 .9959576 .994509 .9934856 .9921712 .9902028 .9875853 .9860262 .9870904 .983938 .9773725 .9707711 .9714758 .9707012 .9698179 .9703225 .9742794 .9809088 .9854224 .9837208 .9706292 .9539953 .9358044 .9193233 .9077461 .9009988 .8972944
1.013864 1.014088 1.011788 1.008496 1.009002 1.011629 1.014431 1.014488 1.013836 1.013118 1.009982 1.004612 1.003906 1.002784 1.002071 1.001906 1.001553 1.000599 .9998321 .9979981 .9991258 1.001581 1.004296 1.007286 1.012787 1.0226 1.040895 1.066063 1.0884 1.0965 1.083123 1.058534 1.034673 1.02101 1.01091 1.002012 .9949276 .990958 .990506 .9923645 .9922118 .9900408 .9868232 .9828112 .9814296 .9772778 .9710832 .9676264 .967003 .9686093 .9702164 .9719434 .9753166 .9800596 .9839202 .9813874 .9688253 .9525578 .9352657 .9192403 .9074594 .89874 .8937116
1.013487 1.01475 1.013856 1.012103 1.011296 1.012879 1.01516 1.016697 1.017202 1.016337 1.014543 1.008394 1.002212 1.000713 .998233 .9966965 .9974297 .9971707 .9984759 1.000278 1.001418 1.00405 1.00743 1.012263 1.01678 1.025658 1.041409 1.064237 1.085221 1.092451 1.078707 1.05786 1.035744 1.021412 1.011343 1.000527 .993573 .9876382 .9893904 .9936963 .9938972 .9903555 .9836417 .9765993 .9732726 .9677067 .9608141 .957277 .9580801 .961502 .9667864 .971633 .9766272 .9810215 .9837021 .9800121 .9670434 .950426 .932824 .9169545 .9049414 .8956698 .8887517
1.014804 1.013852 1.01452 1.014636 1.014629 1.015495 1.017166 1.019298 1.019585 1.01893 1.016822 1.010926 1.005628 1.002747 .9995221 .9953417 .992372 .9923729 .9939169 .9976254 1.000962 1.004123 1.009809 1.016641 1.024858 1.0356 1.048554 1.065679 1.080105 1.083847 1.073254 1.057018 1.039259 1.024888 1.015551 1.001055 .9930037 .9892528 .9919924 .994729 .9948274 .9910171 .9784326 .9680877 .963943 .9571449 .9482712 .9447106 .9435645 .9490236 .958402 .9685497 .9757041 .980496 .9823565 .9769414 .9641539 .947327 .9287739 .9120381 .8991849 .890625 .8821394
