py_wake/examples/data/AJ_ParqueFicticio/Rough survey   Sector 8   Height 30m   Mean speed.grd
DSAA
73  159
 258469   265669
 6501692   6517492
 .05389789   10.15042
[rows 0 to 27 of 159, columns 0 to 62 of 73]
4.701984 4.681256 4.666376 4.64591 4.630939 4.604496 4.587331 4.572943 4.553292 4.523981 4.505478 4.478799 4.468613 4.443966 4.430797 4.412651 4.391415 4.35331 4.316864 4.21788 4.023562 4.105977 4.266138 4.78976 4.750858 4.641535 4.620355 4.751841 4.870036 4.899156 4.918627 4.902833 5.050553 5.06988 5.100284 5.239395 5.311628 5.241515 5.160944 5.098796 4.992845 4.863202 4.764178 4.638205 4.661674 4.640147 4.614184 4.552144 4.531282 4.499414 4.469925 4.438356 4.411473 4.401679 4.415053 4.441068 4.466448 4.498466 4.524498 4.559508 4.599336 4.64545 4.686565
4.582538 4.628397 4.639092 4.614687 4.594885 4.574175 4.557736 4.545126 4.518236 4.502281 4.472434 4.449236 4.429657 4.418919 4.414331 4.402587 4.385594 4.363432 4.330333 4.240035 4.202972 4.386433 4.63206 4.849837 4.803417 4.739556 4.745348 5.030607 4.921947 4.973298 4.986644 5.039549 5.176049 5.263921 5.323969 5.41204 5.438929 5.2738 5.17172 5.103939 4.973297 4.874632 4.814911 4.745986 4.708252 4.683277 4.650311 4.587975 4.541564 4.503034 4.4493 4.40726 4.374949 4.37489 4.395752 4.423537 4.45951 4.501018 4.548627 4.589636 4.635842 4.686746 4.742502
4.569963 4.598538 4.610983 4.581616 4.551757 4.533183 4.514676 4.507608 4.507348 4.480785 4.470108 4.420282 4.377903 4.366132 4.388033 4.3908 4.379972 4.370854 4.35444 4.290536 4.313432 4.497893 4.609076 4.688233 4.899737 4.998326 5.023094 5.075521 5.008129 5.042847 5.057518 5.12746 5.255092 5.40941 5.527809 5.567253 5.572262 5.447431 5.26996 5.174408 5.010045 4.86494 4.797002 4.738312 4.713882 4.665903 4.628482 4.594291 4.53266 4.460563 4.370567 4.317327 4.325542 4.379734 4.399328 4.422309 4.462986 4.508076 4.562674 4.614623 4.676428 4.743818 4.819186
4.615784 4.586093 4.549458 4.515862 4.502684 4.489913 4.46946 4.45902 4.4589 4.440103 4.426337 4.400365 4.366982 4.345278 4.329338 4.372255 4.369087 4.358802 4.349136 4.301922 4.338512 4.539453 4.642838 4.807687 4.897436 5.055635 5.14219 5.198057 5.121579 5.144158 5.1665 5.210092 5.382189 5.477833 5.542601 5.523692 5.501514 5.478176 5.391638 5.257725 4.947184 4.751616 4.749741 4.756558 4.655752 4.720682 4.623844 4.546064 4.471535 4.408233 4.355265 4.402982 4.409667 4.403644 4.401546 4.422964 4.466369 4.517424 4.579887 4.654769 4.743035 4.836315 4.931245
4.528769 4.483648 4.414959 4.436489 4.453963 4.428337 4.401425 4.390502 4.396204 4.378151 4.373953 4.357307 4.319346 4.311016 4.294292 4.331645 4.350566 4.354755 4.348083 4.304611 4.439818 4.497941 4.661911 4.779006 4.900467 5.052723 5.166312 5.155633 5.126661 5.180744 5.285687 5.377048 5.424331 5.332299 5.15766 4.848902 4.893811 4.996105 5.068759 4.726716 4.288632 4.498685 4.689109 4.824061 4.866979 4.836113 4.593177 4.505187 4.485305 4.481896 4.504565 4.489528 4.461222 4.421329 4.40326 4.413938 4.457468 4.520573 4.597816 4.701961 4.830333 4.986506 5.150194
4.463478 4.362889 4.324926 4.396113 4.389333 4.358139 4.289491 4.327892 4.333426 4.319122 4.32497 4.327037 4.258432 4.284904 4.276451 4.256092 4.320323 4.359637 4.425856 4.570987 4.635093 4.738976 4.746038 4.837238 4.927515 4.960749 5.058233 5.068417 5.048995 5.077906 5.144414 5.053413 4.696949 4.282434 4.155881 4.121584 4.084693 4.145093 4.137681 3.714855 3.748322 4.342184 4.741321 4.907797 4.88502 4.655714 4.486896 4.487897 4.538183 4.567658 4.608352 4.543141 4.470865 4.399223 4.364002 4.376039 4.432754 4.517516 4.622875 4.770309 4.973234 5.246509 5.614398
4.455038 4.430411 4.381652 4.408244 4.364562 4.293353 4.369407 4.454336 4.445046 4.420582 4.378837 4.295156 4.265387 4.294225 4.282499 4.238332 4.244321 4.319682 4.402756 4.529508 4.695693 4.779905 4.919776 5.002139 4.967666 4.896749 4.961641 4.953375 4.925953 4.895554 4.872903 4.634852 4.314183 4.221716 4.171522 4.10076 4.060328 3.91557 3.651847 3.661813 4.163416 4.762367 4.995047 4.990888 4.673744 4.384758 4.395205 4.556287 4.65296 4.635837 4.594567 4.499344 4.392301 4.32164 4.286288 4.314457 4.398843 4.503392 4.641863 4.875314 5.225338 5.322374 5.126553
4.475762 4.458191 4.456613 4.389832 4.430247 4.379751 4.4245 4.519914 4.528423 4.498276 4.425966 4.351363 4.309811 4.292224 4.277714 4.207106 4.154655 4.231069 4.312623 4.512339 4.749509 4.98842 5.148508 5.182103 4.998928 4.837774 4.89733 4.863888 4.805054 4.718886 4.6093 4.413417 4.276991 4.184383 4.114659 4.031929 3.972722 3.869511 3.814189 4.028226 4.558438 4.957826 4.955826 4.584793 4.032603 4.243616 4.61784 4.773053 4.854632 4.759342 4.610768 4.497981 4.248779 3.971166 4.069989 4.243402 4.365445 4.484461 4.661005 4.966074 4.905474 4.708079 4.321085
4.479488 4.449891 4.433306 4.339513 4.32941 4.359525 4.443584 4.528417 4.588463 4.543809 4.434487 4.374306 4.317404 4.290543 4.246882 4.158416 4.110234 4.103901 4.205373 4.343224 4.658875 4.771527 4.940654 5.066981 4.927969 4.779635 4.775937 4.805992 4.697691 4.555206 4.465251 4.311616 4.179351 4.071399 3.994042 3.89198 3.733936 3.741165 3.833564 4.001264 4.311553 4.510475 4.30469 3.776605 3.94127 4.423247 4.625495 4.531303 4.32266 4.137572 4.131171 3.987692 3.489411 3.551539 3.889253 4.200987 4.358815 4.477247 4.640902 4.598019 4.240506 3.836465 3.333168
4.487929 4.450274 4.403837 4.346704 4.333066 4.391722 4.606703 4.7156 4.662557 4.548232 4.376151 4.342547 4.313004 4.287287 4.19947 4.117182 4.085636 4.11671 4.148483 4.164706 4.271567 4.324645 4.214775 4.243295 4.637316 4.725013 4.708912 4.740905 4.571906 4.439932 4.370461 4.230751 4.071573 3.941392 3.818681 3.714982 3.749751 3.732807 3.739286 3.771334 3.603539 3.250042 3.065651 3.142968 3.82278 4.234787 4.157893 3.939627 3.750357 3.54643 3.519546 3.172363 2.942065 3.494774 4.06496 4.304116 4.417924 4.501135 4.601821 4.220912 3.800205 3.176311 2.503889
4.495871 4.465712 4.416595 4.436471 4.607492 4.674479 4.797417 4.93443 4.673164 4.447973 4.252246 4.232328 4.298882 4.299159 4.242759 4.175435 4.04459 4.096259 4.169447 4.147514 4.068281 4.039118 3.919034 4.002776 4.061781 4.324239 4.430436 4.478897 4.414711 4.379942 4.235888 4.096968 3.981032 3.835804 3.705191 3.71734 3.718828 3.696735 3.633013 3.62798 3.503283 3.294485 3.118767 3.107805 3.192765 3.445072 3.136262 3.133754 3.166588 2.953235 2.876254 2.768637 3.195681 3.917851 4.321187 4.558812 4.620605 4.697234 4.472745 4.071174 3.54674 2.977222 2.717952
4.537878 4.522961 4.516663 4.642396 4.659152 4.70899 4.732223 4.702426 4.534272 4.208968 4.044718 4.233043 4.24734 4.325414 4.298403 4.272653 4.496618 4.36397 4.133952 4.070205 3.933212 3.851759 3.898999 3.995042 4.033929 3.992597 4.118343 4.338941 4.387419 4.243204 4.040213 3.932441 3.84826 3.760552 3.66745 3.652975 3.659636 3.636293 3.579288 3.49632 3.419647 3.295419 3.185913 3.106287 2.95549 2.789825 2.686881 2.599181 2.497662 2.472301 2.556706 2.951828 3.619411 4.110342 4.358869 4.551113 4.587049 4.497337 4.334327 3.828804 3.280746 2.809456 2.738435
4.580673 4.604496 4.636842 4.665264 4.614178 4.610469 4.543029 4.383799 4.284276 4.058784 4.379153 4.687733 4.48263 4.238638 4.155296 4.160935 4.417238 4.330851 4.271648 4.165243 4.0245 4.082541 4.064184 4.020714 3.995096 3.963768 3.883645 4.068085 4.060338 3.802131 3.765585 3.696411 3.662747 3.617607 3.567409 3.551431 3.581277 3.550092 3.487183 3.373171 3.291396 3.227308 3.091621 2.978129 2.857038 2.832033 2.723507 2.59895 2.520089 2.517132 2.640668 2.907789 3.379092 3.750824 3.981546 3.814732 3.416727 3.017419 2.706653 2.432118 2.319161 2.136259 2.601099
4.627817 4.630845 4.591937 4.604413 4.575363 4.539344 4.464836 4.385191 4.300542 4.517197 4.79982 4.581271 4.393021 4.362563 4.324004 4.360652 4.268876 4.201952 4.317537 4.351513 4.391407 4.336076 4.149972 4.034065 3.956608 3.895581 3.821768 3.666403 3.52692 3.542855 3.536254 3.541744 3.502838 3.437254 3.435613 3.437471 3.484259 3.458197 3.388092 3.28442 3.144754 3.042289 2.918226 2.809005 2.694231 2.600846 2.542677 2.407777 2.426939 2.402055 2.513406 2.521762 1.682474 1.904164 1.791509 1.835573 2.548754 2.54344 2.502566 2.299945 1.954644 2.154943 2.459054
4.65669 4.624448 4.574122 4.574736 4.558743 4.503801 4.437428 4.402605 4.456055 4.525301 4.547063 4.498244 4.410483 4.379257 4.453123 4.492513 4.448915 4.497746 4.485459 4.455619 4.445117 4.49241 4.348516 4.046333 3.879062 3.833318 3.76995 3.690845 3.604076 3.550415 3.514134 3.464369 3.456424 3.33389 3.251094 3.295235 3.415351 3.367558 3.274348 3.095382 2.938188 2.8142 2.727283 2.68743 2.594071 2.494339 2.437386 2.350356 2.197338 2.235694 2.301219 2.245773 1.910859 1.169689 1.789628 2.306527 2.377658 2.518371 2.72415 .05389789 .4255752 .9308963 2.122839
4.655772 4.596434 4.566323 4.54623 4.53267 4.48624 4.438876 4.396693 4.388778 4.43373 4.472945 4.487662 4.469434 4.485462 4.628352 4.719638 4.648608 4.732265 4.632705 4.530118 4.573885 4.523725 4.350024 4.173674 3.894232 3.723388 3.722531 3.652447 3.57089 3.511637 3.475702 3.413114 3.273012 3.011224 3.002832 3.120257 3.215855 3.271881 3.187259 3.017006 2.884258 2.882533 2.812442 2.651436 2.496914 2.373425 2.348984 2.345717 2.294186 2.176635 2.158749 2.110872 1.995045 1.940911 2.058479 2.064675 2.270028 2.183156 2.174901 1.771227 1.319518 1.530385 1.63545
4.628151 4.583457 4.547316 4.542435 4.520686 4.498657 4.45492 4.431698 4.421983 4.452684 4.467142 4.506113 4.568946 4.636684 4.707608 4.691392 4.684893 4.637157 4.550615 4.472551 4.448339 4.426249 4.296914 4.167021 4.082324 3.904987 3.61422 3.562575 3.474977 3.402056 3.393904 3.35618 3.07858 2.828442 3.433837 3.561954 3.473346 3.299058 3.080201 2.672195 2.681386 2.809077 2.686635 2.552613 2.40287 2.339707 2.338191 2.304581 2.178245 2.029556 1.912353 1.967895 1.935083 1.985966 2.18191 2.566901 3.167661 3.55884 3.818369 3.939615 3.86239 3.537076 2.929043
4.616025 4.571339 4.544443 4.534062 4.525746 4.502166 4.486553 4.457829 4.458637 4.460423 4.488585 4.517084 4.620936 4.629582 4.600684 4.581416 4.54469 4.518055 4.481325 4.429233 4.382299 4.364694 4.297971 4.218572 4.174243 4.11431 3.972496 3.663613 3.464809 3.652792 3.840063 3.441623 3.054417 3.382263 3.967505 4.010613 3.889441 3.731547 3.390927 2.97213 2.702931 2.61613 2.405749 2.273668 2.180501 2.229243 2.245454 2.423299 2.771142 2.997057 2.992453 2.883258 2.946 3.20128 3.56653 3.880856 4.131382 4.304809 4.286492 4.177931 4.025664 3.815303 3.443972
4.630691 4.566574 4.5604 4.529976 4.526632 4.504292 4.496814 4.49468 4.482516 4.481048 4.522114 4.570356 4.618628 4.548627 4.543941 4.541475 4.498886 4.466979 4.448706 4.414854 4.374353 4.347808 4.331056 4.349987 4.420953 4.37568 4.294448 4.297461 4.27176 4.381231 4.171146 3.75181 3.691558 4.141352 4.40683 4.338844 4.261976 3.999255 3.538456 2.980118 2.890364 2.952279 2.987029 3.117869 3.234748 3.319852 3.213771 3.348816 3.67507 3.756934 3.615868 3.428686 3.472674 3.706944 3.906376 4.131482 4.082426 4.082319 4.020337 3.941405 3.910292 3.771583 3.507795
4.637636 4.583739 4.552758 4.518193 4.505912 4.503031 4.504948 4.515898 4.510755 4.512021 4.561723 4.566193 4.574589 4.529019 4.508088 4.505211 4.482605 4.442617 4.43988 4.423589 4.398834 4.374878 4.39852 4.434537 4.413424 4.379668 4.446861 4.520905 4.689783 4.628532 4.075348 3.896553 4.427768 4.604905 4.441665 4.334554 4.147389 3.899747 3.28375 2.947535 3.334397 3.693197 3.947026 4.040806 4.132957 4.113782 3.94608 4.057626 4.279822 4.1605 3.894795 3.677539 3.66915 3.779535 3.835449 3.83326 3.908284 3.936098 3.818939 3.784669 3.773236 3.717276 3.54022
4.615077 4.597436 4.538262 4.480107 4.468993 4.488326 4.497588 4.516377 4.539514 4.539023 4.523672 4.534811 4.529187 4.500622 4.480967 4.481815 4.483135 4.443069 4.459103 4.456128 4.43809 4.414921 4.413879 4.391242 4.38573 4.358689 4.380664 4.450241 4.493181 4.332836 3.855905 4.051533 4.384403 4.162799 4.23648 4.390553 4.255381 3.895411 3.078803 3.473502 4.107311 4.387671 4.381145 4.594721 4.459927 4.224584 4.188552 4.387643 4.373787 4.024188 3.778026 3.685694 3.755737 3.64786 3.675117 3.656877 3.663999 3.671388 3.64649 3.690164 3.728567 3.78792 3.774993
4.565062 4.528025 4.508813 4.421063 4.428847 4.467019 4.498096 4.517382 4.543667 4.518538 4.478366 4.492316 4.504848 4.481014 4.457517 4.469204 4.48838 4.48307 4.479254 4.445819 4.41963 4.395852 4.39655 4.374213 4.351779 4.330929 4.31601 4.299476 4.094334 3.696386 3.858718 4.126429 4.212018 4.327795 4.342074 4.172838 3.931231 3.626621 3.282475 4.018512 4.542378 4.493544 4.424052 4.304919 4.168473 4.033099 4.105874 4.219732 4.078693 3.741243 3.519495 3.577911 3.600977 3.513473 3.511117 3.497696 3.443453 3.555801 3.61818 3.724298 3.896684 4.101407 4.192802
4.510243 4.460916 4.441315 4.415114 4.429127 4.454257 4.492491 4.510043 4.534302 4.491467 4.432177 4.442918 4.464039 4.466373 4.457539 4.442733 4.492981 4.440333 4.439433 4.41994 4.399312 4.370516 4.359911 4.346949 4.32211 4.26966 4.197967 4.150636 3.947043 3.779209 4.101909 4.462883 4.606664 4.447205 4.311206 3.931627 3.686897 3.53572 3.721321 4.198145 4.403388 4.289041 4.164893 4.060578 4.004584 4.003009 3.969141 3.861655 3.63295 3.471824 3.302296 3.257946 3.380216 3.313208 3.387164 3.409206 3.531524 3.709412 3.926274 4.178423 4.415869 4.555762 4.520691
4.489504 4.444951 4.468436 4.491776 4.466299 4.468239 4.490612 4.504762 4.507731 4.462612 4.408138 4.418684 4.43091 4.44466 4.459224 4.456119 4.459086 4.411187 4.396406 4.403399 4.38807 4.354968 4.334135 4.33054 4.295494 4.213425 4.102552 3.966088 3.871652 3.966441 4.581289 4.554472 4.513235 4.432301 4.196564 3.877673 3.723599 3.74479 3.982481 4.148137 4.247189 3.967151 3.932639 3.798805 3.813074 3.734454 3.669075 3.545959 3.320776 3.145267 3.058563 3.098207 3.23189 3.224849 3.315481 3.522539 3.803506 4.04027 4.452725 4.916512 5.049472 4.95766 4.77761
4.493943 4.474429 4.519488 4.515838 4.491544 4.479668 4.482668 4.493664 4.490726 4.433917 4.412615 4.406751 4.429506 4.438304 4.453251 4.455477 4.448702 4.414522 4.383306 4.382375 4.377965 4.354716 4.317476 4.321871 4.292101 4.225437 4.113985 3.990006 4.043329 4.302352 4.643603 4.383307 4.291476 4.24303 4.043865 3.874041 3.837875 3.900362 4.007958 4.11196 3.853335 3.764113 3.698018 3.604387 3.622363 3.491839 3.429626 3.322678 3.155855 3.010431 2.869097 2.935959 3.194611 3.332533 3.498555 3.795164 4.214775 4.639081 5.235747 5.614889 5.53501 5.203893 4.851209
4.469181 4.478135 4.506615 4.525553 4.534028 4.491103 4.475064 4.469236 4.469628 4.421969 4.416931 4.428463 4.433342 4.436852 4.451262 4.442066 4.428176 4.409081 4.377838 4.368166 4.372077 4.373806 4.331916 4.336714 4.343904 4.32188 4.239881 4.156355 4.252137 4.425992 4.414648 4.242296 4.185949 4.061253 3.893629 4.026289 3.856412 3.883791 3.953142 3.92442 3.938733 4.045893 3.756253 3.691562 3.50051 3.363315 3.315164 3.18363 3.109802 2.937724 2.90041 2.996082 3.279321 3.575777 3.772547 4.231398 4.821845 5.393363 5.915835 5.973594 5.597963 5.114357 4.597981
4.512606 4.540953 4.539998 4.532551 4.527395 4.524464 4.484492 4.463338 4.452434 4.479899 4.465042 4.458508 4.447231 4.448558 4.443209 4.437646 4.424092 4.406438 4.383667 4.360805 4.367574 4.388758 4.396547 4.375778 4.305277 4.248285 4.291818 4.241196 4.22852 4.271305 4.217669 4.175843 4.143302 4.104294 3.9417 3.876947 3.830398 3.900756 4.05459 4.098875 3.969373 3.921636 3.78642 3.695195 3.550292 3.386722 3.21547 2.993464 2.951252 2.950289 2.973555 3.136082 3.541425 4.018422 4.194651 4.647969 5.426021 6.062396 6.055972 5.75127 5.220932 4.685506 4.039616
4.555327 4.574145 4.558434 4.550916 4.535 4.520197 4.499622 4.478442 4.500601 4.535247 4.525993 4.501478 4.474344 4.463875 4.458471 4.435374 4.422491 4.401742 4.392717 4.383311 4.369897 4.408871 4.360149 4.334898 4.278275 4.189676 4.139932 4.156423 4.151758 4.119272 4.130891 4.128922 4.026865 3.960932 3.769839 3.763894 3.888286 3.962958 3.924805 3.902126 3.781304 3.719857 3.803289 3.63947 3.523286 3.336208 3.027294 2.953905 2.84495 2.894581 3.137251 3.43992 4.010542 4.527008 4.631246 4.993915 5.684579 6.224587 5.927707 5.370355 4.583418 3.980056 3.35603
