py_wake/examples/data/AJ_ParqueFicticio/Rough survey   Sector 5   Height 30m   Weibull-k.grd
DSAA
73  159
 258469   265669
 6501692   6517492
 .8457031   2.744141
[rows 0 to 27 of 159, columns 0 to 62 of 73]
2.681641 2.681641 2.677734 2.673828 2.673828 2.669922 2.666016 2.666016 2.662109 2.662109 2.658203 2.658203 2.658203 2.658203 2.662109 2.666016 2.673828 2.677734 2.681641 2.681641 2.669922 2.666016 2.662109 2.630859 2.638672 2.681641 2.681641 2.681641 2.681641 2.681641 2.681641 2.681641 2.681641 2.681641 2.681641 2.681641 2.681641 2.650391 2.658203 2.658203 2.650391 2.626953 2.611328 2.580078 2.595703 2.603516 2.611328 2.615234 2.615234 2.615234 2.611328 2.611328 2.607422 2.599609 2.599609 2.599609 2.599609 2.603516 2.607422 2.615234 2.626953 2.638672 2.650391
2.673828 2.673828 2.673828 2.673828 2.669922 2.669922 2.666016 2.662109 2.662109 2.662109 2.658203 2.658203 2.654297 2.658203 2.662109 2.666016 2.673828 2.681641 2.681641 2.677734 2.669922 2.673828 2.669922 2.623047 2.638672 2.681641 2.681641 2.681641 2.681641 2.681641 2.681641 2.681641 2.681641 2.681641 2.681641 2.681641 2.681641 2.666016 2.669922 2.673828 2.669922 2.654297 2.638672 2.611328 2.611328 2.615234 2.623047 2.626953 2.623047 2.623047 2.615234 2.607422 2.599609 2.591797 2.591797 2.591797 2.591797 2.595703 2.603516 2.611328 2.623047 2.638672 2.654297
2.666016 2.666016 2.673828 2.669922 2.666016 2.666016 2.662109 2.662109 2.658203 2.658203 2.658203 2.654297 2.650391 2.646484 2.654297 2.666016 2.673828 2.681641 2.681641 2.677734 2.673828 2.677734 2.658203 2.623047 2.607422 2.681641 2.681641 2.681641 2.681641 2.681641 2.681641 2.681641 2.681641 2.681641 2.681641 2.681641 2.681641 2.681641 2.681641 2.681641 2.681641 2.669922 2.646484 2.619141 2.623047 2.623047 2.626953 2.630859 2.626953 2.630859 2.619141 2.599609 2.591797 2.591797 2.587891 2.583984 2.583984 2.587891 2.595703 2.603516 2.619141 2.638672 2.654297
2.658203 2.666016 2.673828 2.666016 2.662109 2.658203 2.654297 2.654297 2.650391 2.650391 2.650391 2.650391 2.646484 2.638672 2.638672 2.662109 2.673828 2.681641 2.681641 2.681641 2.677734 2.681641 2.669922 2.646484 2.615234 2.681641 2.681641 2.681641 2.681641 2.681641 2.681641 2.681641 2.681641 2.681641 2.681641 2.681641 2.681641 2.681641 2.681641 2.677734 2.677734 2.666016 2.634766 2.623047 2.607422 2.634766 2.638672 2.634766 2.626953 2.630859 2.623047 2.607422 2.603516 2.591797 2.583984 2.576172 2.572266 2.576172 2.583984 2.595703 2.615234 2.634766 2.658203
2.646484 2.662109 2.658203 2.654297 2.658203 2.654297 2.646484 2.638672 2.638672 2.642578 2.638672 2.646484 2.634766 2.623047 2.626953 2.654297 2.669922 2.681641 2.681641 2.677734 2.681641 2.681641 2.673828 2.638672 2.599609 2.677734 2.681641 2.681641 2.681641 2.681641 2.681641 2.681641 2.681641 2.681641 2.681641 2.681641 2.681641 2.681641 2.677734 2.677734 2.666016 2.623047 2.603516 2.623047 2.634766 2.669922 2.654297 2.638672 2.638672 2.642578 2.650391 2.626953 2.615234 2.595703 2.580078 2.568359 2.560547 2.560547 2.564453 2.580078 2.603516 2.638672 2.673828
2.642578 2.654297 2.650391 2.646484 2.646484 2.646484 2.623047 2.619141 2.623047 2.626953 2.626953 2.638672 2.626953 2.611328 2.619141 2.634766 2.662109 2.681641 2.681641 2.681641 2.681641 2.681641 2.681641 2.646484 2.595703 2.638672 2.681641 2.681641 2.681641 2.681641 2.681641 2.673828 2.658203 2.630859 2.630859 2.642578 2.619141 2.560547 2.560547 2.619141 2.615234 2.548828 2.568359 2.611328 2.626953 2.650391 2.638672 2.630859 2.642578 2.658203 2.662109 2.650391 2.630859 2.607422 2.580078 2.552734 2.541016 2.533203 2.537109 2.556641 2.587891 2.638672 2.681641
2.654297 2.658203 2.654297 2.654297 2.650391 2.642578 2.619141 2.634766 2.642578 2.642578 2.638672 2.634766 2.630859 2.619141 2.619141 2.623047 2.634766 2.673828 2.681641 2.681641 2.681641 2.681641 2.681641 2.666016 2.603516 2.626953 2.658203 2.673828 2.681641 2.681641 2.677734 2.646484 2.611328 2.626953 2.634766 2.638672 2.626953 2.564453 2.529297 2.642578 2.603516 2.537109 2.576172 2.630859 2.642578 2.623047 2.611328 2.619141 2.646484 2.666016 2.662109 2.654297 2.642578 2.623047 2.572266 2.533203 2.513672 2.498047 2.494141 2.513672 2.564453 2.619141 2.658203
2.658203 2.658203 2.658203 2.654297 2.677734 2.669922 2.650391 2.650391 2.654297 2.654297 2.654297 2.650391 2.634766 2.623047 2.619141 2.611328 2.603516 2.638672 2.677734 2.681641 2.681641 2.681641 2.681641 2.681641 2.634766 2.623047 2.634766 2.654297 2.666016 2.666016 2.669922 2.642578 2.623047 2.623047 2.623047 2.626953 2.626953 2.603516 2.615234 2.681641 2.576172 2.509766 2.560547 2.611328 2.607422 2.599609 2.623047 2.623047 2.673828 2.681641 2.677734 2.658203 2.642578 2.595703 2.548828 2.498047 2.474609 2.455078 2.431641 2.412109 2.458984 2.513672 2.541016
2.662109 2.662109 2.658203 2.646484 2.646484 2.658203 2.650391 2.658203 2.666016 2.669922 2.662109 2.654297 2.638672 2.634766 2.623047 2.599609 2.583984 2.583984 2.630859 2.677734 2.681641 2.681641 2.677734 2.681641 2.654297 2.623047 2.607422 2.638672 2.650391 2.650391 2.658203 2.638672 2.615234 2.599609 2.587891 2.580078 2.548828 2.560547 2.568359 2.587891 2.455078 2.396484 2.470703 2.556641 2.587891 2.544922 2.576172 2.568359 2.595703 2.626953 2.615234 2.599609 2.568359 2.541016 2.482422 2.451172 2.443359 2.412109 2.353516 2.291016 2.275391 2.318359 2.357422
2.666016 2.662109 2.658203 2.650391 2.642578 2.638672 2.642578 2.662109 2.681641 2.681641 2.669922 2.654297 2.642578 2.642578 2.634766 2.603516 2.576172 2.572266 2.580078 2.595703 2.638672 2.623047 2.529297 2.525391 2.615234 2.611328 2.603516 2.623047 2.634766 2.646484 2.654297 2.630859 2.603516 2.580078 2.556641 2.552734 2.544922 2.505859 2.478516 2.427734 2.208984 1.947266 2.060547 2.322266 2.419922 2.427734 2.482422 2.486328 2.490234 2.533203 2.525391 2.505859 2.509766 2.466797 2.404297 2.419922 2.427734 2.392578 2.322266 2.255859 2.236328 2.236328 2.310547
2.669922 2.666016 2.662109 2.662109 2.669922 2.673828 2.681641 2.677734 2.681641 2.677734 2.666016 2.634766 2.634766 2.658203 2.666016 2.626953 2.564453 2.552734 2.580078 2.572266 2.544922 2.544922 2.431641 2.416016 2.419922 2.490234 2.509766 2.572266 2.595703 2.638672 2.642578 2.619141 2.591797 2.564453 2.548828 2.556641 2.529297 2.498047 2.427734 2.369141 2.279297 2.181641 2.138672 2.115234 1.951172 2.130859 2.205078 2.287109 2.345703 2.388672 2.384766 2.458984 2.490234 2.380859 2.349609 2.412109 2.458984 2.431641 2.388672 2.333984 2.318359 2.373047 2.400391
2.669922 2.669922 2.669922 2.673828 2.673828 2.673828 2.669922 2.677734 2.677734 2.669922 2.646484 2.603516 2.595703 2.662109 2.681641 2.654297 2.630859 2.615234 2.583984 2.583984 2.541016 2.470703 2.392578 2.423828 2.443359 2.412109 2.474609 2.564453 2.587891 2.634766 2.623047 2.603516 2.580078 2.552734 2.544922 2.548828 2.521484 2.490234 2.423828 2.361328 2.306641 2.259766 2.201172 2.123047 1.951172 1.927734 2.021484 2.017578 2.068359 2.134766 2.181641 2.396484 2.369141 2.306641 2.283203 2.357422 2.380859 2.412109 2.423828 2.416016 2.396484 2.416016 2.376953
2.673828 2.669922 2.673828 2.673828 2.673828 2.666016 2.658203 2.650391 2.666016 2.658203 2.673828 2.662109 2.646484 2.646484 2.658203 2.642578 2.587891 2.626953 2.626953 2.615234 2.583984 2.564453 2.455078 2.447266 2.455078 2.443359 2.384766 2.462891 2.544922 2.576172 2.580078 2.572266 2.556641 2.537109 2.533203 2.525391 2.505859 2.478516 2.435547 2.357422 2.298828 2.275391 2.208984 2.099609 1.974609 2.025391 2.048828 2.076172 2.072266 2.087891 2.091797 2.048828 2.095703 2.083984 2.099609 2.060547 2.037109 1.994141 2.001953 2.048828 2.169922 2.212891 2.201172
2.673828 2.673828 2.677734 2.673828 2.669922 2.666016 2.662109 2.662109 2.646484 2.658203 2.677734 2.673828 2.662109 2.666016 2.677734 2.650391 2.595703 2.580078 2.611328 2.638672 2.642578 2.587891 2.482422 2.474609 2.470703 2.455078 2.427734 2.396484 2.439453 2.498047 2.521484 2.533203 2.525391 2.509766 2.490234 2.478516 2.478516 2.466797 2.439453 2.388672 2.294922 2.236328 2.189453 2.060547 1.943359 1.939453 1.962891 1.951172 1.990234 1.951172 1.916016 1.787109 2.310547 2.310547 2.310547 2.162109 2.228516 2.228516 2.228516 1.595703 2.255859 1.759766 1.896484
2.673828 2.677734 2.673828 2.673828 2.669922 2.666016 2.666016 2.666016 2.658203 2.658203 2.673828 2.673828 2.669922 2.666016 2.673828 2.666016 2.646484 2.642578 2.623047 2.642578 2.642578 2.611328 2.556641 2.494141 2.466797 2.466797 2.462891 2.466797 2.478516 2.494141 2.505859 2.513672 2.521484 2.486328 2.435547 2.404297 2.443359 2.447266 2.447266 2.400391 2.314453 2.220703 2.142578 2.048828 2.013672 1.974609 2.009766 1.955078 1.814453 1.775391 1.767578 1.701172 2.310547 2.310547 2.173828 1.583984 2.228516 2.228516 2.228516 2.310547 2.310547 2.310547 1.580078
2.677734 2.677734 2.673828 2.673828 2.669922 2.669922 2.669922 2.666016 2.658203 2.662109 2.673828 2.673828 2.673828 2.669922 2.673828 2.681641 2.681641 2.681641 2.666016 2.666016 2.658203 2.642578 2.615234 2.583984 2.513672 2.443359 2.478516 2.490234 2.498047 2.501953 2.505859 2.513672 2.517578 2.470703 2.345703 2.248047 2.310547 2.412109 2.443359 2.466797 2.369141 2.287109 2.181641 2.080078 2.068359 2.072266 2.033203 1.974609 1.841797 1.720703 1.724609 1.736328 2.310547 2.259766 1.845703 2.228516 2.228516 2.173828 2.310547 2.310547 2.310547 2.310547 2.310547
2.677734 2.677734 2.677734 2.673828 2.673828 2.673828 2.669922 2.666016 2.662109 2.666016 2.669922 2.673828 2.673828 2.673828 2.677734 2.673828 2.677734 2.677734 2.662109 2.658203 2.650391 2.634766 2.623047 2.611328 2.595703 2.544922 2.462891 2.490234 2.494141 2.490234 2.474609 2.521484 2.537109 2.482422 2.384766 2.369141 2.412109 2.443359 2.482422 2.458984 2.349609 2.271484 2.166016 2.091797 2.068359 2.103516 2.123047 2.041016 1.822266 2.310547 2.310547 1.880859 1.814453 1.853516 1.904297 1.978516 2.021484 2.060547 2.056641 2.091797 2.033203 1.892578 1.751953
2.677734 2.677734 2.677734 2.673828 2.673828 2.673828 2.669922 2.669922 2.666016 2.666016 2.669922 2.673828 2.673828 2.677734 2.677734 2.677734 2.677734 2.673828 2.662109 2.654297 2.646484 2.642578 2.630859 2.619141 2.607422 2.603516 2.619141 2.591797 2.537109 2.537109 2.595703 2.634766 2.615234 2.560547 2.455078 2.470703 2.517578 2.623047 2.666016 2.626953 2.470703 2.341797 2.173828 2.001953 1.962891 2.001953 2.103516 2.181641 2.119141 2.107422 2.169922 2.255859 2.341797 2.365234 2.369141 2.341797 2.259766 2.244141 2.236328 2.212891 2.158203 2.091797 2.091797
2.677734 2.677734 2.677734 2.673828 2.673828 2.673828 2.669922 2.669922 2.669922 2.669922 2.669922 2.677734 2.677734 2.677734 2.677734 2.677734 2.673828 2.666016 2.662109 2.654297 2.650391 2.650391 2.654297 2.646484 2.654297 2.654297 2.662109 2.677734 2.681641 2.666016 2.681641 2.666016 2.650391 2.626953 2.564453 2.560547 2.568359 2.669922 2.666016 2.599609 2.525391 2.478516 2.470703 2.451172 2.419922 2.416016 2.455078 2.439453 2.373047 2.373047 2.427734 2.462891 2.478516 2.447266 2.396484 2.322266 2.255859 2.181641 2.146484 2.146484 2.150391 2.146484 2.181641
2.677734 2.677734 2.673828 2.673828 2.673828 2.673828 2.673828 2.669922 2.669922 2.669922 2.673828 2.673828 2.673828 2.677734 2.677734 2.673828 2.669922 2.662109 2.662109 2.658203 2.658203 2.662109 2.666016 2.654297 2.650391 2.662109 2.662109 2.666016 2.681641 2.681641 2.669922 2.662109 2.677734 2.654297 2.615234 2.564453 2.560547 2.677734 2.583984 2.548828 2.603516 2.572266 2.595703 2.607422 2.603516 2.607422 2.630859 2.587891 2.513672 2.517578 2.552734 2.548828 2.505859 2.447266 2.373047 2.283203 2.220703 2.166016 2.126953 2.091797 2.099609 2.134766 2.216797
2.677734 2.677734 2.673828 2.673828 2.673828 2.673828 2.673828 2.673828 2.673828 2.673828 2.673828 2.673828 2.673828 2.677734 2.673828 2.673828 2.669922 2.662109 2.662109 2.662109 2.666016 2.666016 2.662109 2.650391 2.650391 2.654297 2.669922 2.669922 2.673828 2.673828 2.654297 2.677734 2.681641 2.634766 2.626953 2.591797 2.595703 2.658203 2.419922 2.529297 2.658203 2.642578 2.638672 2.654297 2.650391 2.638672 2.650391 2.626953 2.568359 2.556641 2.583984 2.568359 2.509766 2.451172 2.337891 2.236328 2.146484 2.095703 2.052734 2.037109 2.052734 2.154297 2.287109
2.677734 2.677734 2.677734 2.673828 2.673828 2.673828 2.673828 2.673828 2.673828 2.673828 2.673828 2.673828 2.673828 2.677734 2.673828 2.673828 2.673828 2.666016 2.666016 2.669922 2.669922 2.666016 2.658203 2.650391 2.646484 2.646484 2.654297 2.662109 2.658203 2.623047 2.658203 2.666016 2.681641 2.681641 2.654297 2.591797 2.603516 2.650391 2.517578 2.626953 2.666016 2.666016 2.642578 2.626953 2.623047 2.615234 2.619141 2.611328 2.576172 2.552734 2.552734 2.544922 2.501953 2.439453 2.341797 2.224609 2.123047 2.064453 2.021484 1.982422 2.037109 2.208984 2.373047
2.677734 2.673828 2.673828 2.673828 2.673828 2.673828 2.673828 2.673828 2.673828 2.677734 2.673828 2.673828 2.673828 2.673828 2.673828 2.673828 2.673828 2.662109 2.662109 2.666016 2.666016 2.662109 2.654297 2.650391 2.646484 2.642578 2.638672 2.646484 2.658203 2.619141 2.658203 2.662109 2.681641 2.681641 2.681641 2.587891 2.599609 2.623047 2.638672 2.669922 2.677734 2.662109 2.611328 2.615234 2.611328 2.603516 2.599609 2.583984 2.560547 2.544922 2.529297 2.505859 2.462891 2.416016 2.353516 2.240234 2.154297 2.095703 2.072266 2.044922 2.126953 2.314453 2.462891
2.677734 2.677734 2.677734 2.677734 2.677734 2.677734 2.677734 2.677734 2.677734 2.677734 2.673828 2.673828 2.673828 2.673828 2.673828 2.669922 2.666016 2.662109 2.662109 2.662109 2.662109 2.658203 2.654297 2.650391 2.646484 2.642578 2.638672 2.638672 2.658203 2.646484 2.677734 2.673828 2.681641 2.681641 2.681641 2.611328 2.611328 2.619141 2.638672 2.681641 2.681641 2.642578 2.599609 2.603516 2.599609 2.568359 2.564453 2.552734 2.533203 2.517578 2.501953 2.470703 2.423828 2.384766 2.361328 2.279297 2.185547 2.138672 2.111328 2.154297 2.263672 2.447266 2.560547
2.677734 2.677734 2.677734 2.677734 2.677734 2.677734 2.677734 2.677734 2.677734 2.673828 2.673828 2.673828 2.673828 2.673828 2.673828 2.669922 2.669922 2.666016 2.662109 2.666016 2.666016 2.662109 2.654297 2.650391 2.650391 2.650391 2.658203 2.662109 2.662109 2.673828 2.681641 2.666016 2.669922 2.677734 2.673828 2.642578 2.626953 2.654297 2.650391 2.669922 2.673828 2.646484 2.587891 2.587891 2.580078 2.548828 2.541016 2.533203 2.517578 2.513672 2.494141 2.458984 2.404297 2.376953 2.396484 2.326172 2.220703 2.177734 2.181641 2.267578 2.412109 2.560547 2.630859
2.677734 2.677734 2.677734 2.677734 2.677734 2.677734 2.677734 2.677734 2.677734 2.673828 2.677734 2.677734 2.673828 2.673828 2.673828 2.666016 2.666016 2.666016 2.666016 2.666016 2.666016 2.666016 2.662109 2.662109 2.662109 2.673828 2.673828 2.666016 2.666016 2.677734 2.677734 2.662109 2.666016 2.654297 2.642578 2.677734 2.642578 2.650391 2.658203 2.654297 2.658203 2.673828 2.619141 2.603516 2.564453 2.548828 2.548828 2.533203 2.525391 2.509766 2.501953 2.470703 2.404297 2.361328 2.412109 2.373047 2.251953 2.181641 2.248047 2.341797 2.501953 2.603516 2.654297
2.677734 2.677734 2.677734 2.677734 2.677734 2.677734 2.677734 2.677734 2.677734 2.677734 2.677734 2.677734 2.677734 2.673828 2.669922 2.669922 2.669922 2.669922 2.666016 2.666016 2.669922 2.669922 2.669922 2.669922 2.666016 2.669922 2.669922 2.662109 2.669922 2.669922 2.673828 2.658203 2.662109 2.666016 2.642578 2.658203 2.658203 2.662109 2.666016 2.662109 2.654297 2.654297 2.638672 2.611328 2.583984 2.572266 2.556641 2.525391 2.513672 2.513672 2.505859 2.486328 2.423828 2.380859 2.412109 2.392578 2.244141 2.220703 2.220703 2.330078 2.513672 2.607422 2.666016
2.677734 2.677734 2.677734 2.677734 2.677734 2.677734 2.677734 2.677734 2.677734 2.677734 2.677734 2.677734 2.677734 2.673828 2.673828 2.673828 2.673828 2.669922 2.669922 2.669922 2.669922 2.673828 2.666016 2.666016 2.666016 2.666016 2.666016 2.666016 2.669922 2.669922 2.666016 2.658203 2.654297 2.669922 2.638672 2.658203 2.662109 2.669922 2.654297 2.654297 2.650391 2.650391 2.666016 2.619141 2.591797 2.572266 2.552734 2.533203 2.509766 2.498047 2.513672 2.509766 2.447266 2.412109 2.435547 2.365234 2.173828 2.177734 2.216797 2.392578 2.501953 2.576172 2.662109
