py_wake/examples/data/AJ_ParqueFicticio/Rough survey   Sector 5   Height 200m   Orographic turn.grd
DSAA
73  159
 258469   265669
 6501692   6517492
-11.52357   15.27929
[rows 54 to 80 of 159, columns 0 to 60 of 73]
.1997854 .1108903 .08033188 -.008326341 -.1030652 -.1753818 -.1326711 -.09576163 -.01559004 .07442402 .1433533 .2004813 .2258361 .2637505 .238581 .2414734 .2954798 .2710866 .2048376 .1114052 .07469032 .1194915 .1643336 .1512101 .04614008 -.001510387 -.001571281 -.06242245 -.2349093 -.5464154 -.8759856 -1.172935 -1.249563 -1.409575 -1.675442 -1.944322 -2.312605 -2.589516 -2.530055 -2.586479 -2.83463 -3.401626 -3.842816 -4.316797 -4.74364 -5.214221 -5.429201 -5.511499 -5.674893 -5.973807 -6.189613 -6.197032 -5.657491 -4.651854 -3.769112 -3.514267 -3.42327 -3.262727 -2.65582 -1.761914 -1.071034
.1286367 .07154455 .02121598 -.09591226 -.1801741 -.1917523 -.145956 -.06699718 -.0004353382 .0653016 .1140496 .1656873 .1822305 .2338073 .2590897 .2690682 .2691775 .2568298 .1511981 .06295769 .07937494 .1503162 .1540807 .08892553 .03556048 -.008200943 .005674388 .04238824 -.05199832 -.442951 -.8210753 -1.039037 -1.031849 -1.156125 -1.357139 -1.633353 -1.946321 -2.173106 -2.068576 -2.092237 -2.534895 -2.88482 -3.481408 -4.040672 -4.65635 -5.420594 -5.892844 -6.023249 -6.108818 -6.172043 -6.311228 -6.176549 -5.511825 -4.35934 -3.439255 -3.372878 -3.55774 -3.43653 -2.688297 -1.637678 -.7174199
.06333505 .05189111 -.09167832 -.164001 -.2473138 -.1724164 -.1256652 -.03548423 -.02257577 .07026386 .1100469 .1906451 .2095065 .2051394 .276455 .2962131 .291692 .2598635 .2035933 .122628 .1867272 .2083078 .1346885 .06725473 .03216049 -.01233963 .0156452 .07010136 -.03844472 -.4768907 -.8918775 -.978249 -.9429253 -.970353 -1.25261 -1.561195 -1.831596 -1.906836 -1.814516 -1.910624 -2.364945 -2.597946 -3.012846 -3.598113 -4.373289 -5.244072 -5.950227 -6.215557 -6.303134 -6.346372 -6.311312 -6.052287 -5.293364 -4.074569 -3.115511 -3.195351 -3.610984 -3.597775 -2.832585 -1.589892 -.5237836
.06452004 .01164574 -.166845 -.2331497 -.285501 -.1675937 -.08129948 -.03632748 .01696971 .05695955 .1078019 .1680364 .223776 .2777591 .2971009 .2916006 .3002632 .2626746 .2000791 .157944 .1685565 .1673627 .1041467 .08275854 .01464027 -.07334665 -.08343835 -.08138723 -.2740254 -.7766894 -1.180731 -1.223857 -1.102289 -1.181403 -1.426117 -1.762856 -2.054528 -2.021245 -1.997534 -2.050284 -2.356671 -2.640648 -3.010387 -3.512279 -4.268853 -5.162828 -5.833644 -6.154215 -6.403677 -6.465876 -6.311352 -5.933011 -5.096111 -3.816912 -2.905059 -2.982912 -3.427591 -3.473826 -2.752904 -1.584941 -.4415741
.04606462 -.09216196 -.2568424 -.3534393 -.3806873 -.2463624 -.1048487 -.04058281 -.0001019159 .02586579 .07435638 .1509058 .1553575 .1875138 .2196696 .2572412 .2614085 .2454904 .2269419 .1851746 .1011254 .1113744 .07318462 .0632491 .01079698 -.06777599 -.1709059 -.3971153 -.8268881 -1.394537 -1.837455 -1.838042 -1.749414 -1.721769 -1.962798 -2.281176 -2.604147 -2.591496 -2.45662 -2.450713 -2.687212 -2.896561 -3.134299 -3.617833 -4.334716 -5.139381 -5.787919 -6.180231 -6.484571 -6.590193 -6.397343 -5.888111 -4.966813 -3.797681 -2.963801 -3.017922 -3.309643 -3.25896 -2.575454 -1.477993 -.3401591
.08514384 -.1416834 -.4207957 -.5189315 -.4746504 -.3384998 -.1383065 -.06047595 -.03918504 -.0008834202 .03137633 .03661762 .1063534 .1330206 .1552848 .1829347 .2084613 .1872138 .1850802 .120446 .08426261 .05026396 .01063823 .04075963 -.03263358 -.1228603 -.3159479 -.7211535 -1.340618 -2.08912 -2.563045 -2.656531 -2.610074 -2.622341 -2.894258 -3.149693 -3.341158 -3.313669 -3.071231 -2.964699 -3.050997 -3.119046 -3.350378 -3.697834 -4.341529 -5.038062 -5.601975 -6.140882 -6.594289 -6.811427 -6.514808 -5.886019 -5.00477 -3.990612 -3.263921 -3.155277 -3.291093 -3.193259 -2.510494 -1.379097 -.2605244
.1208975 -.1648053 -.4822425 -.5256463 -.4516748 -.3367341 -.1624161 -.06602755 -.05562965 -.05265322 -.04827692 -.03211845 .01390137 .08295091 .09437273 .107795 .1720799 .1653603 .1371208 .02973998 -.01449553 -.05300592 -.04552239 -.01226361 -.0504519 -.09546208 -.3716284 -.8161986 -1.476058 -2.269473 -2.864717 -3.098005 -3.205834 -3.372847 -3.713753 -4.002834 -4.116788 -4.057343 -3.79839 -3.57556 -3.578935 -3.567731 -3.632057 -3.874847 -4.29322 -4.803884 -5.261178 -5.740781 -6.339159 -6.735147 -6.51406 -5.874105 -5.016484 -4.211486 -3.547488 -3.296113 -3.302637 -3.145649 -2.476869 -1.350195 -.2695493
.03907639 -.2748034 -.431277 -.3806455 -.2793781 -.1939834 -.1179936 -.07327014 -.1245385 -.1039427 -.1031817 -.08067778 -.02799969 .009783642 .03139937 .05539311 .1154295 .1262087 .04991474 -.04040872 -.1391807 -.1410688 -.1325811 -.1048938 -.09959861 -.1925399 -.4906599 -.9603706 -1.494539 -2.246007 -2.80678 -3.133805 -3.358522 -3.623799 -4.101758 -4.458869 -4.637418 -4.56762 -4.384202 -4.169635 -4.066877 -3.997507 -4.063397 -4.152781 -4.423326 -4.699662 -4.993354 -5.349866 -5.923703 -6.3555 -6.397769 -5.945121 -5.105607 -4.323007 -3.731964 -3.471838 -3.35234 -3.077931 -2.444759 -1.422456 -.4592602
-.01839893 -.2930178 -.2580592 -.1943113 -.09174294 -.02387281 .00884775 -.06394153 -.1048989 -.1322612 -.1319034 -.1108461 -.07394291 -.0577891 -.03596428 .0004308621 .03795521 .06769191 -.06513482 -.1354919 -.2613655 -.2374207 -.2402045 -.1896178 -.2206585 -.363227 -.6503641 -1.118561 -1.640476 -2.234626 -2.689059 -2.979167 -3.202467 -3.615739 -4.172729 -4.646816 -4.896831 -4.895025 -4.756537 -4.610391 -4.423408 -4.319547 -4.306813 -4.425408 -4.592508 -4.742759 -4.932368 -5.084698 -5.396651 -5.792183 -5.930722 -5.849321 -5.295363 -4.487566 -3.845523 -3.529579 -3.397078 -3.039964 -2.443991 -1.512944 -.6637651
-.06759055 -.2221862 -.1599325 -.04768898 .03291443 .03981946 .0038239 -.102985 -.1480807 -.1856693 -.173764 -.1219983 -.1253026 -.1196846 -.1085817 -.0972378 -.04856231 -.05908948 -.1253481 -.2453787 -.3371603 -.3914314 -.4155403 -.4176689 -.4588861 -.6989464 -.9684067 -1.366674 -1.911694 -2.410262 -2.779982 -2.925201 -3.136872 -3.594869 -4.175187 -4.713538 -4.974059 -5.039937 -4.999919 -4.913858 -4.737306 -4.63486 -4.615176 -4.705505 -4.819752 -4.859195 -4.910755 -5.01842 -5.088821 -5.276525 -5.450178 -5.576979 -5.421597 -4.729504 -4.014169 -3.616954 -3.480822 -3.145869 -2.572359 -1.800105 -1.010725
-.1145101 -.174782 -.08072588 -.002238485 .03590905 .03688683 -.0665077 -.1624447 -.2044657 -.1972784 -.1994714 -.1915164 -.1579318 -.1836472 -.1494967 -.1482314 -.0894516 -.148693 -.2505849 -.3394198 -.3780731 -.5373564 -.6135769 -.6782202 -.8086426 -1.025341 -1.367509 -1.843793 -2.391605 -2.787969 -3.024388 -3.099591 -3.259634 -3.648495 -4.213087 -4.667595 -4.965224 -5.049229 -5.088638 -5.031861 -4.980344 -4.92962 -5.00155 -5.179594 -5.137197 -5.063914 -4.940636 -4.98059 -4.940913 -4.876679 -5.039126 -5.252121 -5.328969 -4.834029 -4.026398 -3.497491 -3.349253 -3.177241 -2.823529 -2.234858 -1.700125
-.1095731 -.1493509 -.05099615 .02897302 .03835607 -.01004851 -.09498873 -.2240291 -.244841 -.1887265 -.2116993 -.2238556 -.2243017 -.2397363 -.1909011 -.1858532 -.1735079 -.2518165 -.3039513 -.3847766 -.5187316 -.7136362 -.8470741 -.8994634 -1.085296 -1.372765 -1.817467 -2.376758 -2.945531 -3.308421 -3.486314 -3.44774 -3.596605 -3.966778 -4.41153 -4.721952 -4.955187 -5.052416 -5.086339 -5.185705 -5.122703 -5.067834 -5.263684 -5.476958 -5.499969 -5.245171 -5.006378 -4.889662 -4.775585 -4.5959 -4.566942 -4.83186 -4.906078 -4.667226 -4.013178 -3.234359 -2.861192 -2.724472 -2.595719 -2.458047 -2.252733
-.06010378 -.1055427 -.02117624 .03598804 -.01599478 -.07331152 -.1432371 -.2134191 -.1805467 -.1486848 -.2038241 -.205198 -.2173131 -.2269507 -.2311187 -.2253754 -.2432801 -.3393245 -.3581097 -.3988583 -.573216 -.8410776 -.9355208 -1.029328 -1.312395 -1.645781 -2.200248 -2.802894 -3.421242 -3.777788 -3.927598 -3.941998 -4.04436 -4.309754 -4.588783 -4.795473 -4.914486 -4.946534 -5.110718 -5.213902 -5.202057 -5.248812 -5.487548 -5.735075 -5.742838 -5.486848 -5.100919 -4.942156 -4.757415 -4.4882 -4.311542 -4.370633 -4.293199 -3.918773 -3.348261 -2.673896 -2.18844 -2.03839 -1.883429 -1.944556 -2.034006
-.08110919 -.07708758 .004325289 .01424984 -.005524306 -.1496214 -.2422108 -.2325918 -.2342428 -.2005619 -.2190138 -.2365514 -.2333151 -.231893 -.2578552 -.3217038 -.3711375 -.4003831 -.4210779 -.5017379 -.6643062 -.8518125 -.9436571 -1.10273 -1.440201 -1.870321 -2.462953 -3.126146 -3.719602 -4.116536 -4.335583 -4.38887 -4.440409 -4.668525 -4.791086 -4.820982 -4.881751 -4.857576 -4.986866 -5.048243 -5.200276 -5.490965 -5.73438 -5.921508 -5.929924 -5.657844 -5.309181 -5.031854 -4.791183 -4.493652 -4.352342 -4.176267 -3.827011 -3.209946 -2.538585 -1.944973 -1.614441 -1.399724 -1.350024 -1.256156 -1.292404
-.124739 -.04009471 .03734576 -.003395055 -.08332549 -.2305391 -.2975427 -.2966201 -.3052098 -.2824275 -.2628797 -.2745261 -.2692407 -.2569904 -.3183769 -.4141707 -.4754688 -.5009086 -.5094039 -.5752531 -.6926281 -.8545201 -.9403818 -1.155478 -1.505847 -2.038194 -2.636231 -3.255222 -3.860421 -4.427863 -4.732104 -4.79475 -4.801874 -4.947362 -5.050382 -4.965786 -4.889349 -4.747376 -4.699969 -4.853396 -4.927279 -5.211703 -5.56056 -5.82128 -5.841308 -5.814769 -5.731576 -5.455716 -5.171602 -4.867042 -4.683367 -4.364302 -3.781566 -2.943928 -2.07443 -1.405691 -1.108595 -1.102904 -1.181245 -1.119368 -.9819183
-.1675809 -.05757875 .03485807 .006583171 -.1757422 -.3402251 -.3529633 -.3822821 -.3840524 -.399523 -.3892657 -.3553358 -.3075838 -.3120497 -.4746921 -.5794514 -.6347927 -.594283 -.5841191 -.603836 -.6615597 -.7594138 -.9259694 -1.236034 -1.666666 -2.178277 -2.660483 -3.26938 -3.91877 -4.535604 -5.006277 -5.201998 -5.210135 -5.252013 -5.272129 -5.109274 -4.879949 -4.636672 -4.442098 -4.497774 -4.540678 -4.731687 -5.040336 -5.293114 -5.388258 -5.493877 -5.667559 -5.677647 -5.578163 -5.372945 -5.270518 -4.855706 -4.137875 -3.252356 -2.251637 -1.318351 -.9143578 -1.021106 -1.172995 -1.110493 -.8466873
-.2919271 -.1811799 -.01429633 -.07650162 -.2888042 -.4316252 -.3987373 -.411463 -.4650083 -.475391 -.5098779 -.493823 -.4239437 -.4419035 -.5790293 -.7025239 -.6680958 -.6546255 -.6392744 -.6611859 -.6750886 -.7215579 -1.026294 -1.399352 -1.841988 -2.211384 -2.737412 -3.250511 -3.910117 -4.614634 -5.04327 -5.323511 -5.516011 -5.50306 -5.45242 -5.206394 -4.913278 -4.538722 -4.273649 -4.200253 -4.25224 -4.375626 -4.525507 -4.63458 -4.783451 -4.905148 -5.198537 -5.345173 -5.356907 -5.486064 -5.565758 -5.300869 -4.731806 -3.932283 -2.770842 -1.628288 -.9935089 -.9744873 -1.059134 -.9816504 -.6677151
-.355059 -.2609832 -.1611089 -.1733223 -.3788801 -.4751978 -.4170386 -.4511833 -.5371922 -.5859244 -.5929523 -.5704156 -.5147496 -.5734543 -.6650729 -.7882072 -.7311794 -.7534526 -.7789058 -.7373418 -.7634069 -.8585078 -1.239741 -1.573004 -2.015393 -2.312288 -2.797948 -3.26174 -3.92198 -4.548099 -5.035118 -5.34761 -5.480588 -5.586493 -5.516107 -5.275548 -4.915757 -4.48475 -4.265929 -4.15761 -4.167573 -4.16182 -4.149146 -4.121156 -4.222298 -4.296989 -4.416127 -4.606562 -4.7241 -4.879247 -5.031781 -5.081818 -4.80443 -4.23032 -3.30894 -2.126668 -1.30362 -1.02651 -.9741207 -.7735637 -.3985153
-.3132083 -.1957024 -.1478487 -.2753486 -.4345618 -.4927605 -.4143891 -.4910836 -.6362153 -.7161638 -.6866694 -.6691973 -.700256 -.7447011 -.8446303 -.8907155 -.8690944 -.8767105 -.9000292 -.87519 -.9154469 -1.094682 -1.433791 -1.817659 -2.124978 -2.446388 -2.827069 -3.30656 -3.96852 -4.596465 -5.064849 -5.355377 -5.57286 -5.579671 -5.514803 -5.355306 -4.997631 -4.603021 -4.349985 -4.250279 -4.127261 -3.978912 -3.828412 -3.802111 -3.820034 -3.804888 -3.840575 -3.878057 -3.972473 -3.9677 -3.922947 -3.906747 -3.862226 -3.747486 -3.236174 -2.301124 -1.633081 -1.277704 -1.032394 -.724826 -.2684085
-.22272 -.1572855 -.2275336 -.3593813 -.4598087 -.5079268 -.4336774 -.5934654 -.8339825 -.8271161 -.832293 -.8239462 -.9185168 -.9609337 -1.035885 -1.033066 -.9968457 -1.035571 -1.055511 -1.071968 -1.132138 -1.38102 -1.758193 -2.118954 -2.424329 -2.701406 -2.95768 -3.436744 -4.051561 -4.684279 -5.082092 -5.25545 -5.485722 -5.498793 -5.437041 -5.329455 -5.082942 -4.78308 -4.537457 -4.301311 -4.097164 -3.798892 -3.580295 -3.554943 -3.511913 -3.520007 -3.4852 -3.524556 -3.592469 -3.509715 -3.404775 -3.232021 -3.146962 -3.025229 -2.704484 -2.119521 -1.737412 -1.639917 -1.380464 -.9888211 -.4229974
-.2029581 -.1882989 -.2780412 -.4114245 -.5436437 -.5181792 -.4180018 -.7175343 -.9946495 -.9751379 -.9960412 -.9902911 -1.048414 -1.14241 -1.185301 -1.156027 -1.113919 -1.173511 -1.217096 -1.27978 -1.381037 -1.689504 -2.061438 -2.435065 -2.733925 -2.991164 -3.266452 -3.67629 -4.334514 -4.948951 -5.273614 -5.369638 -5.382014 -5.453509 -5.403433 -5.283683 -5.134604 -4.902169 -4.736484 -4.536852 -4.20507 -3.828074 -3.596658 -3.50665 -3.410599 -3.424899 -3.399604 -3.488247 -3.600982 -3.623258 -3.519412 -3.339003 -3.152354 -2.979206 -2.576563 -2.091743 -1.941455 -2.073918 -2.007496 -1.615243 -.9738583
-.2611956 -.2725796 -.3039845 -.4010571 -.5052004 -.462667 -.512964 -.8385869 -1.102376 -1.102527 -1.098111 -1.123631 -1.162547 -1.233415 -1.19406 -1.160041 -1.218465 -1.291281 -1.351613 -1.441231 -1.60936 -1.937817 -2.381876 -2.751571 -3.066769 -3.325421 -3.636255 -4.227654 -4.919472 -5.574698 -5.839671 -5.832361 -5.697574 -5.498802 -5.398842 -5.21726 -5.089597 -4.949559 -4.818978 -4.666595 -4.428462 -4.07723 -3.851292 -3.723939 -3.582987 -3.506953 -3.629159 -3.676641 -3.894156 -3.862787 -3.782969 -3.709087 -3.64779 -3.42911 -2.950361 -2.545788 -2.47996 -2.660553 -2.719342 -2.355479 -1.759828
-.3293152 -.3384127 -.3649518 -.4168476 -.4756367 -.5292534 -.6627901 -.9168078 -1.136847 -1.229527 -1.223189 -1.245445 -1.274829 -1.280887 -1.240588 -1.215888 -1.317559 -1.409764 -1.474843 -1.574749 -1.812116 -2.162893 -2.579055 -2.962919 -3.310552 -3.626077 -4.020418 -4.75528 -5.560677 -6.264482 -6.482309 -6.36375 -6.079306 -5.724201 -5.448152 -5.236135 -5.095454 -5.003869 -4.801224 -4.672492 -4.422736 -4.086368 -3.953544 -3.805374 -3.751112 -3.697898 -3.724409 -3.798529 -3.920664 -3.856873 -3.717379 -3.639952 -3.645649 -3.581084 -3.287227 -2.975972 -2.99278 -3.04074 -3.143894 -2.952711 -2.268644
-.4029196 -.4100309 -.4290187 -.4523216 -.5383466 -.7292755 -.881487 -1.080083 -1.223281 -1.328629 -1.357075 -1.36772 -1.38686 -1.41495 -1.409572 -1.485904 -1.494878 -1.562124 -1.588042 -1.765253 -2.031172 -2.347122 -2.743136 -3.119257 -3.411128 -3.774339 -4.301031 -5.131502 -6.097325 -6.846336 -7.022343 -6.777071 -6.337639 -5.924657 -5.54295 -5.306619 -5.214315 -5.028608 -4.695724 -4.611253 -4.36641 -3.984899 -3.865596 -3.79014 -3.610328 -3.39432 -3.267607 -3.197972 -3.253536 -3.242635 -3.143304 -3.122644 -3.063778 -2.957794 -2.814789 -2.672569 -2.626263 -2.553895 -2.458323 -2.282713 -1.782818
-.4646257 -.4753316 -.4855698 -.5501165 -.6585659 -.8439116 -1.038384 -1.236207 -1.347108 -1.45377 -1.499956 -1.511735 -1.515166 -1.53479 -1.587817 -1.672591 -1.700157 -1.734843 -1.769949 -1.961027 -2.246836 -2.552782 -2.964988 -3.233618 -3.421219 -3.807293 -4.420964 -5.386996 -6.40918 -7.16335 -7.365484 -7.021279 -6.459046 -5.970462 -5.507051 -5.216265 -5.040847 -4.811102 -4.419544 -4.289009 -4.072738 -3.86352 -3.825093 -3.722336 -3.442404 -3.118565 -2.670695 -2.380925 -2.283044 -2.262304 -2.290033 -2.325781 -2.269589 -2.117963 -1.918174 -1.737718 -1.451602 -1.20248 -.9379936 -.6421458 -.1303767
-.4967287 -.5601293 -.5578676 -.5926546 -.7190238 -.9705682 -1.208204 -1.410023 -1.513838 -1.580865 -1.652575 -1.666205 -1.683575 -1.714225 -1.791654 -1.82836 -1.850603 -1.868175 -1.967062 -2.20947 -2.448771 -2.807624 -3.126162 -3.357348 -3.561078 -3.924297 -4.609049 -5.567941 -6.650432 -7.438839 -7.468685 -7.047437 -6.503877 -5.914765 -5.524592 -5.206132 -4.891013 -4.504048 -4.11902 -3.915853 -3.773618 -3.737564 -3.706915 -3.575925 -3.273882 -2.939933 -2.466157 -2.001777 -1.593094 -1.41099 -1.378878 -1.422897 -1.427248 -1.381749 -1.24921 -1.006394 -.6375213 -.2270956 .2846217 .8294128 1.39488
-.4982162 -.5734264 -.613555 -.6189983 -.831332 -1.087549 -1.364936 -1.489137 -1.643985 -1.743172 -1.840008 -1.854787 -1.882897 -1.938704 -2.004822 -2.003273 -1.972411 -2.026531 -2.1613 -2.412523 -2.675798 -3.029312 -3.299299 -3.548831 -3.791037 -4.250978 -4.965061 -5.94453 -6.944702 -7.517434 -7.47443 -6.934982 -6.375664 -5.844854 -5.557238 -5.196368 -4.855091 -4.290557 -3.935506 -3.802239 -3.699469 -3.638296 -3.575395 -3.399884 -3.127445 -2.712964 -2.280934 -1.781793 -1.26701 -.8588691 -.7226832 -.6856696 -.778933 -.8546228 -.904057 -.6974601 -.3255062 .2375782 .9984374 1.746648 2.428606
