py_wake/examples/data/AJ_ParqueFicticio/Rough survey   Sector 7   Height 200m   Weibull-A.grd
DSAA
73  159
 258469   265669
 6501692   6517492
 4.516201   9.849567
[rows 56 to 83 of 159, columns 0 to 62 of 73]
6.852698 6.862598 6.848611 6.847421 6.834371 6.842434 6.837138 6.840626 6.834111 6.843261 6.839675 6.84204 6.835178 6.809654 6.799001 6.797315 6.79836 6.795945 6.787246 6.772744 6.770324 6.755183 6.747613 6.754169 6.759265 6.756206 6.766272 6.791467 6.829872 6.862931 6.928946 7.023067 7.082957 7.158635 7.217571 7.285062 7.333113 7.366102 7.370971 7.379761 7.409347 7.436538 7.42278 7.367516 7.302673 7.237973 7.200387 7.156165 7.131441 7.091823 7.039252 6.98518 6.951085 6.903053 6.863305 6.854331 6.877727 6.891385 6.874142 6.884055 6.907472 6.908038 6.926359
6.838397 6.838386 6.82133 6.825191 6.822673 6.837887 6.838413 6.830996 6.828634 6.827864 6.827724 6.827157 6.827978 6.823572 6.810279 6.800797 6.801243 6.796206 6.789077 6.783584 6.785167 6.774246 6.760292 6.767275 6.765094 6.75673 6.765713 6.78664 6.836522 6.901008 6.995591 7.090075 7.158178 7.222461 7.283912 7.337716 7.36793 7.413546 7.420583 7.424121 7.441475 7.44679 7.404845 7.343287 7.293088 7.236176 7.144249 7.058395 7.012378 6.98479 6.949923 6.886333 6.866183 6.846595 6.838275 6.864713 6.888199 6.884074 6.844247 6.83851 6.860372 6.873991 6.916512
6.8135 6.799987 6.78717 6.784781 6.786489 6.803825 6.81355 6.810297 6.805715 6.80289 6.803825 6.80807 6.800589 6.798398 6.796188 6.800725 6.796736 6.791255 6.789851 6.788724 6.78072 6.78621 6.777326 6.775309 6.774756 6.76919 6.768199 6.770707 6.804619 6.8708 6.945262 7.026569 7.091747 7.157213 7.214569 7.274802 7.302532 7.347383 7.372549 7.376319 7.388319 7.369062 7.318433 7.267908 7.218313 7.16114 7.050558 6.947461 6.892936 6.874699 6.841949 6.763031 6.767822 6.763433 6.776641 6.823426 6.852798 6.868824 6.848993 6.852713 6.858662 6.863438 6.91319
6.822487 6.797893 6.767265 6.755471 6.74863 6.764376 6.785667 6.783673 6.777057 6.777951 6.778515 6.772619 6.778331 6.777022 6.773889 6.783473 6.788696 6.783861 6.78398 6.778317 6.780411 6.784307 6.783942 6.787302 6.780021 6.776789 6.765037 6.757129 6.745398 6.769292 6.819198 6.87519 6.932075 6.999334 7.056449 7.120046 7.195361 7.243001 7.278297 7.282104 7.278489 7.260957 7.213243 7.188094 7.142657 7.084564 6.976369 6.859412 6.789379 6.757359 6.724016 6.6487 6.653094 6.658874 6.685862 6.741666 6.778255 6.814261 6.82076 6.85906 6.865073 6.844457 6.877841
6.855649 6.820516 6.780149 6.774429 6.755635 6.744851 6.756026 6.75939 6.755363 6.753478 6.74944 6.745303 6.746418 6.751936 6.751039 6.760237 6.776451 6.779255 6.781139 6.773034 6.7704 6.760653 6.77036 6.784696 6.786519 6.797412 6.788219 6.791013 6.781141 6.759851 6.779614 6.807253 6.839951 6.890181 6.944783 7.002646 7.071503 7.12077 7.142385 7.15285 7.134391 7.111091 7.103441 7.106646 7.081696 7.032921 6.934618 6.842825 6.743522 6.672015 6.616073 6.55664 6.560796 6.574975 6.600343 6.659101 6.715177 6.763982 6.765353 6.81606 6.835469 6.807487 6.804884
6.869933 6.82796 6.803502 6.803432 6.788354 6.764763 6.746144 6.738925 6.732272 6.738398 6.735542 6.733143 6.733991 6.735265 6.734179 6.744636 6.761596 6.770827 6.76781 6.767703 6.763245 6.759573 6.759447 6.770183 6.78053 6.792079 6.80855 6.830778 6.853113 6.850279 6.850855 6.852365 6.861752 6.902328 6.908897 6.92885 6.982325 7.010241 7.022281 7.021186 7.004809 6.990662 6.998141 7.011138 7.00042 6.970385 6.907357 6.827113 6.738112 6.626854 6.524954 6.466907 6.480961 6.537489 6.537305 6.576731 6.642097 6.692125 6.694239 6.736614 6.755623 6.734193 6.689583
6.873245 6.840863 6.83931 6.836391 6.821614 6.798492 6.773001 6.740151 6.734286 6.733788 6.732186 6.72907 6.727654 6.724732 6.720414 6.727094 6.737134 6.748509 6.739943 6.748246 6.740019 6.746402 6.743649 6.759141 6.77071 6.788931 6.818109 6.854497 6.88616 6.896698 6.926706 6.929322 6.934252 6.938479 6.920887 6.911607 6.933743 6.928417 6.922989 6.917788 6.912423 6.907307 6.914273 6.9241 6.911091 6.899376 6.85895 6.799359 6.722387 6.62311 6.511422 6.42353 6.419506 6.481816 6.513976 6.511858 6.549013 6.589319 6.595849 6.6402 6.655159 6.634352 6.594086
6.863665 6.846738 6.852076 6.860125 6.847197 6.820476 6.788326 6.747212 6.731275 6.725744 6.729439 6.732319 6.720357 6.714669 6.709048 6.704137 6.710661 6.709882 6.714321 6.712152 6.711201 6.705518 6.70527 6.723344 6.74814 6.772705 6.811365 6.850269 6.878709 6.90278 6.930502 6.950077 6.957031 6.960625 6.953085 6.923658 6.914738 6.885864 6.860405 6.842012 6.831786 6.814846 6.812726 6.819122 6.827016 6.826705 6.801877 6.732805 6.680382 6.586208 6.481865 6.417405 6.396712 6.405818 6.438529 6.419522 6.406732 6.427551 6.434107 6.474641 6.504711 6.519982 6.521811
6.84485 6.841172 6.851925 6.857968 6.847508 6.827446 6.79039 6.754683 6.72949 6.723596 6.721391 6.718318 6.717549 6.705572 6.702606 6.692777 6.703275 6.698373 6.692072 6.68617 6.687901 6.675009 6.676487 6.685702 6.704375 6.736216 6.772222 6.805768 6.832284 6.856537 6.881354 6.910301 6.936446 6.950821 6.945398 6.912193 6.881844 6.850457 6.822972 6.800564 6.758434 6.722674 6.70217 6.708553 6.733561 6.750276 6.726836 6.660725 6.615502 6.561331 6.489748 6.427406 6.375304 6.335567 6.348692 6.34526 6.285056 6.258996 6.239657 6.262252 6.285573 6.319498 6.388182
6.82875 6.825531 6.839068 6.846532 6.841382 6.82347 6.796565 6.759093 6.734226 6.725418 6.715035 6.708332 6.704242 6.696446 6.697637 6.687226 6.689425 6.685962 6.688697 6.683617 6.676318 6.668972 6.662006 6.670019 6.671113 6.678054 6.689179 6.714345 6.739023 6.761321 6.783325 6.819111 6.855008 6.867311 6.863503 6.835559 6.798727 6.786294 6.765094 6.725502 6.693275 6.667327 6.641287 6.641819 6.662495 6.672899 6.65407 6.6365 6.594448 6.550995 6.53565 6.470153 6.395544 6.325428 6.267745 6.280136 6.245817 6.211789 6.173536 6.132948 6.141136 6.170267 6.225447
6.818254 6.810002 6.823298 6.831473 6.820041 6.807745 6.791826 6.769474 6.753384 6.733171 6.713793 6.709647 6.701678 6.694287 6.690293 6.689697 6.684539 6.676548 6.685996 6.689567 6.681635 6.677165 6.673489 6.665889 6.646548 6.636972 6.637017 6.647537 6.646807 6.664163 6.687033 6.722446 6.763567 6.779839 6.771475 6.750028 6.726416 6.734199 6.694712 6.651956 6.62854 6.617637 6.591305 6.5817 6.600405 6.593989 6.594893 6.602279 6.57419 6.536707 6.548696 6.537236 6.470681 6.379978 6.293882 6.253542 6.256427 6.24934 6.288101 6.271382 6.232445 6.204503 6.188845
6.799744 6.79911 6.810981 6.813439 6.810844 6.786778 6.767572 6.764695 6.74711 6.727321 6.711867 6.702159 6.696967 6.690889 6.683543 6.674456 6.669446 6.670033 6.676869 6.678542 6.679729 6.679883 6.673334 6.65866 6.637013 6.62684 6.614085 6.602974 6.596673 6.601596 6.615299 6.656428 6.696956 6.699442 6.69541 6.692619 6.679773 6.693818 6.667622 6.630249 6.59485 6.565652 6.549908 6.528505 6.510908 6.506011 6.53311 6.562875 6.545649 6.511574 6.522398 6.551662 6.515939 6.449609 6.358989 6.277922 6.275033 6.324427 6.388957 6.447974 6.441372 6.387683 6.317215
6.77651 6.790059 6.804029 6.797086 6.787208 6.764874 6.751588 6.748253 6.733192 6.716887 6.70377 6.692284 6.688468 6.688247 6.677682 6.665622 6.656614 6.656389 6.661002 6.665693 6.664526 6.655104 6.651754 6.647128 6.64032 6.638747 6.624022 6.589072 6.569368 6.551495 6.553049 6.596597 6.635712 6.64416 6.639145 6.655802 6.655679 6.678832 6.671427 6.638299 6.630057 6.624415 6.597359 6.544078 6.481816 6.443079 6.442315 6.456667 6.419417 6.39402 6.420784 6.465841 6.45771 6.420683 6.361759 6.293489 6.270111 6.330016 6.399609 6.478436 6.526986 6.523982 6.454445
6.745624 6.762367 6.778635 6.777974 6.757058 6.73867 6.736983 6.72701 6.716437 6.699138 6.682609 6.672171 6.674008 6.676402 6.663799 6.655394 6.641944 6.649463 6.653692 6.651635 6.645486 6.638123 6.639671 6.639185 6.647072 6.649053 6.642866 6.611259 6.579092 6.548182 6.525 6.535958 6.575926 6.601624 6.614717 6.641421 6.661212 6.694261 6.700407 6.698486 6.720477 6.713861 6.669018 6.593845 6.518734 6.459705 6.412525 6.36609 6.305653 6.257801 6.251727 6.273904 6.275749 6.251013 6.237675 6.228061 6.239979 6.299967 6.372902 6.456954 6.538556 6.583157 6.582346
6.698669 6.713797 6.739413 6.737281 6.721334 6.712506 6.719995 6.715713 6.698088 6.686314 6.662009 6.648607 6.647962 6.648941 6.653659 6.658262 6.657656 6.648111 6.643592 6.641064 6.63615 6.639819 6.64124 6.646278 6.652896 6.666932 6.643971 6.625633 6.604925 6.571239 6.54125 6.514312 6.541768 6.586851 6.625117 6.656075 6.687299 6.726145 6.751323 6.76883 6.783635 6.776675 6.72294 6.64984 6.569602 6.506017 6.424399 6.338465 6.255838 6.148796 6.091499 6.049801 6.038377 6.040238 6.085241 6.146391 6.21369 6.291419 6.382157 6.465759 6.564789 6.654538 6.691567
6.682333 6.682963 6.687907 6.690924 6.683827 6.686662 6.697858 6.693839 6.676891 6.664528 6.649645 6.64026 6.641028 6.631936 6.635303 6.646446 6.645264 6.630159 6.618357 6.620074 6.621007 6.630743 6.634715 6.651463 6.654235 6.663497 6.646321 6.630941 6.607835 6.59079 6.5802 6.560019 6.592051 6.624682 6.655759 6.690189 6.731207 6.757952 6.787795 6.807674 6.794228 6.776098 6.733221 6.680286 6.621251 6.559861 6.49036 6.395733 6.29591 6.170219 6.081351 5.9904 5.966506 5.982071 6.011586 6.083754 6.19132 6.302423 6.395266 6.504303 6.617446 6.719113 6.784115
6.69772 6.69928 6.69377 6.663968 6.650803 6.652147 6.671516 6.6684 6.654072 6.64375 6.640851 6.632561 6.616086 6.601413 6.599043 6.606604 6.598918 6.591024 6.583204 6.585746 6.588159 6.592401 6.602114 6.615299 6.633089 6.642615 6.640959 6.629007 6.608472 6.615636 6.625695 6.612042 6.643661 6.68206 6.692069 6.716145 6.73671 6.752629 6.788721 6.787207 6.781599 6.771043 6.73285 6.692058 6.641239 6.586666 6.523005 6.454616 6.371984 6.274159 6.23059 6.178823 6.153798 6.126097 6.105049 6.136419 6.220002 6.279994 6.379958 6.500428 6.6379 6.766222 6.871851
6.721691 6.716431 6.693869 6.655785 6.630379 6.620814 6.640393 6.633208 6.613265 6.618421 6.615391 6.609669 6.583656 6.566686 6.548672 6.55309 6.546318 6.536169 6.532289 6.531886 6.53438 6.533329 6.540962 6.554823 6.570367 6.587697 6.606625 6.615469 6.629702 6.652053 6.671506 6.671102 6.688291 6.719754 6.724794 6.707726 6.711775 6.725365 6.765726 6.781515 6.785367 6.775281 6.733499 6.681335 6.630545 6.558423 6.49618 6.417954 6.366107 6.322115 6.289285 6.293108 6.315195 6.310099 6.240263 6.21443 6.238506 6.264642 6.316345 6.430298 6.578553 6.737179 6.856816
6.726971 6.715739 6.690909 6.658819 6.622431 6.602895 6.61649 6.594081 6.573531 6.578808 6.575417 6.574656 6.559296 6.542015 6.517532 6.502224 6.493363 6.488367 6.485748 6.481408 6.479899 6.479332 6.489551 6.498632 6.511622 6.526342 6.550528 6.577918 6.613378 6.654157 6.683613 6.696132 6.724885 6.731544 6.719004 6.702038 6.693768 6.69284 6.713871 6.716424 6.720914 6.699922 6.665635 6.623553 6.548763 6.482455 6.410071 6.31636 6.266756 6.244793 6.222201 6.245884 6.289144 6.297246 6.256831 6.194184 6.17762 6.192245 6.236659 6.302289 6.413612 6.544725 6.663103
6.703148 6.693088 6.683055 6.658846 6.630147 6.618943 6.591071 6.557765 6.532808 6.535103 6.537036 6.532383 6.524881 6.51265 6.49517 6.474519 6.45785 6.455985 6.455799 6.454243 6.451449 6.439726 6.438282 6.444572 6.450919 6.458606 6.475921 6.488777 6.523362 6.561232 6.609213 6.642166 6.660311 6.684661 6.6891 6.692415 6.68654 6.667694 6.648745 6.615446 6.565329 6.523912 6.494105 6.443525 6.38191 6.318934 6.248759 6.185555 6.151219 6.158171 6.132533 6.137632 6.145622 6.142704 6.120135 6.082405 6.052601 6.067575 6.094947 6.146298 6.200039 6.267784 6.390305
6.664658 6.660249 6.654541 6.640707 6.621965 6.608405 6.565442 6.530421 6.505385 6.490228 6.492653 6.487462 6.481928 6.476997 6.472532 6.453542 6.432449 6.427869 6.430237 6.43358 6.432188 6.417304 6.403901 6.397849 6.390795 6.388956 6.392392 6.388684 6.412167 6.452397 6.52166 6.558315 6.58235 6.623826 6.639432 6.651104 6.645349 6.60662 6.547336 6.512357 6.462629 6.411078 6.343974 6.3036 6.242948 6.220719 6.193966 6.163176 6.148873 6.140159 6.105694 6.087549 6.063175 6.021258 5.997253 6.018929 6.010524 6.013703 6.013736 6.019116 6.032264 6.070403 6.149436
6.63053 6.623924 6.616791 6.606109 6.585125 6.556161 6.525979 6.483791 6.465026 6.449458 6.448936 6.448194 6.443287 6.438405 6.436922 6.415368 6.401258 6.39088 6.396998 6.398556 6.407032 6.412244 6.402621 6.387922 6.370375 6.351346 6.340824 6.332942 6.348432 6.393636 6.480064 6.523028 6.561561 6.592293 6.590282 6.571941 6.553313 6.516085 6.445899 6.400384 6.370326 6.333162 6.284981 6.272229 6.290434 6.329519 6.335088 6.321567 6.301131 6.244415 6.183054 6.149835 6.143661 6.147532 6.148492 6.17531 6.160309 6.155947 6.166432 6.145272 6.084378 6.053365 6.102757
6.605021 6.589962 6.577775 6.553812 6.537111 6.510943 6.482858 6.439508 6.419024 6.406052 6.40657 6.410604 6.410411 6.406629 6.398842 6.383923 6.368817 6.350468 6.350474 6.354464 6.365915 6.378089 6.382804 6.375436 6.366941 6.350379 6.350151 6.350057 6.382861 6.439507 6.504236 6.529425 6.573714 6.580275 6.573343 6.565242 6.545081 6.486991 6.422501 6.385296 6.316346 6.284483 6.284009 6.332607 6.402499 6.464069 6.51391 6.52528 6.495219 6.40769 6.350051 6.307003 6.331916 6.378629 6.429652 6.46544 6.474679 6.495218 6.485898 6.432107 6.351014 6.258601 6.283311
6.59051 6.558838 6.541595 6.522361 6.499852 6.469358 6.438636 6.400587 6.377931 6.367846 6.361434 6.362889 6.361132 6.360271 6.354716 6.352476 6.345553 6.327498 6.321207 6.316303 6.317111 6.319012 6.330288 6.333207 6.344192 6.358083 6.378641 6.415313 6.460929 6.500423 6.531058 6.538226 6.552585 6.552813 6.537309 6.522423 6.496561 6.449606 6.411434 6.391885 6.330153 6.317043 6.368655 6.427998 6.516137 6.579508 6.620706 6.632158 6.616374 6.584162 6.564199 6.536142 6.563784 6.623175 6.680355 6.735502 6.770005 6.783283 6.755136 6.687218 6.622175 6.553283 6.499143
6.57916 6.547185 6.516872 6.501158 6.475636 6.443498 6.404643 6.374369 6.343316 6.322591 6.304867 6.302273 6.297344 6.303378 6.308278 6.31481 6.324249 6.319131 6.311614 6.298442 6.293314 6.281536 6.279514 6.288078 6.310742 6.342788 6.394939 6.455393 6.517357 6.552791 6.543859 6.528087 6.524429 6.509853 6.473968 6.451193 6.405123 6.386686 6.358478 6.361569 6.367135 6.420226 6.501991 6.576892 6.641355 6.684797 6.692266 6.697874 6.721931 6.753246 6.776777 6.786659 6.804679 6.831331 6.86108 6.886598 6.888033 6.870708 6.850308 6.818161 6.767192 6.698348 6.6404
6.562612 6.545996 6.518656 6.482213 6.447848 6.412618 6.377963 6.334344 6.302602 6.27989 6.251623 6.230557 6.22789 6.236429 6.25156 6.26727 6.27847 6.286557 6.295437 6.289533 6.277924 6.27138 6.256834 6.249983 6.261228 6.296339 6.358677 6.430262 6.491501 6.522853 6.518913 6.499409 6.486485 6.461285 6.443908 6.420181 6.373519 6.351849 6.320778 6.346088 6.384854 6.46595 6.560169 6.641542 6.686858 6.724259 6.753905 6.78183 6.823361 6.865 6.89745 6.910267 6.917063 6.913466 6.904589 6.883778 6.867559 6.842827 6.845107 6.832122 6.801386 6.762716 6.70455
6.527908 6.511803 6.490604 6.457028 6.419033 6.377858 6.329783 6.294403 6.264071 6.23362 6.211132 6.191776 6.168615 6.164562 6.164633 6.165127 6.183618 6.211889 6.235637 6.247101 6.241044 6.241975 6.23374 6.232097 6.2313 6.256396 6.30559 6.377059 6.430824 6.462539 6.480779 6.474423 6.467446 6.454294 6.438249 6.416699 6.378317 6.342364 6.317017 6.326201 6.407936 6.500351 6.57529 6.630874 6.665579 6.703321 6.755327 6.800448 6.855814 6.90672 6.93725 6.944779 6.920659 6.898812 6.861536 6.8323 6.814137 6.806341 6.81802 6.826881 6.812781 6.786329 6.739151
6.50303 6.475301 6.45316 6.424086 6.387177 6.344486 6.303977 6.267203 6.221266 6.188333 6.176136 6.151906 6.122248 6.105199 6.088336 6.073899 6.083479 6.112955 6.140858 6.161185 6.183333 6.198465 6.210124 6.221454 6.231925 6.256048 6.29868 6.34766 6.388852 6.424318 6.456116 6.47895 6.482666 6.492051 6.47152 6.455197 6.411157 6.364535 6.343714 6.392791 6.480717 6.524852 6.55369 6.581616 6.601462 6.631093 6.680605 6.733687 6.798838 6.86335 6.902354 6.909856 6.882439 6.849165 6.810143 6.778534 6.759125 6.774472 6.794097 6.814135 6.816207 6.779996 6.744262
