py_wake/examples/data/AJ_ParqueFicticio/Rough survey   Sector 9   Height 200m   Mean speed.grd
DSAA
73  159
 258469   265669
 6501692   6517492
 5.765814   13.34246
[rows 56 to 83 of 159, columns 0 to 62 of 73]
8.509485 8.530551 8.565438 8.594389 8.614971 8.607828 8.59048 8.569353 8.555879 8.537351 8.523091 8.503978 8.485992 8.46313 8.429955 8.416005 8.415235 8.4211 8.425049 8.43014 8.40899 8.383368 8.394769 8.42135 8.437417 8.446456 8.450861 8.466658 8.541172 8.714637 8.899541 9.009277 9.032534 9.100574 9.22117 9.333864 9.433123 9.455128 9.397731 9.408096 9.542675 9.623351 9.690938 9.749834 9.831854 9.966573 10.08055 10.09162 10.11158 10.13194 10.14229 10.07439 9.830878 9.431868 9.11448 9.12723 9.27625 9.287958 9.036793 8.6736 8.367361 8.270764 8.340696
8.499423 8.517509 8.559189 8.594787 8.61659 8.601091 8.57772 8.556111 8.535987 8.523148 8.50874 8.493609 8.475162 8.454215 8.435192 8.421688 8.416203 8.4199 8.428408 8.431251 8.434963 8.423847 8.424273 8.436625 8.454904 8.472715 8.487851 8.522051 8.646634 8.842851 9.046922 9.144485 9.161957 9.228514 9.343961 9.449785 9.53546 9.54855 9.510674 9.499239 9.580228 9.647175 9.677252 9.710997 9.814313 9.942407 9.992438 9.951818 9.969351 9.999931 10.0017 9.89624 9.6583 9.287276 9.029499 9.085037 9.237137 9.243484 8.975915 8.606698 8.282054 8.147467 8.213621
8.471627 8.497029 8.54762 8.588514 8.608212 8.584594 8.553688 8.529534 8.512704 8.502203 8.490112 8.475012 8.463702 8.447871 8.441436 8.43187 8.421926 8.41854 8.420477 8.429112 8.451454 8.457732 8.458576 8.459684 8.470917 8.489387 8.524375 8.596075 8.740693 8.949892 9.136111 9.211226 9.233547 9.278943 9.385283 9.496945 9.59361 9.615682 9.574494 9.544754 9.597602 9.613667 9.605258 9.64978 9.749751 9.860116 9.881002 9.824916 9.834155 9.871783 9.855157 9.703639 9.483898 9.167697 8.9625 9.037293 9.159348 9.165485 8.933895 8.581923 8.247454 8.073659 8.131521
8.465802 8.514612 8.579982 8.607587 8.596298 8.570221 8.529325 8.502338 8.489189 8.479266 8.472108 8.467715 8.452591 8.436775 8.433718 8.432862 8.429391 8.427106 8.425943 8.437667 8.455355 8.476303 8.489334 8.483307 8.496123 8.519818 8.565649 8.656713 8.79377 8.99177 9.157563 9.219004 9.242531 9.292297 9.406885 9.531939 9.63167 9.661863 9.617749 9.566087 9.56049 9.538673 9.522974 9.573822 9.671204 9.758221 9.762821 9.724832 9.730448 9.758001 9.699201 9.528661 9.332133 9.074098 8.916281 8.962598 9.052761 9.072579 8.883134 8.551613 8.226925 8.0242 8.070958
8.499769 8.557495 8.622613 8.633545 8.597102 8.549743 8.50392 8.473933 8.467641 8.46533 8.461269 8.453894 8.440748 8.421474 8.424103 8.429789 8.427304 8.429719 8.438541 8.461108 8.472922 8.478882 8.490171 8.499231 8.513544 8.539961 8.610498 8.722503 8.871557 9.034969 9.184518 9.249522 9.275982 9.336488 9.456611 9.57846 9.652483 9.678259 9.617513 9.551226 9.505888 9.462094 9.461569 9.524601 9.598597 9.658031 9.657753 9.64152 9.639659 9.631098 9.534391 9.366946 9.197388 9.013103 8.87086 8.885839 8.968657 8.991894 8.802165 8.487939 8.189242 8.001764 8.007162
8.550318 8.608027 8.637387 8.618229 8.568765 8.517896 8.473118 8.452092 8.461493 8.463454 8.461013 8.451839 8.43774 8.427509 8.426001 8.427995 8.429384 8.432088 8.450586 8.478281 8.503941 8.507059 8.506717 8.512639 8.524636 8.570507 8.667978 8.809487 8.970258 9.147136 9.267247 9.319534 9.353737 9.430137 9.51089 9.598376 9.663126 9.65688 9.601489 9.526022 9.460957 9.408862 9.421548 9.46753 9.530986 9.565268 9.554328 9.557615 9.571011 9.510527 9.385708 9.237135 9.096743 8.982782 8.829054 8.815353 8.879738 8.876597 8.70112 8.408786 8.139386 7.973392 7.916503
8.577099 8.633972 8.622169 8.594801 8.545031 8.496381 8.461438 8.452554 8.460374 8.469143 8.466589 8.456518 8.447144 8.438875 8.430809 8.425397 8.423199 8.422795 8.452986 8.485564 8.514767 8.518471 8.522275 8.528802 8.555842 8.616747 8.721541 8.881025 9.050725 9.208488 9.341753 9.386122 9.413918 9.487811 9.564987 9.629745 9.665439 9.629366 9.557901 9.49089 9.419557 9.369889 9.370668 9.413318 9.453768 9.486962 9.486944 9.478544 9.464706 9.416275 9.277082 9.140132 9.043592 8.937265 8.820718 8.739543 8.761806 8.727331 8.572632 8.309999 8.068839 7.918177 7.856663
8.585562 8.616368 8.601528 8.573586 8.53561 8.503482 8.481894 8.473412 8.47084 8.478015 8.477539 8.466616 8.455798 8.44587 8.437251 8.426154 8.416028 8.413321 8.43914 8.474961 8.499084 8.511875 8.528593 8.550301 8.589208 8.676325 8.791589 8.936193 9.109484 9.261002 9.374722 9.411655 9.441195 9.525743 9.625166 9.683996 9.672462 9.615609 9.540739 9.468515 9.386815 9.322356 9.304733 9.338509 9.390921 9.417421 9.407361 9.383529 9.356489 9.290205 9.17164 9.079866 9.011054 8.888524 8.759115 8.635653 8.591899 8.53998 8.395425 8.181591 7.97523 7.871233 7.821091
8.581311 8.59219 8.5742 8.554645 8.534074 8.511825 8.504946 8.496856 8.485816 8.480317 8.476452 8.470634 8.461312 8.453773 8.438581 8.4267 8.418198 8.42857 8.452087 8.470318 8.480182 8.515853 8.538308 8.56572 8.619224 8.709611 8.83525 8.989884 9.162025 9.295348 9.377655 9.411485 9.456356 9.541542 9.641351 9.680254 9.655242 9.58987 9.524539 9.449935 9.356376 9.274418 9.246731 9.293901 9.335929 9.359617 9.314366 9.284457 9.242375 9.178362 9.111938 9.051263 8.962033 8.797132 8.638621 8.512244 8.397239 8.325331 8.20752 8.034325 7.892565 7.830835 7.790565
8.562863 8.566048 8.547227 8.530062 8.523123 8.520397 8.519321 8.519054 8.503318 8.480026 8.472923 8.467647 8.464805 8.458801 8.44284 8.430537 8.42882 8.446974 8.465074 8.482748 8.51308 8.551237 8.57617 8.598726 8.64273 8.718572 8.840615 9.002131 9.171328 9.292492 9.362854 9.380616 9.440946 9.530662 9.608595 9.620669 9.597116 9.535042 9.467793 9.402888 9.316463 9.242279 9.229231 9.26929 9.310729 9.286264 9.228356 9.203515 9.166318 9.090665 9.064889 9.029523 8.92208 8.740856 8.521265 8.361588 8.230946 8.150655 8.05052 7.92888 7.872967 7.829922 7.772325
8.53441 8.534424 8.519767 8.508575 8.513573 8.518078 8.52631 8.526343 8.503687 8.474546 8.469177 8.463397 8.457364 8.450134 8.444445 8.445961 8.446812 8.466778 8.48183 8.497689 8.535404 8.593059 8.611962 8.624167 8.6654 8.73095 8.865092 9.016137 9.167019 9.274078 9.336703 9.370167 9.432024 9.51544 9.555862 9.556131 9.525099 9.465771 9.407099 9.338748 9.263628 9.229763 9.219886 9.245983 9.27274 9.216847 9.157423 9.161701 9.123718 9.029371 9.016943 9.01442 8.888234 8.656717 8.400215 8.192501 8.079484 8.020826 7.98279 7.952763 7.925844 7.883888 7.79884
8.518762 8.514501 8.498624 8.494425 8.497631 8.515482 8.527336 8.524185 8.512104 8.479167 8.467657 8.462205 8.454405 8.44499 8.445152 8.456554 8.469994 8.480591 8.49544 8.517982 8.555878 8.598932 8.611749 8.632225 8.683361 8.772789 8.898326 9.035587 9.162914 9.261946 9.33731 9.385624 9.437798 9.5007 9.51795 9.505042 9.480219 9.426271 9.370653 9.295673 9.242795 9.22797 9.22965 9.222531 9.191051 9.127368 9.107556 9.115707 9.084104 8.984669 8.984182 8.984195 8.840141 8.587369 8.299123 8.052191 7.965912 7.933368 7.957724 7.978786 7.971191 7.923112 7.806701
8.506919 8.495058 8.481249 8.483008 8.494109 8.514535 8.523571 8.522503 8.515032 8.489793 8.467803 8.458143 8.452836 8.446997 8.454824 8.473603 8.487267 8.497798 8.502172 8.519017 8.542413 8.56627 8.579907 8.627216 8.704199 8.83091 8.954818 9.049777 9.161582 9.26965 9.334758 9.380908 9.440559 9.487332 9.506863 9.493123 9.460279 9.400153 9.335204 9.287788 9.254165 9.268852 9.269502 9.228214 9.130294 9.067985 9.06445 9.05583 8.994562 8.906384 8.925672 8.91178 8.751018 8.488118 8.195603 7.94673 7.840991 7.870764 7.939044 7.988113 7.990613 7.939696 7.789332
8.481599 8.470513 8.454855 8.458938 8.489683 8.517757 8.524389 8.520331 8.51546 8.500123 8.478325 8.456158 8.446338 8.448843 8.488252 8.51612 8.518592 8.513492 8.510532 8.507398 8.510056 8.519084 8.558661 8.635433 8.751726 8.879228 8.99112 9.097716 9.211355 9.314861 9.367435 9.398627 9.427093 9.490464 9.515003 9.500005 9.459823 9.393391 9.324162 9.300995 9.301035 9.30074 9.278374 9.200106 9.093439 9.021532 9.002525 8.971689 8.900746 8.835375 8.830605 8.771273 8.598579 8.341104 8.077467 7.842581 7.758424 7.828432 7.921872 7.975039 7.975946 7.923233 7.802035
8.461782 8.45274 8.427839 8.439165 8.485721 8.518786 8.516316 8.513165 8.51384 8.503571 8.486947 8.469357 8.450226 8.459308 8.513703 8.557804 8.546306 8.525596 8.510062 8.506388 8.500161 8.511899 8.584795 8.684825 8.802699 8.911073 9.013018 9.115627 9.251733 9.375674 9.431275 9.441543 9.47561 9.486494 9.522819 9.527833 9.485708 9.402007 9.348011 9.332107 9.33402 9.318134 9.25496 9.153887 9.051632 8.968827 8.921334 8.859487 8.782708 8.721894 8.68169 8.573205 8.425245 8.22844 8.000089 7.808918 7.743816 7.824494 7.921539 7.96712 7.970929 7.917802 7.801931
8.459044 8.437565 8.414641 8.420403 8.479023 8.504953 8.492677 8.49528 8.505072 8.507578 8.495439 8.481773 8.4706 8.484932 8.525006 8.563084 8.54407 8.526105 8.51058 8.496499 8.500571 8.532385 8.629298 8.733223 8.847489 8.931847 9.031909 9.127645 9.264072 9.395899 9.493518 9.518182 9.539187 9.574324 9.586792 9.566326 9.500319 9.44381 9.386782 9.36861 9.338272 9.28515 9.196902 9.097792 9.018916 8.933824 8.85163 8.776819 8.696843 8.625501 8.547718 8.440693 8.342665 8.216689 8.024528 7.839329 7.785688 7.855045 7.941307 7.979336 7.977938 7.92633 7.809145
8.464094 8.436085 8.416187 8.427659 8.459196 8.471177 8.457931 8.474467 8.504308 8.523349 8.513811 8.502217 8.497774 8.49907 8.522222 8.534605 8.5158 8.503749 8.493698 8.485292 8.494176 8.539575 8.633556 8.744975 8.846209 8.937628 9.030221 9.138163 9.280316 9.448334 9.571588 9.60014 9.631969 9.646189 9.624969 9.604134 9.53336 9.452257 9.40047 9.362938 9.317726 9.247573 9.139348 9.056051 8.972301 8.8776 8.787937 8.701447 8.634458 8.556379 8.489687 8.415587 8.367865 8.292684 8.128 7.936855 7.874767 7.883351 7.945416 7.990864 7.991974 7.938357 7.819828
8.466217 8.445373 8.443576 8.440897 8.439255 8.437525 8.426368 8.465567 8.519142 8.525583 8.526138 8.518682 8.521296 8.511929 8.502717 8.499971 8.477432 8.469342 8.463794 8.462062 8.475544 8.532592 8.632341 8.738223 8.837058 8.928378 9.016734 9.153678 9.333111 9.526627 9.645327 9.665502 9.688465 9.685712 9.651244 9.583859 9.513586 9.449237 9.40689 9.364228 9.311715 9.216721 9.096649 9.003844 8.906397 8.796861 8.689257 8.593503 8.545777 8.489646 8.443604 8.405003 8.408886 8.36527 8.184202 7.994768 7.907541 7.922059 7.944748 7.990173 7.996374 7.929064 7.791539
8.465775 8.45249 8.453101 8.455043 8.451195 8.419296 8.395915 8.461487 8.522347 8.521599 8.525217 8.523726 8.523223 8.522921 8.497004 8.461374 8.435399 8.438826 8.441407 8.445405 8.463163 8.53579 8.637485 8.740138 8.834405 8.918417 9.018768 9.163589 9.384266 9.600904 9.715028 9.736523 9.73228 9.705341 9.644301 9.56817 9.500648 9.429272 9.37954 9.332513 9.254382 9.133268 9.026521 8.937202 8.805399 8.705172 8.584164 8.474047 8.436579 8.414853 8.379715 8.366021 8.37483 8.33736 8.178393 7.973893 7.8879 7.913257 7.961905 7.973191 7.958408 7.86534 7.68475
8.452335 8.448842 8.447543 8.446225 8.442134 8.404689 8.395834 8.458994 8.509022 8.505808 8.504038 8.506073 8.508307 8.505837 8.468019 8.423213 8.412206 8.423065 8.433369 8.447804 8.480656 8.543089 8.646746 8.744525 8.833114 8.909588 9.009951 9.180628 9.410851 9.636801 9.761863 9.783768 9.735875 9.672448 9.612345 9.544526 9.484317 9.409371 9.316104 9.235813 9.116265 8.980597 8.880815 8.775535 8.647043 8.533961 8.456302 8.370165 8.364346 8.360984 8.322641 8.307357 8.302016 8.242071 8.090893 7.936139 7.86795 7.887916 7.923679 7.926475 7.872014 7.735612 7.531666
8.423358 8.42592 8.427809 8.42645 8.416244 8.408247 8.407521 8.445438 8.479505 8.486691 8.483769 8.48139 8.480056 8.469193 8.447886 8.4107 8.401435 8.413234 8.42882 8.451924 8.503682 8.567092 8.647995 8.733625 8.810597 8.889008 8.992476 9.177544 9.421422 9.664474 9.805421 9.804153 9.728691 9.648093 9.562957 9.49577 9.437895 9.351673 9.216285 9.115644 8.998705 8.84162 8.714247 8.614983 8.51137 8.457397 8.41331 8.372808 8.368289 8.333186 8.275155 8.230688 8.192202 8.118858 8.010983 7.954149 7.929442 7.910318 7.902879 7.875394 7.768444 7.597985 7.381433
8.403365 8.398432 8.39567 8.389316 8.385483 8.399397 8.411181 8.4318 8.450128 8.462306 8.467005 8.464158 8.456411 8.450623 8.441391 8.426308 8.40167 8.400702 8.411833 8.452208 8.523082 8.604293 8.686435 8.758424 8.806526 8.874772 8.994717 9.199776 9.474199 9.731757 9.882363 9.856585 9.757573 9.652345 9.524326 9.417109 9.354106 9.252303 9.077624 8.969818 8.86476 8.717403 8.617524 8.572639 8.54068 8.528099 8.49458 8.44707 8.418636 8.331427 8.24487 8.193494 8.167923 8.137578 8.095941 8.08677 8.043962 7.994122 7.954666 7.879603 7.711818 7.493018 7.269412
8.38777 8.372058 8.35778 8.349591 8.346953 8.370196 8.397663 8.416194 8.42452 8.440947 8.44827 8.450146 8.443912 8.437321 8.434622 8.429331 8.407022 8.388276 8.392486 8.440632 8.521171 8.608643 8.715631 8.770326 8.80418 8.882751 9.040132 9.292096 9.60493 9.87562 9.999008 9.917296 9.788539 9.642859 9.495987 9.395114 9.313806 9.177406 9.000768 8.877542 8.725323 8.624778 8.605594 8.63513 8.646489 8.636766 8.584155 8.521546 8.450425 8.322329 8.245757 8.213276 8.226052 8.24284 8.24724 8.239723 8.177273 8.114877 8.024228 7.883393 7.673241 7.448679 7.200932
8.373803 8.352815 8.330042 8.314878 8.311424 8.351272 8.38833 8.41652 8.421913 8.420891 8.426058 8.424867 8.419257 8.418903 8.425077 8.425094 8.411774 8.389316 8.399632 8.449168 8.504233 8.591486 8.683928 8.744022 8.808103 8.921208 9.127043 9.431579 9.777597 10.03245 10.06253 9.927919 9.763535 9.588085 9.449336 9.33717 9.224788 9.072224 8.918222 8.79957 8.673268 8.637015 8.685706 8.721247 8.75261 8.736152 8.663068 8.559613 8.441176 8.34944 8.308075 8.297662 8.324715 8.38072 8.413362 8.404191 8.336582 8.23409 8.063648 7.846833 7.611162 7.383511 7.122136
8.351027 8.333177 8.306678 8.28662 8.314671 8.35258 8.392042 8.401715 8.409608 8.403036 8.396101 8.389822 8.383652 8.398546 8.414552 8.416437 8.411134 8.414528 8.432994 8.474092 8.526722 8.594464 8.656853 8.728586 8.818458 8.979259 9.237573 9.579903 9.935376 10.13145 10.0807 9.887173 9.69566 9.518245 9.380718 9.245996 9.100134 8.934442 8.802736 8.732349 8.702435 8.745009 8.818408 8.851008 8.854507 8.798976 8.695057 8.575856 8.482124 8.41788 8.404345 8.417402 8.453115 8.49623 8.535734 8.50839 8.400588 8.226547 7.995737 7.749085 7.510025 7.271962 7.005302
8.318278 8.307709 8.28861 8.278523 8.300359 8.346458 8.375654 8.381211 8.386998 8.3851 8.377023 8.355829 8.34928 8.37937 8.405426 8.409661 8.406275 8.432149 8.469701 8.503633 8.54614 8.610936 8.674313 8.741775 8.846502 9.046217 9.343406 9.70806 10.02228 10.14687 10.03263 9.816182 9.614465 9.451617 9.311302 9.173991 9.007751 8.847562 8.741629 8.730521 8.788095 8.861228 8.931963 8.951324 8.916103 8.836255 8.720976 8.616817 8.546952 8.497891 8.480185 8.48963 8.516632 8.5521 8.560426 8.494281 8.341423 8.131365 7.877743 7.626534 7.387874 7.139341 6.885696
8.28409 8.278977 8.274837 8.264965 8.27141 8.298058 8.325234 8.339766 8.349914 8.360034 8.359955 8.332213 8.325454 8.341526 8.357443 8.363084 8.369709 8.416261 8.467194 8.502939 8.559404 8.618535 8.695583 8.77344 8.906004 9.123914 9.448723 9.809043 10.07146 10.12817 9.971889 9.75576 9.566649 9.419955 9.27805 9.101932 8.932184 8.77712 8.720181 8.776885 8.894887 8.991821 9.020801 8.996031 8.936846 8.845054 8.734856 8.647017 8.581339 8.535626 8.50691 8.510427 8.528275 8.542658 8.526139 8.434129 8.255998 8.040483 7.790642 7.535357 7.297406 7.041847 6.769765
8.254839 8.235686 8.23658 8.242516 8.244303 8.256421 8.280337 8.300048 8.317448 8.332721 8.33364 8.331858 8.315896 8.319913 8.328951 8.32904 8.345726 8.392653 8.438209 8.49368 8.56622 8.628664 8.711675 8.82598 8.999449 9.269692 9.599882 9.913662 10.10933 10.1026 9.938531 9.74714 9.576015 9.420061 9.258374 9.052963 8.860276 8.73668 8.752777 8.890759 9.024679 9.081068 9.056505 8.995771 8.922845 8.821627 8.71967 8.639504 8.591101 8.537888 8.498977 8.491923 8.501909 8.498663 8.455026 8.353221 8.173779 7.96331 7.719133 7.461804 7.207003 6.930737 6.642877
