py_wake/examples/data/AJ_ParqueFicticio/Rough survey   Sector 8   Height 200m   Orographic speed.grd
DSAA
73  159
 258469   265669
 6501692   6517492
 .721692   1.448555
[rows 84 to 111 of 159, columns 0 to 62 of 73]
.9012876 .8970983 .8938875 .8920377 .8908145 .8894901 .8892201 .8885763 .8879556 .8886312 .8897875 .8905821 .8891447 .8888686 .8909816 .8936784 .8966342 .9001575 .9051964 .9139365 .9219521 .9302489 .9401889 .9541921 .9745483 1.002496 1.032564 1.056685 1.067939 1.065585 1.056366 1.045964 1.036251 1.025166 1.009698 .9941761 .9804144 .9759963 .9855495 1.000463 1.010867 1.012719 1.012286 1.008832 1.003986 1.000575 .9995801 .9995188 .9994802 .9992526 .9988438 .9987449 .9980126 .9949744 .9898473 .98239 .9722947 .9597421 .9462882 .9310829 .9128058 .8916606 .8721412
.8940103 .8913258 .8884718 .8855994 .884257 .8836104 .8834755 .8826907 .8822287 .8830709 .8844036 .8840611 .883443 .8826731 .8868212 .8914406 .8944506 .8960055 .9001621 .9064587 .9144458 .9250688 .9384066 .9561431 .9798308 1.009557 1.038644 1.058084 1.066675 1.059319 1.051594 1.042453 1.03035 1.017633 1.001117 .9883015 .9791 .9816032 .9948936 1.009457 1.016688 1.017185 1.014527 1.011601 1.008958 1.006219 1.004162 1.002148 .9979608 .9955232 .9948622 .9945475 .9952601 .995177 .9923434 .9863478 .9773158 .9639392 .9488242 .9303539 .9083298 .8841531 .8645833
.8850806 .8833076 .8811892 .8789872 .8779487 .8783135 .8781097 .8768584 .8780657 .8788671 .879288 .8791352 .8799397 .8796022 .8829716 .8884546 .891004 .893646 .8971039 .9001916 .9077813 .9179028 .9329278 .9530438 .9787731 1.006845 1.032413 1.052529 1.058709 1.055107 1.047598 1.036867 1.025872 1.013146 .9991606 .9882581 .9813368 .9884419 1.005559 1.016711 1.020662 1.019597 1.019807 1.018316 1.016464 1.012827 1.010304 1.006685 1.001165 .9965003 .9935517 .9945967 .9960276 .9971275 .9957044 .9910578 .9815808 .9668203 .9486872 .9272366 .9028133 .877919 .8610535
.8772264 .8750538 .8731261 .8720052 .8708143 .8709655 .8715245 .8722094 .8732993 .8741798 .8743209 .8739997 .8750145 .8766294 .878961 .8828775 .8864474 .8901219 .8938748 .8970933 .9037342 .9136057 .9276009 .9488229 .9750542 1.003121 1.029715 1.050909 1.059383 1.061101 1.054894 1.043852 1.031792 1.018222 1.004669 .9920241 .9877348 .9995258 1.011072 1.020233 1.024582 1.026361 1.026935 1.026555 1.023461 1.018648 1.013183 1.008659 1.00186 .99475 .9909793 .993776 .996905 .9981265 .9977307 .9931135 .98108 .9633818 .9419903 .9210064 .897321 .8767771 .8661892
.871304 .8677726 .865418 .8648194 .8641456 .8629937 .8633188 .8638514 .8653831 .8673764 .8689067 .8689359 .8705517 .8733561 .8751666 .8761406 .8799402 .885303 .890072 .8959599 .903732 .9142014 .9312766 .9542229 .9814187 1.011092 1.040763 1.066195 1.07881 1.079415 1.070217 1.05684 1.040462 1.025128 1.01037 .9976921 .9979319 1.009213 1.01897 1.026699 1.031948 1.035373 1.034448 1.029823 1.022985 1.016027 1.010285 1.003901 .9952821 .9871312 .9839379 .9868829 .9914021 .9925919 .9920529 .9847748 .9708866 .9524976 .9326686 .9120207 .8929468 .8793642 .8789415
.8658413 .8612882 .8594745 .8587733 .8583333 .8566251 .856904 .8554774 .8570203 .8601937 .8632361 .8648827 .8661039 .8700539 .8726788 .8713667 .874154 .8804797 .8879218 .8968718 .9091092 .9240451 .9463104 .9750184 1.006922 1.036635 1.070105 1.096104 1.107453 1.102117 1.087175 1.067146 1.04763 1.028185 1.011481 1.001565 1.005582 1.019919 1.029582 1.037247 1.04207 1.04197 1.036784 1.02751 1.01853 1.011923 1.005359 .9971709 .9863808 .9793653 .9766451 .9795415 .978978 .9790631 .9768473 .9697807 .95433 .9353856 .9174194 .9034687 .8903279 .8834872 .8884271
.860961 .8571972 .8555598 .8521576 .8516977 .8519377 .8516233 .8511385 .8512717 .8534258 .857375 .8603808 .8634211 .8662717 .8700409 .8708178 .8728994 .8788022 .8899729 .903626 .9218089 .9439405 .9732249 1.010107 1.045505 1.078056 1.107854 1.131552 1.136435 1.122834 1.09954 1.075404 1.053355 1.032673 1.014607 1.01139 1.017371 1.029046 1.040888 1.049509 1.052556 1.049218 1.03948 1.029544 1.025207 1.022968 1.016359 1.007442 .9934536 .9848039 .984901 .9858115 .9824811 .9763385 .9667009 .9541441 .935877 .9178579 .904617 .8986463 .8931479 .8926705 .897664
.8577513 .8532819 .8511963 .8479956 .8461273 .8465778 .8474823 .8487474 .8498648 .8512089 .8536947 .8567804 .8610731 .865523 .8696204 .8716384 .8746577 .8837774 .8996392 .9189426 .9435438 .9739775 1.009418 1.051005 1.089963 1.118239 1.144559 1.161813 1.157637 1.13589 1.108237 1.082956 1.060027 1.038761 1.023018 1.028065 1.030644 1.039703 1.052846 1.062277 1.063766 1.056847 1.04804 1.042891 1.043758 1.041064 1.032054 1.01968 1.006839 1.00086 1.004875 1.0044 .997128 .9870929 .9692534 .9457412 .9293076 .9181845 .9127749 .9105725 .9067825 .9078026 .9108809
.8535367 .8486549 .8455904 .8430312 .8414412 .8434866 .8463691 .8476573 .8499039 .85144 .853793 .8570844 .860925 .8667584 .8731959 .875973 .8830792 .8982615 .9209978 .9463535 .9749013 1.010857 1.052801 1.093598 1.129556 1.1541 1.174326 1.18375 1.170977 1.144581 1.115404 1.088587 1.062232 1.03938 1.030374 1.039973 1.045769 1.053005 1.064393 1.074867 1.074908 1.069352 1.064649 1.064184 1.062568 1.054235 1.040521 1.027479 1.020603 1.021589 1.026358 1.025218 1.015791 1.001703 .9835249 .9645236 .9516041 .9451781 .9414249 .9352685 .9288808 .9253408 .9257799
.847783 .8437705 .8408014 .8387102 .8391517 .8418167 .8453801 .8477772 .8507584 .8535869 .8560609 .8578918 .863438 .8703784 .8785436 .8878565 .9000669 .9227442 .9529516 .9840563 1.015313 1.051205 1.092991 1.133335 1.165488 1.183695 1.197582 1.198652 1.177921 1.145976 1.114957 1.084218 1.058896 1.039389 1.041285 1.05365 1.060182 1.065081 1.077955 1.088981 1.090929 1.088432 1.084699 1.080833 1.071818 1.05707 1.042724 1.032514 1.032567 1.036257 1.038952 1.037061 1.027494 1.014403 1.00092 .9894769 .9823585 .9764836 .9681541 .9571434 .9485207 .9428395 .9415869
.8415652 .839259 .8364496 .835535 .8367198 .8406348 .8451125 .8484448 .8526193 .8564473 .8587527 .8617465 .867565 .876778 .8890573 .9034697 .9251803 .9561275 .9921339 1.027494 1.05924 1.090891 1.130682 1.168659 1.196037 1.208372 1.213282 1.205014 1.173508 1.137476 1.103956 1.075036 1.053834 1.043204 1.053338 1.068393 1.075218 1.082408 1.095879 1.10735 1.110012 1.104529 1.096676 1.083779 1.068329 1.051201 1.04004 1.036596 1.038924 1.040153 1.038748 1.032936 1.026432 1.019461 1.011071 1.004974 1.000393 .992763 .9827257 .9717363 .9628613 .957109 .955751
.8349746 .8335941 .8333043 .8344342 .8363976 .8409154 .8461878 .8526648 .8570212 .8605936 .8648893 .8695282 .8767403 .8879069 .9041349 .9257014 .9561401 .9926237 1.033139 1.070464 1.101432 1.130134 1.164292 1.198975 1.220694 1.224371 1.216312 1.191507 1.155135 1.117399 1.087186 1.06536 1.052864 1.053353 1.069088 1.085301 1.093202 1.100818 1.113058 1.122696 1.119361 1.105992 1.091877 1.074519 1.059128 1.045864 1.039528 1.038548 1.036764 1.033822 1.028688 1.022096 1.014456 1.009784 1.0073 1.0073 1.005313 .9990318 .9915651 .9824044 .9735119 .9675121 .9640825
.8292155 .8299948 .8328182 .8364014 .8400574 .8446143 .8500711 .8569757 .8637046 .8676971 .873333 .8806934 .8917282 .9077954 .9288709 .9555402 .9894619 1.028699 1.071686 1.110477 1.141951 1.166786 1.194969 1.221476 1.23332 1.222434 1.193766 1.157083 1.119682 1.089891 1.071522 1.063559 1.064246 1.071223 1.089436 1.103992 1.113076 1.119028 1.125435 1.130565 1.115736 1.095377 1.075232 1.057839 1.046235 1.039588 1.034739 1.029529 1.023712 1.017422 1.010699 1.002266 .9907635 .983532 .9903969 .9958885 .9978169 .9969634 .9961521 .9892533 .9789609 .9708332 .965386
.8256025 .8294112 .8344284 .8397548 .8456758 .8521366 .8573623 .8637111 .8717665 .8783967 .8871026 .8982552 .9138212 .9355168 .9635202 .9936996 1.026151 1.065371 1.110162 1.150229 1.1776 1.195242 1.215669 1.232566 1.227747 1.196739 1.154973 1.116316 1.090614 1.078369 1.077366 1.081905 1.085976 1.092541 1.108389 1.121759 1.129933 1.129347 1.124073 1.117406 1.09775 1.075027 1.054332 1.038976 1.02772 1.01995 1.010641 1.003355 .9947835 .9885763 .9832227 .9724924 .9630412 .9616033 .9706923 .977797 .982752 .9849054 .9868551 .9858883 .979291 .9699177 .9607283
.8270654 .832401 .8385796 .8451751 .8512949 .8613681 .8689247 .8741335 .8834796 .89448 .9079142 .9238638 .9458133 .9744567 1.007672 1.039096 1.070815 1.109046 1.151462 1.186803 1.208417 1.217409 1.228034 1.230069 1.206121 1.164416 1.124245 1.102162 1.100329 1.104647 1.109359 1.110406 1.109355 1.108638 1.117199 1.128151 1.129382 1.118831 1.10587 1.092678 1.072868 1.050774 1.031103 1.017224 1.007491 .9950081 .9804944 .9678518 .9578763 .9535571 .9508169 .9489179 .9517629 .9652575 .9759985 .9844779 .9850669 .9855659 .9837456 .9811051 .9769165 .9696667 .9589038
.8324442 .8377519 .8471413 .8545476 .8622285 .8729734 .8847137 .8912628 .9023553 .9179541 .9355397 .9578865 .9861446 1.020795 1.058371 1.090879 1.122427 1.157527 1.194686 1.222435 1.233665 1.23545 1.232333 1.215205 1.177624 1.140047 1.119336 1.124546 1.137108 1.14473 1.141075 1.132428 1.121621 1.113911 1.116268 1.11877 1.107076 1.089787 1.076369 1.063261 1.044307 1.022905 1.005939 .9913179 .9839356 .9726537 .958145 .9404954 .9340448 .9336295 .9405401 .9533294 .9721249 .993395 1.005369 1.013368 1.014049 1.013479 1.005551 1.000447 .9964815 .98801 .9730407
.8437274 .8519464 .8613136 .8705503 .8800182 .8912913 .9052109 .9180103 .930503 .9493665 .9731136 1.000285 1.03314 1.071941 1.110926 1.144723 1.176148 1.207059 1.234276 1.252775 1.254427 1.244413 1.225291 1.191101 1.156907 1.139677 1.145393 1.163379 1.177812 1.174161 1.158928 1.140388 1.124049 1.113903 1.109177 1.099816 1.080873 1.060553 1.042475 1.02994 1.012058 .994048 .9812644 .9737262 .9671667 .957431 .9449448 .9359787 .9390599 .9495768 .966574 .9878576 1.010992 1.031497 1.04363 1.05018 1.050307 1.047555 1.042233 1.036031 1.026489 1.005953 .9863636
.8594005 .8707374 .8797919 .8922675 .9047625 .9167696 .9332081 .9506893 .9665626 .9898388 1.018813 1.049844 1.087287 1.126008 1.16478 1.198794 1.227777 1.251442 1.269258 1.276508 1.266461 1.242043 1.208522 1.176589 1.161965 1.168155 1.187055 1.201977 1.201688 1.183684 1.159215 1.135817 1.119046 1.109226 1.101474 1.083509 1.062258 1.039101 1.016934 .9963554 .9815024 .9733864 .9708326 .9736901 .9709381 .9629991 .9531756 .955893 .9699065 .9880358 1.008871 1.031748 1.054648 1.071557 1.081113 1.083669 1.081517 1.076372 1.068849 1.055649 1.033906 1.009414 .9960085
.8781884 .8901762 .9026631 .9175921 .9343212 .9485393 .9648567 .9878297 1.009889 1.036196 1.069861 1.102893 1.142139 1.183647 1.21933 1.249707 1.272298 1.28897 1.297666 1.292359 1.269675 1.237383 1.206628 1.188879 1.192937 1.207774 1.220625 1.219898 1.202439 1.176448 1.149436 1.127071 1.111876 1.100765 1.085828 1.065179 1.043695 1.01998 .9959648 .9763091 .9719306 .9771438 .9869007 .993696 .9900001 .9808627 .9782333 .990263 1.010594 1.031332 1.05288 1.074944 1.094303 1.106215 1.109283 1.103912 1.095735 1.085222 1.0714 1.052364 1.029248 1.013774 1.016974
.8978677 .9112995 .9266292 .9457749 .9657807 .9803174 .9966056 1.02229 1.051371 1.081332 1.118458 1.157091 1.196968 1.239025 1.27202 1.297043 1.310276 1.318009 1.31812 1.304652 1.278302 1.250374 1.229485 1.223543 1.231287 1.238203 1.233689 1.214379 1.187308 1.160291 1.138232 1.119158 1.104063 1.08728 1.068512 1.046702 1.023975 1.000975 .9818189 .9763024 .9854939 .9990621 1.011896 1.015094 1.008019 1.001489 1.007189 1.026573 1.049197 1.072174 1.09326 1.113476 1.126705 1.129855 1.122896 1.110764 1.098647 1.084456 1.068055 1.047704 1.031645 1.026367 1.036161
.9114385 .9304053 .9515607 .9739527 .9936885 1.008434 1.025802 1.053724 1.084906 1.119315 1.159734 1.203437 1.247501 1.288485 1.318488 1.336735 1.343503 1.342818 1.336873 1.322065 1.299672 1.279353 1.264885 1.259826 1.258973 1.248839 1.228633 1.202115 1.17688 1.156149 1.138633 1.119346 1.099615 1.078346 1.057602 1.035334 1.011096 .9890617 .9789521 .9866844 1.004624 1.021951 1.028345 1.025463 1.018923 1.021486 1.038161 1.062974 1.086889 1.110911 1.133347 1.150015 1.15653 1.151399 1.139038 1.126126 1.112965 1.095671 1.076796 1.057152 1.041184 1.036761 1.040758
.9260396 .9470587 .9710601 .9945983 1.015807 1.030795 1.052846 1.08417 1.116746 1.153115 1.196162 1.244142 1.291627 1.329658 1.354163 1.365796 1.368248 1.36298 1.354786 1.34067 1.322651 1.306032 1.292054 1.280871 1.267188 1.245904 1.223228 1.201619 1.184018 1.167655 1.14954 1.125785 1.09904 1.075167 1.052335 1.02686 1.00222 .9837673 .9841314 .998781 1.019707 1.035394 1.038094 1.037458 1.041956 1.058231 1.078636 1.102386 1.126271 1.149946 1.173244 1.188481 1.191001 1.183417 1.171007 1.15729 1.13816 1.114329 1.090286 1.068419 1.049853 1.039317 1.034057
.9482636 .9663667 .9884072 1.011123 1.034585 1.05647 1.082578 1.114877 1.150071 1.190071 1.234741 1.283381 1.327308 1.360241 1.377793 1.380274 1.37703 1.37114 1.360812 1.347265 1.332125 1.313992 1.297502 1.281658 1.265195 1.245693 1.22968 1.214268 1.201119 1.185138 1.161243 1.1306 1.098772 1.070256 1.041982 1.015374 .9931808 .9842798 .9946408 1.012565 1.034343 1.049431 1.058702 1.069169 1.085468 1.109544 1.130864 1.145554 1.164442 1.18765 1.210592 1.226815 1.229388 1.220982 1.206953 1.185232 1.155735 1.123268 1.094144 1.072107 1.052255 1.037872 1.02809
.9808606 .9964338 1.014212 1.035444 1.059592 1.088258 1.119104 1.151294 1.186947 1.22669 1.272352 1.318463 1.356112 1.378693 1.385139 1.377543 1.366918 1.3587 1.348765 1.337909 1.322743 1.30414 1.284577 1.270902 1.26254 1.253474 1.242622 1.233488 1.221717 1.199628 1.168416 1.132058 1.095954 1.063509 1.034368 1.009052 .991821 .9941455 1.011878 1.034227 1.057894 1.080239 1.100381 1.121631 1.143995 1.168034 1.18449 1.193313 1.203286 1.220416 1.238851 1.255958 1.255714 1.240576 1.218133 1.185706 1.14882 1.114829 1.087407 1.066422 1.048888 1.033959 1.022888
1.022306 1.035926 1.052648 1.072595 1.094996 1.12387 1.156165 1.189447 1.222187 1.2597 1.302931 1.344205 1.372696 1.381647 1.373206 1.357451 1.342437 1.333352 1.324631 1.315849 1.306241 1.290045 1.272135 1.262112 1.259719 1.258319 1.254896 1.248917 1.236467 1.209446 1.171671 1.131844 1.092151 1.059486 1.030845 1.010212 1.00209 1.013067 1.038312 1.066614 1.096644 1.128127 1.157498 1.183031 1.204316 1.22206 1.230739 1.233129 1.237805 1.247514 1.260038 1.26712 1.253701 1.226028 1.190887 1.154542 1.120034 1.092077 1.071963 1.055971 1.04159 1.028013 1.021416
1.067836 1.079989 1.094538 1.113327 1.133411 1.158312 1.187483 1.21861 1.24824 1.282774 1.322519 1.356619 1.373886 1.36814 1.349033 1.329833 1.313022 1.303871 1.298062 1.292642 1.28571 1.272988 1.255273 1.250385 1.25236 1.257731 1.264331 1.26329 1.242767 1.207994 1.164805 1.120086 1.080108 1.046994 1.025135 1.014438 1.019465 1.041718 1.075209 1.111821 1.148852 1.185046 1.217221 1.239004 1.252332 1.259984 1.259699 1.258127 1.259434 1.266338 1.270766 1.262408 1.23314 1.190505 1.14555 1.107973 1.080575 1.060802 1.048561 1.040648 1.029047 1.019715 1.019759
1.109962 1.121688 1.131244 1.146786 1.164286 1.18445 1.210386 1.238112 1.26912 1.300803 1.335166 1.361462 1.364853 1.350886 1.329251 1.307233 1.288623 1.277078 1.273717 1.272569 1.266323 1.255038 1.24002 1.23811 1.244935 1.256373 1.267833 1.263113 1.234622 1.190152 1.140383 1.096348 1.059922 1.036802 1.026465 1.028405 1.044125 1.076203 1.117577 1.161532 1.202897 1.240429 1.266821 1.278077 1.278934 1.272745 1.263049 1.256052 1.256771 1.261246 1.261218 1.240854 1.198611 1.148374 1.101909 1.066954 1.0443 1.03074 1.023001 1.016477 1.008996 1.006709 1.017265
1.143197 1.151062 1.157799 1.170265 1.186464 1.205866 1.229032 1.257213 1.289528 1.320046 1.348156 1.366972 1.362333 1.343812 1.321801 1.295413 1.273063 1.264418 1.263507 1.261992 1.253109 1.242784 1.232098 1.233281 1.246775 1.260225 1.266189 1.248528 1.208492 1.161207 1.117226 1.079788 1.056795 1.045534 1.045517 1.055707 1.077757 1.117389 1.163906 1.211878 1.253513 1.286062 1.300863 1.297827 1.284927 1.267456 1.252105 1.242062 1.240284 1.240614 1.228762 1.198543 1.151219 1.102666 1.063666 1.036992 1.019279 1.009054 1.003076 .9970614 .9924213 .9967998 1.0134
