py_wake/examples/data/AJ_ParqueFicticio/Rough survey   Sector 9   Height 200m   Orographic speed.grd
DSAA
73  159
 258469   265669
 6501692   6517492
 .6956037   1.534277
[rows 28 to 55 of 159, columns 0 to 62 of 73]
.9685613 .9691902 .9696068 .9699863 .9704188 .9710941 .971564 .9720082 .9724026 .9734819 .9750032 .9765278 .9772756 .9772859 .9772194 .9768136 .9765354 .976482 .9758221 .975123 .9740971 .9725986 .9710479 .9680997 .9634287 .9566002 .9500995 .9472968 .9468161 .9461533 .9452294 .942203 .9334591 .9217196 .9156136 .9226876 .926908 .9234641 .9199465 .9091374 .9023913 .9034829 .9077058 .9161679 .9224091 .9252629 .9264269 .934482 .9552007 .9819091 1.015074 1.057938 1.110633 1.159695 1.198335 1.244631 1.286372 1.290764 1.245899 1.17515 1.102534 1.043568 1.007688
.9683462 .9688728 .9701168 .9706274 .9715536 .9720661 .9721763 .9725944 .973427 .9744751 .9759614 .9769437 .9777113 .9772331 .9764332 .975925 .9759957 .9763851 .9763085 .9756912 .9743869 .9716027 .9688724 .9659974 .9618167 .956127 .9506448 .9475503 .9461341 .9451789 .9436267 .9398367 .931784 .9220681 .918517 .9226967 .9230947 .9191548 .916239 .9092236 .9024231 .9015818 .9039751 .9099802 .9168848 .9232541 .9310942 .9462189 .9719247 1.004579 1.041449 1.086495 1.138723 1.190404 1.233731 1.275997 1.304205 1.289071 1.229634 1.151638 1.079665 1.027736 1.011968
.9679731 .9686558 .969893 .9706076 .9716637 .9722715 .972537 .9727658 .9734942 .9749897 .9758336 .9763407 .9764619 .9754971 .9749078 .9750242 .9758147 .976461 .976563 .9763881 .9740234 .9706196 .9669778 .963902 .9600704 .9556935 .9515117 .9482945 .9455217 .9440802 .9420336 .9386452 .9299773 .9207778 .917385 .9181321 .9186453 .9165931 .9122171 .9083834 .9027412 .8987443 .9033913 .9096246 .915808 .9250802 .9394874 .9619386 .9929026 1.029514 1.068332 1.113863 1.165204 1.216796 1.262802 1.298607 1.309729 1.274584 1.203579 1.123587 1.055834 1.019464 1.032174
.9680239 .9684382 .9692025 .9699993 .9713479 .9717919 .9722767 .9723748 .973419 .9744254 .975183 .9754696 .9753723 .97404 .9736065 .9744664 .9758465 .9771574 .9774921 .9759264 .9729128 .9696954 .965659 .9620274 .9587003 .954851 .9517103 .9493165 .9455066 .9430391 .9406906 .9355429 .9257791 .9179315 .9150321 .9151585 .9129526 .9105545 .9073908 .9061716 .9030801 .900272 .9040477 .9118242 .9209208 .932363 .9504113 .9771072 1.009063 1.045577 1.085879 1.13383 1.185657 1.236503 1.282455 1.309382 1.303019 1.252575 1.175829 1.098301 1.041927 1.026841 1.066918
.9679395 .9685046 .9693818 .9700808 .9710586 .9715999 .9720049 .9726669 .9732912 .9737732 .974383 .97462 .9745494 .9727498 .9728946 .9743174 .9761876 .9777884 .9777908 .9747133 .9715121 .9682584 .9644158 .9608822 .9574596 .9537991 .9510111 .9487827 .9456705 .9424158 .9391695 .9338429 .9246361 .9180155 .9157354 .9150152 .910927 .904404 .9017205 .903185 .9040868 .902756 .906468 .9144752 .9267536 .9437838 .9658338 .989771 1.018188 1.053182 1.094463 1.142397 1.194712 1.246411 1.291517 1.311312 1.291124 1.231593 1.154705 1.085255 1.044965 1.051063 1.109709
.9689196 .969225 .9697032 .9707308 .9714146 .9724452 .9725186 .9730616 .9735017 .9741465 .9743112 .9744529 .9734912 .9721452 .9730722 .9747193 .9768149 .9782392 .9772388 .9739321 .9700847 .9666651 .9634141 .9597532 .9565815 .9535754 .9507691 .9496054 .9462662 .9417031 .9378461 .9327022 .9255496 .9189439 .9148829 .9129455 .9086261 .899356 .8966237 .8988361 .901423 .9063237 .9112155 .9203293 .9336728 .9531848 .9768104 1.00122 1.027739 1.060903 1.102257 1.150523 1.2014 1.251009 1.293264 1.311438 1.281078 1.219157 1.147127 1.088573 1.06076 1.084234 1.151516
.9692621 .9697741 .9702154 .9711321 .971675 .9727637 .9728703 .9731693 .9740627 .9745387 .9753025 .9750768 .9746451 .9737423 .9747146 .976467 .9782667 .9788615 .9760357 .972039 .9679177 .9643275 .9610245 .9581504 .955537 .9531571 .9517227 .9490527 .9457583 .9417337 .9366941 .9320546 .9264675 .9206488 .9138019 .9093867 .9059398 .8982971 .8925359 .8917626 .8970165 .9085519 .9203401 .9326309 .9446518 .9638822 .9860144 1.011532 1.040497 1.07574 1.11864 1.166372 1.215266 1.26106 1.296359 1.309511 1.277914 1.220309 1.153145 1.101639 1.086714 1.121972 1.188809
.9685693 .9696423 .9703876 .970996 .971733 .9723006 .9730073 .9735256 .9739998 .9747634 .9755204 .9754059 .9749327 .9743398 .9757203 .9774889 .9791856 .9786347 .974155 .9686407 .9640354 .9608269 .9588249 .9568496 .955046 .9537997 .9518618 .9487622 .9451731 .941005 .936439 .9314551 .9265224 .9213572 .9140649 .9071821 .9036879 .8986063 .8894128 .8847497 .8941916 .9100729 .9319806 .9510141 .9649256 .9804903 1.002617 1.030406 1.061116 1.097642 1.138434 1.186816 1.232697 1.271894 1.302041 1.31176 1.284697 1.229535 1.16519 1.119352 1.118831 1.163265 1.222358
.9669612 .9680233 .969275 .9711051 .9725028 .9734687 .974 .9740179 .9744427 .9748404 .9755855 .9756963 .9752063 .9741898 .97563 .9775429 .9783719 .9771292 .9712791 .9651607 .9601065 .9580431 .9569809 .9565333 .9560072 .9545553 .9516141 .9483939 .9445727 .9406446 .9361843 .9312069 .9271265 .9233367 .9176747 .9094664 .9027115 .8971593 .8880559 .8873255 .8992841 .9206768 .947997 .9736831 .9912565 1.002616 1.022504 1.05074 1.083469 1.11821 1.15608 1.198526 1.240303 1.277498 1.306314 1.317089 1.29366 1.240344 1.180656 1.145845 1.160203 1.207154 1.253529
.9650479 .9666148 .9684626 .9705886 .9728484 .9735255 .9733907 .9741156 .9745974 .9755227 .9752257 .975176 .9748633 .973732 .9749416 .9754601 .9749969 .9732155 .9686677 .9623962 .9577159 .9564108 .9565092 .9569077 .956642 .9545665 .9515744 .94794 .9439991 .9400347 .9359981 .9327174 .9294183 .9266978 .9223659 .9139472 .9022996 .8950601 .8912353 .8917285 .907598 .9363411 .9690718 .9979333 1.019011 1.028444 1.039811 1.065972 1.096423 1.126691 1.160489 1.198132 1.236843 1.274093 1.307331 1.323185 1.303013 1.255589 1.205016 1.185055 1.210007 1.251061 1.279429
.9654539 .9667869 .9688812 .9702564 .9717026 .9725681 .9721411 .9734116 .9747144 .9757177 .9758006 .9757689 .9749393 .9744364 .9743814 .9737645 .9721996 .9698624 .9663721 .9619099 .9570178 .9568366 .9574758 .9579534 .9572377 .9548466 .9513721 .9479014 .9440457 .9395937 .9357587 .9348921 .9328904 .9306892 .9266325 .9182517 .9034661 .8962447 .8943338 .8994793 .9198956 .9524911 .9901588 1.023604 1.043406 1.051524 1.057604 1.076079 1.099151 1.125082 1.157309 1.194138 1.234707 1.274908 1.311357 1.331458 1.318714 1.279813 1.241561 1.235187 1.25808 1.284845 1.289654
.9668776 .9682515 .9700271 .9716624 .9722233 .97306 .9733905 .9740376 .9752414 .9768308 .9778363 .9774723 .97652 .9751127 .9740831 .9725927 .9715412 .9699132 .9668883 .9633307 .9596241 .9590876 .9595862 .9599714 .9578712 .9547219 .9516961 .948404 .9446887 .9408866 .9385173 .9372545 .9366217 .9344594 .9318705 .9236274 .9114543 .9021395 .8998682 .9119032 .9371221 .9721791 1.010444 1.04519 1.067452 1.072748 1.07598 1.089342 1.106054 1.129128 1.163307 1.201951 1.242065 1.285069 1.323345 1.347616 1.34129 1.311981 1.287048 1.282063 1.291754 1.294324 1.278449
.966509 .9683606 .9707351 .9727593 .9740361 .974425 .9746824 .9752619 .9764484 .9778813 .9789357 .9794115 .9767407 .9744993 .9731627 .9724829 .9714881 .9697561 .9680006 .9649208 .96255 .9610265 .9608139 .9603003 .9570149 .9537213 .9511807 .9488445 .9467402 .9447727 .9430097 .9415454 .9402707 .9394944 .9375889 .9322048 .9210188 .9113965 .9135784 .9328049 .9617302 .9972503 1.033601 1.06531 1.088475 1.095372 1.096018 1.104438 1.118916 1.142565 1.178254 1.218861 1.261361 1.302617 1.338398 1.362605 1.364732 1.345992 1.328438 1.314194 1.297351 1.277828 1.250061
.9677732 .9692124 .9704684 .9721211 .9735947 .9733592 .9730366 .9742169 .9760547 .977861 .9790139 .9785367 .9746704 .9716904 .9707871 .9705518 .9702246 .9698313 .9677747 .9652269 .964224 .9634984 .9618692 .9604743 .9573388 .9528481 .9520283 .9512432 .9508397 .948678 .9477583 .9470319 .9464408 .9461272 .9450818 .9416289 .9323196 .9235923 .9340512 .956912 .9876936 1.021323 1.05346 1.083354 1.105485 1.114626 1.112476 1.116359 1.132488 1.159288 1.194162 1.234492 1.274054 1.31089 1.345006 1.371737 1.38151 1.372778 1.351305 1.319707 1.283593 1.248819 1.213993
.9689596 .9702196 .9716218 .9722841 .9728149 .9732735 .9721471 .9724936 .9744512 .9759566 .9764535 .9759086 .9733506 .9703772 .9696262 .9699425 .9698757 .9692223 .9671704 .9643053 .9634825 .963778 .964461 .9626245 .9590124 .955268 .9544106 .9540024 .9534867 .9520877 .9514123 .9505787 .9515643 .9524846 .9525737 .9509094 .944357 .9413565 .9543065 .9762999 1.003068 1.032726 1.060941 1.09007 1.110586 1.118352 1.114125 1.114036 1.133182 1.162287 1.19805 1.234099 1.269443 1.304351 1.340047 1.373682 1.393254 1.386601 1.354732 1.309382 1.260233 1.214813 1.177598
.9691106 .9710614 .9727852 .9737747 .9741647 .9728062 .9701405 .9706853 .9737517 .9759167 .976526 .9755203 .973635 .9719101 .9708466 .9701409 .9692854 .9683017 .9661448 .9627246 .9623487 .9644983 .9668266 .965264 .9616812 .958567 .9569426 .9561183 .9561871 .9551517 .9544476 .9553382 .9574957 .9588379 .9596303 .9592384 .9560927 .9555849 .9656038 .9853054 1.007659 1.033255 1.060709 1.085803 1.101556 1.104609 1.100177 1.104569 1.12612 1.156216 1.188845 1.221667 1.255295 1.292393 1.337422 1.380768 1.403478 1.38942 1.344645 1.288618 1.232815 1.183548 1.145071
.9679027 .9697369 .9718394 .9735981 .9726651 .9705615 .9687014 .9697224 .9730235 .9759983 .9779028 .9768769 .9746349 .9722419 .9705977 .9693345 .9683987 .966312 .9639857 .9616904 .9615536 .9643553 .9665588 .9661904 .9611923 .9591252 .9589434 .9599117 .9597467 .9589133 .9583032 .9607531 .9632681 .9643384 .9665678 .9667377 .9660231 .9665605 .9745854 .9883296 1.00674 1.031422 1.055977 1.073467 1.083134 1.084546 1.087231 1.098302 1.122602 1.152544 1.181728 1.211986 1.248907 1.2969 1.350021 1.395785 1.408803 1.379116 1.324764 1.261082 1.20261 1.155212 1.120661
.9673574 .9693937 .9706821 .9721323 .9718149 .9702372 .9696243 .9715084 .9740437 .9766142 .9788188 .9776775 .9750234 .9721342 .9703155 .9687009 .967741 .965615 .9633744 .9616515 .9623684 .9639791 .9655449 .9641909 .9607793 .9586639 .960031 .9615846 .9615954 .9593003 .9604715 .9659595 .9665968 .9673843 .9711353 .9723278 .9729218 .9750994 .982725 .9919865 1.006844 1.027259 1.045867 1.058125 1.069539 1.08093 1.094805 1.112484 1.135069 1.160107 1.187374 1.221062 1.266567 1.322944 1.376206 1.409738 1.401762 1.355909 1.292395 1.230638 1.177914 1.135849 1.106831
.9663633 .969102 .9703519 .9710127 .9715965 .9719945 .9732463 .9755996 .9772158 .977899 .9791863 .9773875 .9738527 .9711798 .9692842 .9682539 .9668933 .9653631 .963628 .9631412 .9633787 .9650719 .9661937 .964383 .9618019 .9601994 .9610579 .9621555 .9620212 .9599368 .9611987 .9666128 .968054 .9701359 .9758288 .9773172 .9780116 .9814463 .9874943 .9989507 1.012526 1.027201 1.043412 1.060806 1.080977 1.101132 1.11707 1.133668 1.151769 1.175563 1.205558 1.248159 1.300644 1.356035 1.396062 1.407618 1.379418 1.322265 1.256449 1.198162 1.153858 1.121416 1.097847
.9647457 .9674243 .9690386 .9691439 .9706016 .9735351 .9761947 .9790795 .981248 .9811552 .9789585 .9762782 .9715704 .9675229 .9655457 .9657716 .9655797 .9653629 .965028 .9637158 .9645692 .9663442 .9672599 .966759 .96293 .9606602 .9602646 .9612702 .9611902 .9613192 .9632211 .9673748 .9712353 .9731029 .9796506 .9836463 .9851953 .9889651 .9955327 1.006782 1.020849 1.036936 1.055304 1.074418 1.094525 1.112684 1.12458 1.135843 1.152833 1.181536 1.22374 1.279075 1.336394 1.379094 1.396144 1.381468 1.34244 1.285454 1.223798 1.171222 1.13281 1.103571 1.083615
.9639487 .9655434 .9670312 .9674912 .9699341 .9737186 .9777257 .9810917 .9834089 .9815165 .9780911 .9742491 .9686673 .9631451 .9619192 .962641 .963551 .9643202 .9638104 .9611664 .9622189 .9640018 .9652044 .964413 .9598995 .9570606 .9582971 .9597262 .9618459 .9644143 .9692352 .974595 .9774448 .9795101 .9859008 .9909114 .9942432 .9982846 1.004543 1.014475 1.028383 1.043385 1.060204 1.077131 1.093377 1.10641 1.116024 1.131402 1.159 1.200343 1.254579 1.311879 1.358634 1.380294 1.373359 1.342336 1.297723 1.246386 1.192058 1.149178 1.116723 1.090207 1.06873
.964089 .9658477 .9663475 .9671718 .9704626 .9746001 .978994 .9816762 .9825513 .9800996 .9747543 .9702583 .9651988 .9601911 .9595159 .9619676 .9627912 .9621876 .9610924 .9584957 .9590132 .9605278 .9612291 .9597242 .9573973 .9550725 .9574277 .9610565 .9636984 .9676813 .9739797 .9807485 .9841812 .9879305 .9943653 1.000394 1.003278 1.006383 1.011163 1.020266 1.032549 1.044356 1.057661 1.070919 1.083597 1.096907 1.114725 1.145211 1.186417 1.237002 1.290801 1.335983 1.359462 1.357408 1.335785 1.29711 1.254172 1.207932 1.159985 1.126428 1.101153 1.078154 1.06022
.9635695 .9659873 .9677764 .9692748 .9727788 .9764815 .9807162 .9825565 .9811907 .9781594 .9725392 .9664139 .9615204 .9604892 .9615841 .96302 .9636527 .9623286 .9594607 .9573108 .9579015 .95904 .9596652 .9587502 .9586167 .960225 .9612683 .9635718 .9661566 .9717761 .9769677 .9824682 .9862217 .9908888 .9994888 1.006411 1.008197 1.011165 1.017218 1.024898 1.035188 1.046165 1.057135 1.068414 1.083837 1.105695 1.136141 1.174662 1.218391 1.264984 1.308924 1.339373 1.339425 1.319187 1.292417 1.25556 1.215863 1.176084 1.13414 1.103399 1.085054 1.070787 1.055691
.9626235 .9658025 .9689834 .9717047 .9751715 .9789408 .9819136 .9817249 .9800972 .976702 .9714989 .9660352 .9626183 .9617146 .9622146 .9628668 .9633399 .9620509 .9603403 .9607484 .9605265 .9601009 .9594827 .9587414 .9606508 .9643921 .9657955 .9664395 .9697719 .9755681 .981827 .9845594 .9869822 .9922902 1.002851 1.010368 1.011958 1.015875 1.022457 1.030573 1.040928 1.052094 1.065142 1.080232 1.100705 1.129445 1.163731 1.199584 1.235855 1.272637 1.305424 1.325108 1.311316 1.277802 1.248129 1.219731 1.186716 1.151973 1.115067 1.08665 1.070289 1.0636 1.056835
.9622251 .9663819 .9691062 .972445 .9760469 .9793285 .9814039 .9808209 .9789819 .9762894 .9721879 .9679922 .9643345 .9635313 .963483 .9626236 .9612479 .959183 .9597185 .9623964 .964163 .9633591 .9611397 .9606665 .9634408 .9667974 .9685319 .9697093 .9731594 .9786696 .9852198 .987796 .9899722 .9971157 1.008421 1.014996 1.01899 1.02495 1.030507 1.038812 1.049298 1.060311 1.076625 1.094541 1.119055 1.149742 1.180988 1.208809 1.237128 1.266266 1.294467 1.306654 1.282198 1.239677 1.207425 1.189265 1.167735 1.138565 1.103052 1.074331 1.059688 1.054823 1.054307
.9639861 .9674536 .9703636 .9742962 .9775921 .9800305 .9809175 .9802454 .9779593 .9758216 .9727156 .9690834 .9659148 .9645637 .9641869 .9634993 .9606768 .9579283 .9584938 .9618186 .9643896 .9641365 .9623073 .9632409 .965921 .9694945 .9698375 .9718891 .9761785 .9821194 .9883404 .993479 .9968969 1.007357 1.018319 1.027875 1.035712 1.040117 1.043248 1.054616 1.063457 1.073983 1.089733 1.108709 1.133565 1.16112 1.186288 1.20811 1.232104 1.257584 1.280089 1.285262 1.256292 1.207296 1.172941 1.159772 1.153859 1.135866 1.101892 1.065122 1.046807 1.043265 1.048081
.9668769 .9702929 .9726717 .97574 .9791117 .9817505 .9811808 .9799093 .9779445 .9757194 .9734304 .9706174 .967359 .9646811 .9638929 .9631349 .960573 .9591056 .9598384 .9610115 .9615719 .960451 .9603463 .963271 .9675206 .9695157 .9700671 .971496 .9757341 .9849684 .9953071 1.003654 1.007757 1.017513 1.031543 1.044829 1.054664 1.05916 1.059307 1.069132 1.080172 1.092934 1.10501 1.121574 1.143164 1.166971 1.187518 1.205875 1.22556 1.245567 1.258793 1.25924 1.230741 1.180132 1.141594 1.135935 1.141546 1.135775 1.102209 1.060783 1.031356 1.028624 1.040269
.9694745 .9726778 .9751779 .9786559 .9810631 .9818879 .9814605 .9795203 .9775798 .9756585 .9738338 .9716702 .9689621 .9656883 .9635517 .9625552 .962596 .961638 .9628546 .963519 .9614601 .958285 .9595363 .9636711 .96719 .9691594 .9701496 .971177 .9767293 .9921123 1.008703 1.019732 1.021954 1.032661 1.046283 1.061798 1.074087 1.07796 1.074935 1.081415 1.098292 1.10911 1.121898 1.13328 1.148074 1.169568 1.188864 1.201586 1.213652 1.223882 1.234021 1.234894 1.207047 1.155668 1.115986 1.116648 1.132363 1.134087 1.101426 1.056575 1.018941 1.01293 1.027472
