py_wake/examples/data/AJ_ParqueFicticio/Rough survey   Sector 11   Height 30m   Power density.grd
DSAA
73  159
 258469   265669
 6501692   6517492
 .01056863   1188.928
[rows 56 to 83 of 159, columns 0 to 62 of 73]
199.6461 209.1719 209.1125 208.8895 212.2453 207.1456 206.281 206.4695 205.5807 204.0673 201.3924 199.5751 198.6648 191.3899 176.6864 176.0828 177.4566 176.8399 176.3608 178.6705 174.5762 158.0993 156.4735 162.7068 165.3577 166.1786 163.157 156.5978 172.6958 229.1509 282.3737 227.4843 140.8604 144.5916 177.517 200.9685 234.9166 171.7853 84.4572 64.81277 101.728 136.0299 109.6278 94.52585 80.53631 96.22115 95.85792 82.79324 108.6875 180.5396 285.347 442.8996 419.1076 253.4887 159.1356 245.9917 474.6688 562.8982 418.3415 254.3647 130.7972 132.144 394.743
189.9284 208.1782 203.5928 201.2175 209.017 210.5085 208.8753 208.236 205.7789 201.5295 197.5991 193.7523 190.1345 197.1666 184.6287 177.8342 176.9434 175.5275 174.3817 184.4369 178.6229 168.7912 162.1554 162.8655 165.0498 165.1097 162.9965 147.6378 143.6995 199.5996 269.8953 232.5708 172.9989 149.8382 173.4573 195.2828 209.642 176.14 109.3998 77.92181 97.22545 117.8721 125.8125 112.7209 112.9336 122.8468 111.1024 83.57552 90.01489 140.9456 256.7358 382.1791 397.3304 247.886 157.1781 254.2113 522.1023 584.2403 451.3391 224.3936 124.2696 110.6962 299.8013
185.5944 198.3015 196.4301 189.5461 193.2598 205.7713 206.0588 204.6082 202.055 196.6581 191.471 187.4706 184.7591 191.9546 189.5057 182.9648 180.1647 176.6434 175.8186 181.3792 178.8661 176.7277 171.3621 161.6719 165.0473 165.3416 159.5423 150.4646 128.7659 157.2232 251.0408 208.8141 167.413 151.6477 167.6529 185.5363 209.6916 172.4915 123.3557 87.85623 95.63558 101.116 106.5586 121.7349 133.3724 138.7014 130.0612 92.73671 85.9925 122.0732 215.4662 309.5547 364.2116 240.6409 139.6408 243.5525 461.456 625.1725 543.2771 308.7852 137.6398 90.96673 211.6898
198.3375 196.4844 202.0092 194.9615 178.2479 186.6365 198.356 200.532 196.6286 191.8414 187.1399 181.8855 180.3763 188.9931 188.3343 185.0466 180.6082 177.2452 175.4315 177.9769 176.5188 174.2934 174.9256 167.5911 165.5284 167.1503 168.5978 164.4451 138.6986 135.846 174.6761 179.2583 155.1597 122.52 139.4245 159.0514 185.5209 171.1029 130.9954 96.6635 87.76888 94.37344 92.97768 123.8171 161.9344 157.8506 144.7028 111.1878 82.7356 87.89485 161.1839 241.3991 318.4494 211.7116 133.3833 189.245 380.677 550.7786 517.3614 382.983 200.295 90.50212 172.1124
207.3941 204.6569 209.5646 210.7331 185.1887 168.488 179.9417 194.6189 192.9348 188.4916 184.0496 181.3612 177.3111 181.077 181.2703 179.047 175.6005 174.8228 178.8367 181.1271 179.5165 169.5294 170.8563 167.7156 163.6735 168.2527 179.7829 188.7108 183.7697 175.6232 169.6512 158.4309 146.0768 123.3883 113.3596 138.6211 153.6943 154.8004 133.5062 103.6949 86.49791 83.55439 93.38647 122.528 175.5106 174.9191 166.1303 143.1079 103.2518 81.26451 96.28093 165.0343 276.7324 215.0971 120.3528 149.299 332.1085 500.3882 459.6826 361.1142 246.6646 124.5396 121.8926
218.0531 215.4137 214.1632 219.7488 210.8851 187.6694 174.5136 184.3259 187.0487 188.9841 185.5008 183.2077 179.9395 175.0322 172.994 171.6975 169.8215 174.2453 180.7166 182.624 183.1991 171.2903 167.1839 164.6205 159.612 164.334 174.2464 204.1739 222.6436 218.4952 216.3911 179.1429 150.7869 136.2731 118.4856 136.0156 141.98 138.356 120.7744 107.1024 95.18978 76.34194 67.87499 119.6001 158.8511 181.5388 173.2621 184.2478 164.2269 104.3905 74.35122 92.93692 215.5577 237.2989 137.8773 114.5426 291.1335 456.5975 436.319 343.2886 251.5561 164.6573 118.9245
219.9055 224.4941 222.9993 225.7906 219.1171 207.9093 189.5377 183.1034 185.9281 186.8152 186.5746 183.3557 178.1646 171.9188 169.817 168.0251 164.2116 170.2991 175.2494 176.4925 182.3174 178.5036 170.1682 162.6763 157.5341 158.1031 160.7271 195.7303 230.4247 261.4764 262.0132 211.2201 179.1934 176.1412 155.4526 143.4027 140.5048 129.636 110.8531 103.2913 89.83943 72.76861 65.91457 86.79963 158.5044 167.6914 162.4579 182.3415 222.8252 190.856 97.42036 64.54471 153.4142 218.3913 168.4748 110.0073 198.6556 400.9389 414.3333 346.762 254.2369 219.2156 156.9523
212.6289 227.4929 230.5769 229.5186 222.6734 213.0416 198.7997 189.1754 184.7514 183.5703 186.6741 181.3715 176.8407 173.9551 170.6569 167.324 164.1208 161.6165 165.7287 165.6877 178.033 177.0927 168.152 157.7532 155.5727 156.15 154.4502 177.2198 218.0916 255.9398 257.5968 239.0665 214.8031 206.5777 190.1993 159.2862 148.0651 130.4364 110.137 95.08262 81.31853 66.94275 62.4307 80.64745 125.4441 169.1276 154.5512 170.444 224.6616 273.1706 192.6195 77.65411 79.05873 137.7851 180.1179 130.8676 134.6967 302.6545 366.0641 322.3936 250.6502 228.2415 210.7838
204.3966 225.9475 229.5122 231.6978 224.0302 218.302 206.3284 197.5123 185.4376 181.0755 182.4137 182.777 179.6283 175.6346 172.922 168.3647 165.5715 162.7989 162.9525 164.6376 171.358 175.0505 166.7235 153.0288 147.2204 140.9372 152.6323 165.9778 202.7 246.9619 257.2471 242.2722 228.812 218.328 204.9467 191.3132 164.3185 142.347 121.5885 101.6838 85.98459 73.32797 63.68536 63.37702 114.3955 145.5051 154.9763 166.9371 204.6044 253.9728 252.2592 124.722 69.99052 70.55682 129.3164 157.7311 136.4775 204.6396 269.656 249.0749 219.1729 190.067 199.5251
196.1207 219.1466 227.4138 228.5703 226.4252 221.7109 215.1498 207.4191 189.41 179.9801 182.9367 181.3211 178.4745 177.2216 174.8896 169.2902 163.8332 163.5628 164.6839 166.3064 172.5036 177.1169 171.1521 153.8825 145.3753 137.654 134.6733 143.3125 171.4557 201.0114 235.0333 221.3633 224.9605 234.8225 213.2397 203.9072 186.5912 145.9302 123.2082 116.0715 98.84215 80.07604 66.68681 61.07719 90.74117 125.3525 140.2791 162.4083 169.9381 202.0337 289.425 247.2658 129.1679 54.23576 70.13342 133.9847 177.7879 208.3341 239.1499 216.7186 177.8537 137.0078 124.0385
194.6561 206.698 220.4297 224.2596 223.8415 222.244 219.4069 213.4628 202.6448 185.5139 180.2696 179.8199 177.9748 176.7442 175.6493 170.4295 164.9326 162.5444 163.8742 164.9603 172.9392 178.8081 172.9827 164.8371 157.2131 146.301 141.6253 151.3543 154.2662 169.5319 187.3895 186.0496 200.3655 248.849 222.8567 214.752 211.1295 160.3517 124.6355 114.3601 95.81494 90.05033 72.50486 63.53625 67.77667 78.15117 114.6053 168.6436 158.3086 136.3698 263.8877 321.8897 234.0633 100.4856 46.13593 76.11945 177.6805 227.1484 288.4264 315.1152 223.6686 176.387 103.5115
193.9996 201.0408 214.2769 221.1245 223.2717 221.2799 220.3969 214.7626 201.9902 190.5079 183.6365 180.5872 179.986 177.8317 173.48 171.3828 166.1612 161.1796 158.6541 163.2526 165.7404 175.7151 183.693 179.8022 173.5563 161.8136 148.6074 158.3906 163.5425 169.8085 169.4561 168.789 173.5208 222.5505 230.6952 217.6002 226.0247 206.6538 143.5289 123.2455 96.49985 85.86655 76.07295 63.21364 55.30774 60.62624 88.9979 158.1324 166.8528 129.9397 190.6639 332.3787 298.7932 202.8548 84.37403 48.48043 102.1079 225.0091 286.6215 343.2723 344.0282 276.3687 193.1131
190.5991 197.7873 212.0525 219.0259 223.3508 221.3933 216.3726 211.3397 204.907 195.6576 188.2834 183.1203 180.0779 180.1744 176.5049 175.0428 168.5213 162.1718 157.3371 158.0167 156.92 164.5053 185.8358 186.8272 186.1392 181.9448 180.2852 162.6473 168.3904 171.7025 164.2733 157.8371 159.8594 192.7598 229.3817 215.1403 223.1921 237.8553 181.8903 149.0298 138.7714 107.267 82.23603 72.25514 56.53602 54.26146 66.64307 127.2929 141.1856 108.4204 180.9984 282.4457 269.8797 230.8659 147.7952 58.80405 72.61976 158.5096 240.0765 308.5392 350.2584 370.1222 313.6826
185.604 185.7178 201.4517 213.9376 217.9392 222.7156 216.5315 213.1602 209.6378 201.4796 192.2642 183.3452 176.3232 179.1151 184.0778 179.4223 168.8793 158.8203 156.6007 154.8246 154.6338 159.0449 181.9947 185.3811 192.6378 192.6172 191.8782 191.5777 192.4594 189.3483 172.4844 149.3929 141.4315 167.2604 196.9347 207.1592 216.0945 222.4332 200.182 179.1111 157.5538 147.2381 127.7857 94.89155 74.14252 54.17952 58.68143 85.27002 104.3909 90.94389 118.397 205.1605 237.2347 195.2287 151.4213 87.53799 64.35107 120.4478 195.2919 259.0562 315.0044 346.8964 327.1185
181.8051 177.0238 180.7139 201.2871 208.5695 218.6968 218.5733 219.5992 215.1592 208.1311 196.6803 184.6796 172.6354 174.5762 178.2047 180.3749 170.0041 160.1898 158.2179 156.7064 157.8679 156.9592 178.9321 186.0644 192.17 202.147 201.8146 206.4328 217.9044 218.7667 205.7665 166.69 132.3938 140.1504 164.1849 193.4586 203.0181 208.7432 211.2757 213.2177 202.1847 165.0873 152.8639 123.4443 102.3218 67.79593 66.35653 79.44144 94.05328 91.97105 88.35672 109.4754 159.7311 137.6389 105.5293 76.68216 70.01242 111.9975 170.2771 235.0599 286.869 309.4113 297.455
188.7277 179.4114 169.9118 177.376 183.0381 208.3398 217.5419 220.655 218.2007 213.3161 200.1125 186.2398 172.8984 164.8099 165.8765 175.5385 177.7942 168.8186 161.0558 156.9792 151.642 157.62 172.1061 198.6377 199.2889 208.631 212.239 213.7059 235.5102 266.4023 252.812 185.8989 140.7553 131.27 148.5968 175.6517 186.2796 193.0978 196.6651 199.3615 207.3301 177.2132 149.5975 139.819 125.0861 98.61657 79.283 84.19241 101.976 118.6784 119.2903 100.7527 118.1469 105.7468 61.19539 44.11737 60.60441 107.6609 163.1243 214.5417 269.9059 287.3307 285.4102
199.5527 190.2458 177.1525 164.3247 168.6701 184.7622 210.429 220.2572 220.634 213.6047 201.2032 189.077 176.9295 166.5687 158.1199 167.2114 177.0811 172.3972 163.351 155.7892 144.8508 153.4916 159.2491 183.6801 208.1726 205.6969 220.9987 230.5782 257.0877 276.5593 271.5549 205.2234 151.3741 144.9496 148.1638 156.4143 163.5484 173.8963 183.7763 186.1493 203.4536 191.6617 165.9701 148.8578 131.9281 115.3482 95.83961 89.07178 115.2498 143.0863 176.0852 171.5212 184.4632 187.0589 73.25939 27.37243 28.80645 81.42992 132.2328 186.1061 260.3284 268.9515 275.7304
203.7956 194.5726 184.7215 177.7773 171.3532 171.4899 194.7659 211.6306 216.0586 210.7681 203.9109 193.9927 183.7574 172.9297 157.3277 155.9887 172.2897 168.8431 160.4601 151.4671 140.6459 145.2741 148.0314 166.5691 187.8576 190.5782 209.1477 236.6007 290.9034 316.8773 286.0088 240.6384 182.0799 161.6182 158.3455 152.8702 148.3063 149.5927 159.993 176.9321 191.992 209.1965 194.8581 171.7968 147.0318 123.6732 85.80228 83.11665 99.67428 134.9197 155.6163 188.5493 229.083 283.4482 183.3344 44.7839 26.2376 39.0234 89.87607 151.3489 198.5509 247.4367 244.7072
208.6688 200.0836 191.8878 191.7674 188.2298 164.9374 172.2843 192.5505 209.5577 208.1073 201.905 198.7096 193.9612 187.3801 161.1499 147.4738 159.5102 162.988 159.9277 152.517 140.418 138.9426 144.0658 159.2892 172.8053 176.6059 185.0344 215.3062 286.4553 334.2703 295.5373 257.0158 225.6899 186.0995 171.1883 160.3591 145.7505 136.263 139.5161 152.0914 170.6472 195.0218 192.655 189.6088 165.4227 153.4915 97.68152 73.98784 87.24212 112.9615 114.8702 138.1087 203.8586 245.2392 233.2283 102.7385 38.60498 33.31921 44.82788 103.4942 153.8659 174.8203 200.7524
207.2399 200.9524 195.9746 197.8677 206.9143 187.959 164.9091 174.0636 194.9936 202.2513 198.6934 195.128 192.3571 200.0047 184.0065 153.6654 153.4049 155.8137 158.0648 158.3492 144.7326 139.3579 141.401 152.4977 164.8597 164.5627 163.1862 179.6777 237.6055 322.8256 294.4995 251.2872 219.8412 198.0086 174.2315 163.4517 156.2437 140.3008 133.3429 144.0833 149.6081 154.7456 154.6234 183.4665 147.8583 152.9342 118.3434 89.87526 84.05819 94.72651 102.7296 102.6909 121.6786 151.5172 180.4173 134.6736 57.72398 35.04043 30.88164 57.61917 99.50809 117.6546 130.074
203.7243 198.2038 194.0439 193.1062 205.5735 192.8307 173.3361 173.9143 189.5301 194.921 193.2735 188.8402 188.1611 196.3995 191.4402 166.6161 153.1456 151.6526 152.7228 157.6705 159.2197 156.1173 144.2303 147.9938 155.5497 156.3222 153.5769 163.7326 198.9975 283.6661 283.4916 245.022 206.4562 183.1831 162.4659 152.9447 160.5389 147.3558 127.0045 145.2587 160.3961 139.9289 146.0122 159.9535 148.9771 139.6109 117.4959 84.74384 80.57563 84.24001 94.95605 106.0416 121.1334 131.4007 135.092 118.6796 62.68673 43.6256 28.71115 34.19624 57.39527 72.3587 76.97524
197.8 193.7931 188.5792 183.7848 196.3613 194.6251 183.4251 177.0655 184.9378 188.2096 188.1885 189.282 187.9975 188.1184 186.0157 170.9239 158.7245 149.886 147.4656 154.785 159.8502 167.843 168.5786 159.8353 155.2582 161.0666 161.5015 175.1463 200.0194 267.1588 271.112 242.2118 199.3312 176.2133 159.1924 146.6127 152.1882 147.8888 128.5133 132.2347 143.4003 148.5198 148.9977 158.1579 168.401 167.5972 162.0024 129.0436 107.1806 71.38223 90.39648 108.7772 138.7992 164.5633 146.5924 140.2081 103.7025 59.00652 52.14888 40.44638 37.53747 51.35619 58.1364
197.2217 190.7749 185.3271 179.9692 189.454 193.1828 190.3606 183.6543 179.6444 179.499 180.9159 182.1141 188.8181 187.4412 184.2379 176.9481 165.4389 151.701 143.614 144.7566 142.9611 166.0132 178.3557 171.2273 168.6432 169.747 180.9422 198.0444 232.3473 267.0262 270.4774 222.0185 188.0772 176.4723 167.8757 161.4463 162.5574 157.4654 153.0596 137.6302 128.0922 141.6911 149.3971 164.7222 158.0185 159.1057 170.2439 178.1626 179.189 111.8335 89.30848 106.3252 136.123 176.9769 182.0246 185.0982 155.7041 107.9554 84.25275 66.15676 53.89817 51.32115 67.9865
201.1113 194.3609 185.8512 182.4653 183.0616 189.1369 189.9516 185.6858 176.7804 174.7121 172.7082 174.0587 185.7105 187.4761 183.8078 180.0187 173.6227 160.8626 146.0059 141.3617 136.5568 145.4893 162.1899 170.6436 167.6236 174.9753 190.5703 236.8383 291.8171 295.8459 263.1937 208.9669 168.298 168.0229 158.7388 149.3434 161.407 165.0985 160.6109 169.1127 153.8163 146.1228 150.3964 150.1092 158.2901 153.2029 152.9557 155.3881 175.8015 151.8026 130.7771 119.5105 135.2092 165.4678 192.9765 190.51 168.6243 152.3297 118.6431 95.32843 78.92227 80.20731 78.13863
204.8974 200.3419 190.3297 180.6371 182.3291 187.2811 189.6128 185.5428 180.7416 175.9746 169.0431 165.2402 177.8414 179.8592 175.4868 173.981 178.276 169.447 160.1288 151.3894 143.0987 145.1965 152.2164 157.475 154.407 164.647 192.2254 259.0256 332.5555 335.8154 268.8701 208.9895 166.4509 163.3734 153.5386 141.4317 146.3339 143.7639 153.1294 158.68 161.1217 155.1888 145.3926 146.3549 158.2197 155.7937 142.368 140.0749 159.751 158.8351 150.1812 140.9961 139.1091 156.7925 175.1523 193.6593 153.0007 142.8225 115.0852 95.36098 85.34416 82.41148 77.95917
204.3528 204.7837 197.6173 180.4046 178.0548 180.8619 193.1651 189.222 184.8599 181.7157 174.0819 158.7325 164.9852 163.9049 161.5847 168.8101 176.6232 173.5123 167.9712 159.2538 156.236 158.8212 155.2318 152.1839 146.422 144.3378 170.0153 238.9985 310.8452 332.0524 283.6674 213.0992 160.8375 161.4996 155.2132 144.6728 137.3416 132.7515 141.0239 152.8087 155.5391 149.0507 147.1836 144.0535 148.4211 150.7013 137.081 136.2373 139.6262 145.7352 147.2394 147.4243 148.7889 156.4807 170.2947 181.5081 149.4263 133.809 114.7335 95.04069 85.61391 78.70516 74.57846
195.6311 203.215 198.6641 187.5528 179.6246 179.5015 187.7861 190.0051 188.39 186.206 183.2431 168.0083 150.8265 150.1696 145.3145 144.2397 159.6441 155.4043 163.339 168.999 162.958 164.1393 165.0864 165.5797 152.4041 144.6563 153.3729 205.722 275.3376 311.9876 270.6759 221.1653 169.8834 162.1749 159.1658 139.3976 138.2177 123.909 138.5075 155.8975 156.8526 147.151 137.9173 129.7127 133.8804 133.7804 122.3565 120.665 126.8998 137.2229 145.082 150.6932 156.0145 162.5215 171.7157 173.9394 152.8844 132.4646 109.629 93.01988 84.30602 75.18941 69.24197
198.3134 193.1361 193.0994 189.2957 185.1653 183.9672 187.9985 189.6238 187.5685 185.9675 183.5249 168.2971 155.061 151.6856 148.568 139.1036 131.7894 132.4674 142.8795 158.4263 161.5753 163.8567 168.0367 173.6755 177.595 175.1218 174.3278 200.9409 244.4443 283.8153 253.2684 234.0214 197.0918 173.7477 183.7296 146.6745 147.972 137.3546 146.4165 147.2867 150.1538 149.7077 120.1293 107.7676 125.703 118.2362 104.2536 104.9841 104.7733 122.3782 142.7857 155.0046 162.2096 164.7472 178.9734 164.2929 148.9877 126.7339 102.8768 86.42161 74.64434 70.27257 61.2827
