py_wake/examples/data/AJ_ParqueFicticio/Rough survey   Sector All   Height 30m   Power density.grd
DSAA
73  159
 258469   265669
 6501692   6517492
 18.49057   986.5446
[rows 56 to 83 of 159, columns 0 to 62 of 73]
138.9936 141.6759 143.8457 145.6267 149.2523 144.8958 141.6079 140.0028 138.7994 137.276 135.8453 134.1245 133.0676 129.1664 120.039 119.7429 120.813 121.1467 120.8808 122.1414 117.6402 108.2244 108.8288 113.0384 114.7136 114.9662 112.1063 106.0442 114.4095 147.9319 197.9873 175.9213 122.9644 130.2824 153.0518 173.3569 200.6382 169.5772 118.5833 107.6805 144.8326 164.2359 157.3017 145.4042 141.2394 165.156 184.1025 162.6137 169.3324 209.7955 304.8918 432.5128 385.2505 199.3234 107.5878 176.6825 394.1465 472.2762 321.8766 172.1212 90.27405 92.16552 255.8992
134.6585 139.762 141.5056 142.7615 148.9398 144.7427 141.3401 139.87 137.8363 135.7421 133.5154 131.2097 128.7479 129.6216 123.5683 120.4018 120.176 119.9724 119.7755 123.3475 121.6797 115.9843 112.5141 113.6835 115.0026 114.6148 112.2241 102.8549 106.5892 146.5331 211.8959 178.6676 143.8656 137.7296 161.134 176.0059 194.4658 170.4096 137.3474 120.5927 141.5384 160.7939 150.6777 140.6456 154.4988 180.6415 180.7649 142.171 145.8003 184.1129 290.3548 375.1166 353.2327 181.431 108.8105 182.2992 402.7482 468.1488 332.7179 157.2987 85.28857 76.35105 185.6018
130.6239 134.3552 138.6616 138.8047 142.535 141.6387 137.9761 136.4435 134.6523 132.303 129.6504 127.2962 125.5847 127.0749 126.3168 123.3963 121.2422 119.4476 118.7602 122.0654 122.2725 121.6137 118.8038 113.1879 114.8603 114.2995 110.3848 109.6223 105.1182 137.1796 205.3898 169.8959 143.4803 135.7274 151.187 170.7527 194.4648 169.7897 142.6432 126.5063 138.5347 142.544 131.507 137.2595 163.4793 187.2133 180.0571 140.7922 134.5321 171.3556 255.8262 310.6076 316.2131 177.396 103.3973 182.0696 356.242 465.8152 374.5554 202.5598 95.21519 67.37354 133.9122
133.3299 136.3711 146.4211 146.2863 136.6203 136.168 133.7495 133.048 131.2152 129.014 126.8268 124.838 123.0639 124.8161 125.3616 124.0063 122.1204 120.3545 118.7874 120.5924 120.8886 120.7707 120.8643 116.7861 114.9887 114.4978 116.0209 118.3879 110.7968 130.7184 171.2271 164.1059 141.4053 121.1269 136.8876 165.8266 192.4625 177.3408 147.9892 129.2194 128.5303 124.6478 114.2602 134.2968 174.8443 188.3408 182.2392 150.9679 139.4105 156.2034 207.8341 244.4599 277.8836 167.2962 102.648 149.1862 300.3263 422.0995 362.3766 243.2734 128.6222 67.45431 115.4162
137.1409 142.2538 153.172 154.7902 139.1565 126.9119 126.9367 129.3194 128.8335 127.1504 125.2656 123.331 120.9729 120.7517 121.8519 121.1416 119.6998 118.6085 121.201 123.2919 123.061 118.2172 118.2259 116.8564 114.1145 114.3918 122.3876 128.2083 137.993 150.76 167.1354 155.6167 139.9474 125.636 132.9488 170.2583 184.8863 182.4765 154.9743 132.3687 121.7652 108.5713 108.4069 134.0598 179.2169 187.8176 179.1069 167.1488 150.9391 148.72 149.0918 176.2876 237.8708 174.3877 103.1175 122.8164 259.9637 388.2035 327.3334 230.4292 151.4652 86.10172 92.04375
146.8695 153.0167 156.4789 153.828 143.5684 131.1309 121.9115 124.243 126.892 126.918 125.4094 124.1793 121.5944 119.3343 119.1537 118.3898 117.3885 118.0725 122.6174 124.9436 127.0022 119.9058 117.2403 115.2679 111.1528 113.725 120.7881 140.8868 161.0725 176.1004 186.0765 163.0896 143.0607 141.2737 144.2921 172.0598 178.5763 172.4147 152.3396 135.1256 120.6159 102.9923 99.62616 131.7803 169.0206 183.5564 171.4277 181.4794 190.9167 158.8884 123.7337 124.746 190.3137 197.1406 114.4785 107.7536 234.2683 348.6702 311.2566 219.2998 154.524 106.6557 83.79974
151.0386 160.3251 154.4166 152.1102 144.1652 135.4667 125.3763 123.2313 125.3935 126.4652 126.2269 124.2121 121.0631 118.9202 117.7942 116.374 114.3591 114.9958 120.0264 122.7156 126.4892 123.6196 119.0741 114.8293 110.5814 113.4083 116.2325 142.4216 168.6757 195.8059 212.1773 177.826 159.3528 169.1333 167.8588 176.9518 178.1411 165.5649 144.9809 130.8775 115.0274 100.4265 96.68817 112.5216 162.5026 172.5812 166.9549 176.7321 209.3894 201.37 133.6235 97.25539 155.3667 184.3376 144.7026 105.8394 173.5021 300.7929 290.6709 219.6124 155.5791 134.5874 102.5527
150.2255 158.2025 155.1333 151.5683 145.0396 137.4961 130.6015 127.2044 125.5661 125.4716 126.698 123.7441 121.738 120.19 118.3346 116.0267 113.2316 110.1119 114.6189 117.3285 122.9631 121.9788 118.1916 112.9941 111.8293 116.0511 118.1962 135.0415 166.1456 198.1582 208.9369 188.6496 175.3083 180.2979 190.2322 190.6497 183.2031 164.4932 143.1202 125.8874 110.9824 97.08588 90.08665 101.8053 141.7248 172.8274 162.2083 170.3009 207.917 232.3177 181.4209 105.1721 121.1251 145.1916 152.9415 114.2788 131.5294 233.0704 255.7116 205.1233 152.7131 138.7907 130.9226
146.7529 154.666 152.1225 150.5592 146.295 141.3204 136.5155 133.4028 127.8016 124.3943 125.1817 125.1418 123.3919 121.368 119.2602 116.2912 112.9081 112.4686 114.434 115.8648 118.2965 121.9154 118.498 111.3204 110.083 111.7472 118.395 133.8186 167.5382 201.3011 204.6479 188.9951 181.159 184.7541 197.7145 195.9734 187.3317 168.0216 148.681 131.4811 114.914 96.86893 91.54842 95.62638 134.7082 159.8948 154.6151 163.7698 188.8145 209.5298 213.0694 139.0352 114.1476 102.2599 119.1293 127.0796 118.123 170.3492 207.5182 170.632 141.5308 125.1962 125.9015
141.212 149.7326 148.8649 147.9732 146.806 144.4605 141.8819 140.1052 132.4704 123.9264 124.8047 124.2734 123.0927 122.346 120.2472 116.248 112.1359 114.4448 115.6391 116.2344 120.7817 125.624 123.4587 113.2962 110.4908 108.7004 110.2042 126.9805 157.1746 179.8308 200.1718 175.9197 177.884 198.4513 199.453 197.4347 190.4391 163.6651 144.7438 136.7589 119.4568 100.3232 94.44469 97.64688 126.6107 139.8792 140.3762 157.7807 163.2837 169.5077 221.2941 214.5363 148.0605 87.9259 82.0453 106.8516 126.0977 152.0828 174.8761 161.207 137.0959 112.8111 95.81607
137.3721 142.6368 144.6895 145.2861 145.313 145.0907 144.6043 141.9799 133.8062 124.1182 123.2711 123.233 122.0949 121.1499 119.6638 116.0851 114.2239 115.0104 115.893 115.5933 121.6139 128.9265 124.0481 119.3716 117.0042 111.947 117.6368 135.4563 147.4712 166.063 174.7025 166.4189 170.1989 214.906 202.6484 199.3811 201.0855 166.7263 139.8801 129.4802 113.6511 106.2943 100.1904 102.3872 112.6055 108.5232 117.9235 163.4637 161.6809 129.2368 201.9874 255.849 197.7872 106.5127 63.02612 65.81573 116.2113 147.7782 184.1043 205.0886 168.2756 143.0266 92.59981
135.9458 138.0178 141.2124 143.3539 144.3075 144.7598 145.7844 142.3017 135.2668 127.7157 124.688 123.3635 122.484 120.4955 117.338 117.813 116.8459 114.8089 113.4785 116.852 120.0517 127.1119 128.3062 126.1813 123.5427 120.4725 125.9693 140.7178 153.6959 166.4398 164.8867 161.3965 162.9452 203.6425 207.1658 197.4628 203.9215 189.9312 147.5772 130.6467 111.2043 111.303 110.0473 105.3575 99.43704 87.22243 102.6535 160.2603 162.4885 116.1745 167.2522 267.0915 226.8411 154.338 77.53905 47.69329 74.03952 139.9042 176.9874 213.6556 215.4521 184.1169 135.7123
134.2952 135.4657 139.1169 142.179 144.5858 145.8951 144.9207 141.6379 137.6229 131.4373 126.853 123.9719 121.8293 120.4532 119.4157 121.0712 118.9856 116.176 112.9629 114.5394 115.538 117.9422 125.3936 127.0038 126.978 137.439 145.5197 140.4617 154.5169 169.0959 166.8022 160.6508 158.4627 183.9778 212.173 197.1496 200.6049 203.5905 161.0092 142.676 134.7015 126.5307 122.6776 117.7868 96.06182 86.17442 101.145 146.6811 148.7723 105.4386 162.9805 243.1142 221.1814 166.6765 104.2318 51.20547 52.81427 102.1744 156.4203 199.1218 221.1413 233.2723 193.6211
132.0965 130.7527 132.5464 138.2759 142.649 148.8029 144.59 142.6214 140.1539 135.567 130.0364 124.3476 119.6691 118.8186 125.8653 126.9552 122.0413 115.6065 113.4914 111.9417 110.8802 110.1863 121.2458 124.9772 135.9647 148.4704 150.4151 156.2604 167.0075 181.2177 179.6462 162.7091 152.92 167.8267 195.3397 196.3085 196.8771 193.5941 166.9171 157.2313 152.1309 150.5847 145.1001 124.0697 100.3977 85.22498 93.69808 119.2713 123.8485 106.1372 141.8583 197.7179 192.6448 141.6742 101.5138 57.78868 47.04149 83.06079 136.2919 178.2393 207.9283 218.9756 201.6751
130.3715 127.3509 122.6503 131.6728 139.2841 147.585 145.036 144.6936 143.0686 139.6042 133.6918 126.6352 117.8567 117.9274 124.7251 130.9131 121.987 115.3995 113.4137 112.1224 110.4342 106.2309 121.3372 127.8972 142.7921 152.232 155.0777 161.5535 181.5963 200.9484 196.1479 174.6779 150.2013 156.2607 177.6945 192.7895 190.6646 183.9491 176.976 177.3279 180.9819 165.3302 155.5815 127.8035 111.8385 90.04447 91.05499 101.2146 107.9852 113.2696 131.8565 132.9276 154.0242 124.5986 78.37798 52.20551 50.21807 79.13986 122.1934 161.4293 189.5453 196.385 184.9924
134.239 128.276 119.8419 121.4191 129.9857 141.8164 142.6623 144.1156 144.4579 142.8053 135.769 125.7052 117.7492 116.1265 119.9278 127.7676 124.4996 118.9221 114.5215 111.3773 106.8997 109.3279 121.6292 140.188 150.1553 154.2297 160.2268 164.322 188.0727 221.2974 226.0043 184.2818 151.6752 155.1948 168.098 183.5147 184.1939 176.9039 174.764 177.8705 187.3285 168.2485 146.6315 131.5464 121.6807 105.2199 91.8952 95.38718 103.8764 121.2714 129.9261 115.6149 132.0325 121.8721 68.79132 39.72898 48.21096 80.05092 117.9571 145.8927 177.5615 182.9749 177.3413
138.2702 129.0831 120.2295 117.5828 123.1911 130.3106 136.4758 141.7782 144.6698 143.6485 134.8935 127.9362 122.5413 118.3564 117.1869 122.2827 122.1887 119.8424 115.6164 110.9109 103.4415 108.333 116.7719 135.632 151.4991 152.4974 162.0273 170.8383 193.7396 233.8473 247.9049 201.6147 169.6124 172.1058 172.8202 177.8625 169.6358 167.0706 169.5133 171.1577 183.0105 173.0251 146.7704 137.977 127.3166 113.5111 100.0218 92.29301 107.326 123.7407 137.5841 127.8687 143.7624 162.6032 87.31495 38.3039 39.0274 70.14409 100.6323 131.1742 171.0777 172.4191 172.2437
136.805 130.8208 126.3757 125.0082 123.3272 122.2153 126.4777 137.449 145.9679 143.1038 138.0572 132.918 129.2147 124.5412 117.0519 115.7971 118.5882 117.0569 113.2975 108.2274 101.0034 104.885 112.5628 128.0079 143.0949 145.1382 153.1923 169.8378 219.162 264.3304 260.479 225.8839 195.842 184.0149 179.2604 169.6244 159.6412 156.5432 161.1133 167.77 176.1835 183.0716 159.2323 149.015 132.1892 118.2537 89.22053 82.62949 95.95652 113.9672 123.701 136.9439 167.0461 210.5801 145.5102 51.10301 38.3959 49.63585 80.10569 117.5766 145.2046 164.4196 162.2032
138.9746 134.347 131.0707 132.115 133.2532 118.9482 114.0143 130.5004 146.7743 142.0411 138.4291 135.9142 134.4108 133.8993 120.6245 109.8635 111.1852 113.8357 112.2985 107.8653 99.56743 103.8154 111.7755 126.0623 137.4218 139.2427 141.363 160.9715 221.4877 291.6003 263.9904 235.8204 215.5292 195.216 182.7197 168.7137 158.5646 150.694 152.4119 161.6589 170.6589 165.4315 157.9704 160.2268 137.031 133.754 91.68368 72.27943 81.87531 102.0125 100.9552 112.493 154.5613 185.8235 171.6289 75.5014 41.60142 45.75276 58.42965 96.48419 127.5946 133.6183 133.9144
138.3767 135.4578 133.0227 133.2019 137.5219 123.563 112.156 123.9938 139.9921 138.2274 135.5384 133.9801 133.2052 137.4171 125.6027 109.2327 108.5189 110.9001 111.054 109.6314 103.241 105.7357 111.8538 125.2145 134.3499 134.8041 132.1084 150.7978 202.7427 295.8846 278.4377 248.046 219.7825 193.1869 178.1269 167.546 161.467 155.0764 145.963 151.956 153.148 145.3851 139.6886 149.1742 124.8595 117.3614 102.5408 75.32256 83.2092 93.80305 95.78736 101.4221 124.7062 144.5544 135.717 91.93414 50.33101 45.9534 48.22292 68.88283 98.78807 99.52108 92.56106
135.3917 133.2122 131.4268 130.6111 133.3935 126.2056 117.811 122.5552 134.0663 134.836 132.7603 130.6221 130.5512 133.8133 127.8791 112.9649 107.8944 108.2807 107.5109 108.6154 114.246 116.0962 113.2998 122.1219 128.3006 129.3946 127.3438 145.7681 187.9917 289.1678 293.7824 255.8031 213.9689 184.676 166.3351 158.0686 162.6781 158.0524 134.669 141.8777 153.2757 127.6974 121.2722 130.5154 117.9298 116.3801 105.6677 84.80272 87.43878 87.21218 90.35666 97.73092 111.6204 125.6403 113.6627 96.8457 65.16856 54.18517 46.94209 57.92151 70.28136 69.8527 64.28794
132.7913 130.7445 127.8604 125.4085 128.131 129.1206 125.2022 124.6682 129.8575 131.5214 131.1144 130.826 130.2178 129.5687 126.9513 118.4824 111.4473 106.8464 103.8984 109.2441 115.8695 122.0702 129.5468 129.7295 125.9809 128.7319 130.9707 151.0482 198.0283 305.4712 312.9783 266.7649 215.4152 185.1848 162.5757 151.5241 162.2104 152.9984 126.6393 135.33 137.2379 120.0267 116.6484 123.7273 125.213 131.0924 129.9508 110.2792 105.9159 78.48804 82.91049 92.16354 110.0314 126.9702 112.6393 117.94 93.19411 65.18929 60.83612 58.04205 52.1309 52.74073 51.38929
132.0407 128.619 125.1724 122.2862 124.0559 128.8269 129.6412 128.5905 126.8199 127.2353 127.4426 127.7485 130.1752 128.9723 127.1316 123.5005 116.8801 108.2394 101.3225 105.4967 108.5318 122.5883 139.4504 133.5919 130.1153 127.7475 141.1463 165.6897 232.8424 310.5375 331.2776 259.0317 210.7317 184.234 165.3269 155.7193 159.1623 155.2359 134.602 129.0287 110.7779 111.7236 118.97 134.5315 133.96 136.6621 136.6817 137.4183 138.2228 87.93832 76.64308 85.80687 104.233 130.0672 135.5255 144.5563 121.7772 95.91573 86.42088 71.6425 55.0076 50.14356 53.92063
134.5606 130.2058 124.9925 121.3839 120.0002 127.662 131.0496 131.4617 126.2865 124.9622 124.3809 124.4135 127.85 128.8247 127.5412 125.3836 120.9894 110.7978 102.9151 105.5082 103.942 113.297 129.0254 130.7368 126.5477 129.891 142.8026 194.4546 290.965 358.0045 323.2206 242.3354 190.8577 172.0227 159.5443 150.3292 156.1403 149.1604 131.1421 130.6746 113.6211 113.6033 126.9848 134.0583 144.3184 140.8598 134.3301 126.5301 120.4374 103.484 94.59559 92.81621 106.14 130.2405 151.5691 156.6998 139.6924 134.2866 109.6413 86.25752 69.40056 66.57793 60.26722
135.884 133.3898 126.9799 118.2404 123.2489 128.6168 134.0965 130.73 129.0112 126.5681 122.5491 119.6917 123.3427 126.1027 124.0629 122.0347 121.1148 115.1708 112.7973 111.6437 107.352 114.3881 120.5305 123.1616 118.2701 127.9117 152.537 223.0953 329.607 376.2022 312.3123 233.2579 177.1348 164.9138 155.7943 145.6901 143.9239 123.2442 120.1031 119.2003 117.772 121.5811 133.3963 137.0097 144.4787 139.3435 123.8573 112.9695 115.5632 113.4099 111.6741 111.9251 117.2197 133.2261 146.4157 159.7 137.2741 125.3388 98.077 78.87447 69.94614 64.6943 59.78189
133.8141 133.2693 126.5508 118.6498 120.697 126.4551 134.1022 132.7158 131.5613 130.7218 127.451 117.7164 117.5465 119.9782 119.3227 118.7345 120.2566 120.1228 119.1561 114.279 115.3856 121.7812 122.0066 120.7959 115.7813 122.5228 153.6115 235.3711 337.889 370.4584 297.1315 216.1656 163.8351 161.6064 155.6051 143.9666 130.2779 110.9083 111.1802 118.7179 128.0435 138.9859 143.5984 141.5455 141.063 133.8707 117.0463 111.5495 112.0232 114.4217 116.7246 119.4377 123.3394 131.3308 142.8327 153.844 124.4855 106.9066 87.7968 72.54061 65.70399 60.35968 56.81407
128.9087 131.0288 129.3745 123.6961 121.1723 123.5266 130.3189 132.1951 132.6243 132.6058 131.8498 119.1897 111.3657 112.7205 111.0616 109.2617 111.7953 112.9023 117.6559 120.7094 120.4153 123.254 126.8331 126.2805 123.6545 126.5607 158.173 241.1461 333.3318 357.1685 269.708 211.1455 167.7441 163.7448 161.1396 135.0426 123.3807 100.9043 107.8856 125.2892 148.9031 155.5499 147.8135 137.3632 133.7406 124.0451 109.1218 105.1325 106.9056 111.307 115.8144 120.4834 125.7449 132.5414 143.3355 143.377 119.1535 100.6488 82.47435 70.22864 64.20247 58.21683 54.07534
130.0436 125.7882 126.3953 125.6387 124.0731 124.1814 129.2458 131.5569 131.8983 132.7968 130.8237 121.8698 115.011 114.041 113.3371 107.3619 102.144 104.1886 107.096 116.7004 121.3251 123.1524 125.6248 131.1921 136.5929 156.6365 192.2814 259.9103 320.8824 327.1167 252.629 213.3341 185.851 165.2919 172.5428 130.8044 114.0285 100.0315 111.465 135.0865 157.6289 159.6042 138.0007 121.7651 127.5442 113.3369 97.70984 95.45924 97.27924 103.6938 112.8841 120.4062 126.743 132.7799 145.9278 130.5031 112.9196 95.44116 77.28891 65.6954 58.8196 54.6515 49.48882
