py_wake/examples/data/AJ_ParqueFicticio/Rough survey   Sector 6   Height 200m   Mean speed.grd
DSAA
73  159
 258469   265669
 6501692   6517492
 5.412497   10.03148
[rows 112 to 139 of 159, columns 0 to 62 of 73]
9.418092 9.334293 9.20388 9.06828 8.922634 8.773777 8.672347 8.614387 8.573685 8.523022 8.461825 8.420458 8.333762 8.212064 8.069715 7.885534 7.702219 7.550742 7.395466 7.298185 7.445964 7.724245 8.010403 8.315128 8.612845 8.854516 9.050275 9.262055 9.490898 9.656399 9.777352 9.808355 9.723992 9.5572 9.321176 9.067405 8.855636 8.750843 8.726275 8.70727 8.662374 8.552443 8.389895 8.185515 7.967293 7.757241 7.59519 7.496631 7.497681 7.651743 7.860332 8.038366 8.139249 8.163763 8.158266 8.110318 8.051994 7.96224 7.817565 7.599629 7.324466 7.089536 6.951322
9.709242 9.605837 9.480446 9.344574 9.212476 9.068513 8.932989 8.859043 8.791648 8.728524 8.671457 8.620918 8.535937 8.413791 8.269895 8.111513 7.956977 7.798761 7.591478 7.398267 7.378114 7.490703 7.723189 8.037348 8.366612 8.64073 8.856428 9.047268 9.267902 9.46777 9.636168 9.81644 9.940214 9.919471 9.773914 9.543462 9.280035 9.086296 9.003269 8.973592 8.961837 8.887214 8.718236 8.478897 8.206118 7.934743 7.704681 7.53662 7.438375 7.465693 7.61036 7.78674 7.920284 8.018244 8.045942 8.045029 8.019071 7.962938 7.874584 7.697028 7.427164 7.145551 6.936884
9.95217 9.837992 9.71473 9.593841 9.459805 9.332348 9.18646 9.097884 9.024369 8.947054 8.891395 8.84966 8.751204 8.62627 8.48664 8.382968 8.255342 8.113257 7.898349 7.702324 7.547581 7.477504 7.526949 7.745064 8.066629 8.376884 8.635705 8.845997 9.043845 9.236708 9.422347 9.643502 9.867084 9.999296 10.03148 9.928491 9.703676 9.477157 9.343866 9.303884 9.328119 9.285764 9.130982 8.88413 8.569348 8.250224 7.958273 7.719624 7.559307 7.475598 7.517402 7.636415 7.761831 7.887459 7.946309 7.963213 7.962911 7.935006 7.889823 7.781626 7.59143 7.318857 7.05675
9.992648 9.928088 9.83727 9.729234 9.605496 9.46886 9.338145 9.260053 9.197648 9.132909 9.0949 9.057063 8.979686 8.876735 8.829726 8.760468 8.666632 8.558948 8.391025 8.20689 7.994149 7.766498 7.582714 7.56874 7.774535 8.064134 8.360051 8.604043 8.806793 8.965672 9.15339 9.373528 9.601635 9.800276 9.952268 10.00788 9.927435 9.761845 9.620732 9.596038 9.637939 9.650133 9.551785 9.336984 9.025091 8.674366 8.318912 8.01805 7.798426 7.663144 7.614832 7.634199 7.706811 7.794677 7.862482 7.897529 7.892096 7.889398 7.858082 7.801112 7.678182 7.469862 7.22876
9.746613 9.748867 9.71426 9.649033 9.539597 9.423076 9.346112 9.300318 9.26551 9.244309 9.236567 9.22231 9.211911 9.236073 9.202059 9.125202 9.053373 8.988647 8.893147 8.741761 8.529789 8.243362 7.921101 7.664879 7.621261 7.829549 8.104952 8.356456 8.548224 8.721532 8.903426 9.082291 9.294604 9.507901 9.699297 9.830297 9.854453 9.786878 9.686497 9.638162 9.687134 9.759319 9.75546 9.620472 9.376366 9.049095 8.697981 8.357932 8.083277 7.893776 7.789972 7.744317 7.74503 7.771481 7.808695 7.830204 7.831168 7.816873 7.798132 7.760624 7.688487 7.540264 7.354744
9.219758 9.276235 9.303369 9.285732 9.259657 9.257098 9.23719 9.222369 9.214992 9.22645 9.246914 9.274075 9.386592 9.455626 9.449166 9.367767 9.265687 9.192666 9.119526 9.009316 8.854907 8.638378 8.341022 8.002644 7.748264 7.725015 7.928061 8.169035 8.370526 8.550057 8.701698 8.850287 9.058784 9.260292 9.431586 9.544526 9.562607 9.474834 9.366875 9.3316 9.397204 9.507508 9.582667 9.539864 9.401039 9.188516 8.906715 8.597203 8.316056 8.099123 7.95561 7.880964 7.834363 7.813774 7.801602 7.793721 7.784431 7.748365 7.706196 7.672058 7.633485 7.53546 7.380233
8.614088 8.724205 8.818661 8.897653 8.951939 9.002014 9.034377 9.047761 9.070148 9.078342 9.083082 9.127973 9.287998 9.386129 9.42553 9.371827 9.231231 9.089608 9.007321 8.922056 8.81967 8.705112 8.558123 8.315769 8.020479 7.815942 7.829653 7.998521 8.228786 8.404688 8.532666 8.644485 8.828361 8.981467 9.087791 9.140107 9.104853 8.97565 8.838718 8.792365 8.856524 9.000154 9.134307 9.169328 9.112148 9.005049 8.8465 8.627906 8.409587 8.203684 8.06791 7.976925 7.92364 7.890222 7.853536 7.824867 7.787036 7.741698 7.665073 7.578855 7.514662 7.44056 7.307696
8.184797 8.302833 8.428454 8.538077 8.637441 8.72506 8.79797 8.872206 8.929782 8.921719 8.878979 8.876499 8.925049 9.035361 9.106918 9.124483 9.0234 8.876553 8.73311 8.617857 8.528839 8.460733 8.435667 8.388145 8.221352 8.02607 7.896857 7.907761 8.066629 8.238241 8.348818 8.450603 8.571854 8.661371 8.71288 8.700804 8.696782 8.677043 8.495551 8.314451 8.327559 8.454206 8.626288 8.740837 8.73657 8.682013 8.607191 8.493325 8.344464 8.188834 8.066865 7.995141 7.96016 7.931699 7.90586 7.876687 7.825843 7.769471 7.685943 7.577678 7.452618 7.352849 7.243613
8.02136 8.100565 8.187572 8.287284 8.386829 8.489173 8.583301 8.693599 8.802968 8.843184 8.790671 8.694592 8.61552 8.59411 8.651066 8.741996 8.767529 8.682061 8.521325 8.381606 8.255388 8.171797 8.143762 8.198961 8.214009 8.124298 7.979435 7.872552 7.894258 8.015869 8.131621 8.236738 8.343416 8.377934 8.383253 8.367457 8.461343 8.504275 8.38679 8.191299 8.077329 8.085815 8.213826 8.377018 8.437996 8.4168 8.378613 8.306567 8.21483 8.110971 8.003454 7.935855 7.919088 7.911187 7.894372 7.86318 7.819356 7.749096 7.682127 7.589177 7.466173 7.352726 7.259994
8.113647 8.097267 8.112651 8.157834 8.224949 8.308533 8.39907 8.507447 8.63297 8.779672 8.828912 8.714736 8.540716 8.403169 8.376945 8.435014 8.512544 8.526406 8.454884 8.295341 8.143147 8.00806 7.910278 7.920635 7.982973 8.007921 7.942933 7.823647 7.746892 7.796007 7.907465 8.040051 8.135898 8.170138 8.151372 8.210501 8.315125 8.385326 8.354604 8.22084 8.079713 7.977063 7.980053 8.097537 8.195767 8.252429 8.253568 8.219712 8.151746 8.067085 7.966034 7.888513 7.843627 7.836577 7.82115 7.806771 7.75763 7.698187 7.63342 7.573006 7.508664 7.426419 7.382875
8.299806 8.214922 8.153844 8.134785 8.14623 8.17679 8.247596 8.326383 8.446864 8.655961 8.852792 8.860991 8.711536 8.524563 8.35325 8.276809 8.296313 8.323944 8.31071 8.240703 8.088705 7.939941 7.798923 7.722579 7.732359 7.777256 7.795027 7.75727 7.663757 7.636238 7.726853 7.875094 7.993316 8.067392 8.043412 8.149483 8.246268 8.276719 8.287535 8.223699 8.140412 8.015624 7.910944 7.898688 7.972494 8.076347 8.134469 8.164361 8.132579 8.062387 7.987558 7.887524 7.816689 7.762221 7.731851 7.692046 7.647993 7.61455 7.588746 7.583827 7.583111 7.568384 7.556002
8.481072 8.392425 8.28879 8.203918 8.143296 8.116394 8.10809 8.116786 8.211229 8.420333 8.715564 8.893297 8.914166 8.795889 8.615988 8.452396 8.364795 8.298483 8.2469 8.182629 8.085053 7.946733 7.821074 7.717492 7.66739 7.646926 7.618665 7.603725 7.569268 7.539099 7.600569 7.762131 7.912592 8.001269 8.018785 8.127888 8.188486 8.192337 8.177467 8.12223 8.08865 8.037507 7.916564 7.827507 7.822865 7.880095 7.966616 8.0272 8.070277 8.060657 8.018487 7.938697 7.856287 7.757207 7.663906 7.583489 7.518075 7.506183 7.52716 7.586176 7.651979 7.674688 7.670135
8.58914 8.547347 8.445426 8.332083 8.226968 8.131506 8.005274 7.933791 7.930491 8.0774 8.3925 8.685738 8.882799 8.936928 8.886594 8.785904 8.687851 8.594497 8.500943 8.403045 8.317982 8.234395 8.100672 7.950819 7.836501 7.726064 7.6187 7.529245 7.454049 7.427153 7.480247 7.658144 7.832682 7.912457 7.972157 8.086891 8.136727 8.131449 8.070136 7.984162 7.942422 7.962836 7.929335 7.848495 7.792655 7.788059 7.788458 7.833887 7.888542 7.969666 7.985357 7.940953 7.870185 7.764554 7.660427 7.548382 7.450349 7.423392 7.441809 7.518287 7.618177 7.686557 7.705979
8.541939 8.58078 8.548871 8.448707 8.330319 8.192399 8.021011 7.847842 7.715422 7.747053 7.989742 8.303409 8.599719 8.798707 8.880388 8.927716 8.966242 8.987253 8.963972 8.90003 8.826146 8.723053 8.555188 8.356143 8.151283 7.976748 7.845358 7.696319 7.553083 7.434577 7.408109 7.526985 7.671277 7.751253 7.867768 8.009063 8.07595 8.068851 7.998785 7.90967 7.832683 7.837811 7.835048 7.824368 7.797657 7.762379 7.730613 7.693706 7.683468 7.751691 7.816835 7.841292 7.801317 7.715427 7.617997 7.50706 7.421125 7.383773 7.367985 7.388784 7.495224 7.612748 7.672375
8.4062 8.50258 8.535995 8.505524 8.42586 8.315574 8.144175 7.914376 7.680087 7.540946 7.627522 7.877143 8.199678 8.459437 8.618605 8.688394 8.801265 8.973862 9.109669 9.164956 9.132553 9.04546 8.904856 8.708339 8.474453 8.271114 8.103914 7.94205 7.748707 7.543488 7.405294 7.406273 7.487399 7.53091 7.722678 7.898731 8.002674 8.011531 7.93862 7.842704 7.764824 7.731459 7.703101 7.695286 7.692966 7.693957 7.674161 7.63097 7.58461 7.543781 7.605876 7.660904 7.684138 7.652832 7.567589 7.496897 7.438561 7.394467 7.327959 7.283365 7.347894 7.469535 7.565262
8.202142 8.346809 8.456815 8.513895 8.483916 8.424177 8.300555 8.087342 7.809249 7.54247 7.424024 7.533432 7.797753 8.075407 8.283096 8.388098 8.430443 8.590916 8.806211 8.965293 9.026773 9.021675 8.961973 8.850885 8.654954 8.423202 8.2047 8.006485 7.818205 7.592393 7.391513 7.302011 7.334918 7.369447 7.573611 7.755999 7.880661 7.92687 7.876247 7.766081 7.675828 7.612123 7.588001 7.561762 7.562132 7.564768 7.585464 7.59774 7.581258 7.524801 7.527903 7.585612 7.658764 7.698374 7.669773 7.622554 7.565555 7.486772 7.362204 7.234619 7.213299 7.297082 7.387451
7.905524 8.113608 8.296623 8.423053 8.469535 8.470334 8.395198 8.215279 7.951663 7.656742 7.416583 7.341183 7.4809 7.739156 7.996599 8.139669 8.135551 8.172466 8.306328 8.499967 8.654122 8.756178 8.778606 8.747727 8.6148 8.3792 8.111751 7.858818 7.667811 7.480304 7.275786 7.153694 7.136334 7.196616 7.386632 7.565755 7.700343 7.775697 7.768638 7.684325 7.584118 7.506451 7.468312 7.44265 7.452894 7.461542 7.491582 7.540892 7.615804 7.627353 7.625018 7.657827 7.762014 7.861057 7.902792 7.884436 7.822525 7.700396 7.485561 7.25349 7.130754 7.138405 7.203499
7.607076 7.831843 8.070848 8.262078 8.401009 8.460088 8.424221 8.273422 8.033266 7.749121 7.478172 7.296126 7.277627 7.471168 7.759085 7.968265 7.980783 7.919613 7.946187 8.049384 8.205475 8.391086 8.486179 8.516435 8.485888 8.310287 8.04034 7.783174 7.505714 7.298911 7.105805 6.934764 6.83901 6.951641 7.136355 7.336672 7.482457 7.603797 7.655895 7.614174 7.543911 7.464261 7.405426 7.360151 7.342665 7.379149 7.425551 7.484522 7.576132 7.657975 7.699994 7.747669 7.856091 7.997229 8.09926 8.112427 8.065946 7.944993 7.710745 7.418306 7.169724 7.074541 7.115656
7.454797 7.633532 7.856983 8.064802 8.256352 8.41776 8.465611 8.351294 8.142694 7.877583 7.598623 7.357106 7.230696 7.302998 7.5522 7.814593 7.908206 7.842707 7.756862 7.775265 7.875298 8.035316 8.189522 8.283228 8.321546 8.257322 8.140496 7.915863 7.648566 7.33355 7.092049 6.82505 6.696171 6.737509 6.90049 7.109468 7.288804 7.468065 7.597281 7.626846 7.58409 7.507571 7.437407 7.367186 7.303154 7.299251 7.362156 7.430742 7.507783 7.603695 7.678914 7.752031 7.876058 8.033358 8.161508 8.218503 8.208623 8.137429 7.965341 7.70244 7.406402 7.184864 7.089245
7.430424 7.543212 7.714878 7.918131 8.113319 8.322236 8.493886 8.490294 8.345159 8.128036 7.843354 7.558718 7.347502 7.257487 7.396024 7.666558 7.859424 7.857675 7.758126 7.675466 7.686585 7.780099 7.921413 8.029053 8.116215 8.197106 8.227993 8.122705 7.911648 7.649468 7.389558 7.070135 6.825117 6.716915 6.775136 6.952881 7.149099 7.370117 7.561007 7.66036 7.673032 7.62612 7.575808 7.51091 7.431418 7.368608 7.356996 7.386748 7.43754 7.508659 7.586809 7.681885 7.816927 7.990452 8.140214 8.234999 8.277105 8.282462 8.217154 8.01691 7.694253 7.384255 7.174501
7.437615 7.466648 7.610048 7.807529 7.983026 8.192547 8.412977 8.515595 8.493336 8.315479 8.07808 7.790752 7.521524 7.333404 7.318768 7.519789 7.75869 7.858016 7.805423 7.695185 7.623763 7.644584 7.727345 7.811976 7.920841 8.071421 8.188198 8.216998 8.069133 7.921067 7.750952 7.491771 7.210158 7.009326 6.887945 6.916718 7.072942 7.26817 7.457669 7.618711 7.696623 7.712421 7.68617 7.651038 7.59357 7.536533 7.462833 7.406598 7.390518 7.401902 7.451952 7.521432 7.673691 7.870781 8.046925 8.189464 8.28033 8.334538 8.346716 8.23266 7.977412 7.663027 7.391741
7.48933 7.431786 7.507518 7.682565 7.849587 8.057464 8.28295 8.448085 8.518506 8.418666 8.215508 7.945853 7.662807 7.427455 7.298191 7.377498 7.588071 7.7258 7.770874 7.714756 7.626784 7.587449 7.602444 7.648267 7.761308 7.892594 8.012412 8.061609 8.021446 7.928062 7.868394 7.754525 7.576725 7.360578 7.174207 7.062771 7.059956 7.151809 7.306535 7.479091 7.590326 7.634484 7.655626 7.665455 7.652253 7.602663 7.548403 7.473133 7.391409 7.32476 7.301438 7.321718 7.415683 7.622185 7.851116 8.036367 8.190939 8.316137 8.396262 8.3837 8.21695 7.954241 7.667505
7.624513 7.480965 7.465146 7.580512 7.741547 7.943441 8.174211 8.374498 8.518176 8.52544 8.39113 8.138015 7.839047 7.552643 7.33683 7.281078 7.39668 7.535157 7.638452 7.65884 7.612282 7.555919 7.526587 7.549867 7.624521 7.708847 7.804388 7.854776 7.850064 7.805877 7.729991 7.694438 7.63202 7.53889 7.387202 7.233015 7.125017 7.11483 7.191826 7.328464 7.455183 7.504943 7.531433 7.553657 7.550924 7.525794 7.524423 7.473965 7.392238 7.270703 7.180456 7.147158 7.166871 7.308609 7.560468 7.791421 7.993655 8.184641 8.336909 8.419882 8.385381 8.21581 7.969708
7.832559 7.638746 7.525874 7.561495 7.703904 7.872759 8.037422 8.208549 8.377876 8.47964 8.474792 8.327763 8.074418 7.778975 7.499534 7.310295 7.298859 7.37892 7.480461 7.550289 7.559578 7.532676 7.501816 7.511714 7.563165 7.61859 7.667343 7.669366 7.678074 7.667405 7.610136 7.540267 7.501719 7.486404 7.42627 7.306183 7.201198 7.131329 7.138016 7.230849 7.339773 7.409045 7.419538 7.422898 7.425668 7.398997 7.400109 7.383898 7.335128 7.221186 7.101918 7.029627 6.994231 7.047297 7.236368 7.471712 7.708464 7.939617 8.1616 8.323123 8.401233 8.35185 8.186656
8.026014 7.838192 7.663997 7.600945 7.692988 7.813578 7.889544 7.979818 8.107271 8.23056 8.316024 8.325258 8.208788 8.009365 7.75982 7.518585 7.357374 7.313706 7.365945 7.419559 7.458899 7.488908 7.487242 7.519761 7.580945 7.633078 7.636511 7.558904 7.527689 7.518741 7.513422 7.468293 7.400786 7.372939 7.35504 7.296171 7.223519 7.166163 7.14155 7.191146 7.294704 7.366669 7.376482 7.359788 7.343808 7.32157 7.31862 7.343432 7.315867 7.239645 7.117044 6.992565 6.907273 6.878088 6.955262 7.126981 7.35708 7.601329 7.866347 8.108132 8.278418 8.331587 8.270291
8.098706 7.953509 7.781123 7.650969 7.679255 7.749107 7.782952 7.821284 7.878645 7.937399 8.014929 8.097468 8.127338 8.0531 7.920923 7.726006 7.531132 7.392249 7.331497 7.327105 7.352672 7.3972 7.425243 7.502133 7.591882 7.662663 7.651495 7.532939 7.433675 7.377308 7.382137 7.388415 7.354448 7.302491 7.272563 7.251282 7.217433 7.175016 7.13894 7.173169 7.276546 7.352311 7.385696 7.384408 7.362666 7.33551 7.364315 7.434604 7.43391 7.366805 7.216334 7.038399 6.88078 6.782312 6.76167 6.817532 6.967533 7.178545 7.450556 7.746193 8.014847 8.18079 8.232058
8.029039 7.952492 7.820886 7.68865 7.662272 7.701855 7.725379 7.758753 7.777725 7.768796 7.763896 7.819571 7.891138 7.906545 7.876368 7.82254 7.691589 7.548926 7.428118 7.329756 7.282896 7.307106 7.331606 7.421995 7.552001 7.647853 7.649682 7.539781 7.410384 7.303684 7.274268 7.297729 7.322916 7.305553 7.27059 7.229951 7.198956 7.157293 7.118337 7.121615 7.211744 7.299106 7.347049 7.373257 7.394873 7.386215 7.432901 7.479163 7.484167 7.433776 7.320101 7.161326 6.9666 6.802371 6.704733 6.659103 6.676881 6.785706 6.990292 7.281684 7.611752 7.885703 8.064384
7.90653 7.865017 7.801431 7.700575 7.668929 7.68412 7.717634 7.741178 7.770679 7.772373 7.712215 7.663164 7.685082 7.717506 7.729903 7.754024 7.730009 7.665421 7.597506 7.465085 7.331427 7.265377 7.269631 7.357884 7.475755 7.596072 7.635373 7.559627 7.429223 7.310452 7.24169 7.230859 7.271998 7.301482 7.282676 7.255275 7.212086 7.163507 7.114986 7.086857 7.131414 7.197717 7.26563 7.310362 7.344903 7.352875 7.373389 7.404969 7.433043 7.415948 7.377783 7.316508 7.183707 6.999615 6.827853 6.684357 6.595564 6.564457 6.634634 6.847274 7.158742 7.498147 7.760443
