py_wake/examples/data/AJ_ParqueFicticio/Rough survey   Sector 1   Height 200m   Orographic speed.grd
DSAA
73  159
 258469   265669
 6501692   6517492
 .6526977   1.394486
[rows 112 to 139 of 159, columns 0 to 62 of 73]
1.238612 1.232587 1.224714 1.21979 1.21632 1.214677 1.213617 1.216635 1.223588 1.227988 1.229273 1.228907 1.220565 1.210234 1.195568 1.175052 1.155525 1.144341 1.138028 1.13349 1.138871 1.155849 1.175963 1.200183 1.222618 1.239495 1.248226 1.249893 1.249394 1.247691 1.248172 1.245231 1.236212 1.223848 1.207291 1.193059 1.187875 1.194983 1.210977 1.229027 1.244015 1.24906 1.243965 1.231333 1.215393 1.199181 1.184999 1.173098 1.164922 1.161013 1.153362 1.140602 1.125143 1.110263 1.10178 1.094456 1.089634 1.083644 1.075547 1.066944 1.059989 1.054123 1.05632
1.271847 1.264806 1.258511 1.254508 1.252708 1.253084 1.25523 1.257095 1.259899 1.260409 1.259106 1.256178 1.245682 1.231118 1.212948 1.192448 1.176886 1.166665 1.154898 1.142427 1.13736 1.143123 1.161091 1.186581 1.207974 1.220187 1.223942 1.219992 1.219758 1.225151 1.234595 1.251665 1.267124 1.271272 1.264655 1.254592 1.247206 1.249852 1.262855 1.276719 1.289846 1.289577 1.275497 1.253807 1.228948 1.205227 1.183305 1.163843 1.144196 1.124956 1.110509 1.098374 1.087786 1.083657 1.080661 1.080966 1.080515 1.078625 1.074927 1.066952 1.059125 1.049875 1.042168
1.298971 1.293308 1.28937 1.286885 1.286221 1.288815 1.291753 1.295169 1.296078 1.29297 1.290474 1.285689 1.27043 1.252315 1.233022 1.217871 1.209506 1.201265 1.185944 1.168269 1.155573 1.150478 1.153937 1.168333 1.183089 1.192259 1.194734 1.19235 1.192167 1.201416 1.218086 1.242697 1.269035 1.288193 1.301175 1.306158 1.307159 1.311727 1.322436 1.334273 1.341648 1.334736 1.313897 1.286489 1.255002 1.224972 1.194926 1.166925 1.139386 1.109394 1.085972 1.071654 1.063731 1.064592 1.066938 1.069392 1.072089 1.072436 1.07286 1.069958 1.064072 1.054329 1.03976
1.301972 1.303803 1.304695 1.305139 1.306336 1.309258 1.315006 1.319075 1.321017 1.320847 1.319781 1.311677 1.296555 1.280611 1.26541 1.258006 1.254912 1.248741 1.233554 1.21722 1.1989 1.180574 1.163072 1.154456 1.153816 1.156851 1.159713 1.161387 1.165838 1.176077 1.197461 1.224106 1.249251 1.275145 1.301222 1.325172 1.344506 1.359447 1.37196 1.383547 1.385865 1.376128 1.353391 1.324672 1.290624 1.254113 1.215505 1.17988 1.146161 1.113816 1.085532 1.06496 1.054957 1.05463 1.058483 1.061837 1.063147 1.066596 1.067239 1.06798 1.064754 1.055107 1.0407
1.271928 1.282567 1.289312 1.296058 1.301886 1.308963 1.317699 1.325011 1.332413 1.338931 1.341274 1.33534 1.32508 1.314469 1.306431 1.302996 1.301183 1.297347 1.287423 1.272358 1.251053 1.220865 1.186959 1.155244 1.133248 1.128188 1.129991 1.1332 1.141309 1.158244 1.181166 1.203501 1.227921 1.254549 1.286676 1.31878 1.347685 1.372344 1.389062 1.394486 1.393288 1.383151 1.365407 1.340626 1.309528 1.273032 1.233184 1.193477 1.155921 1.122583 1.093394 1.071644 1.05853 1.05303 1.052628 1.053918 1.055127 1.056695 1.058699 1.059424 1.057449 1.049519 1.03671
1.214635 1.230575 1.244467 1.258308 1.272583 1.288678 1.302167 1.316663 1.329913 1.341736 1.347002 1.345118 1.341547 1.33845 1.335257 1.331538 1.325649 1.319407 1.309705 1.295931 1.275882 1.246962 1.20906 1.168887 1.132406 1.112275 1.110855 1.117768 1.131768 1.151788 1.171631 1.189869 1.21495 1.242303 1.272057 1.299009 1.321974 1.339446 1.348117 1.35086 1.347208 1.337825 1.324486 1.30672 1.286077 1.259956 1.226806 1.191014 1.156065 1.12417 1.098244 1.078782 1.064821 1.056098 1.051177 1.04829 1.047315 1.045395 1.04356 1.043498 1.041848 1.033294 1.019942
1.143925 1.164135 1.184959 1.207893 1.232033 1.25713 1.279294 1.297797 1.313684 1.323272 1.324809 1.326741 1.329153 1.329337 1.329848 1.325065 1.313103 1.297082 1.284273 1.26885 1.251709 1.231805 1.206705 1.175026 1.140827 1.113987 1.102594 1.109777 1.1301 1.148494 1.163491 1.178249 1.200059 1.221773 1.240689 1.256835 1.271049 1.280161 1.278703 1.271838 1.264103 1.25592 1.247529 1.23606 1.221943 1.206282 1.187039 1.162129 1.138083 1.114217 1.095646 1.080388 1.069952 1.061688 1.055256 1.049741 1.045429 1.040186 1.032402 1.022276 1.01158 1.00211 .9878222
1.087006 1.110475 1.138364 1.169017 1.200655 1.232441 1.260345 1.282932 1.298383 1.299786 1.291396 1.285495 1.283202 1.283781 1.285987 1.285249 1.272852 1.252886 1.230395 1.210199 1.193618 1.180393 1.170926 1.162548 1.143964 1.124228 1.110809 1.109688 1.124232 1.139847 1.150006 1.161061 1.175643 1.187626 1.19816 1.209996 1.22047 1.226332 1.2159 1.199448 1.182579 1.173044 1.169163 1.165065 1.154595 1.142871 1.131422 1.11866 1.10525 1.092048 1.081776 1.074116 1.06815 1.063146 1.05827 1.052987 1.045852 1.03753 1.024747 1.006801 .9862006 .9711334 .9594268
1.071755 1.094442 1.122201 1.153745 1.187289 1.220894 1.249808 1.27382 1.287675 1.282822 1.264695 1.246549 1.23452 1.227926 1.229735 1.231836 1.225561 1.207884 1.184949 1.162156 1.14316 1.131528 1.126959 1.129987 1.131714 1.123546 1.113074 1.107178 1.110084 1.119129 1.127636 1.13792 1.148817 1.153232 1.161455 1.172465 1.184844 1.190669 1.179978 1.159376 1.134673 1.116531 1.110674 1.11093 1.105917 1.09595 1.088485 1.080614 1.073747 1.068841 1.062901 1.058446 1.057637 1.055448 1.051618 1.045977 1.037306 1.023888 1.007196 .9887705 .9706082 .9583299 .9509656
1.096519 1.110943 1.131938 1.159125 1.188626 1.219896 1.246239 1.266327 1.272635 1.267501 1.252367 1.229917 1.206352 1.18975 1.181948 1.179134 1.175301 1.165824 1.152251 1.13461 1.115966 1.101628 1.092671 1.094167 1.099396 1.101895 1.099114 1.093632 1.091321 1.095759 1.104922 1.117201 1.123849 1.129807 1.141032 1.15351 1.165479 1.17074 1.160594 1.140952 1.115062 1.088705 1.07404 1.071191 1.070623 1.070046 1.066922 1.063878 1.060162 1.055707 1.051087 1.046028 1.041653 1.039619 1.035036 1.028225 1.016528 1.000968 .9851036 .9736111 .9684414 .9646511 .9695389
1.130163 1.138698 1.153638 1.174855 1.199057 1.222806 1.244026 1.255782 1.253663 1.250731 1.247366 1.231876 1.21009 1.188906 1.164895 1.146301 1.134105 1.125037 1.118006 1.108871 1.096122 1.083239 1.072603 1.066756 1.06743 1.07077 1.076454 1.078878 1.077014 1.07848 1.089433 1.10177 1.110949 1.124826 1.13913 1.151055 1.157432 1.152488 1.140026 1.123199 1.101189 1.074849 1.052917 1.041426 1.041196 1.047309 1.052139 1.056638 1.055812 1.052055 1.04719 1.039454 1.030422 1.021316 1.011413 1.000288 .988712 .9783539 .971723 .9739897 .9829353 .9916049 1.003266
1.161315 1.171056 1.183167 1.19825 1.213144 1.226845 1.234848 1.230921 1.225479 1.224526 1.231569 1.232196 1.224735 1.206872 1.182505 1.15627 1.133646 1.114071 1.100683 1.092092 1.084791 1.077036 1.070124 1.063316 1.057499 1.054116 1.052418 1.058603 1.065678 1.071362 1.082444 1.097471 1.112482 1.130068 1.143137 1.149068 1.143879 1.129227 1.111023 1.094499 1.079394 1.061322 1.041331 1.0262 1.021067 1.024683 1.033117 1.041674 1.048326 1.049027 1.04603 1.037047 1.025953 1.009274 .9900377 .9733829 .9616493 .9582396 .9666198 .9850571 1.004535 1.019848 1.032115
1.184781 1.20063 1.212943 1.221766 1.228264 1.227179 1.214049 1.199743 1.187649 1.185706 1.197846 1.210414 1.218883 1.217766 1.206751 1.189888 1.170367 1.151313 1.135274 1.123107 1.115625 1.108378 1.098332 1.086743 1.073739 1.059641 1.051439 1.050741 1.055803 1.065657 1.079196 1.098195 1.116393 1.130997 1.13841 1.137238 1.124029 1.102684 1.081289 1.063904 1.051134 1.04291 1.034528 1.023878 1.015487 1.013149 1.013104 1.01933 1.027487 1.036328 1.037201 1.029979 1.016291 .9964726 .9765754 .9588806 .9467565 .9513835 .967589 .9924249 1.015936 1.033973 1.046633
1.192966 1.215827 1.23098 1.236913 1.234808 1.2196 1.194589 1.169054 1.150609 1.146511 1.156186 1.170901 1.187379 1.199993 1.203725 1.20335 1.199893 1.195794 1.188739 1.181068 1.173466 1.163015 1.145366 1.123736 1.102631 1.084081 1.076454 1.073047 1.072612 1.075048 1.082624 1.096219 1.107561 1.117835 1.121187 1.116156 1.099544 1.078565 1.058892 1.043365 1.030892 1.022633 1.019214 1.017067 1.01356 1.009748 1.006396 1.002972 1.002473 1.008465 1.012116 1.007582 .9940117 .9750791 .959499 .9469762 .9430541 .9533428 .9718177 .9930103 1.015816 1.035025 1.049567
1.1919 1.217579 1.235171 1.240767 1.233159 1.213113 1.183225 1.15441 1.131741 1.117101 1.116297 1.126354 1.144542 1.158026 1.166682 1.173013 1.182012 1.195983 1.208076 1.212952 1.207899 1.195445 1.175905 1.151915 1.128914 1.113338 1.105609 1.102455 1.09541 1.088369 1.085464 1.087327 1.091014 1.095342 1.097191 1.091465 1.076685 1.057898 1.039199 1.024516 1.01472 1.006896 1.000603 .9991162 .9991882 .9993861 .997512 .9927134 .9869463 .9803005 .9799095 .9754374 .9661477 .9553946 .9459963 .9435707 .9490538 .9632744 .9801996 .9941217 1.010948 1.027491 1.040524
1.185432 1.212142 1.230359 1.237921 1.226936 1.206356 1.179852 1.152617 1.126232 1.102869 1.087915 1.089653 1.101455 1.111398 1.121759 1.132307 1.140568 1.158727 1.178275 1.190381 1.19077 1.183745 1.171266 1.156324 1.137941 1.12222 1.113046 1.105524 1.096476 1.084571 1.075746 1.0704 1.072865 1.074686 1.073442 1.063822 1.050993 1.035698 1.018967 1.002887 .9934241 .988318 .9856721 .9827844 .9826074 .9828488 .9852012 .9862004 .9822816 .9728614 .965964 .9609589 .9589133 .9588524 .9594533 .9641973 .9738888 .9841551 .9914597 .99524 1.002899 1.013002 1.021226
1.168743 1.198638 1.219084 1.225262 1.213648 1.193771 1.168716 1.142538 1.117815 1.094538 1.075593 1.064602 1.067715 1.075821 1.088234 1.099058 1.101102 1.10948 1.124071 1.136503 1.142223 1.144494 1.139883 1.133647 1.122901 1.106487 1.090823 1.077136 1.066373 1.056756 1.048422 1.046109 1.047561 1.045968 1.041102 1.028942 1.016819 1.004647 .9923775 .9805226 .9720817 .9675935 .9671765 .9679364 .9709717 .9718258 .9749127 .9796762 .9855999 .9826194 .9770467 .9730839 .976815 .9863012 .9975888 1.007946 1.015277 1.014894 1.005019 .9956786 .9942893 .9967302 1.001547
1.157015 1.185442 1.203533 1.206355 1.193668 1.171844 1.148394 1.124393 1.102378 1.08161 1.063757 1.051516 1.045479 1.053333 1.066887 1.076577 1.07569 1.070851 1.073715 1.080371 1.089314 1.098734 1.100293 1.100149 1.100783 1.090565 1.071816 1.051426 1.035681 1.025478 1.018214 1.012774 1.009367 1.004022 .9982411 .9896368 .980586 .9747629 .9704112 .9644522 .9609504 .9576815 .9555683 .9549008 .9589828 .9648762 .9698991 .9753079 .982338 .987335 .9878378 .9905665 1.000156 1.017556 1.035759 1.047395 1.049929 1.041429 1.023455 1.00644 .9935783 .9909098 .9967968
1.164918 1.182684 1.188948 1.180922 1.167409 1.152592 1.137157 1.115994 1.095723 1.0777 1.06233 1.049225 1.041277 1.042871 1.051673 1.060476 1.060789 1.053521 1.043964 1.041967 1.047075 1.058288 1.066213 1.073141 1.080436 1.079174 1.067924 1.051486 1.036694 1.02193 1.007237 .9906198 .9766507 .9670907 .9599351 .9558091 .9543141 .9586632 .9652083 .9664683 .9656635 .9627749 .9588141 .9555492 .954493 .9588901 .966093 .9722536 .9767892 .9825101 .9892215 1.000371 1.01652 1.037459 1.055569 1.066321 1.067836 1.06132 1.046247 1.029875 1.014767 1.001847 .9981318
1.18306 1.185538 1.176171 1.161653 1.146021 1.137826 1.135252 1.124295 1.110258 1.095853 1.0802 1.065558 1.053722 1.04216 1.041677 1.048941 1.054337 1.048122 1.037123 1.025633 1.023736 1.03066 1.03823 1.048213 1.060425 1.067355 1.072262 1.069864 1.061541 1.048319 1.028792 1.003541 .9769896 .9529151 .9417324 .9393167 .9437163 .9561589 .9690756 .977167 .9799219 .978747 .9773966 .9747984 .9721278 .9691376 .9671989 .9683632 .9702827 .9748355 .9851844 1.003407 1.025112 1.0462 1.062145 1.072384 1.077257 1.077979 1.072286 1.057489 1.037438 1.017514 1.005233
1.19061 1.177218 1.162024 1.145895 1.129896 1.124087 1.125676 1.12659 1.123881 1.110241 1.096915 1.080838 1.062975 1.046519 1.035886 1.038098 1.044251 1.044686 1.035173 1.023443 1.014683 1.014282 1.019169 1.02762 1.040594 1.05373 1.068484 1.080741 1.078141 1.071015 1.056313 1.03381 1.007571 .9788631 .9550623 .9422004 .9453654 .9552781 .9669524 .9790909 .9874198 .992197 .993655 .9945345 .9923694 .9865425 .9775611 .9689621 .9646416 .9658724 .9783352 .9983112 1.022734 1.044169 1.059376 1.071869 1.080078 1.084277 1.085487 1.075986 1.058455 1.038012 1.02091
1.189161 1.165011 1.143359 1.126455 1.112723 1.110327 1.114367 1.121133 1.125269 1.115786 1.101526 1.082603 1.062437 1.043232 1.026952 1.0224 1.025259 1.026481 1.025036 1.018743 1.011099 1.006554 1.006646 1.012267 1.022465 1.034776 1.0503 1.062578 1.068212 1.068098 1.062126 1.052167 1.034409 1.007542 .9812568 .9617502 .9504053 .9482057 .9550952 .9671006 .9777105 .9843017 .9917171 .9974234 .9983997 .9906189 .9821767 .9710716 .9615868 .9593025 .967975 .9843529 1.00393 1.025159 1.04492 1.061116 1.074444 1.084418 1.091412 1.090775 1.078074 1.060853 1.041824
1.187577 1.157066 1.129745 1.110662 1.100928 1.10229 1.110469 1.119333 1.127425 1.12481 1.110895 1.088664 1.063119 1.03945 1.017849 1.004012 .9998417 1.00216 1.006006 1.006602 1.003724 .9994321 .9973698 1.000274 1.006207 1.014148 1.025685 1.037323 1.041644 1.04473 1.041004 1.036723 1.028857 1.015526 .9940965 .973963 .9555753 .9461193 .9449126 .951371 .9620828 .96837 .9754212 .981512 .9827098 .9790311 .9733389 .9641796 .9560691 .9521943 .9567043 .9671183 .9810485 .9990856 1.021055 1.041675 1.060408 1.075645 1.088214 1.094321 1.092267 1.080826 1.064559
1.191899 1.157597 1.12729 1.107458 1.099299 1.099296 1.100547 1.104838 1.112765 1.117192 1.113269 1.097702 1.073938 1.047032 1.020264 .9963897 .9840589 .9823657 .9861649 .9916858 .9938582 .9938387 .9934623 .9955357 .998373 1.001735 1.008949 1.01387 1.018399 1.021252 1.017214 1.00945 1.002249 .9963821 .9861167 .9711381 .957519 .9442785 .9384933 .9422415 .950551 .9574427 .9598116 .9609759 .9614843 .9581523 .953317 .9478942 .9455261 .9445142 .9478968 .9552033 .9635258 .9756306 .9939831 1.015478 1.037173 1.057642 1.074249 1.086281 1.092456 1.090231 1.078496
1.193933 1.161012 1.130378 1.107017 1.096005 1.089347 1.078768 1.073303 1.076818 1.08343 1.087937 1.087101 1.076053 1.058684 1.034057 1.008706 .9851021 .9715978 .9716182 .9752693 .9811912 .989282 .9933154 .9977961 1.001074 1.002796 1.003036 .9976567 .9975184 .9974341 .9967797 .9896378 .9787858 .9714366 .9660087 .9592217 .9521696 .9445522 .9399517 .941425 .9493505 .954162 .9534569 .950202 .9464092 .9430596 .9414201 .9425942 .9448567 .9481751 .9504322 .9513434 .9534782 .9581568 .9685138 .9850313 1.005875 1.027441 1.049454 1.066959 1.080219 1.085132 1.081452
1.181022 1.151672 1.125401 1.100489 1.084753 1.069342 1.052975 1.0448 1.042233 1.041226 1.043977 1.051483 1.057192 1.052398 1.040397 1.019053 .9963652 .9761941 .9655962 .9633911 .9699875 .980225 .9881611 .9986309 1.003209 1.004302 .9993644 .9882454 .9800904 .9743932 .9733161 .9714131 .9641849 .9548747 .9494353 .9472145 .945766 .9431666 .9401047 .9430924 .951224 .9547916 .9555275 .9522519 .9480021 .9458139 .948627 .9576358 .9636983 .9651031 .9599996 .9527865 .9470924 .9455528 .9480185 .9550295 .9689413 .9876808 1.010888 1.034126 1.054402 1.068346 1.0735
1.15037 1.130615 1.109738 1.0871 1.065922 1.048021 1.034387 1.030159 1.023756 1.013485 1.007509 1.013003 1.021973 1.026253 1.025162 1.021152 1.005768 .9888213 .9739023 .9648306 .9644375 .9730089 .9807141 .9916844 .9983242 .998817 .9919909 .9796508 .9689172 .9599289 .9554392 .9552046 .9546875 .9507527 .9455122 .9420569 .9410696 .9395877 .937855 .9388933 .9453623 .9498321 .9510732 .9514045 .9541473 .9557573 .961014 .9683784 .97383 .9738319 .9689068 .9611347 .9518183 .9444181 .939751 .9367601 .9385552 .9493766 .9672433 .9917035 1.018031 1.039926 1.055641
1.118335 1.1033 1.089093 1.068084 1.048346 1.034032 1.027159 1.023861 1.018748 1.008711 .9972733 .9907423 .992501 .9979669 1.000708 1.005925 1.004027 .9967695 .990149 .979922 .9721923 .9719998 .9779469 .9876624 .989629 .9888373 .9833257 .9735531 .9639315 .9553964 .9483801 .9454239 .9472429 .9484206 .9456365 .9439336 .9407496 .9381324 .9366454 .9346845 .9360745 .9382019 .9420585 .9439136 .9486409 .9540705 .9575743 .9634345 .9699734 .9720894 .9749525 .9772434 .9721935 .9611304 .9480063 .9342042 .926627 .9263275 .9357167 .9543458 .9788828 1.005218 1.026592
