py_wake/examples/data/AJ_ParqueFicticio/Rough survey   Sector 11   Height 200m   Weibull-A.grd
DSAA
73  159
 258469   265669
 6501692   6517492
 6.682074   12.74126
[rows 28 to 55 of 159, columns 0 to 62 of 73]
9.840534 9.847504 9.855615 9.866122 9.880863 9.899008 9.918878 9.937143 9.946265 9.964369 9.992614 10.02144 10.04677 10.07383 10.09316 10.11279 10.13519 10.1515 10.16692 10.17229 10.16593 10.15837 10.17948 10.20272 10.22151 10.21669 10.19368 10.16449 10.15281 10.13319 10.1142 10.08828 10.03171 9.946349 9.914502 9.936666 9.95903 9.967446 9.967721 9.912715 9.857487 9.887724 10.00532 10.17131 10.3713 10.54582 10.67695 10.82992 10.98038 11.10552 11.17904 11.2559 11.32286 11.3424 11.19335 11.06054 11.02024 10.93645 10.67455 10.34203 10.04455 9.813914 9.651222
9.829878 9.843712 9.849793 9.862235 9.87383 9.888835 9.908399 9.929129 9.943531 9.961613 9.981234 10.00933 10.0347 10.0692 10.09491 10.11737 10.1346 10.15302 10.16604 10.17205 10.16622 10.15769 10.17336 10.19614 10.2154 10.21361 10.19469 10.1745 10.16506 10.15177 10.13481 10.10252 10.04373 9.945237 9.904905 9.937443 9.962478 9.974665 9.977789 9.940387 9.881129 9.881659 9.986932 10.12717 10.29647 10.49985 10.68101 10.86524 11.06554 11.25 11.37537 11.46393 11.53449 11.60769 11.51758 11.35617 11.225 11.03812 10.73439 10.39976 10.10777 9.895529 9.773736
9.815117 9.828279 9.839882 9.85171 9.861292 9.881169 9.896623 9.919445 9.939391 9.948165 9.967194 9.986925 10.01143 10.0515 10.0797 10.10895 10.1309 10.14856 10.15917 10.16476 10.16615 10.16932 10.17732 10.19377 10.20185 10.20436 10.20133 10.18706 10.17393 10.15884 10.13625 10.11081 10.04284 9.951525 9.930179 9.944086 9.958241 9.966087 9.987877 9.976043 9.919704 9.899192 9.958132 10.07925 10.2339 10.40271 10.60022 10.82554 11.07016 11.31428 11.52915 11.68785 11.7729 11.85796 11.82644 11.66611 11.44185 11.11371 10.73729 10.37488 10.10512 9.946067 9.922108
9.802678 9.81456 9.827163 9.841027 9.84848 9.868958 9.884494 9.90897 9.918481 9.934114 9.947262 9.966509 9.987383 10.02537 10.06719 10.09843 10.12417 10.14073 10.1481 10.15816 10.16603 10.17276 10.17718 10.182 10.19098 10.20079 10.19633 10.18945 10.1685 10.14655 10.132 10.12034 10.0678 9.991566 9.964094 9.944848 9.945187 9.951401 9.980003 9.99947 9.961338 9.922978 9.939832 10.02877 10.1704 10.32467 10.49092 10.68965 10.93711 11.21762 11.50459 11.75031 11.9302 12.06634 12.08783 11.95493 11.64651 11.20833 10.74663 10.35405 10.08056 9.98431 10.03034
9.784044 9.799776 9.814651 9.828224 9.842154 9.861793 9.881007 9.891375 9.903664 9.919737 9.932043 9.948039 9.961582 9.991125 10.03289 10.07078 10.10518 10.13084 10.1396 10.14989 10.16135 10.16849 10.174 10.17647 10.18507 10.18138 10.18451 10.18005 10.15907 10.12961 10.12351 10.1096 10.06639 10.01223 9.969478 9.953873 9.940106 9.926452 9.961631 9.999556 10.00578 9.955656 9.934595 9.976764 10.0922 10.2694 10.45261 10.60826 10.78926 11.02189 11.28999 11.57408 11.8706 12.10906 12.24022 12.16237 11.83457 11.33664 10.82845 10.38783 10.10533 10.06086 10.15579
9.778945 9.79245 9.805644 9.819986 9.842924 9.857033 9.874677 9.888308 9.900335 9.909129 9.920032 9.933904 9.947309 9.965053 10.00137 10.0421 10.08148 10.10884 10.1246 10.14366 10.15434 10.16482 10.16942 10.17177 10.17627 10.17474 10.16163 10.15876 10.1479 10.1258 10.11735 10.09954 10.06303 10.0157 9.975114 9.962964 9.952935 9.914781 9.94627 9.992064 10.03914 10.03436 9.977807 9.929729 9.98213 10.15337 10.38979 10.59126 10.76716 10.96043 11.17807 11.44389 11.73511 12.02161 12.25643 12.30118 11.99093 11.50299 10.95686 10.50073 10.20322 10.15983 10.30034
9.789014 9.797695 9.808346 9.818097 9.834503 9.846997 9.864804 9.880389 9.892929 9.903471 9.90997 9.923186 9.937348 9.95297 9.978748 10.02327 10.06157 10.08681 10.10877 10.12875 10.14254 10.14647 10.15495 10.15894 10.16114 10.15477 10.1419 10.13712 10.13144 10.12693 10.11382 10.09487 10.06556 10.0125 9.966601 9.942708 9.960017 9.932053 9.932988 9.990093 10.07713 10.11859 10.08327 9.971148 9.896582 9.999613 10.24811 10.52317 10.76643 11.01077 11.25891 11.52902 11.78469 12.04139 12.28051 12.38718 12.16771 11.70414 11.1757 10.70694 10.40037 10.33993 10.46437
9.782039 9.792742 9.804308 9.819349 9.829825 9.843163 9.855787 9.865555 9.878395 9.887727 9.891819 9.905418 9.917476 9.940216 9.968109 9.998496 10.02819 10.06236 10.08473 10.10132 10.11584 10.12255 10.13052 10.13622 10.14123 10.13338 10.12425 10.1217 10.11611 10.1139 10.10103 10.08037 10.0573 10.0146 9.958638 9.90986 9.917948 9.934824 9.934974 10.00269 10.12214 10.2144 10.21986 10.10135 9.899004 9.862515 10.06104 10.38476 10.71065 11.01235 11.32425 11.67072 11.98061 12.22945 12.41443 12.50662 12.34626 11.91443 11.38718 10.94181 10.65195 10.60513 10.68022
9.77098 9.785108 9.794765 9.806355 9.824325 9.842777 9.848696 9.858736 9.868498 9.87625 9.878371 9.880547 9.893098 9.917093 9.941886 9.967316 9.994195 10.01637 10.0481 10.05777 10.08099 10.08724 10.09921 10.11329 10.11909 10.11435 10.11408 10.10658 10.1018 10.09674 10.08927 10.06579 10.03394 10.00004 9.943196 9.889055 9.870729 9.906182 9.937452 10.02375 10.17495 10.3391 10.41229 10.31585 10.05136 9.793636 9.843267 10.14009 10.52573 10.90523 11.28097 11.6942 12.0827 12.38656 12.59145 12.66675 12.47946 12.03629 11.51824 11.1036 10.90191 10.87977 10.96111
9.747211 9.762463 9.778431 9.792583 9.805397 9.828848 9.850666 9.860105 9.86562 9.864641 9.871032 9.873054 9.874356 9.895095 9.914299 9.9368 9.959746 9.970658 9.997113 10.01029 10.02497 10.04222 10.06078 10.08012 10.09931 10.09499 10.09351 10.08555 10.08348 10.07042 10.06205 10.04362 10.01479 9.982381 9.936083 9.865781 9.801516 9.834457 9.887252 9.989582 10.19528 10.44334 10.61838 10.61155 10.35618 9.953791 9.759703 9.91286 10.26511 10.65785 11.06387 11.47835 11.92558 12.33894 12.62541 12.74126 12.55675 12.10331 11.57634 11.17245 11.03674 11.07508 11.17447
9.731557 9.749282 9.764527 9.781956 9.794307 9.806852 9.826506 9.838946 9.853013 9.865004 9.874785 9.872032 9.872287 9.872898 9.890611 9.909705 9.931636 9.947195 9.966514 9.972939 9.963068 9.990183 10.02001 10.04371 10.06753 10.06567 10.06767 10.06235 10.05281 10.03819 10.02309 10.01643 9.997393 9.959447 9.916157 9.845085 9.746289 9.739528 9.795139 9.924085 10.1455 10.45057 10.74312 10.87254 10.73525 10.33054 9.963836 9.902199 10.0836 10.39355 10.78503 11.20824 11.65913 12.1094 12.49282 12.69007 12.5786 12.12774 11.60367 11.16416 11.04037 11.13646 11.26362
9.72943 9.750938 9.76711 9.782021 9.801027 9.808734 9.811167 9.828554 9.846397 9.857678 9.868635 9.876348 9.873784 9.872669 9.88463 9.903636 9.920957 9.940825 9.961643 9.958198 9.93976 9.952231 9.977821 10.00864 10.02734 10.03809 10.03585 10.03251 10.02824 10.00635 9.987887 9.974896 9.954776 9.924351 9.878956 9.80647 9.694746 9.655438 9.700653 9.84242 10.06736 10.38096 10.72146 10.97969 11.02754 10.7482 10.37135 10.18129 10.18208 10.39222 10.72749 11.11799 11.5285 11.95018 12.34876 12.59934 12.56576 12.16284 11.61598 11.15112 10.94932 10.99435 11.14181
9.730174 9.750212 9.764387 9.77877 9.798329 9.812941 9.817423 9.828018 9.836067 9.849286 9.860436 9.864182 9.870423 9.880146 9.883249 9.889176 9.904195 9.924752 9.944541 9.952052 9.939376 9.941657 9.946316 9.963104 9.989902 9.991216 9.994471 9.995484 9.987322 9.972296 9.954138 9.936964 9.916773 9.885617 9.840758 9.753551 9.643329 9.558098 9.593064 9.734647 9.976992 10.28041 10.62624 10.95588 11.1381 11.03906 10.7429 10.5576 10.48577 10.56892 10.85187 11.18348 11.5556 11.93506 12.29681 12.56631 12.5641 12.20885 11.67678 11.15419 10.78863 10.71325 10.82281
9.751626 9.759974 9.772462 9.77408 9.779573 9.796094 9.812631 9.823776 9.830505 9.829717 9.828647 9.83657 9.84802 9.853475 9.85869 9.868384 9.878878 9.890889 9.914191 9.926755 9.938993 9.941087 9.947182 9.932814 9.924382 9.929702 9.941326 9.946928 9.942866 9.935134 9.912258 9.899834 9.877693 9.846365 9.803273 9.72224 9.573484 9.448439 9.466993 9.603021 9.854077 10.1556 10.49407 10.84022 11.09429 11.12616 10.96684 10.81496 10.77793 10.80538 10.98355 11.28489 11.59668 11.95402 12.28196 12.53888 12.57138 12.27955 11.76127 11.20002 10.70261 10.45755 10.44831
9.781146 9.786171 9.792447 9.788398 9.769277 9.772449 9.793071 9.805373 9.808277 9.811097 9.80967 9.806976 9.811414 9.820611 9.832067 9.840667 9.847401 9.858567 9.875755 9.898873 9.917845 9.93616 9.947762 9.942795 9.897821 9.876776 9.882206 9.891836 9.897276 9.882949 9.86988 9.85525 9.835876 9.807484 9.761461 9.684802 9.541882 9.38162 9.344607 9.445244 9.669457 9.947474 10.25956 10.59082 10.87517 10.99477 10.93663 10.83159 10.8605 10.92895 11.08622 11.31045 11.56143 11.85644 12.16506 12.41696 12.50539 12.31018 11.87493 11.3096 10.76065 10.33543 10.14364
9.79986 9.812218 9.823217 9.829405 9.788604 9.75458 9.764795 9.787605 9.797643 9.806727 9.816329 9.807783 9.800918 9.801667 9.809816 9.818574 9.826437 9.827785 9.836613 9.85764 9.882425 9.902499 9.917302 9.92238 9.895127 9.865698 9.853547 9.848093 9.837276 9.821733 9.817239 9.801758 9.775676 9.747114 9.715128 9.638233 9.511655 9.348985 9.25296 9.283913 9.438555 9.689078 9.975161 10.29789 10.5775 10.72958 10.73455 10.67829 10.71399 10.84643 10.96919 11.13118 11.36141 11.63029 11.93853 12.20713 12.35124 12.24757 11.90967 11.4279 10.90216 10.41514 10.06589
9.810927 9.828045 9.845002 9.85813 9.847259 9.801985 9.765134 9.768314 9.785295 9.804399 9.823195 9.824634 9.803029 9.796904 9.804062 9.813071 9.810622 9.81201 9.817887 9.814908 9.838296 9.854264 9.868216 9.868208 9.864877 9.84016 9.822265 9.803674 9.793441 9.76491 9.756622 9.747255 9.712108 9.696749 9.662194 9.594725 9.483025 9.34856 9.222913 9.1926 9.27417 9.506178 9.783944 10.06545 10.32626 10.46729 10.51536 10.51301 10.55025 10.64624 10.76398 10.92336 11.16173 11.4534 11.77317 12.04142 12.16807 12.08126 11.85919 11.49519 11.071 10.61398 10.18994
9.815722 9.833439 9.854787 9.869933 9.886915 9.852742 9.80645 9.782447 9.782594 9.795288 9.806671 9.811864 9.810279 9.81156 9.814319 9.8152 9.808175 9.810273 9.804394 9.794691 9.799954 9.816025 9.816369 9.819655 9.806473 9.798087 9.781167 9.75679 9.720306 9.693637 9.66685 9.651515 9.642616 9.608031 9.597552 9.544015 9.440418 9.333975 9.255897 9.205524 9.239521 9.413267 9.655104 9.904425 10.15036 10.32087 10.4474 10.50467 10.55887 10.65526 10.77782 10.92266 11.13063 11.41335 11.71349 11.96854 12.05398 11.91136 11.72174 11.47596 11.19226 10.85491 10.49214
9.812703 9.833134 9.865968 9.887967 9.8972 9.885468 9.845713 9.820101 9.808329 9.786066 9.782916 9.791143 9.802639 9.8118 9.813427 9.804311 9.800304 9.803367 9.806514 9.795294 9.797341 9.803684 9.808235 9.807632 9.782579 9.76571 9.753332 9.71738 9.668814 9.617293 9.584364 9.567472 9.53071 9.496442 9.49754 9.460921 9.373157 9.280375 9.238196 9.243712 9.284867 9.397546 9.590599 9.836285 10.09604 10.31529 10.4629 10.57711 10.67584 10.77885 10.90068 11.05596 11.22312 11.44054 11.69315 11.96101 12.01738 11.89649 11.64473 11.38885 11.1747 10.93708 10.70023
9.806948 9.825946 9.846922 9.88444 9.897933 9.890665 9.875197 9.856962 9.846754 9.80339 9.754766 9.764694 9.782302 9.793571 9.7945 9.783148 9.783349 9.788046 9.795743 9.79493 9.800069 9.795695 9.804119 9.80102 9.782967 9.763742 9.737851 9.695579 9.643444 9.598103 9.545007 9.504856 9.448973 9.398934 9.389605 9.347651 9.276066 9.202883 9.16859 9.201214 9.273859 9.383602 9.553013 9.769004 10.01772 10.25223 10.41464 10.53381 10.64045 10.75861 10.91276 11.09879 11.27106 11.46066 11.66282 11.82207 11.97271 11.95431 11.77134 11.46222 11.15324 10.90859 10.70539
9.805562 9.823919 9.840139 9.865452 9.887552 9.888651 9.884035 9.882037 9.875278 9.847104 9.774343 9.742721 9.756457 9.763906 9.766406 9.766692 9.767837 9.763364 9.766258 9.782723 9.782966 9.776943 9.770298 9.765545 9.765307 9.742314 9.711084 9.680651 9.646949 9.603334 9.549417 9.51478 9.455635 9.373209 9.347557 9.297897 9.216968 9.139376 9.083539 9.105168 9.169568 9.279906 9.430822 9.648546 9.876616 10.10606 10.27131 10.39783 10.54977 10.70709 10.85145 11.03093 11.23863 11.40375 11.52569 11.64157 11.79569 11.87917 11.84817 11.73554 11.43666 11.05622 10.72592
9.822272 9.836267 9.84903 9.857261 9.874891 9.887856 9.89164 9.897707 9.888186 9.877041 9.836635 9.771447 9.741897 9.748542 9.752252 9.758501 9.763393 9.757219 9.744392 9.750805 9.75714 9.758542 9.754584 9.758315 9.757106 9.728642 9.705596 9.683702 9.645505 9.596325 9.540081 9.495581 9.464096 9.398705 9.347938 9.290258 9.198247 9.096185 9.012525 8.986133 9.03255 9.12147 9.266766 9.437282 9.669119 9.901894 10.10588 10.32111 10.49467 10.68556 10.86787 11.01312 11.1416 11.29143 11.38284 11.40237 11.47385 11.60092 11.69932 11.81917 11.74589 11.44031 11.03619
9.828684 9.85165 9.872974 9.868749 9.870828 9.889929 9.899775 9.905716 9.908367 9.90128 9.869506 9.830208 9.781339 9.756969 9.750736 9.758886 9.77819 9.790174 9.770608 9.751462 9.755842 9.760193 9.767776 9.777625 9.76978 9.74412 9.726716 9.698566 9.665942 9.606518 9.532756 9.469513 9.41177 9.368868 9.318898 9.258795 9.167681 9.05407 8.959979 8.920256 8.930725 9.004252 9.132269 9.286651 9.495779 9.748001 9.976606 10.21812 10.45539 10.68083 10.88803 11.02351 11.03775 11.11738 11.25044 11.2677 11.22528 11.2531 11.32151 11.5604 11.77173 11.74386 11.47236
9.821393 9.848289 9.86937 9.876262 9.877497 9.886243 9.905567 9.921101 9.922004 9.917402 9.890769 9.856793 9.810517 9.776109 9.766183 9.762978 9.769303 9.796036 9.797 9.776182 9.777746 9.778797 9.78353 9.792574 9.787324 9.768712 9.757649 9.735373 9.684797 9.640615 9.578582 9.497777 9.389672 9.328044 9.284738 9.19387 9.093554 9.016665 8.937673 8.875247 8.869825 8.911172 9.030315 9.187379 9.386548 9.616608 9.866097 10.11863 10.37508 10.64226 10.85894 10.96556 10.92287 10.95156 11.15135 11.24424 11.12426 10.98635 10.94055 11.1155 11.45575 11.70576 11.70011
9.816855 9.836719 9.863432 9.876086 9.883281 9.886992 9.899117 9.91917 9.924282 9.920826 9.898649 9.861435 9.83716 9.80547 9.787609 9.774863 9.760625 9.772636 9.784816 9.781821 9.790112 9.800899 9.79703 9.798398 9.798097 9.790806 9.785223 9.768142 9.735531 9.698166 9.650352 9.565529 9.459778 9.379426 9.31946 9.205325 9.080542 8.97816 8.922893 8.878877 8.810016 8.799865 8.880453 9.028419 9.220744 9.468758 9.717077 9.983344 10.24985 10.51001 10.77775 10.92557 10.87299 10.81065 10.9837 11.22978 11.20221 10.96043 10.71338 10.70081 11.01778 11.39386 11.60221
9.81663 9.839346 9.859178 9.869524 9.881185 9.893483 9.901167 9.908779 9.916677 9.914927 9.903658 9.879026 9.851766 9.830336 9.820712 9.806879 9.780427 9.766535 9.769368 9.768141 9.775304 9.811424 9.817675 9.808859 9.809361 9.803441 9.80277 9.798293 9.788549 9.76093 9.715331 9.633452 9.532977 9.469504 9.458699 9.350898 9.189533 9.046384 8.969865 8.93361 8.878765 8.78366 8.774931 8.859313 9.009957 9.251576 9.514592 9.773109 10.05107 10.37689 10.69786 10.90249 10.82474 10.69457 10.78748 11.09992 11.28126 11.10872 10.75048 10.50953 10.65462 11.01909 11.34338
9.824416 9.838987 9.855657 9.869953 9.884332 9.894748 9.904791 9.907645 9.913215 9.912459 9.908491 9.890035 9.865431 9.846275 9.836987 9.836928 9.814529 9.78683 9.778213 9.767922 9.758427 9.76836 9.798701 9.803957 9.80383 9.815392 9.81877 9.82682 9.841909 9.848715 9.801084 9.687383 9.585384 9.58441 9.568477 9.520449 9.374373 9.184908 9.025766 9.001754 8.99886 8.900278 8.818507 8.815215 8.915443 9.090878 9.293026 9.553008 9.886273 10.24699 10.57639 10.78932 10.76611 10.59752 10.61343 10.90276 11.20877 11.21174 10.88096 10.52961 10.4389 10.73928 11.14567
9.823331 9.84383 9.863152 9.87293 9.886996 9.896606 9.901587 9.909479 9.911854 9.910783 9.906605 9.894965 9.880406 9.855855 9.832313 9.831845 9.825542 9.812425 9.797875 9.794456 9.771876 9.750031 9.771156 9.781978 9.788721 9.801331 9.807896 9.832633 9.879368 9.884342 9.881122 9.81964 9.696923 9.653475 9.657008 9.66183 9.539995 9.311766 9.11352 9.027417 9.060574 9.056262 8.992988 8.934102 8.923544 9.033198 9.177504 9.401711 9.69711 10.0415 10.38866 10.64865 10.66422 10.516 10.47193 10.72496 11.0647 11.17166 10.92392 10.57329 10.39329 10.56991 10.9916
