py_wake/examples/data/AJ_ParqueFicticio/Rough survey   Sector 10   Height 200m   Orographic speed.grd
DSAA
73  159
 258469   265669
 6501692   6517492
 .6160442   1.459435
[rows 112 to 139 of 159, columns 0 to 62 of 73]
1.097315 1.110206 1.119856 1.134736 1.159016 1.188096 1.221119 1.255735 1.288923 1.318419 1.345788 1.360401 1.34479 1.301956 1.249163 1.197895 1.169253 1.16226 1.149526 1.122858 1.091507 1.070796 1.052439 1.064607 1.11061 1.152667 1.160428 1.135969 1.095615 1.053857 1.021545 1.000724 .9867955 .9769222 .9707382 .9711062 .9889438 1.036138 1.10174 1.159235 1.193919 1.195673 1.158088 1.09176 1.023294 .967205 .9290401 .9094492 .911906 .9418417 .9714181 .9779666 .9550062 .9165987 .8781191 .8508749 .8306046 .8096014 .7820581 .739867 .6920029 .6650073 .6604806
1.104124 1.120423 1.134783 1.151875 1.177329 1.209035 1.242466 1.276879 1.308379 1.334567 1.356713 1.364367 1.342833 1.294666 1.238196 1.193811 1.179021 1.178637 1.160453 1.12325 1.081968 1.052052 1.035875 1.049126 1.092073 1.131958 1.131257 1.097757 1.055501 1.020269 .9967339 .992851 .997475 .9955799 .9975934 1.006099 1.027187 1.069122 1.126577 1.180133 1.213467 1.212228 1.16692 1.095377 1.024082 .9670959 .9294064 .9056771 .9005032 .915669 .9355809 .9402521 .925438 .8978229 .8698308 .8483536 .8314851 .8145247 .7900348 .7551106 .7140186 .6865359 .6785573
1.116705 1.134444 1.15239 1.170684 1.196339 1.230316 1.266488 1.297657 1.32449 1.347081 1.364259 1.364256 1.333706 1.280448 1.226366 1.19357 1.193557 1.193657 1.169621 1.128521 1.085435 1.045658 1.02349 1.030935 1.065257 1.098249 1.09716 1.06136 1.020091 .9915752 .9766803 .9800822 .9948089 1.007469 1.024008 1.044459 1.072381 1.110853 1.156858 1.197194 1.221596 1.215898 1.167545 1.095439 1.026859 .9709358 .9316269 .9036886 .890331 .8918213 .8992081 .9035537 .8957335 .8808286 .8630512 .8462713 .8303674 .8146556 .7945568 .7678713 .7375355 .710306 .6984487
1.134048 1.152779 1.1713 1.191868 1.219438 1.254578 1.289518 1.318388 1.340625 1.357714 1.368654 1.358549 1.32091 1.266098 1.220343 1.200264 1.204658 1.203434 1.178546 1.137496 1.094662 1.052119 1.018404 1.010116 1.032419 1.057841 1.057817 1.025569 .9907911 .9698296 .9626086 .9687924 .985911 1.00655 1.038749 1.080637 1.120717 1.156714 1.186779 1.208401 1.219684 1.20617 1.158758 1.093692 1.029769 .9771603 .935191 .902562 .8812437 .8732533 .8732472 .8745598 .8704252 .8644418 .8556483 .8429307 .8301318 .8134527 .7965684 .7750764 .7537688 .7335885 .7200692
1.149272 1.168903 1.189833 1.2149 1.24502 1.280528 1.312509 1.337078 1.356368 1.369484 1.371057 1.348007 1.30469 1.255243 1.220972 1.209439 1.212844 1.208937 1.183196 1.145899 1.103183 1.059093 1.020342 .9973077 1.000634 1.017299 1.016963 .9935368 .9671064 .9562523 .9550006 .95891 .975328 1.008398 1.054126 1.109406 1.1639 1.201729 1.218154 1.214844 1.204889 1.184128 1.142123 1.087464 1.032627 .9832262 .939769 .9034867 .8756487 .8604622 .8574417 .8584677 .8565009 .8515519 .847165 .8385767 .8271947 .812204 .7964866 .7789136 .76373 .7484484 .738993
1.159424 1.181481 1.205307 1.233908 1.268948 1.303017 1.333481 1.355731 1.371247 1.378839 1.365597 1.333397 1.289151 1.247378 1.224361 1.220219 1.221128 1.211818 1.185783 1.147434 1.104099 1.060554 1.023276 .9956933 .9828557 .9823216 .9792877 .9647525 .9508582 .9501092 .9478911 .9491661 .9741265 1.018391 1.071693 1.136084 1.199597 1.238568 1.237421 1.209649 1.180929 1.152091 1.117238 1.074474 1.02802 .9850155 .9442399 .9058278 .8750246 .8557296 .8488018 .8493586 .8493568 .8456783 .8405089 .8340452 .8246036 .8104295 .7929538 .7770441 .7681048 .7589762 .7532455
1.166519 1.191147 1.219533 1.253607 1.290467 1.324598 1.353524 1.374817 1.384902 1.379874 1.354073 1.315167 1.271528 1.236428 1.225949 1.229255 1.226292 1.211002 1.180221 1.140578 1.094581 1.052679 1.023965 1.001787 .9829781 .9638016 .948685 .9394227 .9421071 .9467272 .9421374 .9455983 .9803261 1.028844 1.083688 1.157346 1.228384 1.265788 1.250575 1.201638 1.152329 1.116101 1.089074 1.058791 1.019064 .9829119 .9453837 .9089356 .8782042 .8570761 .8474745 .8477266 .8475752 .8451552 .8402194 .8336752 .8247455 .8119434 .7936211 .7754833 .7659991 .7634709 .7631603
1.172607 1.201408 1.235737 1.274644 1.314116 1.34752 1.372737 1.388158 1.390918 1.374328 1.341071 1.297321 1.255636 1.226904 1.222441 1.230546 1.229096 1.208815 1.174363 1.132149 1.085567 1.043069 1.015461 1.005309 .9909796 .9646827 .9377827 .9254449 .9321238 .9389588 .9348965 .9462593 .9871662 1.035722 1.092916 1.172749 1.249233 1.286708 1.258682 1.190052 1.122849 1.080376 1.059319 1.042255 1.008639 .9743475 .9429219 .9108959 .8834001 .8623436 .849218 .8479233 .8471657 .8446455 .8408554 .8357142 .8267314 .8138818 .7943287 .7752414 .7656059 .7686293 .7733122
1.186204 1.219229 1.258025 1.299949 1.338249 1.368206 1.38745 1.393964 1.385918 1.36308 1.328351 1.282759 1.241142 1.217269 1.215289 1.224225 1.226143 1.207552 1.170805 1.127577 1.080484 1.036007 1.008393 1.003318 .9956483 .9713655 .9445275 .9238186 .922516 .9280124 .9277357 .9485273 .9919113 1.039088 1.105779 1.191909 1.263955 1.294771 1.260098 1.181156 1.101354 1.047921 1.027746 1.020949 .9981976 .9677563 .9377225 .9119778 .8887869 .8680184 .8530753 .8465765 .8440681 .8428568 .8390706 .8340657 .8239803 .807743 .7877103 .7733633 .769666 .7755084 .7860218
1.207471 1.242104 1.283758 1.326677 1.363085 1.387506 1.400523 1.389653 1.363117 1.339412 1.31399 1.273777 1.234927 1.210789 1.20747 1.213053 1.21299 1.198444 1.168663 1.130413 1.085115 1.038833 1.006653 .9970847 .9923335 .9747617 .9549342 .9345719 .9194421 .9166142 .9224788 .9495352 .992143 1.04395 1.122874 1.209075 1.273484 1.288861 1.24781 1.169018 1.087263 1.027254 1.000719 .9952343 .9834614 .9612419 .9377171 .9151095 .8950083 .8770032 .8610099 .8476498 .8417671 .8389332 .834848 .8291031 .8172256 .7967449 .7786022 .773173 .7770948 .7877798 .8001941
1.234472 1.271798 1.312884 1.355438 1.387148 1.404976 1.406362 1.375673 1.330935 1.30186 1.290567 1.267216 1.23662 1.213726 1.203086 1.199063 1.195824 1.18296 1.159986 1.130141 1.09228 1.048537 1.013426 .9948527 .9859271 .9734954 .9610869 .9470085 .9270531 .9113025 .9174778 .9453737 .9903209 1.058782 1.143507 1.225634 1.276931 1.271604 1.22418 1.15036 1.076178 1.017239 .9838274 .974307 .9662929 .9522627 .9369172 .9198074 .9030769 .8871639 .8697512 .8530918 .840428 .8337927 .8277345 .8202648 .8075923 .7871076 .7747182 .7791063 .7905773 .8037992 .8165861
1.264583 1.306732 1.348353 1.385603 1.411565 1.419759 1.402003 1.355838 1.29576 1.261934 1.258165 1.251172 1.23643 1.219978 1.20512 1.19115 1.181734 1.16854 1.149287 1.125003 1.096039 1.059587 1.024696 .9984009 .9817793 .9710056 .9626552 .954953 .936429 .914982 .9121835 .9395578 .9961339 1.075152 1.161846 1.235496 1.268902 1.250117 1.194098 1.123947 1.061402 1.012148 .9796076 .9633572 .9535986 .9426025 .9302074 .9180951 .9060107 .8929243 .875971 .8587645 .8427576 .8300705 .8210063 .8119434 .7978424 .784426 .7788481 .7889334 .8055109 .8204314 .8330163
1.295683 1.343659 1.384543 1.416471 1.433791 1.429353 1.391828 1.33122 1.262895 1.226108 1.223535 1.223961 1.223807 1.218426 1.205676 1.188469 1.174791 1.161244 1.144399 1.12586 1.101944 1.073167 1.040026 1.005629 .9822541 .9736778 .9696078 .9661532 .9477954 .9195067 .9077107 .9390025 1.003731 1.086747 1.170583 1.23147 1.25024 1.224611 1.16714 1.098734 1.042463 1.005338 .9808398 .965052 .9518387 .9382819 .9266049 .9138843 .9016735 .8895735 .8758628 .8586385 .8410869 .8259102 .8154496 .8088742 .7961015 .7913332 .7884238 .7982553 .8173277 .835869 .847771
1.322908 1.375103 1.416147 1.44207 1.44696 1.424145 1.377334 1.310003 1.238302 1.196287 1.191083 1.194243 1.201983 1.205035 1.19714 1.181135 1.166422 1.156932 1.144311 1.130043 1.109699 1.083315 1.049272 1.012194 .9851187 .9791659 .9843197 .9864944 .9676161 .9308945 .9094445 .9378763 1.006799 1.089847 1.167159 1.216866 1.226395 1.198038 1.143254 1.080239 1.028218 .9956918 .9786383 .9670269 .9552893 .94207 .9295727 .9145593 .8964989 .8809987 .8659952 .848376 .8306375 .818948 .8136953 .8121762 .8101128 .8097406 .8075917 .8087148 .8234522 .8451107 .8606158
1.34816 1.399752 1.438063 1.457527 1.448752 1.412724 1.364795 1.2988 1.228654 1.178999 1.163237 1.165218 1.17589 1.185593 1.184156 1.171869 1.154951 1.146667 1.142827 1.133538 1.112447 1.085659 1.051899 1.017651 .9961458 .9923021 1.004143 1.00801 .9880261 .9462107 .9160854 .937332 1.003407 1.085513 1.155515 1.194844 1.198 1.172906 1.123635 1.066014 1.021037 .9934548 .9756894 .9656381 .9547134 .9434562 .9335991 .9201325 .8950174 .8705353 .8492099 .8307115 .8179663 .8151977 .8195649 .8258955 .8320712 .8361879 .8338268 .8215239 .8268791 .8494717 .8672783
1.369048 1.418159 1.44991 1.459435 1.437517 1.397184 1.353226 1.296031 1.229483 1.174357 1.144535 1.138927 1.148453 1.161623 1.17037 1.164864 1.145489 1.135442 1.134426 1.124852 1.106153 1.080599 1.048445 1.022546 1.013006 1.016792 1.026847 1.028387 1.006587 .9622622 .9270526 .9402085 1.003565 1.078372 1.135816 1.164265 1.165352 1.146478 1.106086 1.055956 1.015127 .9923837 .9792645 .968846 .9560627 .943395 .9323083 .922084 .8987624 .8648407 .8287171 .8071333 .8033468 .814923 .8327256 .8477005 .8597065 .867722 .8599248 .8359803 .8311049 .8506579 .8657182
1.383568 1.426807 1.448919 1.445676 1.416697 1.374187 1.339747 1.293844 1.235732 1.182398 1.141939 1.120588 1.121411 1.135223 1.153247 1.160912 1.143453 1.126871 1.121156 1.109105 1.091819 1.069912 1.043332 1.026147 1.030094 1.041545 1.048917 1.044501 1.021677 .9807445 .941515 .9495133 1.005148 1.066073 1.110531 1.130104 1.130322 1.117754 1.090226 1.050144 1.01526 .9927089 .9799628 .9710273 .961264 .9466396 .9307024 .9174446 .8976522 .8603545 .8145294 .7862257 .7913229 .8190043 .8502808 .8715879 .8873047 .8946946 .8820745 .8524037 .8379269 .8485895 .8594912
1.394837 1.426902 1.433761 1.416422 1.38308 1.348378 1.323702 1.288156 1.238906 1.191259 1.149235 1.114021 1.101461 1.110835 1.134231 1.152948 1.143797 1.122583 1.106031 1.090933 1.072474 1.056116 1.035833 1.026466 1.042588 1.064271 1.072916 1.063098 1.036929 .9988949 .96168 .9635783 1.003417 1.04818 1.080575 1.094544 1.094259 1.088241 1.07469 1.045564 1.018524 .9962988 .9826869 .9717453 .9632642 .9501243 .932313 .909945 .8859632 .84822 .8008245 .7723132 .7834208 .8247598 .8671822 .8927411 .9074253 .9138944 .9007475 .8729928 .8517275 .8459828 .8526558
1.405142 1.417831 1.40535 1.375846 1.340568 1.316948 1.30909 1.283717 1.24539 1.20238 1.160111 1.119656 1.09133 1.090725 1.110565 1.135036 1.142424 1.123006 1.094771 1.070199 1.052972 1.040518 1.023925 1.023582 1.049466 1.080595 1.097496 1.088607 1.059274 1.019452 .9844545 .9769633 1.001679 1.030211 1.050443 1.059626 1.059003 1.059834 1.05832 1.045972 1.023614 1.001024 .9884216 .9781308 .9668974 .9503975 .9325081 .9066895 .8713383 .8304951 .7869605 .7648493 .7825035 .8314819 .8781425 .9048182 .9194507 .9282182 .9216037 .8983484 .8743262 .8590917 .8555303
1.410385 1.395632 1.365393 1.32943 1.294462 1.282892 1.291877 1.283782 1.258702 1.221517 1.179959 1.134459 1.095795 1.073891 1.085131 1.111128 1.132329 1.123418 1.09079 1.057795 1.03548 1.024446 1.013283 1.017853 1.049776 1.087668 1.116267 1.114214 1.085355 1.041567 1.004797 .9933283 1.002898 1.015083 1.023352 1.026663 1.027917 1.032644 1.04064 1.040071 1.024972 1.009719 .9976196 .989888 .9777824 .9576766 .9321451 .900373 .859322 .8119547 .7754136 .7632797 .7874683 .8357757 .8795074 .9068335 .9232967 .9368736 .9367266 .9222866 .8994632 .8792136 .8700473
1.404591 1.363284 1.318548 1.281111 1.25172 1.251144 1.269064 1.276872 1.268101 1.239013 1.198209 1.149749 1.103935 1.069017 1.062995 1.086932 1.112461 1.113908 1.089373 1.053591 1.024132 1.010705 1.003088 1.012115 1.048118 1.093189 1.128201 1.135212 1.103122 1.058092 1.022209 1.009497 1.01193 1.01249 1.005229 .9974468 1.000398 1.008632 1.020635 1.027943 1.024011 1.016498 1.006872 1.000849 .9888013 .9670218 .9385935 .8974651 .8462999 .7992892 .772649 .7683424 .7931899 .8357267 .8751851 .9013652 .9206365 .9385281 .9465469 .9428888 .9237257 .9019578 .8892013
1.388583 1.325734 1.269449 1.233919 1.213648 1.222974 1.247475 1.264936 1.267567 1.248 1.209601 1.159864 1.111349 1.07222 1.052366 1.065391 1.088613 1.095858 1.082169 1.053775 1.021997 1.003606 .9969094 1.010582 1.050011 1.097941 1.13364 1.140716 1.109876 1.065079 1.03044 1.020752 1.021837 1.0158 1.000641 .983388 .9788967 .9879134 1.001706 1.012528 1.018155 1.015059 1.009793 1.005821 .9940188 .9726657 .9422285 .8997197 .8442577 .7986864 .7791626 .7762719 .7926035 .8279489 .8660883 .8920969 .9126086 .9328109 .9489842 .9555007 .9435838 .9258779 .913256
1.369478 1.290463 1.224552 1.190782 1.180681 1.200796 1.228004 1.250016 1.260222 1.251574 1.219503 1.171047 1.120228 1.0775 1.050324 1.050678 1.066678 1.073528 1.068161 1.051313 1.024561 1.002596 .9948108 1.009926 1.053289 1.101997 1.138602 1.140973 1.110201 1.067087 1.033378 1.021517 1.021793 1.017699 1.001797 .9821652 .9683315 .9705591 .9838231 1.000778 1.012135 1.01391 1.010881 1.005112 .9928924 .970349 .939804 .9012387 .8514143 .8085378 .7920597 .7889128 .7952604 .8202165 .8548574 .8814861 .9008608 .9222417 .943015 .9582756 .9571519 .9470127 .9363086
1.349798 1.263291 1.189316 1.152531 1.158425 1.185221 1.212171 1.230993 1.245262 1.241833 1.218625 1.181295 1.134379 1.08989 1.056422 1.043627 1.049428 1.054999 1.05434 1.04296 1.024101 1.006297 .9977585 1.014744 1.061123 1.112795 1.14306 1.136868 1.10555 1.06663 1.036904 1.020906 1.016644 1.014626 1.001377 .9838071 .9682658 .9646312 .971908 .9897315 1.006149 1.013917 1.011444 1.001878 .9872866 .9642704 .9358856 .9023072 .8633789 .8280017 .8094806 .8034951 .8046934 .8174277 .8440414 .8681753 .8878995 .9077759 .9303094 .9513524 .9624057 .9616948 .9569479
1.32682 1.240965 1.164665 1.126586 1.141184 1.171862 1.196302 1.21564 1.229117 1.224506 1.206641 1.180105 1.146214 1.105187 1.070579 1.049131 1.041191 1.040585 1.042269 1.034209 1.021118 1.00945 1.001847 1.022243 1.071877 1.12571 1.15195 1.133229 1.094358 1.05908 1.03561 1.022757 1.012614 1.006456 .9982942 .9856304 .9709342 .9620714 .9660416 .9821851 .9999977 1.012444 1.011592 .9963601 .9779615 .9564919 .9313037 .9053823 .8774944 .8508581 .8298379 .8196418 .8150045 .8214025 .8378162 .8571741 .8746797 .8933132 .9135555 .9376211 .9584948 .969124 .9706832
1.300221 1.222364 1.147913 1.109499 1.12508 1.157269 1.184565 1.20536 1.215973 1.208365 1.190856 1.170583 1.144845 1.109845 1.080222 1.061256 1.04278 1.035181 1.032639 1.028089 1.017666 1.009525 1.003983 1.026821 1.079623 1.134696 1.158901 1.132107 1.087097 1.048053 1.027368 1.020061 1.012291 1.001417 .9936823 .9842704 .9725577 .9648558 .965288 .9768847 .9943482 1.007866 1.006248 .9909773 .9730044 .9527776 .9318008 .9157332 .8959701 .8710717 .8496866 .8360305 .8293179 .8308226 .8384529 .8496537 .8626524 .8782209 .89564 .9198747 .9465129 .9668999 .9768896
1.271171 1.200785 1.135348 1.096541 1.111263 1.143982 1.177585 1.198024 1.203303 1.193279 1.175261 1.155333 1.135249 1.105706 1.080682 1.065614 1.050692 1.039514 1.034176 1.028293 1.016873 1.00895 1.004715 1.030471 1.083178 1.135722 1.156958 1.131268 1.083878 1.03967 1.017384 1.011261 1.009705 1.001173 .992144 .9830281 .974376 .9690912 .9667853 .9715806 .9876418 1.000051 .9970977 .9852602 .9702253 .9555308 .9372116 .9241595 .9087125 .8842657 .8653475 .8543463 .846445 .8428818 .8432407 .8488908 .8569994 .8660375 .8786407 .9000309 .9291216 .9560993 .9742514
1.2431 1.179762 1.122947 1.086931 1.098972 1.136561 1.175242 1.192039 1.190814 1.185023 1.167146 1.14382 1.123242 1.098426 1.075569 1.06417 1.052625 1.044836 1.04548 1.040838 1.022989 1.00999 1.007041 1.030689 1.079438 1.128416 1.151836 1.130349 1.083169 1.038605 1.012158 1.002224 1.003389 .9995918 .9936737 .9861965 .981066 .976993 .9725486 .9694034 .9808842 .9902781 .9854763 .9761204 .9664002 .9554914 .940792 .928791 .9138585 .8922849 .8777804 .8719904 .8655741 .8560461 .8509305 .8523514 .859171 .8640461 .8681632 .8818 .9080899 .9390579 .9649569
