py_wake/examples/data/AJ_ParqueFicticio/Rough survey   Sector 9   Height 30m   Power density.grd
DSAA
73  159
 258469   265669
 6501692   6517492
 .000164093   1949.029
[rows 28 to 55 of 159, columns 0 to 62 of 73]
136.0777 134.8941 134.4006 133.4828 132.8772 132.3166 131.0164 130.2771 131.2414 132.5106 133.4085 133.3519 132.1382 132.4782 130.1287 128.1845 126.6934 125.5853 124.3341 124.0342 124.2744 122.0387 119.3438 115.3831 108.9914 99.94138 92.06918 91.29729 93.96255 94.80556 98.81516 98.09969 88.57021 72.81183 54.61658 81.04355 94.3757 84.75908 79.24628 60.68235 51.75643 57.85925 58.11985 69.48397 67.74384 64.41807 55.09674 50.18169 62.29938 80.49994 97.84358 130.6831 225.5757 303.1571 293.2942 426.7156 753.4645 833.2659 584.7662 302.9055 164.5009 82.28349 37.15278
135.3223 135.4339 136.4431 135.7183 134.4347 133.8168 132.8554 131.4703 132.7878 133.9702 134.986 135.2415 135.4555 130.0284 128.044 126.3648 125.5574 125.461 125.5798 126.4942 123.073 118.0324 115.3725 112.2525 107.3972 100.528 94.1497 91.84302 92.01986 93.14434 93.36892 92.96597 85.94584 69.09966 65.88731 86.9757 83.82514 76.92082 73.24258 64.44035 58.62363 55.29012 56.25752 61.64212 63.92879 59.69814 54.49139 56.14771 77.16953 107.9208 131.1525 173.7208 255.9713 345.1306 396.2694 593.3981 894.2618 845.3356 516.0474 256.1259 129.9538 51.50562 29.2907
135.076 135.0815 135.8497 135.6864 134.5576 136.0077 133.7807 132.0131 133.0756 133.8896 134.5014 134.7658 134.4634 127.535 125.2048 124.4392 124.7246 125.384 127.3033 127.0658 122.2045 117.2932 112.6773 109.2108 105.0517 100.3018 96.08675 93.58258 91.17532 91.41092 92.18436 91.87328 82.42876 68.98702 68.56868 76.77377 78.2328 74.78429 68.97856 66.0892 59.71287 50.27589 58.25756 61.36038 59.22652 59.47802 61.89724 76.78414 103.1822 140.4734 163.5487 224.4197 301.2294 404.1086 545.5073 723.1132 877.1102 719.7561 367.2323 175.6193 71.66434 31.6093 33.1028
134.6377 134.394 135.0001 134.7778 135.6043 134.0175 133.5561 131.7924 132.7886 133.338 133.9675 133.5965 132.9433 125.5909 123.5514 123.9344 125.0126 126.7779 130.5417 125.4008 120.7662 116.4006 111.4898 107.3313 103.8227 99.80698 96.35688 95.50095 93.52701 91.60623 91.34056 87.22807 74.71223 67.88185 68.58653 73.50493 71.37539 69.87094 64.53428 65.1004 59.37544 55.35888 55.33961 61.51912 62.52657 60.92963 68.69444 96.61002 131.0053 155.7022 190.922 257.2326 339.7093 443.1222 594.0992 740.6642 777.3622 521.654 247.2237 114.6459 45.82552 24.92287 74.83849
136.0378 134.8591 134.3097 134.9211 135.4067 134.9109 133.3705 132.6555 134.3625 132.546 132.6537 132.5802 131.9529 124.3826 123.173 123.9029 125.7985 130.4456 130.2276 123.4952 118.7389 114.8164 110.1892 106.2401 102.7153 99.05386 96.2483 95.34779 92.07523 91.06059 89.36126 83.91313 73.37241 68.29102 70.43612 74.06882 72.24541 63.95159 57.82843 63.31457 64.37064 58.24915 58.51065 60.13147 63.11049 71.18432 91.28524 110.9566 126.9755 152.179 190.1933 243.3721 320.5087 424.1024 594.7679 698.1771 655.7902 379.8857 178.425 86.10828 40.67112 40.29885 162.0899
138.4193 136.3254 134.9401 135.134 134.7593 136.3102 133.7889 134.0851 133.752 133.2636 132.8326 132.158 129.5331 124.582 125.0322 125.8287 127.7359 133.2021 128.7036 122.4759 117.236 112.5355 108.8046 105.0431 102.0358 99.18501 96.97416 97.64039 94.44789 89.96738 87.25159 83.03969 76.25178 71.37864 69.15595 69.13208 67.71606 57.94199 57.08541 58.57525 58.15282 59.40439 61.90971 61.00775 65.90125 75.19619 98.68293 112.1783 120.2249 137.4234 166.194 229.6462 302.9856 399.6515 529.5757 682.1514 558.6993 299.1713 155.18 89.23184 49.71208 76.89643 284.8192
139.5476 137.966 136.3759 136.3664 135.6399 135.9709 135.5249 133.7935 134.4456 134.407 134.4883 133.1623 130.6598 128.4435 130.1636 130.8961 131.8228 135.3713 127.001 119.506 113.701 109.2908 105.734 102.6687 100.4664 98.84031 98.91427 97.00176 94.25551 90.53457 86.18244 82.75878 78.39628 74.77508 69.59966 64.90701 64.95228 57.58926 53.07986 49.95695 50.73061 58.06849 63.65038 75.04485 67.46925 77.04176 92.65788 105.2228 116.0201 150.4025 189.5084 264.8624 351.0518 431.1881 564.5865 652.4587 514.8455 326.2295 188.1092 98.08907 69.01152 131.0684 379.8579
136.6084 137.0018 136.9978 136.4862 135.6997 135.3898 135.2547 134.5085 134.0699 134.3817 134.8208 134.2788 132.0043 129.5707 132.8007 135.2431 137.4028 135.2391 123.5603 113.7743 107.5409 104.2195 102.3375 100.718 99.76431 100.4566 99.2976 96.73343 93.51009 90.02576 85.7886 81.62579 77.56255 73.72726 66.66263 62.1877 63.42062 61.38862 49.51978 35.48905 43.2455 52.25868 70.65584 87.02357 93.9134 92.04369 105.987 125.1697 147.1271 188.7626 239.6334 340.3447 434.2421 509.0992 597.5776 682.8696 579.5413 407.0741 201.2967 91.34119 83.75294 218.3091 468.1087
134.211 133.83 135.2181 136.4248 137.1 137.1628 137.1 135.8994 134.9758 134.5013 134.9856 134.7447 133.3715 129.5039 132.8126 136.4254 138.852 137.4748 120.619 108.9827 101.3316 100.0497 99.67223 100.1195 101.417 101.5572 98.92377 95.93909 92.72685 89.29546 85.03391 79.93572 76.3297 75.76737 72.03289 66.83267 61.09826 55.31536 41.19341 36.71783 38.64107 53.06604 83.27397 112.0484 135.0532 108.2364 117.9094 160.2936 209.7426 268.9248 309.3855 374.9701 464.6675 518.383 605.1266 689.4685 625.6235 416.7582 176.7686 90.93427 147.499 366.4353 615.6339
130.9413 133.1244 134.256 136.063 138.8601 139.8421 133.9624 135.3461 135.4782 135.5826 133.8247 133.505 133.5068 129.6334 132.7717 133.4384 133.21 130.7064 123.2117 112.2854 99.31731 98.38567 99.46848 100.8899 102.9971 101.3241 98.29205 95.00432 91.72272 88.01662 82.85158 79.80706 79.19328 78.84611 78.5679 75.28256 60.87249 50.97179 45.54282 34.91533 41.45809 66.06863 102.0361 141.3195 165.9416 154.7705 126.1524 180.4811 231.349 264.3651 283.5032 327.0865 385.4213 431.0902 535.1437 666.3684 609.0925 399.3979 177.0141 141.5296 293.1612 556.7681 738.2372
135.0144 135.3582 136.1887 135.7624 136.7901 138.0875 132.7682 134.1924 135.0564 135.642 134.4754 133.6136 132.6573 132.4511 131.7861 130.4197 127.8382 123.4886 117.8779 111.5305 101.2833 101.9732 102.1311 102.873 104.123 101.1441 97.58334 94.44848 90.95997 86.7141 81.08273 82.0233 81.97981 81.15783 81.22418 71.19714 55.86454 50.44979 43.64201 39.97036 49.26085 75.13277 116.2272 170.3026 197.6862 174.7198 135.7421 171.558 200.9977 212.7034 229.3303 271.7682 325.3851 399.2156 512.613 663.1479 646.1815 413.45 242.6226 263.8179 505.0022 666.8875 750.9066
137.7059 139.3965 139.4862 139.26 137.6944 137.6098 137.8039 136.2146 136.4211 137.4987 137.6802 136.7219 135.4354 132.6946 130.6355 128.1601 126.0504 122.6931 117.1323 110.2559 106.3414 106.7383 106.6871 107.7464 104.6054 100.1212 96.92264 93.97163 90.37406 85.79796 82.77528 83.26872 83.80479 84.05309 83.30008 74.39811 61.65346 52.31233 39.05831 43.31936 56.75512 91.40003 132.0186 186.9761 229.1364 185.9661 148.1998 186.2435 197.4165 191.9279 232.3283 279.0143 357.7541 438.3446 570.2894 762.348 682.146 507.5154 415.9506 475.1646 589.2949 675.7791 615.563
137.9238 139.4196 140.7868 142.1899 142.1607 139.8962 139.3556 139.0576 139.0443 140.0355 140.9904 142.0955 134.9449 130.028 128.1185 127.2679 125.6045 122.3625 118.7286 113.9985 111.2942 109.2349 109.4829 110.7383 102.6872 96.67512 94.87195 92.56416 90.19765 87.67313 88.04236 87.01225 86.01246 86.94617 86.70457 83.35285 73.12308 54.87053 44.82537 59.76212 85.14874 130.6185 167.6976 212.3961 256.455 223.3919 192.1843 214.3012 207.0009 216.8664 297.2892 384.9503 487.7125 592.5626 702.2057 783.9995 791.3443 680.8778 643.9033 646.5689 590.4238 543.0995 484.9478
140.871 140.6937 140.5825 141.889 143.7999 140.0821 134.7257 136.0891 138.4998 140.569 143.3054 144.3733 130.9271 123.6967 124.462 124.3953 123.8295 122.8869 118.7733 113.9453 113.4348 112.5618 110.426 110.257 106.7195 95.31905 95.70831 94.94696 93.83647 92.62666 92.21468 91.2103 90.679 90.46822 90.35336 92.69403 83.74277 55.79031 61.93562 86.03824 124.9854 177.0631 208.6437 268.2506 314.8323 318.0804 256.1358 234.1801 247.0607 278.7691 359.9334 452.7458 568.8343 649.0103 700.5544 789.4202 780.3041 816.1337 822.6132 683.7238 490.619 394.0158 349.1489
143.0165 142.4701 142.4236 142.6482 143.0384 142.1372 133.2974 132.0203 135.0196 137.4347 138.5262 137.5318 131.1363 125.0571 124.3722 124.655 124.1922 123.3899 119.4475 111.6062 111.0603 112.1906 112.82 112.5493 105.009 100.7304 99.11414 98.34138 97.77319 94.90313 94.15372 93.24725 92.97765 94.18628 97.62814 97.09218 80.00585 70.35784 77.72655 106.0866 141.9978 173.7486 203.662 280.0772 339.0779 351.6507 266.2013 198.7614 231.7334 293.7297 371.7388 449.4554 525.0142 554.4679 563.7341 709.1578 817.0705 892.3254 833.7474 624.5859 436.6683 308.8091 266.3867
143.5027 143.7879 143.6107 144.727 147.1924 143.6407 132.9172 128.6928 133.8241 136.6007 137.2441 135.9572 131.8967 129.7474 127.415 125.5709 124.2165 122.8895 119.4193 108.9704 108.8993 112.9251 116.9373 113.3547 105.891 103.15 101.7458 100.4365 99.74586 97.40401 95.67989 96.02012 99.31935 100.4092 105.0507 101.8853 93.08707 85.14964 86.29967 112.4731 131.1938 156.5524 201.9847 282.9523 319.6075 287.2286 181.6436 144.7654 194.0054 262.4387 329.5369 366.338 365.5535 373.2801 461.9169 749.4041 971.2252 944.2675 732.7795 506.6941 370.1487 274.8742 207.2934
141.3199 141.5186 142.0199 143.2251 136.7895 133.6743 130.1444 129.2111 133.6941 136.5883 138.9966 138.4819 133.3752 129.748 126.9431 124.5224 122.744 119.9591 116.6663 110.5304 109.2086 114.282 119.6234 117.5352 103.2929 101.3207 103.2977 105.4484 104.2806 102.4462 99.79128 101.7431 105.7129 105.3591 109.3205 106.3423 102.0908 95.44305 95.69077 109.8599 114.6655 156.2654 202.9897 221.8692 194.8146 151.468 113.7143 117.7674 156.3692 214.3602 236.7732 242.6599 251.1189 327.3751 526.9592 915.3368 1072.208 995.1304 632.5448 396.0981 267.1974 191.8321 177.2735
140.3158 140.6486 139.8537 140.0391 136.0719 129.2384 127.9025 132.7236 135.8988 138.676 142.0367 139.0699 133.7478 129.5601 126.3646 123.6586 121.6601 118.2209 114.5861 110.3506 112.064 114.1517 116.3203 115.1646 107.0889 101.5275 104.8445 108.4737 110.4986 99.20781 99.891 111.7227 104.7724 102.5018 109.6167 108.1158 105.5264 101.1816 105.9437 108.9354 113.2481 146.8678 161.1846 131.8945 121.2828 116.6498 147.2071 180.7981 230.7818 245.8343 254.6624 258.6983 317.4211 509.9354 857.7161 1164.79 1132.657 785.7462 476.0119 322.7532 234.8427 178.1563 166.1304
139.4659 141.4264 141.3538 136.9678 135.5704 134.4274 135.2751 138.9875 141.8014 143.5827 146.3084 139.0544 131.9313 127.2427 124.3603 122.4443 120.2037 117.1611 113.2726 112.9777 115.0775 116.2286 115.7942 113.6087 108.232 105.6875 105.9017 107.9376 108.9612 104.5583 99.30498 112.3717 111.6471 102.9229 114.8455 110.3435 107.3642 104.9909 102.3742 113.4344 123.4284 128.7406 123.7566 135.1389 179.4871 245.2023 274.9409 309.6341 290.4258 301.9192 284.4727 349.0348 501.598 813.9973 1132.98 1149.179 924.9589 586.2405 360.1828 259.3331 214.2043 185.5869 180.9073
138.0508 140.0228 140.7837 132.5651 132.6313 136.0559 139.2153 143.0322 148.2537 152.367 149.6406 141.2852 129.7731 120.7526 118.0333 118.8292 118.5022 117.7542 115.7156 114.5825 116.4307 118.6365 119.7772 116.9177 108.4101 102.9948 102.4458 104.1056 103.1095 100.0281 100.9719 107.9536 110.5074 107.0538 117.7542 121.9565 113.1885 111.6221 106.9449 120.3205 134.2474 151.3342 175.7876 205.2182 265.4568 314.4573 285.4194 245.708 216.6239 227.9833 265.3964 450.885 768.8434 1015.909 1155.015 999.6835 729.6116 475.6783 304.1488 231.4455 191.7568 175.4427 169.0282
136.9967 136.9367 137.2614 131.653 131.7384 135.6212 140.1709 145.3988 153.2157 146.5606 145.1873 140.8561 128.2726 114.5528 112.1788 114.9341 116.7254 118.4697 118.0948 108.0554 110.7761 114.5094 117.8119 117.6414 104.8485 93.74373 96.78941 99.44195 100.6241 99.63383 111.9791 115.9742 114.5812 108.2153 120.7482 128.0691 126.8492 123.1568 117.3185 131.345 147.5101 162.7794 179.8213 212.0655 234.4953 237.4952 180.4234 155.901 167.9105 216.7163 387.0843 706.205 995.6068 1082.351 996.2419 729.6794 512.2299 403.9245 254.5037 203.3244 196.1875 161.2228 139.314
137.1981 136.6933 134.2014 130.4238 133.4358 136.959 141.7923 147.8665 149.8083 142.623 132.8124 131.355 122.684 111.7985 112.0673 115.4454 115.7308 115.1417 114.5938 105.3858 105.5301 108.3943 109.2465 105.8529 99.18906 91.17844 95.66151 98.90619 100.1825 103.3277 117.3369 126.3654 121.4005 122.5861 130.7842 141.2121 135.9628 131.8398 127.9462 137.3508 146.9118 159.2537 170.0446 178.6995 166.0872 144.7554 133.5836 167.8174 264.5995 420.3673 675.8267 921.9753 983.4897 909.4829 735.4833 508.032 392.6138 312.3407 196.1324 183.4917 178.8278 153.4125 138.1993
135.7099 135.7888 134.2881 134.8975 138.1904 141.0052 145.8463 152.0872 145.3265 138.1966 127.739 118.5399 114.2837 113.7827 118.8847 118.472 117.3738 114.6037 109.2684 103.5454 105.35 105.6901 105.2227 101.275 98.97272 103.0649 102.4911 101.289 101.0255 109.9868 117.7097 127.0536 127.1964 118.0344 135.4917 145.952 133.6147 130.9487 134.2036 136.3742 142.6089 145.0819 155.6258 140.2505 135.7516 152.8815 212.6219 312.3912 430.9904 600.3403 774.5839 895.155 862.5106 636.7633 502.6531 379.1065 309.0409 264.3882 176.4377 155.5995 163.9092 157.4634 137.2222
132.7929 135.7075 136.9634 139.3024 142.298 145.5673 151.186 148.1133 142.4875 135.9912 126.6923 117.947 113.9539 115.5574 118.3967 119.0012 118.3574 111.997 108.8986 111.2425 109.9434 107.0297 104.2463 99.54209 104.1408 108.9135 108.4802 103.9617 105.0275 113.7052 120.237 121.4265 120.3214 112.5957 136.6929 149.4477 130.7237 127.7968 137.9215 136.802 148.8236 148.542 160.7166 162.2861 180.696 244.5556 321.6594 405.6785 487.6774 564.5951 684.3615 818.4775 693.9088 434.4083 348.5524 325.4452 268.1975 227.4598 158.6815 137.8176 146.7359 167.1239 161.3329
132.3452 136.1403 136.3708 139.2264 142.6275 146.2543 150.9161 145.3755 140.5736 135.9126 129.0946 122.2689 118.0245 118.0057 118.7262 117.8969 116.3901 111.1175 108.5232 114.3662 115.4389 112.1778 104.3286 103.4018 106.5685 110.0026 109.3923 106.6629 108.2403 112.8253 118.994 112.8249 102.451 112.9521 126.7193 133.6401 131.3426 139.0699 136.2424 137.7973 158.0854 152.6122 177.4192 179.8478 213.4122 298.5565 364.1636 397.1201 443.7188 483.859 622.8487 745.1697 582.5745 328.343 265.1053 273.6292 251.8489 225.5123 165.4413 136.4118 137.4367 157.8166 167.1602
134.6296 137.5185 138.9427 141.9845 144.6618 147.8071 150.5378 144.9097 139.4792 135.8183 131.1191 125.4815 120.9669 119.4509 119.124 118.6535 115.0162 106.4845 108.9187 113.5484 116.8377 109.2071 104.5926 106.0755 108.652 112.5859 108.6544 107.9831 107.7607 110.6831 117.0581 117.6459 109.5631 114.0329 124.6036 143.6582 165.0563 164.1999 134.7714 173.3066 177.1838 166.8378 185.4128 205.8518 248.8865 314.9032 352.6151 360.4608 408.6215 488.6096 628.2342 654.4633 493.768 283.1049 209.8552 223.4936 252.1974 260.1467 199.1514 127.611 127.8864 124.6084 162.3659
139.6775 142.1356 142.7214 143.7608 146.8209 152.1134 149.996 145.0331 139.8637 136.1101 132.8531 128.6941 123.7931 119.8114 117.8461 114.805 109.4696 108.9329 111.5525 112.4618 113.7573 107.7705 99.18232 105.1471 110.8995 110.1794 107.6837 103.7806 97.46192 108.0213 118.6956 128.9422 112.5187 124.0007 148.0807 174.6247 193.0093 185.9998 152.3064 178.9327 196.7188 207.0958 208.9053 221.0778 260.8794 316.2013 347.447 360.0347 437.3731 503.6975 538.7863 540.8854 439.9496 246.9777 153.6017 182.6693 258.1301 301.2632 221.5887 145.5994 92.71276 99.75092 167.7369
145.3552 146.0301 146.6621 147.9291 149.7023 154.1694 148.4026 143.7034 140.0827 136.6646 133.8647 130.8324 126.8998 122.865 118.1901 114.0832 115.2048 113.513 114.281 115.1356 112.4594 101.4822 99.9409 104.7856 109.2595 107.5014 105.3524 97.90664 88.28305 103.1737 135.6595 161.905 134.2889 146.7124 172.7066 205.9941 229.945 217.6001 168.2203 171.5848 233.2929 225.0581 243.3673 248.1413 258.3831 320.4954 367.4143 369.553 404.0329 401.1176 405.5048 473.1709 401.8627 220.6744 116.2416 143.5356 254.7306 331.917 243.9334 141.6713 80.43713 82.73387 163.0236
