py_wake/examples/data/AJ_ParqueFicticio/Rough survey   Sector 11   Height 200m   Orographic turn.grd
DSAA
73  159
 258469   265669
 6501692   6517492
-11.48195   15.21141
[rows 0 to 26 of 159, columns 0 to 60 of 73]
-.3270746 -.4163948 -.4781034 -.523769 -.5728949 -.6303191 -.6872625 -.7310053 -.7641377 -.7948822 -.8374131 -.8728922 -.9049641 -.8794855 -.8389063 -.7490616 -.6089641 -.4593988 -.2321616 -.008530611 .1307277 -.04944412 -.5379645 -.9985519 -1.25613 -1.371945 -1.279637 -1.434999 -1.571617 -1.569285 -1.500371 -1.500504 -1.294615 -1.032212 -.8425657 -.914293 -1.182378 -1.585069 -1.800703 -1.905281 -2.053948 -2.245935 -2.432468 -2.624253 -2.658866 -2.618196 -2.560286 -2.512042 -2.483099 -2.505076 -2.538537 -2.61651 -2.710181 -2.831509 -2.93716 -3.046132 -3.157297 -3.218196 -3.213368 -3.134259 -3.044061
-.3760865 -.4697585 -.4980049 -.5226146 -.571781 -.638263 -.6869071 -.7713968 -.8035024 -.8131969 -.8433671 -.8764064 -.8981031 -.9017786 -.8513628 -.7382148 -.5939754 -.3865559 -.125444 .1797023 .3355271 .07877195 -.5103598 -.9803749 -1.147289 -1.248087 -1.285712 -1.481319 -1.643755 -1.61285 -1.595033 -1.518291 -1.377431 -1.132682 -.9092866 -.8992827 -1.044326 -1.31168 -1.462086 -1.551433 -1.655003 -1.850223 -2.084863 -2.293917 -2.460791 -2.442117 -2.409091 -2.356025 -2.345356 -2.36317 -2.43189 -2.555608 -2.699473 -2.859958 -2.991666 -3.116318 -3.251851 -3.319502 -3.300763 -3.271257 -3.176168
-.3196689 -.4723367 -.4908917 -.5277981 -.6137432 -.6784955 -.7344044 -.7933989 -.8468052 -.8770924 -.8734509 -.9009245 -.947566 -.9619039 -.9175014 -.7729486 -.5841905 -.3658442 -.0916022 .2030875 .3064321 .0442137 -.5271689 -.9351923 -1.195997 -1.281258 -1.294804 -1.484059 -1.654975 -1.69157 -1.694101 -1.631673 -1.517574 -1.313829 -1.071614 -.8817204 -.8925253 -1.072501 -1.136651 -1.195128 -1.300643 -1.60012 -1.871706 -2.084495 -2.221621 -2.308566 -2.292033 -2.234385 -2.225579 -2.205124 -2.27677 -2.446096 -2.64181 -2.818039 -2.994752 -3.173439 -3.333835 -3.447266 -3.498283 -3.468377 -3.394896
-.1642902 -.3366748 -.4653506 -.5596969 -.6291466 -.6992841 -.7942048 -.8650569 -.9187535 -.968308 -.9683685 -.9406309 -.9792789 -1.015264 -1.005858 -.8538795 -.6631203 -.4170913 -.1384 .149145 .1816305 -.1240849 -.6503516 -1.040349 -1.281717 -1.305428 -1.399517 -1.526217 -1.691465 -1.755696 -1.794537 -1.884719 -1.790837 -1.590325 -1.424136 -1.31214 -1.156981 -1.14958 -1.074048 -.9981272 -1.158274 -1.510892 -1.865419 -2.015015 -2.097979 -2.150146 -2.169658 -2.162233 -2.153208 -2.143672 -2.174375 -2.339658 -2.527477 -2.788615 -3.033701 -3.266377 -3.493148 -3.673136 -3.770176 -3.764166 -3.672063
.01150073 -.169098 -.3710491 -.5493754 -.6374376 -.7429251 -.8303422 -.948495 -1.007282 -1.041332 -1.065009 -1.029072 -1.023556 -1.064525 -1.089884 -.9741314 -.7627494 -.5185934 -.2261733 .03381949 .009487541 -.345691 -.8456339 -1.283296 -1.545153 -1.516853 -1.547491 -1.675369 -1.826852 -1.912133 -2.029438 -2.081689 -2.04524 -1.905734 -1.970164 -2.024352 -2.045412 -1.848699 -1.656446 -1.329103 -1.383537 -1.761493 -2.150664 -2.148117 -2.053014 -1.979095 -1.982823 -2.065415 -2.045056 -2.071064 -2.004561 -2.152992 -2.365597 -2.679341 -3.009255 -3.360601 -3.693967 -3.937729 -4.109323 -4.166871 -4.091936
.1326226 .06609906 -.1340862 -.4078715 -.628545 -.7431477 -.867308 -.9878907 -1.043758 -1.081213 -1.089688 -1.106002 -1.088774 -1.168054 -1.151188 -1.126905 -.9532592 -.7027935 -.4079842 -.2181901 -.2873641 -.6087559 -1.026417 -1.464523 -1.763448 -1.801459 -1.802154 -1.864111 -1.975498 -2.144926 -2.289728 -2.391228 -2.377202 -2.499557 -2.561783 -2.74431 -2.958996 -2.907506 -2.560946 -2.104519 -2.037661 -2.331642 -2.517893 -2.382126 -2.274576 -2.117498 -2.093698 -2.139207 -2.078061 -1.983565 -1.971037 -1.987746 -2.212642 -2.565452 -3.034605 -3.534161 -3.982008 -4.326544 -4.60034 -4.705589 -4.668931
.2945298 .2853577 .2001052 -.07249346 -.4420412 -.6993889 -.8076671 -.8748761 -.9375962 -.9855485 -.9999626 -1.059609 -1.091434 -1.135109 -1.155584 -1.192468 -1.198412 -1.027916 -.8110695 -.5764242 -.6111171 -.8778191 -1.251614 -1.609278 -1.889362 -1.983477 -2.048268 -2.065676 -2.145494 -2.25099 -2.378681 -2.572825 -2.755594 -2.755113 -2.903248 -3.053159 -3.292514 -3.406649 -3.160596 -2.861043 -2.922303 -3.033468 -2.967088 -2.681347 -2.505003 -2.42817 -2.388414 -2.356073 -2.271543 -2.124719 -2.028676 -2.051518 -2.223388 -2.560097 -3.130692 -3.753036 -4.324748 -4.803161 -5.203446 -5.393673 -5.383811
.3975278 .4173722 .4007576 .2471856 -.06664965 -.4192394 -.6185237 -.6946221 -.7412084 -.7941961 -.8253629 -.9031445 -1.010232 -1.101755 -1.155761 -1.274401 -1.411945 -1.420007 -1.299563 -1.15356 -1.141071 -1.311095 -1.57145 -1.790981 -1.953028 -2.065161 -2.139406 -2.187887 -2.214504 -2.287261 -2.381552 -2.562757 -2.773181 -2.901671 -3.063602 -3.259761 -3.480682 -3.624617 -3.590832 -3.571517 -3.844135 -3.901622 -3.613323 -3.184212 -2.869725 -2.833691 -2.78332 -2.765192 -2.54209 -2.370624 -2.289258 -2.364222 -2.563439 -2.908308 -3.442544 -4.14618 -4.761961 -5.321943 -5.808558 -6.112398 -6.063004
.4799014 .5091815 .4865609 .3205687 .05323419 -.2375866 -.4294063 -.4665194 -.5211926 -.541999 -.6417941 -.7561056 -.9060444 -.9436884 -1.039145 -1.272145 -1.544461 -1.779404 -1.870691 -1.891968 -1.844004 -1.955444 -2.147628 -2.165558 -2.210672 -2.230551 -2.319272 -2.314179 -2.296103 -2.298627 -2.323111 -2.517915 -2.749952 -2.970431 -3.207897 -3.398764 -3.741645 -3.94168 -4.147818 -4.366793 -4.816359 -4.96165 -4.608256 -4.083741 -3.729104 -3.639284 -3.550742 -3.397597 -3.222138 -3.087805 -2.937724 -2.970658 -3.171917 -3.561353 -4.107027 -4.669389 -5.20838 -5.781223 -6.307799 -6.598902 -6.530305
.5546145 .5885899 .5569686 .421962 .2443387 -.07577974 -.2615909 -.2747567 -.2621218 -.2882974 -.4063402 -.5876685 -.7617249 -.8149368 -.8453304 -1.072908 -1.45832 -1.849479 -2.216268 -2.468222 -2.629866 -2.821735 -2.940986 -2.993038 -2.915147 -2.662236 -2.531516 -2.478603 -2.345799 -2.249696 -2.288471 -2.485865 -2.725302 -2.945322 -3.201531 -3.444795 -3.788707 -4.260643 -4.624131 -5.027236 -5.565471 -5.799683 -5.697852 -5.304234 -5.070878 -4.867243 -4.647731 -4.347738 -4.147258 -4.029161 -3.889296 -3.829414 -4.011119 -4.486997 -5.018525 -5.312123 -5.67099 -6.130202 -6.497173 -6.712821 -6.609725
.6395662 .6596487 .6427091 .587262 .6458583 .4659017 .3269852 .1449458 .02369042 .04106372 -.1509427 -.4460973 -.6298687 -.6466749 -.6593053 -.8290491 -1.186313 -1.630141 -2.085188 -2.556329 -3.030723 -3.421381 -3.675155 -3.714505 -3.719334 -3.484822 -3.115721 -2.738512 -2.495495 -2.312183 -2.319965 -2.460207 -2.698207 -2.93409 -3.165409 -3.406629 -3.812449 -4.28644 -4.808935 -5.282035 -5.754667 -6.093451 -6.258395 -6.293463 -6.392252 -6.145552 -5.858995 -5.533493 -5.291085 -5.086872 -4.959164 -4.905176 -5.111096 -5.571733 -6.005647 -6.164805 -6.246013 -6.429236 -6.616128 -6.669786 -6.49245
.7116887 .7411229 .7142476 .7070028 .7112623 .6478065 .5526253 .5858924 .539215 .497346 .1369332 -.2092832 -.4422293 -.4959428 -.5179434 -.6433415 -.9179327 -1.213893 -1.602798 -2.148388 -2.850369 -3.507956 -3.967719 -4.089553 -4.079511 -3.967203 -3.511188 -2.975594 -2.719382 -2.452781 -2.430985 -2.510716 -2.683816 -2.951648 -3.116234 -3.369585 -3.762936 -4.220985 -4.777135 -5.249393 -5.697898 -5.997766 -6.367652 -6.673121 -6.973181 -6.939476 -6.69734 -6.501338 -6.294981 -6.150928 -6.11318 -6.17705 -6.436482 -6.884611 -7.219479 -7.266913 -7.284666 -7.255071 -7.244752 -7.092742 -6.788153
.7635652 .8049803 .7772279 .7527956 .7060863 .6381187 .6586537 .8065769 1.007204 .9539189 .4963232 .1553799 -.02873098 -.2183445 -.4338138 -.671002 -.8538751 -.9557053 -1.212822 -1.595222 -2.172117 -2.861116 -3.61367 -4.027245 -4.154692 -4.112035 -3.893817 -3.440417 -3.038716 -2.760442 -2.608552 -2.606543 -2.726354 -2.953064 -3.158359 -3.407717 -3.732938 -4.114994 -4.584789 -5.091932 -5.516531 -5.881535 -6.296969 -6.728623 -7.152821 -7.207339 -7.165277 -7.059125 -6.982341 -7.01444 -7.19032 -7.512532 -7.918454 -8.326408 -8.594171 -8.796327 -8.838731 -8.876483 -8.760991 -8.412286 -7.912072
.7939619 .7715115 .7372477 .7305559 .7003422 .7040634 .7971982 1.037685 1.238088 1.183731 .8601319 .5385586 .3877466 .2597354 -.0312915 -.478365 -.7348427 -.9070753 -.9033359 -1.11339 -1.555829 -2.267046 -2.976134 -3.530195 -3.873026 -3.976941 -3.922016 -3.649051 -3.1812 -2.916012 -2.729191 -2.65512 -2.734162 -2.929726 -3.255799 -3.506289 -3.744005 -3.99834 -4.313908 -4.725657 -5.224504 -5.688703 -6.121219 -6.606541 -7.049663 -7.324179 -7.36711 -7.456764 -7.46676 -7.653468 -7.981344 -8.407305 -9.01927 -9.550611 -9.877692 -10.10517 -10.30259 -10.43053 -10.41417 -10.108 -9.629671
.7753702 .7430788 .7183425 .7158707 .7406464 .7780244 .9058065 1.090918 1.256007 1.246373 .9615052 .7023221 .5815148 .4698592 .1970504 -.194286 -.4401264 -.5732356 -.6639627 -.7462783 -1.01791 -1.539547 -2.201631 -2.912683 -3.397847 -3.631796 -3.611373 -3.394973 -3.165095 -2.920584 -2.781774 -2.696452 -2.693144 -2.911218 -3.30258 -3.6782 -3.798097 -3.886386 -3.99239 -4.302119 -4.802746 -5.357413 -5.876266 -6.33954 -6.712836 -7.047124 -7.219482 -7.481453 -7.817478 -8.056836 -8.39213 -8.799219 -9.384906 -9.881466 -10.27236 -10.4807 -10.72933 -11.03942 -11.15608 -11.11843 -10.75087
.7348707 .7220263 .7292152 .7408031 .751579 .8459459 .9693741 1.121062 1.22789 1.203342 .9722023 .7860949 .6794173 .5765514 .4349255 .1935156 -.03307444 -.1536631 -.2837192 -.3931938 -.619921 -.9375918 -1.324306 -1.895967 -2.535206 -2.996562 -3.141516 -3.07715 -2.904198 -2.762994 -2.580057 -2.514738 -2.479871 -2.735215 -3.216847 -3.612986 -3.763703 -3.696084 -3.6048 -3.661947 -4.147716 -4.770453 -5.418397 -5.939921 -6.270586 -6.551145 -6.854063 -7.164422 -7.630373 -8.064615 -8.308349 -8.550249 -8.901634 -9.299613 -9.580056 -9.822724 -10.17135 -10.46218 -10.65479 -10.77103 -10.76429
.7191336 .6849284 .7204465 .7501029 .780318 .861904 .9827887 1.123255 1.182253 1.140552 1.008449 .8737036 .7714155 .65885 .5670944 .4709907 .3141283 .03264306 -.1248582 -.2518692 -.4089652 -.600711 -.8029907 -1.086756 -1.487111 -2.05296 -2.401592 -2.51868 -2.49622 -2.363255 -2.204601 -2.025331 -1.981706 -2.282601 -2.815918 -3.115991 -3.23096 -3.089634 -2.788944 -2.838158 -3.312537 -4.030867 -4.806523 -5.3805 -5.731001 -5.914442 -6.111834 -6.527088 -7.050987 -7.499786 -7.758203 -7.793705 -7.890265 -8.033975 -8.344087 -8.680105 -9.03104 -9.326833 -9.576633 -9.680421 -9.837574
.7120781 .7102047 .705839 .7516835 .7879617 .8592002 .9721287 1.059075 1.122535 1.088516 .9947022 .8688016 .78506 .6534055 .5556166 .4664705 .3719737 .183766 .0488896 -.1109347 -.2136299 -.3370341 -.4452565 -.5338658 -.729144 -1.028122 -1.27254 -1.527127 -1.684566 -1.659192 -1.42128 -1.170782 -1.188619 -1.646653 -2.176606 -2.366916 -2.255481 -1.960523 -1.500641 -1.502846 -2.084607 -2.868395 -3.686603 -4.399415 -4.821351 -4.974347 -5.172237 -5.485767 -6.009873 -6.37934 -6.514768 -6.530511 -6.581461 -6.783937 -7.147924 -7.631161 -8.148874 -8.498466 -8.692284 -8.851554 -8.972218
.7042084 .7151213 .7488569 .7558036 .8079644 .8521947 .9311159 1.017321 1.070181 1.033286 .9407725 .8254972 .776512 .6630937 .5439249 .4779563 .366897 .2403339 .1394893 .005268986 -.07749726 -.1154689 -.09897788 -.09418165 -.04848753 -.07288092 -.2076459 -.4143061 -.5638246 -.5946081 -.4871259 -.2774324 -.423301 -.9934921 -1.42596 -1.58372 -1.386495 -.840027 -.2798558 -.2189389 -.943393 -1.59603 -2.20419 -2.730315 -3.193412 -3.537354 -3.779316 -4.176943 -4.630134 -4.972828 -5.105215 -5.265217 -5.478539 -5.891299 -6.438162 -7.092005 -7.63753 -8.089698 -8.386151 -8.494707 -8.521441
.712539 .7363539 .7687244 .776487 .8073752 .8365916 .9050163 .9436021 .998123 .9824643 .8806292 .8391234 .793237 .6488477 .5609794 .4653737 .4004659 .2805549 .199557 .08387465 .0669721 .04470775 .07035296 .09974039 .1730813 .342619 .4575651 .429977 .2815952 .2598383 .3434116 .3114103 .03602177 -.4887312 -.818046 -.957511 -.6504764 .07053865 .8532644 .8054745 .07504299 -.5566934 -.9557285 -1.264084 -1.611805 -1.90969 -2.311963 -2.883618 -3.349907 -3.669646 -3.922328 -4.191594 -4.727533 -5.34227 -6.054732 -6.796588 -7.461625 -7.946911 -8.298376 -8.431248 -8.386665
.6587321 .7356783 .8030719 .8233988 .8134254 .8414292 .8744811 .8869885 .9152837 .8929978 .8154332 .7837998 .751737 .6615707 .5435583 .4725831 .4413349 .3279758 .2494047 .2273687 .2240575 .1873126 .1715058 .1750957 .2612979 .4290866 .6031976 .7250646 .7169637 .7437671 .7066528 .4678458 .2840435 -.1179337 -.3567108 -.4166405 -.06098782 .8093014 1.608119 1.493448 .733545 .0680688 -.2247841 -.4324258 -.5853387 -.7872199 -1.252064 -1.89424 -2.432952 -2.746701 -3.051583 -3.539925 -4.233011 -4.988784 -5.851881 -6.693917 -7.425642 -7.982011 -8.352458 -8.472738 -8.298795
.6034802 .63763 .7602148 .8001408 .7942125 .8038993 .8209353 .8420395 .8509865 .7902353 .7436197 .7123063 .6886559 .6145404 .5555481 .4903019 .4368408 .3798843 .3227494 .3512363 .3721623 .3084992 .2402856 .2126748 .3019888 .4233691 .5833436 .7428843 .9221489 1.108021 .9130514 .5642309 .2820531 .175946 .05796805 .02584482 .4885669 1.192728 1.88429 1.703087 1.003438 .4246926 .06718416 -.1428428 -.1727153 -.3697999 -.7471423 -1.239076 -1.759856 -2.161652 -2.570422 -3.109474 -3.869816 -4.735244 -5.585609 -6.526239 -7.332431 -7.947778 -8.321029 -8.423162 -8.160531
.6270328 .6277586 .6876699 .7622219 .7772031 .7893187 .7868348 .7861125 .7980364 .7332546 .7133866 .6532885 .6326175 .5713775 .5288039 .4944327 .4497073 .3696818 .3534839 .3669443 .405894 .3559158 .3050769 .3236239 .3603389 .4571208 .5679227 .7388692 1.058213 1.247544 1.070564 .7635428 .5109544 .4530691 .4338816 .4431471 .8864575 1.428416 1.790164 1.673257 1.100889 .5439123 .1265834 .02897944 -.06893136 -.2349413 -.5086029 -.8470851 -1.253289 -1.720156 -2.215318 -2.886502 -3.652858 -4.495189 -5.389948 -6.330002 -7.178716 -7.850613 -8.214414 -8.24994 -7.839576
.6502321 .6648813 .7273126 .7487313 .7616417 .7630624 .7593997 .7650332 .7587622 .7263582 .6843041 .6488388 .5982782 .5734336 .5103678 .4859085 .399319 .3550113 .3738837 .4241306 .4319954 .4117074 .3868488 .4001896 .4451004 .5227039 .6565752 .8190257 1.111843 1.20332 1.009191 .8529872 .8209302 .8159494 .8541639 .7663889 1.062544 1.558104 1.771638 1.57898 1.174302 .6218563 .234213 .1010941 -.04620478 -.2404777 -.4072196 -.6380058 -.9649898 -1.393416 -1.941785 -2.655302 -3.505553 -4.381476 -5.209338 -6.163902 -7.064868 -7.765252 -8.105885 -7.940264 -7.387362
.6610617 .7038006 .7344597 .7284119 .7419929 .7362113 .7395509 .74779 .7263302 .7239817 .6670608 .6445028 .6059256 .5741602 .5083612 .4731265 .4297416 .4236777 .4239929 .4778161 .5087454 .4935674 .4696634 .5154185 .5408729 .6492823 .8146167 1.018949 1.173495 1.180635 1.14251 1.017516 1.071041 1.170431 1.252712 1.113857 1.155998 1.495828 1.693995 1.563383 1.329525 .7942466 .3910167 .2176532 .02612526 -.1347169 -.2775904 -.4537205 -.6769318 -1.046978 -1.614076 -2.462762 -3.380245 -4.276501 -5.132043 -6.038274 -7.029678 -7.715479 -7.95032 -7.59827 -6.756366
.6454882 .6918675 .7196161 .6945361 .6918581 .6803685 .7071375 .7136974 .7156628 .7325734 .6676268 .6336942 .5892444 .5245311 .4977503 .4571913 .4524222 .4774276 .4893316 .5464112 .554433 .584493 .5965163 .6558707 .7063336 .871781 1.034886 1.206618 1.297882 1.238868 1.157504 1.104857 1.267613 1.475276 1.587034 1.415811 1.312022 1.481393 1.637772 1.662734 1.52472 1.199366 .7214031 .4176522 .1846485 .07510415 -.01818719 -.1462178 -.37641 -.7545286 -1.319016 -2.199088 -3.258145 -4.259048 -5.109653 -6.076242 -7.063294 -7.761691 -7.821992 -7.23984 -6.116507
.6796055 .7260057 .7485299 .7005152 .6876042 .6639592 .6823416 .6869898 .7185982 .7221499 .6745116 .6441644 .5769731 .512991 .4997497 .5057513 .5106793 .5241006 .5521526 .588908 .6256114 .6636526 .6954172 .7743539 .8357053 1.02941 1.214876 1.333119 1.317134 1.357473 1.232364 1.181824 1.363776 1.623816 1.778507 1.672536 1.514309 1.515794 1.60298 1.744313 1.812287 1.553 1.111872 .7802051 .5737657 .4937457 .3981348 .2051593 -.07674351 -.4901937 -1.102136 -1.992177 -3.107536 -4.193226 -5.163393 -6.179353 -7.217555 -7.791103 -7.688717 -6.842681 -5.4749
