py_wake/examples/data/AJ_ParqueFicticio/Rough survey   Sector 7   Height 200m   Orographic speed.grd
DSAA
73  159
 258469   265669
 6501692   6517492
 .6526977   1.394431
[rows 112 to 139 of 159, columns 0 to 62 of 73]
1.237841 1.231838 1.223993 1.219083 1.215919 1.214321 1.213238 1.216253 1.223205 1.227618 1.228914 1.228552 1.220211 1.209921 1.195262 1.174582 1.155123 1.143915 1.13764 1.133114 1.138481 1.155464 1.175591 1.199618 1.222115 1.239036 1.247787 1.249476 1.248978 1.247198 1.247749 1.245043 1.236045 1.223794 1.207242 1.193009 1.187825 1.194934 1.210926 1.228922 1.243973 1.249017 1.243921 1.23129 1.215353 1.198388 1.184242 1.172387 1.164257 1.160405 1.152818 1.1401 1.124673 1.10983 1.101384 1.094113 1.08932 1.083359 1.075285 1.066944 1.059989 1.054123 1.05632
1.271036 1.264008 1.257744 1.253761 1.25228 1.252722 1.254848 1.256709 1.259515 1.260034 1.258745 1.255816 1.245326 1.230801 1.212606 1.191949 1.17648 1.166245 1.154511 1.142052 1.13698 1.142737 1.160721 1.186036 1.207481 1.219759 1.223499 1.219587 1.219347 1.22466 1.234152 1.251474 1.266956 1.271188 1.264605 1.254543 1.247156 1.249802 1.262804 1.276592 1.289792 1.289533 1.275452 1.25376 1.228907 1.204412 1.182541 1.163138 1.143542 1.124349 1.10996 1.09788 1.087339 1.083256 1.080304 1.080658 1.080236 1.078376 1.074699 1.066952 1.059125 1.049875 1.042168
1.298157 1.292503 1.288588 1.286116 1.285769 1.288429 1.291369 1.294774 1.295687 1.292586 1.290105 1.285324 1.270067 1.251994 1.23267 1.21756 1.209087 1.200867 1.185555 1.167892 1.155201 1.150092 1.15357 1.167804 1.182592 1.191836 1.1943 1.191962 1.19177 1.200925 1.217635 1.242504 1.26886 1.288081 1.301124 1.306107 1.307108 1.311675 1.322384 1.334127 1.341574 1.33469 1.313851 1.286443 1.254958 1.224169 1.194181 1.166247 1.138765 1.108821 1.085446 1.071188 1.063313 1.064228 1.066616 1.069114 1.071842 1.072215 1.072663 1.069958 1.064072 1.054329 1.03976
1.301166 1.303011 1.303917 1.304373 1.305873 1.308853 1.314622 1.31867 1.320619 1.320457 1.319402 1.311303 1.296187 1.280244 1.265052 1.257689 1.254471 1.248364 1.233169 1.216855 1.198544 1.180198 1.16271 1.154083 1.153308 1.156418 1.159296 1.161013 1.165455 1.175591 1.197004 1.2237 1.249066 1.274994 1.301168 1.325119 1.344453 1.359393 1.371906 1.383493 1.385773 1.37608 1.353343 1.324626 1.290579 1.253366 1.214811 1.179247 1.145588 1.113297 1.08506 1.064542 1.054586 1.054302 1.058196 1.061586 1.06293 1.066401 1.067069 1.06798 1.064754 1.055107 1.0407
1.271143 1.281787 1.288549 1.295297 1.301416 1.308539 1.317313 1.324603 1.332015 1.338545 1.340893 1.334965 1.324708 1.314097 1.306069 1.302648 1.300731 1.296976 1.287051 1.272011 1.250721 1.220515 1.186615 1.154911 1.13274 1.127746 1.129588 1.132819 1.140942 1.157773 1.180717 1.203099 1.227733 1.254376 1.286619 1.318724 1.347631 1.372288 1.38901 1.394431 1.393183 1.383103 1.365358 1.340577 1.309481 1.272991 1.232567 1.192909 1.155406 1.122117 1.092975 1.071277 1.058205 1.05274 1.052369 1.053691 1.054934 1.056526 1.058556 1.059308 1.057449 1.049519 1.03671
1.213868 1.229813 1.243712 1.257552 1.272111 1.28824 1.301787 1.316261 1.329511 1.341351 1.346622 1.344747 1.34118 1.338079 1.334897 1.331193 1.325191 1.319041 1.309343 1.295594 1.275561 1.246637 1.208744 1.168577 1.131932 1.111836 1.11047 1.117386 1.131421 1.15134 1.171208 1.18948 1.214767 1.242132 1.271974 1.298952 1.32192 1.339394 1.348065 1.350806 1.34709 1.337769 1.324435 1.306671 1.286032 1.259914 1.226253 1.190509 1.155603 1.123752 1.097868 1.078455 1.064536 1.055842 1.05095 1.04809 1.047143 1.045249 1.043439 1.043405 1.041848 1.033294 1.019942
1.143163 1.163375 1.184204 1.207129 1.23156 1.256678 1.278899 1.297403 1.313286 1.322893 1.324433 1.326369 1.328783 1.328971 1.329491 1.324725 1.312631 1.296713 1.283906 1.268507 1.251385 1.231492 1.206407 1.174742 1.140399 1.113572 1.102225 1.109407 1.129776 1.148172 1.163104 1.177877 1.199884 1.221607 1.240579 1.256778 1.270995 1.28011 1.278651 1.271785 1.26397 1.255849 1.247477 1.236011 1.221898 1.206241 1.18652 1.161662 1.137662 1.113837 1.095312 1.0801 1.069705 1.061468 1.055063 1.049572 1.045288 1.04007 1.032308 1.022201 1.01158 1.00211 .9878222
1.086244 1.109712 1.137611 1.168264 1.200184 1.231986 1.259939 1.282554 1.297992 1.299411 1.291024 1.285122 1.282833 1.283414 1.285643 1.284917 1.27254 1.252521 1.230034 1.20985 1.19329 1.180083 1.170629 1.162279 1.143583 1.123846 1.110467 1.109349 1.123933 1.139547 1.149647 1.160706 1.175472 1.187461 1.198025 1.209936 1.220415 1.226279 1.215847 1.199395 1.182524 1.172961 1.169112 1.165015 1.154552 1.142829 1.130926 1.118219 1.104859 1.091702 1.081477 1.073861 1.067938 1.062961 1.058113 1.052856 1.045751 1.037453 1.024688 1.006748 .9862006 .9711334 .9594268
1.071019 1.093705 1.12147 1.15301 1.186826 1.220433 1.249399 1.273455 1.287297 1.282458 1.26433 1.246178 1.234151 1.227562 1.229395 1.231513 1.225259 1.207521 1.184625 1.161816 1.142838 1.131226 1.126665 1.129722 1.131353 1.123197 1.112755 1.106868 1.10979 1.118844 1.127288 1.137581 1.148748 1.153071 1.161303 1.172407 1.184789 1.190613 1.179924 1.159321 1.134616 1.116441 1.110624 1.110882 1.10587 1.095907 1.088045 1.080217 1.073394 1.068533 1.062635 1.05822 1.057453 1.055298 1.051498 1.045883 1.037236 1.023837 1.007151 .9887228 .9705592 .9583299 .9509656
1.095829 1.110238 1.131231 1.158408 1.188174 1.21944 1.245824 1.265971 1.272274 1.267147 1.252009 1.229553 1.205992 1.189391 1.181615 1.17882 1.175004 1.165466 1.151958 1.134294 1.11567 1.101349 1.092389 1.093903 1.099144 1.101559 1.098805 1.093345 1.09103 1.095487 1.104588 1.116878 1.123775 1.12965 1.140888 1.153437 1.165424 1.170684 1.160539 1.140895 1.115005 1.088614 1.073988 1.071144 1.070579 1.070001 1.066572 1.063559 1.059874 1.055453 1.050866 1.045839 1.041498 1.039499 1.034946 1.028159 1.016478 1.000923 .9850548 .9735611 .9683945 .9646511 .9695389
1.129502 1.138013 1.152947 1.174152 1.198616 1.222358 1.243613 1.255436 1.253317 1.250389 1.247025 1.231535 1.20975 1.188566 1.164578 1.145991 1.133812 1.124666 1.117716 1.108566 1.095836 1.082976 1.072329 1.066493 1.067186 1.07043 1.076146 1.078608 1.076733 1.078229 1.08912 1.101471 1.110873 1.124678 1.138997 1.150966 1.157377 1.152433 1.139968 1.123142 1.101131 1.074762 1.052861 1.041381 1.041152 1.047263 1.052096 1.056405 1.055601 1.051866 1.047023 1.039311 1.030302 1.021221 1.01134 1.000233 .988664 .9783078 .9716816 .9739578 .9829134 .9916049 1.003266
1.160646 1.170389 1.182489 1.197564 1.212705 1.226405 1.23443 1.230568 1.225147 1.22419 1.231244 1.231877 1.224413 1.206557 1.182207 1.155985 1.133366 1.113697 1.100396 1.091786 1.084509 1.076774 1.069861 1.063062 1.057257 1.05378 1.052101 1.058331 1.065416 1.07113 1.082208 1.097199 1.112215 1.129933 1.143016 1.148971 1.143823 1.129172 1.110968 1.094441 1.079339 1.061267 1.041276 1.026156 1.021023 1.024638 1.033075 1.041499 1.04818 1.048901 1.045919 1.036956 1.02588 1.009215 .9899851 .9733279 .961598 .9581999 .9665964 .9850495 1.004538 1.019848 1.032115
1.184099 1.199979 1.212281 1.221097 1.227832 1.226752 1.213631 1.199383 1.18733 1.185383 1.197533 1.210106 1.218577 1.217471 1.20647 1.189626 1.17011 1.150967 1.134988 1.122821 1.115357 1.108127 1.098089 1.086504 1.073506 1.059324 1.051125 1.050469 1.055549 1.065428 1.078977 1.097952 1.116155 1.130924 1.138298 1.137135 1.123973 1.102631 1.081234 1.063848 1.051081 1.042857 1.034473 1.023835 1.015444 1.013104 1.013062 1.019196 1.02738 1.03625 1.037145 1.029937 1.016258 .9964434 .9765401 .9588425 .9467189 .9513574 .9675776 .9924251 1.015943 1.033978 1.046633
1.192262 1.21518 1.230328 1.236261 1.234381 1.219179 1.194176 1.168688 1.150303 1.146194 1.155878 1.1706 1.187091 1.199712 1.203459 1.203098 1.199651 1.195562 1.188483 1.180829 1.173225 1.162792 1.145147 1.123513 1.102411 1.083797 1.076172 1.072795 1.072385 1.074831 1.082429 1.095997 1.107347 1.117762 1.121082 1.116059 1.099483 1.07851 1.058838 1.04331 1.030839 1.022582 1.019162 1.017026 1.013518 1.009705 1.006354 1.00288 1.002392 1.008407 1.012082 1.007558 .9939849 .9750451 .9594611 .9469407 .943025 .9533243 .971809 .9930091 1.015815 1.03502 1.049567
1.191179 1.216935 1.234518 1.240125 1.232737 1.212704 1.182826 1.154048 1.131438 1.116798 1.115995 1.12606 1.14426 1.157755 1.166421 1.172767 1.181775 1.195758 1.207833 1.212745 1.207679 1.195236 1.175706 1.151708 1.128713 1.113129 1.105369 1.102241 1.095221 1.088174 1.08529 1.087129 1.090822 1.09527 1.097094 1.091376 1.076618 1.057846 1.039147 1.024464 1.01467 1.006847 1.000554 .9990743 .9991466 .9993442 .9974715 .9926625 .9868931 .9802474 .9798642 .9753941 .9660982 .955341 .9459429 .9435217 .9490153 .96325 .9801896 .9941149 1.01094 1.027478 1.040524
1.184703 1.211489 1.229718 1.237288 1.226522 1.205955 1.179469 1.152266 1.12593 1.102582 1.087628 1.089369 1.101182 1.111133 1.121505 1.132063 1.140335 1.158504 1.178028 1.19018 1.190558 1.183541 1.171072 1.156124 1.13775 1.122035 1.112823 1.105323 1.096303 1.0844 1.075592 1.070226 1.072701 1.074614 1.073354 1.063741 1.050925 1.035643 1.018914 1.002837 .9933738 .9882692 .9856235 .9827433 .9825669 .9828077 .9851621 .9861623 .9822648 .9728361 .9659255 .960911 .9588611 .9587982 .9593995 .964152 .9738582 .9841384 .9914472 .9952241 1.002881 1.012975 1.021226
1.167979 1.197957 1.218454 1.224652 1.213248 1.193382 1.168351 1.1422 1.117517 1.094264 1.075319 1.06433 1.067453 1.075567 1.087993 1.098829 1.100878 1.109261 1.123819 1.136304 1.142013 1.144295 1.139695 1.133454 1.12272 1.106309 1.090601 1.076926 1.066193 1.056592 1.048277 1.045956 1.047425 1.045893 1.041029 1.028868 1.016751 1.004591 .9923271 .9804736 .972033 .9675453 .9671283 .9678984 .9709328 .9717867 .9748741 .9796385 .9856234 .9826382 .9770476 .9730691 .9767901 .9862794 .9975749 1.007938 1.015274 1.014884 1.004995 .9956421 .9942496 .9966857 1.001499
1.156208 1.184731 1.202915 1.205756 1.193275 1.171467 1.148034 1.124054 1.102081 1.081344 1.063495 1.051254 1.045234 1.053098 1.066658 1.076363 1.075477 1.070641 1.073466 1.080176 1.089111 1.098543 1.100113 1.099972 1.10061 1.090394 1.071602 1.051214 1.035492 1.025309 1.018066 1.012644 1.009242 1.003945 .9981682 .9895668 .9805217 .974708 .9703611 .9644029 .9609016 .9576343 .955522 .9548641 .9589455 .964838 .9698595 .975269 .9823828 .9873784 .9878662 .9905771 1.000156 1.01756 1.035768 1.047402 1.049926 1.041407 1.02341 1.006384 .9935166 .9908499 .9967442
1.164108 1.181969 1.188342 1.180329 1.16702 1.152223 1.136809 1.11567 1.095431 1.077441 1.062077 1.048978 1.041044 1.042647 1.05146 1.060272 1.060591 1.053326 1.04378 1.041785 1.04689 1.05811 1.066043 1.072976 1.080276 1.079018 1.067737 1.051302 1.036525 1.021782 1.007096 .990496 .9765267 .9670126 .9598609 .9557436 .9542543 .958609 .9651591 .9664191 .9656147 .9627293 .9587687 .9555169 .9544584 .9588522 .966055 .9722164 .976845 .9825569 .9892541 1.000389 1.01653 1.037466 1.055567 1.066306 1.067808 1.061279 1.046196 1.029819 1.014708 1.001783 .9980755
1.182258 1.184828 1.175567 1.161077 1.145641 1.137473 1.134926 1.123988 1.109977 1.095602 1.079968 1.065332 1.053506 1.041952 1.041475 1.048747 1.054154 1.047948 1.036955 1.025472 1.023576 1.030498 1.038072 1.04806 1.060275 1.067212 1.072107 1.06972 1.061412 1.048206 1.028683 1.00344 .9768881 .9528374 .9416576 .939256 .9436637 .956109 .9690256 .977118 .9798746 .9787017 .9773526 .9747728 .9720974 .969101 .9671605 .9683259 .9703461 .9748836 .9852204 1.003435 1.025137 1.046212 1.062137 1.072354 1.077215 1.077928 1.072234 1.057436 1.037381 1.017448 1.005169
1.189793 1.176498 1.161408 1.145343 1.129527 1.123741 1.125362 1.126294 1.123609 1.109999 1.096694 1.080623 1.06277 1.046322 1.035695 1.037913 1.044082 1.044527 1.035021 1.0233 1.014543 1.014137 1.019024 1.027481 1.040458 1.0536 1.06836 1.08063 1.078043 1.070933 1.05624 1.03374 1.007508 .9788021 .9549869 .942129 .945317 .9552331 .9669009 .9790432 .9873728 .9921522 .9936121 .9944939 .9923407 .9865074 .9775233 .9689254 .9647072 .9659274 .9783804 .9983557 1.022778 1.044195 1.059374 1.071841 1.080033 1.084218 1.085426 1.075925 1.058393 1.037947 1.020844
1.188316 1.164278 1.142721 1.125911 1.112363 1.109995 1.11406 1.120851 1.124997 1.115545 1.101311 1.082392 1.062239 1.043044 1.026763 1.022225 1.025096 1.026327 1.024895 1.018615 1.010971 1.006425 1.006517 1.012141 1.022343 1.034659 1.050185 1.062478 1.068125 1.068025 1.062067 1.052119 1.034384 1.007518 .9811837 .9616803 .9503633 .9481645 .9550428 .9670551 .9776642 .9842572 .9916747 .9973814 .9983746 .990584 .9821398 .9710338 .9615492 .9593723 .9680366 .9844038 1.003969 1.025183 1.044925 1.0611 1.074409 1.084365 1.091352 1.090714 1.078014 1.060793 1.041766
1.186715 1.156334 1.129106 1.110142 1.100583 1.101979 1.110176 1.119064 1.127169 1.124578 1.110688 1.088465 1.062927 1.039266 1.017665 1.003842 .9996842 1.002015 1.005869 1.006487 1.003604 .999317 .9972559 1.000159 1.006095 1.014036 1.025577 1.03723 1.041565 1.04466 1.040945 1.036675 1.028822 1.015521 .9940267 .9738951 .955538 .9460793 .9448637 .9513243 .9620356 .9683252 .975378 .9814692 .9826865 .9789988 .9733029 .964142 .9560317 .9522764 .9567776 .9671772 .9810881 .9991081 1.021065 1.041673 1.060389 1.075611 1.088168 1.094268 1.092215 1.080775 1.064511
1.191059 1.156892 1.126676 1.106963 1.098972 1.099002 1.100272 1.104576 1.112515 1.116966 1.11307 1.097516 1.073757 1.046855 1.020089 .9962252 .9839098 .9822249 .9860296 .9915711 .9937482 .993735 .9933625 .9954371 .9982711 1.001632 1.00885 1.013794 1.018332 1.021196 1.017162 1.009404 1.00221 .9963757 .9860486 .9710711 .957485 .9442435 .9384499 .942194 .9505053 .9573983 .9597683 .9609334 .9614637 .9581226 .9532824 .9478573 .9454898 .9445993 .9479761 .9552732 .9635792 .9756655 .9940043 1.01549 1.037173 1.057629 1.074223 1.086243 1.092413 1.090187 1.078456
1.193115 1.160351 1.12981 1.106556 1.095698 1.08907 1.078505 1.073047 1.076572 1.083206 1.087744 1.086927 1.075891 1.058521 1.033899 1.008554 .984964 .9714618 .9714859 .9751565 .9810873 .9891881 .9932308 .9977125 1.000986 1.002707 1.002951 .9976009 .9974677 .9973919 .9967422 .9896033 .9787504 .9714296 .9659424 .9591553 .9521048 .9445202 .9399164 .9413752 .9493052 .9541191 .9534155 .9501618 .9463713 .9430337 .9413874 .9425594 .9448215 .9482753 .9505256 .9514255 .9535457 .958207 .9685467 .9850556 1.005889 1.027446 1.04945 1.066942 1.080193 1.085101 1.081419
1.180739 1.151053 1.124875 1.10005 1.084463 1.069076 1.052724 1.044552 1.041997 1.041002 1.043785 1.051316 1.057034 1.052247 1.04025 1.018915 .9962372 .9760678 .9654666 .9632794 .9698895 .980136 .9880834 .9985552 1.003132 1.004228 .9992926 .9882032 .9800547 .9743617 .9732872 .9713898 .9641656 .9548778 .9493707 .9471478 .945702 .9431383 .9400764 .9430449 .9511798 .9547487 .9554867 .9522139 .9479651 .945792 .9485958 .9576015 .9636617 .9652327 .9601099 .9528788 .9471654 .9456133 .9480618 .9550603 .9689603 .9876939 1.010893 1.034127 1.054397 1.068332 1.073481
1.150084 1.130021 1.109249 1.086684 1.065648 1.047767 1.034146 1.029927 1.023533 1.013273 1.00732 1.012838 1.021818 1.026104 1.025023 1.02102 1.005649 .9887055 .9737806 .9647235 .9643443 .9729196 .9806402 .9916106 .9982494 .9987511 .9919258 .9795923 .9688929 .9599078 .9554191 .9551897 .9546832 .9507725 .9454492 .941991 .9410051 .9395608 .9378282 .9388505 .9453195 .9497904 .9510334 .9513677 .9541103 .9557397 .9609824 .9683441 .9737949 .9739677 .9690233 .9612344 .9519004 .9444875 .9398086 .9368034 .9385805 .9493871 .9672487 .9917107 1.01804 1.039932 1.055643
1.118037 1.102734 1.088637 1.067691 1.048086 1.033789 1.026932 1.023649 1.018546 1.008521 .9970983 .9905849 .9923515 .9978206 1.000572 1.005799 1.003909 .996658 .9900355 .9798232 .9720967 .9719146 .9778756 .987594 .9895614 .988777 .9832666 .9734966 .9639191 .9553887 .9483724 .9454173 .947246 .9484501 .9455743 .9438691 .940687 .9381086 .936621 .934648 .9360324 .938161 .9420196 .9438762 .9486039 .9540535 .9575463 .9634017 .9699399 .9720572 .9750695 .9773602 .9723046 .9612294 .948088 .9342689 .9266697 .9263509 .9357294 .9543576 .9789014 1.005238 1.026616
