py_wake/examples/data/AJ_ParqueFicticio/Rough survey   Sector 12   Height 200m   Mean speed.grd
DSAA
73  159
 258469   265669
 6501692   6517492
 4.438185   8.475414
[rows 0 to 27 of 159, columns 0 to 62 of 73]
6.030713 6.009881 5.99629 5.981142 5.971364 5.961187 5.95133 5.943252 5.931501 5.920136 5.904818 5.885754 5.855474 5.839567 5.818448 5.802775 5.796782 5.791918 5.797653 5.81112 5.825167 5.842783 5.847701 5.819099 5.742447 5.629564 5.580626 5.592313 5.6103 5.611033 5.609297 5.618685 5.675513 5.748061 5.818635 5.85667 5.889394 5.934813 5.95132 5.956823 5.950005 5.938937 5.929874 5.907227 5.895469 5.892932 5.887045 5.879158 5.872886 5.861861 5.849751 5.82971 5.810625 5.79285 5.774059 5.757594 5.741752 5.734896 5.729874 5.728301 5.724822 5.729274 5.743234
6.044426 6.011521 5.997438 5.98423 5.973286 5.959369 5.951284 5.937558 5.925986 5.9206 5.905495 5.882219 5.855697 5.839783 5.816304 5.800987 5.791943 5.792527 5.796662 5.838405 5.867775 5.871048 5.895057 5.904021 5.839533 5.716137 5.612202 5.598565 5.604217 5.61296 5.614972 5.63723 5.677372 5.742338 5.811402 5.859294 5.891065 5.955122 5.988364 5.996357 5.994962 5.986386 5.987217 5.967163 5.921226 5.912149 5.905409 5.900955 5.893718 5.882016 5.867707 5.845082 5.821764 5.799937 5.779806 5.763325 5.743204 5.73775 5.727407 5.717031 5.710574 5.712112 5.723144
6.088715 6.031231 5.997892 5.984931 5.969169 5.955748 5.946517 5.932705 5.920911 5.91152 5.904928 5.88078 5.860116 5.835695 5.810145 5.794703 5.786325 5.783988 5.799498 5.837183 5.867074 5.875859 5.911004 5.94292 5.909679 5.784415 5.672805 5.621722 5.604856 5.603153 5.610248 5.629475 5.66148 5.70924 5.766623 5.835629 5.885389 5.94362 6.007729 6.030304 6.027646 6.017811 6.010149 6.005207 5.967268 5.927187 5.912401 5.910945 5.908616 5.901899 5.88962 5.869746 5.841969 5.816173 5.792162 5.77027 5.755312 5.735394 5.717181 5.701397 5.687846 5.691157 5.697217
6.15836 6.080199 6.012805 5.984826 5.966003 5.953921 5.938013 5.921393 5.910366 5.897573 5.886773 5.876818 5.864454 5.833395 5.803053 5.780745 5.770637 5.768763 5.781189 5.816726 5.843189 5.846947 5.887008 5.932315 5.934805 5.84806 5.722083 5.652205 5.616809 5.602937 5.599724 5.597853 5.610172 5.634435 5.651625 5.682179 5.752285 5.848423 5.963618 6.018922 6.020991 6.019177 6.011001 6.017667 6.004603 5.961852 5.925475 5.915352 5.910985 5.905831 5.909122 5.897225 5.871646 5.837911 5.809112 5.780226 5.757122 5.727561 5.701289 5.675919 5.660645 5.657731 5.667873
6.217979 6.13571 6.049425 5.998975 5.96863 5.950135 5.934785 5.915539 5.901019 5.885851 5.867299 5.854699 5.855896 5.834592 5.797108 5.766428 5.753587 5.746107 5.753784 5.796712 5.819428 5.812026 5.840349 5.883564 5.903102 5.860229 5.768518 5.68655 5.628614 5.600955 5.577065 5.566928 5.53341 5.513981 5.469075 5.451159 5.506994 5.643181 5.781495 5.888872 5.953879 5.976638 5.97807 5.996046 6.018575 5.994078 5.953631 5.922895 5.917052 5.918068 5.93822 5.931741 5.908837 5.873462 5.836289 5.800332 5.757391 5.717829 5.677054 5.642096 5.620273 5.613657 5.62024
6.250541 6.193025 6.126546 6.050293 5.984136 5.953228 5.936533 5.91664 5.901713 5.883613 5.874096 5.849466 5.83528 5.823263 5.794955 5.755514 5.731528 5.714077 5.721992 5.764201 5.787205 5.788849 5.814368 5.849782 5.872506 5.850227 5.78087 5.704751 5.639131 5.588379 5.547157 5.514651 5.479819 5.420563 5.373327 5.326035 5.32783 5.411791 5.535858 5.669043 5.798011 5.893435 5.934957 5.958748 5.959735 5.959778 5.936847 5.915762 5.911697 5.922619 5.939222 5.953557 5.936478 5.903511 5.856904 5.808512 5.752913 5.699916 5.64646 5.599873 5.561713 5.544157 5.533101
6.279511 6.250592 6.218961 6.145797 6.044671 5.969823 5.959304 5.947485 5.927619 5.908486 5.886811 5.857286 5.832516 5.825116 5.804797 5.763252 5.708324 5.667367 5.654129 5.686105 5.726104 5.750139 5.791218 5.831174 5.857391 5.845607 5.783735 5.714486 5.641194 5.579904 5.525896 5.467815 5.418814 5.380891 5.322568 5.275795 5.251657 5.272547 5.35049 5.476927 5.629904 5.776246 5.85879 5.887261 5.882459 5.878205 5.884115 5.889657 5.876287 5.88301 5.908145 5.926422 5.930068 5.916249 5.875611 5.81541 5.747504 5.678535 5.607724 5.538153 5.480916 5.43682 5.408709
6.295301 6.286375 6.267718 6.220751 6.133525 6.043144 6.00176 5.993148 5.970242 5.946998 5.921251 5.885552 5.858001 5.843661 5.822232 5.771036 5.700068 5.634231 5.599929 5.588627 5.616427 5.677875 5.749504 5.802323 5.843588 5.841878 5.789851 5.720483 5.651664 5.580289 5.518994 5.467424 5.412313 5.362259 5.305518 5.250526 5.215022 5.208601 5.244782 5.33307 5.461268 5.604406 5.705854 5.754689 5.775999 5.802461 5.827134 5.825824 5.810421 5.806744 5.826931 5.841036 5.852372 5.86791 5.861172 5.804563 5.733907 5.655688 5.567183 5.477943 5.388951 5.320286 5.260987
6.312665 6.311727 6.29631 6.257908 6.188637 6.114535 6.064721 6.044992 6.01676 5.983185 5.952072 5.918346 5.890513 5.875571 5.852868 5.797728 5.720784 5.622591 5.55341 5.506857 5.500829 5.555161 5.623483 5.701548 5.768875 5.811449 5.791516 5.734358 5.666292 5.59257 5.533889 5.477148 5.420208 5.361198 5.300648 5.246168 5.187269 5.16668 5.182827 5.21773 5.28262 5.379447 5.471752 5.535206 5.61344 5.674811 5.694635 5.702501 5.674499 5.652679 5.686085 5.703242 5.712272 5.754127 5.788243 5.772785 5.717121 5.638912 5.544991 5.435001 5.310271 5.205497 5.13025
6.328683 6.327795 6.317268 6.292212 6.246461 6.17297 6.123806 6.089854 6.062467 6.023358 5.990243 5.955946 5.922486 5.902536 5.893152 5.853806 5.769807 5.670475 5.556188 5.455973 5.399854 5.39279 5.457483 5.518049 5.598883 5.706828 5.759237 5.731098 5.674447 5.61297 5.553682 5.493687 5.432868 5.374197 5.314032 5.256569 5.196509 5.14364 5.134309 5.135261 5.146848 5.179419 5.222909 5.285414 5.376683 5.456417 5.481379 5.504915 5.492229 5.46101 5.485628 5.516155 5.553145 5.615592 5.6767 5.714281 5.685982 5.626409 5.538475 5.423241 5.274486 5.131663 5.043394
6.344333 6.345858 6.336169 6.326529 6.329898 6.276721 6.228843 6.171671 6.096639 6.061373 6.029552 5.999538 5.956822 5.923603 5.925353 5.921226 5.863684 5.758406 5.631916 5.49684 5.38189 5.315828 5.317834 5.360749 5.422556 5.520186 5.632421 5.674333 5.655296 5.608481 5.558316 5.505319 5.449415 5.391768 5.333424 5.276928 5.216208 5.164629 5.119107 5.104775 5.094 5.092772 5.093052 5.106898 5.144461 5.207002 5.234702 5.269259 5.27967 5.260099 5.273182 5.312684 5.393044 5.478278 5.547989 5.595561 5.6148 5.588448 5.522353 5.411479 5.269454 5.116121 5.006683
6.356477 6.361367 6.352699 6.345782 6.350191 6.328714 6.292536 6.237936 6.157829 6.115947 6.081485 6.055449 6.002875 5.946682 5.933399 5.953132 5.955079 5.875865 5.752275 5.613362 5.460999 5.338844 5.278897 5.282261 5.319661 5.388647 5.495864 5.582602 5.59599 5.574629 5.534325 5.492134 5.453191 5.404084 5.357044 5.298337 5.23828 5.188487 5.132624 5.102243 5.083221 5.0732 5.050207 5.034622 5.022214 5.033854 5.053188 5.074741 5.094885 5.085077 5.081271 5.133374 5.224576 5.305369 5.359599 5.402429 5.418573 5.417433 5.37804 5.308323 5.203576 5.080545 4.974331
6.358257 6.36922 6.364548 6.353137 6.350278 6.342647 6.320854 6.274836 6.245713 6.212478 6.161699 6.14345 6.094175 6.004809 5.954171 5.940704 5.96318 5.954253 5.877223 5.760572 5.63123 5.491913 5.374174 5.302766 5.289178 5.314901 5.382576 5.460029 5.50315 5.503242 5.489743 5.465722 5.438636 5.401598 5.360425 5.311177 5.261674 5.210888 5.160915 5.117743 5.089734 5.070444 5.040123 5.010633 4.964502 4.948235 4.946967 4.957201 4.967796 4.955066 4.945871 4.957907 5.009468 5.071328 5.111032 5.106657 5.103137 5.08813 5.064418 5.036351 5.001173 4.947553 4.886911
6.358745 6.359027 6.356584 6.354038 6.350574 6.344195 6.339515 6.331583 6.319547 6.29685 6.258235 6.216887 6.185027 6.12012 6.044476 5.989526 5.984938 5.970796 5.964945 5.902375 5.796729 5.663962 5.529292 5.406313 5.325734 5.309646 5.336917 5.380826 5.426731 5.442361 5.446092 5.438849 5.423351 5.397026 5.350266 5.306983 5.269596 5.231591 5.195292 5.156013 5.113852 5.074984 5.039318 5.009499 4.95061 4.906043 4.891942 4.876996 4.882314 4.86271 4.851353 4.837317 4.829719 4.842499 4.851293 4.830536 4.804378 4.781799 4.765759 4.762483 4.762381 4.7617 4.747294
6.35645 6.350615 6.348185 6.350289 6.354125 6.351459 6.33947 6.353149 6.351158 6.333317 6.287568 6.250172 6.231465 6.197492 6.125233 6.066261 6.044459 6.033358 6.03345 5.997252 5.936591 5.841626 5.709664 5.554226 5.424443 5.360991 5.343979 5.362626 5.382199 5.403937 5.411449 5.41496 5.419375 5.399236 5.355812 5.307197 5.272211 5.24421 5.227809 5.202975 5.160776 5.112849 5.064174 5.030923 4.987219 4.923292 4.892372 4.863672 4.8318 4.826879 4.804911 4.779099 4.750059 4.735579 4.719913 4.712575 4.701937 4.687939 4.679804 4.666085 4.665681 4.654398 4.651329
6.345017 6.339598 6.341689 6.346726 6.345748 6.353881 6.34796 6.363572 6.360762 6.327546 6.294951 6.268914 6.256492 6.231306 6.195759 6.145096 6.11419 6.109131 6.100615 6.067638 6.025599 5.977041 5.8958 5.748321 5.596071 5.468994 5.401017 5.378938 5.385292 5.401348 5.416336 5.419549 5.428379 5.425239 5.393804 5.347663 5.289848 5.263883 5.258608 5.266683 5.245653 5.196974 5.1307 5.085538 5.038371 4.982952 4.94009 4.91127 4.879496 4.850331 4.829852 4.806875 4.789728 4.778713 4.784844 4.800015 4.818555 4.837002 4.838559 4.806608 4.756233 4.691612 4.636041
6.336236 6.326214 6.332108 6.339013 6.345251 6.344737 6.35203 6.370476 6.36144 6.335053 6.309865 6.293451 6.284635 6.247129 6.233107 6.213486 6.176375 6.135841 6.12471 6.097673 6.063315 6.04758 5.996816 5.924001 5.811562 5.65764 5.529538 5.451201 5.430934 5.439707 5.458706 5.466772 5.480732 5.497777 5.506106 5.475106 5.397049 5.342306 5.338567 5.340804 5.354186 5.311795 5.233722 5.172027 5.123644 5.08389 5.050165 5.019915 4.998165 4.964218 4.931637 4.923297 4.935905 4.964714 4.994858 5.031858 5.074978 5.105985 5.100795 5.068831 4.984711 4.861963 4.712462
6.330612 6.324506 6.325522 6.335964 6.339563 6.33983 6.359364 6.364521 6.357591 6.343917 6.325346 6.299367 6.279006 6.253759 6.239435 6.228641 6.19828 6.163807 6.146296 6.118186 6.09972 6.078972 6.060778 6.036508 5.975446 5.869131 5.738811 5.624117 5.555223 5.543809 5.556191 5.562404 5.588433 5.614561 5.64395 5.634648 5.564069 5.497202 5.477386 5.496581 5.528003 5.501143 5.425931 5.349871 5.295534 5.257593 5.220391 5.207731 5.199455 5.173444 5.140409 5.125338 5.152722 5.203043 5.246887 5.27691 5.296937 5.310633 5.310428 5.262627 5.176799 5.03854 4.862792
6.325095 6.323171 6.326752 6.328724 6.33648 6.335679 6.35267 6.355522 6.355058 6.34549 6.331824 6.302596 6.27162 6.249141 6.248024 6.229269 6.206444 6.181879 6.161621 6.13441 6.119077 6.104136 6.109477 6.113379 6.100183 6.039749 5.947362 5.839536 5.758439 5.717181 5.683496 5.671148 5.718144 5.755418 5.785041 5.789131 5.727962 5.648319 5.608958 5.641962 5.700158 5.735953 5.7157 5.668494 5.605381 5.544089 5.488832 5.473946 5.470206 5.439607 5.390561 5.346258 5.349321 5.37876 5.410454 5.424941 5.429325 5.422442 5.394948 5.352586 5.282327 5.1774 5.026465
6.323654 6.324778 6.328866 6.326005 6.322698 6.326353 6.345224 6.341973 6.347313 6.344224 6.32844 6.305995 6.277631 6.256841 6.249136 6.23315 6.218906 6.196948 6.171916 6.152654 6.128784 6.123017 6.124776 6.138436 6.13603 6.12404 6.086407 6.019095 5.939232 5.874469 5.80323 5.752762 5.798948 5.860098 5.89942 5.905311 5.855174 5.778293 5.732828 5.769543 5.855729 5.941782 5.982895 5.978197 5.936315 5.872334 5.794617 5.741019 5.723896 5.683716 5.608662 5.544572 5.500267 5.490913 5.493713 5.493551 5.485031 5.47806 5.434286 5.387595 5.337057 5.27231 5.15809
6.306726 6.317922 6.32189 6.322811 6.311934 6.317092 6.324535 6.327458 6.332991 6.330007 6.315978 6.292552 6.272155 6.264119 6.240609 6.23539 6.229247 6.207365 6.187997 6.158858 6.148951 6.13678 6.134412 6.136681 6.139973 6.140858 6.125448 6.098091 6.047523 5.962567 5.879577 5.819145 5.817817 5.889984 5.958326 5.991192 5.946214 5.87448 5.867221 5.886248 5.96766 6.063265 6.13919 6.166939 6.155605 6.108921 6.028486 5.949765 5.902602 5.849284 5.764538 5.691984 5.619887 5.572507 5.550277 5.530464 5.514408 5.49899 5.463547 5.418796 5.379036 5.346754 5.284154
6.286252 6.286336 6.298489 6.304068 6.29791 6.299754 6.306744 6.313191 6.317539 6.305601 6.293418 6.284343 6.282032 6.264615 6.248887 6.236773 6.229694 6.208223 6.191675 6.179612 6.170551 6.153404 6.140388 6.132026 6.138149 6.138062 6.125638 6.10622 6.077971 6.017565 5.958752 5.896265 5.826294 5.873734 5.969733 6.030428 6.012076 5.927195 5.95704 5.987456 6.016719 6.120321 6.185462 6.222476 6.239259 6.225564 6.167667 6.093945 6.016703 5.942152 5.858416 5.790696 5.717919 5.645194 5.616118 5.585153 5.56269 5.54562 5.515754 5.476934 5.445493 5.427302 5.395288
6.280403 6.275311 6.279076 6.282069 6.286365 6.29004 6.294049 6.296101 6.299422 6.290881 6.282072 6.274619 6.277448 6.262179 6.24786 6.236248 6.220063 6.202616 6.195398 6.188409 6.179659 6.163163 6.147273 6.145754 6.141448 6.132722 6.113931 6.093046 6.075187 6.07283 6.051562 5.997127 5.911617 5.882508 5.951657 6.029931 6.049711 5.989397 5.990941 5.993745 6.000772 6.097694 6.169448 6.219462 6.243138 6.253402 6.230307 6.174132 6.100822 6.008476 5.931624 5.859449 5.795422 5.718655 5.683078 5.664818 5.64339 5.621961 5.60725 5.586742 5.54385 5.514521 5.491108
6.281621 6.281538 6.288198 6.279409 6.280243 6.27854 6.2848 6.285533 6.285143 6.271461 6.266321 6.275622 6.269709 6.260447 6.247377 6.237248 6.200571 6.191932 6.192004 6.195734 6.188631 6.170735 6.168652 6.157097 6.150439 6.132027 6.110706 6.086567 6.06727 6.08886 6.092006 6.066124 6.013393 5.954585 5.939116 6.006919 6.061928 6.054836 6.05163 5.988071 5.960833 6.029606 6.109527 6.170947 6.212217 6.232559 6.234279 6.207474 6.147283 6.070941 5.998204 5.93072 5.864921 5.791308 5.761704 5.758056 5.748487 5.731491 5.71771 5.713173 5.659504 5.613803 5.5816
6.282301 6.289424 6.287345 6.281359 6.27955 6.278606 6.278549 6.27879 6.265418 6.264599 6.268303 6.26733 6.257094 6.2533 6.243128 6.225866 6.208797 6.196177 6.194572 6.199643 6.197646 6.194347 6.173411 6.174131 6.160122 6.143338 6.123378 6.106825 6.098449 6.103019 6.134182 6.110696 6.080098 6.032406 5.99603 6.003212 6.052398 6.070731 6.077353 6.01291 5.956728 5.993044 6.059425 6.117474 6.169591 6.200496 6.220931 6.221829 6.196003 6.144703 6.086597 6.018132 5.953399 5.884668 5.84938 5.867109 5.870571 5.855334 5.84945 5.832087 5.778137 5.71648 5.662547
6.277236 6.282514 6.281509 6.277714 6.272997 6.2713 6.273423 6.271043 6.257625 6.254163 6.26355 6.261539 6.250191 6.244224 6.228332 6.215243 6.211818 6.205321 6.201748 6.2038 6.197331 6.205167 6.190158 6.190492 6.180668 6.167066 6.143891 6.151866 6.164186 6.135074 6.118566 6.111719 6.115968 6.098633 6.057795 6.041686 6.047007 6.079681 6.093801 6.051264 6.003989 6.018403 6.070585 6.124702 6.155437 6.184854 6.217794 6.245208 6.248199 6.216922 6.179554 6.134556 6.077074 6.00418 5.954958 5.970588 5.996263 5.985727 5.954406 5.915473 5.861366 5.797757 5.739809
6.29088 6.292741 6.288779 6.27799 6.273417 6.273602 6.273715 6.259799 6.258265 6.265285 6.255518 6.249022 6.245373 6.238123 6.225852 6.217431 6.216945 6.212609 6.209526 6.200823 6.208324 6.200945 6.202239 6.199443 6.195705 6.187595 6.180017 6.184603 6.176466 6.157631 6.123632 6.110445 6.123946 6.12519 6.108743 6.091697 6.071893 6.085044 6.106121 6.084205 6.065991 6.04439 6.101694 6.14566 6.185841 6.211943 6.239609 6.269223 6.293495 6.291106 6.278872 6.261426 6.236293 6.166372 6.079627 6.072731 6.102944 6.097143 6.028512 5.950755 5.89678 5.840695 5.789954
6.293395 6.296189 6.283265 6.279741 6.281724 6.278162 6.275885 6.260432 6.258469 6.266834 6.256492 6.245459 6.243922 6.230487 6.219046 6.220644 6.218962 6.218888 6.20925 6.205457 6.199946 6.195269 6.193357 6.198034 6.200636 6.195359 6.194612 6.182799 6.169992 6.150011 6.133083 6.124148 6.122179 6.115681 6.127044 6.111657 6.097762 6.101841 6.104572 6.102403 6.085263 6.061842 6.093282 6.157544 6.217354 6.251786 6.28359 6.321687 6.3611 6.377844 6.386281 6.398831 6.401956 6.354609 6.251283 6.190091 6.198417 6.182904 6.099121 6.003073 5.931551 5.875361 5.825121
