py_wake/examples/data/AJ_ParqueFicticio/Rough survey   Sector 8   Height 200m   Power density.grd
DSAA
73  159
 258469   265669
 6501692   6517492
 130.2234   1114.954
[rows 56 to 83 of 159, columns 0 to 62 of 73]
385.5395 387.0613 388.5287 389.4031 388.9114 387.3911 383.9506 380.081 376.5873 374.1427 370.924 368.4074 362.7991 359.0342 356.0533 353.1568 352.1144 351.2327 350.8168 349.3711 347.71 344.9838 345.7827 347.1519 348.8724 348.6514 349.0782 351.2458 359.5135 374.8657 393.1615 408.732 416.7307 429.8179 441.9991 453.4876 466.2078 479.5217 490.5174 498.7217 509.5405 516.5978 519.1683 511.6416 509.0981 510.8763 512.1467 502.9611 493.5338 482.0316 475.2466 463.4166 436.9295 403.8835 377.641 368.8756 369.0884 366.5449 352.3739 334.2536 317.302 304.6909 295.3555
384.3875 383.8482 385.9777 388.8091 387.8994 386.0685 382.2386 378.0125 373.7558 371.372 369.4146 366.7465 363.899 358.213 355.9818 354.0731 352.1756 350.7195 350.3177 349.5348 350.1082 349.0343 348.209 349.0434 350.4832 351.3726 352.5599 357.7668 371.58 388.9213 408.0205 422.7289 431.4252 444.0273 456.5001 466.1078 476.1854 487.6985 498.9593 507.3353 515.4824 517.3736 510.0189 500.002 499.9355 500.9984 494.8916 480.0825 471.1358 463.746 456.29 442.8624 417.9313 389.7404 370.7112 368.5488 369.9696 363.3766 344.8178 324.9206 307.4134 296.4713 290.1012
379.9437 378.5473 382.2536 385.9438 386.0674 381.9244 377.965 373.7302 370.5967 367.4426 366.2382 364.4214 361.5405 357.792 354.9038 353.8896 352.3145 350.2408 349.1464 349.0154 350.9551 351.8678 351.4578 351.945 351.781 353.165 356.1772 362.3517 374.7338 391.3745 407.8698 420.4733 428.8081 439.1418 451.8226 462.6064 471.8303 481.0034 489.0702 497.1458 504.396 501.2139 488.2491 482.7184 480.653 480.7227 471.6859 456.6181 448.5092 444.89 436.2687 419.8977 398.5318 375.9691 362.9462 364.6363 363.9349 356.7723 341.0291 321.2928 304.1294 293.5384 289.9207
378.5676 380.0983 383.1459 384.8561 383.0782 378.8885 373.7627 369.2904 366.4637 364.1715 362.4319 361.5555 359.2431 356.1227 352.317 352.3706 351.9536 350.2082 349.3214 348.9348 350.6158 353.1644 354.2372 353.5641 353.764 355.5894 358.5298 363.7163 372.0439 384.6901 397.6053 405.9068 413.5677 424.3205 437.007 451.2327 463.6413 472.1072 476.6364 478.4023 480.6673 476.7836 469.4132 465.8837 463.101 460.7824 451.1824 437.3574 430.2005 426.3539 416.1985 399.0677 381.097 362.5245 354.8087 356.235 354.0177 348.4835 335.6691 316.9283 301.0157 290.0034 288.6566
383.8373 385.8249 387.6215 387.1628 382.6511 376.8973 370.1585 364.8706 362.9109 361.3912 359.4942 357.9396 355.938 352.8084 352.8919 350.6728 351.0189 350.2449 350.038 351.0053 351.0554 351.6714 353.1899 354.8307 355.2955 357.6419 362.4677 369.0594 377.3415 385.6941 394.9082 400.3909 405.8534 415.4904 429.3047 442.4064 452.8138 460.3659 460.5421 460.9254 458.4028 452.9413 450.3227 451.1564 449.8032 445.8266 436.2102 426.7626 417.4628 409.9333 397.126 380.9754 366.8009 354.1305 347.2011 348.1438 347.244 342.453 327.7587 308.4174 294.0334 285.1142 282.9929
389.6875 390.5634 390.718 386.0063 378.9716 372.728 366.3339 361.5161 360.322 359.9413 358.824 356.1108 354.1575 352.7419 352.0419 352.4425 350.4452 349.8999 349.7627 351.9568 353.3602 353.6039 353.7592 355.2304 356.5227 359.8293 367.3454 377.2103 389.0804 399.4578 405.8845 408.2198 411.5561 420.8082 428.1793 435.2831 443.5117 447.1886 446.317 443.0197 439.2367 435.7997 436.7298 436.9647 435.9406 432.6148 423.5977 417.0307 409.8754 396.8034 379.7808 365.948 357.351 351.1923 341.3702 340.4399 339.6333 332.8639 317.4481 297.9139 283.7634 275.8329 270.3927
392.4849 393.5323 389.8635 384.1168 377.3378 370.4488 365.4949 361.2924 360.2222 360.0691 358.7231 356.6501 354.3516 352.9673 351.7687 350.786 350.7263 347.4863 348.9628 351.1648 352.8557 353.2912 353.8114 355.7236 359.2218 363.3752 372.0863 384.2849 395.9894 406.5456 416.5396 419.255 420.519 426.364 430.6162 435.0684 438.0494 436.3328 433.1809 429.3683 426.2276 424.4314 424.4582 424.7238 421.6221 420.1011 414.9712 408.3777 400.2627 389.1848 371.7059 356.9117 350.7059 346.9443 340.3523 332.5049 328.7465 319.2244 303.6917 284.7968 271.3887 262.991 259.1268
392.3125 391.4174 387.3278 383.3214 376.7521 371.6721 367.3834 363.4348 360.127 360.3058 359.2889 357.8086 355.0322 352.2991 350.9759 349.2352 347.8186 346.0668 346.0762 348.1829 348.9651 349.7507 352.0019 354.7281 359.6181 366.7881 376.0276 386.9726 398.7738 409.4802 418.5044 422.2935 424.123 429.3163 436.148 437.8921 435.1266 429.7461 424.6941 420.1147 414.7379 410.7035 409.4407 409.642 410.1258 408.8499 404.4019 396.4978 389.827 378.1973 363.0471 352.3474 346.9214 340.9236 331.9713 319.9068 309.3317 298.3585 282.8394 266.854 255.652 252.0576 250.5095
390.9564 388.2354 384.3965 380.3327 375.1743 371.5507 368.2407 364.5616 361.318 359.6489 358.7566 356.957 354.993 352.0621 349.4066 347.819 347.2115 347.096 347.4117 346.0537 345.2174 347.4629 349.34 352.594 356.9987 365.9337 374.8016 385.2709 397.0246 406.798 413.5817 418.0969 422.8996 428.3573 434.8169 434.8162 428.4363 422.7686 417.7162 413.0765 404.4352 397.3414 394.4659 397.0879 398.2049 398.5027 391.7527 384.8281 377.8289 369.8213 359.5993 351.9397 342.1915 330.5104 319.744 307.1889 289.3141 274.9758 260.636 246.1572 238.1244 239.0516 241.8977
388.8659 384.3345 380.9724 376.9694 373.8031 370.562 368.3985 365.438 362.3297 358.9359 357.3144 355.9485 354.1962 351.9009 348.7955 346.8362 346.7984 347.4426 348.6758 346.9055 347.6725 348.359 349.8716 352.5473 355.481 360.1158 367.582 377.604 388.8271 397.5459 403.6911 407.5889 413.8522 420.0064 424.0585 422.5452 417.7204 411.2013 406.8903 400.9531 394.1164 388.5701 386.7585 389.2636 390.9179 387.336 380.359 376.3338 371.683 363.9417 357.6363 351.2467 341.6624 326.3983 309.5183 294.8206 276.9381 262.462 247.4706 232.9688 231.0483 233.4392 235.4491
385.2194 380.4624 376.8532 373.5012 370.9901 369.1244 367.3914 365.5117 362.4243 358.9362 356.1627 354.822 353.0785 350.6028 348.6956 347.7928 347.4455 348.9069 349.8582 350.619 349.5316 351.5231 352.0282 352.1741 352.979 356.0826 363.7686 373.0381 380.7222 387.9105 393.0234 397.6565 405.0344 411.0152 412.4881 410.344 406.3815 401.1925 394.7856 388.1127 383.0166 381.3015 380.3001 381.5362 383.8827 377.9622 371.5633 370.8576 367.4982 359.085 355.9684 352.3557 342.1675 325.4544 305.3989 285.2013 270.8937 257.9846 248.1736 240.4309 238.1569 238.7766 237.1678
381.9962 378.5874 374.0627 371.1235 368.4435 366.8737 364.9497 364.1729 361.9984 357.8701 355.4047 353.2562 351.6634 349.4815 348.3249 348.1075 348.1094 349.382 351.3017 351.7248 352.6565 352.041 350.4471 349.6871 351.0853 355.6222 362.5195 368.4806 375.9348 382.1938 386.1082 392.1102 398.8068 402.6924 403.4841 402.4214 399.1664 394.4178 388.9633 382.186 377.2333 375.4238 375.8936 374.58 371.309 365.3571 363.9471 364.4735 362.2064 354.1816 353.5368 351.3969 339.7649 322.8398 302.6987 281.3619 269.5148 258.9892 253.3581 251.5466 249.1912 246.5636 240.1341
379.3746 375.9785 372.2065 368.9208 366.3793 364.7585 364.0235 362.058 360.3564 357.0628 354.0161 350.8891 350.1315 348.8618 348.3361 348.7647 348.5681 349.7496 350.3238 350.6434 350.6309 349.2664 345.4308 346.6057 350.3868 358.3382 365.0989 367.2179 371.5911 377.1366 381.5112 387.5803 393.0194 396.475 397.3242 397.9366 395.6762 391.5079 386.5426 381.2571 378.9111 380.8733 380.6037 375.0621 364.5642 357.1519 354.7588 352.8112 346.6863 340.5528 343.1107 341.3517 329.7596 312.3102 293.8768 276.4445 265.2307 260.0068 258.0637 257.0182 255.1689 251.4364 241.1755
374.5011 372.1777 369.0272 365.7934 364.26 363.0601 363.0549 359.325 358.1751 355.6275 352.6609 349.3549 347.9418 347.8355 350.3224 352.1501 350.9243 350.1319 349.5271 348.2513 346.4373 343.8903 344.1273 345.4903 352.617 360.456 366.6414 369.4061 372.5325 376.4399 380.236 383.089 387.653 392.1676 395.0609 396.4455 395.8556 392.2016 387.9509 386.0353 388.5568 388.6388 384.8702 375.1439 363.8728 355.3801 349.0223 341.4828 332.032 326.3276 325.6173 318.6557 306.6811 290.4756 276.3942 265.5731 261.125 260.9829 260.9183 260.4639 258.2307 254.6874 247.4909
368.7603 367.6498 364.8371 362.1906 362.3822 362.0248 360.2703 358.4716 355.2753 353.7598 351.1614 349.3104 346.9137 346.9453 352.2734 355.8832 354.3202 350.9243 347.8351 346.441 344.3867 343.6269 345.8031 350.3752 355.5132 362.4143 365.8961 369.7633 375.1917 380.0956 381.8263 382.0817 385.6412 391.9565 397.0563 398.1459 398.5124 395.2748 392.9327 393.1834 395.0288 394.1607 385.9987 374.5988 363.3626 354.4122 344.4756 332.9666 321.6078 312.1411 304.0368 290.9825 279.3057 269.0677 262.8315 259.3046 260.2108 265.1408 267.4377 266.3561 263.7381 261.9693 255.5307
366.1944 363.4025 360.6947 359.2239 361.1572 360.8252 356.9563 354.7074 351.7655 351.3484 350.1728 349.4432 348.9349 348.4522 352.6036 355.1089 352.0177 348.5912 345.5345 343.521 343.1231 344.2814 348.1132 353.5345 358.011 361.9487 365.4278 368.8347 373.6564 379.9189 386.9649 389.7223 392.9477 397.9474 401.5091 402.992 403.922 401.3391 398.5511 398.3543 395.3938 390.9032 382.7543 372.8152 363.4367 354.601 344.7289 332.1254 319.9077 308.2866 294.6297 279.0702 270.2798 265.8187 261.8459 260.9706 265.1717 271.6472 276.0677 275.6589 274.0608 270.8821 265.3101
366.4429 363.1828 360.501 358.926 358.2434 356.2233 352.0222 350.9671 351.2351 350.9006 350.8131 350.2179 349.1532 348.4912 348.7267 348.43 345.288 342.7685 340.5957 339.0611 339.2531 340.8902 345.9687 351.1066 356.4269 359.5996 362.9551 367.3104 372.9196 383.8571 394.6275 399.0829 402.5968 406.5725 406.3148 407.2986 403.9988 400.8145 399.2078 395.7247 392.6216 387.9284 378.2112 370.1977 361.4238 352.086 342.3256 332.281 321.5997 311.6324 301.1615 290.3961 284.5248 279.4728 274.5728 271.0878 273.6541 277.0753 281.3378 284.1341 283.3409 280.9003 276.255
367.6718 364.2541 362.1753 358.0343 354.4373 351.4992 348.7531 348.6677 350.2066 349.4301 349.4054 349.1266 348.0214 345.6521 342.299 341.1449 337.2374 335.3654 333.7526 332.7152 332.535 334.9944 340.0956 345.6514 350.4211 355.2986 358.8574 366.0223 376.352 390.6144 402.2488 407.345 409.4896 411.6656 410.1862 404.3875 400.7894 397.8147 397.0137 395.6177 391.8893 385.5154 375.0243 365.5254 355.9985 344.0435 334.1127 322.6729 316.1557 310.0318 303.4673 298.5382 298.2766 294.9547 285.093 278.9896 276.5804 278.5475 282.6967 287.0795 289.3901 286.6354 279.6859
366.9582 363.4085 361.238 357.6369 353.1215 348.726 345.3063 347.261 348.3147 347.2137 346.0485 346.3004 344.9415 342.4534 338.8098 333.2971 329.2447 328.5592 327.5589 326.5221 326.5654 329.6849 335.4795 340.2917 345.6655 349.6589 355.814 363.4338 377.9529 394.773 406.7859 413.0923 415.8899 413.2862 408.6123 402.4846 397.8682 393.074 390.144 387.3893 382.5839 373.6618 364.954 356.7623 343.4387 332.8594 321.3213 308.8731 303.3196 299.9565 295.1352 293.849 294.9712 292.4042 283.3298 274.482 271.1833 273.1762 278.1591 282.2588 284.0937 279.1725 266.6816
362.7661 360.5676 358.6743 355.1003 350.8606 346.2092 343.9064 345.8383 345.2274 343.2718 341.641 340.8453 340.4803 337.253 332.9538 328.0706 324.325 324.0307 323.8487 323.2197 324.6257 325.8495 330.5763 335.6172 340.2582 343.6395 349.4569 357.6706 372.3191 388.5797 402.1688 410.0353 410.9041 407.5996 403.4031 399.578 395.759 389.3753 380.2437 373.1962 361.4648 350.7264 342.3509 330.5566 319.3481 308.7519 300.8712 293.7455 291.4186 290.7255 285.3963 283.3593 280.9164 276.0027 266.8429 260.6169 261.4961 263.4485 267.0796 269.9679 268.5441 261.6992 247.077
356.5006 355.4495 353.8701 351.3801 346.6449 344.4133 341.834 342.136 340.2915 338.9754 337.2647 335.2371 334.2087 331.2989 328.3335 324.1508 321.5095 320.2036 320.7412 321.2155 322.9331 324.5884 327.0548 330.2577 332.8264 335.7469 340.5309 349.5471 363.7843 381.2599 397.0391 403.0514 403.5324 401.0018 396.1141 392.8859 388.4981 380.3884 367.3446 357.3056 347.0588 331.9358 317.5835 307.7539 297.767 294.3073 291.8261 290.5501 290.7217 288.2937 281.5854 275.3048 268.9539 260.2667 253.4442 255.5272 259.6589 261.0322 260.7426 259.433 255.1865 244.5461 230.0995
351.3898 349.2994 347.4624 345.0114 340.6729 338.4464 337.6767 336.4862 334.5573 333.472 332.9689 330.7544 328.5429 326.2825 324.5203 321.1617 317.7717 315.8733 316.0245 317.7757 321.4768 325.3506 328.2093 329.6255 329.5818 330.5479 335.1774 345.2753 361.7661 380.7649 400.1213 403.6151 402.9639 398.3875 390.2634 381.5753 375.6819 366.867 351.1621 340.2156 330.1109 316.6086 306.0003 302.1167 302.1762 306.1071 305.9829 304.6785 304.2132 296.0109 286.1562 278.0687 272.7605 269.9753 268.8473 272.9996 274.3493 274.3721 272.9606 268.0591 255.8963 241.9843 226.4248
347.1718 343.1161 340.411 337.0765 332.4624 331.3607 331.688 330.4381 329.0776 328.2616 327.5966 327.0071 324.5343 322.076 320.209 317.6959 314.1277 311.2191 310.4686 312.7737 318.1006 322.1446 327.4178 328.7227 327.5619 329.2259 337.0658 351.2581 372.7144 396.0587 410.7441 409.3868 405.1588 396.2886 386.4033 379.5583 372.9486 360.1313 344.932 331.6754 316.2858 306.4116 305.0352 311.0366 318.236 324.2198 326.2303 324.351 318.605 306.2108 297.3428 291.0176 291.4778 293.8864 299.3993 304.1439 304.7837 303.2397 298.3799 288.2202 273.8745 256.103 238.7108
343.5588 337.5731 333.7536 329.8231 325.8508 325.9413 326.2952 327.0312 325.2655 323.1997 321.8422 320.9529 318.6028 316.2017 314.9481 313.9033 311.6293 308.2046 308.1281 309.665 312.3338 316.3499 320.6863 322.8136 325.6253 331.6514 344.4381 364.8391 391.3961 412.6938 418.7445 410.9875 401.0569 390.3414 380.1868 372.425 363.7933 351.1084 337.2672 325.5959 313.1357 310.1637 317.5541 325.4726 335.9649 339.8947 339.3476 334.9566 327.5195 320.64 317.0561 315.0829 317.9078 324.62 331.3268 335.8991 335.0555 333.3377 326.6702 311.8369 292.5555 273.2867 252.9002
338.756 333.242 327.9493 324.4753 323.4588 323.5206 323.6194 322.7731 320.4104 316.9912 314.235 313.3631 311.0884 310.1123 310.7732 309.9309 308.9479 308.7026 308.1893 308.8603 310.6762 312.593 314.8018 317.9464 323.6476 334.4922 352.8455 378.3005 406.6393 423.5696 420.894 408.2111 394.0894 381.957 370.5699 361.056 349.8852 337.2462 325.7611 318.9231 317.8058 326.0187 338.0687 345.2018 350.8494 350.9724 346.1775 340.4384 337.3344 336.5116 337.8452 340.1613 343.2185 348.1097 352.3195 352.7167 348.9643 343.0372 331.3024 314.343 296.1357 276.6121 256.8435
333.2458 329.3275 324.5696 321.2625 319.3203 320.2044 318.779 316.486 314.1288 310.7016 307.1396 304.3338 302.7165 304.7239 305.3063 305.8362 304.8448 306.353 308.551 309.4707 309.6568 311.4397 313.1234 315.5577 321.6677 335.8138 357.9967 385.7337 410.4521 421.5421 414.3775 399.8876 386.3376 374.0388 364.3311 354.1431 341.1852 329.1039 319.1425 318.1747 324.9346 337.7059 348.4931 355.6225 357.782 356.1325 352.3116 349.1078 348.8836 349.4667 351.876 355.1334 355.8461 357.7444 357.5321 351.45 344.4133 335.5401 322.1767 306.8784 290.4739 273.2211 254.5965
327.1832 323.0667 320.6135 316.4505 313.1953 311.766 309.7607 308.0936 306.0024 303.6186 300.7137 298.1549 296.1805 296.0861 296.64 294.6315 294.815 299.6099 303.5399 305.2143 306.7408 309.047 311.6971 314.9749 322.1853 336.9215 361.5467 389.1715 409.2517 414.5371 406.1786 392.8992 381.9969 371.4312 361.58 349.6009 335.8114 323.6121 317.3582 321.036 334.3051 347.032 354.5498 357.2997 357.152 355.0478 353.6508 352.5869 353.7355 355.4632 357.9613 358.0103 356.4532 355.5523 351.61 344.1644 335.0861 325.8016 313.7688 300.4993 285.4576 268.8512 250.3734
321.4483 316.0829 313.2405 310.8634 306.7225 303.9478 302.5457 300.443 298.4595 296.8702 295.224 293.819 290.3016 288.6306 287.5028 285.5454 285.9898 290.567 294.5086 297.789 302.8022 305.5106 310.0993 316.1635 326.865 345.0645 370.3194 394.4724 409.2262 410.4648 402.4942 392.4913 382.7543 374.7097 362.7334 349.381 333.4933 321.9449 321.1954 334.4174 347.8892 354.0131 354.5905 353.6967 351.2122 347.9726 346.8671 347.0541 350.0272 351.9792 353.8602 352.8792 351.6731 348.7811 343.0182 335.4825 326.1534 317.9788 307.3785 294.6967 280.4815 262.1854 243.6258
