py_wake/examples/data/AJ_ParqueFicticio/Rough survey   Sector 7   Height 30m   Mean speed.grd
DSAA
73  159
 258469   265669
 6501692   6517492
 .388786   8.405198
[rows 84 to 111 of 159, columns 0 to 62 of 73]
3.328434 3.24211 3.195024 3.158105 3.113164 3.047289 2.987388 2.923138 2.861754 2.859125 2.866638 2.82837 2.754516 2.73269 2.688228 2.716024 2.641466 2.617985 2.709112 2.773789 2.858444 2.940983 3.016772 3.078837 3.211168 3.306242 3.345187 3.323504 3.338135 3.253954 3.345081 3.458219 3.494229 3.52162 3.310622 3.3584 3.201625 3.185647 3.28626 3.248514 3.288851 3.159488 3.168125 3.118145 3.041113 3.029079 3.134606 3.17224 3.290138 3.662956 3.93523 3.833195 3.719105 3.632462 3.480718 3.39387 3.361079 3.388173 3.482046 3.545459 3.601386 3.528122 3.328861
3.250607 3.202806 3.164397 3.124224 3.060407 3.021125 2.968126 2.904706 2.876254 2.842036 2.808185 2.745234 2.667862 2.626933 2.687168 2.710586 2.631298 2.569235 2.587002 2.606364 2.66143 2.745449 2.862065 3.032492 3.255414 3.369257 3.33938 3.233615 3.164437 3.068888 3.138121 3.28621 3.191573 3.232794 3.081305 3.170724 3.160457 3.198304 3.286679 3.375493 3.384853 3.313482 3.212872 3.230045 3.114827 3.122539 3.136419 3.033716 2.978232 3.099143 3.399002 3.649816 3.677898 3.683613 3.671695 3.648072 3.709184 3.762852 3.752422 3.718913 3.647268 3.387897 3.149127
3.101092 3.121085 3.12587 3.076927 3.031456 3.000023 2.929368 2.908333 2.902213 2.821794 2.763598 2.759801 2.745745 2.683014 2.680485 2.676939 2.688997 2.657174 2.553791 2.466448 2.446137 2.490919 2.537656 2.692697 2.85637 2.974443 2.949278 2.861483 2.731942 2.744098 2.818092 2.889763 2.978449 3.074188 3.032437 3.100862 3.112784 3.110848 3.27752 3.351916 3.360044 3.355474 3.394285 3.488842 3.514803 3.554733 3.507297 3.377911 3.312353 3.230874 3.253109 3.454301 3.689871 3.729976 3.771634 3.822633 4.027 4.075191 4.01023 3.854613 3.65846 3.199462 3.013751
3.058962 3.06725 3.075802 3.012883 2.970206 2.942375 2.897295 2.925303 2.907051 2.82773 2.799918 2.759149 2.721098 2.634257 2.580767 2.607888 2.651847 2.606947 2.561697 2.491733 2.361323 2.268672 2.212853 2.22402 2.362113 2.49167 2.432689 2.485671 2.45999 2.558382 2.793088 2.953387 3.075171 3.209839 3.264114 3.275355 3.184346 3.258148 3.200331 3.251242 3.294017 3.35536 3.503059 3.713192 3.744923 3.741928 3.728668 3.730732 3.636948 3.429515 3.265022 3.330943 3.721036 3.896372 3.875463 3.956803 4.104861 4.130859 4.00325 3.868169 3.606485 3.25686 3.18101
3.056895 3.026246 2.986165 2.957978 2.903032 2.846063 2.817483 2.839347 2.806592 2.80074 2.784433 2.709562 2.675279 2.661048 2.567163 2.495362 2.527828 2.510657 2.513422 2.446497 2.354908 2.238115 2.106347 1.989697 2.036657 2.253704 2.358426 2.520211 2.713372 3.016492 3.035929 3.207921 3.190735 3.313632 3.401523 3.392802 3.420932 3.360254 3.277621 3.259917 3.291837 3.466895 3.579222 3.647286 3.598986 3.536368 3.497127 3.449058 3.506134 3.341851 3.128847 3.003383 3.263359 3.640738 3.963796 3.867828 3.901832 3.991394 3.896519 3.722737 3.500883 3.379416 3.470785
3.039942 2.99356 2.96688 2.949021 2.875693 2.843309 2.747588 2.666391 2.62978 2.700495 2.689272 2.730605 2.670879 2.631311 2.544559 2.391024 2.360114 2.388771 2.3789 2.417511 2.402153 2.351032 2.280568 2.262076 2.308631 2.446103 2.666222 3.012691 3.340822 3.476972 3.419178 3.343533 3.279344 3.26781 3.347032 3.280629 3.331758 3.451531 3.443008 3.406865 3.445312 3.504075 3.537188 3.417879 3.263052 3.096766 2.993269 2.884192 2.931372 2.86304 2.708882 2.540391 2.287277 2.68607 3.227676 3.509928 3.500786 3.537638 3.505547 3.464193 3.338889 3.440581 3.584522
3.120799 3.051499 2.981753 2.909134 2.881206 2.826004 2.716817 2.690508 2.561451 2.549298 2.561954 2.651737 2.610927 2.591424 2.560484 2.442375 2.29142 2.202072 2.24031 2.333442 2.470439 2.531473 2.610297 2.76283 2.945361 3.104104 3.313096 3.553391 3.782655 3.754348 3.608256 3.449432 3.397832 3.332048 3.265882 3.262502 3.468978 3.522094 3.57555 3.610496 3.557902 3.584576 3.499348 3.326343 3.27814 3.324409 3.435679 3.332939 3.249974 2.978439 2.959569 2.669695 2.546118 2.229893 2.37659 2.780168 2.807094 2.629444 2.783738 2.946528 3.289002 3.581903 3.71415
3.141264 3.061715 3.010748 2.962833 2.885013 2.796825 2.772368 2.690948 2.589608 2.530186 2.516427 2.537808 2.598799 2.584147 2.571581 2.483704 2.337567 2.169689 2.118336 2.231945 2.539041 2.774391 2.939491 3.188887 3.490105 3.629444 3.74697 3.85025 3.917484 3.888052 3.800097 3.710892 3.637186 3.629672 3.533561 3.611201 3.495241 3.615144 3.651634 3.745216 3.73964 3.629558 3.603711 3.608299 3.944861 4.102806 4.06193 4.012555 3.804825 3.660175 3.822171 3.772125 3.571539 3.060881 2.443075 2.166152 2.199377 2.333129 2.556025 2.929074 3.416757 3.724231 3.881542
3.165096 3.080094 3.007862 2.936301 2.853251 2.85034 2.796179 2.753158 2.69454 2.563785 2.51519 2.539351 2.546851 2.601427 2.621611 2.574609 2.445846 2.329075 2.24402 2.261515 2.632281 3.039043 3.341969 3.515753 3.812399 3.887768 3.998275 4.064706 4.024652 4.067083 4.024099 4.016971 3.900167 3.7135 3.481686 3.650135 3.689028 3.748033 3.788488 3.755524 3.773212 3.812319 3.915749 4.184434 4.370122 4.372894 4.158699 4.10763 4.098037 4.264908 4.409985 4.351499 4.384822 4.102907 3.536654 3.026782 2.916605 3.035349 3.311997 3.238247 3.523105 3.827266 4.055779
3.154822 3.066584 2.982055 2.935048 2.90865 2.860039 2.841324 2.78495 2.735531 2.676765 2.564001 2.493787 2.530725 2.540417 2.637315 2.743758 2.741138 2.639256 2.608109 2.633343 2.80309 3.262042 3.590965 3.809521 4.006743 4.013592 4.165586 4.359953 4.330968 4.207075 4.047105 3.916094 3.863313 3.814525 3.729045 3.733453 3.705724 3.677219 3.775544 3.86701 4.051156 4.323226 4.56097 4.656713 4.575733 4.366809 4.254034 4.183824 4.292698 4.398926 4.463125 4.536395 4.655574 4.573012 4.640467 4.471656 4.448822 4.240114 3.990331 3.740072 3.597955 3.793218 4.176259
3.13046 3.068736 2.989377 2.917576 2.856929 2.872468 2.849163 2.800644 2.740968 2.71143 2.638494 2.50293 2.455008 2.483177 2.577105 2.747804 2.983071 3.05756 3.134459 3.172276 3.215159 3.178668 3.701346 3.980705 4.200535 4.217345 4.32931 4.560712 4.436695 4.278526 3.988612 3.770093 3.703753 3.764101 3.732161 3.885285 3.880541 3.924067 4.059004 4.272923 4.483428 4.69379 4.773549 4.68958 4.46387 4.367537 4.195763 4.203343 4.313515 4.37902 4.319413 4.301782 4.516117 4.602287 4.712714 4.688392 4.642929 4.482463 4.208119 4.003737 3.735702 3.708986 3.998063
3.032198 3.021834 2.938587 2.914152 2.849115 2.811398 2.848242 2.878383 2.837301 2.776423 2.730621 2.643282 2.512658 2.411394 2.47618 2.641257 2.984985 3.335017 3.48572 3.54897 3.671838 3.427991 3.707251 4.086937 4.392234 4.434862 4.511646 4.575752 4.492741 4.185043 3.792009 3.614765 3.536384 3.68666 3.829158 3.980809 3.882802 3.939192 4.298668 4.38782 4.507681 4.567259 4.623799 4.547516 4.417422 4.36513 4.305843 4.483929 4.371695 4.325133 4.185813 4.142256 4.255387 4.400012 4.527222 4.545771 4.655684 4.612586 4.47434 4.446311 4.180372 3.675173 3.674403
2.976123 2.939584 2.98291 2.967123 2.936902 2.850833 2.831372 2.87922 2.8981 2.850575 2.810158 2.776782 2.684096 2.526552 2.460426 2.61567 2.996603 3.339397 3.553367 3.828862 4.108668 3.865978 3.926161 4.166399 4.431905 4.392694 4.18274 3.936525 3.44411 3.184498 3.077574 3.21788 3.49892 3.869957 4.120397 4.274404 4.283806 4.327696 4.526463 4.605114 4.597545 4.431361 4.340125 4.264703 4.272272 4.400694 4.523657 4.505638 4.302444 4.230751 4.054072 3.886862 3.601999 3.540793 4.052566 4.244783 4.441297 4.558838 4.741395 4.723008 4.59912 4.120877 3.555959
2.906428 2.92707 2.940804 2.991794 3.028665 2.999591 2.871525 2.847191 2.936215 2.929524 2.897589 2.912264 2.897331 2.792174 2.718368 2.765433 2.995768 3.251973 3.536846 3.90531 4.241001 4.081756 4.093199 4.324179 4.360522 3.982014 3.503981 2.820024 2.391017 2.4146 2.816554 3.281618 3.512406 3.777199 4.180474 4.467877 4.746828 4.673325 4.541608 4.502633 4.329514 4.20682 4.103966 4.023924 4.002398 4.03468 3.953521 4.073809 3.958746 3.864437 3.740052 3.228616 2.889398 2.335339 2.536643 2.721697 3.156012 3.38307 3.790002 4.350898 4.477017 4.307746 3.642799
2.949806 2.934313 2.918752 2.937772 2.957197 3.051692 3.002847 2.859994 2.91745 2.963243 2.999895 3.046335 3.156655 3.211524 3.23239 3.224423 3.259722 3.440203 3.74917 4.054133 4.278888 4.150032 4.155706 4.261314 4.141241 3.709562 3.023247 2.601103 2.649182 3.213904 3.653196 3.831696 3.792872 3.783896 4.02049 4.184888 4.419589 4.625899 4.522533 4.384218 4.14471 3.941958 3.876628 3.833968 3.760787 3.556886 3.264896 3.154402 3.039978 2.894601 2.804657 2.604358 2.399686 2.494781 2.552331 2.411525 2.446476 2.6386 2.827849 3.33327 3.579977 3.812117 3.596052
2.96621 2.912514 2.960696 2.956462 2.940683 3.0965 3.148345 3.001166 2.990666 3.05511 3.104392 3.224394 3.393449 3.65598 3.857229 3.846396 3.853222 3.872713 4.111488 4.339848 4.426085 4.405192 4.367994 4.284856 3.839389 3.249613 2.946391 3.338717 3.980749 4.245679 4.239253 4.168459 4.112291 3.780543 3.692884 3.804381 3.848318 3.944266 4.076494 4.111964 3.788587 3.592932 3.421013 3.314848 3.273877 3.335468 3.075729 2.84886 2.470714 2.185647 2.166893 2.338747 2.743209 3.269186 3.450286 3.507884 3.415203 3.213988 3.051648 3.169936 3.552304 4.102588 3.982058
3.111848 3.126531 3.126088 3.110616 3.035573 3.157379 3.297305 3.310087 3.204722 3.293873 3.324636 3.464432 3.628617 3.856116 4.154404 4.384123 4.597281 4.543895 4.469617 4.624254 4.663099 4.589139 4.389163 4.043112 3.356011 3.072093 3.419691 4.062416 4.516782 4.631327 4.481737 4.259602 4.083461 3.86696 3.750485 3.589806 3.456709 3.319108 3.294833 3.46991 3.401177 3.073524 2.922529 2.854282 2.787205 2.949056 2.977971 2.756533 2.514579 2.446502 2.671684 2.931359 3.347993 3.684427 3.888202 4.020061 4.133051 4.253181 4.30277 4.39257 4.742205 4.708067 4.124355
3.301669 3.42832 3.382782 3.333923 3.279829 3.268505 3.520707 3.698416 3.610002 3.665228 3.667486 3.755641 4.00269 4.203444 4.489187 4.862955 5.154593 5.160411 4.981345 4.949766 4.8433 4.613522 4.179887 3.573704 3.321304 3.710736 4.355952 4.628001 4.753736 4.694483 4.477139 4.22914 4.071063 3.963411 3.899777 3.738883 3.557757 3.426768 3.149304 2.849181 2.696192 2.635901 2.532214 2.592995 2.771495 3.042329 3.148575 3.1424 3.512613 3.478203 3.489308 3.657914 3.771829 3.950083 4.240442 4.365382 4.477972 4.596061 4.65677 4.611138 4.544891 4.155447 3.840764
3.542169 3.587699 3.597492 3.578272 3.619646 3.609606 3.802761 4.046827 4.158147 4.180231 4.284221 4.263969 4.533628 4.770419 4.973555 5.236947 5.445441 5.532988 5.414272 5.236864 4.870956 4.442754 4.048238 3.827867 4.230499 4.655633 4.844659 4.811864 4.662606 4.501575 4.328526 4.186468 4.093863 4.006079 3.859529 3.745434 3.624467 3.446877 3.023621 2.758251 2.552495 2.552515 2.816844 3.370119 3.517162 3.535419 3.501825 3.887403 4.174654 4.176454 4.002843 4.05857 4.092103 4.196948 4.309258 4.395051 4.393755 4.332117 4.259217 4.102945 4.05353 3.31294 4.086567
3.737541 3.799745 3.843259 3.929017 4.003305 3.886995 3.92102 4.133645 4.517857 4.695354 4.760062 4.875777 5.011521 5.276031 5.477583 5.673217 5.70052 5.725498 5.668801 5.389293 5.038887 4.841793 4.741446 4.882361 5.047408 5.119996 4.904838 4.482259 4.138134 3.934032 3.929289 3.970093 3.987492 3.883137 3.677318 3.535299 3.390581 3.289046 3.112416 3.083946 3.10586 3.198406 3.696218 3.851876 3.773179 3.863616 4.009657 4.241503 4.386423 4.582032 4.379058 4.379437 4.258168 4.097197 4.026468 3.979147 3.964232 3.905629 3.830167 3.704979 3.767223 3.491328 4.019821
3.549713 3.874628 4.157676 4.364995 4.372662 4.220119 4.117573 4.095125 4.344091 4.609985 4.810102 5.100867 5.388266 5.580837 5.80106 6.078662 6.169008 6.069999 6.053611 5.967097 5.868773 5.862856 5.864851 5.797215 5.678796 5.35151 4.787902 4.313802 3.919702 3.792053 3.860101 3.902388 3.943254 3.897291 3.790679 3.63421 3.505794 3.218319 3.109181 3.241617 3.482271 3.69395 3.671294 3.507911 3.457784 3.384927 3.673445 4.272235 4.630375 4.838397 4.879149 4.739704 4.541007 4.160093 3.916847 3.810169 3.906848 4.018357 4.111345 4.102547 3.939231 3.648168 4.00634
3.040069 3.495765 4.013428 4.354324 4.412498 4.292619 4.215561 4.263384 4.372324 4.527748 4.770078 5.126633 5.524745 5.706906 5.895521 6.230881 6.514773 6.581311 6.558316 6.534433 6.704765 6.855128 6.914793 6.576978 6.044039 5.287813 4.752353 4.452749 4.361574 4.362762 4.317196 4.221106 4.113995 4.111772 4.106581 3.946457 3.725193 3.364143 3.314984 3.312248 3.380578 3.402406 3.222686 3.236823 3.284652 3.530003 3.542853 4.018508 4.711491 5.162236 5.383673 5.393033 5.212483 4.934741 4.799502 4.744521 4.746585 4.757742 4.797437 4.761033 4.505356 3.676675 3.797162
2.991595 3.080969 3.335227 3.791422 4.176655 4.351509 4.181425 4.230873 4.459393 4.695934 4.926646 5.205795 5.494614 5.742612 5.905724 6.015748 6.452551 6.81824 6.614064 6.589709 6.772326 6.832581 6.851317 6.648861 6.23517 5.728876 5.294055 5.058966 5.039953 4.962908 4.765527 4.531295 4.301595 4.136833 3.942255 3.898314 3.608225 3.383009 3.360344 3.217168 3.242144 3.146846 3.145943 3.374986 3.742836 4.120939 4.052418 3.832278 4.53799 5.191647 5.69008 6.115511 6.378618 6.360249 6.254489 5.971059 5.619107 5.358661 5.134448 4.946095 4.755305 3.770508 3.734483
3.451967 3.342369 3.326394 3.457709 3.870465 4.45465 4.625451 4.586225 4.753488 5.028402 5.283249 5.43221 5.500228 5.562571 5.611582 5.649453 5.815991 6.334763 6.58403 6.515545 6.517592 6.434328 6.489824 6.466295 6.365872 6.401501 6.175866 5.881757 5.725581 5.495466 5.136739 4.79386 4.502751 4.234429 4.041581 3.829728 3.563792 3.526454 3.560447 3.312192 3.255156 3.34936 3.623986 3.960654 4.324656 4.742617 4.941192 4.59959 4.539366 4.992023 5.5209 6.119868 6.531339 6.859248 6.887802 6.636279 6.152161 5.639192 5.294115 5.034454 4.789271 3.683131 3.750152
4.176025 3.912006 3.963089 3.953212 4.079754 4.451928 4.844472 5.117723 5.157815 5.233183 5.390878 5.526644 5.539957 5.442469 5.227089 5.100817 4.812537 5.298964 5.785456 5.991758 6.179824 6.261697 6.404163 6.525452 6.366921 6.400041 6.493801 6.504479 6.297029 6.075168 5.860652 5.50163 5.15671 4.805257 4.415398 4.11822 3.847159 3.869878 3.862527 3.697729 3.694952 3.965735 4.275941 4.45889 4.763877 5.20832 5.570407 5.675656 5.35297 5.363055 5.538414 5.831308 6.005065 6.079905 6.111042 5.993457 5.725362 5.489233 5.28285 5.115222 4.933858 3.71894 3.556468
4.879385 4.760244 4.655987 4.71568 4.698146 4.811477 4.999787 5.264269 5.267904 5.231813 5.305333 5.429275 5.406944 4.97811 4.74086 4.513783 4.374562 4.248529 4.859343 5.364559 5.713043 5.82822 5.995231 6.164399 6.285448 6.321557 6.56976 6.717831 6.815391 6.689517 6.297581 5.767189 5.210464 4.564384 4.196825 4.061985 4.097445 4.228221 4.311966 4.29128 4.397506 4.623735 4.862754 4.936163 4.989677 5.283721 5.677092 5.929607 6.103244 6.058343 5.870214 5.849331 5.762129 5.450765 5.191607 5.02446 4.988434 4.972798 4.978328 5.041583 5.063147 4.192813 3.578279
5.40108 5.502522 5.351039 5.151315 5.014628 4.932018 4.980589 5.038211 5.155718 5.136478 5.166725 5.142296 5.026878 4.790297 4.359136 4.09093 3.97908 3.616741 3.846418 4.588092 5.143578 5.382351 5.451122 5.525156 5.570053 5.847078 6.300596 6.719903 6.91818 6.632884 5.836589 4.962631 4.364617 3.98994 3.938972 4.055056 4.353028 4.552754 4.725659 4.81478 4.997767 5.153975 5.244612 5.166629 4.927436 4.85142 5.091337 5.314415 5.694047 6.042138 6.161057 6.05388 5.720773 5.377916 4.970643 4.602212 4.425232 4.42697 4.430988 4.412761 4.448566 4.08342 3.903285
5.583072 5.593649 5.451346 5.260757 5.045286 4.908528 4.810896 4.816482 4.99531 5.156829 5.181446 5.196218 5.044086 4.862579 4.78293 4.44764 4.06216 3.832659 3.324484 3.530519 4.349048 4.945451 5.289226 5.474926 5.452746 5.790183 6.238636 6.520475 6.389653 6.072599 5.515276 4.971369 4.432521 4.282187 4.248382 4.345642 4.500776 4.795853 4.926258 5.226485 5.44347 5.504649 5.367824 5.12137 4.858913 4.604576 4.523074 4.532507 4.730251 5.520818 5.852697 5.685801 5.323534 4.956795 4.661332 4.397853 4.282303 4.232338 4.187333 3.947892 3.712491 3.944436 4.082214
