py_wake/examples/data/AJ_ParqueFicticio/Rough survey   Sector 10   Height 30m   Weibull-A.grd
DSAA
73  159
 258469   265669
 6501692   6517492
 .2976033   13.27785
[rows 56 to 83 of 159, columns 0 to 62 of 73]
6.834574 6.823208 6.883782 6.926981 7.005065 6.895201 6.805726 6.751812 6.723888 6.682965 6.672384 6.631817 6.605554 6.55675 6.365642 6.357089 6.370248 6.377045 6.373722 6.403243 6.243953 6.045705 6.109933 6.197566 6.212535 6.210625 6.112841 5.884003 5.966592 6.56358 7.525435 7.167067 6.158888 6.177791 6.705058 7.105787 7.530337 6.955092 5.747797 5.392729 6.306256 6.689049 6.451229 6.242782 6.122767 6.541556 6.649416 6.336613 6.830469 7.814735 9.081738 10.25866 9.85293 7.778269 5.946634 7.359799 9.763669 10.36193 9.087425 7.120872 5.234875 5.46085 7.898515
6.77523 6.790238 6.876185 6.907537 7.014498 6.870225 6.778563 6.755526 6.713295 6.67786 6.635938 6.590454 6.535107 6.4943 6.385055 6.346725 6.342862 6.344299 6.342656 6.379907 6.333336 6.22455 6.185082 6.189907 6.210917 6.202415 6.116075 5.821219 5.86922 6.680213 7.821154 7.17981 6.398423 6.267096 6.768881 7.071671 7.454882 6.99947 6.147901 5.704542 6.224024 6.60734 6.584952 6.407393 6.607718 6.97929 6.89107 6.273665 6.416586 7.304571 8.850707 9.77774 9.547965 7.433093 5.792181 7.368635 9.796377 10.30873 9.080956 7.014784 5.424394 5.098827 6.88926
6.71758 6.740591 6.870028 6.883932 6.9404 6.832263 6.710038 6.676563 6.644611 6.612424 6.568131 6.519565 6.487833 6.478936 6.457139 6.402272 6.35521 6.321217 6.295388 6.351314 6.363467 6.340581 6.298501 6.159492 6.193276 6.177119 6.077291 6.094292 5.980602 6.68633 7.849181 7.210927 6.632643 6.381254 6.723835 7.09481 7.554895 7.093204 6.42884 5.956244 6.215956 6.331031 6.286322 6.490211 6.93177 7.241633 7.159792 6.458274 6.30784 7.036127 8.415434 9.171996 9.177012 7.400982 5.874051 7.435112 9.419775 10.15798 9.260948 7.425042 5.568126 4.668937 6.192106
6.708889 6.810211 7.046156 7.058945 6.88134 6.819213 6.653276 6.615468 6.594687 6.559137 6.525071 6.50154 6.450013 6.444086 6.457721 6.435682 6.393474 6.353527 6.294857 6.340064 6.344756 6.326591 6.31203 6.212561 6.175279 6.150214 6.196497 6.353574 6.301881 6.721306 7.467505 7.344555 6.885219 6.385567 6.705561 7.150609 7.566322 7.282611 6.64737 6.163579 6.102433 6.119227 5.993183 6.49959 7.274221 7.425555 7.348768 6.812727 6.341471 6.524054 7.745901 8.457153 8.785392 7.344487 6.064107 6.998705 8.915609 9.881698 9.216375 7.739098 6.103766 4.560665 6.024064
6.700537 6.888587 7.146305 7.165811 6.899347 6.675173 6.606263 6.571983 6.569396 6.548765 6.522089 6.487204 6.439613 6.394247 6.417798 6.394096 6.343555 6.299456 6.341512 6.39797 6.403795 6.314042 6.282499 6.22023 6.138883 6.086926 6.280631 6.42069 6.769093 7.123298 7.404416 7.203721 6.917278 6.60058 6.614428 7.178716 7.410817 7.359242 6.871222 6.352549 6.081642 5.888904 5.934357 6.503903 7.385616 7.507703 7.410337 7.203449 6.745629 6.383604 6.658524 7.542978 8.32637 7.474255 6.124919 6.511271 8.495423 9.655079 8.965733 7.618739 6.331672 5.092099 5.627361
6.889513 7.09358 7.168252 7.08281 6.870758 6.680713 6.50527 6.503181 6.565093 6.551866 6.529431 6.506962 6.446626 6.403561 6.399461 6.370345 6.318142 6.286093 6.386561 6.437195 6.49775 6.332643 6.277591 6.209616 6.08188 6.093227 6.228822 6.615092 7.049649 7.416328 7.63896 7.323331 6.965952 6.806973 6.762813 7.192783 7.292168 7.181876 6.809764 6.486257 6.213378 5.792718 5.632748 6.500875 7.226604 7.507955 7.342529 7.525588 7.611357 6.870053 6.184629 6.469892 7.747443 7.803194 6.437369 6.221289 8.235795 9.30234 8.818439 7.486755 6.409589 5.700519 5.495904
6.984003 7.211796 7.06918 6.988227 6.805838 6.628775 6.462518 6.478996 6.529047 6.543957 6.536263 6.494511 6.421659 6.396264 6.37285 6.334618 6.277074 6.2282 6.359363 6.415479 6.488744 6.40808 6.320082 6.201828 6.050766 6.121367 6.137829 6.704741 7.174588 7.62948 7.886379 7.359442 7.061755 7.246792 7.222049 7.291147 7.289297 7.083325 6.700082 6.463502 6.128223 5.738447 5.577282 6.015413 7.178397 7.347123 7.257773 7.431203 7.98108 7.857072 6.564443 5.792595 7.243686 7.631788 6.976444 6.136981 7.468545 8.832394 8.583442 7.438499 6.383035 6.0979 5.813594
7.015769 7.154991 7.043067 6.936011 6.787818 6.644871 6.553369 6.543818 6.534973 6.5347 6.541438 6.476586 6.452131 6.427783 6.393937 6.343403 6.266875 6.167677 6.276458 6.348571 6.428581 6.39415 6.327427 6.195698 6.132564 6.231501 6.238947 6.591815 7.172799 7.679737 7.873222 7.536985 7.327529 7.440566 7.590719 7.502312 7.377133 7.0833 6.678922 6.34371 6.012334 5.648454 5.47975 5.853531 6.781576 7.374197 7.174137 7.362439 7.974853 8.269101 7.64339 6.041235 6.236722 6.995447 7.142713 6.426721 6.805112 8.145594 8.180178 7.255627 6.303311 6.071249 6.121239
6.977109 7.069793 6.962749 6.898005 6.817384 6.722653 6.684867 6.676356 6.603849 6.516418 6.519618 6.512851 6.478022 6.448284 6.401574 6.339602 6.233382 6.241656 6.307584 6.329662 6.346653 6.435444 6.378401 6.227244 6.192464 6.202469 6.320913 6.629129 7.257096 7.776271 7.818152 7.561504 7.432184 7.499749 7.70449 7.683295 7.510653 7.194985 6.832498 6.477178 6.151141 5.784468 5.591703 5.631371 6.660785 7.140117 7.123424 7.306742 7.729611 7.960418 8.022264 6.881796 6.038685 5.975296 6.589978 6.690638 6.587718 7.343976 7.633573 6.967048 6.354978 6.271369 6.143081
6.881114 6.995052 6.897533 6.852949 6.820974 6.784623 6.767658 6.792976 6.703108 6.505905 6.510993 6.503857 6.484343 6.467196 6.411469 6.325799 6.220551 6.295361 6.31774 6.308698 6.399486 6.529919 6.509021 6.277748 6.231707 6.198233 6.260114 6.613585 7.166872 7.550433 7.851273 7.424513 7.43082 7.776246 7.803652 7.78217 7.672921 7.192798 6.823478 6.710918 6.361537 5.9063 5.67589 5.611975 6.343775 6.784072 6.882191 7.229055 7.31766 7.395927 8.029035 8.054909 7.025407 5.473805 5.685268 6.306269 6.524992 6.929391 7.095835 6.785036 6.636201 6.380874 6.041084
6.789557 6.872145 6.822379 6.797982 6.800865 6.803485 6.814278 6.783372 6.614694 6.44729 6.467192 6.467904 6.446989 6.433241 6.390225 6.308301 6.281197 6.317225 6.317493 6.26835 6.40081 6.592168 6.464317 6.378627 6.380353 6.30862 6.470741 6.822232 7.040138 7.365297 7.520774 7.371682 7.378153 8.04505 7.896254 7.860734 7.902203 7.345542 6.842185 6.667363 6.285432 6.119088 5.856489 5.72302 5.878415 6.010031 6.447365 7.340753 7.278996 6.690341 7.785635 8.474883 7.807306 6.217493 4.965363 5.266675 6.142759 6.586065 6.869306 7.113979 7.154787 6.887576 6.069449
6.756571 6.772849 6.760546 6.764579 6.769851 6.805259 6.858826 6.785814 6.660721 6.524496 6.488055 6.472805 6.450774 6.401252 6.330281 6.359919 6.357234 6.317386 6.264417 6.319851 6.395094 6.546426 6.509792 6.484384 6.477222 6.475614 6.651362 6.942076 7.166389 7.382323 7.361288 7.28225 7.264796 7.917167 7.967367 7.835258 7.930657 7.748792 7.035897 6.752583 6.320056 6.225068 6.061267 5.773552 5.546897 5.527688 6.027365 7.221033 7.234418 6.366614 7.351345 8.604683 8.064021 7.024633 5.461951 4.504887 5.40105 6.26566 6.707178 7.173424 7.258111 7.207844 6.652205
6.734869 6.708656 6.720366 6.753885 6.794578 6.857892 6.859344 6.788236 6.715046 6.605392 6.525414 6.475381 6.423754 6.372181 6.3684 6.441684 6.422588 6.358911 6.254697 6.291192 6.323149 6.359909 6.418085 6.460553 6.467939 6.791883 6.978208 6.942286 7.211219 7.451587 7.398698 7.257786 7.194061 7.641367 8.051229 7.838211 7.881789 7.910908 7.294175 7.010388 6.851766 6.55542 6.246353 6.059712 5.587831 5.450855 5.827155 6.966296 7.052868 6.209563 7.31302 8.382741 8.068159 7.14449 5.888051 4.382425 4.559798 5.815721 6.75226 7.252029 7.37778 7.484131 6.869347
6.74676 6.684028 6.599416 6.67374 6.78531 6.934211 6.849263 6.808799 6.765237 6.69525 6.603206 6.4951 6.383528 6.324262 6.513419 6.586619 6.513867 6.350183 6.27495 6.239236 6.215811 6.156534 6.330607 6.414739 6.6902 6.990365 7.039936 7.185673 7.397266 7.639786 7.606643 7.287612 7.088769 7.399514 7.829636 7.835899 7.834498 7.774809 7.360743 7.221667 7.050486 6.966079 6.83318 6.385187 5.907812 5.404762 5.612372 6.352934 6.638347 6.269569 6.874076 7.858925 7.712868 6.825251 5.908479 4.569989 4.384986 5.591909 6.64932 7.216206 7.415951 7.310708 6.969205
6.752246 6.672661 6.467516 6.588558 6.773801 6.93569 6.843051 6.823577 6.814936 6.771302 6.689253 6.569401 6.368288 6.340444 6.504008 6.661924 6.442885 6.299023 6.260767 6.232823 6.168977 5.987307 6.352538 6.491489 6.862606 7.032529 7.111641 7.23621 7.593 7.909857 7.854039 7.537478 7.056745 7.165232 7.507157 7.762069 7.738727 7.62887 7.487159 7.467282 7.504513 7.201026 7.063913 6.570464 6.280786 5.652507 5.700809 6.060666 6.346457 6.444292 6.697133 6.838814 7.121179 6.625269 5.624523 4.6252 4.405252 5.481053 6.465209 6.997549 7.23069 7.138036 6.87792
6.834078 6.713081 6.513734 6.485704 6.698602 6.857205 6.777597 6.796315 6.827994 6.828362 6.72633 6.510673 6.333243 6.334417 6.415227 6.596572 6.467817 6.367265 6.289807 6.209885 6.0778 6.081871 6.394136 6.729958 6.982458 7.042849 7.180916 7.265191 7.66995 8.137998 8.228077 7.659361 7.068595 7.061357 7.293547 7.572037 7.583423 7.473915 7.437483 7.475317 7.637072 7.295425 6.927676 6.674472 6.47961 6.092008 5.76763 5.935224 6.27457 6.673585 6.805927 6.514272 6.74496 6.594288 5.497071 4.424276 4.528529 5.506367 6.358984 6.728559 7.084347 7.008539 6.780671
6.863385 6.633389 6.431082 6.460831 6.592089 6.697322 6.650892 6.734694 6.823977 6.849595 6.664656 6.538569 6.462015 6.4084 6.398382 6.509822 6.437517 6.397349 6.327324 6.221897 6.02639 6.126429 6.35498 6.728421 6.998043 7.021528 7.175442 7.33363 7.694351 8.302246 8.499686 7.905728 7.302266 7.276636 7.303653 7.392414 7.308012 7.300116 7.353179 7.389604 7.588758 7.406031 6.947022 6.799512 6.579657 6.279105 5.95372 5.799366 6.270069 6.653358 6.853868 6.635192 6.953712 7.321101 5.852437 4.116469 4.091556 5.260292 6.01571 6.52725 6.978808 6.874241 6.687998
6.748014 6.618092 6.561667 6.599204 6.603107 6.564831 6.479764 6.690181 6.913233 6.851385 6.74498 6.655308 6.62657 6.573039 6.445701 6.404063 6.385944 6.367118 6.304375 6.203596 6.028011 6.135991 6.342331 6.661894 6.922917 6.947809 7.040485 7.268651 8.009722 8.634623 8.626542 8.207993 7.692111 7.43765 7.382804 7.286453 7.150813 7.099858 7.171773 7.300255 7.439116 7.515694 7.116955 6.980669 6.663441 6.402431 5.684993 5.584403 5.941483 6.357064 6.544831 6.690124 7.182672 7.822648 6.949201 4.575936 4.02335 4.54417 5.543761 6.379323 6.799436 6.79415 6.528684
6.77142 6.68937 6.65469 6.706192 6.782973 6.515436 6.257701 6.646379 6.993636 6.85077 6.780544 6.726743 6.715797 6.755846 6.537874 6.298942 6.264949 6.321445 6.289885 6.2013 6.010073 6.161844 6.348178 6.649957 6.856239 6.877667 6.878269 7.173735 8.062056 8.950747 8.655762 8.313092 7.992747 7.648548 7.488091 7.303464 7.126825 6.976162 7.012575 7.175517 7.324131 7.24137 7.091029 7.14804 6.725821 6.731939 5.832537 5.390012 5.717385 6.22551 6.214255 6.393651 7.049402 7.511252 7.266275 5.275236 4.274782 4.395599 4.829932 5.99066 6.61187 6.629975 6.368731
6.78209 6.727483 6.681911 6.687283 6.756402 6.469446 6.265203 6.585479 6.900363 6.786875 6.722287 6.693285 6.683335 6.75958 6.525092 6.243067 6.230407 6.287192 6.264772 6.21317 6.104657 6.22567 6.380596 6.665641 6.829556 6.838066 6.774424 7.119108 7.90616 9.011921 8.839388 8.48844 8.109482 7.714131 7.452846 7.282987 7.184048 7.049078 6.921467 7.078235 7.151193 7.035178 6.924044 7.082001 6.66924 6.490862 6.280299 5.624258 5.842356 6.104881 6.149551 6.27442 6.725796 7.048459 6.751166 5.779979 4.838344 4.522972 4.425352 5.272731 6.133687 6.158294 5.847105
6.747305 6.702639 6.667415 6.641129 6.615714 6.474551 6.374481 6.534592 6.765182 6.748678 6.691471 6.648925 6.658442 6.684846 6.521641 6.249557 6.210726 6.235778 6.184517 6.171146 6.343349 6.432371 6.419296 6.623982 6.740605 6.766568 6.729186 7.087794 7.739577 8.942182 9.002658 8.589102 8.064887 7.623346 7.297625 7.131691 7.224277 7.13631 6.747548 6.961547 7.194264 6.76545 6.631097 6.760817 6.476893 6.488425 6.324974 5.918594 5.947793 5.934472 6.031463 6.192292 6.449699 6.618019 6.299522 6.035054 5.405282 4.971298 4.491014 4.838172 5.463876 5.529255 5.329267
6.721631 6.673389 6.601782 6.547691 6.534976 6.586678 6.552793 6.595658 6.689539 6.713927 6.692032 6.656667 6.644111 6.616862 6.539489 6.405849 6.286995 6.206638 6.109924 6.228107 6.383762 6.501018 6.704402 6.741458 6.6827 6.746022 6.801057 7.170843 7.877153 9.075088 9.166625 8.690794 8.039055 7.604399 7.259072 7.089559 7.284179 7.158368 6.71579 6.914057 6.956352 6.591928 6.500998 6.613775 6.592578 6.752021 6.749737 6.405752 6.288997 5.627017 5.842463 6.047136 6.343016 6.568973 6.347518 6.537291 6.077837 5.389322 5.156026 4.899459 4.790346 5.016241 4.968686
6.693747 6.633817 6.563861 6.50765 6.495964 6.603886 6.653443 6.671937 6.63808 6.644535 6.632742 6.618184 6.627511 6.598832 6.566154 6.516019 6.410037 6.248206 6.077492 6.204948 6.280238 6.54042 6.893657 6.785975 6.732993 6.669754 6.94076 7.374871 8.313521 9.132809 9.298485 8.514433 7.906606 7.586962 7.322564 7.156707 7.224525 7.187333 6.857553 6.801445 6.451787 6.412858 6.555974 6.850688 6.846314 6.845428 6.765059 6.691709 6.761997 5.79381 5.657042 5.870598 6.222266 6.645832 6.730374 6.891968 6.462052 5.817768 5.526908 5.169967 4.72895 4.683421 4.872685
6.75753 6.668213 6.567415 6.468088 6.417556 6.607247 6.701548 6.735599 6.641231 6.613676 6.608015 6.589595 6.587689 6.597016 6.584659 6.549022 6.465129 6.243121 6.110121 6.228767 6.204687 6.418063 6.72926 6.731547 6.636682 6.679979 6.917669 7.771241 8.968161 9.550615 9.184249 8.311377 7.619124 7.422869 7.225525 7.051388 7.17663 7.09694 6.7595 6.739793 6.38501 6.436221 6.739546 6.870966 6.990746 6.868907 6.724485 6.563471 6.263616 5.873406 5.784534 5.83494 6.148853 6.613894 6.942646 6.972186 6.519768 6.32639 5.813535 5.224738 4.700271 4.703911 4.58199
6.753337 6.717977 6.608465 6.385483 6.529829 6.657089 6.797808 6.713177 6.691079 6.647432 6.576582 6.511921 6.528265 6.588966 6.553912 6.493924 6.404004 6.279956 6.305888 6.341514 6.256954 6.448985 6.56971 6.614315 6.498883 6.687032 7.116774 8.162156 9.352272 9.747201 9.098744 8.248205 7.481302 7.348313 7.207082 7.036306 7.06026 6.67007 6.564153 6.507478 6.444746 6.552634 6.733703 6.771552 6.903343 6.778132 6.484694 6.256316 6.209812 6.02663 5.933037 5.953536 6.138205 6.459947 6.762342 6.986627 6.511474 6.293932 5.606496 4.986755 4.68249 4.518354 4.318131
6.705061 6.68974 6.51179 6.395154 6.486096 6.635246 6.76937 6.747928 6.735226 6.730898 6.690959 6.515049 6.466731 6.53196 6.507923 6.421167 6.387685 6.407899 6.426411 6.338319 6.400525 6.565624 6.596133 6.58773 6.488448 6.64389 7.197508 8.342595 9.418607 9.713151 9.030285 8.103985 7.332294 7.335506 7.234323 7.042933 6.822233 6.417967 6.399758 6.534453 6.744132 6.933841 6.945576 6.856518 6.843605 6.688945 6.274703 6.099874 6.0547 6.040058 6.057707 6.130495 6.262129 6.492564 6.762592 7.001164 6.379097 6.009045 5.438041 4.855707 4.598247 4.311119 4.11947
6.635806 6.624928 6.597824 6.504662 6.492526 6.569154 6.706922 6.732514 6.74387 6.751495 6.742871 6.490753 6.380292 6.414436 6.390116 6.341473 6.298962 6.359707 6.433746 6.475163 6.509619 6.579176 6.671805 6.656519 6.656547 6.74672 7.285153 8.371511 9.331379 9.582915 8.747522 8.050194 7.433469 7.374842 7.331938 6.891099 6.692837 6.195768 6.329107 6.685901 7.15054 7.168652 6.979061 6.761849 6.712801 6.518003 6.105498 5.951825 5.941855 5.993508 6.0887 6.227644 6.389853 6.579573 6.842076 6.87051 6.357527 5.925179 5.357584 4.828335 4.54511 4.197169 3.927073
6.666129 6.553626 6.560943 6.556652 6.541742 6.553559 6.669327 6.716997 6.732972 6.758232 6.711901 6.561473 6.45988 6.44957 6.44403 6.332625 6.222975 6.265115 6.275291 6.445825 6.54667 6.578421 6.621262 6.737043 6.850694 7.262203 7.778499 8.508873 9.161688 9.302317 8.559955 8.070674 7.693781 7.3386 7.490612 6.75699 6.419399 6.09958 6.385278 6.90571 7.209723 7.218485 6.78733 6.460351 6.673062 6.397459 5.94359 5.857417 5.824533 5.872619 6.076159 6.279449 6.467009 6.652037 6.959895 6.684415 6.287955 5.867071 5.277433 4.76837 4.385744 4.060478 3.66705
