py_wake/examples/data/AJ_ParqueFicticio/Rough survey   Sector 1   Height 30m   Power density.grd
DSAA
73  159
 258469   265669
 6501692   6517492
 .05552515   496.3947
[rows 28 to 55 of 159, columns 0 to 62 of 73]
47.07482 47.55862 47.45141 47.42957 47.40601 47.2887 47.50584 47.68819 48.84602 49.08487 49.17884 49.25526 48.91759 48.67653 48.79768 49.17025 48.98487 48.72467 48.64666 48.4665 48.18309 48.21909 47.47766 47.82913 48.34397 47.57923 47.13607 45.44075 45.58551 45.03365 43.71494 42.60874 39.20913 35.19835 36.55946 41.12296 43.76853 41.51643 40.44865 37.00873 34.63492 34.36306 34.55792 35.46589 37.9135 39.06331 37.28922 34.5022 33.94979 35.02419 36.48148 42.42609 51.90964 58.32771 50.86638 53.52727 63.18103 70.50455 66.16615 56.0458 42.64081 34.31656 26.52807
46.316 46.79714 47.05984 47.25796 47.24288 47.42291 47.6827 47.74967 48.58513 49.24866 49.35061 49.53756 49.81336 49.57427 49.56014 49.69119 49.49353 49.34784 49.46315 49.38941 49.83197 49.02247 48.13977 48.17196 48.58876 48.30449 47.77525 46.54924 46.20816 46.15459 45.81998 44.74178 43.2122 41.64651 46.48271 49.31866 45.93456 44.22152 43.25123 40.353 37.67429 37.11405 36.81846 35.25231 37.68642 42.10704 47.77049 52.21931 59.28912 65.30592 64.74806 60.36458 62.17957 69.61542 72.64877 77.08561 89.31931 85.14117 77.96803 68.17111 54.81749 42.16137 33.37122
45.8154 46.27574 46.39215 46.85666 47.10011 47.2026 47.41487 47.34514 47.95403 48.35685 48.86801 49.01146 48.74131 48.10777 49.0582 49.63508 49.55938 49.54801 49.94733 49.68414 50.00187 49.48039 48.98738 48.77216 49.25262 49.0555 48.42382 47.76415 47.31282 48.13768 48.62211 48.79086 49.21939 45.09803 46.1272 44.78809 45.09045 46.08712 45.8381 44.41542 39.96099 38.14075 39.42807 40.10053 38.24297 41.62865 51.53015 66.71857 85.41379 105.6965 116.7073 117.2873 102.1886 96.26953 102.3098 95.54552 88.39277 72.9326 60.71481 50.68482 42.02947 38.1797 37.56434
45.31026 45.80756 46.12481 46.58814 46.58115 46.63292 46.82402 46.85637 47.18687 47.69383 47.99054 48.11176 48.083 47.92788 48.53022 49.30739 49.71441 49.65858 49.5784 49.65817 50.18099 49.82621 49.78752 49.50162 49.52869 49.60388 49.29396 48.82288 48.59182 49.96722 48.96348 48.2289 46.2749 46.00158 46.12916 44.76107 44.36871 46.22464 46.1573 45.32816 43.15228 40.6106 42.06633 43.14583 45.22035 44.86707 45.61132 54.66123 71.28616 91.49013 116.7618 134.9954 143.6737 131.4706 111.5394 93.96783 74.73724 58.13843 42.84865 36.53231 35.93593 33.16449 44.11021
45.16454 45.68033 45.87053 46.27746 46.31652 46.44889 46.21121 46.33924 46.73225 47.05912 47.32479 47.32057 47.12426 47.95106 48.35592 48.96974 49.68556 49.77045 49.64641 50.17943 50.40345 50.22646 50.30576 50.05638 49.82228 50.06206 50.08018 50.77612 50.91756 49.64533 49.39545 49.18167 47.98392 47.46891 47.41191 46.83195 44.78303 44.40749 42.59381 43.45654 43.21674 39.6726 39.47837 43.85834 46.54911 52.69059 55.73288 52.58449 49.77733 49.82862 57.33705 71.03926 90.04729 99.70553 93.62668 79.12561 63.19645 49.2117 36.33981 32.95916 33.71223 40.72771 56.53214
46.10922 45.68272 45.89799 45.85473 46.14574 46.31279 46.6017 46.65637 46.62107 46.79428 46.91064 46.65379 46.76577 47.89959 48.38422 49.27699 49.66006 49.34385 49.74715 50.31977 50.77692 50.4759 50.24741 50.33265 50.06313 50.03257 50.26646 49.87601 50.73487 50.03055 49.73825 49.65756 48.55843 47.58347 48.20743 49.65592 46.92159 43.82721 43.0107 44.49718 42.90777 41.14938 35.45141 36.00558 43.47224 48.55178 56.60764 57.71897 50.72807 40.90675 34.12604 32.68402 38.77081 51.26 64.4438 68.32431 53.85211 42.63388 37.54979 37.4954 40.96045 55.96282 72.18049
46.72651 46.00259 45.86163 45.68752 45.75534 45.63796 45.8513 46.13985 46.30255 46.48344 46.4519 46.8384 46.95837 48.64861 49.04748 49.41301 49.54684 49.32526 50.39883 51.02123 50.69691 50.33204 49.96322 50.09103 50.06628 50.29388 50.16231 50.0928 50.57784 50.26349 50.19879 50.00495 48.93019 47.7465 47.19396 49.27961 48.92828 47.15703 43.62157 43.40155 39.41733 37.91152 36.09231 31.45715 34.86367 42.48786 49.17813 53.81876 56.77314 62.0399 62.15392 57.17765 48.72984 46.5178 53.17762 60.29774 61.54244 62.88012 63.7037 63.87384 60.82775 66.35845 76.98484
46.2497 45.56223 45.43301 45.39692 45.4422 45.08527 45.20197 45.60299 45.87098 45.86974 46.05056 46.46161 47.0379 48.18944 48.74915 48.88317 49.0767 48.80433 50.82713 50.76419 50.07043 49.5038 49.41965 49.64625 49.93626 50.22474 50.3189 50.50983 50.88927 50.82734 50.50043 50.15577 49.65601 48.79572 48.21701 47.29682 49.33788 50.07095 44.8276 41.22797 36.4511 33.96446 31.75542 32.25758 31.03171 42.76948 56.70859 71.97416 87.39766 98.26089 118.2213 133.4974 134.8639 113.3775 91.32082 86.91242 89.63673 102.175 98.71669 85.82754 76.07224 84.70901 88.15882
45.06405 44.62465 44.77063 44.89566 45.25279 45.65971 46.10518 45.80006 45.40142 45.37833 45.14661 45.46834 46.07161 47.00241 47.17072 47.24914 47.31079 46.19358 47.24047 49.14586 48.51393 48.385 48.70752 49.42139 49.77985 49.89252 50.44418 50.75569 51.26348 51.45415 51.24185 50.56939 50.59935 52.44963 52.38503 50.9636 52.99902 54.42068 54.25989 51.93119 49.44791 46.06624 42.42575 40.49192 36.02512 37.00083 57.93925 87.22326 122.1642 153.54 172.0179 180.7564 183.6036 172.6088 143.8571 119.48 111.2495 114.6618 111.219 106.4577 126.2441 143.9249 142.2511
43.51389 43.39569 43.87697 44.24251 44.63297 45.477 45.52459 45.3294 45.16556 44.73621 44.62704 44.44831 44.80383 45.63022 45.77691 45.91899 45.44276 43.69541 42.66222 43.88873 45.99505 46.7126 47.73475 48.7301 48.79794 49.68522 50.29646 50.8224 51.35678 51.74907 52.27049 52.4897 53.25303 54.32652 54.77766 53.87744 54.48019 54.66026 58.23961 60.571 64.85588 73.78968 76.11894 69.381 56.28103 38.50163 37.93864 53.21592 79.27774 102.769 111.3268 117.8191 131.6449 138.5205 136.7426 128.5018 120.4904 118.521 126.4296 148.118 207.5164 249.2446 252.451
43.25851 43.02677 43.27818 43.64274 43.53236 43.37904 43.82051 44.2738 44.59533 44.70463 44.42698 43.78989 44.08297 45.42912 45.44597 45.03718 44.40727 43.16557 41.69639 41.34326 44.2996 45.49963 47.09642 48.11081 48.43551 49.5353 50.38875 50.90251 50.88092 51.2477 51.63196 52.32283 54.64404 56.08696 57.72512 57.83345 55.92041 56.79626 61.92205 64.94575 69.95814 81.43578 96.2802 105.2704 96.81472 76.21475 46.68457 35.13042 34.93998 40.70471 41.20339 43.49424 50.79393 69.35815 93.45531 104.1995 112.3257 125.6882 150.1153 205.8416 284.2313 329.4842 344.5004
43.14487 43.2089 43.23626 43.53643 43.74962 43.09679 44.29537 44.12058 44.43353 44.57309 44.77393 44.71874 46.56194 46.60581 45.723 45.41277 44.68733 44.18941 43.84337 45.5522 46.88943 46.10672 46.87328 47.77629 48.80808 49.73586 50.17559 50.47226 50.77613 51.17598 52.02441 53.24392 55.24792 57.24789 57.61965 60.85098 60.61415 63.97958 66.103 68.04595 74.17361 84.9032 101.6636 119.1338 131.9414 115.817 98.73124 74.49212 47.7496 43.62102 44.57939 49.94743 57.42835 65.18764 87.61917 113.6314 131.4892 146.8826 184.4656 231.4031 269.4767 318.7761 348.1377
43.53637 43.4511 43.24158 43.68953 44.45893 45.44932 45.59621 44.63219 44.2961 44.50697 45.33418 46.48958 48.24358 46.8399 45.81344 45.00462 44.8794 45.25632 45.57908 47.98811 48.05304 46.60969 46.28093 46.46355 47.55463 48.68868 49.2968 50.34233 51.25809 52.8307 54.58576 55.64593 56.38463 57.3214 59.02843 61.51441 63.42963 69.56019 75.38956 86.28461 102.8238 120.3688 135.3982 146.4914 160.4972 171.7178 174.1536 174.329 141.6004 108.1331 105.7327 123.355 142.9733 155.4122 155.6829 149.8538 157.547 179.7124 211.045 202.7635 203.74 228.2604 251.415
44.58821 43.45256 43.01719 43.01494 43.59169 43.56776 44.49903 44.14866 43.35056 43.3449 43.67843 43.57451 44.67419 44.44081 44.24152 44.29631 44.576 44.84097 45.3646 47.34067 47.59467 46.78074 45.60259 43.80415 43.93667 46.46952 48.57882 50.69372 51.90471 54.16794 56.13056 57.47172 58.99538 60.4091 61.75869 64.40584 69.82276 74.54054 85.34209 107.1141 133.8276 162.8497 186.1364 203.9079 216.833 254.894 278.702 279.6227 279.8381 251.1816 229.3023 214.4427 218.0056 222.9043 205.8219 188.4134 173.6708 193.2003 198.5448 157.8489 109.406 97.25829 123.3938
45.02437 43.83795 42.94997 41.94553 41.28033 42.44293 43.40738 42.39613 41.72565 41.76711 41.41863 40.54101 39.99319 41.94065 42.89569 43.12619 43.61087 43.93373 44.61838 46.13015 46.55623 46.56666 45.81911 45.42304 46.37107 47.89871 48.91883 50.4027 51.76614 54.33775 56.05661 57.91941 58.86636 62.48405 65.82667 69.39691 75.15647 81.75269 90.61018 103.0551 123.6755 135.9584 153.8872 174.0171 200.6092 227.8269 253.9045 244.6272 247.466 246.2328 242.0416 235.6257 220.1062 198.4559 164.9614 156.7097 155.0629 176.924 192.3939 154.1665 102.1422 66.07934 59.91313
44.90701 44.16515 43.14545 41.85222 40.37089 40.06118 41.73985 40.57188 40.44083 40.88704 40.9723 40.24309 41.21799 42.72779 42.75146 42.55994 42.66847 42.56124 43.1557 44.08713 44.81087 45.34901 46.30735 48.98955 50.34066 49.37775 49.21379 49.87394 50.24564 52.99971 55.67319 56.64217 59.78372 63.7777 66.51153 69.39737 73.61399 75.83987 75.67403 72.46028 79.84631 84.95363 91.59794 108.6912 119.986 116.192 90.31355 87.42393 99.00273 111.8216 123.8848 116.7689 93.42825 73.76066 75.02744 95.2186 133.5384 163.62 161.077 142.115 106.1984 69.50248 42.00896
44.90956 44.44403 43.85987 42.36881 42.31342 40.75026 39.79614 39.32225 40.32656 41.35472 42.50261 44.20898 44.39371 44.00716 42.94157 42.58685 41.72687 41.41351 41.53209 42.44798 42.79317 43.46779 44.07958 44.4821 47.37086 47.20997 47.63226 48.36949 50.03373 54.01519 55.07541 55.8161 60.61737 63.81255 63.59365 66.38052 69.98629 70.87396 67.93645 60.26826 54.1959 58.03725 61.36382 57.98974 42.53939 28.95706 24.63404 23.54978 25.62252 29.91885 30.51307 29.35893 32.2071 42.609 58.24683 84.63229 116.5194 144.7355 147.1191 123.6165 92.44675 62.33247 41.48218
44.44016 44.34673 43.90047 42.72305 43.97577 43.96876 43.09265 40.49199 40.41171 41.83631 43.46793 45.26693 45.68934 44.66254 43.41443 42.28418 41.4043 40.86593 40.56697 41.08332 41.46506 41.74174 40.92398 39.98529 40.93811 43.13935 44.37777 44.93638 46.71188 49.65313 50.86633 51.64509 56.66085 59.83546 58.9205 62.14579 66.28458 68.32847 67.18829 61.01402 51.35005 45.74516 40.33981 30.33764 24.39103 25.41857 35.73796 50.42986 55.29393 48.66326 49.39907 46.70919 52.30013 72.54284 110.9522 120.7364 120.6382 105.5347 100.5132 109.7688 105.2263 92.21445 73.28452
43.7326 43.86808 44.18786 44.08132 44.38403 44.70624 43.46559 41.2499 40.30366 40.74313 42.48664 44.05677 45.11377 44.59362 42.57681 41.29652 41.04972 40.94921 41.16413 42.56725 42.19527 41.37025 40.79941 39.8966 41.0256 42.46201 41.89253 41.73386 41.7439 42.38525 43.04889 42.79808 44.26355 50.74673 51.16164 56.29452 60.63524 63.22422 65.43022 68.38261 64.66511 56.31378 49.9061 56.29423 78.49333 108.1314 135.595 160.9989 154.4819 142.8014 121.3505 111.1452 114.6575 139.0192 168.7436 168.0077 133.9167 90.26613 61.47216 57.63171 76.05917 95.17077 103.3169
42.89362 42.81881 42.93936 42.4855 42.82408 43.35714 43.20406 41.80036 40.59754 39.7523 40.84374 42.61805 44.34418 43.46241 41.00113 39.96775 40.22296 40.97984 41.71517 43.26245 41.92633 40.96944 41.62731 43.84467 44.87395 42.46528 39.77537 38.66605 38.40123 37.80334 38.30639 38.25747 38.08043 42.43854 42.57603 48.01313 53.35821 57.69859 62.17447 69.0787 77.95636 87.05865 98.66279 112.2923 131.4609 145.5982 141.1242 121.2313 94.38574 85.20823 92.49173 126.3805 169.1147 183.1366 183.0151 175.758 156.5881 127.1268 89.53291 53.30802 38.07116 41.21786 59.59179
42.13928 41.67671 41.28891 41.51311 41.35796 41.94059 42.26645 42.35273 41.69769 41.80724 41.37499 40.51879 41.68964 41.51319 38.75238 38.43045 38.74703 39.32135 40.41217 40.90479 39.53798 39.15965 38.93825 38.01301 39.35154 39.10046 35.91582 36.22291 36.79565 37.71019 38.64221 37.83488 37.76725 40.88207 41.2573 44.35836 48.65635 51.67275 54.55188 60.61906 70.38116 80.54052 89.03931 102.9905 107.6718 90.05207 62.44547 48.83255 47.71113 54.88432 80.27351 128.3204 164.9881 181.7174 161.3557 139.7395 129.7461 144.527 136.6747 103.2556 61.70873 32.39407 22.70261
41.96657 41.06403 40.02165 40.11747 40.8189 41.64673 42.05618 41.98053 41.7157 41.72245 40.62978 39.8759 37.93761 37.42189 37.17883 37.46109 37.74865 37.14369 36.56888 37.94595 36.83731 36.5474 35.77677 34.83651 33.56477 33.96144 33.6597 34.21425 34.95113 35.06193 36.98911 39.69088 44.25535 45.09105 43.1661 45.45951 47.37432 47.08442 46.52922 47.31381 47.81848 49.94921 47.25148 47.47728 42.25787 37.09868 39.31014 52.68587 77.06795 108.1831 134.2869 138.4069 146.6992 136.9248 102.2073 78.34581 75.89175 90.32158 105.1855 128.15 105.2483 69.86071 34.67097
41.7914 41.52607 41.1397 42.54389 42.1096 42.47151 42.58155 42.41352 42.56978 42.27094 41.552 40.56232 38.75159 38.95638 38.31443 37.96418 38.53877 37.61744 37.55195 37.98478 36.42749 35.91147 35.69979 35.77067 36.9248 37.18323 34.37717 33.53212 34.00728 34.18036 34.22555 35.54114 37.07596 37.66175 37.80775 40.92656 43.36889 40.97116 39.63462 39.35153 37.94479 40.00905 40.02931 39.63238 40.70134 44.27767 64.98298 96.19687 128.0047 149.7982 152.5613 136.9441 113.3737 100.2283 76.8495 50.51965 40.74023 48.68334 62.68731 87.92987 114.6716 108.5018 88.62572
41.04195 41.57486 41.90058 43.04073 42.73438 42.79968 43.03674 43.21648 43.02526 43.29322 42.97092 42.78941 41.94294 40.46748 39.54905 38.93293 39.73899 40.65866 41.73341 40.33948 38.0938 36.49588 36.42645 37.52382 39.01324 38.48446 36.02298 35.04457 35.22997 34.42056 32.30919 30.07714 29.34053 27.88313 28.42237 30.30032 33.01416 31.73704 32.10819 32.65377 32.56642 38.90417 45.95411 54.73544 66.45159 82.71685 100.059 117.5179 126.9711 123.4001 111.7678 100.0319 83.32233 71.62151 68.98773 53.17845 33.26649 26.52905 32.96429 49.03144 75.64304 105.0144 116.8617
40.12946 40.4841 40.8648 41.86152 42.25244 42.3178 42.33769 42.45367 43.06376 43.54102 43.68524 43.11187 42.41907 41.1997 39.82623 38.63617 38.26466 38.99736 39.1242 40.39732 40.22247 38.51995 38.8373 40.55626 40.50865 39.72201 39.59719 39.98732 38.18982 35.45118 33.01342 32.21645 29.67513 25.47768 22.68427 21.51054 21.3878 24.23573 27.98688 26.7363 25.94985 29.04139 35.37889 47.10393 63.15585 82.29677 97.42559 101.1529 99.3603 94.56473 86.41073 79.17225 67.5397 61.74033 60.95026 65.74782 49.06484 27.96707 23.965 31.03671 46.85965 66.59261 83.028
39.69383 40.01632 41.02656 41.48771 42.00999 42.13863 42.58942 42.59074 43.11589 43.59651 43.91301 43.4155 42.42455 41.46885 40.41786 38.93893 37.88992 37.9485 38.27238 39.32692 41.47204 42.6345 42.77906 42.33097 42.14272 41.61776 41.79382 41.68699 39.54557 36.48815 35.31852 34.93015 34.03242 31.15705 28.6452 29.40374 29.04169 25.36608 28.88432 32.65712 26.97764 23.52485 25.80728 31.72173 41.9468 53.94733 63.09356 71.72507 76.28795 83.0743 88.0078 82.78603 62.11474 58.51937 50.90805 56.58507 62.67682 52.4974 38.39631 35.33428 36.01439 45.24446 51.21942
40.01076 40.6639 42.08332 42.07783 42.22442 42.70118 43.61684 43.3032 43.2812 43.71047 43.85646 43.43518 42.35721 41.48788 41.30899 41.29064 41.8221 40.92331 39.40318 38.42282 38.47986 39.23885 39.17664 41.1952 42.31051 42.06796 42.63453 42.2496 39.59131 38.39791 35.57404 32.88001 34.46591 39.90921 44.05552 48.71077 47.50187 40.05238 39.7725 47.87403 52.8143 39.09886 32.47752 28.40806 32.39786 39.8259 47.73617 61.80893 75.75124 83.32815 75.24971 65.04552 56.4753 55.10224 47.47087 46.73812 58.87984 69.01885 63.67865 51.89294 38.44662 40.73215 49.38544
41.00758 42.48268 43.00801 42.67302 42.1763 42.9556 43.63969 43.64361 43.58156 43.63548 43.71536 43.47963 42.33062 41.06464 41.18103 41.22786 42.4895 41.92379 40.38377 38.55252 37.14078 37.00375 37.51402 39.40433 40.98931 40.59681 41.6215 42.60305 42.06767 41.65607 44.21929 47.08796 48.25796 54.15823 61.22188 66.73848 74.05418 66.67126 56.6503 65.1973 72.53873 75.18801 60.97638 49.0771 43.06935 42.23696 44.81474 49.06407 59.47074 59.16754 49.2248 46.80078 46.00985 47.58389 42.97088 38.39471 40.34788 52.21391 62.45388 57.31788 52.22218 46.31771 47.32253
