py_wake/examples/data/AJ_ParqueFicticio/Rough survey   Sector 4   Height 30m   Orographic turn.grd
DSAA
73  159
 258469   265669
 6501692   6517492
-172.4219   173.9826
[rows 54 to 80 of 159, columns 0 to 60 of 73]
2.861153 2.473349 2.253959 2.219788 2.033639 1.741745 1.800903 2.063885 2.328314 2.467856 2.550927 2.531366 2.531645 2.42736 2.340399 2.732498 2.728227 2.088429 1.693593 1.337542 .6709256 1.391794 3.280929 2.378412 1.56472 1.896782 2.007758 2.413298 3.878561 3.921606 2.597578 -.439972 -1.059645 -1.255713 -1.347719 -1.969214 -5.248095 -11.24509 -13.92238 -9.497129 -9.592281 -13.56091 -17.30027 -20.98664 -20.67041 -18.10555 -16.64969 -14.52507 -11.45968 -10.02723 -6.972362 -3.341939 -2.398214 -3.831596 -2.781752 3.475086 6.80239 6.512409 4.044971 -2.972077 -2.072279
2.312384 2.220111 2.150061 2.021653 1.934441 1.653608 1.853502 2.1352 2.288867 2.39223 2.424334 2.421687 2.478273 2.243237 1.974185 2.639941 2.34713 2.081155 1.844432 1.71224 1.329519 1.556011 2.315654 1.838284 1.412977 1.923748 1.956606 2.731643 5.348804 5.30239 3.277458 -1.452638 -3.066499 -2.84655 -2.978388 -2.449682 -3.9851 -8.36473 -15.19026 -13.31319 -10.36035 -10.92548 -14.16871 -18.48368 -20.34235 -18.79616 -18.63921 -18.33949 -13.60756 -9.255526 -5.419306 -3.066062 -1.887603 -2.01054 -.9317958 3.086597 4.452687 3.951298 4.488791 2.595242 -.3206006
1.727819 2.40727 2.076491 1.771856 1.634203 1.557636 1.97494 2.32026 2.387234 2.45219 2.403211 2.466969 2.717117 2.513029 2.30118 2.29793 2.286141 2.085689 2.076616 2.185687 2.714418 2.22845 1.559941 1.464543 1.476409 1.649366 1.914045 2.655112 3.783826 4.354444 1.597157 -1.559727 -4.280029 -4.847399 -4.195178 -4.342422 -4.071229 -7.221745 -13.46712 -16.03261 -13.80644 -10.96564 -13.92643 -15.04677 -17.15496 -16.98261 -18.19927 -18.56667 -14.78157 -8.88143 -5.982768 -3.020534 -1.876192 -.1352369 3.230367 2.866844 2.364649 2.442535 2.807161 4.022237 5.237404
1.214303 2.804743 2.01978 1.291813 1.271784 1.987062 2.363321 2.602552 2.650544 2.501302 2.381658 2.266512 2.235885 3.277043 2.770855 2.376375 2.31952 2.131097 1.990129 2.607898 2.322753 1.997878 1.57396 1.393639 1.377762 1.332643 1.665898 1.640087 -.3027996 -.2644873 -1.605623 -1.434155 -3.088735 -5.409183 -5.793299 -5.210082 -6.074711 -6.773629 -11.50632 -14.94915 -14.20808 -13.221 -10.87255 -11.75437 -13.48159 -14.33722 -15.62884 -16.49352 -15.57822 -11.46032 -7.367839 -3.599292 -1.042838 1.556264 3.389947 1.68688 2.981015 2.950789 4.584384 3.54211 3.1453
1.647681 2.856699 1.826102 .630798 .3492747 2.050979 2.63814 2.914128 2.844271 2.562669 2.300523 2.122683 2.079253 2.977012 2.758574 2.434426 2.304848 2.200821 2.305348 2.594861 2.068681 1.87289 1.577369 1.187019 1.338139 1.500721 1.442364 -.1324356 -3.11731 -4.628579 -2.012449 -2.903869 -4.143455 -4.885542 -5.264955 -5.814748 -5.634098 -7.444208 -10.29949 -13.98261 -14.2043 -13.72725 -11.5786 -9.945305 -11.29889 -12.4573 -12.63312 -14.2822 -14.91023 -12.74777 -8.442746 -4.028102 -.3856822 1.744483 .2600841 .5657341 2.435225 4.82429 6.406042 5.935481 3.203792
3.014366 2.256905 1.43105 .4170355 -.4994204 .6589528 2.607659 3.143246 2.933367 2.614211 2.268898 1.86725 1.88227 2.836978 2.667569 2.375249 2.201751 2.263838 2.414123 2.3105 1.977465 1.492761 1.561672 1.375982 1.374498 1.829364 1.58633 .4833699 -2.09727 -5.695243 -5.030549 -4.039755 -4.813018 -7.228549 -6.830599 -7.917382 -7.56667 -7.987273 -10.03276 -12.92107 -14.32901 -12.67191 -11.37066 -9.372668 -8.548795 -10.03305 -10.50023 -11.88419 -15.38396 -15.88909 -10.0221 -4.456065 -.2839897 .2521367 -1.020477 -.9445797 2.066904 4.036318 5.879001 7.700572 6.309914
3.164075 2.069172 1.036136 .8770451 .02530426 -.1996282 1.42685 3.231831 2.946562 2.565989 2.240339 1.944968 1.814607 2.598637 2.35263 2.056551 2.066761 2.252738 2.318537 2.02355 1.856033 1.201494 1.447591 1.315649 1.350249 2.28411 2.111861 2.348463 -.340833 -2.623013 -5.054856 -5.251363 -5.185109 -6.878112 -9.791623 -10.34726 -9.880677 -9.818698 -10.23419 -12.252 -13.85065 -12.60805 -10.49018 -9.455136 -7.252746 -8.030332 -7.915328 -9.234071 -12.84324 -16.11504 -13.562 -5.987952 .09676956 .3290199 -3.658077 -2.469963 1.744359 3.201708 5.214108 7.617636 9.049914
2.565769 1.515833 .9229685 2.132843 2.801648 1.84661 1.731182 2.764883 2.599834 2.42903 2.259881 2.193821 2.206517 1.876486 1.749121 1.613737 1.600983 2.260765 2.146637 1.879411 1.563989 1.106666 1.092456 1.184444 1.3906 1.784327 1.64172 1.629069 .4268098 -1.910166 -2.836527 -3.980993 -5.11874 -7.588777 -10.47117 -10.63083 -10.50756 -10.66289 -11.44978 -11.80238 -12.05062 -13.20699 -14.49347 -9.451542 -8.024856 -6.672129 -6.2615 -5.86204 -8.400744 -12.76206 -14.27103 -10.85074 -1.598441 -.4582546 -2.203526 -5.692511 .3953747 3.274674 5.130136 7.862356 9.187841
2.077209 1.429037 2.19411 3.017474 3.688245 3.91942 3.238613 2.374404 2.327356 2.268193 2.310764 2.193084 1.93326 1.535479 1.44749 1.34944 1.192117 2.214204 1.839503 1.278141 1.52257 1.468621 1.043051 .990687 1.157444 .5485941 .3583461 -.07107256 .1858987 -.09408195 -2.063684 -3.467144 -4.914961 -6.192817 -8.184595 -10.21889 -10.59654 -10.94146 -11.82009 -11.53072 -12.05187 -13.57038 -14.48828 -12.55811 -7.112871 -6.999241 -7.012456 -5.81509 -4.280731 -6.2017 -11.60236 -13.20129 -5.06581 -1.215801 -2.965845 -6.418899 -2.722354 3.389736 5.378636 8.326283 9.855145
1.458602 2.202101 3.0214 3.535582 3.876383 3.757497 3.142221 2.499782 2.233275 2.081185 2.230905 2.015436 1.693463 1.50704 1.388939 1.366544 1.443038 1.834778 1.458116 .7765329 1.770905 1.755001 .9834654 .378432 .3578722 -.6493045 -1.372849 -1.349193 -1.008502 -.9759418 -1.964028 -1.64458 -2.662014 -4.095118 -6.659511 -9.702989 -10.24826 -10.67169 -11.6488 -12.23329 -13.04129 -14.28165 -14.23058 -11.99186 -9.102554 -6.700647 -7.467878 -6.154631 -3.832414 -.9547375 -3.039854 -11.73446 -13.14442 -6.653557 -2.150725 -3.592742 -5.136062 2.662028 5.905258 8.788183 10.8143
1.071977 2.594257 3.454207 3.812662 3.865108 3.754599 3.186294 2.619966 2.019362 1.881793 1.980654 1.904041 1.697365 1.532805 1.550471 1.525795 1.834667 1.352519 1.012203 1.087548 1.780304 1.673291 1.01084 .06432286 -.8532975 -2.406666 -1.903652 -2.79925 -2.873438 -2.12606 -1.385309 -1.266617 -1.784885 -3.357512 -5.900973 -6.933175 -8.755294 -9.514119 -10.52275 -11.70628 -12.30745 -12.39036 -13.8392 -14.58487 -9.65826 -8.089162 -6.135842 -5.427951 -3.443927 -.5225961 -.3853801 -7.504478 -14.04892 -12.03181 -4.030412 -.7743226 -1.071532 2.375236 6.109397 8.224254 9.936109
.9453221 2.465108 3.640142 4.007305 4.039799 3.810944 3.466065 2.778998 1.776051 1.737946 1.962635 1.808006 1.639171 1.590433 1.712762 1.757137 1.639728 1.038119 .9446511 1.185086 1.303103 1.231819 .7529137 -.2549571 -1.243528 -2.230252 -2.95064 -4.53247 -4.749493 -3.830792 -2.328916 -1.453545 -1.513258 -2.766885 -4.775268 -5.324108 -6.266422 -8.397738 -9.655968 -9.553734 -10.26982 -11.42781 -13.5412 -15.46148 -12.77168 -8.661156 -6.316236 -5.133471 -4.916376 -1.92559 1.670848 -1.2607 -7.830524 -14.87083 -9.113917 -.2776344 4.296592 5.343144 7.823156 9.05786 6.162066
1.27977 2.14232 3.690837 4.167779 4.105227 3.931218 3.546563 3.111132 3.085257 2.388836 1.918566 1.864033 1.804667 1.79732 1.92301 1.840765 1.219785 .7206632 .7598559 .9783686 .8879111 .5538394 .4357814 .1828835 -.3326363 -1.026429 -2.791261 -4.200983 -5.295714 -5.304115 -4.168664 -3.683482 -2.935446 -2.545113 -3.762907 -4.105654 -4.241251 -6.437567 -8.294685 -8.372343 -9.845657 -10.00396 -12.82043 -15.30217 -15.66736 -12.86808 -7.125183 -4.808555 -6.014003 -5.359108 1.178574 .95851 -1.687215 -7.680562 -13.09782 -3.748832 6.256719 8.145116 10.60872 10.85752 5.514298
1.548489 2.247527 3.545764 4.135307 4.292476 3.877316 3.45978 3.243642 2.930178 2.698478 2.246058 2.000866 1.985514 2.060313 2.03319 1.622034 .952569 .5086913 .1974594 .3148809 -.06262069 .3552337 1.3687 1.29408 1.151326 .05768283 -3.101888 -3.774236 -4.669068 -5.157701 -5.049647 -5.015982 -5.069201 -3.702662 -3.155953 -3.522159 -3.104737 -3.481602 -6.460728 -6.865853 -8.68117 -10.75434 -12.89259 -15.32788 -16.58043 -13.6338 -9.828718 -6.24832 -5.761148 -4.702461 -3.253342 .2160367 1.055857 -.04837659 -5.613185 -6.78169 1.115806 9.521976 10.48748 10.465 9.786206
1.462027 2.254089 3.625685 4.155435 4.264334 3.785246 3.324075 3.188078 2.946027 2.743187 2.479964 2.20978 2.108901 2.49436 2.094285 1.467951 .8035374 .246185 -.02319074 -.1538507 -.4925345 .3745826 2.520699 2.383754 2.406373 -.2940818 -1.821309 -3.152216 -3.880028 -4.832354 -5.503977 -6.085269 -6.007759 -4.671676 -3.37968 -3.633242 -3.114388 -1.793182 -3.208903 -4.710979 -5.197062 -9.367077 -13.39583 -14.6333 -15.45023 -14.70503 -13.77056 -8.313143 -6.678825 -6.089521 -3.553315 -1.560319 -1.022658 1.507302 1.926204 -3.247498 1.581022 6.303311 7.013948 8.100584 9.281926
1.464091 1.733133 3.589986 4.335021 4.109091 3.686997 3.288267 3.308218 3.093941 2.816911 2.506419 2.245335 2.041063 2.608331 1.736475 .9823419 .2507178 -.2129704 -.1628901 -.06003489 .1480399 1.214118 2.854234 2.677022 1.421734 -.8102977 -1.178602 -1.699859 -2.598816 -3.982635 -5.531315 -6.925661 -7.424443 -5.596275 -4.877123 -4.228437 -3.464742 -2.551901 -1.872433 -3.23878 -5.884907 -7.302371 -9.217965 -11.52794 -12.17526 -14.94972 -14.59438 -11.17941 -7.689593 -8.102763 -8.735871 -3.631543 .2526599 2.740418 4.267493 6.398001 1.419651 3.422272 4.694135 5.878541 7.881669
1.580262 1.376608 2.551966 3.978996 3.382621 3.359987 3.619707 3.695762 3.397832 3.056937 2.585882 2.059599 1.817078 1.925468 .9911262 .1702632 .09901063 -.05938527 .01498606 .1338166 .7638775 2.037513 2.166103 1.795111 -.03493514 -.292657 -.5367781 -.7076952 -1.627933 -3.061761 -3.640243 -5.64919 -7.874112 -7.512841 -6.926667 -5.385592 -4.383344 -3.177777 -2.31141 -2.377586 -4.148236 -6.88419 -7.093526 -7.652515 -8.495303 -12.39256 -12.42486 -10.17092 -7.36234 -7.804103 -9.211071 -5.029587 .6266043 1.386953 2.730455 3.443477 2.797613 1.935174 2.914722 5.140443 7.12216
2.058536 1.814877 1.70018 2.641958 1.687837 2.945291 4.112565 4.232531 3.909729 3.363397 2.651547 2.306215 1.66443 .6190388 -.085793 -.02988018 .9173076 .640375 .3103078 .3438522 .617156 1.19646 .6989381 1.003705 -.5413104 .140421 -.03887842 -.296271 -.4020704 -.5557634 -2.296781 -5.178995 -7.471119 -9.076376 -8.210934 -6.694998 -5.834181 -4.530567 -3.919513 -4.051377 -4.034144 -5.544321 -6.413517 -5.595137 -6.377975 -8.546056 -10.17945 -9.146606 -5.953314 -4.625999 -3.402369 -3.147828 -.8487779 -2.11424 -6.245818 -4.783974 -1.491561 .05447538 1.713566 4.155296 6.30835
2.557354 2.866742 2.580704 1.259028 .9020529 1.829039 4.493165 4.665434 4.051935 3.043181 2.742239 2.166011 1.31229 .4692093 -.6043466 -.08320253 1.441051 1.242263 .7611932 .4064831 .217185 .5662339 -.258261 -.1055122 .6342602 .1860571 .8290235 .9419727 1.400608 -.889992 -2.604841 -5.007649 -8.305449 -9.462313 -9.121145 -8.679159 -7.201323 -5.711148 -4.762387 -4.560143 -3.827919 -4.260018 -4.186576 -5.21479 -6.211862 -6.924911 -8.361996 -8.199352 -5.097091 -2.760193 .4872891 1.735498 .909736 -.4996139 -8.400007 -13.73641 -12.92715 -3.967827 -.4483005 2.244268 5.450035
3.01281 2.860897 2.11949 1.719444 1.426287 1.516017 4.099891 4.291078 3.245811 2.955108 2.618764 2.180895 1.430494 .6926483 -.4001057 -.4683579 1.759776 1.598528 1.103974 .552604 .1298288 .2751337 -.9545304 -.835289 -.2242028 -.3462978 .8397061 1.693419 1.118543 -.8360987 -2.99144 -4.116204 -7.52318 -9.043357 -8.873861 -8.285673 -7.781996 -7.426035 -6.781094 -5.472292 -4.657887 -3.732368 -2.352911 -3.6944 -4.751077 -6.140049 -8.427596 -7.416039 -6.396887 -3.045884 -1.319946 1.404898 1.561736 1.723698 -.7324264 -9.858586 -14.17865 -12.08245 -4.841753 -.8460233 1.006009
3.166642 2.904485 2.453311 2.404957 2.050186 1.255966 3.258248 2.987415 2.437716 2.904509 2.593205 2.276111 1.953237 1.258245 -.2930415 -.4565436 1.547448 1.642604 1.399295 1.092077 .7235288 -.4505352 -1.274853 -1.390192 -1.331706 -1.189141 -.4272459 .3051179 .2777981 -1.858205 -2.798707 -3.88388 -5.307489 -7.49859 -7.644597 -7.347321 -8.027153 -8.487002 -8.205858 -7.601129 -6.535513 -3.143992 -2.485522 -3.063934 -2.8593 -3.754895 -6.013486 -6.774263 -5.253916 -3.824145 -3.093878 -1.464059 .5172073 .8194618 1.514989 .6799354 -8.693847 -13.49679 -12.52222 -5.392827 -2.431934
3.294113 2.942238 2.671131 2.86075 3.512106 3.674254 2.417442 1.542875 1.854058 2.809298 2.700812 2.403216 2.05092 2.433867 2.344711 .9786109 1.205591 1.184219 1.447303 1.869991 .7162305 -.6302698 -1.511886 -2.063266 -1.663869 -1.826722 -1.75779 -2.178207 -1.691549 -1.832953 -3.016268 -4.672283 -5.4845 -5.628195 -6.833843 -6.99967 -7.191166 -8.467435 -8.164741 -7.087178 -6.111609 -4.611032 -3.94039 -.7269896 -2.125359 1.187438 -1.748803 -1.820585 -5.157046 -4.704389 -3.287445 -4.251247 -3.734078 -1.716249 3.374208 5.466881 -3.744906 -12.04335 -15.26438 -10.14818 -5.758867
3.333432 2.938852 2.618618 2.714652 4.075879 3.760225 2.519276 1.696845 2.069795 2.664157 2.634981 2.435417 2.142434 2.963858 3.304835 2.439143 1.319705 1.001126 1.226618 1.806153 .9606777 .3662081 -1.056589 -1.872627 -1.681982 -1.733989 -1.747961 -2.579075 -2.812724 -2.922865 -3.922244 -4.966861 -5.674562 -5.908276 -6.744345 -7.220168 -6.705766 -7.668333 -7.603089 -5.45233 -4.553598 -3.521881 -.06728245 1.576989 3.188815 1.983448 .1709849 -3.828418 -6.24033 -5.813808 -3.813312 -2.343943 -.7023051 1.300942 4.454623 3.295015 -4.842696 -8.904034 -13.72057 -13.2913 -8.045971
3.167909 2.956204 2.640357 2.587606 4.111379 3.657441 2.822335 2.042578 2.320292 2.479103 2.443855 2.502057 2.528344 2.69208 2.78362 2.129901 1.642093 1.118736 1.176933 1.405967 .6763784 .6203588 -.3695684 -1.660935 -1.462585 -.5846295 -.4625368 -.9501819 -2.728431 -3.970835 -5.446078 -5.839959 -6.615875 -6.6861 -6.481109 -6.641571 -6.67617 -6.163575 -5.463301 -5.418352 -3.876904 -.01283371 1.338402 2.250398 3.017709 .5913594 -.005686829 -2.156396 -5.733301 -8.00611 -3.690225 -.7912168 2.402798 4.466035 3.554634 .7859252 -1.356971 -6.259595 -8.644936 -12.53819 -11.39459
3.178274 3.14963 2.919924 2.88876 4.214485 3.906826 3.193558 2.569119 2.326869 2.153849 2.116883 2.220537 2.774291 2.765286 2.634567 2.241704 1.841016 1.449584 1.498998 .7235881 -.5422534 .4925489 -.6415561 -.6401148 -.1612403 .9526396 .5315894 -.1890811 -3.043946 -5.613443 -7.210815 -7.631335 -7.749681 -6.63111 -5.716254 -5.543945 -5.627383 -5.503633 -3.176081 -3.846185 -1.639924 1.078374 1.10556 .3941476 -1.857016 -2.948227 -1.685444 -.8981398 -.5433558 -1.299988 -2.573057 -.2484787 1.434267 2.408756 1.14423 -.5905982 -1.076716 -4.741651 -7.915519 -9.024082 -7.807378
3.47351 3.430079 3.369604 3.75908 4.214023 3.805793 3.320612 2.549631 2.067332 1.981878 1.802222 1.895444 2.973865 3.014412 2.698673 2.505356 2.475777 2.598884 1.664713 .2655774 -.3475193 -.6908257 -.8317749 .1835015 .3922181 .9728205 1.08587 -.553763 -3.887759 -7.016246 -7.743989 -7.778781 -8.167047 -6.265028 -6.14652 -6.419758 -5.457496 -3.867536 -1.602 .743003 2.461874 1.471831 -1.102567 -2.956197 -4.147841 -4.834135 -4.02578 -2.250143 2.851688 2.982961 .8237324 -1.238019 -1.353784 -1.312618 -1.29125 -2.792531 -2.791973 -4.202298 -5.162918 -4.339267 -3.088353
3.927639 3.986627 3.851961 4.23477 3.52898 3.271986 2.799415 2.656137 2.348686 2.20068 1.866735 1.697059 3.047085 2.761263 2.315658 2.328498 2.980894 2.653731 1.799826 .7455897 .02187431 -.7239092 -.586731 -.2188076 .004634691 -.3381072 -.8346163 -2.089644 -4.210919 -6.234236 -7.360528 -7.098449 -6.991634 -5.801859 -5.887612 -6.199247 -4.793961 -2.189637 .1550764 1.545632 2.212825 -.5486305 -4.937889 -5.469456 -4.861407 -4.638912 -4.090624 -2.248461 .7937984 1.611448 .5547316 -1.447598 -3.172405 -3.514319 -3.29766 -2.92832 -4.907348 -4.330484 -3.140807 -1.591326 -.7073286
