py_wake/examples/data/AJ_ParqueFicticio/Rough survey   Sector 12   Height 200m   Weibull-A.grd
DSAA
73  159
 258469   265669
 6501692   6517492
 4.983591   9.521681
[rows 84 to 111 of 159, columns 0 to 62 of 73]
6.665613 6.635962 6.608113 6.572906 6.5466 6.513438 6.481943 6.453764 6.429501 6.420845 6.389843 6.351319 6.30614 6.278078 6.253559 6.221919 6.187075 6.163619 6.182143 6.194315 6.219003 6.238478 6.261697 6.288505 6.316693 6.320702 6.300866 6.28262 6.282807 6.320929 6.349023 6.379827 6.393053 6.375435 6.363946 6.362711 6.358014 6.371753 6.377401 6.356455 6.375103 6.332369 6.28031 6.228955 6.223107 6.228334 6.221436 6.229757 6.274606 6.361632 6.482297 6.574467 6.635715 6.65447 6.659487 6.652429 6.662529 6.712958 6.769898 6.806119 6.845996 6.881803 6.930182
6.653564 6.625455 6.598445 6.563735 6.535841 6.498682 6.477138 6.450147 6.437512 6.417507 6.375753 6.335243 6.296926 6.257287 6.233484 6.201606 6.170851 6.14368 6.124146 6.113595 6.127775 6.141198 6.171311 6.213621 6.26891 6.299575 6.288716 6.264466 6.245802 6.238079 6.236581 6.272747 6.318143 6.328461 6.32918 6.334015 6.348507 6.392348 6.413602 6.452561 6.428741 6.377987 6.325919 6.2714 6.236107 6.235824 6.209856 6.175766 6.16172 6.209155 6.331156 6.469656 6.574886 6.644261 6.676757 6.698048 6.760181 6.809679 6.841731 6.869965 6.894897 6.908555 6.943971
6.620804 6.604684 6.578199 6.553935 6.513524 6.490875 6.464687 6.44342 6.439857 6.405103 6.369215 6.337701 6.299493 6.257297 6.217627 6.188874 6.16462 6.14672 6.100996 6.070523 6.048936 6.047134 6.056917 6.082663 6.139177 6.201799 6.226776 6.229627 6.173039 6.135752 6.125497 6.150506 6.213284 6.265436 6.300531 6.323542 6.34108 6.383677 6.453051 6.47689 6.470496 6.429459 6.383533 6.342883 6.314081 6.30339 6.273806 6.223169 6.176264 6.157827 6.208875 6.331475 6.483217 6.581511 6.664124 6.737553 6.825565 6.883125 6.926861 6.946558 6.965868 6.969636 6.981791
6.60932 6.583292 6.566051 6.526264 6.500646 6.476127 6.454384 6.447401 6.426061 6.397914 6.370623 6.33935 6.307328 6.25667 6.202323 6.17164 6.14818 6.130136 6.101305 6.060841 6.023196 5.995027 5.971214 5.969691 6.004054 6.083453 6.14321 6.178144 6.133376 6.074291 6.062918 6.079059 6.149348 6.22936 6.301147 6.334948 6.357576 6.384628 6.457946 6.488256 6.484566 6.4627 6.431271 6.402986 6.375905 6.351343 6.327126 6.292846 6.223528 6.16232 6.138638 6.21569 6.343576 6.490991 6.607469 6.717679 6.812892 6.898763 6.951874 6.995503 7.023348 7.040726 7.042954
6.619266 6.581336 6.544588 6.51911 6.492303 6.462804 6.438072 6.424834 6.40451 6.392642 6.372471 6.342828 6.310097 6.265711 6.209695 6.157254 6.138551 6.109957 6.086761 6.054319 6.027193 6.001968 5.972888 5.939704 5.944154 6.01593 6.120612 6.178641 6.160645 6.101775 6.060373 6.079535 6.125579 6.198507 6.269199 6.321768 6.389578 6.473196 6.496459 6.512237 6.509927 6.499764 6.460956 6.412066 6.375108 6.340945 6.304645 6.285852 6.230736 6.152194 6.093168 6.089571 6.163033 6.295236 6.448958 6.591516 6.709001 6.814198 6.907208 6.974944 7.035598 7.065492 7.114126
6.627628 6.589513 6.544916 6.520612 6.496589 6.467514 6.442947 6.399225 6.378025 6.36719 6.361089 6.346672 6.316803 6.276748 6.228704 6.17678 6.121541 6.089829 6.068994 6.053823 6.052496 6.048867 6.035929 6.020364 6.003865 6.048954 6.135826 6.221725 6.233723 6.179654 6.124452 6.107383 6.133278 6.178913 6.230385 6.296584 6.425026 6.497115 6.543705 6.562419 6.563811 6.543145 6.491484 6.43041 6.370952 6.342953 6.294569 6.265743 6.211282 6.15592 6.085303 6.025293 5.983094 6.06841 6.216785 6.367357 6.517814 6.661965 6.779691 6.883218 6.973442 7.045059 7.132825
6.651588 6.595813 6.559321 6.526065 6.503519 6.481312 6.443637 6.407142 6.373409 6.347982 6.341135 6.339743 6.316965 6.298954 6.250081 6.20706 6.13491 6.085156 6.050071 6.051688 6.076755 6.111053 6.132607 6.141368 6.150863 6.137371 6.195786 6.279345 6.309325 6.262521 6.200308 6.163972 6.180276 6.206253 6.236476 6.311355 6.401987 6.506239 6.586977 6.627527 6.624533 6.591053 6.547224 6.492573 6.476754 6.443955 6.425074 6.373634 6.32658 6.279394 6.223839 6.146409 6.056191 5.999806 6.043409 6.163509 6.32892 6.467494 6.598987 6.739505 6.866485 6.987598 7.118595
6.655603 6.617645 6.583421 6.547572 6.520673 6.493818 6.465695 6.430672 6.39032 6.358091 6.336393 6.329304 6.327314 6.306242 6.301208 6.252999 6.187515 6.12758 6.077226 6.048621 6.089027 6.163219 6.22667 6.266365 6.269304 6.259377 6.287089 6.353485 6.382673 6.338646 6.289664 6.254839 6.254464 6.270023 6.320614 6.354602 6.404467 6.495501 6.612121 6.685837 6.700314 6.671327 6.6238 6.613663 6.619632 6.606114 6.570721 6.584311 6.562113 6.530445 6.504625 6.416814 6.32275 6.221805 6.138231 6.156535 6.268082 6.39286 6.50937 6.643158 6.761441 6.918272 7.088017
6.690838 6.645975 6.610741 6.573593 6.54168 6.519093 6.493168 6.462314 6.428521 6.388626 6.350028 6.330228 6.320775 6.338836 6.337507 6.314074 6.272608 6.222764 6.161668 6.095313 6.097416 6.19101 6.288588 6.355925 6.367692 6.35085 6.380642 6.434447 6.446869 6.408625 6.365693 6.339169 6.332342 6.337352 6.363834 6.402503 6.432929 6.490049 6.614 6.718489 6.766602 6.747509 6.726099 6.73948 6.748608 6.759177 6.76267 6.759015 6.765021 6.782054 6.786219 6.754597 6.709366 6.625896 6.52865 6.493073 6.498636 6.565227 6.622752 6.676208 6.726835 6.861508 7.05731
6.714636 6.679601 6.63669 6.596949 6.568786 6.546091 6.528449 6.499974 6.467259 6.432096 6.386347 6.346436 6.329976 6.350484 6.361047 6.371851 6.375183 6.353412 6.306342 6.214509 6.139305 6.185682 6.313983 6.405097 6.432888 6.425132 6.451518 6.506758 6.512864 6.465754 6.411462 6.379223 6.364791 6.38519 6.411487 6.442715 6.472287 6.498197 6.610069 6.735916 6.816295 6.832605 6.845487 6.859337 6.877565 6.890541 6.889713 6.870118 6.877093 6.894915 6.916167 6.931769 6.938287 6.93317 6.896137 6.857329 6.842095 6.841789 6.813357 6.772785 6.73933 6.807049 7.001721
6.739574 6.709929 6.666941 6.627306 6.594054 6.577695 6.564694 6.542843 6.513448 6.48053 6.43873 6.388781 6.372633 6.362458 6.371819 6.40735 6.455724 6.49107 6.470504 6.379569 6.245401 6.219885 6.312048 6.420196 6.475718 6.474958 6.500901 6.552508 6.548517 6.502666 6.437251 6.379843 6.374057 6.413251 6.449902 6.516009 6.511691 6.537407 6.634151 6.749259 6.843894 6.883248 6.897801 6.923822 6.950473 6.964773 6.949387 6.931369 6.924837 6.919661 6.907372 6.908969 6.960138 7.015872 7.034677 7.041377 7.031095 7.014126 6.968605 6.888831 6.792754 6.769996 6.921681
6.752601 6.730843 6.693485 6.664294 6.633842 6.607098 6.600502 6.589444 6.570475 6.535855 6.500031 6.477769 6.435224 6.40047 6.391913 6.417593 6.481278 6.56475 6.602063 6.547683 6.394641 6.301515 6.332136 6.42672 6.493892 6.502812 6.51311 6.542066 6.537328 6.498765 6.427542 6.371148 6.343885 6.417247 6.458375 6.54814 6.552827 6.572942 6.65585 6.761681 6.825232 6.860056 6.889782 6.938064 6.96494 6.987144 6.977574 6.965113 6.927423 6.876812 6.835292 6.812246 6.841826 6.899377 6.966277 7.010826 7.042333 7.062222 7.061375 7.007718 6.877716 6.76653 6.825079
6.766724 6.743353 6.727147 6.702878 6.684308 6.657804 6.636852 6.633111 6.633653 6.602585 6.577236 6.571527 6.534247 6.491226 6.45219 6.44253 6.477841 6.580435 6.664971 6.659467 6.548589 6.417613 6.39376 6.449464 6.506353 6.500944 6.470976 6.467751 6.4514 6.405828 6.363936 6.308134 6.290519 6.418674 6.509982 6.590079 6.620829 6.637456 6.68127 6.775981 6.811615 6.811874 6.839946 6.879714 6.912675 6.94576 6.952698 6.916905 6.856649 6.789039 6.720841 6.663865 6.631049 6.638508 6.719065 6.786757 6.868604 6.946198 7.030795 7.044139 6.948253 6.808306 6.754466
6.784518 6.766948 6.750517 6.742882 6.736805 6.725381 6.696386 6.683667 6.677127 6.673664 6.6782 6.671321 6.660927 6.635873 6.584118 6.523392 6.509832 6.577431 6.674286 6.719053 6.644262 6.5214 6.475779 6.502424 6.523244 6.484421 6.449488 6.412822 6.373915 6.339877 6.304868 6.280169 6.282641 6.417386 6.552113 6.620023 6.705246 6.712074 6.703259 6.747474 6.756767 6.762492 6.759636 6.780631 6.794864 6.803913 6.789682 6.758117 6.705904 6.625306 6.545988 6.476744 6.411222 6.341537 6.364204 6.450732 6.565437 6.677765 6.804634 6.91233 6.927572 6.836492 6.738545
6.828941 6.804505 6.791131 6.778643 6.775282 6.788679 6.77759 6.739489 6.740553 6.768165 6.770813 6.78186 6.800137 6.813086 6.782517 6.70636 6.633725 6.626517 6.710807 6.762652 6.718454 6.617443 6.55551 6.565357 6.569225 6.533972 6.485968 6.455234 6.450284 6.412492 6.374716 6.340057 6.35942 6.411458 6.502945 6.5459 6.613872 6.663547 6.665444 6.687045 6.695015 6.694369 6.680587 6.662154 6.657884 6.650959 6.613851 6.584804 6.550095 6.48158 6.42889 6.369907 6.29909 6.243012 6.258517 6.308978 6.379791 6.476363 6.59459 6.720033 6.798915 6.807909 6.751406
6.894072 6.872952 6.856923 6.838674 6.822309 6.851803 6.863569 6.847704 6.831812 6.86517 6.880259 6.901757 6.936296 6.983294 7.000299 6.949743 6.847275 6.780786 6.816156 6.844515 6.812608 6.729971 6.678185 6.658307 6.639664 6.613781 6.571935 6.580138 6.602369 6.556248 6.499914 6.431842 6.459667 6.427245 6.444684 6.447289 6.46939 6.508195 6.539093 6.596385 6.62868 6.621846 6.589695 6.564916 6.557158 6.576881 6.577254 6.535007 6.486035 6.425121 6.367398 6.342402 6.335656 6.366525 6.405866 6.464608 6.513512 6.557932 6.603674 6.674765 6.761787 6.809816 6.821362
6.971786 6.969858 6.957403 6.937025 6.908729 6.910399 6.964039 6.982878 6.9828 7.000396 7.014722 7.035717 7.068135 7.118761 7.175917 7.178325 7.106451 7.042416 7.002193 6.998291 6.95755 6.868787 6.805295 6.764711 6.744309 6.722512 6.691285 6.717656 6.733419 6.689917 6.612268 6.544331 6.546745 6.519656 6.456638 6.394375 6.369257 6.379296 6.419421 6.481639 6.533907 6.534834 6.497927 6.467731 6.451795 6.498843 6.560292 6.585562 6.578122 6.537093 6.479385 6.427899 6.413902 6.515492 6.595714 6.668225 6.714365 6.751557 6.772883 6.79746 6.830899 6.852446 6.889297
7.043964 7.077033 7.083752 7.061474 7.020947 7.002646 7.064131 7.148423 7.155634 7.168885 7.180862 7.183894 7.2106 7.254926 7.306021 7.348416 7.35127 7.305087 7.248661 7.20812 7.138664 7.036376 6.948391 6.902133 6.90165 6.898467 6.884763 6.859382 6.836341 6.778373 6.692233 6.641073 6.62167 6.554432 6.526985 6.447169 6.388245 6.379069 6.374039 6.397718 6.445432 6.457237 6.44534 6.418482 6.434479 6.494481 6.646378 6.741419 6.778016 6.752909 6.676269 6.590811 6.602742 6.671629 6.753582 6.817429 6.852895 6.871079 6.856331 6.838984 6.814178 6.830704 6.900685
7.097656 7.165385 7.204369 7.20492 7.164607 7.12623 7.161974 7.272727 7.314425 7.341244 7.363878 7.354947 7.360616 7.382135 7.424942 7.509097 7.531429 7.525921 7.499987 7.45621 7.363769 7.24755 7.165977 7.132349 7.124341 7.118396 7.060606 6.981277 6.901177 6.824783 6.740679 6.706519 6.685582 6.622085 6.58042 6.526616 6.460466 6.425488 6.418389 6.406108 6.426153 6.44556 6.47607 6.481857 6.497893 6.636458 6.797832 6.950449 7.050984 7.031262 6.949028 6.853402 6.806999 6.8145 6.855749 6.884213 6.894627 6.876927 6.837326 6.784791 6.741307 6.756195 6.86154
7.114324 7.217897 7.297473 7.32111 7.313032 7.256444 7.262754 7.341297 7.420474 7.468452 7.506916 7.508019 7.489072 7.496441 7.543696 7.634359 7.682794 7.715003 7.737784 7.716006 7.643205 7.55679 7.487303 7.446939 7.430684 7.367737 7.258635 7.104244 6.964291 6.850949 6.758766 6.749536 6.737891 6.689985 6.653516 6.600004 6.554807 6.50879 6.483153 6.502066 6.501034 6.494456 6.515399 6.527342 6.612421 6.722394 6.89218 7.068229 7.220953 7.296977 7.247546 7.130719 7.021109 6.956597 6.933544 6.910038 6.902157 6.877629 6.824992 6.754923 6.675943 6.643308 6.73739
7.057598 7.1956 7.312199 7.407132 7.427505 7.395109 7.344775 7.374392 7.441025 7.509354 7.557205 7.578652 7.566314 7.565979 7.631967 7.715957 7.808394 7.87713 7.943646 7.970094 7.948841 7.972376 7.968153 7.90224 7.76349 7.663375 7.497367 7.302871 7.120687 6.968614 6.852274 6.859894 6.854895 6.819051 6.789599 6.749995 6.715721 6.639947 6.559745 6.574858 6.576329 6.565883 6.53958 6.514343 6.625919 6.723397 6.870413 7.094837 7.316685 7.47633 7.523519 7.441456 7.321792 7.196585 7.119079 7.056167 7.020833 6.982127 6.93243 6.831897 6.688182 6.564806 6.601509
6.983825 7.077396 7.240836 7.390635 7.476466 7.480321 7.425714 7.411108 7.446746 7.5001 7.541114 7.569993 7.573224 7.595271 7.621964 7.7595 7.948294 8.086042 8.185578 8.266079 8.351797 8.405053 8.420497 8.356568 8.183069 7.96637 7.802466 7.601959 7.399351 7.21739 7.135496 7.097982 7.052986 7.032248 6.995286 6.960317 6.897572 6.802068 6.690889 6.639363 6.631787 6.599859 6.542049 6.539108 6.66679 6.785018 6.887798 7.078188 7.344131 7.583822 7.739501 7.768075 7.702301 7.588541 7.48757 7.391309 7.293517 7.204071 7.113558 6.980309 6.797411 6.59429 6.556761
7.019971 7.023443 7.130281 7.301105 7.472484 7.531694 7.499064 7.455682 7.453087 7.493445 7.526031 7.536209 7.554695 7.553858 7.574229 7.69169 7.919524 8.142735 8.282297 8.403534 8.49622 8.566714 8.617666 8.613562 8.536734 8.349897 8.154777 7.974465 7.774422 7.627724 7.514399 7.410916 7.326427 7.242442 7.177762 7.129951 7.083811 6.975032 6.831367 6.719209 6.689992 6.65868 6.597703 6.654479 6.797307 6.935396 7.015243 7.113711 7.337472 7.605904 7.834327 7.99732 8.036046 7.991296 7.885548 7.752023 7.597414 7.435181 7.281539 7.12567 6.934921 6.720661 6.62753
7.184016 7.112301 7.144008 7.274644 7.42803 7.557695 7.585206 7.538443 7.503487 7.514774 7.531074 7.5199 7.506342 7.47104 7.450073 7.504525 7.687539 7.925313 8.144496 8.315105 8.439448 8.545457 8.627642 8.695772 8.735676 8.702441 8.593687 8.4325 8.26071 8.093277 7.929437 7.785923 7.624457 7.498738 7.402841 7.333066 7.270267 7.187261 7.030635 6.86682 6.802999 6.765762 6.71868 6.850195 6.988474 7.123805 7.219079 7.270797 7.400796 7.617239 7.828653 8.03774 8.15375 8.161366 8.099078 7.979245 7.803843 7.612898 7.431882 7.249515 7.039262 6.843961 6.762237
7.450089 7.348382 7.312063 7.364945 7.452581 7.57092 7.649893 7.636215 7.577004 7.541392 7.537227 7.532854 7.472441 7.392195 7.304148 7.255045 7.34603 7.527377 7.77901 8.028004 8.247437 8.400316 8.539268 8.681776 8.785896 8.851498 8.856076 8.794239 8.685072 8.532957 8.388802 8.192801 7.99135 7.809161 7.678464 7.570271 7.501425 7.424706 7.28054 7.092559 7.004482 6.934617 6.965318 7.051479 7.158772 7.282473 7.384053 7.450512 7.536425 7.683907 7.83035 7.978487 8.060865 8.096877 8.066344 7.983942 7.859287 7.693344 7.519069 7.338177 7.126677 6.93433 6.865943
7.855707 7.764352 7.677327 7.59775 7.559594 7.611535 7.675913 7.694641 7.638422 7.576183 7.563688 7.525129 7.453744 7.30612 7.180029 7.081098 7.034578 7.117332 7.335025 7.630943 7.924778 8.156575 8.333986 8.514118 8.684559 8.816183 8.933403 8.995052 8.986846 8.917139 8.771726 8.552032 8.313439 8.081861 7.898491 7.771965 7.712704 7.659834 7.545441 7.404665 7.262993 7.201346 7.218328 7.240184 7.269496 7.344807 7.428011 7.513902 7.626437 7.773364 7.881789 7.947496 7.98861 7.989827 7.944211 7.878273 7.787655 7.659788 7.508901 7.345893 7.162379 6.982597 6.908312
8.216829 8.168159 8.031975 7.899272 7.772043 7.699932 7.710739 7.719112 7.686335 7.638065 7.582181 7.53507 7.454483 7.302453 7.141884 7.005643 6.904169 6.845348 6.946856 7.194326 7.542897 7.843929 8.06093 8.26387 8.461998 8.636341 8.823565 9.000249 9.1273 9.145188 9.045073 8.830389 8.567252 8.309343 8.096907 7.954549 7.883842 7.852776 7.786508 7.68895 7.558887 7.466196 7.423672 7.382982 7.335666 7.305645 7.331499 7.399572 7.523481 7.710469 7.860248 7.927798 7.947948 7.925107 7.865142 7.783508 7.692912 7.578573 7.435696 7.260939 7.091435 6.936569 6.869535
8.521891 8.466176 8.320866 8.170899 8.010354 7.844143 7.797876 7.777829 7.749079 7.722162 7.66072 7.620292 7.53362 7.389406 7.246783 7.095099 6.935796 6.835655 6.772052 6.851951 7.166688 7.513257 7.792916 8.026326 8.251325 8.434709 8.640383 8.863647 9.070473 9.199926 9.227414 9.10581 8.891844 8.643691 8.41351 8.209658 8.073771 8.026285 7.981353 7.916745 7.819149 7.705433 7.609087 7.511887 7.400452 7.290674 7.233846 7.225456 7.322707 7.523512 7.688308 7.798275 7.842853 7.850069 7.808177 7.738576 7.660889 7.547981 7.400515 7.210124 7.003588 6.842666 6.77402
