py_wake/examples/data/AJ_ParqueFicticio/Rough survey   Sector 4   Height 30m   Weibull-A.grd
DSAA
73  159
 258469   265669
 6501692   6517492
 .2238723   12.80291
[rows 112 to 139 of 159, columns 0 to 62 of 73]
7.218813 7.563868 7.362933 7.454712 7.933407 8.405223 8.777202 9.273763 9.826742 10.13817 10.6745 11.35473 11.0189 9.986962 9.060132 7.576158 7.158224 7.650545 7.2295 5.472272 5.560499 6.208004 5.642523 5.62042 7.934128 9.439507 9.624969 8.793967 7.394842 6.192369 5.607082 5.497314 5.438965 5.415124 5.133084 4.716062 4.373216 5.59638 7.793882 9.208478 10.06214 10.17542 9.003257 6.998752 5.727985 4.70015 4.110315 3.651319 3.402195 4.812822 6.757106 7.333706 6.270803 5.109079 4.348358 4.197214 4.178743 4.101716 3.94239 3.141259 1.101809 1.197397 1.470063
6.996586 7.573656 7.688821 7.724208 8.099516 8.662814 9.220641 9.766275 10.22863 10.44912 10.95618 11.45307 11.08119 9.91275 8.74253 7.293674 7.727827 8.408562 8.152159 6.260842 4.797326 4.866416 4.929799 5.442484 7.728887 9.440241 9.326847 7.641757 6.366649 5.6285 5.080937 5.484249 6.001274 5.946421 5.858103 5.666594 5.329752 6.079024 7.94758 9.223264 10.3765 10.65624 9.358776 7.178531 5.919743 4.930377 4.383029 3.951949 3.562697 3.949122 5.464137 6.211967 5.612677 4.890437 4.338492 4.248466 4.173682 4.146633 3.965616 3.401387 2.098077 1.517638 1.837458
7.151766 7.771903 7.962783 7.992752 8.256792 8.931087 9.809878 10.23674 10.50647 10.67259 11.24838 11.66212 11.00026 9.546205 8.15826 7.382318 8.429826 9.254505 8.442951 7.046169 5.532143 3.865684 3.550466 4.60885 6.979835 8.875159 8.844481 7.026474 5.550148 5.011292 4.848875 5.136161 6.040322 6.160131 6.353027 6.584761 6.756636 7.16309 8.489222 9.354774 10.37574 10.84018 9.439822 7.400134 6.082874 5.342303 4.779879 4.281901 4.068198 4.072704 4.702112 5.236052 5.024186 4.723752 4.485577 4.308621 4.144892 4.070801 3.880407 3.49984 2.883804 2.011168 1.995157
7.642116 8.040068 8.155547 8.264214 8.52328 9.326106 10.19547 10.45848 10.73607 11.01059 11.45104 11.67728 10.86767 9.014951 7.788169 7.773952 8.925135 9.646679 8.929283 7.703776 6.80602 5.424651 3.162813 2.861712 5.53669 7.853024 8.211694 6.364352 4.970162 4.845164 4.868145 5.15609 5.538913 5.774137 6.255308 7.323298 8.10814 8.573842 9.249309 9.43879 10.10222 10.51552 9.074727 7.448667 6.156849 5.575289 4.995779 4.488028 4.221466 4.190868 4.337577 4.476174 4.394034 4.519222 4.472128 4.30763 4.149475 3.967249 3.773561 3.452258 3.165799 2.614946 2.379238
7.976257 8.281185 8.414416 8.678918 9.016644 9.87076 10.48298 10.68426 11.03205 11.31555 11.69555 11.31413 10.39187 8.638541 7.947133 8.264153 9.061351 9.621185 9.075139 8.242252 7.560193 6.763198 5.222893 3.209262 3.863001 6.416414 7.29743 5.744236 4.911643 5.029608 5.067868 4.942996 5.029943 5.53726 6.340459 7.727541 9.242908 9.663332 9.879054 9.454699 9.561476 9.558172 8.651466 7.466468 6.440225 5.759872 5.023229 4.430121 3.995299 3.786221 3.957907 4.190372 4.180308 4.190608 4.380697 4.271167 4.1522 3.878809 3.644322 3.384393 3.28786 2.87691 2.755148
8.120955 8.292698 8.442806 8.790616 9.552947 10.30881 10.67495 10.99264 11.19274 11.53164 11.27493 10.83347 9.80894 8.488873 8.282424 8.825244 9.150024 9.51592 9.036713 8.343352 7.549915 6.704048 6.099265 5.222244 4.087927 4.825722 5.898861 5.110449 4.861702 5.285618 5.024614 4.432226 4.707171 5.9143 6.553082 8.133877 10.09249 10.72867 10.2517 9.102902 8.768425 8.489515 8.107015 7.285422 6.464727 6.004694 5.318244 4.559875 3.958992 3.575922 3.683775 4.057745 4.172358 4.12967 4.16546 4.146688 4.13224 3.877041 3.503313 3.119756 3.158511 3.06837 3.044482
8.136991 8.249048 8.556649 9.158283 9.982217 10.56036 10.90523 11.32976 11.47326 11.47256 10.97056 10.24148 9.143179 8.198794 8.477966 9.253716 9.519416 9.350907 8.69055 8.02594 7.138792 6.178892 6.113184 6.003952 5.441573 4.484113 4.595161 4.412625 5.074721 5.49161 4.960637 4.013412 5.070528 6.298027 6.478426 8.273846 10.71665 11.52137 10.3445 8.253189 7.654079 7.490032 7.584016 7.344901 6.272781 6.055202 5.575921 4.72797 4.256887 3.70658 3.674034 4.09006 4.199481 4.224048 4.182888 4.148736 4.098581 4.055389 3.552637 3.04876 3.004486 3.111441 3.272244
7.972879 8.265123 8.836889 9.581721 10.30403 10.73888 11.05669 11.50697 11.5906 11.33226 10.47594 9.451015 8.78044 8.093577 8.628532 9.550886 10.04428 9.360938 8.464599 7.89903 6.995381 5.842086 5.562958 6.370432 6.241446 5.254436 4.110034 4.174076 4.871458 5.505752 4.49624 4.018978 5.589818 6.319311 6.451028 8.583229 11.01835 12.19885 10.83906 7.804718 6.362566 6.389162 6.743579 7.336044 6.165223 5.665389 5.368566 4.814871 4.462519 3.990072 3.799836 4.041391 4.244015 4.266692 4.251318 4.293736 4.18675 4.20802 3.704843 3.026365 2.670824 3.097192 3.214166
8.052692 8.452136 9.066676 9.805068 10.36414 10.78759 11.08407 11.29979 11.40919 11.36509 10.59034 8.967975 8.134552 7.760892 8.400188 9.567533 10.15222 9.534505 8.49638 7.770032 6.790074 5.636117 5.110141 6.157706 6.674025 5.918736 4.619764 4.179813 4.492134 4.944274 4.236486 4.313788 5.966437 5.942966 6.721152 9.080598 11.1023 12.19882 11.45446 8.417914 6.087231 5.241899 5.91788 6.918777 6.285666 5.45204 5.037732 4.769566 4.547618 4.256883 3.959243 4.011602 4.091109 4.244363 4.215926 4.287094 4.217085 4.108601 3.412112 2.898108 2.733247 3.07993 3.191947
8.598956 8.598433 9.212898 9.980833 10.41382 10.77788 11.23645 10.96725 10.67278 10.77548 10.89315 9.559305 8.115298 7.598308 7.920128 8.799857 9.508633 9.233261 8.508741 7.980536 7.137502 5.844425 5.060304 5.797586 6.286956 5.818318 5.383904 4.820537 4.320744 4.213202 4.01246 4.842726 5.634786 5.682087 7.475603 9.527786 11.17064 11.82083 11.18909 8.634367 6.546311 5.015829 5.17157 6.126881 5.992682 5.471737 5.122313 4.863272 4.677515 4.512894 4.258358 3.927239 4.071854 4.119935 4.174052 4.240766 4.306833 3.720797 2.708366 2.416624 2.760107 3.004364 3.380672
9.111138 9.133232 9.498394 10.21137 10.56571 10.71207 11.14964 10.48489 9.228506 9.400498 10.46745 9.867987 8.88242 8.289553 8.000912 8.136882 8.732042 8.681997 8.198949 7.812994 7.408191 6.249521 5.528306 5.569007 5.901011 5.721671 5.46356 5.433188 4.873738 3.887968 3.983267 4.738396 5.118081 6.279204 8.148516 9.941748 11.28029 11.08276 10.12497 8.146153 6.764921 5.2126 4.833473 5.463713 5.513242 5.323017 5.207808 5.101422 4.917233 4.822098 4.591891 4.102683 3.968251 4.089996 4.103862 4.099343 3.986361 2.965983 2.321514 2.577338 3.447427 3.700625 3.852806
9.575542 9.907849 10.2843 10.59059 10.9621 10.87957 10.62277 10.12146 8.054148 8.096922 9.735896 9.628069 9.239723 8.927483 8.755294 8.335871 8.344988 8.105643 7.828741 7.563959 7.205081 6.558785 6.112018 5.610161 5.434001 5.560235 5.538373 5.746248 5.232753 4.006952 3.666321 4.0395 5.133542 6.931058 8.80784 10.51115 11.2205 10.70604 9.121514 7.334493 6.441195 5.541155 5.030852 5.056549 5.207864 5.193166 5.066556 5.058287 5.019709 4.959064 4.817419 4.423213 4.151163 4.002508 3.852163 3.619038 3.20459 2.295222 2.559554 3.157745 3.979657 4.121308 4.093686
10.18539 10.81614 11.07679 11.29659 11.4529 11.34096 10.58896 9.193891 7.152662 6.948439 9.078225 9.126081 9.250607 9.215527 9.006262 8.388098 8.195494 8.008829 7.722106 7.573693 7.374177 7.229831 6.767488 5.75666 5.231271 5.465812 5.557607 5.921784 5.256022 4.098675 3.340106 3.794323 5.560059 7.405948 9.130762 10.58161 10.99911 10.16031 8.583276 6.710102 5.795636 5.542165 5.378216 5.368597 5.231941 5.005031 5.043192 5.006815 4.861399 4.845969 4.875995 4.622614 4.309822 3.811181 3.47475 3.007945 2.344018 2.881972 2.880563 3.185122 4.045819 4.407538 4.451699
10.63794 11.39724 11.93214 11.89192 11.95507 11.36264 10.64281 8.979136 6.654241 6.027016 7.66423 8.35686 9.001812 9.243834 8.880842 8.401814 7.981505 8.035453 7.867645 7.913327 7.568895 7.510633 6.940706 5.727415 4.953448 5.24544 5.763112 6.47809 6.016142 4.306311 3.238607 3.903431 5.707596 7.554661 9.310528 10.44781 10.53594 9.529129 8.079671 6.454686 5.518661 5.301342 5.337634 5.466556 5.449586 5.228567 5.219447 5.089643 4.622643 4.635588 4.708381 4.48475 3.934557 3.184268 2.471586 2.85329 2.952775 3.279684 3.393016 3.261652 3.724036 4.56713 4.744008
10.92008 11.50492 12.29775 12.51459 12.19668 11.43758 10.83979 9.38467 7.117261 5.505903 6.263325 7.243023 8.565816 9.028374 8.80217 8.309787 7.687479 7.760503 8.147902 8.432526 7.957905 7.701133 6.90296 5.732853 5.058042 5.208177 6.044572 6.77689 6.754668 4.791993 3.207592 3.488515 5.371629 7.443398 9.169918 10.05377 9.842705 9.10155 7.756293 6.175107 5.523961 5.386243 5.27076 5.46415 5.335329 5.259815 5.3119 5.413416 4.77217 4.367985 4.297574 3.837564 2.050527 1.146269 2.39402 2.959718 3.282902 4.077851 4.537145 3.449212 3.328804 4.615205 4.903893
11.18752 11.75765 12.36648 12.80291 12.12539 11.1609 10.91079 10.11161 8.137256 6.13093 5.597785 6.076639 7.602202 8.355999 8.533846 8.612412 7.402465 7.390864 8.321231 8.366517 7.844675 7.470975 6.486897 5.738101 5.556759 5.925281 6.46919 7.03275 6.933172 5.295737 3.345984 3.317567 5.490985 7.493551 8.776444 9.371572 9.072236 8.575355 7.525273 5.998481 5.264668 5.388579 5.431846 5.477194 5.373234 5.236089 5.116794 5.459683 5.302749 4.424629 3.468858 2.469539 1.74178 1.171354 1.562178 3.305443 4.437343 5.440255 5.308322 3.442737 3.297561 4.658553 4.830612
11.03303 11.6951 12.55723 12.5363 12.0331 10.6593 10.76645 10.28934 8.727041 7.517751 6.244997 5.403119 6.332447 7.446941 8.394536 9.036098 7.700645 7.066075 7.93236 7.930552 7.348752 7.180401 6.120606 5.59027 6.089926 6.675142 7.21339 7.14187 6.910644 5.811911 3.305145 3.501416 5.674934 7.227615 8.365172 8.662881 8.258682 7.797524 7.097049 5.953797 5.409544 5.405141 5.409279 5.487659 5.583518 5.328385 5.11089 5.161529 5.38785 4.729386 3.209804 2.315678 2.336117 2.382801 4.320018 4.888313 5.519144 5.947864 5.581491 3.584001 3.363455 4.334044 4.616815
10.51748 11.15074 11.77618 11.89814 11.44361 10.29887 10.54773 10.13001 8.805202 8.109613 7.188926 5.694725 5.42395 6.393369 8.089703 9.119729 8.458401 7.155696 7.199869 7.232121 6.75908 6.85534 5.794047 5.407839 6.342797 7.137217 7.683054 7.229488 6.841368 5.924465 3.934626 3.685135 5.199707 6.6708 7.749467 7.908428 7.306756 6.914567 6.688624 5.931449 5.618941 5.41376 5.511559 5.429811 5.652951 5.458936 5.323799 5.070076 5.051161 4.651834 3.046442 2.229147 2.459654 4.057438 5.208963 5.479276 5.649336 6.058897 5.721054 4.069662 3.517113 3.630291 3.972093
10.1996 10.49578 10.78857 10.78056 10.08195 9.555078 10.45691 9.797068 9.008239 8.40486 7.627577 6.279821 5.216187 5.501225 7.135611 8.608722 8.835709 7.909345 6.737466 6.50466 6.352885 6.549662 5.44399 5.167528 6.476818 7.358908 7.963588 7.690003 7.228139 6.155984 4.728745 3.98927 4.736805 5.591625 6.766914 7.044645 6.410502 6.454393 6.604553 6.527706 5.922925 5.476878 5.620675 5.640376 5.691871 5.515668 5.468282 5.227106 4.699025 4.04162 2.654562 2.253596 2.236633 4.453341 5.594179 5.598123 5.687236 6.041802 6.085893 5.110199 3.923722 3.675496 3.760576
10.13842 9.638464 9.901496 9.795865 8.715148 8.994393 10.22283 9.892008 9.587568 9.059336 8.281061 7.17042 5.789899 4.788007 5.93465 7.732295 8.800945 8.40719 7.1795 6.165969 5.977524 6.094791 5.279195 5.041547 6.23513 7.380317 8.17348 8.405478 7.799293 6.548468 5.505578 4.909736 5.123844 5.09482 5.716834 6.094759 5.984629 6.168133 6.471629 6.652572 6.026981 5.81106 5.716636 5.956597 6.034704 5.791643 5.472651 5.151143 4.470631 3.214841 2.361662 2.077701 2.62459 4.491053 5.404228 5.460255 5.553367 5.988101 6.026031 5.879497 4.85037 4.043089 4.065597
9.970757 8.780919 8.904113 9.019316 7.907918 8.506899 9.737739 9.876366 10.15651 9.758123 8.886386 7.859337 6.761828 5.155788 5.044373 6.787524 8.386482 8.523729 7.465598 6.273497 5.481349 5.704143 5.19366 4.986818 6.034327 7.455085 8.53263 9.109259 8.313187 6.744495 5.634309 5.746468 6.186101 5.990333 5.149926 5.162518 5.682806 5.888173 6.251599 6.541611 6.311571 6.137946 5.932694 6.170585 6.297668 5.979758 5.648271 5.109544 3.888227 2.405403 2.450371 1.773348 2.957116 4.371984 5.075292 5.255316 5.400415 5.931493 6.14967 6.267549 5.642548 4.56311 4.576097
9.679141 7.835522 7.682642 8.072248 7.340968 8.136105 9.333529 10.00715 10.1793 10.13535 9.110147 8.010345 7.079166 5.983378 5.011152 5.957366 7.784419 7.972123 7.432234 6.71345 5.646574 5.285542 4.995934 4.992304 6.077981 7.648842 8.83623 9.216992 8.254461 6.71103 5.641115 5.995334 6.710534 6.682787 5.828515 4.848583 5.018622 5.4915 5.816426 6.163001 6.333593 6.13802 6.076847 6.343327 6.482046 6.163062 5.687269 5.230857 3.528882 2.298747 2.660773 2.397498 2.598006 3.927256 4.953602 5.089231 5.209078 5.659083 6.001338 6.396187 5.936584 5.265511 5.116755
10.23631 7.473272 6.599217 7.067948 6.917084 8.010171 9.093173 9.75111 10.01675 10.271 9.443923 8.404029 7.247636 6.213984 5.243282 5.554031 6.853391 7.309365 7.059484 6.85887 5.985548 5.353682 4.983226 5.037152 6.15638 7.848881 8.970953 9.212505 8.097852 6.672561 5.779688 6.045348 6.407681 6.765001 6.215872 5.276382 4.730455 5.063664 5.408658 5.903152 6.265122 6.265449 6.366749 6.446849 6.401211 5.949589 5.441011 5.044533 3.695421 2.436105 2.961209 2.995912 2.784205 3.363196 4.740554 4.918701 4.964316 5.367538 5.773776 6.321004 6.123451 5.75258 5.581424
10.61513 7.932403 5.998836 6.006854 6.984196 8.21927 8.686522 9.176347 9.930465 9.916865 9.403836 8.615195 7.662602 6.782657 5.771842 5.385926 6.205395 6.67111 6.805984 6.658193 6.053963 5.565748 5.033203 5.107934 6.410915 8.309813 8.976428 8.916239 7.838544 6.68433 6.114716 6.044445 6.284959 6.46964 6.193625 5.574971 5.055293 4.937697 5.197278 5.808571 6.265038 6.485346 6.597091 6.390488 6.117142 5.691986 5.04265 4.478433 3.849308 3.13827 3.253567 3.330735 3.215773 2.992844 4.346137 4.672535 4.778623 4.999714 5.537325 6.009381 6.215233 6.062487 5.97593
10.76618 8.532187 6.16028 5.454397 7.014497 8.271681 8.449521 8.764428 9.465343 9.543284 8.953512 8.503309 8.122262 7.123879 6.474346 5.984239 5.85909 6.277565 6.646887 6.331939 5.914485 5.675063 5.069036 5.115827 6.829297 8.77375 9.364639 8.591798 7.155162 6.398211 6.191439 6.230431 6.032417 6.094105 5.944075 5.68509 5.309486 4.826908 5.085531 5.557236 6.176561 6.565734 6.809004 6.003009 5.689451 5.250877 4.634484 4.463617 4.23138 4.029255 3.588984 3.551074 3.451959 3.375953 3.784745 4.376709 4.52717 4.723961 5.07875 5.67439 6.196072 6.218386 6.146987
10.41128 8.801216 6.399009 5.281554 6.940046 8.107551 8.479826 8.777509 9.150144 8.898994 8.410074 8.09323 8.099585 7.24943 6.730923 6.651345 6.059535 6.071913 6.169588 6.183073 5.925632 5.72963 5.064028 5.116871 7.163382 8.999739 9.786432 8.556483 6.831095 6.025679 5.973175 6.136711 6.093049 5.758438 5.748741 5.643643 5.387457 5.050065 5.11498 5.381646 6.008066 6.532813 6.726374 5.856328 5.421615 5.076812 4.793713 4.91374 4.986848 4.462252 3.958374 3.830184 3.629201 3.733469 3.620398 3.785983 4.201207 4.465414 4.611172 5.184738 5.96297 6.318389 6.304296
9.820059 8.553538 6.735668 5.213531 6.531969 7.669163 8.526149 8.898036 9.066805 8.554782 7.880322 7.764691 7.94006 7.099904 6.399568 6.75101 6.407736 6.077224 6.090717 6.168853 5.830878 5.747909 5.152492 5.453362 7.45112 8.976112 9.606034 8.51154 6.839624 5.777161 5.71785 5.917554 6.109469 5.893777 5.652387 5.563184 5.366739 5.314091 5.274519 5.217058 5.922701 6.46995 6.318253 5.78957 5.417943 5.219809 5.005094 5.06481 5.337615 4.558854 4.245225 4.319664 3.965769 3.863007 3.861838 3.859967 3.746494 3.900124 4.112533 4.607789 5.520501 6.173461 6.391992
9.38346 8.169857 6.993304 5.258678 6.033387 7.428081 8.650281 8.863748 8.697733 8.620409 8.029597 7.470976 7.578908 6.944314 6.32593 6.589553 6.37039 5.960453 6.50907 6.749989 5.749476 5.570201 5.147309 5.369021 7.320476 8.684939 9.421235 8.451443 6.797076 5.806626 5.615169 5.653373 6.010234 5.91 5.730109 5.602884 5.541541 5.682529 5.675144 5.345407 5.958408 6.359126 6.037595 5.419217 5.314655 5.307017 5.156795 5.209742 5.158352 4.446016 4.447458 4.639103 4.612835 4.168956 3.814736 3.909298 4.118135 3.949283 3.428365 3.877514 4.867764 5.812397 6.414224
