py_wake/examples/data/AJ_ParqueFicticio/Rough survey   Sector 11   Height 200m   Orographic turn.grd
DSAA
73  159
 258469   265669
 6501692   6517492
-11.48195   15.21141
[rows 27 to 53 of 159, columns 0 to 60 of 73]
.6808788 .7038111 .6950861 .6946964 .6828653 .6632047 .6657429 .6803438 .7067054 .7085623 .6598001 .6247172 .5917041 .5231767 .5088683 .5326301 .5766191 .5875816 .600125 .6259235 .6677288 .690272 .7024196 .7991854 .9426217 1.126426 1.306742 1.369647 1.315406 1.325355 1.290205 1.282995 1.449077 1.675964 1.915074 1.766778 1.61617 1.60191 1.638092 1.887956 1.991266 1.804422 1.499901 1.17015 1.001141 .9065342 .8425992 .6407491 .3074109 -.2306595 -.9039119 -1.836554 -2.981365 -4.08946 -5.128072 -6.329158 -7.352868 -7.766285 -7.317796 -6.146458 -4.666471
.6644957 .6761622 .6660904 .6692925 .6681426 .651625 .6720201 .6613017 .6833611 .6682699 .6280491 .5840004 .548672 .5487626 .5586051 .6011233 .6104881 .6004542 .6301868 .6526557 .6776962 .7063423 .7483286 .8609046 1.027899 1.207284 1.378514 1.390213 1.430497 1.401592 1.390632 1.446 1.587979 1.779458 1.95557 1.873055 1.788627 1.787811 1.851767 2.020821 2.078137 2.008105 1.868659 1.587126 1.428278 1.382601 1.388534 1.221117 .7296274 .1126281 -.6625268 -1.618581 -2.781188 -3.909755 -5.015487 -6.295359 -7.290727 -7.445546 -6.63222 -5.162021 -3.565687
.6396714 .6528574 .6294185 .6395991 .6168083 .6213039 .6498204 .6399334 .6451954 .6492155 .607427 .5766465 .56216 .5798275 .6141155 .6594837 .6560076 .6448714 .6606804 .6725322 .7236878 .7804719 .8498072 .9520143 1.102741 1.279123 1.429926 1.467584 1.505573 1.536905 1.588203 1.671803 1.83065 2.021652 2.20754 2.217344 2.106278 2.130072 2.145153 2.205401 2.282557 2.250308 2.1839 1.965663 1.806623 1.793814 1.802958 1.644959 1.214309 .5874477 -.2145607 -1.291489 -2.512879 -3.699623 -4.86684 -6.114634 -6.997597 -6.920195 -5.831871 -4.140491 -2.486002
.626042 .6347648 .5970994 .6152202 .6011013 .6008151 .6107385 .6086648 .6131065 .5814487 .5770609 .5714999 .5747898 .5904528 .6546482 .6878861 .666324 .6531197 .6709041 .6628761 .7575102 .8567793 .9654326 1.048723 1.208901 1.348869 1.464784 1.551477 1.628754 1.702162 1.781658 1.896255 2.104127 2.262137 2.395566 2.372571 2.336213 2.377248 2.472578 2.502171 2.485681 2.546384 2.400193 2.255782 2.108123 2.018916 1.92435 1.751058 1.332546 .7684752 .04521993 -.9673341 -2.209749 -3.504096 -4.705663 -5.885502 -6.629663 -6.371507 -5.067541 -3.33239 -1.698743
.5959064 .6135312 .6067004 .6171169 .579464 .5813555 .5859834 .5898775 .5717816 .5625278 .5551535 .5568117 .5761513 .6083502 .6696486 .6876696 .6746309 .6281474 .6150442 .6873243 .8184342 .9092941 1.052445 1.160779 1.278157 1.425266 1.530637 1.599756 1.729251 1.846574 1.903054 2.052008 2.291008 2.485423 2.569933 2.524837 2.558567 2.661543 2.72623 2.684261 2.64536 2.654892 2.569857 2.412581 2.272985 2.086429 1.807719 1.407786 1.006705 .4255751 -.2230719 -1.12219 -2.244702 -3.466906 -4.690607 -5.717746 -6.217702 -5.73793 -4.373258 -2.672387 -1.210182
.586395 .593131 .5765063 .5894107 .5669814 .5780528 .5596071 .5441613 .5402647 .5425758 .5429552 .5476816 .5586147 .6356391 .6734691 .6648691 .6469736 .6014334 .6069683 .7502455 .8803465 .9815905 1.118729 1.237963 1.34626 1.508658 1.610388 1.715758 1.836905 1.913624 2.016416 2.183682 2.42321 2.585517 2.656013 2.676496 2.747552 2.892354 2.908124 2.827321 2.746462 2.671115 2.517995 2.417961 2.238701 1.99043 1.574664 1.099731 .5136264 -.1809633 -.9791706 -1.867742 -2.835307 -3.881281 -4.891294 -5.637334 -5.784032 -5.050305 -3.661762 -2.076889 -.9940811
.5801697 .551713 .5560297 .5280576 .5333125 .5223056 .5407019 .5255233 .5138422 .5065379 .5151031 .5107177 .5695245 .6434076 .6448295 .6428468 .6111512 .5571628 .6248247 .7643278 .9371532 1.038622 1.140171 1.290798 1.395667 1.521121 1.644089 1.69902 1.848827 1.985086 2.108769 2.280176 2.475162 2.664494 2.807746 2.93542 3.0157 3.191885 3.188332 3.069488 2.916993 2.629964 2.358577 2.123991 2.010005 1.757985 1.384437 .9450402 .3564528 -.4632969 -1.437636 -2.482166 -3.473444 -4.361475 -5.137908 -5.557813 -5.334852 -4.359151 -2.943204 -1.525949 -.6935642
.5858924 .5372142 .5290713 .4950562 .4940132 .4580764 .4768208 .4819004 .4604401 .462839 .4410883 .4848797 .5080336 .5854126 .5921905 .5624918 .5170094 .51738 .6549428 .834223 .9673766 1.098043 1.205573 1.336875 1.444659 1.562424 1.617277 1.735778 1.878076 2.008331 2.190306 2.361784 2.526642 2.712863 2.913634 3.151612 3.288553 3.442634 3.490504 3.41693 3.1413 2.638612 2.165818 1.752709 1.581957 1.436872 1.232432 .9036093 .4198367 -.2702765 -1.211768 -2.264691 -3.347563 -4.339757 -5.017961 -5.214978 -4.712408 -3.58665 -2.079392 -.7585201 -.3426127
.5710648 .5058481 .4902833 .474549 .4672728 .4476166 .4160407 .4259213 .4236429 .4036181 .3970072 .4378858 .4702798 .5283163 .5258751 .4854259 .4446183 .4664384 .6882388 .892451 1.042951 1.157081 1.246982 1.355795 1.462817 1.545725 1.638011 1.764386 1.933764 2.088794 2.247537 2.443659 2.635814 2.819828 3.071892 3.328955 3.538917 3.741879 3.905703 3.954164 3.456011 2.844849 2.080978 1.475022 1.121322 1.077092 1.018316 .8068814 .5159949 -.02527307 -.7140335 -1.688029 -2.667146 -3.612462 -4.357869 -4.554788 -4.03527 -2.807121 -1.227487 -.0121774 .09774791
.553431 .5085834 .4864027 .4292808 .4062671 .4095218 .3989655 .3950294 .363665 .358585 .3275093 .3494549 .3990994 .4702361 .4405369 .3970201 .3777169 .3970076 .6184484 .8844092 1.064702 1.180095 1.267625 1.34974 1.408466 1.498286 1.648589 1.800267 1.9893 2.157985 2.33412 2.53597 2.718593 2.940266 3.185057 3.51073 3.840436 4.166652 4.478258 4.439329 4.008463 3.259388 2.347814 1.531747 .9134644 .7250925 .6596994 .4884591 .2582318 -.08774018 -.6601968 -1.393993 -2.203294 -2.987771 -3.669601 -3.951946 -3.486116 -2.252275 -.6847025 .5122649 .5144644
.5480321 .4872479 .4587043 .4025646 .3467768 .3711979 .3702687 .3437308 .3336921 .2824396 .2989328 .3081145 .3397592 .4128343 .3890921 .3823718 .3951929 .4034604 .5402896 .7893806 1.019613 1.148165 1.227018 1.297412 1.340513 1.480681 1.632433 1.831416 2.030536 2.220331 2.429018 2.602167 2.797193 2.993918 3.266664 3.63178 4.12794 4.519874 4.828045 4.933857 4.522157 3.753261 2.822665 1.952207 1.163647 .6438485 .3773242 -.04814656 -.4178538 -.7360473 -1.230044 -1.821781 -2.416694 -2.970792 -3.505991 -3.704459 -3.242357 -2.064342 -.4925817 .6182274 .694913
.5041679 .4561085 .3967474 .3726856 .3304143 .3104348 .3271141 .3044115 .2775598 .2605336 .2591131 .2462522 .2952358 .3391219 .3567599 .3801415 .4205189 .4613214 .5503063 .7006003 .9651226 1.073892 1.156039 1.219712 1.290869 1.445637 1.643698 1.840956 2.017666 2.242963 2.452516 2.57577 2.790217 3.016022 3.318143 3.757737 4.376585 4.818751 5.208445 5.273021 4.834203 4.110027 3.239292 2.405008 1.767839 1.22155 .6582435 -.09950539 -.7827224 -1.297602 -1.879741 -2.471628 -2.999062 -3.42717 -3.768273 -3.842718 -3.310397 -2.191545 -.7751238 .2169884 .4743882
.4396394 .406763 .3446733 .3056433 .3129579 .2620695 .270522 .2486487 .2262523 .1838477 .1753836 .2135769 .2908153 .3426549 .358391 .4162496 .4230687 .4716134 .5812587 .752741 .9381204 .9806392 1.044715 1.103291 1.239699 1.425819 1.617427 1.804717 2.008384 2.240009 2.407309 2.572101 2.747307 3.012858 3.258531 3.810941 4.413242 5.016519 5.495111 5.405361 4.932936 4.236279 3.46958 2.797082 2.340991 2.07762 1.659676 .8806838 .004636737 -.8490683 -1.71027 -2.405041 -2.992113 -3.551921 -3.928988 -3.974277 -3.487197 -2.535657 -1.499815 -.6643102 -.1692095
.4620414 .4085609 .3073446 .2491395 .2419097 .2524379 .2434615 .2045993 .1467093 .1209304 .1261957 .1658163 .3007656 .3470573 .3761451 .3738461 .4103173 .5009854 .5860286 .7531765 .8715296 .918135 .9602123 1.027718 1.197146 1.394758 1.58281 1.781301 1.973398 2.150473 2.336771 2.534148 2.730991 2.922674 3.205751 3.674106 4.30175 5.082134 5.482095 5.297519 4.865137 4.240367 3.566965 3.03609 2.72652 2.736882 2.663954 2.25854 1.425692 .363792 -.6996932 -1.676889 -2.481342 -3.173843 -3.676382 -3.889976 -3.652705 -3.029907 -2.353622 -1.740118 -1.11892
.4714651 .3645135 .3025276 .2291861 .19792 .2072832 .2332703 .1955564 .1080812 .04512108 .03574969 .06997087 .2282954 .3206288 .365232 .3814837 .4122757 .4506044 .5616153 .7186693 .7873632 .8217189 .8879839 .9168664 1.050928 1.333914 1.507322 1.698997 1.842052 2.047349 2.224431 2.416133 2.605113 2.804307 3.065814 3.466017 4.135898 4.92545 5.105134 4.901369 4.46011 3.969697 3.436188 2.954188 2.746203 2.897159 3.122733 2.996862 2.388784 1.333364 .1434051 -1.047728 -1.997475 -2.751444 -3.459668 -3.851314 -3.904885 -3.658524 -3.21981 -2.696092 -2.08503
.4550427 .3479882 .2603541 .1779199 .1146455 .1215481 .1799126 .1499078 .06325355 .02991175 .01127087 .01600574 .09055737 .2380487 .3184866 .3152705 .3516402 .3937691 .516816 .6777909 .750419 .776825 .7671648 .8686888 1.033673 1.262218 1.406754 1.561651 1.716068 1.91001 2.080962 2.303531 2.428214 2.642643 2.893807 3.250524 3.828863 4.366478 4.478377 4.215203 3.775826 3.23917 2.758829 2.277994 2.098236 2.194322 2.510221 2.526272 1.980486 1.092268 -.003799166 -1.077409 -2.078136 -2.977226 -3.740953 -4.301804 -4.511701 -4.278829 -3.726334 -3.094004 -2.540875
.4445386 .3295932 .2177363 .1214912 .02841266 .04082081 .1584067 .1245497 .0134848 -.03101389 -.01710948 .004751686 .08176261 .1677749 .2253699 .2468593 .2908829 .326882 .4556736 .6169482 .6885648 .6607005 .6348994 .8004242 .9927835 1.150646 1.278205 1.416092 1.519803 1.703978 1.924618 2.04957 2.176298 2.367388 2.583196 2.890843 3.302151 3.667278 3.672786 3.279239 2.815702 2.195889 1.587708 1.082885 .8302678 .8637668 1.006633 .9299482 .3788598 -.3854243 -1.220683 -2.154521 -3.027286 -3.869181 -4.677128 -5.262598 -5.339814 -4.835487 -4.007529 -3.098713 -2.497504
.4809375 .3859492 .2684048 .1346233 .1343221 .1395298 .1460445 .09291485 .02461683 -.02748353 -.02754195 .05833433 .124747 .1881281 .2100646 .2510645 .2401828 .3084143 .423829 .5491747 .5946284 .5475874 .52616 .5825313 .8509106 .9841154 1.078348 1.148198 1.277578 1.462738 1.646024 1.716397 1.843761 2.024951 2.15821 2.390397 2.707645 2.940444 2.864105 2.498836 1.919706 1.199451 .4891439 .01255311 -.3086446 -.3742259 -.4005486 -.6122609 -1.134337 -1.815838 -2.556092 -3.303316 -4.023866 -4.825575 -5.588042 -6.129804 -6.020789 -5.227052 -4.048029 -2.923084 -2.122871
.4651592 .3730208 .3111166 .1858037 .2222625 .2389965 .2006853 .05056232 -.02479757 -.05170551 -.05692562 .04059303 .1402243 .2127994 .2311392 .2376752 .2132801 .2800568 .371583 .4604923 .459275 .4327407 .3766605 .434974 .5933543 .7717412 .8273004 .8548871 .965934 1.180114 1.280761 1.223776 1.438209 1.620064 1.688501 1.870023 2.155797 2.326947 2.219446 1.953138 1.403173 .70083 .04577126 -.3553244 -.6336814 -.7602965 -.7987055 -1.008642 -1.481288 -2.097835 -2.780297 -3.541756 -4.419758 -5.296267 -6.022149 -6.391684 -6.090742 -5.179017 -3.941957 -2.722946 -1.80245
.4534174 .3391644 .3051974 .2602472 .2514977 .2316693 .1220248 -.05667602 -.1266548 -.1381916 -.1249975 -.02737088 .1278415 .1990697 .1930947 .1700223 .1951225 .2537248 .3520905 .4021352 .3945814 .3169514 .278365 .3437262 .4488552 .5806932 .5858356 .5792159 .637696 .7872603 .8454341 .7763722 .9035874 1.065404 1.063992 1.287003 1.577772 1.732091 1.768143 1.545938 1.164731 .6886485 .1938827 -.08573515 -.3638006 -.5394741 -.6165229 -.7827139 -1.181772 -1.798842 -2.554593 -3.472352 -4.510657 -5.481003 -5.983948 -5.997139 -5.47097 -4.587658 -3.570812 -2.58329 -1.766287
.4596956 .3394381 .2760973 .2575562 .221479 .1337572 .03251391 -.1360312 -.23871 -.2727639 -.1988641 -.0699916 .1336507 .2260314 .2174324 .1603112 .1759677 .2101635 .2789198 .3439795 .2859864 .1926181 .1973561 .2555028 .4010935 .4391809 .4114236 .3609979 .3934693 .4195488 .4226562 .3957703 .3606082 .5142757 .452507 .587906 .8380835 1.069481 1.137268 1.040904 .8632978 .5966888 .2972895 -.003680292 -.250686 -.4826178 -.6691378 -.9072674 -1.377105 -2.05841 -2.902847 -3.871414 -4.846329 -5.560735 -5.77848 -5.408123 -4.595469 -3.631055 -2.72564 -2.142709 -1.778082
.4352671 .3489108 .2685889 .2417585 .1798234 .06951996 -.06480715 -.1839706 -.3060469 -.2501617 -.1817217 -.1024651 .106146 .2535156 .225802 .1823597 .153101 .1457614 .2096009 .30712 .2356022 .1574993 .1043536 .09122244 .2605002 .3311726 .2234456 .209409 .181889 .1485271 .05485707 -.07330344 -.06606194 -.01762305 -.0882657 -.03246307 .1117096 .2865408 .3567616 .3539405 .2048586 .05475773 -.1929496 -.4169278 -.6592401 -.9597469 -1.189196 -1.526564 -2.048355 -2.815437 -3.759641 -4.721095 -5.413364 -5.730975 -5.647976 -5.098375 -4.076806 -2.906312 -1.823155 -1.294374 -1.191138
.4065729 .2967131 .2432379 .1979922 .1205021 .0207216 -.1181754 -.2172654 -.2779162 -.2072198 -.06987435 -.009200568 .08224292 .2297035 .2408679 .1486119 .12716 .1241588 .1294686 .2481962 .2162769 .1309309 .06381675 .08590479 .1164507 .1836181 .1050503 .003989001 -.04601132 -.1438679 -.2962187 -.4307968 -.3901573 -.4571261 -.6218974 -.6491489 -.5622883 -.4958305 -.4199355 -.5431931 -.713994 -.8727889 -1.077109 -1.226918 -1.440024 -1.580793 -1.737532 -2.105596 -2.695874 -3.548425 -4.515888 -5.392365 -5.819791 -5.847172 -5.639721 -5.074714 -4.131619 -2.899656 -1.587285 -.6943158 -.4206555
.4024982 .297341 .2280061 .1997465 .08168878 -.01549611 -.1617333 -.2378948 -.1930168 -.1145638 .02402566 .1804394 .2419745 .2400478 .1752679 .116391 .1246179 .1593691 .2333499 .277879 .2140146 .15537 .1090549 .1458368 .1523204 .08911216 -.02298447 -.1307331 -.2014086 -.4028713 -.5791697 -.762751 -.8654897 -.9692608 -1.196798 -1.281036 -1.190675 -1.203233 -1.246776 -1.351698 -1.51546 -1.655529 -1.735733 -1.806377 -1.892746 -2.036064 -2.26708 -2.683266 -3.277441 -4.098793 -5.009411 -5.813121 -6.043018 -5.759768 -5.396153 -5.00296 -4.353237 -3.301585 -1.983047 -.7701036 -.04467077
.3824782 .2916017 .1957708 .1400473 .02636533 -.1061547 -.2000398 -.1736113 -.1243544 -.006255499 .1276449 .282747 .320341 .2615518 .2073298 .1618257 .1627421 .2496058 .3076571 .24394 .1975245 .1752163 .1841381 .2282739 .1908777 .03485424 -.09451817 -.1555679 -.3141687 -.5449975 -.8434739 -1.048065 -1.251877 -1.478608 -1.78319 -1.973159 -1.926729 -1.94733 -1.990853 -2.085818 -2.229552 -2.238529 -2.281987 -2.248909 -2.285242 -2.50289 -2.86166 -3.299436 -3.851413 -4.653716 -5.492795 -6.095517 -6.135427 -5.576358 -4.952812 -4.57595 -4.296594 -3.669709 -2.599513 -1.371217 -.3442341
.351563 .2233985 .14192 .07331984 -.02178388 -.1309813 -.2140331 -.168438 -.07399217 .02751769 .1562746 .2437326 .3199023 .2727722 .2029105 .1746871 .1976579 .2797793 .286199 .2137927 .1564935 .1588125 .2295699 .277043 .1928653 .05178689 -.04810643 -.1077095 -.2955732 -.5705323 -.8783991 -1.063122 -1.291102 -1.64727 -2.084466 -2.34428 -2.517259 -2.546775 -2.497114 -2.645392 -2.848062 -2.930829 -3.025676 -3.00292 -3.081503 -3.351494 -3.669028 -4.016457 -4.4977 -5.138893 -5.858848 -6.247102 -6.02635 -5.279961 -4.501361 -4.045978 -3.905027 -3.643722 -2.901206 -1.912197 -.9528625
.2694544 .1691526 .0956484 -.01429657 -.08465001 -.1521863 -.1823231 -.1489889 -.0344487 .05661178 .1709421 .251718 .2966831 .2817953 .2392424 .1954502 .2379589 .3007794 .2993293 .1963475 .1857416 .2424448 .3045721 .2799257 .1999431 .0642945 .03625514 -.05198757 -.264698 -.5451075 -.8372038 -1.058015 -1.221518 -1.5466 -1.922879 -2.215911 -2.5093 -2.757538 -2.662853 -2.785624 -3.093594 -3.434459 -3.683232 -3.843278 -4.046249 -4.377309 -4.632874 -4.81256 -5.144842 -5.58653 -6.025904 -6.190589 -5.823196 -4.905991 -4.12639 -3.665265 -3.509137 -3.349208 -2.819555 -1.955203 -1.191376
