py_wake/examples/data/AJ_ParqueFicticio/Rough survey   Sector All   Height 200m   Weibull-A.grd
DSAA
73  159
 258469   265669
 6501692   6517492
 7.03999   12.41252
[rows 56 to 83 of 159, columns 0 to 62 of 73]
9.031127 9.054594 9.077696 9.097542 9.110583 9.105589 9.094671 9.08558 9.075248 9.06425 9.051697 9.039052 9.027324 9.001645 8.962272 8.949648 8.949356 8.951259 8.950932 8.954762 8.935157 8.905396 8.906696 8.927111 8.935577 8.943417 8.947268 8.958274 9.027889 9.152464 9.269685 9.27948 9.20031 9.200397 9.253581 9.319138 9.346008 9.262662 9.109251 9.062607 9.136458 9.191438 9.199765 9.19854 9.227199 9.316513 9.408465 9.465361 9.6046 9.817037 10.06738 10.23532 10.15767 9.904544 9.729411 9.883216 10.16251 10.24369 10.00784 9.652787 9.383262 9.390244 9.649491
9.014773 9.043644 9.065968 9.085778 9.105783 9.101573 9.089275 9.076707 9.0626 9.050023 9.037598 9.025131 9.010101 9.002389 8.975604 8.955772 8.951276 8.952484 8.954542 8.959539 8.95628 8.936553 8.926942 8.935377 8.941946 8.946623 8.955993 8.968162 9.041609 9.190218 9.337929 9.348549 9.282152 9.267241 9.329386 9.382961 9.411246 9.353251 9.223379 9.143628 9.170414 9.213799 9.223748 9.22206 9.278584 9.366996 9.393068 9.375892 9.468741 9.662193 9.905893 10.05573 9.999102 9.783616 9.64325 9.81984 10.10776 10.20161 9.977494 9.612733 9.316776 9.265003 9.507666
8.998562 9.023866 9.04966 9.066585 9.081566 9.081358 9.066243 9.054622 9.041246 9.028525 9.015231 9.003562 8.992156 8.989209 8.978898 8.966055 8.955667 8.950422 8.951043 8.959396 8.962793 8.96257 8.95319 8.942446 8.950729 8.957524 8.971107 8.996792 9.056577 9.183927 9.332624 9.353637 9.30178 9.280905 9.318225 9.388428 9.436278 9.380019 9.265725 9.175182 9.177356 9.182236 9.178684 9.22477 9.29859 9.371911 9.365543 9.323812 9.375665 9.523621 9.723777 9.849212 9.827399 9.651681 9.545931 9.729671 10.00528 10.13539 9.971765 9.628646 9.300217 9.173465 9.376923
9.010842 9.035532 9.071716 9.079075 9.057022 9.049186 9.039603 9.028186 9.017639 9.005581 8.995341 8.984987 8.973764 8.971195 8.967724 8.963118 8.957228 8.954214 8.952818 8.958591 8.963889 8.970217 8.97174 8.963633 8.96253 8.977402 9.003253 9.037239 9.081017 9.181741 9.285438 9.304548 9.262892 9.232777 9.282358 9.359496 9.410503 9.390317 9.285237 9.179858 9.143946 9.122797 9.119496 9.198481 9.30549 9.372828 9.358863 9.305789 9.309049 9.402726 9.530596 9.632484 9.652409 9.523232 9.436423 9.597528 9.859945 10.02175 9.922924 9.635482 9.313006 9.122307 9.255938
9.044172 9.070009 9.104917 9.112367 9.064892 9.020855 9.003818 9.002194 8.996488 8.989609 8.979733 8.967973 8.955995 8.950299 8.95055 8.948923 8.9489 8.95063 8.95822 8.967744 8.972044 8.960566 8.967422 8.968667 8.971686 8.995426 9.041958 9.109642 9.178816 9.245811 9.308343 9.30827 9.267417 9.239011 9.264515 9.331446 9.37099 9.361388 9.268064 9.161102 9.088883 9.054813 9.078526 9.183405 9.30439 9.37265 9.374292 9.344524 9.314882 9.307666 9.352942 9.418518 9.478077 9.413665 9.333666 9.45783 9.722178 9.90345 9.828361 9.587934 9.309516 9.109846 9.147965
9.081746 9.111629 9.125574 9.120165 9.080455 9.025879 8.987875 8.979218 8.985466 8.984568 8.977086 8.966866 8.952386 8.941912 8.937831 8.937449 8.938687 8.945567 8.960067 8.974527 8.990499 8.978985 8.969779 8.967553 8.970489 9.00807 9.074262 9.173642 9.275178 9.365786 9.412527 9.376995 9.329946 9.313645 9.308262 9.340935 9.35829 9.32278 9.227427 9.132159 9.050417 8.99364 9.018527 9.128409 9.25978 9.340939 9.361811 9.382041 9.377594 9.298728 9.225544 9.2416 9.328164 9.342774 9.25316 9.329448 9.575533 9.765858 9.719581 9.518167 9.286207 9.106028 9.045947
9.10286 9.136204 9.135047 9.1233 9.084933 9.041595 8.999917 8.979715 8.982538 8.985778 8.981843 8.969448 8.955856 8.941051 8.932425 8.925758 8.922555 8.930391 8.946416 8.969764 8.988706 8.988115 8.974523 8.971378 8.981688 9.015787 9.089472 9.205444 9.33881 9.44376 9.500434 9.468451 9.414908 9.406157 9.385497 9.380999 9.363116 9.286611 9.182224 9.09653 9.013472 8.946637 8.961267 9.055328 9.193347 9.290834 9.336964 9.380934 9.419596 9.357817 9.206866 9.120714 9.184921 9.231289 9.207371 9.215727 9.402206 9.579486 9.582951 9.429807 9.235588 9.091654 9.008959
9.104246 9.132731 9.135959 9.125237 9.094304 9.058835 9.025129 9.00251 8.98939 8.988212 8.988467 8.974177 8.957257 8.944694 8.932026 8.920679 8.911623 8.909434 8.92683 8.949123 8.972071 8.975329 8.970231 8.969342 8.986024 9.031989 9.099027 9.212418 9.351912 9.479321 9.552384 9.537628 9.496995 9.484259 9.484045 9.451852 9.397698 9.298981 9.182352 9.079513 8.981416 8.907619 8.895566 8.973639 9.107917 9.230844 9.281452 9.333634 9.399047 9.386399 9.252007 9.108108 9.073769 9.100513 9.110842 9.099376 9.2084 9.368534 9.403985 9.301167 9.149259 9.04887 8.995147
9.092614 9.119386 9.122607 9.117859 9.101038 9.076129 9.052336 9.030483 9.003229 8.98946 8.984742 8.97433 8.962907 8.949507 8.935052 8.920156 8.912415 8.913363 8.924864 8.938721 8.952452 8.972976 8.973065 8.965631 8.981594 9.024847 9.100494 9.212366 9.350788 9.486438 9.552099 9.551853 9.534439 9.538687 9.552814 9.517754 9.443364 9.329768 9.211254 9.093548 8.975595 8.874434 8.838037 8.898593 9.027061 9.143797 9.200963 9.269513 9.33185 9.360406 9.310962 9.179032 9.032502 8.947734 8.954874 8.987003 9.038129 9.168452 9.221638 9.151292 9.05468 8.97037 8.93107
9.071421 9.094971 9.100437 9.101797 9.099631 9.090184 9.075118 9.058249 9.025326 8.991355 8.980938 8.971404 8.963036 8.954556 8.940078 8.922525 8.912613 8.921323 8.931301 8.944102 8.967395 8.990457 8.993863 8.986148 8.991331 9.01737 9.081604 9.186422 9.314265 9.428894 9.502378 9.510124 9.527727 9.568606 9.580562 9.548132 9.473557 9.345504 9.219268 9.106293 8.987015 8.879513 8.822027 8.852279 8.950231 9.036961 9.098065 9.194179 9.259482 9.30164 9.348038 9.283172 9.099616 8.893015 8.80433 8.841256 8.919221 9.022269 9.082366 9.049714 8.993224 8.910081 8.835017
9.049971 9.066051 9.077879 9.086964 9.091073 9.092243 9.08799 9.074949 9.040118 8.996015 8.978869 8.971351 8.960416 8.950467 8.942405 8.932551 8.921439 8.925224 8.93613 8.95029 8.979749 9.016602 9.021482 9.018192 9.022687 9.040117 9.100021 9.192762 9.283889 9.371877 9.433244 9.459953 9.500613 9.57853 9.591114 9.562172 9.497323 9.366903 9.224837 9.104711 8.988416 8.90589 8.831197 8.823595 8.873945 8.907968 8.992745 9.123643 9.18653 9.206769 9.319766 9.359438 9.194039 8.929851 8.7203 8.686382 8.79189 8.927402 9.046858 9.100183 9.057354 8.952795 8.817772
9.036333 9.045761 9.058418 9.07328 9.083272 9.088978 9.085295 9.077694 9.049393 9.009323 8.986085 8.972154 8.961911 8.950186 8.93957 8.935113 8.931466 8.928734 8.933171 8.953965 8.983302 9.019661 9.037907 9.047101 9.062441 9.095137 9.141445 9.220087 9.300842 9.367674 9.402911 9.431371 9.470856 9.551876 9.58219 9.566803 9.524889 9.42847 9.282514 9.144097 9.016223 8.929105 8.862239 8.812481 8.787599 8.792619 8.890954 9.03913 9.118364 9.120995 9.250551 9.351486 9.238462 8.988576 8.72053 8.568073 8.656331 8.835488 9.025075 9.154934 9.167396 9.078235 8.911547
9.019692 9.030238 9.041647 9.057466 9.074647 9.084608 9.083628 9.075495 9.055537 9.022465 8.993366 8.97471 8.961737 8.954935 8.94876 8.948717 8.940597 8.933256 8.930315 8.94575 8.965598 8.991488 9.02676 9.060721 9.103351 9.161444 9.219442 9.260542 9.322151 9.377594 9.399945 9.411325 9.443489 9.504932 9.556094 9.554878 9.534524 9.46788 9.341703 9.221755 9.118682 9.030194 8.945576 8.853151 8.746184 8.714202 8.79155 8.921121 8.989449 9.001582 9.140638 9.242991 9.170372 8.966318 8.713463 8.517025 8.526122 8.718751 8.935615 9.117124 9.197629 9.169134 9.012321
8.998623 8.999878 9.0093 9.031498 9.059337 9.081994 9.080487 9.074459 9.061002 9.03596 9.004289 8.973659 8.953835 8.952236 8.966796 8.970558 8.954325 8.936269 8.932005 8.932268 8.941003 8.963107 9.013636 9.071773 9.145318 9.213651 9.275208 9.330347 9.387445 9.434048 9.438365 9.408121 9.405353 9.456108 9.51802 9.531659 9.526497 9.472733 9.385681 9.307959 9.232676 9.15616 9.054197 8.926863 8.789512 8.703421 8.725173 8.806971 8.860043 8.893526 8.992839 9.065077 9.014805 8.846153 8.635357 8.447641 8.415934 8.60266 8.835758 9.021349 9.137361 9.158086 9.07528
8.978102 8.9709 8.968301 8.997433 9.038386 9.070545 9.074782 9.075013 9.065803 9.046719 9.014609 8.980963 8.949378 8.947818 8.972954 8.991987 8.972043 8.945807 8.932846 8.930338 8.936584 8.954885 9.022953 9.102022 9.18051 9.257231 9.320206 9.38001 9.45723 9.515781 9.513365 9.456689 9.401316 9.418583 9.474302 9.506891 9.505503 9.465688 9.414944 9.384897 9.335016 9.2462 9.137341 8.992986 8.860679 8.747284 8.70857 8.732023 8.771885 8.806969 8.859903 8.872446 8.845922 8.714478 8.520298 8.36672 8.354724 8.527057 8.755056 8.935227 9.072681 9.119341 9.079547
8.983096 8.959125 8.938347 8.955268 9.00272 9.043758 9.052969 9.062592 9.06489 9.054154 9.026229 8.992723 8.962685 8.951584 8.969327 8.987563 8.97933 8.955554 8.932305 8.922242 8.925453 8.959403 9.036752 9.13229 9.213169 9.286799 9.352803 9.420819 9.508548 9.584269 9.603359 9.531619 9.455927 9.440257 9.461099 9.475099 9.478764 9.454971 9.432736 9.411719 9.377604 9.287812 9.165084 9.043468 8.930425 8.819718 8.744882 8.724327 8.746529 8.791721 8.802924 8.781388 8.757857 8.651716 8.446308 8.273455 8.279327 8.460123 8.672734 8.853854 8.998491 9.067763 9.050234
8.999304 8.9696 8.944928 8.940891 8.969371 8.998772 9.020387 9.043336 9.060993 9.063386 9.040382 9.010278 8.980339 8.959907 8.955212 8.965683 8.959868 8.946354 8.927407 8.912093 8.908279 8.946922 9.021276 9.120114 9.2149 9.288904 9.368792 9.454409 9.553105 9.646941 9.689063 9.617007 9.529966 9.490735 9.469301 9.46263 9.432852 9.411956 9.405619 9.399941 9.384187 9.306631 9.191821 9.08415 8.975666 8.860121 8.771722 8.729844 8.757927 8.801291 8.828894 8.824571 8.82163 8.738281 8.515347 8.266376 8.206465 8.352495 8.552438 8.753901 8.910069 8.994888 9.009679
9.010198 8.986448 8.967899 8.960623 8.956335 8.960912 8.981751 9.021195 9.057734 9.06339 9.049426 9.027473 9.004367 8.976217 8.942486 8.932623 8.932292 8.921503 8.906468 8.88994 8.888301 8.927099 8.997114 9.091382 9.181913 9.262677 9.352 9.470896 9.61238 9.734011 9.767396 9.709644 9.618349 9.548698 9.500985 9.442623 9.395574 9.369203 9.367976 9.374884 9.363974 9.313786 9.220363 9.116812 9.001347 8.87876 8.753458 8.692455 8.711677 8.763846 8.801359 8.841241 8.887235 8.859838 8.621258 8.333412 8.17464 8.241935 8.406734 8.607291 8.774252 8.864959 8.889813
9.01912 9.001016 8.986048 8.984797 8.977778 8.940663 8.940961 8.995264 9.047179 9.053931 9.044806 9.033347 9.020421 9.001424 8.946885 8.903259 8.897054 8.896772 8.891935 8.87972 8.877392 8.917731 8.98786 9.073001 9.154158 9.231369 9.322653 9.458358 9.637796 9.790736 9.831914 9.780604 9.697041 9.600379 9.517842 9.440091 9.378546 9.332241 9.315344 9.316128 9.30223 9.251589 9.19151 9.120428 9.00586 8.893787 8.744684 8.641956 8.635546 8.684827 8.714915 8.769635 8.840882 8.842679 8.668942 8.397176 8.195391 8.160717 8.26856 8.432641 8.581433 8.659636 8.673611
9.012549 9.001036 8.992586 8.992779 8.988653 8.951002 8.930404 8.975883 9.022972 9.030186 9.026593 9.022703 9.016889 9.008046 8.960111 8.896728 8.879018 8.882095 8.887282 8.89383 8.894733 8.924283 8.986465 9.059636 9.132275 9.200029 9.285888 9.42647 9.617987 9.790025 9.855982 9.807045 9.70749 9.605527 9.512279 9.434162 9.376539 9.316063 9.263799 9.239585 9.192549 9.139999 9.093267 9.043085 8.933174 8.837724 8.729773 8.616828 8.587629 8.615319 8.636906 8.683139 8.740109 8.734598 8.619176 8.423869 8.232487 8.127522 8.144707 8.249269 8.354221 8.401874 8.40801
8.988554 8.983087 8.980111 8.978698 8.980013 8.964125 8.945031 8.966918 8.999027 9.007764 9.008703 9.003454 8.99663 8.993078 8.966535 8.910913 8.878161 8.874871 8.880878 8.897795 8.925399 8.955263 8.9917 9.049393 9.107956 9.173491 9.258017 9.399847 9.594029 9.775855 9.856598 9.802917 9.685031 9.574364 9.470463 9.394907 9.350855 9.288481 9.199846 9.17045 9.13464 9.051542 8.998383 8.954423 8.874182 8.813634 8.738296 8.646506 8.604953 8.579528 8.580315 8.608788 8.646415 8.636608 8.560584 8.450259 8.302031 8.15823 8.077328 8.106924 8.152515 8.167497 8.159029
8.970488 8.964397 8.957443 8.950175 8.956817 8.961637 8.956337 8.959163 8.974982 8.984712 8.992492 8.992726 8.984587 8.978019 8.96327 8.92583 8.887707 8.866629 8.869831 8.89496 8.936964 8.989287 9.038523 9.078851 9.113302 9.174583 9.268602 9.423132 9.624566 9.798853 9.872809 9.812537 9.682721 9.563351 9.44089 9.342783 9.297627 9.235662 9.132269 9.090031 9.051307 8.989508 8.941358 8.923804 8.903124 8.877473 8.839416 8.759207 8.688352 8.607297 8.572312 8.591822 8.649864 8.676139 8.635213 8.573421 8.451381 8.289884 8.176447 8.102015 8.051503 8.016122 7.980959
8.962785 8.948385 8.932213 8.923203 8.931429 8.947067 8.956065 8.957473 8.956294 8.965199 8.972473 8.974549 8.977861 8.969765 8.958319 8.93816 8.901326 8.866098 8.855836 8.879869 8.921729 8.988732 9.062932 9.101717 9.133552 9.198331 9.321543 9.502295 9.716781 9.875588 9.928391 9.820392 9.672382 9.545256 9.431046 9.352359 9.298253 9.224435 9.129848 9.056309 8.971809 8.931053 8.929229 8.955987 8.954961 8.948691 8.915727 8.869389 8.801961 8.675699 8.622905 8.636556 8.703743 8.76077 8.764653 8.728242 8.617887 8.476451 8.34322 8.208522 8.084526 8.007709 7.949208
8.9644 8.942762 8.919127 8.90881 8.909797 8.935892 8.956793 8.963901 8.954196 8.950656 8.950353 8.952891 8.955311 8.956208 8.952247 8.940161 8.91564 8.881934 8.865854 8.880235 8.904826 8.964478 9.034874 9.086772 9.137883 9.228677 9.384938 9.61219 9.837972 9.978842 9.957926 9.806654 9.63121 9.496152 9.390374 9.312545 9.261479 9.187748 9.105529 9.045205 8.959805 8.934246 8.962469 8.983608 9.004284 8.988356 8.947545 8.888869 8.826937 8.752471 8.715858 8.721343 8.769303 8.842885 8.88499 8.859651 8.764309 8.637197 8.474194 8.303814 8.158112 8.057929 7.951378
8.964577 8.947145 8.917542 8.898008 8.915057 8.940385 8.961306 8.960716 8.95836 8.947464 8.930895 8.92013 8.924802 8.931935 8.931508 8.928516 8.92218 8.905842 8.900734 8.90585 8.922337 8.966255 9.009482 9.065847 9.130038 9.247396 9.442523 9.699696 9.946708 10.06424 9.976937 9.787475 9.59238 9.450068 9.343222 9.245625 9.173946 9.089959 9.029323 8.995436 8.978754 8.991325 9.013034 9.022867 9.035149 9.002449 8.931741 8.855846 8.830476 8.807492 8.799629 8.807536 8.842036 8.89535 8.935648 8.919349 8.811612 8.664359 8.487928 8.311856 8.162627 8.039001 7.924011
8.950834 8.94512 8.924045 8.900852 8.908666 8.93693 8.959915 8.960215 8.95752 8.951871 8.93126 8.895839 8.89116 8.898763 8.907849 8.911827 8.910372 8.917273 8.929451 8.932759 8.953218 8.989038 9.025043 9.064919 9.133682 9.262645 9.473725 9.746355 9.983046 10.07398 9.960157 9.750331 9.549774 9.415677 9.31016 9.211714 9.110501 9.027748 8.982194 8.987517 9.012552 9.038456 9.050412 9.043548 9.027864 8.981489 8.910872 8.859303 8.836396 8.832773 8.838746 8.85287 8.879906 8.916906 8.939613 8.899518 8.779339 8.621281 8.443383 8.270934 8.123694 7.990197 7.873567
8.929847 8.932235 8.924853 8.90952 8.904515 8.918888 8.937278 8.948896 8.954967 8.952529 8.942228 8.900697 8.865938 8.865854 8.860316 8.855384 8.864192 8.885047 8.914411 8.938713 8.965175 9.000648 9.045905 9.09969 9.172633 9.302857 9.509934 9.768495 9.978517 10.03934 9.910412 9.721678 9.537881 9.406558 9.300304 9.178195 9.075238 8.983005 8.967347 9.011244 9.063652 9.085483 9.0662 9.023503 8.987818 8.929612 8.859665 8.815207 8.802855 8.811337 8.833952 8.861649 8.89125 8.917323 8.920783 8.867137 8.73595 8.57402 8.396385 8.227065 8.081339 7.94452 7.813834
8.919206 8.904696 8.907676 8.908681 8.904888 8.910824 8.92588 8.942255 8.948119 8.949376 8.939556 8.907956 8.873979 8.860247 8.846969 8.825171 8.817677 8.839913 8.868806 8.911384 8.958248 8.999585 9.06108 9.140603 9.248785 9.406863 9.601808 9.811449 9.96094 9.981593 9.866923 9.713344 9.558582 9.427902 9.318509 9.166744 9.048942 8.978166 8.995211 9.066601 9.120412 9.122309 9.046163 8.971358 8.925688 8.857073 8.779305 8.738135 8.722298 8.73994 8.781968 8.834592 8.874021 8.893647 8.885087 8.81811 8.687236 8.527214 8.347256 8.173623 8.020708 7.880243 7.737538
