py_wake/examples/data/AJ_ParqueFicticio/Rough survey   Sector 5   Height 30m   Orographic speed.grd
DSAA
73  159
 258469   265669
 6501692   6517492
 .2180282   2.038777
[rows 84 to 111 of 159, columns 0 to 62 of 73]
1.02862 1.018524 1.019187 1.019234 1.02132 1.027316 1.036048 1.044142 1.051594 1.051296 1.042809 1.026172 1.00528 .9943252 .9987755 .9729674 .9493566 .9314175 .9199398 .9437582 .9802893 .9968143 1.009144 1.032647 1.08268 1.138941 1.164628 1.197497 1.235816 1.237482 1.173061 1.134961 1.127101 1.05401 1.043665 .9431344 .9561078 .991548 1.002638 1.037459 1.058257 1.028269 .9490193 .8657342 .8930595 .8828554 .8033082 .7767482 .7363961 .7947168 .9374036 .9791407 1.001805 1.022396 1.038447 1.002494 .9493099 .8924359 .8367981 .7773402 .7335657 .7270193 .7392997
1.040806 1.029452 1.022896 1.02405 1.025225 1.036128 1.042154 1.055676 1.058389 1.059226 1.050219 1.03977 1.029452 .9971393 .9938301 .9870384 .9779196 .9605335 .916454 .9116581 .9390232 .950474 .9753621 .9955487 1.087155 1.198737 1.24759 1.268417 1.236929 1.194015 1.105298 1.069338 1.115164 1.059343 1.027165 .9098168 .9273103 1.012598 1.065433 1.089054 1.095672 1.041642 1.000158 .9094255 .8855259 .9083134 .8329672 .7746404 .7104369 .6797693 .7818441 .9501548 1.007076 1.024142 1.055823 1.048512 .9901633 .9242191 .8641863 .8003076 .7304773 .7078761 .7130843
1.02373 1.020992 1.023223 1.027821 1.032169 1.038772 1.05107 1.055763 1.065576 1.065924 1.060903 1.05127 1.036194 1.008905 .9922894 .989473 .9904335 .9705364 .9471105 .9304064 .919427 .9200081 .9291568 .9327675 1.032502 1.210995 1.324677 1.332161 1.258513 1.160828 1.070755 1.034927 1.044901 1.031158 1.007467 .9052242 .8999447 .9804573 1.0559 1.092591 1.111264 1.078709 1.005718 .948623 .9097689 .9058903 .9107357 .8360052 .7744547 .6476864 .6824728 .8040319 .9937643 .9886531 1.033139 1.074938 1.004646 .9495976 .8997078 .8451368 .7596505 .7271843 .7172047
1.004102 1.011158 1.019432 1.033885 1.036493 1.037931 1.055744 1.056472 1.066959 1.075308 1.073133 1.0653 1.054853 1.031187 1.001424 .9937247 .992681 .9851759 .9752466 .9489125 .9412917 .937792 .9354908 .9205225 .9753718 1.172569 1.37475 1.389639 1.307625 1.167962 1.054155 .9688638 .9778451 .9766461 .9868646 .9294115 .8883834 .9677824 1.059426 1.105542 1.112661 1.085838 1.046874 .9604422 .9304321 .9043824 .910768 .9247102 .8297044 .6918607 .653802 .716248 .8730978 .9828125 1.003029 1.046342 .9974458 .9442512 .9101968 .8768277 .7819101 .7652406 .7512903
1.013197 1.015016 1.025301 1.036874 1.043364 1.048577 1.050618 1.050784 1.069509 1.088252 1.087592 1.076774 1.069209 1.057316 1.022676 .9944308 .9849255 .9922856 .9841543 .9740579 .9691248 .9738017 .9861244 .9881724 .979244 1.095966 1.342561 1.427839 1.339054 1.177475 1.01501 .9389056 .9204926 .9154035 .8990853 .8909348 .9394527 1.027086 1.080329 1.114245 1.116248 1.088023 1.030239 .9636493 .9057729 .8955931 .8606881 .9163828 .8468264 .7472622 .6761806 .6737916 .6899146 .8468822 1.006959 1.047847 .9857066 .9106123 .89012 .8725029 .7696145 .7521753 .7990453
1.030793 1.032146 1.027636 1.036099 1.054566 1.060139 1.060623 1.04935 1.062572 1.073014 1.090408 1.089017 1.083174 1.076438 1.058885 1.015499 .9849366 .9818148 .9811966 .9768638 .9898785 1.0101 1.040557 1.0695 1.050175 1.048892 1.258443 1.425631 1.36928 1.174331 .9842821 .9048018 .8823562 .8544032 .8214136 .8602979 .9389198 1.035989 1.105677 1.130051 1.118568 1.101225 1.020664 .9574411 .892159 .9079172 .8533465 .8636629 .8229629 .7503491 .724106 .692403 .6170472 .6969779 .8792272 .9940586 .9539812 .8620118 .8359832 .8330131 .7525269 .7313061 .7920721
1.05157 1.039533 1.039798 1.039416 1.06206 1.072545 1.079081 1.069496 1.060409 1.060865 1.078989 1.087623 1.093501 1.099973 1.089805 1.043798 1.001177 .9845321 .9733474 .9595775 .9884326 1.036992 1.085355 1.153676 1.143021 1.065535 1.192355 1.38648 1.366835 1.164111 .9649834 .8745607 .8610204 .8310082 .7747896 .8403862 .8530436 1.017781 1.135839 1.157994 1.149073 1.093739 1.025062 .9537013 .9628699 .9300303 .9362403 .8624062 .8136015 .8237265 .8407344 .8246312 .7144123 .6169766 .6794161 .8085732 .8822036 .797303 .7643617 .7286938 .6833276 .6874745 .7703461
1.062725 1.054056 1.054984 1.054383 1.063548 1.088975 1.09875 1.093363 1.082184 1.065482 1.066413 1.079938 1.092279 1.107122 1.112497 1.083515 1.039495 1.01423 .9906421 .9309558 .9467688 1.046904 1.128926 1.20802 1.203281 1.120631 1.194685 1.364786 1.354076 1.1363 .971094 .8842013 .8629452 .7601051 .8192644 .8575709 .819468 .9286165 1.119735 1.221954 1.176588 1.098516 .9911568 .9918121 .9898317 .9534121 .9381418 .9129825 .8626754 .8726245 .9321806 .9339182 .882746 .7459567 .6177748 .6467191 .7764831 .778523 .6629853 .5995912 .5631688 .6181904 .7408112
1.077563 1.075196 1.071247 1.069118 1.078185 1.098462 1.112028 1.112387 1.107682 1.090236 1.068014 1.062581 1.084053 1.104809 1.115728 1.117754 1.083292 1.0776 1.059477 .9443892 .8577237 .9999349 1.159313 1.253161 1.243379 1.149726 1.214543 1.34366 1.334028 1.112513 .9615694 .9005921 .8606336 .7457176 .8588038 .9314839 .8400329 .8399429 1.053653 1.204866 1.216739 1.093563 1.001311 .9829563 .9864964 .9827515 .9400728 .8671758 .8806178 .8974584 .9564702 .9810215 .9700141 .9485096 .7794106 .713707 .7079244 .747625 .7111516 .5817146 .4483469 .546363 .6956387
1.100175 1.096607 1.089188 1.081908 1.083085 1.108844 1.130692 1.130518 1.126671 1.118491 1.088854 1.058637 1.068325 1.088147 1.109017 1.123508 1.126629 1.154209 1.177622 1.038655 .8196765 .8765109 1.153784 1.293811 1.273979 1.165081 1.209209 1.319615 1.285028 1.07977 .9391338 .8711399 .8180789 .7911079 .8408347 .9518298 .8889961 .8149787 .9968459 1.184459 1.21031 1.100796 1.022948 .9864175 1.018643 .9824071 .913103 .888623 .8594685 .8711378 .9244423 .9788682 .9784582 1.023383 .9475092 .8645285 .8104815 .8070855 .7542317 .6234927 .4143597 .4794795 .6259188
1.111211 1.115606 1.108968 1.103523 1.096151 1.113478 1.142442 1.153389 1.14644 1.137252 1.121733 1.085174 1.063597 1.074796 1.077268 1.090208 1.132358 1.216348 1.293673 1.181556 .8946557 .7828959 1.06038 1.316405 1.314775 1.181532 1.193968 1.282492 1.266885 1.085484 .9487663 .8592923 .7613804 .7771171 .912872 .9851295 .8831229 .8173285 .9656062 1.108363 1.150024 1.117098 1.038196 .9973954 1.018041 .9879623 .9223301 .9011778 .8838009 .8860186 .9038104 .9192214 .9369946 .9611152 .9545187 .9447029 .8743175 .8755448 .8151696 .7064192 .458978 .4157536 .5178798
1.119066 1.138062 1.13412 1.125014 1.120361 1.114034 1.145248 1.168682 1.167678 1.155897 1.14407 1.120096 1.092465 1.074445 1.058428 1.031911 1.066177 1.231257 1.361194 1.312723 1.046673 .8090681 .9638134 1.28357 1.326128 1.184453 1.154577 1.226621 1.203537 1.110619 .9949083 .8754361 .7590351 .7519159 .9121088 1.017526 .9164088 .8122052 .938544 1.099698 1.095408 1.067422 .9926136 .9991073 1.008629 1.01156 .958239 .9227893 .9172633 .897839 .9061681 .8812549 .8439803 .8871867 .9340806 .931111 .906416 .8956509 .8963984 .8194703 .6031585 .3774461 .4210719
1.118251 1.14121 1.150984 1.145895 1.146339 1.138441 1.131981 1.168549 1.185042 1.173084 1.159709 1.153855 1.13906 1.114184 1.065352 1.002259 .9802806 1.152033 1.372052 1.401673 1.181699 .8747239 .9323862 1.240908 1.290566 1.218958 1.102847 1.145157 1.153254 1.079953 .9995385 .8428278 .689611 .6944044 .8936501 1.027871 .95503 .8168473 .8818736 1.068716 1.059018 1.032541 .9767793 .9620937 .9832426 .9910998 .9902096 .9563178 .9385526 .9224613 .9294309 .8897239 .791317 .7981398 .865011 .8608872 .8693438 .8351896 .8930601 .8960895 .7654367 .5040629 .3873055
1.121228 1.142747 1.152269 1.154325 1.162288 1.178186 1.149176 1.148693 1.18873 1.191319 1.170689 1.17362 1.1795 1.186642 1.145132 1.037012 .9394421 1.03521 1.344116 1.409594 1.258102 .9538063 .9738864 1.213615 1.295837 1.185354 1.097621 1.124909 1.132243 1.057548 .9708626 .838545 .6569919 .6096914 .7871443 .9862962 .9724171 .8587911 .8984809 1.039886 1.079854 1.031787 .9682749 .9446014 .9427719 .9323897 .9519058 .9294424 .9436725 .9298695 .9311399 .9510707 .829115 .7345876 .7327706 .7684489 .6967143 .6894261 .7418506 .7724679 .7781317 .641868 .4412168
1.125861 1.151613 1.16331 1.14871 1.148301 1.199732 1.203554 1.147018 1.170318 1.196278 1.179513 1.174245 1.193097 1.253838 1.262236 1.142507 .9623318 .9871685 1.287157 1.401847 1.268953 1.017953 1.025921 1.182836 1.300048 1.17816 1.075772 1.136781 1.184121 1.054095 .9337905 .8309133 .6304833 .5701202 .6982968 .8970269 .9011961 .88828 .9249908 1.026464 1.064676 1.027883 .955892 .9295604 .9481278 .9376466 .932949 .9061697 .9663994 .9196572 .9528453 .9580043 .8965511 .898481 .7423528 .680719 .6247572 .5542193 .5519118 .6245378 .6462286 .5977292 .4841566
1.169591 1.176329 1.182341 1.163588 1.124691 1.177932 1.254503 1.187185 1.155328 1.197176 1.184243 1.172637 1.17822 1.278084 1.356604 1.27766 1.073442 1.032592 1.240369 1.374867 1.28379 1.076904 1.075075 1.168363 1.241868 1.16038 1.082436 1.160517 1.206297 1.083013 .9419492 .8230619 .6815014 .5997694 .6759366 .810069 .8677633 .8473918 .8840539 1.03139 1.073079 1.026599 .9506006 .9244062 .9294358 .9563403 .9733905 .9243381 .9507242 .9503451 .9087089 .9140848 .9252206 .9300261 .834222 .7583097 .6884184 .5704692 .5379491 .4914646 .5124913 .5398511 .5117804
1.227194 1.220768 1.214762 1.201565 1.129937 1.122421 1.260461 1.261769 1.163532 1.207105 1.197758 1.173045 1.178655 1.234109 1.360662 1.3593 1.232072 1.152634 1.232762 1.367506 1.295241 1.134266 1.094649 1.150509 1.203737 1.181634 1.103827 1.139861 1.184247 1.109595 .9656789 .8260103 .6852015 .6604574 .7383764 .7828783 .8131078 .7920845 .8377836 .9404832 1.041137 1.053058 .9704374 .9204768 .8666982 .9137713 .9740426 1.015142 1.038054 1.024804 .9360592 .8790528 .8640024 .8960031 .8478543 .7783991 .7226877 .6575076 .5774769 .5514709 .5558872 .5510227 .6014693
1.231673 1.27228 1.266407 1.254091 1.183949 1.083038 1.194227 1.329756 1.213788 1.219738 1.246341 1.173571 1.19574 1.232947 1.31229 1.36654 1.322479 1.29219 1.301377 1.364171 1.309701 1.185462 1.087914 1.123737 1.199672 1.204398 1.151292 1.125341 1.150661 1.09831 .9848717 .8442449 .7144948 .6837146 .7822176 .8042433 .8224348 .8158842 .8064792 .8749005 .9993955 1.033648 1.008168 .942943 .8826743 .7859855 .9053974 1.077649 1.166984 1.115486 1.004864 .9258069 .8772915 .8460956 .8255379 .7736354 .7093229 .668657 .6067691 .5445175 .4951978 .5845127 .647199
1.220282 1.280884 1.310959 1.315932 1.264304 1.096671 1.104612 1.321165 1.297357 1.248252 1.323917 1.231137 1.215968 1.268923 1.288369 1.346219 1.33826 1.363405 1.383844 1.418466 1.34868 1.167862 1.109035 1.1128 1.20019 1.230993 1.201245 1.155898 1.11651 1.073648 1.003959 .8781236 .7600748 .7538167 .7948555 .8179386 .8477039 .8445685 .8816969 .8768469 .9678869 1.016803 1.034357 .965627 .8786923 .7574819 .8158535 1.004085 1.212667 1.236872 1.122593 1.003639 .9064481 .8369272 .780833 .7610152 .6859865 .6493347 .5784531 .5184456 .4833966 .5557662 .6711826
1.199221 1.273895 1.338492 1.387277 1.348249 1.150276 1.035653 1.226562 1.31935 1.28842 1.35033 1.335219 1.254425 1.303524 1.29488 1.337902 1.333186 1.369707 1.458849 1.485076 1.377328 1.241194 1.143576 1.147248 1.235431 1.266842 1.281285 1.15661 1.081182 1.031337 .9691073 .8742646 .7924989 .7659914 .7817539 .8162197 .8186435 .8161383 .8846116 .9543732 .9769682 .9985818 .9757804 .9934705 .8733395 .7186399 .7438121 .9260987 1.18292 1.304521 1.26164 1.135259 .9725216 .843058 .7468435 .714186 .6662573 .6172845 .5636718 .4857548 .4056014 .481731 .5551084
1.068799 1.213599 1.331876 1.432924 1.436806 1.236865 1.069041 1.141187 1.244528 1.283838 1.336065 1.38774 1.332033 1.311154 1.27719 1.304107 1.34751 1.377686 1.483849 1.519506 1.44396 1.307774 1.223714 1.21859 1.311596 1.368846 1.367045 1.223918 1.113805 1.041299 .9518474 .8471439 .7752054 .7841892 .8190712 .8550243 .8287115 .8238786 .88122 .9593915 1.005936 1.02452 .9836391 .9253457 .830691 .6860512 .6275958 .7714068 1.082435 1.307895 1.381034 1.29684 1.096454 .8689082 .7499726 .6857036 .6436151 .6003162 .5790857 .5264755 .4035382 .4296698 .402035
.917143 1.013995 1.204873 1.416604 1.476873 1.324633 1.14164 1.142545 1.193026 1.250114 1.301708 1.376989 1.374919 1.308693 1.228347 1.20874 1.299359 1.402145 1.483154 1.51637 1.444883 1.3601 1.304669 1.35024 1.450854 1.453978 1.428247 1.320572 1.187951 1.115324 .9764407 .8646858 .7787173 .792171 .8704287 .8682897 .8367922 .864915 .8856542 .938175 1.042307 1.057368 .9863986 .8547299 .8018051 .7385624 .5736862 .5724264 .8967904 1.230721 1.429833 1.463654 1.254552 .9769866 .839394 .7510567 .6785686 .6392399 .6265408 .6085201 .5080331 .4599364 .38058
.9251977 .887889 .9876881 1.234511 1.43315 1.396836 1.237383 1.144532 1.162458 1.234898 1.310221 1.365053 1.388143 1.293908 1.20596 1.081623 1.193154 1.380976 1.424623 1.472248 1.427297 1.344718 1.281239 1.408881 1.576728 1.640768 1.549063 1.444374 1.30381 1.185764 1.017475 .8816479 .8069984 .7799181 .8253339 .8392546 .877951 .9147069 .9503594 .9510569 1.042667 1.100578 .9902386 .8596377 .7873688 .7929413 .6484654 .4673816 .6457175 1.052943 1.352453 1.466988 1.442904 1.126906 .9754578 .8916684 .7728705 .696399 .6702014 .6396348 .5780711 .5408148 .44316
1.049498 .9123999 .940633 1.042555 1.254874 1.396543 1.361294 1.215769 1.145232 1.222052 1.347155 1.420815 1.399661 1.279878 1.17814 .9800764 .9511452 1.208612 1.428147 1.458624 1.443729 1.324066 1.240563 1.363544 1.617181 1.69433 1.684109 1.59695 1.440772 1.289358 1.089671 .9415247 .851003 .8201771 .837325 .84303 .8774785 .9943407 1.051348 1.041866 1.070556 1.112127 1.019914 .8444245 .7521843 .8025634 .7628969 .552757 .5360358 .8366419 1.209577 1.403037 1.371729 1.198382 1.063661 1.029406 .9176227 .8046134 .7403995 .6906949 .6028876 .546669 .5288837
1.209444 1.007461 .9815375 1.033245 1.101409 1.267442 1.403477 1.334325 1.194813 1.213694 1.361005 1.478335 1.415092 1.31894 1.135169 .9752285 .8138966 .9865813 1.272676 1.433321 1.438531 1.308676 1.183757 1.291103 1.546374 1.672999 1.735025 1.768416 1.591539 1.404836 1.219774 1.058031 .9731027 .9293017 .9206459 .8682001 .9149762 1.029889 1.155923 1.156616 1.118535 1.132188 1.034345 .8243932 .6956673 .7606463 .7700952 .7065257 .6319856 .8015234 1.106528 1.258428 1.253953 1.07551 .9962235 1.012163 .978951 .8861122 .8064001 .752719 .6607437 .5775683 .580227
1.348912 1.166637 1.044314 1.102087 1.106139 1.168381 1.338644 1.381176 1.286902 1.237639 1.370599 1.52322 1.497102 1.312337 1.121593 .9835365 .8471685 .8218432 1.025127 1.270279 1.369834 1.263712 1.117618 1.157014 1.475831 1.644277 1.738624 1.747982 1.729819 1.533348 1.344641 1.199456 1.066345 1.014583 .9585165 .9026857 .9351607 1.062362 1.24128 1.27845 1.184742 1.166082 1.068193 .8527038 .6497151 .6685821 .692403 .6947057 .7380059 .8760589 1.107426 1.21672 1.213714 1.023444 .9107903 .9160133 .9283276 .8773289 .8040463 .7512922 .7096456 .6305692 .58942
1.397846 1.299622 1.154159 1.157 1.164612 1.162181 1.277514 1.361047 1.348754 1.295275 1.398333 1.540776 1.533878 1.350932 1.12696 .9634356 .8518229 .7913441 .8623861 1.058286 1.210916 1.205524 1.058303 1.051914 1.322338 1.53219 1.603562 1.73067 1.708245 1.640703 1.479035 1.288769 1.160414 1.04538 .9725775 .8987202 .8996337 1.058117 1.282123 1.375611 1.291149 1.22268 1.113745 .8976879 .651306 .5618935 .5733172 .5741646 .6520315 .8999555 1.170663 1.233669 1.206168 1.065024 .942741 .8931797 .8756173 .8444719 .7619343 .6648092 .6321129 .6081544 .5553792
1.364346 1.360621 1.253093 1.221798 1.244109 1.224374 1.271268 1.334455 1.378159 1.369677 1.453466 1.567875 1.546862 1.371377 1.214077 1.015391 .9103837 .925117 .821526 .8364051 .9523054 1.063457 1.001797 1.006236 1.242619 1.407934 1.532666 1.545613 1.58593 1.60764 1.63536 1.545112 1.336958 1.186953 1.07437 .9226243 .8609697 1.003593 1.255731 1.416056 1.401651 1.314694 1.166363 .8999394 .6809239 .549931 .4911543 .4560525 .4731619 .7785107 1.123795 1.249402 1.186051 1.0773 .9905646 .9510773 .9160461 .8724518 .7951967 .6434724 .5167437 .5190006 .4735757
