py_wake/examples/data/AJ_ParqueFicticio/Rough survey   Sector 6   Height 30m   Power density.grd
DSAA
73  159
 258469   265669
 6501692   6517492
 .01172314   731.492
[rows 56 to 83 of 159, columns 0 to 62 of 73]
86.14072 91.07004 90.4725 90.69697 90.95007 91.94293 92.05943 92.9241 92.20456 92.51414 92.19116 92.6212 92.39945 88.97652 86.39649 86.30167 87.60847 87.86465 86.70328 86.21082 89.14714 85.15414 79.45637 81.03452 82.78102 82.65584 83.59606 90.76927 102.8389 118.8006 133.2584 127.4869 102.0014 114.4973 119.424 119.2202 127.5896 114.7041 83.15089 72.589 84.34099 108.6911 95.2285 82.42476 62.78557 47.18703 38.4403 34.57351 39.59691 61.28588 86.54178 128.1234 127.1741 103.1358 88.63611 98.83443 133.0451 153.1731 136.0987 113.0253 104.2527 93.95804 139.9528
83.02939 89.47361 86.59851 86.9705 89.59557 93.42201 93.86811 93.23917 92.26909 91.09002 90.67324 90.3455 89.9983 93.73864 92.37086 88.84835 88.47841 87.67903 86.85209 89.18277 90.6038 87.38466 81.74316 83.00912 83.1917 82.23103 83.19444 89.9972 94.00972 113.9854 126.3208 132.99 130.382 120.6109 124.5056 126.615 109.1498 113.7011 100.3403 81.33882 83.12328 90.19843 90.16253 80.61834 68.21739 56.26957 43.21786 35.22927 35.49866 49.41755 77.58758 115.0618 122.3838 107.5024 109.8663 119.5232 166.8299 170.1648 144.0416 92.08154 77.89142 79.08565 130.8677
78.7242 81.81399 80.54519 79.6153 81.8959 89.88038 92.12649 91.27305 90.01347 88.5221 87.54488 87.26296 86.56371 89.18729 89.70937 88.65775 87.62222 86.49506 86.81796 88.64718 88.468 88.63978 85.74652 85.73065 84.3982 83.60774 83.20084 81.20141 76.61291 76.67942 104.0431 102.0889 104.3618 109.9546 107.9516 104.3278 98.75443 89.939 92.93175 79.1176 76.70484 76.02924 73.02097 73.2539 62.6946 54.12722 44.89732 33.49137 32.20877 41.72758 63.72439 91.99771 112.4901 99.27193 89.9561 111.3001 152.8496 191.1424 180.4163 129.0342 92.94462 80.30988 112.9036
82.82506 80.97392 78.85828 76.70905 73.42184 80.20644 88.59837 88.83711 86.816 85.51492 84.53465 83.26958 83.97519 86.61382 86.80638 87.0592 86.85217 86.33141 87.13925 86.84191 87.18878 88.62458 89.44516 89.08405 87.16489 86.58499 85.42592 78.70502 63.31777 52.35094 58.56126 66.36734 65.66811 60.29593 64.68403 69.79121 76.7366 79.0407 80.37803 72.19855 64.89499 67.24237 65.52933 66.99829 68.55558 59.90533 48.5318 36.02591 23.72264 22.34471 45.92782 73.30317 96.76713 81.23961 69.34191 86.04868 123.186 164.7319 171.6422 159.2817 117.0121 84.78413 98.02733
91.71015 86.73183 83.90852 85.50535 78.75729 73.43182 80.55376 85.00497 83.72501 82.54678 81.59254 80.43848 79.87827 82.40729 83.2592 83.86977 85.35085 85.93316 87.80426 87.28133 85.98056 83.46886 85.22113 87.72842 89.006 92.94564 91.68333 91.7205 83.21229 66.82096 55.88548 54.39218 54.39261 48.55648 42.66264 48.6959 53.88967 58.55631 61.57677 57.62069 51.62957 52.30393 62.27586 64.60806 74.68679 69.40743 63.68582 50.59859 30.34917 19.38739 25.99862 50.84352 84.76058 75.11217 58.95828 72.53548 112.8114 154.086 154.1208 147.5703 126.8717 102.0522 80.14013
96.00734 90.36627 89.08506 92.1052 89.56688 81.60201 76.95458 80.11903 80.39256 80.89358 80.54034 80.42314 80.34203 80.01063 80.35748 81.41859 83.09422 86.40433 87.36249 87.96531 87.46468 86.12685 84.46123 86.03339 88.00172 92.31294 96.3491 103.9237 107.8349 96.50348 84.80539 66.95304 57.54211 56.05244 43.46631 44.50009 46.86185 48.72487 48.04778 47.90109 44.83186 41.59491 43.35055 59.05067 65.3297 71.77735 69.99235 71.27046 51.63382 26.21496 17.67099 26.40537 71.10503 83.19151 60.77847 53.21915 103.8966 147.3067 145.8746 135.0419 121.7312 101.1346 67.89108
96.76118 94.71753 95.55796 97.08685 95.93088 92.40257 86.0433 80.18135 80.0024 80.76939 81.11166 80.77723 80.96212 79.45577 79.04562 79.27504 79.63675 83.19089 83.71516 85.09768 86.14222 86.65446 84.55017 85.96118 89.92364 90.61004 95.63696 101.0949 112.4521 117.4394 117.857 100.3496 86.13787 77.97939 60.73651 48.15137 45.78995 43.63529 40.84877 42.73753 41.9348 39.17554 41.88808 45.0615 63.8152 65.49392 64.82374 74.17813 81.75296 61.55729 28.84404 18.14237 49.76666 78.9976 72.11176 53.47307 77.27215 132.6539 141.3684 137.8483 121.6464 105.4047 78.14032
93.33162 95.62933 98.57921 100.0597 99.10518 95.03771 88.93922 82.75631 80.31847 80.43517 82.47797 82.27999 80.69256 79.58004 78.46373 77.78291 77.52325 77.62427 78.62731 78.84497 82.53529 82.68842 80.98187 80.69356 84.48994 85.0381 89.40896 93.22736 105.3536 116.2312 111.8841 111.8437 102.4462 92.58918 75.3509 54.42332 48.94751 44.10583 40.40453 37.73595 35.58042 33.38866 36.69708 41.19782 50.18443 65.44249 61.55191 65.66763 82.31898 94.18481 61.36184 24.85455 20.67778 47.48325 72.01768 56.29315 48.10213 98.42696 122.023 121.9844 112.788 111.3662 99.11143
89.4865 94.88971 98.63658 100.124 99.13785 96.24431 90.31638 84.82128 80.07315 79.88512 80.98954 81.5978 81.27937 79.66003 78.87613 77.74935 78.43273 77.14076 76.34431 76.76971 79.46004 79.44565 77.26027 74.57211 73.71084 73.34017 78.85958 82.53874 91.48725 106.8526 109.6951 109.9611 107.0617 99.41763 83.13569 72.26727 57.03185 50.14089 45.18085 39.32263 33.84311 31.55495 27.59089 26.48046 42.35163 53.44713 59.65665 61.83105 71.90289 91.96662 83.77351 40.0483 17.16733 18.52508 48.9483 63.02183 45.82187 56.59489 69.32082 73.47976 71.69498 67.19901 85.8185
85.8868 91.45143 96.6478 98.47972 98.67892 96.87674 93.1246 87.56926 81.27219 80.04595 80.84778 80.59595 80.42046 79.92156 79.60739 77.85525 77.2496 76.84866 77.27538 78.63718 80.64006 79.27933 76.90546 74.93285 70.58187 67.04014 63.22012 62.27534 68.15534 77.69067 87.83219 96.16137 100.3472 98.20502 81.73811 74.95457 65.5117 51.36106 45.63353 41.33857 37.09858 34.43646 28.00691 24.79581 32.41595 48.44883 54.85342 59.7021 62.82186 81.08647 106.576 83.22446 38.90219 15.81523 23.46329 53.21826 64.9892 64.41307 62.31571 48.81928 45.63625 38.45363 41.52032
84.97415 88.03128 94.51842 97.28978 96.98315 96.32175 94.43182 91.87776 89.67926 83.99159 81.37144 81.26276 80.74561 80.20127 80.04022 79.26498 77.83879 76.64355 78.30802 80.98315 82.37116 81.47688 81.74685 78.96642 73.10941 67.22812 61.5384 60.49204 56.59569 58.2128 64.83141 70.57077 83.52447 93.40071 82.5245 77.69555 72.07062 54.889 42.48531 38.38592 35.4916 35.92448 27.61988 22.85691 23.1027 29.77254 46.60923 60.41386 55.50617 57.11731 102.0161 112.8206 88.47444 39.92521 21.03971 37.02567 73.24988 81.43183 96.06696 94.88425 63.32251 49.45708 32.88393
84.36449 86.95438 92.82804 95.71581 96.69689 94.64459 93.01756 92.36607 89.90763 85.86127 82.82077 81.6284 81.30513 80.42555 79.34841 78.45926 77.24049 76.31065 77.29173 79.88589 80.42072 81.76646 85.83403 83.1242 77.89124 71.71193 61.16565 60.91877 58.92242 57.12985 57.50912 60.97199 67.44804 79.12681 81.85455 78.47452 79.24889 71.51521 50.62568 41.72078 32.36341 26.8216 23.35654 18.9277 16.61361 24.17765 38.21358 58.36039 66.5051 63.05548 78.56335 120.8716 121.1053 94.42143 45.9759 35.39975 50.99603 94.46317 116.6637 131.7475 132.7433 103.1497 72.60454
82.49519 86.67539 93.45213 95.37867 95.39957 92.67242 91.35545 91.03247 89.35976 86.26083 83.32043 81.85673 81.58402 82.11301 80.72958 78.73898 76.32713 75.7153 76.29457 76.8487 76.25232 77.76513 84.69363 84.45441 83.13828 78.55555 75.57113 63.31638 59.28741 55.23653 52.61871 53.65969 59.115 67.43294 75.66224 75.67255 79.19042 84.37734 69.32707 53.38989 50.59777 36.90832 24.91658 19.96518 15.9154 17.59256 20.86927 40.90945 48.54377 46.62995 71.07104 100.5125 107.0232 108.5374 87.57116 51.73344 52.04294 71.11299 93.87689 114.6756 134.3372 141.1756 125.0376
79.03704 81.82845 90.30655 94.259 93.0016 91.90173 91.33984 90.604 89.12994 86.27636 82.70508 80.41969 80.15279 81.94484 81.98284 79.21546 75.25068 75.42281 76.18631 75.6132 74.64822 76.34393 82.18922 83.25988 84.73564 82.89922 81.02633 75.12149 69.42104 59.86306 51.78123 45.89457 47.31818 55.80398 63.05844 71.1502 77.35884 82.00924 79.59464 70.98595 65.27036 62.49901 49.96237 33.30308 26.11919 19.87086 17.75529 22.13357 28.8096 27.40417 35.96712 65.94788 82.99886 76.57991 69.7297 60.30017 46.33653 53.70216 72.75744 90.17043 108.6764 128.7612 132.6624
74.58038 75.76298 82.28917 88.14681 87.69689 89.7635 92.23553 92.09996 89.58305 86.88079 82.53574 78.89397 77.13419 79.17461 81.14898 81.34743 81.14722 78.07531 76.74131 76.04481 76.56138 80.27142 82.688 85.53966 85.18085 87.81886 83.89229 83.17606 80.28792 70.14242 63.59068 49.47245 40.24183 43.04868 51.54135 65.38114 73.23499 80.69843 88.14503 92.88824 86.62641 70.71405 63.46955 53.62649 41.4883 28.66459 23.55489 24.22043 27.31107 23.54987 18.09623 25.08947 37.86494 34.40494 38.38515 44.98355 53.52427 56.02291 68.96709 87.70309 104.405 121.5727 126.5229
75.1025 73.70293 72.87992 77.34052 78.37579 85.41183 91.85397 92.1054 90.2417 87.07915 82.92075 81.26417 79.80726 77.29888 78.62305 80.15469 83.15736 79.53054 76.35202 75.83144 75.81245 80.33128 82.13332 92.01225 89.19792 91.7278 88.47458 87.43196 85.86639 87.8773 81.3939 61.57766 47.96778 41.17299 48.5545 60.28489 68.95547 78.0765 82.35847 83.82098 83.92796 74.93752 64.61328 63.28848 56.78018 46.37617 37.06562 33.79819 35.78954 35.752 29.28473 22.65779 25.61417 23.23019 16.87868 21.9763 41.8524 59.12589 75.04436 92.70858 108.2092 121.8349 128.6837
80.54694 81.48525 79.80766 72.83372 72.47167 77.69225 89.54671 91.15933 89.81705 87.49747 86.8456 84.04588 79.64402 75.7864 73.38586 75.74384 79.66066 77.94143 75.16621 73.54897 72.30599 74.94596 75.66644 82.86443 89.89145 89.89712 92.84608 92.97809 92.98218 89.64061 85.09 67.76138 50.98584 48.33045 50.10814 54.05442 62.67348 70.07554 75.61703 75.41632 81.17767 80.4873 75.94143 66.69164 60.50506 55.84551 48.74174 45.25125 49.95459 58.46222 68.422 68.46226 69.30474 58.27538 21.45584 16.92384 23.53211 47.397 67.48663 88.37242 115.9499 126.9238 141.5044
87.42375 86.21592 81.74476 75.99609 72.13863 72.32248 83.82115 86.9421 85.90196 86.75128 86.37668 84.39384 79.99055 75.04171 68.87505 69.60354 75.32239 73.55613 71.43647 69.0251 67.119 67.10081 66.32069 70.68948 77.75365 80.13181 87.87049 96.79016 107.6929 106.22 93.95944 83.12688 62.65869 58.29494 57.09704 53.86781 54.15625 57.55927 64.64703 73.19444 80.07637 92.13649 92.86507 78.71811 69.6143 57.51442 47.06259 43.26926 48.03305 63.73987 72.80634 88.68629 102.5473 115.4211 79.32438 33.62136 22.59273 24.76098 47.7559 74.74104 96.25845 132.2978 162.315
89.14661 87.20094 83.72385 80.64098 76.11497 69.32983 77.7113 79.48779 81.22571 84.42461 83.90711 83.41592 81.63136 77.23107 67.97577 64.28301 68.7579 69.27728 68.62749 66.38974 63.49972 61.08344 62.00437 64.81461 69.02179 71.31641 77.48367 89.08874 106.8086 109.5473 100.3905 92.79563 85.81882 70.15007 62.75581 58.65494 52.7174 50.60252 52.46303 58.0616 68.5692 89.21667 92.25352 88.17052 81.85131 70.17205 49.30168 36.25073 37.50085 45.23201 45.66607 59.11147 89.33033 103.5528 101.5461 65.51514 29.34276 18.70523 22.93034 47.66804 71.67034 87.79069 105.8182
86.48979 85.62634 84.59158 83.69363 84.46572 79.71873 74.16663 73.52601 76.76873 80.71585 81.06448 80.86771 80.50474 80.14028 76.13792 67.2767 66.1201 66.33894 67.7211 67.6497 64.16727 59.37912 58.19249 59.28031 63.40219 63.2344 64.85016 67.7421 80.762 92.89253 88.24976 79.6769 73.14214 72.84981 64.85625 62.51291 60.12863 52.77784 49.9711 52.09212 51.71209 59.08307 61.98724 70.4833 59.62378 58.1794 41.95009 36.19941 29.1558 31.06285 34.26335 32.21792 33.53786 41.70888 59.76454 49.89822 26.59342 14.1399 13.40022 22.32392 36.90262 47.87172 58.50943
82.15058 82.0636 81.91065 82.2578 86.06055 83.8029 76.25151 73.4367 75.74744 77.26637 77.81496 77.52069 76.85608 78.75683 79.80295 72.84702 66.55544 65.44125 66.64687 68.71037 68.16003 63.20081 57.27402 55.33184 57.41746 57.01797 56.39196 53.5627 57.15869 71.47009 74.59959 69.02873 63.36564 62.915 59.59513 59.16637 62.0312 53.4315 48.3857 53.52266 56.40493 50.86487 48.73095 49.02689 43.72569 39.67665 32.1841 24.68896 24.19754 27.57531 31.64314 33.16654 33.33782 30.65966 32.35848 32.27106 18.17351 11.88653 6.44029 6.672576 15.12252 21.7791 24.4436
78.9234 78.71583 78.10516 77.98801 81.21017 79.17694 75.24695 71.72449 73.63484 73.79128 74.85934 75.72864 75.2323 75.43813 76.37057 71.01395 66.43193 63.62409 64.64951 66.17013 68.07784 70.92754 66.72573 61.815 58.91496 57.94962 55.26814 53.22678 52.01443 60.23143 64.74267 64.82499 59.7918 58.45333 57.07074 51.49416 49.19555 48.96969 45.95771 41.83619 46.61771 53.10011 51.5064 51.30883 59.18641 63.90129 60.40421 50.1521 40.05682 25.64879 33.22258 36.98625 43.15002 47.18932 45.23381 42.64144 31.71337 16.81731 16.71265 11.77233 10.0283 16.49194 20.38399
77.38577 76.28985 74.85452 73.73935 75.92109 75.55757 73.83205 70.74869 70.06123 70.12187 71.52052 73.30009 75.58887 74.98701 73.69574 70.55704 66.13776 61.61906 60.64003 60.01023 60.76978 67.77854 68.67368 66.87973 64.69972 63.11924 62.57074 60.65139 60.45828 63.1252 64.7401 60.43005 58.31423 59.85051 61.33792 61.97408 60.39759 56.33498 60.10032 47.37231 44.10215 49.4304 50.3849 55.25716 60.77528 67.82012 80.81213 91.4116 85.2388 55.43541 36.00164 39.82269 51.07321 69.33615 78.6795 84.43506 76.29247 65.2507 57.87025 46.07227 38.30394 29.13202 35.10608
77.98588 75.39097 73.33862 73.31135 72.78616 72.68092 72.19914 70.46689 68.51039 67.68647 67.88235 69.49725 73.05579 73.51243 72.0164 70.59461 68.30019 64.95325 60.63034 56.72461 55.41315 56.39487 60.55788 64.0804 64.85538 68.00124 71.00342 79.13479 81.9425 71.41411 65.13311 59.01225 53.30792 57.84798 56.74175 55.9899 60.48968 64.02132 66.396 63.8672 56.71691 50.98257 53.11277 54.86173 63.12427 66.0844 70.89711 75.53389 87.54858 82.93559 72.79838 63.28519 68.58482 81.4261 96.28486 99.18287 112.5593 114.7703 97.86778 85.2681 75.36107 72.09451 66.45402
79.15224 76.77709 73.04548 72.94228 72.2459 72.24268 70.75153 70.53317 68.34109 66.33257 64.11221 64.41779 68.09833 68.72936 68.48907 68.95734 73.34559 71.65451 65.93346 60.41936 58.49016 54.69963 56.06503 57.7495 59.68229 63.78445 73.78465 89.30759 98.43089 90.2783 72.86845 61.22685 55.09917 55.27388 51.56186 47.32946 48.28808 53.98872 58.68921 60.62269 63.71279 66.87782 64.04082 65.12621 70.7598 74.122 71.1423 73.06028 86.42377 100.3045 104.3739 101.4629 95.32826 101.1858 98.03333 104.022 100.6632 96.14488 91.86449 85.36695 80.25616 77.981 76.15521
78.99832 79.30687 78.58999 73.52753 71.20246 70.7742 71.95618 70.29097 68.12128 66.11248 62.37664 58.36574 60.97575 60.84287 62.42599 68.70634 72.21996 71.35815 69.2726 67.15524 63.43658 60.96037 57.46654 54.08508 53.36325 52.86525 58.90991 71.97784 82.39635 84.26782 79.01938 65.35262 53.5626 52.50373 50.70262 48.5832 47.07741 51.68147 54.15147 57.27322 57.7426 56.88917 58.36409 61.11165 65.03356 71.91663 77.66706 86.16602 93.27007 100.7972 104.3732 104.2324 99.70824 92.51566 88.80871 88.4952 87.41306 83.51395 83.60099 81.64469 77.68724 77.67784 77.586
75.24707 77.8607 77.37882 74.21456 70.72316 68.76571 68.14484 68.48392 67.5985 66.03159 63.64772 60.96614 55.03852 54.59134 53.42347 53.70512 61.03551 61.3476 65.06206 67.78441 63.66321 63.00877 60.169 58.44004 52.27686 47.04002 44.49168 51.66663 64.75958 75.8848 76.61614 68.12331 55.77368 51.60976 50.84325 48.90929 49.85253 50.59564 52.7916 53.51407 51.46872 50.04564 50.30191 52.07209 56.90122 62.86432 72.02643 80.2044 88.15086 96.48519 99.88951 98.24115 93.15939 86.42404 83.83835 82.75471 80.19091 76.6403 76.67773 78.13866 77.08768 76.84097 77.37833
73.667 73.20352 73.61061 72.93143 70.54263 68.45651 67.49461 67.17959 65.89918 63.92738 64.36625 60.47002 54.97589 53.14553 50.84388 47.06563 46.18845 48.58471 54.45794 59.38833 60.73431 61.80405 62.1889 63.25402 61.13375 53.8462 46.435 46.08373 54.56688 69.26182 73.76541 77.28789 68.26213 65.2457 65.84152 60.53235 61.8358 56.2953 53.08196 52.38676 50.84764 50.91168 41.29875 41.56171 47.59121 48.96109 53.88738 59.34553 67.4621 86.35539 94.52915 94.26125 87.88889 82.87483 80.52798 74.6859 73.24417 68.12785 69.91444 70.82269 70.409 74.00597 74.45742
