py_wake/examples/data/AJ_ParqueFicticio/Rough survey   Sector 12   Height 30m   Weibull-A.grd
DSAA
73  159
 258469   265669
 6501692   6517492
 .2253106   8.829541
[rows 56 to 83 of 159, columns 0 to 62 of 73]
4.074014 4.142545 4.131145 4.126981 4.125048 4.140255 4.139208 4.134941 4.11942 4.120064 4.112374 4.115171 4.107822 4.055297 4.036861 4.035348 4.051128 4.054966 4.024564 3.99741 4.076387 4.02606 3.918683 3.914875 3.947487 3.965335 4.005191 4.136232 4.313602 4.497147 4.650264 4.617209 4.355823 4.558838 4.569254 4.524178 4.604881 4.506701 4.144822 3.97475 4.114716 4.473662 4.308624 4.104696 3.720333 3.313435 3.09708 2.990471 3.129353 3.620279 4.059453 4.625934 4.611385 4.308047 4.102763 4.230371 4.598171 4.806462 4.672908 4.426171 4.416643 4.232494 4.668508
4.025009 4.11672 4.069067 4.068657 4.107753 4.163259 4.154615 4.137827 4.118763 4.099679 4.090065 4.080831 4.078881 4.134952 4.135057 4.075617 4.068184 4.055682 4.039727 4.0474 4.097436 4.05108 3.952263 3.977588 3.9859 3.958817 3.992156 4.134104 4.218604 4.455416 4.565438 4.686668 4.748026 4.646918 4.651831 4.64315 4.360148 4.479391 4.394507 4.119689 4.104699 4.190391 4.175528 4.025669 3.771102 3.51378 3.219672 3.008007 3.016449 3.36248 3.912094 4.464255 4.547253 4.362128 4.460609 4.521988 4.996225 4.995673 4.730161 4.126246 3.943506 3.995605 4.606765
3.951512 3.993424 3.969223 3.954448 3.990698 4.112255 4.125574 4.108207 4.085762 4.059473 4.042296 4.034035 4.02134 4.057255 4.061555 4.068267 4.055079 4.036906 4.04158 4.043951 4.047396 4.057533 4.003943 4.025064 4.020755 3.9903 3.994119 3.971576 3.913921 3.863628 4.279799 4.252535 4.343396 4.465589 4.399068 4.313301 4.216081 4.085899 4.228352 4.052059 3.978632 3.954002 3.883271 3.857827 3.639946 3.468324 3.259981 2.957069 2.911687 3.176255 3.661375 4.146956 4.407532 4.239866 4.148964 4.413295 4.867499 5.179619 5.090166 4.606442 4.201274 4.073037 4.466063
4.012766 3.978102 3.940154 3.906904 3.852547 3.947336 4.071303 4.069996 4.035427 4.012727 3.993754 3.971274 3.980167 4.012437 4.015042 4.016491 4.030346 4.022524 4.047506 4.013158 4.024904 4.070955 4.077811 4.102753 4.066099 4.049136 4.007027 3.897977 3.623025 3.402495 3.532524 3.683434 3.670024 3.566178 3.651474 3.754596 3.873073 3.91259 3.976307 3.883805 3.744461 3.784206 3.749819 3.729536 3.749682 3.586585 3.344536 3.021017 2.628222 2.577583 3.279886 3.836992 4.186482 3.964164 3.761468 4.047121 4.523388 4.930994 5.010931 4.926511 4.495041 4.191003 4.27522
4.152819 4.076115 4.027411 4.053152 3.944902 3.832759 3.946912 4.011059 3.986774 3.96548 3.947412 3.925653 3.914289 3.945895 3.958966 3.967931 4.011077 4.028885 4.046615 4.012432 3.994779 3.954431 3.997628 4.075445 4.096579 4.15802 4.124725 4.100147 3.971727 3.691424 3.477837 3.446377 3.446336 3.317713 3.185244 3.326502 3.442528 3.539895 3.6001 3.547571 3.429724 3.455749 3.677824 3.673812 3.857599 3.765677 3.659823 3.383239 2.852983 2.457276 2.71088 3.391356 4.000781 3.853427 3.56196 3.817499 4.402099 4.845704 4.843215 4.797776 4.626011 4.420264 4.024356
4.222296 4.133833 4.113157 4.15423 4.093557 3.966185 3.886039 3.932431 3.932382 3.940601 3.929343 3.924697 3.916898 3.907886 3.912928 3.927456 3.983348 4.040135 4.024288 4.02572 4.012659 4.02501 4.018964 4.045005 4.083279 4.15556 4.209427 4.291548 4.329253 4.172412 3.998772 3.693262 3.511162 3.480736 3.201268 3.228208 3.285404 3.329143 3.325362 3.321639 3.250465 3.180326 3.24638 3.565359 3.688636 3.806918 3.768889 3.792738 3.406875 2.717282 2.381608 2.723276 3.788424 3.99188 3.597753 3.440939 4.297705 4.781548 4.752667 4.687751 4.551779 4.330551 3.781272
4.235238 4.202021 4.20962 4.20926 4.185107 4.128965 4.032485 3.934206 3.930531 3.936561 3.938391 3.924857 3.925962 3.899629 3.890297 3.889691 3.915874 3.984893 3.959919 3.974237 3.992632 4.00639 3.996214 4.045456 4.126744 4.13361 4.217348 4.257195 4.389989 4.456448 4.460423 4.22706 4.017292 3.890497 3.580085 3.314598 3.260217 3.221223 3.150024 3.198986 3.179405 3.116229 3.208796 3.25782 3.659442 3.68486 3.672824 3.8432 3.971834 3.612847 2.804062 2.401426 3.364838 3.925423 3.808175 3.444995 3.900461 4.622737 4.704679 4.715687 4.543412 4.332345 3.943959
4.188975 4.214562 4.250038 4.250288 4.230595 4.170635 4.07676 3.975007 3.933138 3.931988 3.954946 3.949467 3.922422 3.9009 3.879233 3.865166 3.857654 3.868943 3.871842 3.875235 3.941577 3.955058 3.92409 3.960975 4.029562 4.036469 4.116137 4.151439 4.293855 4.439229 4.384239 4.382619 4.260542 4.120335 3.848441 3.453413 3.33499 3.231411 3.13976 3.069864 3.010647 2.947522 3.058643 3.16175 3.369195 3.68286 3.609438 3.689648 3.98129 4.159928 3.606785 2.666962 2.508563 3.311219 3.807829 3.502934 3.324548 4.182537 4.504267 4.505974 4.411359 4.408014 4.246181
4.13078 4.201925 4.232155 4.247712 4.231315 4.187821 4.09543 4.007453 3.927779 3.923506 3.931024 3.937894 3.929379 3.900846 3.884261 3.862916 3.875283 3.846797 3.833249 3.847303 3.902489 3.898003 3.872446 3.823823 3.807297 3.834231 3.922627 3.956643 4.096527 4.315781 4.356016 4.35551 4.323947 4.220233 3.977248 3.797445 3.519725 3.373482 3.259653 3.112768 2.961132 2.892835 2.7668 2.729417 3.18261 3.441572 3.57127 3.614942 3.805154 4.125523 3.991736 3.127322 2.356843 2.416945 3.34271 3.637877 3.264473 3.477841 3.612927 3.725827 3.712512 3.687239 4.036899
4.077727 4.134414 4.201795 4.224253 4.223783 4.194386 4.13609 4.049068 3.948177 3.917701 3.927786 3.920715 3.913919 3.9019 3.893025 3.866589 3.849478 3.841213 3.85495 3.872701 3.918761 3.904813 3.86283 3.828716 3.752537 3.688769 3.618474 3.60156 3.712285 3.87905 4.039823 4.172605 4.233265 4.203244 3.955663 3.854069 3.686761 3.401134 3.270618 3.16498 3.052971 2.977969 2.780443 2.660093 2.910647 3.330019 3.471251 3.571812 3.633841 3.958773 4.32473 3.989634 3.096695 2.291887 2.613519 3.435673 3.689464 3.623061 3.463895 3.089707 3.138557 3.052646 3.170458
4.059324 4.080558 4.16865 4.205369 4.196731 4.183988 4.153289 4.113606 4.068853 3.980027 3.934935 3.929755 3.917164 3.905815 3.903381 3.882406 3.857541 3.846511 3.867355 3.937609 3.946414 3.938099 3.94279 3.897058 3.796902 3.693413 3.585839 3.566092 3.488522 3.518047 3.655872 3.760696 3.980239 4.136864 3.979516 3.901324 3.808168 3.477104 3.193311 3.087458 3.008106 3.020178 2.757533 2.588731 2.599448 2.829205 3.28616 3.585215 3.486034 3.519034 4.266759 4.405561 4.077497 3.121463 2.519017 3.093787 3.842726 3.931479 4.09346 4.022857 3.562452 3.310261 2.955013
4.032131 4.064139 4.145458 4.181443 4.191253 4.156961 4.130148 4.119909 4.071212 4.007136 3.956885 3.933611 3.924327 3.907831 3.886162 3.868025 3.855942 3.833842 3.854634 3.908961 3.919656 3.94272 4.00604 3.96334 3.88006 3.775484 3.578113 3.573844 3.530823 3.495947 3.511326 3.582093 3.706739 3.926094 3.972636 3.916175 3.931686 3.800744 3.384976 3.173806 2.916749 2.730675 2.607113 2.431247 2.327724 2.638067 3.074436 3.543475 3.702209 3.635879 3.914902 4.515987 4.521049 4.162666 3.32333 3.088216 3.433923 4.155413 4.436731 4.602654 4.623211 4.276359 3.822839
3.999617 4.059489 4.155025 4.175765 4.170877 4.126897 4.106237 4.088011 4.061814 4.010055 3.961553 3.933495 3.927687 3.931157 3.905905 3.8725 3.835303 3.818071 3.850089 3.859191 3.847983 3.876094 3.98677 3.983232 3.962007 3.891816 3.840149 3.615428 3.539491 3.46505 3.40924 3.433125 3.560801 3.7201 3.871089 3.870185 3.930537 4.014175 3.760396 3.445045 3.383895 3.038544 2.666304 2.47518 2.294201 2.372028 2.511937 3.14614 3.331545 3.28624 3.784726 4.251639 4.342225 4.36068 4.129137 3.547534 3.506001 3.810864 4.151851 4.410858 4.644201 4.717093 4.527252
3.939713 3.983235 4.106687 4.157147 4.133585 4.114091 4.093028 4.0804 4.0547 4.005933 3.94806 3.909291 3.902574 3.924974 3.925807 3.883495 3.812587 3.813001 3.850671 3.838684 3.82285 3.851135 3.944526 3.963078 3.989644 3.96144 3.9272 3.830015 3.739937 3.560591 3.392149 3.273723 3.305651 3.494268 3.641967 3.792414 3.899702 3.977347 3.937103 3.788509 3.676728 3.626112 3.363049 2.936427 2.706661 2.470227 2.379496 2.561881 2.797596 2.75116 3.013879 3.692763 3.976882 3.91902 3.802824 3.669225 3.373281 3.484095 3.822557 4.078465 4.313082 4.561543 4.62253
3.861556 3.878636 3.984042 4.064361 4.055999 4.082361 4.104925 4.096679 4.056681 4.011599 3.941538 3.881287 3.849283 3.880459 3.915078 3.913112 3.907924 3.896428 3.86287 3.845857 3.854579 3.96563 3.954558 4.000278 3.996856 4.032567 3.973258 3.963116 3.927146 3.754812 3.637158 3.354311 3.133744 3.206279 3.405123 3.686351 3.828293 3.955644 4.073592 4.137864 4.045485 3.777867 3.64323 3.442657 3.15906 2.791694 2.614525 2.639144 2.747131 2.614688 2.394975 2.663904 3.021823 2.932637 3.105776 3.305551 3.551103 3.54042 3.776489 4.064168 4.278919 4.503678 4.575397
3.866486 3.84129 3.822412 3.894906 3.910565 4.002862 4.0955 4.092432 4.06038 4.009966 3.946406 3.918497 3.892361 3.852312 3.866517 3.89212 3.966176 3.903697 3.850128 3.840857 3.875498 3.96475 3.947055 4.100748 4.052314 4.093733 4.046094 4.037432 4.013384 4.042243 3.958756 3.610087 3.323803 3.159902 3.338749 3.588671 3.752886 3.910727 3.974786 4.002184 4.000937 3.851829 3.664842 3.63852 3.508426 3.278527 3.04175 2.949349 3.00606 3.006234 2.797705 2.598516 2.639351 2.588518 2.38698 2.602436 3.253238 3.604967 3.897549 4.167518 4.359518 4.53432 4.615471
3.954464 3.967521 3.939179 3.820929 3.813231 3.879843 4.054941 4.073845 4.048731 4.018069 4.006475 3.960667 3.892693 3.821195 3.776536 3.81896 3.905007 3.876434 3.830446 3.8026 3.807444 3.825713 3.83838 3.954083 4.062642 4.064986 4.11743 4.122141 4.115019 4.082428 4.021553 3.728823 3.393049 3.334025 3.374727 3.461308 3.635596 3.772438 3.868506 3.86033 3.956602 3.944878 3.867856 3.703067 3.584035 3.488625 3.333139 3.250905 3.360071 3.542757 3.787304 3.78281 3.796842 3.574286 2.582195 2.39498 2.709036 3.357738 3.76553 4.113261 4.484614 4.619862 4.788823
4.065878 4.043705 3.970863 3.87431 3.786756 3.784441 3.967993 4.006448 3.990651 4.002287 3.995927 3.967001 3.891839 3.80646 3.698991 3.732534 3.831926 3.801999 3.765352 3.721514 3.686259 3.68771 3.668215 3.747566 3.871571 3.911581 4.043046 4.175991 4.33882 4.324425 4.160498 3.994195 3.634895 3.549416 3.525204 3.457268 3.462678 3.532462 3.666538 3.822015 3.938599 4.127413 4.136993 3.914181 3.755985 3.523149 3.298373 3.201832 3.315738 3.706943 3.871913 4.129644 4.332032 4.498574 3.980617 3.037199 2.679989 2.715131 3.358611 3.894664 4.232503 4.700938 5.078095
4.090326 4.058412 4.000773 3.947613 3.848118 3.729958 3.867708 3.892811 3.913469 3.963644 3.957881 3.94348 3.914733 3.842026 3.705243 3.634834 3.71706 3.724977 3.713753 3.672091 3.619396 3.569808 3.584236 3.640409 3.720424 3.770586 3.878652 4.080753 4.331736 4.375369 4.254106 4.143635 4.037082 3.77545 3.637974 3.556478 3.431275 3.378193 3.419324 3.537377 3.739554 4.082402 4.127728 4.065481 3.964531 3.765213 3.344889 3.017339 3.112229 3.308401 3.317772 3.612586 4.13975 4.343712 4.315177 3.75809 2.904761 2.462993 2.636161 3.35645 3.839894 4.106046 4.341658
4.047072 4.030962 4.01459 3.975541 3.978403 3.899269 3.808982 3.792137 3.84155 3.906474 3.905821 3.901231 3.894597 3.908198 3.841457 3.689909 3.668196 3.671426 3.695434 3.694856 3.628218 3.533112 3.510821 3.534716 3.624939 3.623211 3.670657 3.724735 3.951828 4.131188 4.072938 3.939129 3.828161 3.823108 3.677776 3.630892 3.578801 3.426203 3.363874 3.410846 3.402182 3.556398 3.613443 3.771483 3.567267 3.528048 3.168503 3.020581 2.863781 2.924179 3.017017 2.955353 2.987234 3.193497 3.575004 3.369895 2.769985 2.250363 2.21083 2.613983 3.083909 3.33095 3.557389
3.976873 3.974051 3.949032 3.948858 3.999835 3.964715 3.839428 3.78993 3.82678 3.842513 3.848337 3.844671 3.858728 3.882174 3.901619 3.788129 3.675904 3.653583 3.676279 3.711859 3.698913 3.606222 3.491445 3.454742 3.506539 3.501554 3.502402 3.445536 3.517729 3.78076 3.849679 3.757816 3.649832 3.640831 3.574461 3.56029 3.616229 3.440224 3.32732 3.441099 3.501918 3.382808 3.322001 3.305004 3.151632 3.058251 2.867625 2.708179 2.69287 2.811033 2.939798 2.979441 2.956934 2.791536 2.795593 2.867767 2.44307 2.126076 1.740109 1.758938 2.264804 2.55657 2.641279
3.920665 3.921248 3.882821 3.874055 3.921437 3.880481 3.816785 3.760839 3.781447 3.780442 3.798648 3.838306 3.824621 3.826631 3.844331 3.752774 3.670313 3.619681 3.638147 3.660555 3.697013 3.749576 3.675391 3.593973 3.538192 3.530719 3.474838 3.428776 3.401195 3.566869 3.676342 3.681023 3.580794 3.553053 3.517606 3.398543 3.346464 3.340922 3.26977 3.168781 3.28704 3.424224 3.380563 3.359292 3.528719 3.647817 3.635021 3.423528 3.179712 2.743246 2.988205 3.084692 3.208231 3.254535 3.241815 3.205283 2.923321 2.380703 2.377882 2.083316 1.974189 2.32998 2.500841
3.901023 3.850948 3.821794 3.801809 3.82553 3.816042 3.792017 3.730308 3.715345 3.715746 3.740311 3.792542 3.829924 3.819421 3.796739 3.742489 3.662281 3.578547 3.554564 3.542636 3.560214 3.692668 3.720608 3.689561 3.662793 3.629778 3.618792 3.576453 3.579089 3.6468 3.678504 3.594847 3.551624 3.574781 3.603781 3.615862 3.583956 3.501101 3.577375 3.304121 3.222488 3.33599 3.354144 3.463107 3.590118 3.784857 4.009264 4.175835 4.080617 3.537051 3.06467 3.162885 3.425013 3.788218 3.962139 4.059522 3.924124 3.737412 3.588226 3.325428 3.131164 2.820016 2.997707
3.900462 3.827218 3.793397 3.781192 3.768684 3.769881 3.751379 3.719622 3.687188 3.671488 3.696917 3.726871 3.784576 3.79033 3.764957 3.739607 3.698782 3.632089 3.553672 3.476507 3.452629 3.473933 3.567746 3.648847 3.666593 3.725162 3.777299 3.921316 3.976439 3.801924 3.686857 3.56666 3.437451 3.534436 3.511232 3.495308 3.585695 3.653684 3.699309 3.644924 3.492037 3.369425 3.429153 3.471913 3.697909 3.752867 3.839571 3.919005 4.112204 4.039687 3.871312 3.69132 3.790049 4.01119 4.240156 4.281259 4.506362 4.547366 4.33697 4.165508 4.012792 3.936654 3.814784
3.890126 3.847251 3.774463 3.771949 3.766945 3.757512 3.722923 3.720593 3.680102 3.665405 3.624192 3.631756 3.691973 3.702232 3.701697 3.71143 3.783013 3.75677 3.653702 3.550793 3.5158 3.446904 3.491469 3.525137 3.569658 3.651166 3.836273 4.091746 4.230864 4.111981 3.827541 3.600901 3.478133 3.481023 3.400648 3.304172 3.325607 3.453491 3.546732 3.578707 3.636994 3.708817 3.653724 3.738679 3.840728 3.898819 3.844403 3.876631 4.095111 4.332491 4.414651 4.382177 4.274685 4.345448 4.267833 4.350045 4.312228 4.251832 4.23779 4.168019 4.093797 4.051036 4.024244
3.887986 3.875999 3.865663 3.790993 3.741672 3.726316 3.742247 3.710092 3.692454 3.654309 3.58303 3.508456 3.555649 3.556122 3.592437 3.701313 3.762052 3.751093 3.715241 3.680963 3.621491 3.591032 3.520229 3.451373 3.438965 3.43348 3.561924 3.810549 3.989516 4.01965 3.92469 3.684921 3.445127 3.421788 3.381667 3.333261 3.299282 3.403215 3.453911 3.513048 3.529233 3.512463 3.546674 3.661145 3.735867 3.860793 3.964396 4.121915 4.24337 4.364451 4.419379 4.415077 4.333876 4.196877 4.128709 4.095275 4.086883 4.037534 4.07935 4.091301 4.038944 4.054399 4.059025
3.811435 3.849987 3.851693 3.790246 3.723652 3.687171 3.66618 3.695365 3.676312 3.644429 3.597888 3.551921 3.435909 3.427929 3.401569 3.408046 3.550745 3.5657 3.638174 3.690471 3.625561 3.628252 3.572819 3.536105 3.413923 3.300142 3.245086 3.412794 3.683057 3.869899 3.885196 3.736555 3.492357 3.402588 3.385286 3.339972 3.362452 3.378675 3.421725 3.430042 3.399566 3.370101 3.435308 3.473842 3.575763 3.693809 3.872605 4.037153 4.176325 4.30585 4.345551 4.306555 4.209361 4.092471 4.02245 4.004069 3.960191 3.906998 3.952041 4.027182 4.028173 4.046555 4.067104
3.777197 3.778217 3.775929 3.756679 3.712911 3.6736 3.675914 3.661871 3.637976 3.5988 3.610021 3.541002 3.430919 3.385701 3.333785 3.250947 3.236898 3.29957 3.428518 3.537095 3.580621 3.606039 3.6114 3.631678 3.586663 3.450247 3.293523 3.285536 3.466707 3.755804 3.838713 3.898193 3.738552 3.680604 3.691529 3.586964 3.613196 3.496074 3.420386 3.418751 3.388625 3.450927 3.219721 3.225834 3.371952 3.401528 3.509162 3.623737 3.803266 4.15064 4.258285 4.231407 4.112189 4.007049 3.970682 3.870434 3.843686 3.748073 3.824261 3.891158 3.918154 3.999884 4.027611
