py_wake/examples/data/AJ_ParqueFicticio/Rough survey   Sector 3   Height 200m   Weibull-k.grd
DSAA
73  159
 258469   265669
 6501692   6517492
 2.462891   2.986328
[rows 56 to 83 of 159, columns 0 to 62 of 73]
2.927734 2.927734 2.923828 2.923828 2.923828 2.923828 2.923828 2.927734 2.927734 2.927734 2.931641 2.931641 2.931641 2.931641 2.935547 2.935547 2.935547 2.935547 2.935547 2.931641 2.935547 2.935547 2.935547 2.935547 2.935547 2.935547 2.935547 2.935547 2.935547 2.927734 2.923828 2.880859 2.845703 2.826172 2.818359 2.806641 2.798828 2.798828 2.798828 2.802734 2.806641 2.806641 2.806641 2.806641 2.791016 2.771484 2.751953 2.736328 2.716797 2.708984 2.744141 2.810547 2.814453 2.833984 2.849609 2.830078 2.802734 2.794922 2.818359 2.861328 2.888672 2.888672 2.857422
2.927734 2.927734 2.923828 2.923828 2.919922 2.923828 2.923828 2.927734 2.927734 2.927734 2.931641 2.931641 2.931641 2.931641 2.935547 2.935547 2.935547 2.935547 2.935547 2.935547 2.935547 2.935547 2.935547 2.935547 2.935547 2.935547 2.935547 2.935547 2.935547 2.927734 2.896484 2.861328 2.833984 2.818359 2.810547 2.802734 2.794922 2.798828 2.798828 2.802734 2.806641 2.806641 2.802734 2.798828 2.779297 2.759766 2.744141 2.728516 2.712891 2.705078 2.736328 2.814453 2.818359 2.837891 2.853516 2.837891 2.810547 2.798828 2.818359 2.857422 2.888672 2.896484 2.873047
2.927734 2.923828 2.919922 2.919922 2.919922 2.919922 2.923828 2.923828 2.927734 2.927734 2.927734 2.931641 2.931641 2.931641 2.931641 2.935547 2.935547 2.935547 2.935547 2.935547 2.935547 2.935547 2.935547 2.935547 2.935547 2.935547 2.935547 2.931641 2.919922 2.884766 2.869141 2.841797 2.822266 2.810547 2.798828 2.791016 2.787109 2.787109 2.798828 2.798828 2.802734 2.802734 2.798828 2.783203 2.767578 2.748047 2.732422 2.720703 2.708984 2.705078 2.728516 2.814453 2.818359 2.841797 2.857422 2.841797 2.814453 2.802734 2.818359 2.853516 2.892578 2.904297 2.888672
2.927734 2.919922 2.916016 2.916016 2.919922 2.919922 2.923828 2.923828 2.923828 2.927734 2.927734 2.927734 2.931641 2.931641 2.931641 2.931641 2.935547 2.935547 2.935547 2.931641 2.935547 2.935547 2.935547 2.935547 2.935547 2.935547 2.931641 2.923828 2.916016 2.876953 2.853516 2.830078 2.810547 2.791016 2.783203 2.775391 2.771484 2.771484 2.783203 2.794922 2.798828 2.798828 2.787109 2.775391 2.755859 2.740234 2.724609 2.712891 2.705078 2.697266 2.720703 2.806641 2.822266 2.837891 2.853516 2.845703 2.818359 2.806641 2.818359 2.853516 2.888672 2.908203 2.896484
2.927734 2.923828 2.916016 2.916016 2.916016 2.919922 2.923828 2.923828 2.923828 2.923828 2.923828 2.927734 2.927734 2.927734 2.931641 2.931641 2.935547 2.935547 2.935547 2.931641 2.931641 2.931641 2.935547 2.935547 2.935547 2.935547 2.931641 2.923828 2.912109 2.892578 2.853516 2.826172 2.802734 2.779297 2.763672 2.755859 2.755859 2.755859 2.763672 2.775391 2.783203 2.783203 2.775391 2.767578 2.751953 2.740234 2.732422 2.720703 2.708984 2.701172 2.716797 2.783203 2.826172 2.837891 2.849609 2.845703 2.826172 2.810547 2.822266 2.853516 2.884766 2.904297 2.900391
2.927734 2.919922 2.916016 2.916016 2.919922 2.919922 2.923828 2.923828 2.923828 2.923828 2.923828 2.923828 2.927734 2.927734 2.931641 2.931641 2.931641 2.931641 2.931641 2.931641 2.927734 2.931641 2.931641 2.935547 2.935547 2.935547 2.927734 2.919922 2.912109 2.888672 2.861328 2.826172 2.798828 2.775391 2.759766 2.748047 2.744141 2.744141 2.751953 2.759766 2.767578 2.771484 2.767578 2.759766 2.748047 2.744141 2.740234 2.736328 2.724609 2.716797 2.720703 2.763672 2.830078 2.837891 2.849609 2.845703 2.830078 2.818359 2.822266 2.849609 2.876953 2.892578 2.892578
2.923828 2.919922 2.919922 2.919922 2.919922 2.923828 2.923828 2.923828 2.923828 2.923828 2.923828 2.923828 2.927734 2.927734 2.927734 2.931641 2.931641 2.931641 2.931641 2.927734 2.927734 2.927734 2.931641 2.931641 2.935547 2.931641 2.927734 2.919922 2.908203 2.896484 2.865234 2.833984 2.806641 2.783203 2.759766 2.748047 2.740234 2.740234 2.744141 2.748047 2.755859 2.763672 2.759766 2.751953 2.744141 2.744141 2.744141 2.748047 2.755859 2.748047 2.744141 2.755859 2.814453 2.841797 2.849609 2.849609 2.833984 2.822266 2.822266 2.841797 2.865234 2.876953 2.880859
2.923828 2.919922 2.919922 2.919922 2.923828 2.923828 2.923828 2.923828 2.923828 2.923828 2.923828 2.923828 2.923828 2.927734 2.927734 2.927734 2.927734 2.927734 2.927734 2.927734 2.923828 2.923828 2.927734 2.927734 2.931641 2.927734 2.919922 2.908203 2.900391 2.892578 2.873047 2.845703 2.818359 2.791016 2.767578 2.748047 2.740234 2.736328 2.736328 2.740234 2.748047 2.751953 2.751953 2.748047 2.740234 2.740234 2.748047 2.759766 2.783203 2.802734 2.794922 2.771484 2.783203 2.841797 2.849609 2.849609 2.833984 2.818359 2.814453 2.830078 2.849609 2.865234 2.873047
2.923828 2.919922 2.919922 2.923828 2.923828 2.923828 2.919922 2.919922 2.919922 2.919922 2.923828 2.923828 2.923828 2.923828 2.923828 2.927734 2.927734 2.927734 2.927734 2.923828 2.923828 2.919922 2.919922 2.923828 2.923828 2.923828 2.904297 2.888672 2.880859 2.884766 2.876953 2.857422 2.830078 2.802734 2.775391 2.755859 2.744141 2.736328 2.736328 2.736328 2.740234 2.744141 2.744141 2.736328 2.732422 2.736328 2.748047 2.767578 2.798828 2.837891 2.833984 2.814453 2.787109 2.814453 2.849609 2.849609 2.833984 2.814453 2.802734 2.810547 2.822266 2.837891 2.857422
2.923828 2.919922 2.919922 2.919922 2.919922 2.919922 2.919922 2.916016 2.919922 2.919922 2.919922 2.919922 2.923828 2.923828 2.923828 2.923828 2.927734 2.927734 2.923828 2.923828 2.919922 2.916016 2.916016 2.919922 2.916016 2.912109 2.904297 2.880859 2.869141 2.869141 2.869141 2.857422 2.837891 2.814453 2.791016 2.775391 2.759766 2.744141 2.736328 2.732422 2.732422 2.736328 2.736328 2.732422 2.728516 2.732422 2.744141 2.767578 2.798828 2.845703 2.837891 2.833984 2.833984 2.814453 2.857422 2.857422 2.841797 2.822266 2.806641 2.798828 2.806641 2.822266 2.841797
2.923828 2.919922 2.919922 2.919922 2.919922 2.919922 2.916016 2.916016 2.919922 2.919922 2.919922 2.919922 2.923828 2.923828 2.923828 2.923828 2.923828 2.923828 2.923828 2.923828 2.919922 2.916016 2.916016 2.912109 2.908203 2.904297 2.896484 2.884766 2.865234 2.857422 2.853516 2.845703 2.830078 2.830078 2.814453 2.802734 2.787109 2.763672 2.744141 2.736328 2.732422 2.732422 2.728516 2.724609 2.724609 2.724609 2.740234 2.759766 2.787109 2.830078 2.841797 2.837891 2.845703 2.861328 2.873047 2.873047 2.861328 2.841797 2.826172 2.814453 2.814453 2.822266 2.837891
2.923828 2.919922 2.919922 2.919922 2.919922 2.916016 2.916016 2.916016 2.916016 2.919922 2.919922 2.919922 2.919922 2.923828 2.923828 2.923828 2.923828 2.923828 2.923828 2.923828 2.919922 2.916016 2.912109 2.908203 2.904297 2.896484 2.888672 2.876953 2.865234 2.857422 2.841797 2.830078 2.818359 2.826172 2.830078 2.826172 2.814453 2.794922 2.763672 2.748047 2.736328 2.724609 2.720703 2.720703 2.720703 2.724609 2.732422 2.751953 2.779297 2.814453 2.845703 2.841797 2.849609 2.865234 2.884766 2.892578 2.880859 2.865234 2.849609 2.837891 2.837891 2.837891 2.845703
2.919922 2.923828 2.923828 2.919922 2.916016 2.912109 2.912109 2.912109 2.916016 2.916016 2.919922 2.919922 2.919922 2.919922 2.919922 2.919922 2.919922 2.923828 2.923828 2.923828 2.919922 2.916016 2.912109 2.904297 2.900391 2.892578 2.880859 2.869141 2.857422 2.845703 2.841797 2.818359 2.810547 2.814453 2.826172 2.826172 2.830078 2.822266 2.791016 2.767578 2.751953 2.736328 2.724609 2.720703 2.720703 2.720703 2.720703 2.736328 2.767578 2.798828 2.841797 2.837891 2.845703 2.865234 2.888672 2.900391 2.896484 2.880859 2.861328 2.849609 2.845703 2.849609 2.857422
2.919922 2.923828 2.923828 2.919922 2.916016 2.912109 2.912109 2.912109 2.912109 2.912109 2.912109 2.916016 2.919922 2.919922 2.916016 2.916016 2.919922 2.919922 2.923828 2.919922 2.919922 2.916016 2.912109 2.904297 2.896484 2.888672 2.876953 2.865234 2.853516 2.841797 2.833984 2.810547 2.794922 2.794922 2.806641 2.814453 2.826172 2.822266 2.810547 2.791016 2.767578 2.751953 2.736328 2.732422 2.728516 2.724609 2.724609 2.732422 2.755859 2.787109 2.830078 2.826172 2.833984 2.853516 2.876953 2.900391 2.904297 2.892578 2.873047 2.861328 2.857422 2.861328 2.869141
2.916016 2.919922 2.923828 2.919922 2.912109 2.908203 2.908203 2.908203 2.908203 2.908203 2.908203 2.912109 2.916016 2.916016 2.916016 2.916016 2.919922 2.919922 2.919922 2.919922 2.919922 2.916016 2.908203 2.900391 2.892578 2.884766 2.873047 2.861328 2.849609 2.833984 2.830078 2.830078 2.783203 2.775391 2.779297 2.794922 2.802734 2.814453 2.810547 2.802734 2.787109 2.767578 2.755859 2.748047 2.744141 2.740234 2.732422 2.740234 2.763672 2.802734 2.818359 2.810547 2.810547 2.830078 2.861328 2.892578 2.908203 2.900391 2.884766 2.873047 2.869141 2.876953 2.888672
2.912109 2.916016 2.919922 2.916016 2.912109 2.908203 2.908203 2.908203 2.904297 2.904297 2.908203 2.912109 2.916016 2.916016 2.916016 2.916016 2.916016 2.916016 2.916016 2.916016 2.916016 2.916016 2.904297 2.896484 2.888672 2.880859 2.869141 2.857422 2.841797 2.830078 2.826172 2.830078 2.783203 2.763672 2.763672 2.771484 2.783203 2.794922 2.802734 2.798828 2.794922 2.783203 2.775391 2.767578 2.759766 2.755859 2.755859 2.759766 2.783203 2.833984 2.826172 2.810547 2.810547 2.826172 2.857422 2.892578 2.912109 2.908203 2.896484 2.892578 2.888672 2.896484 2.908203
2.912109 2.916016 2.919922 2.916016 2.912109 2.908203 2.908203 2.904297 2.904297 2.900391 2.904297 2.908203 2.908203 2.912109 2.912109 2.912109 2.912109 2.912109 2.912109 2.912109 2.912109 2.908203 2.900391 2.892578 2.884766 2.876953 2.865234 2.853516 2.837891 2.826172 2.822266 2.830078 2.775391 2.755859 2.755859 2.755859 2.767578 2.779297 2.791016 2.798828 2.802734 2.798828 2.794922 2.787109 2.779297 2.775391 2.775391 2.779297 2.806641 2.857422 2.849609 2.841797 2.837891 2.841797 2.865234 2.873047 2.865234 2.916016 2.908203 2.904297 2.904297 2.912109 2.927734
2.916016 2.916016 2.916016 2.912109 2.908203 2.908203 2.908203 2.904297 2.896484 2.900391 2.900391 2.904297 2.904297 2.904297 2.904297 2.904297 2.904297 2.904297 2.904297 2.908203 2.908203 2.904297 2.896484 2.884766 2.876953 2.869141 2.861328 2.849609 2.833984 2.826172 2.822266 2.830078 2.787109 2.759766 2.755859 2.755859 2.759766 2.767578 2.779297 2.791016 2.798828 2.810547 2.818359 2.810547 2.806641 2.798828 2.794922 2.802734 2.822266 2.869141 2.865234 2.861328 2.857422 2.861328 2.876953 2.876953 2.841797 2.857422 2.916016 2.912109 2.912109 2.923828 2.935547
2.912109 2.916016 2.912109 2.908203 2.908203 2.908203 2.908203 2.900391 2.892578 2.896484 2.896484 2.896484 2.896484 2.896484 2.900391 2.900391 2.900391 2.900391 2.900391 2.900391 2.900391 2.892578 2.888672 2.876953 2.869141 2.865234 2.857422 2.845703 2.830078 2.818359 2.818359 2.826172 2.802734 2.771484 2.763672 2.759766 2.759766 2.763672 2.771484 2.783203 2.798828 2.822266 2.837891 2.841797 2.845703 2.837891 2.826172 2.830078 2.841797 2.865234 2.861328 2.857422 2.857422 2.861328 2.873047 2.896484 2.857422 2.833984 2.853516 2.908203 2.912109 2.919922 2.931641
2.912109 2.912109 2.912109 2.908203 2.904297 2.908203 2.908203 2.900391 2.892578 2.892578 2.892578 2.892578 2.892578 2.892578 2.892578 2.896484 2.896484 2.896484 2.896484 2.892578 2.892578 2.888672 2.876953 2.869141 2.861328 2.857422 2.849609 2.833984 2.814453 2.802734 2.802734 2.810547 2.810547 2.787109 2.771484 2.763672 2.763672 2.767578 2.775391 2.791016 2.814453 2.845703 2.861328 2.857422 2.861328 2.861328 2.861328 2.865234 2.861328 2.857422 2.853516 2.849609 2.845703 2.845703 2.857422 2.873047 2.892578 2.833984 2.826172 2.865234 2.900391 2.908203 2.923828
2.908203 2.908203 2.908203 2.908203 2.904297 2.904297 2.900391 2.896484 2.888672 2.888672 2.888672 2.888672 2.888672 2.888672 2.888672 2.892578 2.892578 2.892578 2.892578 2.888672 2.884766 2.880859 2.873047 2.861328 2.853516 2.845703 2.837891 2.818359 2.798828 2.783203 2.787109 2.798828 2.806641 2.787109 2.775391 2.767578 2.771484 2.775391 2.787109 2.810547 2.845703 2.853516 2.849609 2.845703 2.845703 2.849609 2.853516 2.857422 2.857422 2.861328 2.857422 2.849609 2.841797 2.833984 2.841797 2.857422 2.873047 2.841797 2.810547 2.830078 2.896484 2.904297 2.916016
2.904297 2.904297 2.904297 2.904297 2.900391 2.896484 2.892578 2.888672 2.884766 2.884766 2.884766 2.884766 2.884766 2.884766 2.884766 2.884766 2.884766 2.888672 2.888672 2.884766 2.880859 2.873047 2.865234 2.857422 2.849609 2.841797 2.826172 2.806641 2.783203 2.771484 2.775391 2.791016 2.794922 2.779297 2.779297 2.779297 2.779297 2.791016 2.818359 2.845703 2.845703 2.845703 2.845703 2.845703 2.849609 2.857422 2.865234 2.873047 2.876953 2.876953 2.873047 2.865234 2.857422 2.853516 2.861328 2.869141 2.880859 2.857422 2.826172 2.826172 2.869141 2.919922 2.931641
2.900391 2.900391 2.900391 2.900391 2.896484 2.892578 2.888672 2.884766 2.880859 2.880859 2.876953 2.876953 2.876953 2.876953 2.876953 2.876953 2.880859 2.880859 2.880859 2.876953 2.873047 2.869141 2.857422 2.853516 2.845703 2.837891 2.822266 2.798828 2.779297 2.771484 2.775391 2.791016 2.775391 2.779297 2.783203 2.787109 2.794922 2.818359 2.849609 2.849609 2.845703 2.845703 2.845703 2.849609 2.861328 2.873047 2.884766 2.892578 2.896484 2.896484 2.892578 2.888672 2.884766 2.884766 2.892578 2.900391 2.912109 2.865234 2.849609 2.849609 2.869141 2.927734 2.943359
2.900391 2.896484 2.896484 2.896484 2.892578 2.884766 2.880859 2.876953 2.876953 2.873047 2.873047 2.873047 2.873047 2.873047 2.873047 2.873047 2.873047 2.873047 2.873047 2.873047 2.869141 2.861328 2.853516 2.845703 2.841797 2.833984 2.818359 2.798828 2.779297 2.767578 2.775391 2.783203 2.771484 2.779297 2.787109 2.794922 2.818359 2.849609 2.849609 2.849609 2.849609 2.853516 2.857422 2.861328 2.873047 2.865234 2.869141 2.880859 2.904297 2.908203 2.908203 2.916016 2.912109 2.912109 2.916016 2.904297 2.880859 2.861328 2.845703 2.845703 2.865234 2.908203 2.943359
2.896484 2.892578 2.892578 2.892578 2.888672 2.880859 2.873047 2.873047 2.869141 2.865234 2.865234 2.865234 2.865234 2.865234 2.865234 2.865234 2.869141 2.869141 2.869141 2.865234 2.861328 2.853516 2.845703 2.841797 2.837891 2.830078 2.814453 2.794922 2.775391 2.767578 2.775391 2.794922 2.783203 2.791016 2.798828 2.806641 2.833984 2.849609 2.853516 2.853516 2.853516 2.861328 2.857422 2.837891 2.837891 2.841797 2.845703 2.857422 2.876953 2.888672 2.884766 2.880859 2.876953 2.880859 2.876953 2.876953 2.869141 2.857422 2.849609 2.853516 2.865234 2.900391 2.943359
2.892578 2.892578 2.892578 2.888672 2.884766 2.876953 2.869141 2.865234 2.861328 2.857422 2.857422 2.857422 2.857422 2.857422 2.857422 2.861328 2.861328 2.861328 2.861328 2.861328 2.853516 2.849609 2.841797 2.833984 2.826172 2.818359 2.802734 2.783203 2.767578 2.763672 2.771484 2.791016 2.798828 2.802734 2.810547 2.822266 2.845703 2.849609 2.849609 2.849609 2.853516 2.857422 2.822266 2.810547 2.810547 2.818359 2.830078 2.841797 2.853516 2.861328 2.865234 2.865234 2.865234 2.865234 2.869141 2.876953 2.876953 2.869141 2.865234 2.869141 2.880859 2.904297 2.943359
2.888672 2.888672 2.884766 2.884766 2.876953 2.873047 2.865234 2.857422 2.853516 2.849609 2.845703 2.849609 2.849609 2.845703 2.849609 2.849609 2.849609 2.853516 2.853516 2.853516 2.845703 2.841797 2.833984 2.826172 2.818359 2.806641 2.791016 2.771484 2.755859 2.755859 2.771484 2.791016 2.810547 2.814453 2.822266 2.837891 2.849609 2.853516 2.853516 2.849609 2.849609 2.822266 2.794922 2.791016 2.794922 2.802734 2.814453 2.822266 2.833984 2.845703 2.849609 2.857422 2.865234 2.869141 2.876953 2.888672 2.892578 2.884766 2.880859 2.876953 2.884766 2.904297 2.943359
2.884766 2.884766 2.880859 2.876953 2.873047 2.865234 2.857422 2.853516 2.845703 2.841797 2.841797 2.841797 2.837891 2.837891 2.833984 2.833984 2.837891 2.837891 2.841797 2.837891 2.837891 2.833984 2.826172 2.818359 2.806641 2.791016 2.775391 2.759766 2.751953 2.755859 2.771484 2.794922 2.810547 2.822266 2.837891 2.853516 2.857422 2.861328 2.853516 2.853516 2.826172 2.798828 2.779297 2.775391 2.783203 2.791016 2.798828 2.806641 2.818359 2.830078 2.841797 2.857422 2.869141 2.876953 2.892578 2.904297 2.908203 2.896484 2.884766 2.876953 2.884766 2.912109 2.943359
