py_wake/examples/data/AJ_ParqueFicticio/Rough survey   Sector 3   Height 30m   Weibull-A.grd
DSAA
73  159
 258469   265669
 6501692   6517492
 .05429767   11.80528
[rows 0 to 27 of 159, columns 0 to 62 of 73]
4.174622 4.210596 4.221385 4.210538 4.203239 4.194536 4.185648 4.180063 4.171781 4.16554 4.166347 4.173352 4.170427 4.163743 4.162212 4.134204 4.097751 4.036058 3.941857 3.772772 3.473053 3.644235 3.98726 4.615522 4.727435 4.703065 4.342887 4.755969 4.909143 4.808191 4.801592 4.850451 4.915723 4.851651 4.769862 4.937735 5.149336 5.360904 5.259338 5.185443 5.105096 4.965239 4.860729 4.822361 4.804239 4.75776 4.711793 4.660049 4.63758 4.610306 4.586315 4.566102 4.554167 4.561704 4.587222 4.617883 4.660439 4.736394 4.790812 4.842876 4.89817 4.942633 4.96469
4.1284 4.201041 4.203796 4.186978 4.16856 4.158056 4.15655 4.156577 4.151741 4.137251 4.115402 4.1265 4.127847 4.133251 4.143922 4.125163 4.093086 4.033383 3.939586 3.709349 3.536052 3.766699 4.310768 4.696278 4.621034 4.545775 4.397975 4.980152 4.963739 4.928846 4.916352 4.951701 5.033668 5.024378 4.943188 5.052364 5.185603 5.277359 5.170386 5.088845 4.958557 4.835178 4.812261 4.841574 4.876199 4.802026 4.717041 4.653061 4.621123 4.588809 4.553226 4.543288 4.531188 4.556702 4.589677 4.623942 4.666939 4.750954 4.840927 4.913389 4.976698 5.027547 5.066746
4.078666 4.256359 4.203223 4.164139 4.133923 4.12097 4.11735 4.120559 4.133235 4.130781 4.116104 4.087521 4.084677 4.085266 4.123542 4.122818 4.090864 4.039165 3.952915 3.773676 3.704072 3.955915 4.33706 4.556349 4.816855 4.912372 4.704414 4.891584 4.988656 4.985342 4.984954 5.050706 5.142707 5.176964 5.096523 5.075861 5.11055 5.205909 5.074049 4.97575 4.820267 4.742584 4.754447 4.79805 4.77066 4.787726 4.697625 4.633739 4.590658 4.513794 4.460829 4.46375 4.501586 4.566299 4.600442 4.638301 4.686477 4.777766 4.890106 4.98338 5.071574 5.132299 5.188251
4.1426 4.130831 4.158441 4.11769 4.094121 4.081935 4.086216 4.093562 4.102396 4.111293 4.101077 4.074233 4.072636 4.093023 4.083624 4.118767 4.100942 4.043366 3.952985 3.80317 3.809667 4.095888 4.350291 4.575285 4.788429 4.788651 4.840992 4.976199 5.023602 5.033922 5.046979 5.180023 5.311238 5.225826 5.152253 5.029488 4.97221 5.172854 4.962407 4.802004 4.558465 4.62247 4.745176 4.799296 4.756261 4.771895 4.623028 4.568089 4.523629 4.455083 4.420119 4.533368 4.554098 4.586031 4.614528 4.658197 4.71662 4.816311 4.957442 5.084818 5.202894 5.289653 5.344319
4.110603 4.029 4.023581 4.067222 4.07868 4.052033 4.054972 4.074081 4.084302 4.082181 4.093144 4.062159 4.053112 4.097451 4.08638 4.100864 4.10484 4.057256 3.945298 3.762492 3.95383 4.140243 4.54848 4.630707 4.858045 4.898238 4.95757 5.003812 5.057949 5.134241 5.207455 5.358705 5.362907 5.146182 4.996921 4.700073 4.738859 5.032459 5.026639 4.387524 4.080287 4.532712 4.794834 4.878239 4.87192 4.715029 4.529359 4.500097 4.481091 4.479144 4.487479 4.55779 4.568103 4.583021 4.614326 4.667954 4.744256 4.845336 5.03742 5.219369 5.380918 5.512249 5.590571
4.068392 3.940885 3.929765 4.035773 4.114828 4.007081 4.019508 4.078475 4.082478 4.078272 4.085955 4.066229 4.021822 4.106594 4.08975 4.071615 4.120656 4.104834 3.995156 4.046085 4.139427 4.367989 4.604963 4.799218 4.928878 4.953177 5.029721 5.037798 5.07042 5.157111 5.279727 5.372507 4.996537 4.603705 4.474527 4.476655 4.590139 4.725894 4.42309 3.734465 3.794565 4.598641 4.957344 5.011192 4.940671 4.616184 4.48457 4.512771 4.526538 4.513604 4.548143 4.52108 4.519914 4.529493 4.579784 4.662507 4.767956 4.878829 5.146564 5.408086 5.656135 5.875517 6.005847
4.027215 3.985976 3.953175 4.002516 4.004428 3.972537 4.114817 4.155895 4.136464 4.130436 4.097189 4.037358 4.036581 4.093258 4.097503 4.056386 4.123877 4.163804 4.148796 4.059929 4.213656 4.39867 4.764748 4.966294 5.009094 4.912771 5.044652 5.05291 5.040323 5.053118 5.095114 4.985124 4.646259 4.489722 4.456408 4.407367 4.449932 4.451488 4.110716 3.619639 4.226635 5.062966 5.199011 5.072581 4.655021 4.431976 4.47603 4.627724 4.632906 4.564963 4.524612 4.472751 4.40327 4.416442 4.516419 4.648124 4.795759 4.947213 5.273962 5.701027 6.124072 6.109665 5.740577
4.028906 4.012753 4.01965 3.990454 3.930915 3.952066 4.077914 4.169037 4.176026 4.142457 4.091311 4.04789 4.060792 4.080908 4.087633 4.061701 4.039013 4.1796 4.229111 4.203992 4.384353 4.654189 4.994874 5.067163 4.893756 4.769627 4.975458 4.997668 4.951243 4.897115 4.793129 4.643945 4.534183 4.448884 4.405695 4.342831 4.302139 4.221618 4.124402 4.206744 5.040555 5.393962 5.218536 4.662211 4.130632 4.353014 4.666586 4.852824 4.914335 4.600402 4.485765 4.450429 4.259681 4.152489 4.394992 4.659319 4.839849 5.023078 5.417836 6.108199 6.022305 5.652836 5.086308
4.026695 4.008286 4.01393 3.993075 3.980826 3.989344 4.082581 4.165055 4.206752 4.13913 4.07132 4.049091 4.055268 4.048827 4.044171 4.03626 4.045996 4.149426 4.295593 4.396759 4.523217 4.667682 4.942091 4.875169 4.746248 4.677773 4.757034 4.919398 4.811406 4.681303 4.572004 4.466584 4.380781 4.321532 4.30037 4.227329 4.131173 4.125997 4.230054 4.515424 5.175567 5.309389 4.724484 3.981072 4.090608 4.697087 4.840504 4.758895 4.47289 4.181906 4.204335 4.119164 3.710603 3.881276 4.34982 4.72598 4.904682 5.100333 5.459065 5.721822 5.451676 4.849676 3.920589
4.026303 4.00157 3.98594 3.988668 4.000564 4.092453 4.280068 4.41318 4.281942 4.074824 3.99756 4.01899 4.041652 4.014102 3.969699 3.979795 4.042964 4.094966 4.323658 4.463985 4.563752 4.677542 4.655149 4.688571 4.769808 4.66391 4.693237 4.722826 4.550414 4.440679 4.404572 4.303094 4.182617 4.096142 4.021142 3.888772 4.060818 4.23689 4.264681 4.433851 4.612825 4.294959 3.888276 3.658413 4.295916 4.74694 4.552025 4.321373 4.104542 3.798481 3.794972 3.511361 3.291081 3.911721 4.658867 4.905744 5.006541 5.17285 5.428873 5.110906 4.613878 3.855896 2.967199
4.022234 4.001483 3.972706 3.991006 4.077113 4.129346 4.313096 4.548665 4.271114 3.916704 3.890264 3.970977 4.044291 3.98058 3.911905 3.980663 4.030978 4.116011 4.210548 4.381958 4.516742 4.533947 4.553053 4.681204 4.794995 4.666619 4.654075 4.556008 4.430636 4.315101 4.145572 4.071041 4.034064 3.958511 3.866385 3.872731 3.95085 4.081304 4.191709 4.180756 4.115878 4.004775 3.842988 3.875637 4.236825 4.285726 3.80569 3.728676 3.704149 3.397256 3.321471 3.142524 3.543421 4.508103 5.032036 5.187798 5.169332 5.312428 5.152575 4.791382 4.19363 3.447543 3.108952
4.022886 4.011611 4.023623 4.064587 4.165071 4.182258 4.296685 4.236004 3.92778 3.668009 3.743838 4.069654 4.111904 4.029669 3.915039 3.97681 4.29321 4.225342 4.096401 4.111579 4.214024 4.420658 4.687339 4.720031 4.70763 4.722159 4.399745 4.443104 4.428751 4.148395 3.985822 3.936697 3.923836 3.900357 3.822645 3.814109 3.887869 3.921232 4.024923 3.986588 3.980898 3.900468 3.850159 3.865085 3.89903 3.685994 3.416445 3.277431 3.050797 3.024321 3.133001 3.381962 4.175701 4.856059 5.194224 5.285684 5.289793 5.135075 4.934762 4.416137 3.845332 3.263175 3.169949
4.02267 4.034769 4.086592 4.127327 4.163119 4.189864 4.172231 4.034522 3.574659 3.465159 3.94523 4.31795 4.186733 3.986192 3.883746 3.929844 4.344738 4.16487 4.121013 4.049892 4.099044 4.425127 4.742704 4.702446 4.634099 4.58124 4.54606 4.389364 4.20162 3.87286 3.82498 3.778129 3.783032 3.783453 3.746825 3.749512 3.82736 3.85015 3.854968 3.850905 3.838121 3.804101 3.725854 3.725148 3.723764 3.628491 3.450673 3.236102 3.099465 3.116587 3.322311 3.718813 4.290087 4.777764 5.049079 4.904421 4.400258 3.783166 3.033141 2.386791 2.595767 2.540094 3.184959
4.028659 4.082333 4.118 4.134942 4.144126 4.135383 4.077495 3.916405 3.49113 3.667379 4.147852 4.18549 4.027002 3.839219 3.824306 4.184419 4.180833 4.156938 4.214992 4.172798 4.197291 4.338346 4.682251 4.656959 4.530319 4.436198 4.29384 4.060999 3.84854 3.766281 3.717661 3.70417 3.684035 3.650539 3.68913 3.709104 3.766074 3.769076 3.74289 3.703588 3.674264 3.633266 3.536589 3.534783 3.514468 3.381624 3.260861 3.037045 3.013687 3.008176 3.30725 3.565675 3.786196 3.833277 2.600904 2.069537 1.956642 1.954738 1.923571 1.86375 1.869408 2.37802 3.269807
4.063714 4.096416 4.114147 4.125146 4.119747 4.093122 4.02566 3.928561 3.742763 3.724506 4.016621 4.103952 4.026596 3.931421 4.003398 4.175937 4.201388 4.267446 4.323595 4.26306 4.256838 4.400341 4.430983 4.462647 4.444021 4.317195 4.156905 3.966337 3.863833 3.779853 3.723768 3.66576 3.648968 3.583865 3.588933 3.679071 3.746405 3.696019 3.608263 3.493473 3.425455 3.376324 3.338566 3.351213 3.236497 3.151748 3.02567 2.917053 2.626521 2.792143 3.036463 3.099779 2.747239 2.201915 2.017348 1.847891 1.824828 1.935438 2.894033 .05429767 1.741864 2.551738 3.575398
4.086919 4.090813 4.09649 4.10156 4.097887 4.060622 3.993039 3.89922 3.800353 3.788193 3.97946 4.053822 4.041511 4.027078 4.133584 4.24776 4.220492 4.296629 4.33415 4.247322 4.330401 4.348918 4.281034 4.198933 4.089404 4.261298 4.107574 3.886201 3.795041 3.732553 3.688649 3.61492 3.474347 3.310574 3.461902 3.684095 3.714047 3.641318 3.510231 3.332386 3.335177 3.402181 3.412346 3.259683 3.028223 2.849881 2.847287 2.878683 2.811543 2.674343 2.6067 2.391695 1.942348 1.819652 1.69405 1.585167 1.742198 2.125916 2.460323 2.884931 3.822573 4.205447 4.487342
4.084322 4.088766 4.080626 4.081593 4.077953 4.049229 3.984429 3.906865 3.847917 3.863745 3.933522 4.002171 4.055487 4.101761 4.214451 4.175804 4.17564 4.283812 4.277314 4.22797 4.250267 4.279715 4.214553 4.14 4.108788 4.037634 4.044493 3.822802 3.696462 3.633919 3.655922 3.536865 3.251378 3.153857 3.892314 4.050336 3.867345 3.621282 3.329458 2.994775 3.147623 3.338946 3.253816 3.096182 2.852379 2.778659 2.812783 2.74658 2.228966 2.048308 2.046856 1.851331 1.650926 1.614 1.783237 2.964717 4.012977 4.535368 4.903008 5.020625 5.033095 4.87464 4.77026
4.081781 4.06738 4.080588 4.074865 4.067689 4.044406 3.994074 3.940115 3.901752 3.910532 3.965143 4.009367 4.07282 4.180403 4.203315 4.18329 4.161043 4.19798 4.211648 4.204097 4.191947 4.210277 4.186256 4.156851 4.170125 4.132198 3.917997 3.695654 3.610313 3.814467 3.886765 3.385613 3.060528 3.530891 4.348727 4.374633 4.133886 3.785424 3.263885 2.933549 3.115682 3.149425 2.833648 2.455424 2.142329 2.526697 2.684501 2.916476 3.404071 3.736601 3.680956 3.45764 3.452042 3.746335 4.126781 4.552973 4.970884 5.210647 5.209649 5.116152 5.019731 4.869069 4.409593
4.077781 4.064633 4.07066 4.067398 4.05618 4.041461 4.011801 3.970365 3.94185 3.947428 4.023497 4.090503 4.097264 4.153131 4.181113 4.183794 4.168416 4.175937 4.188532 4.187976 4.171311 4.160026 4.142752 4.179151 4.224383 4.184186 4.090136 3.948517 4.023938 4.401324 4.056926 3.257296 3.291481 4.109756 4.558774 4.513181 4.405273 3.863436 3.052383 2.577487 3.214448 3.449051 3.484398 3.600608 3.690455 3.770415 3.577791 3.761573 4.235707 4.331628 4.075559 3.803616 3.830732 4.150372 4.482288 4.847181 4.922985 5.047603 5.024919 4.926747 4.884892 4.722999 4.343946
4.078386 4.065297 4.054582 4.042712 4.033572 4.029612 4.018657 4.004151 3.978983 3.982682 4.065023 4.063084 4.078943 4.127909 4.151152 4.169632 4.170734 4.172401 4.191131 4.197873 4.176566 4.152437 4.158148 4.258331 4.242988 4.161049 4.077384 4.071192 4.277068 4.261789 3.541712 3.367435 3.953732 4.48489 4.458579 4.501346 4.327329 3.671244 2.612602 2.394416 3.380632 3.897033 4.081455 4.135117 4.257223 4.222672 3.976318 4.199219 4.628708 4.507167 4.131696 3.915178 3.991824 4.226078 4.438828 4.590752 4.778286 4.882279 4.792367 4.807775 4.783874 4.667407 4.331656
4.099618 4.054545 4.008718 3.987603 3.997499 4.009189 4.014944 4.021178 4.018342 4.03366 4.091807 4.094025 4.086056 4.10381 4.133817 4.154348 4.17007 4.173404 4.211657 4.207926 4.189349 4.171122 4.206275 4.235114 4.235209 4.184493 4.1483 4.116158 4.178942 3.909871 3.361683 3.688781 4.001385 4.121975 4.224791 4.507193 4.348061 3.447797 2.311673 2.70622 3.771443 4.327234 4.310966 4.483644 4.3459 4.136004 4.117649 4.436311 4.59385 4.291104 3.959076 3.908085 4.081403 4.079409 4.310473 4.446991 4.570534 4.636935 4.648746 4.753101 4.797056 4.731255 4.518452
4.098414 4.088874 3.993375 3.949554 3.980026 4.001719 4.017132 4.028624 4.043706 4.066402 4.087866 4.104743 4.109549 4.113225 4.11871 4.141793 4.171505 4.202485 4.212871 4.172376 4.152981 4.158996 4.202901 4.222471 4.214797 4.192515 4.161921 4.120827 3.917332 3.233485 3.52937 3.97084 4.186529 4.292243 4.221556 4.299701 4.01461 3.264325 2.569051 3.357561 4.022036 4.316792 4.361847 4.312322 4.177232 4.07819 4.178291 4.328212 4.292665 4.024596 3.801239 3.870575 3.964378 3.972135 4.124622 4.264666 4.293649 4.46967 4.649013 4.889553 5.06368 5.036089 4.859089
4.059268 4.042121 4.00335 3.965528 3.988361 4.002161 4.019705 4.036878 4.052492 4.068748 4.065787 4.089768 4.109915 4.125117 4.127738 4.130718 4.175399 4.189738 4.190197 4.172322 4.15269 4.151366 4.178413 4.191628 4.191004 4.155973 4.100027 4.040978 3.672532 3.312548 3.813131 4.301459 4.382589 4.257473 4.005143 4.066229 3.763531 3.133474 3.148816 3.620374 3.959051 4.126557 4.232058 4.108173 4.059678 4.104932 4.126565 4.074026 3.923199 3.787917 3.661615 3.664023 3.846099 3.820841 3.985785 4.142324 4.371988 4.680748 5.013114 5.423445 5.578612 5.591398 5.262275
4.03686 4.016495 3.980987 3.990471 4.004329 4.01207 4.025984 4.035766 4.054681 4.051097 4.052299 4.070369 4.094037 4.115592 4.141389 4.158878 4.1849 4.170687 4.163327 4.165404 4.158902 4.14788 4.158104 4.176526 4.164399 4.103918 4.005759 3.882255 3.563199 3.53077 4.288418 4.328283 4.187096 4.193113 3.866729 3.923109 3.756037 3.373667 3.367523 3.706714 3.95345 3.923972 4.042751 3.896825 3.926406 3.986114 3.957765 3.876728 3.709436 3.563162 3.509799 3.594588 3.775658 3.784139 3.907224 4.250502 4.685146 5.05939 5.647686 6.158469 6.318057 5.996895 5.464956
4.0338 3.999595 4.021828 4.030663 4.025338 4.026256 4.033792 4.042118 4.056979 4.026934 4.052891 4.067528 4.087539 4.109213 4.137819 4.165512 4.162875 4.149889 4.143264 4.144203 4.147411 4.143276 4.139642 4.161202 4.154171 4.090241 3.954061 3.784259 3.649262 3.810601 4.303281 4.203964 4.079615 3.848649 3.59886 3.81633 3.831417 3.689667 3.593568 3.619076 3.415956 3.712159 3.831171 3.760201 3.806648 3.797785 3.772628 3.716046 3.60487 3.464251 3.368854 3.500038 3.793463 3.917228 4.057135 4.506706 5.156972 5.757577 6.496753 6.946303 6.745155 5.994884 5.366468
4.036557 4.007996 4.027428 4.054964 4.057744 4.05286 4.044643 4.047703 4.049115 4.012783 4.055345 4.075531 4.092717 4.117316 4.147202 4.165396 4.159161 4.145724 4.130006 4.12582 4.138394 4.143535 4.129681 4.141858 4.142994 4.093027 3.938298 3.791299 3.840089 3.96764 4.097029 4.097927 4.011541 3.685303 3.263278 3.759702 3.788116 3.752907 3.685041 3.487818 3.380526 3.670697 3.799609 3.792647 3.733059 3.658961 3.624611 3.558721 3.533852 3.402558 3.396423 3.576806 3.925507 4.208395 4.318389 4.916665 5.84115 6.690937 7.617492 7.496752 6.556 5.660337 4.856161
4.027626 4.021931 4.034604 4.055208 4.06697 4.07233 4.065388 4.061327 4.04622 4.043459 4.068087 4.08034 4.103317 4.128514 4.150457 4.154361 4.148549 4.141515 4.128184 4.115674 4.118561 4.136424 4.158142 4.139307 4.099023 4.008852 3.899404 3.822579 3.95004 3.895296 4.003382 4.0485 3.991256 3.75595 3.344208 3.526336 3.698317 3.735053 3.813497 3.59494 3.388361 3.427295 3.739549 3.743839 3.724856 3.588498 3.472131 3.391636 3.401346 3.413414 3.464022 3.704358 4.219 4.693262 4.776823 5.335065 6.578829 7.422206 7.913235 7.297956 6.018003 4.995303 4.008216
4.047943 4.05965 4.061707 4.066937 4.073711 4.080403 4.081087 4.070402 4.056413 4.088521 4.104772 4.106351 4.110827 4.146408 4.159272 4.146221 4.136378 4.132697 4.132695 4.130722 4.118635 4.144293 4.144533 4.116321 4.059644 3.951904 3.841148 3.83427 3.93715 3.89099 3.94767 3.999944 3.914454 3.721469 3.271928 3.530386 3.75186 3.778337 3.816842 3.480935 3.271225 3.274422 3.576319 3.651422 3.633115 3.525933 3.281248 3.283684 3.305776 3.409562 3.610268 3.94754 4.672798 5.226641 5.225631 5.797329 7.057668 7.76351 7.593509 6.557878 5.12104 4.203691 3.315193
