py_wake/examples/data/AJ_ParqueFicticio/Rough survey   Sector 4   Height 30m   Orographic speed.grd
DSAA
73  159
 258469   265669
 6501692   6517492
 .02416044   2.245389
[rows 84 to 111 of 159, columns 0 to 62 of 73]
.984143 .9831414 .9865637 .9908431 .9952437 1.008909 1.02782 1.042732 1.05572 1.060577 1.05833 1.052777 1.039758 1.025303 1.032143 1.015751 1.015218 1.005048 .9816622 1.014683 1.038234 1.049852 1.053847 1.073534 1.135308 1.262459 1.394339 1.493133 1.557986 1.507666 1.382279 1.29884 1.269034 1.20402 1.183643 .9935903 .964745 .9809051 1.04636 1.17968 1.241948 1.218643 1.143379 1.05904 1.05603 1.031947 .9615437 .9359203 .8852941 .8548834 .9230801 .9763712 1.016452 1.049228 1.079984 1.038659 .9825335 .8994521 .8107443 .7347142 .6454617 .5810223 .5074508
.9956753 .9936281 .9900512 .9910511 .9952772 1.017442 1.031575 1.050509 1.05684 1.065819 1.067953 1.065415 1.062596 1.027575 1.03318 1.039417 1.045106 1.027944 .9965215 1.005102 1.018539 1.03963 1.051272 1.067496 1.169474 1.34628 1.472581 1.562755 1.546629 1.455237 1.342165 1.263709 1.275529 1.196244 1.127714 .9563941 .9430344 1.012842 1.137081 1.225947 1.258079 1.213116 1.167664 1.068299 1.062981 1.061498 1.002262 .9808359 .8961805 .8436416 .8685851 .9570751 1.016087 1.040038 1.069594 1.065133 .9841791 .8969075 .8219256 .7362579 .625522 .5270426 .4359671
.985496 .9850916 .9853928 .989826 1.00392 1.020254 1.040446 1.044882 1.06006 1.071113 1.0751 1.063623 1.055261 1.035673 1.031177 1.044294 1.042561 1.030703 1.032353 1.020323 1.024715 1.033163 1.055486 1.065951 1.183102 1.38827 1.555541 1.609913 1.557038 1.438831 1.332622 1.260504 1.223189 1.164925 1.103389 .9645363 .9215448 1.02703 1.19778 1.236269 1.25255 1.216654 1.153714 1.08714 1.05457 1.032392 1.026499 .9948005 .9343041 .8143283 .8176985 .8915535 1.016028 1.015867 1.048285 1.0854 .9804907 .8951694 .8064443 .7306141 .5892151 .4777804 .3926632
.9647955 .9709549 .974736 .9982476 1.010477 1.018986 1.041746 1.044077 1.057674 1.075822 1.075527 1.072517 1.070295 1.065986 1.04925 1.047852 1.04433 1.044834 1.042084 1.02736 1.044049 1.055588 1.08276 1.101303 1.181801 1.388349 1.61507 1.664115 1.605573 1.495619 1.341748 1.237385 1.189838 1.12793 1.070127 .940891 .8958989 1.080988 1.200364 1.253346 1.263626 1.23537 1.196978 1.106842 1.062194 1.026228 1.018525 1.026586 .9449618 .8157637 .790469 .8668307 .966352 1.005129 1.027126 1.075297 .9723808 .8660346 .77859 .7127301 .5237631 .4140221 .3790061
.9678908 .9682677 .9775684 1.003821 1.018756 1.028845 1.037634 1.039111 1.060048 1.083071 1.085717 1.082439 1.080166 1.081853 1.071065 1.051628 1.037227 1.0551 1.04834 1.045435 1.053347 1.081676 1.119126 1.176923 1.222579 1.352781 1.591116 1.717081 1.666411 1.521207 1.346763 1.206511 1.155209 1.091443 1.002326 .9034713 .9417059 1.106776 1.206216 1.26185 1.276662 1.263632 1.211778 1.127517 1.054886 1.022078 1.0068 1.045086 .9455754 .8371381 .8036082 .8763574 .8994662 .9546182 1.039326 1.057501 .9717478 .8217517 .7445197 .6774846 .4417273 .383275 .4196262
.977843 .9741664 .9834029 .9996459 1.025905 1.035092 1.049818 1.043338 1.061054 1.070797 1.091996 1.087758 1.087598 1.096412 1.095851 1.065128 1.048676 1.047153 1.047611 1.044628 1.060232 1.093869 1.15589 1.245209 1.307345 1.343339 1.564003 1.760671 1.730073 1.538746 1.304651 1.171412 1.110597 1.034201 .9153665 .8962731 .9681042 1.132315 1.217438 1.276852 1.291773 1.280104 1.194755 1.092053 1.015898 1.036111 1.009043 1.001504 .910329 .8431832 .8642867 .913561 .8884715 .9171134 .9918913 1.042927 .9564021 .7872107 .6997263 .6545192 .4183975 .3763962 .4267068
.9776707 .978229 .9944056 .9962167 1.023764 1.043494 1.060652 1.055163 1.06288 1.064343 1.088258 1.088525 1.098697 1.113931 1.115613 1.087512 1.062455 1.052364 1.057401 1.03164 1.058575 1.114136 1.193421 1.331257 1.398777 1.385343 1.547646 1.776053 1.759001 1.516976 1.256496 1.125379 1.068452 .9677668 .845521 .9173675 .9580646 1.09784 1.239091 1.293768 1.313538 1.275686 1.150788 1.049479 1.046516 1.066291 1.039824 .9788296 .8734942 .8596279 .9305 1.013125 .9307308 .9062172 .9278347 .9596107 .9094272 .781157 .6874592 .6020793 .4168791 .3566363 .4358009
.9893712 .9878007 .9955267 .9978962 1.012081 1.048116 1.069094 1.077871 1.077651 1.072283 1.077552 1.086287 1.097337 1.116428 1.127686 1.104802 1.073844 1.071069 1.087316 1.046355 1.044888 1.13882 1.2579 1.419839 1.486692 1.447857 1.572875 1.784501 1.754646 1.465583 1.217716 1.097435 1.044673 .8571134 .831179 .9565651 .9577455 1.033262 1.225988 1.357197 1.339911 1.238994 1.095125 1.055846 1.083415 1.061239 1.030589 .9259427 .8359832 .8520446 .968614 1.018835 .992312 .9270577 .852805 .8104092 .8347983 .7892181 .6894498 .5622266 .3797078 .3084273 .4207363
.990092 .9951848 1.001877 1.004229 1.013354 1.049371 1.078157 1.085434 1.094304 1.092209 1.080937 1.072649 1.093179 1.110192 1.120759 1.115307 1.087325 1.110427 1.161416 1.111348 1.024306 1.142823 1.34072 1.504566 1.564436 1.49448 1.611959 1.776639 1.714743 1.41896 1.190616 1.079294 .9974483 .7836784 .866695 1.03618 .985673 .9798821 1.174292 1.354988 1.339305 1.208929 1.088802 1.075624 1.097459 1.072584 .9860265 .8509419 .8292885 .8608252 .9692678 1.014526 .9733625 .9601673 .8194326 .7484028 .7589432 .784829 .7251702 .5948131 .3153451 .2444477 .3598177
1.003908 1.009246 1.008304 1.004151 1.013761 1.053746 1.087312 1.097585 1.104421 1.109436 1.094913 1.070546 1.079658 1.102214 1.108904 1.107076 1.101649 1.169866 1.272015 1.219998 1.070079 1.108868 1.387946 1.584275 1.624151 1.53551 1.624139 1.740461 1.651039 1.370176 1.162986 1.042103 .8734185 .7339178 .8882307 1.081882 1.030818 .953305 1.155401 1.338842 1.342074 1.214531 1.112105 1.073977 1.09972 1.031874 .9017026 .8518209 .8551617 .8937361 .9522353 .9833494 .9420533 .9332864 .8135679 .7522221 .7272417 .7811665 .7394435 .5933148 .2716385 .1893764 .2638874
1.003741 1.014469 1.016242 1.021049 1.023754 1.053074 1.093395 1.11349 1.119488 1.122586 1.115692 1.087842 1.083144 1.098405 1.096069 1.087269 1.105654 1.227254 1.386453 1.356813 1.174559 1.096505 1.369429 1.656287 1.692966 1.587808 1.615604 1.708439 1.599343 1.317047 1.125137 .984774 .7981716 .744179 .9537305 1.118183 1.029891 .9542665 1.120465 1.316743 1.300679 1.233053 1.133693 1.076702 1.052356 .9594092 .8891073 .8877157 .9065458 .9211807 .9508733 .9580133 .9000134 .8846034 .8141708 .7937918 .7754995 .7719103 .7268904 .6197851 .32326 .1719174 .1344753
1.008594 1.030497 1.032219 1.037026 1.04802 1.056929 1.090815 1.122633 1.136168 1.13151 1.123194 1.107459 1.103515 1.110283 1.104655 1.06887 1.094043 1.284539 1.468257 1.48296 1.314134 1.165327 1.336771 1.694671 1.759614 1.6461 1.61454 1.611637 1.475924 1.268529 1.107297 .9552343 .7877262 .7508281 1.025591 1.152592 1.073184 .9776663 1.151461 1.331104 1.302451 1.22166 1.0905 1.030608 .9929112 .9519747 .9320045 .9020025 .9283474 .9276953 .9527096 .9371964 .8406291 .8299353 .8151032 .8205642 .792349 .7429254 .7390181 .6454811 .4158107 .180199 .1359355
1.004439 1.031204 1.04587 1.050636 1.064186 1.075514 1.084729 1.126099 1.145374 1.136591 1.125002 1.125964 1.132277 1.141007 1.137596 1.107787 1.101815 1.265527 1.519566 1.602992 1.448551 1.229573 1.332778 1.723847 1.775364 1.700737 1.55272 1.458699 1.362404 1.216995 1.096536 .9486524 .7874917 .7537239 1.024976 1.16636 1.120143 1.041505 1.104357 1.318371 1.234611 1.163937 1.039029 .9691246 .9714491 .9591753 .9614981 .9363807 .9420863 .9272956 .9673888 .9490002 .8344243 .7893672 .8071611 .8228377 .7776901 .7002731 .7168478 .6632586 .4948642 .2186141 .1557963
.9980501 1.035878 1.055098 1.061997 1.069267 1.103331 1.103788 1.110212 1.143468 1.145365 1.1309 1.13875 1.150738 1.194851 1.22171 1.19831 1.130094 1.219958 1.571863 1.685737 1.560334 1.313051 1.390348 1.699627 1.78704 1.633007 1.394793 1.309278 1.298789 1.225256 1.165683 1.03218 .844224 .7791196 .9746051 1.175724 1.12538 1.068206 1.111102 1.242701 1.223061 1.114761 1.009247 .9613876 .9558403 .9581005 .9597868 .9152398 .9302732 .9217912 .9695979 .9608194 .8130586 .8160476 .8575493 .8663049 .777131 .6996987 .689098 .6243463 .521257 .3266723 .1046824
.9945552 1.043469 1.072974 1.069867 1.059394 1.118047 1.146446 1.105232 1.128137 1.155185 1.140922 1.139354 1.157872 1.251057 1.335124 1.299237 1.175474 1.24484 1.60066 1.744371 1.614091 1.38567 1.480544 1.682777 1.724218 1.469658 1.226725 1.272439 1.371929 1.289171 1.204627 1.091752 .8791023 .804765 .9475707 1.176171 1.149349 1.043053 1.056786 1.165776 1.185116 1.085775 .9829077 .9475535 .9677037 .9604009 .9507815 .9147263 .9463249 .9523632 .9466434 .93971 .900754 .9678999 .8875655 .8761232 .7892615 .7115318 .6654335 .5893492 .5096857 .3230787 .1029207
1.020155 1.061743 1.094607 1.090333 1.049783 1.095592 1.181535 1.132248 1.11166 1.16187 1.157537 1.148964 1.167229 1.296538 1.425747 1.39282 1.267475 1.339665 1.609237 1.774307 1.654997 1.469335 1.510606 1.61473 1.555246 1.30724 1.178097 1.328199 1.450679 1.391129 1.253803 1.090818 .8707922 .8385183 1.001292 1.151608 1.124866 1.019127 1.01614 1.134129 1.14331 1.067516 .9944819 .936753 .9654353 .9481206 .9548441 .8764995 .9412912 .958583 .9512193 .9488946 .9602208 1.013351 .9433454 .8854573 .8091403 .7071704 .6321293 .5510251 .4985725 .3454469 .1267795
1.066936 1.092898 1.114908 1.121163 1.067998 1.048185 1.17413 1.191029 1.111249 1.16985 1.188779 1.174969 1.208042 1.310588 1.460824 1.465002 1.403529 1.451662 1.615407 1.775162 1.691168 1.554219 1.502226 1.426183 1.339581 1.286448 1.287415 1.443721 1.521311 1.429947 1.245897 1.045357 .8584721 .8628494 1.01456 1.08238 1.061445 .9751147 1.010747 1.071235 1.094579 1.076469 1.005065 .9613575 .9256984 .9018272 .8962548 .9046191 1.001923 1.030033 .9745739 .9745678 1.008168 1.037011 .9835151 .9115791 .8185537 .7048032 .5906706 .5487471 .4837332 .2925095 .04813628
1.077817 1.125895 1.134756 1.151731 1.115805 1.027383 1.109103 1.2421 1.142637 1.173161 1.247025 1.206456 1.263696 1.357048 1.463138 1.521162 1.509322 1.547594 1.65287 1.767916 1.705939 1.533109 1.353169 1.253806 1.314433 1.358993 1.43921 1.510237 1.520295 1.389352 1.198434 .997398 .8492548 .8777359 1.022194 1.026709 1.019796 .9493632 .953474 .9657713 1.039643 1.057688 1.039124 1.045894 .9622572 .8089173 .7946237 .9082431 1.072398 1.105268 1.068067 1.058613 1.065398 1.051269 .997582 .928711 .8147834 .7382777 .6521028 .5898811 .4115483 .06735522 .1042556
1.064912 1.120748 1.153298 1.192284 1.191981 1.050655 1.025141 1.234385 1.201891 1.190185 1.308884 1.280246 1.314934 1.426489 1.488088 1.560876 1.558368 1.605962 1.697702 1.760416 1.655403 1.401516 1.246195 1.209746 1.362194 1.503495 1.575458 1.544404 1.447827 1.303437 1.155947 .9924445 .882345 .9244539 .9880566 .9749832 .9709859 .9184053 .9216849 .903618 1.00448 1.067293 1.090424 1.062489 .9575871 .7209032 .6741267 .8736826 1.118118 1.189911 1.166044 1.150253 1.131727 1.082772 1.015705 .9351664 .8137617 .7580722 .6623567 .5392733 .2529052 .02416044 .1183529
1.043316 1.097347 1.161435 1.251886 1.277475 1.108737 .9771458 1.18026 1.249589 1.233252 1.34683 1.370169 1.371851 1.505911 1.522217 1.575056 1.571957 1.610546 1.708042 1.73069 1.569746 1.341752 1.207379 1.240173 1.461569 1.580328 1.637339 1.493978 1.334832 1.229626 1.129399 1.009068 .9243611 .9072882 .9349554 .9299725 .8977639 .8323502 .8470058 .8983643 .9969375 1.107004 1.126537 1.120044 .9075297 .6286662 .6011792 .8291532 1.103201 1.236892 1.273693 1.277092 1.221685 1.121532 .9852276 .8763474 .7941636 .7197535 .6276312 .475015 .2147311 .1284907 .1098034
.969649 1.058504 1.157758 1.295212 1.351458 1.154323 1.00731 1.149011 1.244362 1.28099 1.375761 1.462201 1.495622 1.567198 1.551414 1.556868 1.549342 1.572407 1.679151 1.672862 1.526679 1.335295 1.226319 1.306358 1.513582 1.598191 1.604827 1.419645 1.300551 1.240501 1.152752 1.024304 .9009187 .8800766 .9050235 .9312462 .8405178 .7942617 .8311572 .9386159 1.078237 1.167638 1.141615 1.037416 .8014507 .6729019 .6216823 .7526266 1.021617 1.239838 1.365236 1.405782 1.300452 1.097615 .9313639 .8676191 .8070721 .7112588 .5978669 .4698998 .2663504 .2300611 .2239913
.9133523 .9722511 1.110609 1.306556 1.376261 1.221992 1.09478 1.173774 1.24175 1.317364 1.413835 1.543598 1.629925 1.629466 1.592604 1.5039 1.499842 1.535304 1.625777 1.620679 1.472392 1.334183 1.232081 1.332599 1.504144 1.556848 1.537533 1.424312 1.325463 1.286996 1.17185 1.012117 .8699037 .8407543 .899978 .8569619 .7573983 .754388 .829294 .9575891 1.141925 1.219518 1.134281 .923742 .7979997 .7784461 .7303679 .70714 .906346 1.189412 1.40755 1.490946 1.362298 1.08597 .9336556 .8858451 .7955061 .6628594 .5418494 .447376 .2827896 .233984 .2078131
.9652173 .9407367 1.02616 1.216633 1.353988 1.301474 1.22263 1.217009 1.24896 1.352508 1.485852 1.637348 1.743283 1.695094 1.621953 1.463634 1.419425 1.51072 1.538833 1.546131 1.468983 1.326115 1.210249 1.286931 1.469809 1.581794 1.55075 1.480859 1.391631 1.336898 1.1629 .9684522 .8413221 .8003946 .8246946 .7431212 .705133 .7809486 .9159282 1.017919 1.174348 1.22452 1.10531 .939517 .8384879 .8930085 .8465294 .7177301 .7933435 1.112085 1.391812 1.489773 1.41889 1.114849 .9538282 .8969293 .7504483 .5845059 .480724 .4199212 .2689484 .1437264 .1542897
1.050914 .9643146 1.019602 1.113589 1.252914 1.345791 1.347024 1.294987 1.278051 1.391205 1.578317 1.759158 1.841554 1.771744 1.652879 1.41363 1.293336 1.402082 1.508286 1.52676 1.46425 1.315837 1.122729 1.198588 1.459979 1.55189 1.577945 1.557212 1.476854 1.370331 1.134844 .9358457 .8200397 .7689823 .7473727 .687171 .6784362 .8275413 1.009674 1.107892 1.196139 1.242416 1.163331 .9948068 .8926573 .9656515 .9120682 .7591084 .7599952 1.024128 1.374787 1.527064 1.453306 1.178255 .9706923 .8671134 .6908726 .5255861 .4419432 .4102156 .2652593 .1038885 .06558846
1.150286 1.015338 1.024454 1.113924 1.178905 1.304874 1.427386 1.405653 1.345873 1.428023 1.644733 1.877949 1.897341 1.822017 1.641598 1.395936 1.226544 1.304753 1.454692 1.516205 1.484865 1.297146 1.052054 1.090481 1.409966 1.538781 1.587495 1.646079 1.558883 1.374239 1.116668 .9232523 .799673 .7382402 .7111385 .6212257 .642156 .8465655 1.094086 1.188752 1.228209 1.300485 1.2555 1.093611 .957639 .9804822 .9131303 .7538719 .7412603 .966496 1.353377 1.494979 1.474147 1.123458 .8913794 .7952756 .6689499 .5394297 .4632888 .4275326 .2857645 .08336964 .03047993
1.234037 1.107507 1.04224 1.150482 1.193762 1.257446 1.434699 1.487321 1.442748 1.478644 1.706043 1.953349 1.979099 1.830252 1.57414 1.38523 1.219878 1.254683 1.325864 1.452437 1.473058 1.298884 1.002177 1.020516 1.342698 1.513553 1.604922 1.672254 1.615459 1.371418 1.115213 .9370431 .7861919 .7329574 .6848354 .6047245 .6284674 .8667495 1.162741 1.294063 1.307039 1.381948 1.362766 1.201323 1.034532 .9882208 .8664474 .7357092 .7311462 .9582331 1.328657 1.449891 1.391005 1.039286 .8019313 .7159129 .6559985 .5779248 .5056337 .446771 .3073516 .0489167 .03740823
1.274959 1.183884 1.094132 1.167009 1.224025 1.264042 1.422241 1.502597 1.530051 1.56153 1.770823 2.007372 1.990802 1.781696 1.54004 1.368585 1.241018 1.221103 1.276286 1.366749 1.389446 1.277807 1.016916 .9749825 1.272406 1.494568 1.599476 1.672098 1.564633 1.349385 1.116968 .9309849 .8218966 .7383581 .7029403 .6190689 .6278616 .8817304 1.214833 1.400113 1.427128 1.495497 1.474331 1.291003 1.06216 .9617504 .8342934 .7207268 .7176139 .9812801 1.317166 1.432997 1.253665 .9688312 .7524714 .6692026 .6340492 .6036624 .5405432 .4447133 .2483478 .04613575 .05049382
1.255204 1.23753 1.159333 1.189165 1.268381 1.31861 1.421504 1.503502 1.602524 1.667405 1.831823 2.018259 1.96707 1.759977 1.577104 1.35357 1.236415 1.27604 1.313676 1.316939 1.264073 1.192374 .9762915 .9340646 1.251817 1.508124 1.619756 1.57852 1.411315 1.229874 1.135144 1.034668 .9137998 .8354779 .7817991 .669291 .6495438 .8832973 1.245196 1.484908 1.564993 1.631329 1.565132 1.296364 1.056952 .9177285 .8106475 .7194222 .7598225 .9755958 1.287715 1.344192 1.128598 .8887633 .732317 .6814203 .6476142 .632852 .6004855 .4710843 .1371328 .1235225 .1413921
