py_wake/examples/data/AJ_ParqueFicticio/Rough survey   Sector 1   Height 200m   Power density.grd
DSAA
73  159
 258469   265669
 6501692   6517492
 52.88049   497.129
[rows 112 to 139 of 159, columns 0 to 62 of 73]
334.4308 330.2123 326.6336 326.5256 326.777 326.032 326.2289 328.6093 334.1575 337.1683 337.5435 336.1744 329.1099 321.4142 310.6579 295.3719 281.179 272.3079 265.6477 261.7473 266.8251 281.1358 299.0582 319.2099 337.4557 350.5118 357.471 353.0342 340.8683 333.8018 330.0399 325.0547 318.3725 311.3147 302.7056 299.3293 306.1711 316.9492 331.3638 345.5834 358.0193 360.6666 354.343 341.0384 325.6284 310.5587 298.7353 289.8129 286.2408 288.2228 288.4098 282.7654 270.8279 257.8879 250.489 244.8574 242.1763 239.1305 235.4893 231.2787 227.7186 222.7068 222.7001
360.0241 354.5651 353.1058 354.2412 355.545 357.4516 359.5445 362.0721 363.9711 363.2319 361.745 358.365 349.522 338.8282 325.0289 309.8802 298.4131 289.4998 278.7996 268.4741 264.0918 268.9032 283.7035 305.6533 324.8521 336.098 337.911 329.3752 318.0514 316.2658 320.0861 330.4816 341.4981 345.7144 344.1201 345.4426 352.5881 362.4714 375.5726 386.8291 397.6838 396.1424 383.7021 363.4821 341.4042 320.1163 301.6417 286.3563 273.6548 264.2299 259.6949 253.6921 244.7395 239.0291 235.5564 235.1708 235.3918 235.0668 234.0177 230.5164 227.2226 221.3785 215.384
380.8567 376.9908 378.3135 380.8155 384.347 387.7243 391.4706 394.338 394.8333 391.0064 388.424 383.5437 370.9509 356.7753 341.9451 331.2531 324.212 316.7887 303.8567 288.7099 277.5265 272.0536 274.8083 288.4418 304.9341 314.381 315.8175 308.6644 298.8344 299.692 309.3824 326.2669 345.3155 361.1004 374.0571 387.9171 404.6346 417.5163 428.8251 438.6994 445.159 438.8188 420.6924 396.276 367.8335 340.9583 315.6645 294.0186 274.479 256.6021 244.5799 236.2695 229.1598 226.778 226.9828 228.0928 230.1996 231.0491 231.996 231.5779 229.3808 224.1201 214.8239
382.8126 385.3316 389.7161 395.9559 401.4187 405.1363 411.7509 415.4715 417.0182 416.5107 414.3065 407.0233 394.545 382.0717 370.2641 364.4743 361.3093 355.0727 342.2743 327.8808 311.9357 295.0528 280.8041 277.0178 282.0872 288.0914 289.9516 286.4015 282.7899 284.7467 297.835 315.6943 333.6987 354.2705 378.4708 409.8375 440.5511 463.5062 475.8646 486.3153 489.597 480.7187 460.3463 433.1101 401.8258 369.3188 336.8891 308.9873 284.489 262.9187 244.9626 231.6739 223.3595 221.3382 222.2595 223.7722 225.0492 227.642 228.6175 229.7712 229.2973 224.7622 216.2523
358.1952 368.1447 375.0333 386.2812 395.7759 404.1409 413.5114 420.3557 426.8867 432.542 434.0148 429.1336 420.1415 413.1769 406.3892 403.3452 401.4816 397.3705 388.9252 375.551 356.6454 330.7996 303.7726 280.5696 267.5891 267.5712 269.659 268.1114 269.3445 279.0766 294.4624 310.1112 326.8941 347.9792 378.547 413.3436 447.1853 476.285 492.6061 496.4553 497.129 489.1618 471.4901 447.0091 417.5417 385.5462 352.3726 320.437 292.9413 269.2147 249.6572 234.7242 225.0262 220.3469 218.9011 219.2583 220.3495 221.8424 223.5939 224.5617 224.1592 220.4067 213.6177
315.4008 328.0631 340.1986 353.5395 369.1552 385.2845 398.7826 411.9224 423.4897 434.1782 439.0995 438.3447 437.0685 435.4126 433.7037 429.6296 424.1542 417.9017 409.8631 397.3224 380.4775 356.6356 326.3595 295.1397 269.592 257.6577 257.4343 259.8251 266.9728 279.8214 293.5769 306.5005 325.2723 346.9231 374.6322 400.5911 425.4536 442.5215 450.451 452.993 452.1375 444.9213 430.0746 411.5539 393.0709 370.3112 343.9339 316.8789 291.1555 268.845 250.9534 237.6213 228.0062 221.672 217.8585 215.833 215.5764 214.5555 213.9872 214.3953 213.9459 209.2935 202.7652
267.3788 281.2476 295.5466 313.051 335.3478 357.9398 378.0363 394.6202 408.5135 416.3898 418.1856 421.0271 425.3894 426.788 427.651 422.9962 412.5093 398.059 387.9571 375.1629 362.5715 346.8864 326.6194 303.0116 277.9425 259.6038 252.7074 256.9286 269.2223 280.8537 291.1577 302.0864 317.871 335.4702 352.2485 366.6748 377.6791 386.5691 386.2878 381.3604 376.6883 370.6519 359.7776 346.4368 333.7426 320.6089 306.5546 289.521 273.814 258.332 246.4057 236.7027 229.611 223.7445 219.7457 216.2087 213.696 210.4927 206.4459 200.944 194.0437 188.9716 182.5139
230.4216 244.7307 262.4417 286.5285 312.6262 338.934 361.5946 380.4227 393.9978 395.14 388.6194 385.3286 384.3724 385.8416 387.1703 386.4104 375.687 359.4943 341.8091 326.3814 315.3128 306.6923 298.9123 292.3943 279.9256 267.1069 258.1768 257.3341 266.4621 276.8236 283.3555 291.472 301.8021 311.395 319.7133 327.1884 333.9534 338.9301 332.8264 321.8181 310.312 302.9895 296.0074 286.7655 276.7507 266.8458 258.8899 251.3482 245.1288 239.4324 234.7145 230.5876 226.928 223.8611 220.3174 216.9491 212.5932 207.3372 199.326 188.0978 176.2437 168.2653 163.7442
220.7902 234.1057 254.5738 278.4772 303.9731 330.0207 352.5803 371.5756 383.6794 380.6379 366.2552 352.4025 343.3117 338.4916 339.8586 339.6505 333.4681 319.2001 302.7128 287.8229 276.5802 270.0075 267.3421 268.8237 269.787 265.0942 259.0406 255.6854 257.5811 263.6721 269.0074 275.7488 282.9279 286.1768 291.7531 297.756 305.1443 309.0036 302.4828 289.8435 274.2706 261.8894 253.6118 246.4629 241.0134 234.2503 228.8951 223.9042 220.0859 220.8166 220.1989 219.4938 219.344 217.9316 214.9605 211.3494 205.1671 196.296 183.6725 172.2594 163.4322 158.1083 156.3208
235.6072 247.658 263.8332 283.561 304.9872 327.6246 347.4063 363.4558 370.7524 368.8331 355.5701 337.4277 319.7506 308.0925 301.4838 298.1016 292.8634 283.7551 273.7122 263.3597 253.7797 247.8147 243.5104 245.1281 247.8645 250.0711 249.1445 246.4407 245.4754 248.4306 254.6135 262.4493 266.1196 269.9299 276.6657 283.6324 291.1982 294.0231 286.327 273.8348 258.1628 240.9092 228.8103 221.0468 219.2467 218.1989 215.6593 213.7314 211.988 210.0995 211.1377 210.3066 208.1669 206.7612 203.1472 197.6647 189.2036 178.6954 169.7058 163.593 161.6434 161.4451 166.3706
258.6212 268.0311 280.2473 295.1611 311.4463 327.5384 343.1227 352.9064 355.803 355.592 350.8373 336.5003 320.054 305.3632 287.912 273.1023 262.058 252.8894 248.5895 242.997 235.6383 232.4378 229.0851 227.0583 227.7161 230.0466 234.2598 236.4764 236.3753 237.8241 245.0032 252.3899 258.4979 266.7787 275.0383 282.2107 285.3131 280.405 270.1732 258.2648 243.6667 226.9851 211.8612 203.6599 202.5229 205.3484 207.491 209.8321 209.574 207.9738 206.4234 204.3481 199.3148 193.4319 185.6753 178.9471 172.3551 166.1943 162.1342 163.8426 169.5047 176.1247 187.1944
281.816 291.619 301.6731 312.0191 320.8246 329.1603 334.4693 333.1662 332.6209 335.1031 339.3018 335.914 328.5847 314.8769 297.1223 277.5968 259.1201 246.2682 238.0125 232.8776 228.6529 225.6163 226.4082 224.3219 221.6456 219.8285 219.0744 223.8838 229.0258 232.7619 239.8462 250.3991 259.6257 270.4985 278.0232 280.6459 275.0156 263.1082 247.878 237.0155 227.0164 215.0112 203.2987 194.7042 191.5322 193.4361 197.5521 202.1319 205.6972 206.1322 204.4899 199.4597 193.1399 183.7562 173.4218 164.403 158.0671 156.089 160.5119 170.6809 183.4199 196.6021 207.0232
299.8645 313.8376 323.5789 329.3088 331.9071 329.4222 318.5468 310.2181 304.0345 304.5679 314.0233 321.2221 324.0747 320.7246 311.2272 297.9678 284.0819 270.9949 260.2488 252.4118 247.7408 244.4836 242.199 238.2475 231.1109 222.5764 218.4779 219.1017 222.7507 228.8516 237.4706 250.0067 262.1892 271.0086 274.6039 271.7327 259.6953 241.602 228.1546 218.4255 209.4065 203.6644 198.5721 192.8541 188.3785 187.4198 187.4131 190.6558 194.9448 199.1374 199.0813 194.5967 186.7055 175.5048 165.1081 156.4338 150.8126 153.5895 162.7971 179.4207 195.141 208.0286 217.9492
307.902 325.9949 337.8338 341.1886 338.0626 325.5165 307.8021 289.832 277.5128 276.0694 283.6531 293.2287 301.9829 307.618 308.2334 307.5005 304.5139 300.9866 295.1361 289.9875 285.0948 279.3161 270.7626 258.9854 247.1834 236.5555 233.27 232.8643 232.9465 233.8208 238.4067 247.202 255.5176 262.1812 262.7585 256.5553 240.6123 226.0555 214.8551 205.7982 197.4462 192.1834 190.0227 188.8387 187.069 185.2806 183.6724 182.4384 182.2088 184.5963 185.3379 181.7436 173.5405 163.0269 155.7067 150.1597 149.3344 155.8124 168.9591 185.091 199.1746 211.1956 220.6712
308.3026 327.5388 340.5523 343.6866 337.7346 322.9829 301.0278 280.4803 265.1711 255.888 256.1002 263.1976 273.5493 278.8207 281.3853 286.2783 292.4449 301.6835 309.3666 312.7004 308.9422 299.7176 286.4383 271.5728 259.6225 252.8799 251.235 251.2127 247.6358 242.5418 239.8383 240.9276 243.8567 246.9726 246.8309 238.9726 224.7957 213.8229 203.5291 194.6359 188.0878 183.5261 180.1499 179.4338 179.6383 179.8327 179.0202 177.0197 174.0696 170.3823 168.5586 164.4863 158.4107 152.5381 148.6438 148.8028 153.306 162.2152 177.2359 188.5372 198.8248 208.3474 216.2475
303.4889 322.6023 336.0076 341.6551 333.8107 317.9789 298.3199 279.0259 261.8111 247.1714 237.6513 239.2266 246.427 248.7517 251.1507 258.2724 264.5467 276.9647 289.6335 296.9019 296.4665 290.6019 281.139 271.2956 259.7941 254.5826 254.3537 252.6011 247.7535 240.6994 234.3 230.1645 232.0302 233.5027 231.2215 220.4146 209.7728 201.1372 191.6274 182.0044 176.5365 173.698 172.4188 171.2263 171.3172 171.5703 172.8025 173.5425 171.2163 166.0407 161.394 156.7865 154.0924 153.5413 155.2189 159.3004 166.3136 173.4222 184.7437 190.3604 195.2705 200.9257 205.2574
289.5474 310.8995 326.5736 332.6476 323.3141 308.2406 287.931 269.6788 254.7184 241.6151 229.9793 224.3345 225.8529 228.2655 231.6126 236.5297 238.5096 245.3884 253.8081 261.2499 263.407 263.5276 259.9956 255.5804 249.2943 240.9586 234.8199 231.5984 227.5177 223.2342 218.5198 215.9363 216.4664 215.4857 211.081 198.4265 190.7553 184.3042 176.9478 169.9478 165.5385 163.4234 163.4136 163.9987 165.7461 166.362 167.9548 170.4569 172.6949 169.9702 165.6661 162.0276 162.387 167.3403 174.513 182.3556 188.4543 190.6427 191.4693 190.3633 190.6958 191.9975 194.7533
278.1237 298.6548 313.8857 317.9253 308.6544 289.6097 269.4026 252.4982 241.1208 231.1585 222.9628 216.2818 212.979 216.84 220.9367 222.6498 222.558 220.2515 222.2416 226.473 230.3585 234.6471 234.9217 234.3639 235.4657 230.4386 221.4164 210.4902 206.1201 203.8915 200.705 196.5531 194.3681 191.2122 186.2782 176.3526 171.8545 168.6738 165.2142 161.7364 160.0189 158.7069 157.9981 158.0106 160.3122 163.3418 165.8689 168.3074 171.2501 172.0153 170.6091 170.3344 174.674 184.4783 196.205 204.7445 208.0047 204.4329 198.4632 194.7226 190.0582 189.3507 192.538
279.208 292.6185 302.2003 299.2489 289.5697 273.9744 259.6753 246.0968 233.6953 225.8935 220.526 214.7839 210.6362 211.4185 214.5591 214.2002 213.5827 209.8218 204.8504 204.0332 206.3548 211.1781 214.8162 218.7891 222.8553 223.2045 218.2831 210.118 202.3144 200.0062 194.1843 185.0526 177.1991 171.8307 165.833 159.5495 159.009 160.6996 162.6159 162.6673 162.2838 161.1942 159.6508 158.5788 158.5933 160.9613 164.4877 167.1957 168.7637 169.6237 171.4364 175.8417 184.8003 197.3349 209.2978 216.578 218.4004 215.3091 207.1688 204.5181 201.043 195.0953 193.2577
287.6935 293.1547 292.0162 286.2931 275.1667 264.1306 258.561 251.3849 242.5974 233.8813 228.8814 223.5875 218.2201 211.7222 210.073 209.865 209.9173 206.5716 200.8991 194.9368 193.6679 196.2594 199.7206 205.0956 212.0577 216.5103 220.6377 220.209 216.205 212.6239 204.963 191.8154 177.4419 164.2651 157.14 151.9718 154.1399 159.7359 164.7695 168.1474 169.2311 168.89 168.5472 167.835 167.1287 166.1796 165.3075 165.4921 165.7184 166.186 170.0475 179.4557 193.1489 204.9687 214.1455 220.7499 224.0333 224.8293 221.8386 215.5394 211.1272 202.9536 197.432
292.765 286.9615 282.201 275.5853 264.5136 255.802 252.6432 253.1653 251.3905 242.8716 235.9624 231.3092 223.0337 214.1391 207.6036 205.6969 204.3936 204.6618 199.7204 193.633 188.7644 188.0576 189.9239 194.4843 201.8998 209.9555 218.9507 226.7593 226.024 223.1876 218.7095 207.1058 192.3077 176.7262 163.9363 155.0398 155.2307 159.7779 164.324 169.4857 173.2578 175.7431 176.8291 177.764 177.1163 174.4896 170.1224 165.5984 162.9807 162.4524 169.7271 183.2636 198.0735 209.4159 215.9107 221.0805 225.9658 228.5197 229.3285 224.3704 218.6985 212.6348 205.3635
294.277 280.356 270.3902 262.9646 254.0596 248.1575 245.8563 249.9612 252.6285 246.6579 238.1318 228.869 220.6816 211.1912 202.0808 197.7509 194.0552 194.6942 194.1471 190.6904 186.6234 184.0654 183.6292 186.8352 193.0518 200.1536 209.0297 216.3297 220.2362 220.6185 219.3145 214.8085 204.3836 189.2172 175.3706 164.8647 157.9778 156.7894 159.4924 164.1971 169.0367 172.3087 176.3311 179.5345 180.1114 176.1018 171.7533 166.2159 161.1986 159.9315 167.9557 179.6613 191.7823 202.8361 211.6138 218.7061 223.5408 228.8114 232.8512 232.718 226.2313 221.895 215.22
297.6899 277.7279 262.8717 253.1263 246.7229 244.9568 244.7737 249.0247 254.2479 252.579 244.0073 230.6675 216.5497 206.1938 195.6258 187.0312 180.6777 181.8697 184.037 184.0905 182.5376 180.2912 179.0166 181.2908 184.8791 188.9838 195.0963 201.7076 204.7131 207.1373 205.1988 202.8243 198.3346 190.9501 179.678 169.6193 160.5476 155.8228 154.8974 157.1409 161.9188 164.9886 168.6648 171.787 172.1851 170.0959 167.0877 162.1165 158.0617 156.8386 163.7724 172.4493 181.6995 191.3516 201.8046 211.5266 220.2043 225.0112 231.4992 234.78 233.8521 228.4843 224.3729
305.0143 281.8074 263.3362 251.7543 246.5413 244.03 240.7698 240.1016 244.9229 247.7752 245.5389 236.1497 222.1159 206.7722 193.5423 180.9203 172.7558 171.8466 173.8142 176.5184 177.4438 177.4492 177.5039 179.071 180.8617 182.1702 185.8977 188.7256 191.6798 193.8001 191.8249 187.7008 183.8212 180.4908 175.0094 167.5996 161.0267 154.7074 151.8838 153.4033 156.8438 160.1081 161.3357 161.8144 161.7237 159.5724 156.9823 154.0323 153.0812 153.694 160.1279 167.1738 173.0914 180.3213 189.1693 200.1137 210.6268 219.6577 225.1362 230.5449 233.8872 233.1173 227.3933
310.1773 287.4 267.267 252.6506 244.6421 237.7094 227.1997 220.9527 222.854 226.9017 229.8906 229.6232 223.1446 213.2732 199.5254 185.8228 173.4984 166.621 166.586 168.5148 171.3216 175.414 177.727 180.5128 182.2141 182.6268 182.6329 180.1183 180.6209 180.9152 180.6829 176.9112 171.4302 167.5875 164.661 161.3483 158.087 154.5562 152.5354 153.2484 156.8813 159.0922 158.3621 156.6142 154.3273 152.5128 151.2526 151.6352 153.2425 155.5496 161.2951 165.5863 168.192 171.2914 176.8113 185.1586 195.3531 205.704 215.1274 220.1868 227.0246 229.9243 227.8815
302.0619 281.9959 264.7225 248.8722 237.1346 223.7664 209.1908 204.3004 202.7094 202.3199 204.1212 208.6004 211.9772 209.1397 202.4192 191.0385 179.4256 169.112 163.8324 162.8102 166.1394 171.2565 175.5024 181.3107 183.3423 183.4168 180.5902 175.2208 171.6471 169.1468 168.6443 167.4677 163.8195 159.2502 156.5598 155.4597 154.5445 153.5426 152.6799 154.2355 157.9656 159.4917 159.2491 157.2435 154.7665 153.6754 154.7906 159.0696 162.5508 163.7542 165.0853 165.3056 164.7051 164.9597 166.1593 169.7908 176.8508 186.1791 196.7782 206.2774 212.4338 219.8644 223.3248
280.7383 267.1289 254.4814 239.6031 223.6641 208.4629 198.6631 196.0692 192.4769 187.0956 184.2013 187.3133 192.2406 194.6317 193.8724 191.5683 183.5991 175.2048 167.9945 163.6628 163.6201 168.0007 172.1595 177.7795 180.7544 180.5528 176.8286 170.8518 166.0112 161.9911 159.8691 159.4776 158.9887 157.0151 154.5171 152.6909 152.3806 152.2846 151.7885 152.4788 155.3614 157.1719 157.0779 156.749 157.5848 158.5214 161.1607 164.9374 167.7284 168.259 167.9182 167.8425 166.5035 164.1463 161.8997 160.2711 161.2486 166.5126 175.5766 186.5115 196.8144 204.63 212.9217
257.9299 248.4897 239.0449 225.4605 210.4873 199.0687 194.7031 192.7011 189.9259 184.5523 178.7786 175.694 176.7283 179.834 181.0148 183.4144 182.3445 178.7966 175.7001 171.1768 167.6611 167.6672 170.8205 175.7465 176.2829 175.4952 172.4818 167.8535 163.5967 159.7951 156.4165 154.8511 155.4835 155.8189 154.2128 153.5302 152.5739 151.6668 151.3165 150.6079 151.1873 151.903 152.9677 153.3277 155.2382 157.8327 159.7411 162.8399 166.3439 167.7172 170.2674 174.9417 175.2255 171.4433 165.9818 158.8289 154.9214 154.9998 159.7527 169.0583 179.799 189.3348 197.5228
