py_wake/examples/data/AJ_ParqueFicticio/Rough survey   Sector 6   Height 30m   Power density.grd
DSAA
73  159
 258469   265669
 6501692   6517492
 .01172314   731.492
[rows 0 to 27 of 159, columns 0 to 62 of 73]
70.69766 69.47916 69.85548 70.11063 70.01816 69.8067 69.79128 69.7523 69.70448 69.37445 68.51778 67.39352 66.36957 65.72137 65.19428 65.2458 65.84708 66.64162 68.63907 72.76503 82.4453 94.64991 97.51109 100.0091 74.63877 41.28026 50.71135 56.87188 63.41229 66.64875 63.15412 60.36649 65.91818 76.01266 85.40499 95.27755 106.9535 103.2444 98.88004 97.55325 95.84025 93.61727 92.52071 84.01302 82.85445 86.81987 87.04143 86.7174 86.29582 85.06782 84.0369 81.80132 80.41845 78.97289 77.21217 75.80099 74.52988 73.08482 72.44541 72.12955 71.56358 71.73075 72.63722
65.21476 66.57816 68.52275 69.57462 69.75775 69.59103 69.58163 69.3065 69.39406 69.56568 69.13221 67.77194 66.54283 65.5405 64.94152 64.9325 65.4223 66.53336 68.97855 75.20913 87.21764 97.67233 104.7133 107.148 101.899 72.76494 45.69355 52.97231 59.20467 63.15251 63.279 62.82665 66.05296 73.73345 82.0638 93.81755 109.8778 114.9031 108.0026 105.3898 104.067 103.5091 104.739 96.59946 82.66006 84.16528 88.47494 91.01128 89.60352 88.08427 87.02291 82.96247 81.07857 78.88418 76.89183 75.78622 74.2578 72.99173 71.756 70.73368 70.09565 69.92701 70.50621
69.30108 60.58849 66.29098 68.487 68.79395 68.85411 68.78319 68.59935 68.43185 68.47488 71.76051 69.62623 66.33294 64.9178 64.02738 64.15022 64.78812 66.0106 69.0499 73.50251 82.61861 86.83605 96.03326 113.2351 109.6138 76.64769 59.75751 57.54209 57.06913 60.05627 62.29915 61.48281 64.19575 70.14034 75.34935 90.94768 113.7086 138.9808 127.2529 121.1486 115.6285 108.674 105.7192 108.4523 93.08519 83.31096 84.43324 88.68438 91.37768 92.32657 90.26347 86.69284 81.04623 79.15675 77.58273 76.20992 74.50845 72.55055 70.5993 69.08344 67.83035 68.02081 68.51746
90.85314 70.06176 63.68609 66.46986 67.49484 67.9922 67.58748 66.98552 66.50346 66.3241 67.03625 71.06553 69.77208 66.48692 62.25587 62.68125 62.98247 64.25755 67.35732 70.97308 75.06833 76.79049 84.91277 103.0366 111.8957 97.1285 71.30678 60.35345 57.92955 60.64882 63.63537 60.4647 62.13556 65.28864 64.04465 69.23314 91.79636 127.7799 163.3419 153.6966 139.5063 116.0881 105.8025 108.7522 104.6721 91.21638 88.25619 88.3427 90.02865 91.4537 94.80456 89.67274 85.47644 81.75999 79.5724 77.12878 74.64569 71.83463 69.11157 66.90656 65.58463 65.76077 67.34063
107.7247 84.21611 61.39135 62.24275 64.65308 66.18433 66.01284 64.57459 63.91238 63.78592 63.03418 64.54285 68.71233 67.61532 61.57117 60.44333 60.93966 62.6076 66.82374 72.16065 73.47007 70.02852 70.11195 85.21362 95.90101 95.48045 77.89346 65.77248 59.75581 59.74174 60.28338 61.39516 58.47617 56.42917 49.2713 40.46374 46.41235 72.77055 102.279 124.6351 128.1314 123.0029 102.2678 104.1422 117.4608 110.8553 100.2302 92.4243 91.93864 95.09072 103.0689 97.66131 93.21805 88.14815 83.70119 79.24043 74.96739 71.06081 66.97378 64.06439 62.59375 63.28255 66.57352
105.8952 99.20569 81.16992 63.9445 57.90252 63.56865 63.31653 61.68668 59.93785 59.85744 60.75199 60.36622 64.13695 63.58377 61.57379 56.56548 57.67542 59.38892 65.95901 75.30693 80.71153 78.50679 72.30709 78.10531 87.51981 85.83955 74.68407 66.5639 60.00823 55.78714 52.0473 46.12548 45.51796 37.56484 34.36313 28.13561 19.72386 26.19715 47.10777 65.58362 87.39276 111.923 101.005 100.2117 101.4344 112.3271 103.2068 94.88781 93.14695 97.14198 103.1007 111.9996 105.243 97.33985 89.08687 81.51474 75.25095 69.97421 64.43819 60.66732 58.70358 60.44427 67.60938
106.2101 110.6029 112.8483 96.27308 67.60142 57.74067 62.59508 66.14924 65.57057 64.73633 65.14737 61.62329 59.25486 61.71055 63.05939 59.13127 52.58127 53.7577 55.95716 64.07693 75.60622 82.60574 80.19019 81.99654 85.92905 83.11111 74.23809 65.24998 57.69403 52.24096 47.65026 41.27377 41.27813 40.77692 36.88964 32.38102 27.59529 22.99762 24.11589 43.85138 68.66679 97.60444 106.8593 104.0882 105.2666 102.1375 99.31846 94.71677 91.7666 95.62391 99.83781 104.2729 113.3209 116.6128 99.02395 85.132 76.0276 68.62844 61.34927 55.39415 52.83283 50.42712 47.55107
106.2416 108.3572 109.7982 108.6578 93.62172 69.29573 66.3491 69.91491 70.19109 69.6982 68.74346 66.01382 63.07314 64.14583 65.44384 61.50731 52.28215 47.95825 47.43102 50.24895 63.12665 77.82996 87.17535 91.98235 97.04965 87.79657 77.64692 66.05315 59.34839 52.8155 49.30418 47.21841 44.47361 41.34874 37.14201 32.87657 30.34726 29.32268 29.37274 29.78102 49.50601 80.46825 92.98864 99.08125 93.05719 92.73264 105.1122 96.15771 93.17634 100.2309 103.3596 99.43832 101.5154 106.1229 112.9313 88.9985 76.85532 68.0801 58.52152 47.93873 38.75277 36.08631 31.90506
107.5249 109.3264 110.0433 107.3146 97.78327 80.90081 74.44023 74.1796 73.80556 73.88853 71.55622 69.28999 66.92962 68.37318 69.55486 64.98789 56.1485 42.93093 39.28706 36.595 41.66177 53.48199 66.55869 87.84421 98.22394 99.08166 84.80362 71.0079 64.03883 57.6011 54.62267 50.42048 46.23573 41.91276 36.93402 32.61697 27.70847 28.21923 29.84267 24.49896 26.47539 44.36362 59.28912 68.82123 85.50298 88.56596 85.78933 87.70422 74.26392 68.93275 83.03294 80.661 73.83822 88.783 98.39845 91.35679 78.83128 69.4391 59.22701 44.86435 28.4201 22.07762 21.66534
109.3859 110.9266 111.5984 110.8609 105.8721 88.43524 77.08516 75.06751 75.31583 78.04714 75.21965 72.59007 69.70515 71.71338 75.97156 72.55106 62.40825 50.54278 37.80505 29.27232 25.71567 25.64135 31.66057 33.43076 62.36946 97.67908 96.86179 81.97818 73.42046 65.12921 58.98618 54.0722 49.00162 43.97787 39.14215 36.98131 32.56257 25.37193 26.67907 24.29121 16.89663 15.93114 21.47402 25.59112 51.55754 64.28004 63.84576 70.30074 60.51004 47.48084 55.68369 58.87859 58.19704 65.25746 80.63911 93.80104 83.52335 75.41525 65.79942 52.99545 34.52939 18.88399 17.61244
111.3388 112.8981 112.9128 115.912 128.0796 117.0345 107.9679 90.20403 77.15287 84.12151 79.21004 74.14877 69.14758 71.58057 81.06532 92.12917 77.4019 56.52123 46.82457 36.30025 23.83461 20.73471 20.94405 22.38802 21.34455 47.35404 76.38915 87.85511 76.80617 68.17369 63.73935 58.29842 52.85146 47.57628 43.16875 40.01728 35.71553 30.04886 24.54867 26.29632 24.9266 23.60853 22.65541 18.2286 16.83953 29.94176 30.91018 39.98107 44.64621 35.49766 34.36232 41.27503 54.2264 57.19997 69.20961 88.05845 96.81728 90.67609 86.55718 71.20781 49.83577 28.328 21.54142
113.5431 115.9355 113.0818 117.0539 116.0279 119.3951 113.2335 100.8911 84.78535 90.04684 81.7459 77.62262 65.26001 64.10878 71.00816 101.8526 114.2815 88.94878 54.40644 44.26735 30.85207 19.69034 15.56231 19.20761 21.94064 21.62638 54.2468 78.50982 73.98964 70.85687 64.49629 58.6651 54.86971 51.08947 48.18897 42.44016 37.93935 33.64267 26.91304 26.72048 27.38443 27.43816 25.40013 22.27229 17.68098 18.57399 20.44218 20.84164 23.63935 23.04007 19.97029 30.21452 45.39347 54.86658 54.90941 64.82289 77.52758 96.15277 96.13811 90.32269 69.93071 44.20839 25.06306
114.8162 118.2312 116.5516 112.2 109.7248 111.1998 111.3347 111.0709 93.03755 96.12379 96.93224 105.9955 97.39105 58.80677 57.28936 58.33469 78.1784 105.8658 101.5154 66.02035 42.1758 30.80784 20.90855 20.84996 22.48239 24.44981 24.41153 46.07732 63.36135 61.85629 58.59818 54.90858 52.95906 50.28268 48.13107 43.78498 39.12949 35.84674 31.89091 27.08013 26.94914 28.00956 26.59092 23.59149 18.9831 19.50341 20.36298 21.82871 22.70175 21.78296 18.6369 13.48218 22.74459 34.23142 39.75795 34.83619 37.2027 37.53218 34.72675 27.61534 32.34145 27.03066 22.58579
113.4351 111.524 108.4765 108.8613 108.996 110.5712 111.9368 123.6304 114.1131 112.3139 113.1409 109.3308 115.8054 113.864 82.02437 60.76239 65.90591 73.87705 92.58731 94.29418 87.14899 58.94057 30.24744 22.60868 24.17159 25.72731 28.57026 32.37736 39.96712 45.89895 47.82828 48.19228 47.53458 46.72068 43.50743 41.10929 38.74374 36.78654 34.68414 31.72511 27.2715 25.60463 25.34465 23.23076 18.73544 17.88622 18.15575 17.44165 19.13623 17.9467 16.18916 12.38581 8.431316 14.52205 17.95903 .06527089 .01172314 .03090789 .03165234 .06159079 .3464654 14.89657 15.47933
110.2479 108.1203 106.64 108.1491 109.9811 110.8457 112.1466 117.0564 122.5299 118.7563 110.6494 108.8308 113.202 117.0488 105.2291 86.04558 82.64848 88.23627 92.02277 95.72675 98.7826 89.01641 68.6842 33.68387 23.38644 26.46988 29.33359 33.68373 37.73586 40.96705 42.89241 44.06517 46.98937 45.45217 40.77275 36.05247 36.90484 35.48307 35.95329 34.98969 31.22621 27.31067 24.11148 22.85917 22.33861 18.75508 19.27814 17.35149 14.72125 14.86338 14.72387 13.73808 12.34496 11.96188 .06358993 .06440871 .0627933 .0476758 4.871065 22.37415 13.02843 9.480817 9.354531
106.8269 105.6948 105.9173 107.5758 109.4103 111.3499 113.2385 117.8578 122.3456 118.4317 107.9138 108.8887 113.4968 119.0684 118.9432 104.8476 96.24968 104.5959 106.0171 107.8562 103.1777 107.5099 110.5071 77.25811 40.06374 22.66 27.79715 32.4903 36.13946 39.4789 41.16227 42.10838 44.52809 45.8068 42.19781 31.30051 25.88133 30.5858 34.14079 42.25542 40.18992 33.58853 26.89213 24.66398 23.78415 21.66608 19.46815 18.02989 16.3597 14.44016 14.22484 13.7743 11.89218 .335704 .1652862 .1943159 .1665485 .2855887 19.85567 18.42327 13.37232 8.297145 3.219396
104.8019 103.2099 104.2546 106.396 108.7726 111.2083 114.5509 118.8319 121.1765 117.705 112.4353 112.6207 117.323 119.8111 118.7239 119.462 113.65 99.48867 101.384 101.6637 100.0474 103.443 107.2871 112.2467 99.03055 51.04115 23.89712 28.26183 33.5105 36.90499 37.24854 39.47054 44.61319 50.5448 55.6132 53.29233 34.51733 27.5691 31.29737 36.89791 40.21742 34.99324 27.86029 24.80105 23.20043 22.67853 21.82953 19.70164 15.38262 13.19764 11.99173 11.02301 3.137378 1.206099 12.75514 27.37097 39.35955 47.74724 49.64294 46.94889 36.43283 23.26939 7.480754
103.9192 104.0529 103.4027 105.8432 107.9702 111.0115 114.6937 117.231 119.2304 118.381 114.9792 111.169 114.4632 111.4386 109.9667 111.5199 108.6073 102.8361 101.6952 100.868 100.6553 103.475 107.0211 112.2456 112.1758 105.7103 68.07761 37.89055 33.1082 38.99038 47.44885 51.17328 52.65955 58.04204 67.87494 77.93803 57.12164 40.94903 46.10112 53.98503 59.51883 50.84093 29.04903 19.94519 16.90282 18.3873 19.5406 26.33465 30.68025 31.11035 28.25921 27.91212 36.63255 48.50469 58.32388 62.94817 61.97857 64.20241 66.33583 63.14284 51.24889 38.59591 21.13197
103.2659 103.8297 105.1086 105.9991 108.5602 110.4796 113.5026 116.2957 118.2479 118.6814 116.1841 109.1264 109.5585 106.0197 107.1604 108.8427 107.0084 104.4424 103.0172 101.3726 100.7596 103.8286 110.5445 120.2049 130.6687 126.4365 111.5053 94.79247 69.66664 60.48151 58.14224 71.15895 90.70453 88.57524 90.54337 100.7282 84.64599 58.73862 59.06745 72.61246 79.70561 97.66653 89.53576 74.28354 59.61329 52.11734 43.04824 49.73226 56.89681 55.84138 47.64197 42.646 46.25653 53.89896 62.76736 64.97491 65.12107 61.57578 57.78326 56.15001 56.29599 47.97377 32.46804
103.2881 104.5229 106.7245 107.1687 107.8674 109.1843 112.1705 114.3811 117.0884 118.65 116.7043 116.0833 111.8307 106.3938 106.6883 107.8669 108.077 106.2927 104.1144 101.8299 101.2615 103.001 106.166 108.7719 116.4003 125.3032 141.7433 131.6581 104.6697 96.31995 85.41731 70.34667 91.72234 110.2004 110.0572 106.4188 95.94541 76.34224 66.88892 79.70372 94.32617 131.533 148.577 154.3772 135.5251 113.9625 86.11593 78.94504 84.30132 83.96626 71.02655 58.55408 51.16081 52.59427 56.80683 59.37489 60.57382 62.2285 57.54828 51.90495 50.33812 49.85954 41.4268
100.0924 103.7304 107.7987 107.0836 106.1675 107.4182 109.8614 112.0817 114.5892 115.5848 111.3432 112.8467 111.0897 108.2313 107.0183 108.1323 109.629 107.745 105.6016 103.3549 103.0209 102.8349 103.021 102.6519 107.7412 112.2402 115.8125 123.5298 122.8769 98.47973 91.13016 68.29021 64.79571 96.82852 122.9605 123.6472 100.1118 92.02882 84.03836 99.32161 120.0653 139.2924 162.5514 170.2441 173.078 171.339 135.284 104.6738 97.88607 99.99609 84.66197 76.73386 60.82824 55.68793 55.16368 55.31908 55.6166 56.99038 54.10935 49.86182 46.96074 47.9263 50.17524
95.80789 95.30972 101.2982 103.3805 103.2259 104.6633 106.6434 108.9572 110.9752 110.0448 108.6391 109.8254 109.8921 108.2165 107.7807 107.9922 109.8664 109.7989 107.9096 108.3089 107.284 104.4807 101.7052 101.6349 104.1542 105.9561 105.5901 104.6936 110.1957 115.9933 97.85244 76.06221 45.23386 59.2254 106.3283 121.4124 116.4254 88.44231 73.29555 95.39359 134.0357 142.0303 151.0387 151.3641 158.9547 160.8623 143.9533 119.3573 103.6004 95.1544 87.71398 80.55571 71.13845 58.68863 58.38366 56.52801 54.17432 55.90788 54.43336 48.15966 43.77232 46.93474 53.09546
94.76666 93.5827 94.20769 98.56143 100.0722 102.1677 103.7461 105.3844 107.017 106.2204 106.6889 107.4323 108.1231 108.0588 107.6103 107.2778 106.4206 106.6865 108.0932 108.3651 107.3531 105.237 103.3093 103.3101 103.4477 102.6532 99.17214 96.22612 108.0633 127.3234 119.7993 105.469 73.50864 56.46284 82.12426 115.4231 123.7324 107.5349 69.73093 64.43848 99.18111 129.2151 138.5398 143.4478 147.9887 148.523 142.2962 131.8199 117.6285 97.05807 86.87242 81.45538 74.41808 62.47409 61.72359 61.87827 60.59778 60.61675 63.2056 57.51903 47.24178 46.30246 51.72613
96.3261 96.30865 99.38055 98.3576 98.8371 100.4189 101.5334 102.9983 103.1677 103.5833 104.5555 105.8748 106.5923 107.7071 107.4906 106.7986 102.833 102.3671 105.4456 108.2212 108.2098 106.8002 105.2924 105.0336 104.1972 100.9761 97.11971 93.21774 98.59641 114.7382 119.0919 121.6007 98.86785 63.93917 69.57886 94.98188 121.3875 138.1124 107.3806 57.87102 62.71353 88.65198 107.2478 126.63 128.5502 129.5237 132.4708 129.8412 119.2707 103.8944 91.41768 81.32656 74.12684 64.16756 64.16454 71.15535 72.3911 68.7635 70.93035 71.85993 59.71925 51.80597 55.50175
96.66747 99.59715 101.3614 99.46902 99.11937 99.42387 99.88047 100.8849 101.0679 103.6731 102.8817 104.6266 105.6675 106.2351 106.3641 107.0099 106.2972 104.7877 105.4986 107.9947 109.3145 108.6665 107.1882 107.349 104.745 101.1557 99.01479 99.70346 104.5451 99.24588 105.5176 110.2099 114.8978 92.26314 70.51176 80.79926 103.9729 116.2882 117.7951 87.41821 69.0472 67.0453 84.07201 102.0779 107.8974 116.8806 123.0655 127.1172 121.267 110.0532 102.0099 89.54503 80.60143 68.85361 67.67139 82.07067 88.6581 81.2869 78.97862 87.14737 74.8507 67.02536 59.75702
94.63302 97.12729 99.01574 99.03201 99.01485 98.6176 99.28388 99.01509 99.32328 102.9523 101.9289 103.3834 104.3301 104.5891 105.115 105.2325 106.1252 106.485 106.6663 108.4143 109.5332 110.5729 109.9564 110.7584 109.8793 105.7111 104.5876 111.1407 115.6015 100.9208 99.03016 101.4701 106.5804 122.2549 85.52546 81.54581 95.76394 107.7386 111.1615 100.9295 84.33887 85.0312 93.66608 101.0907 100.1847 108.225 116.2968 124.9013 128.5711 121.104 113.5056 106.3624 96.39944 77.23425 67.35805 90.96809 112.0753 93.97746 80.48431 84.46773 87.36929 79.78239 69.34918
99.47744 100.1938 100.0248 99.17369 99.55377 99.05173 99.19298 98.93017 100.1219 102.1262 102.3075 103.8203 103.8142 103.621 104.865 105.2425 106.6695 107.5384 107.8426 108.231 108.9995 110.9903 111.6635 110.2606 111.9425 111.9706 112.3512 116.697 111.1822 109.3694 97.33961 96.80002 99.97335 107.4107 102.0959 98.8116 94.25231 102.0806 110.0536 100.6483 91.79719 96.85386 97.39548 110.2923 110.9726 109.9222 111.7281 116.1437 125.3696 125.8329 122.3997 123.3579 124.2614 103.6829 69.74482 84.62278 119.2523 119.3682 81.39539 69.37057 77.87659 78.76485 74.29325
101.3472 101.8043 100.2183 100.3014 100.2641 99.98595 100.0041 100.0767 102.4968 103.3942 103.2359 104.1614 104.6265 103.734 104.9616 106.1382 107.6748 108.443 108.6641 108.2957 107.5137 107.1146 107.1559 109.8914 112.4456 112.8121 114.2351 110.226 105.5179 104.3584 99.29427 97.90888 95.17323 91.71552 102.0217 95.19757 91.86847 96.05486 96.84936 101.0413 89.81704 87.54633 90.63001 108.7804 119.7208 116.4965 113.7967 116.7655 121.1968 123.0216 123.5821 134.8507 152.7248 151.0334 93.40423 78.24963 100.899 121.6655 89.1674 68.65761 64.34274 63.89142 62.08142
