py_wake/examples/data/AJ_ParqueFicticio/Rough survey   Sector 6   Height 200m   Weibull-A.grd
DSAA
73  159
 258469   265669
 6501692   6517492
 6.094818   11.28945
[rows 84 to 111 of 159, columns 0 to 62 of 73]
8.063152 8.033648 8.013035 7.990533 7.968837 7.939699 7.919209 7.892656 7.867151 7.841744 7.811845 7.767125 7.716405 7.682974 7.654214 7.616858 7.577224 7.54949 7.549111 7.569616 7.60001 7.624709 7.653769 7.687212 7.722322 7.728889 7.707308 7.69246 7.694049 7.723973 7.759149 7.797388 7.814114 7.793789 7.779469 7.777665 7.769847 7.785281 7.793362 7.769808 7.741464 7.689703 7.626584 7.564312 7.557355 7.56392 7.555862 7.566303 7.621063 7.726862 7.874096 7.985795 8.060587 8.09441 8.100512 8.091927 8.092556 8.123681 8.159333 8.173148 8.193516 8.216745 8.253973
8.046664 8.026753 8.003291 7.982225 7.959588 7.935029 7.913672 7.888344 7.860659 7.836668 7.795172 7.751408 7.704675 7.657218 7.629485 7.593617 7.556905 7.51731 7.481724 7.470286 7.48854 7.505716 7.543508 7.595761 7.664025 7.70256 7.696427 7.668583 7.632158 7.623734 7.623159 7.667464 7.723805 7.736244 7.736863 7.742654 7.758897 7.811297 7.838063 7.835407 7.806613 7.745104 7.681989 7.615923 7.573267 7.573098 7.541847 7.50078 7.483956 7.541791 7.690023 7.858326 7.997604 8.081991 8.121518 8.147306 8.197605 8.22686 8.235363 8.238177 8.240473 8.236109 8.259809
8.013328 8.00354 7.992029 7.974453 7.948183 7.925796 7.90183 7.880009 7.862501 7.83017 7.791151 7.753119 7.707428 7.657027 7.611559 7.577636 7.54849 7.507534 7.453389 7.417078 7.391619 7.390144 7.403455 7.43593 7.505723 7.586806 7.618545 7.608264 7.542584 7.499886 7.487466 7.517937 7.595513 7.659067 7.701766 7.729791 7.751232 7.802367 7.83601 7.865101 7.857434 7.80767 7.752064 7.702873 7.668065 7.655205 7.619391 7.558106 7.501349 7.479251 7.541468 7.701522 7.8861 8.005663 8.106153 8.186519 8.264071 8.302979 8.323977 8.317416 8.310867 8.294535 8.294693
8.001375 7.990081 7.981703 7.959357 7.932675 7.908314 7.889326 7.870615 7.854068 7.824724 7.791918 7.755073 7.716834 7.65579 7.592486 7.555742 7.527433 7.487536 7.453282 7.404408 7.359434 7.32569 7.297691 7.297378 7.344144 7.442762 7.514097 7.54475 7.49386 7.42482 7.410895 7.431459 7.517251 7.614852 7.702431 7.743757 7.771358 7.804907 7.842124 7.879153 7.874763 7.848364 7.810329 7.77612 7.743365 7.713607 7.684163 7.64256 7.558516 7.484463 7.46782 7.560684 7.716242 7.897178 8.033835 8.154035 8.24122 8.311214 8.344186 8.363819 8.366831 8.366071 8.362272
8.015935 7.992164 7.976741 7.95104 7.923126 7.895271 7.870357 7.851365 7.831015 7.818728 7.794126 7.759359 7.719815 7.668893 7.601081 7.537416 7.496933 7.462719 7.434947 7.396045 7.363562 7.333564 7.299256 7.26378 7.27318 7.359546 7.474329 7.547299 7.530099 7.458336 7.407659 7.431922 7.488044 7.576998 7.6634 7.72761 7.81105 7.860294 7.888983 7.908466 7.905907 7.893819 7.846837 7.787571 7.742756 7.701278 7.65716 7.634274 7.567355 7.483448 7.41165 7.407274 7.496633 7.657443 7.846236 8.004154 8.11702 8.207901 8.284835 8.331916 8.370139 8.385295 8.437993
8.040351 8.010539 7.977897 7.953638 7.928873 7.901163 7.863994 7.823458 7.800009 7.786555 7.780485 7.763861 7.730387 7.682168 7.62347 7.543148 7.476072 7.43813 7.413212 7.395181 7.394319 7.390889 7.379013 7.365068 7.347943 7.390217 7.498295 7.604748 7.619496 7.553394 7.48585 7.465816 7.497252 7.55304 7.615954 7.697484 7.801472 7.88949 7.94649 7.969658 7.971761 7.94695 7.884413 7.810309 7.738131 7.70414 7.645411 7.61033 7.555323 7.487979 7.402082 7.329087 7.277756 7.381535 7.562016 7.741961 7.894373 8.028436 8.131365 8.219155 8.289671 8.351489 8.45519
8.077369 8.034497 7.99669 7.961961 7.941596 7.909338 7.875774 7.834097 7.793433 7.763316 7.755957 7.755168 7.730209 7.701912 7.652261 7.580307 7.492895 7.432468 7.390151 7.39309 7.424578 7.469968 7.501571 7.515703 7.516256 7.501333 7.572932 7.675168 7.711782 7.65453 7.578405 7.534748 7.554706 7.586462 7.62407 7.696694 7.773834 7.900782 7.999237 8.048996 8.045836 8.005569 7.952518 7.886196 7.866958 7.827093 7.804113 7.752805 7.695568 7.638172 7.570595 7.476411 7.366671 7.298086 7.351124 7.497811 7.673074 7.803243 7.918452 8.043304 8.15312 8.275978 8.43122
8.103322 8.062724 8.026889 7.991598 7.963418 7.934703 7.903798 7.863156 7.815331 7.777085 7.750995 7.745225 7.735723 7.721262 7.694648 7.636326 7.556913 7.484081 7.423604 7.390537 7.443632 7.540246 7.620428 7.673331 7.662386 7.650481 7.684539 7.765631 7.801292 7.747415 7.687381 7.645775 7.64538 7.665123 7.707997 7.749597 7.777117 7.888079 8.030155 8.120097 8.138188 8.103409 8.045877 8.033566 8.040709 8.024254 7.992538 7.994571 7.958422 7.921743 7.89677 7.799071 7.686156 7.562611 7.460489 7.471622 7.588801 7.70772 7.803612 7.915195 8.018259 8.182935 8.385471
8.14626 8.098138 8.060575 8.023783 7.990302 7.967176 7.939175 7.902097 7.862031 7.81396 7.767226 7.746275 7.738225 7.741345 7.739293 7.711186 7.660976 7.60043 7.527274 7.450778 7.461959 7.579936 7.701683 7.767989 7.782641 7.762311 7.798733 7.864437 7.879602 7.832712 7.780201 7.748857 7.741314 7.728414 7.760878 7.80819 7.811918 7.88186 8.032837 8.160138 8.21896 8.196136 8.170344 8.186642 8.197681 8.211618 8.200818 8.177885 8.175328 8.194954 8.205084 8.171118 8.113115 8.009398 7.885531 7.831899 7.8266 7.883327 7.917259 7.938888 7.961021 8.100732 8.333267
8.176259 8.139668 8.096035 8.056838 8.025375 8.001914 7.981086 7.94779 7.908922 7.866949 7.813975 7.768782 7.750617 7.754792 7.768304 7.781744 7.78621 7.760254 7.705825 7.60309 7.519029 7.575871 7.716496 7.828117 7.862353 7.852962 7.885203 7.952654 7.960016 7.902406 7.83708 7.798638 7.781194 7.78693 7.819158 7.857405 7.860044 7.892158 8.028471 8.181653 8.279514 8.29962 8.315467 8.331083 8.351251 8.350823 8.332929 8.297891 8.296172 8.316358 8.34417 8.36162 8.363264 8.348626 8.288584 8.229215 8.196922 8.178677 8.120112 8.037396 7.962273 8.022427 8.253287
8.207535 8.1771 8.134577 8.096604 8.058434 8.03968 8.025413 8.00004 7.965219 7.928458 7.881496 7.822326 7.782731 7.769844 7.781764 7.825212 7.885088 7.929676 7.912416 7.808838 7.648171 7.601274 7.714182 7.846626 7.914622 7.91369 7.945388 8.00835 8.003398 7.947354 7.869585 7.799663 7.773377 7.812592 7.86618 7.912721 7.908195 7.940047 8.057968 8.198119 8.313207 8.361219 8.379428 8.406734 8.425876 8.427694 8.396855 8.366428 8.352598 8.345946 8.332767 8.332092 8.381521 8.433001 8.439439 8.432249 8.401622 8.366156 8.290461 8.165091 8.017389 7.968599 8.143702
8.224406 8.207696 8.17672 8.142988 8.106555 8.075401 8.068723 8.056475 8.034466 7.99901 7.958802 7.910558 7.858549 7.816473 7.806513 7.838848 7.918168 8.027057 8.07689 8.017379 7.831625 7.701049 7.738786 7.85455 7.936676 7.947574 7.960048 7.995338 7.989515 7.944739 7.858014 7.769837 7.736755 7.809438 7.874538 7.951971 7.958383 7.983449 8.084484 8.213352 8.290769 8.333294 8.374383 8.41587 8.436641 8.451443 8.430557 8.408503 8.363578 8.304865 8.256693 8.224796 8.245906 8.298834 8.360798 8.39536 8.412699 8.416938 8.394172 8.30158 8.115411 7.959203 8.021133
8.24334 8.231449 8.217238 8.190856 8.16801 8.137218 8.112661 8.10936 8.10482 8.083435 8.05321 8.025159 7.979474 7.927519 7.880924 7.871431 7.92217 8.050862 8.157662 8.155808 8.002625 7.842982 7.81407 7.882192 7.951741 7.945044 7.908291 7.904485 7.885836 7.831536 7.761069 7.693178 7.671855 7.800886 7.920023 8.000309 8.03728 8.053978 8.115379 8.230706 8.274243 8.285872 8.313099 8.34586 8.376087 8.406167 8.409474 8.363106 8.294259 8.216963 8.13914 8.067564 8.017882 8.010618 8.084348 8.145454 8.216434 8.280993 8.35537 8.342405 8.199516 8.009402 7.933775
8.27352 8.26345 8.246861 8.238245 8.231574 8.218889 8.184836 8.163087 8.173622 8.170574 8.154448 8.146047 8.134215 8.104646 8.043504 7.977717 7.966394 8.053217 8.174227 8.210499 8.119551 7.969759 7.914118 7.946751 7.972135 7.924557 7.882 7.83864 7.791607 7.731769 7.689222 7.659246 7.656329 7.785661 7.921165 8.024059 8.124836 8.134324 8.138561 8.195982 8.218842 8.225806 8.222232 8.235559 8.244654 8.250949 8.234535 8.195681 8.138426 8.048483 7.958567 7.875579 7.787808 7.692058 7.698526 7.775166 7.875283 7.974038 8.094114 8.189064 8.175977 8.044002 7.913968
8.332309 8.310184 8.294952 8.281396 8.277681 8.295568 8.283668 8.248628 8.251971 8.263761 8.267488 8.281508 8.304498 8.320924 8.292427 8.204937 8.123052 8.11614 8.199976 8.263786 8.21022 8.086947 8.011375 8.023396 8.028012 7.985012 7.927989 7.890991 7.866398 7.820473 7.774546 7.73247 7.733312 7.770072 7.856563 7.933243 8.018725 8.078077 8.092764 8.134031 8.143728 8.142941 8.126178 8.103757 8.097879 8.087192 8.045001 8.009667 7.966203 7.883055 7.819633 7.748272 7.662129 7.595198 7.586585 7.614424 7.662481 7.740106 7.845819 7.960857 8.023494 8.007657 7.926112
8.416545 8.392797 8.374774 8.353703 8.333111 8.370733 8.39741 8.380973 8.362709 8.38241 8.401647 8.42778 8.471607 8.536235 8.562586 8.50756 8.386456 8.305615 8.328712 8.363825 8.32511 8.224259 8.161023 8.136663 8.113918 8.08411 8.033627 8.043736 8.052017 7.995931 7.927397 7.844574 7.83926 7.786946 7.79077 7.816373 7.855768 7.904715 7.954066 8.023755 8.063039 8.054726 8.015618 7.985477 7.97604 8.000031 7.998545 7.944274 7.883821 7.810051 7.742794 7.714815 7.706608 7.733788 7.747276 7.780401 7.803045 7.817566 7.841201 7.893857 7.968099 8.001229 8.001101
8.511753 8.509946 8.496153 8.471542 8.437637 8.453015 8.521882 8.546502 8.525296 8.54784 8.565944 8.594027 8.640965 8.708364 8.783922 8.791653 8.704278 8.604592 8.555981 8.551548 8.501997 8.393601 8.315989 8.266427 8.243611 8.217688 8.179615 8.192632 8.211998 8.159124 8.064621 7.970669 7.934328 7.865552 7.809309 7.755364 7.73645 7.759692 7.808499 7.88418 7.947758 7.948885 7.903991 7.867263 7.847878 7.905107 7.976346 8.004107 7.994499 7.946401 7.881438 7.818811 7.803488 7.891672 7.950688 7.99708 8.014707 8.021727 8.016541 8.018987 8.033267 8.039445 8.070009
8.595569 8.637938 8.648073 8.622231 8.586244 8.567683 8.645085 8.725609 8.735743 8.754132 8.771571 8.783575 8.822738 8.882431 8.94796 9.000564 8.981323 8.925487 8.856974 8.807693 8.722985 8.597996 8.490506 8.436456 8.436932 8.432875 8.396433 8.365641 8.337728 8.267206 8.162327 8.07784 8.020033 7.936674 7.891296 7.815598 7.759118 7.759415 7.753295 7.7821 7.840138 7.85358 7.839676 7.807357 7.826816 7.893791 8.06656 8.188375 8.240324 8.212759 8.120925 8.016974 8.007776 8.056295 8.115448 8.153788 8.159816 8.148313 8.10265 8.056306 8.00206 8.001072 8.066828
8.65941 8.744118 8.793648 8.795305 8.763187 8.719633 8.765538 8.87888 8.931982 8.967315 9.003252 8.999701 9.010984 9.037166 9.094342 9.173478 9.201398 9.195163 9.163798 9.110511 8.997625 8.855613 8.758754 8.719185 8.708963 8.681385 8.611035 8.514492 8.417001 8.323989 8.221596 8.153631 8.097573 8.01798 7.952663 7.902313 7.84608 7.815878 7.807244 7.792305 7.816688 7.840293 7.877407 7.884444 7.901476 8.030589 8.208034 8.403227 8.543049 8.537379 8.441654 8.316395 8.235892 8.21207 8.221891 8.221217 8.199295 8.149791 8.075287 7.986667 7.90896 7.899739 8.015609
8.677409 8.80585 8.903497 8.952909 8.946234 8.880506 8.867448 8.96553 9.064873 9.131023 9.185314 9.190503 9.167357 9.181616 9.240031 9.326489 9.38625 9.425923 9.454004 9.427463 9.33855 9.236187 9.153155 9.103251 9.062224 8.985598 8.852713 8.664635 8.494143 8.356088 8.24369 8.204063 8.160555 8.095723 8.031291 7.987722 7.945481 7.905094 7.886021 7.909028 7.907773 7.899772 7.925245 7.939772 8.012226 8.103321 8.286365 8.506563 8.715135 8.827435 8.77837 8.634499 8.48241 8.370275 8.303163 8.242464 8.201802 8.14477 8.055472 7.945857 7.819961 7.76258 7.869918
8.607337 8.775387 8.940017 9.059587 9.087681 9.027509 8.970119 9.009916 9.097999 9.188156 9.249801 9.276254 9.266773 9.266939 9.322792 9.426122 9.539428 9.623675 9.705018 9.73739 9.708899 9.709178 9.686428 9.602528 9.468191 9.34629 9.144022 8.907038 8.685021 8.499625 8.35741 8.324527 8.288503 8.237923 8.189408 8.153525 8.120193 8.048058 7.977274 7.997571 7.99936 7.986652 7.954659 7.924361 8.015075 8.090815 8.240871 8.507658 8.794725 9.013011 9.086261 8.989903 8.825401 8.639091 8.506548 8.399953 8.329833 8.257613 8.166921 8.024189 7.831697 7.668995 7.712408
8.517821 8.653039 8.85595 9.041784 9.148476 9.132443 9.070977 9.06159 9.112658 9.179123 9.229818 9.27093 9.275432 9.277212 9.310596 9.457681 9.667194 9.831108 9.959184 10.05464 10.13064 10.1641 10.15187 10.09759 9.940359 9.715944 9.516272 9.271922 9.024913 8.803041 8.671926 8.585011 8.503943 8.451069 8.415053 8.379486 8.315869 8.22752 8.126645 8.076034 8.066818 8.027981 7.957663 7.94414 8.048976 8.152074 8.24569 8.460559 8.791959 9.109621 9.31851 9.355846 9.251749 9.075788 8.916814 8.771664 8.631162 8.496766 8.368186 8.191379 7.956588 7.703071 7.661828
8.563201 8.59125 8.725309 8.935451 9.122041 9.197212 9.165199 9.122416 9.120697 9.170952 9.216808 9.229827 9.226887 9.226696 9.252168 9.361959 9.607535 9.867463 10.04587 10.18637 10.27394 10.32864 10.35915 10.37609 10.33135 10.15631 9.946049 9.72625 9.47718 9.27039 9.091334 8.927303 8.785787 8.678585 8.608317 8.558473 8.518194 8.424294 8.292563 8.173158 8.137617 8.09953 8.025359 8.063489 8.183415 8.307149 8.373216 8.474896 8.751813 9.102835 9.403616 9.601013 9.621467 9.523676 9.360645 9.174747 8.965151 8.754198 8.55677 8.355577 8.11414 7.850588 7.744609
8.785579 8.704299 8.746306 8.883899 9.07243 9.234668 9.276938 9.224009 9.182213 9.202456 9.22306 9.209902 9.167903 9.125489 9.100383 9.142456 9.32578 9.607091 9.873913 10.07364 10.20004 10.27765 10.35756 10.4535 10.54334 10.54271 10.43428 10.24685 10.02586 9.793005 9.553211 9.325871 9.115181 8.960799 8.850374 8.776635 8.724936 8.665636 8.524214 8.352709 8.275079 8.229784 8.172211 8.26841 8.380209 8.502787 8.586539 8.635492 8.796686 9.085923 9.371443 9.631749 9.743963 9.710011 9.598063 9.427986 9.199698 8.9561 8.727739 8.499331 8.236012 7.996222 7.902538
9.113516 8.996255 8.956511 9.000403 9.110188 9.260329 9.358991 9.343348 9.270881 9.235375 9.230671 9.199392 9.126435 9.029032 8.921745 8.861994 8.942072 9.148339 9.449876 9.74018 9.959928 10.10755 10.24595 10.42121 10.58399 10.69996 10.72438 10.65277 10.50206 10.28605 10.04962 9.783334 9.529128 9.309128 9.158267 9.037863 8.980201 8.933999 8.812603 8.62746 8.520159 8.435176 8.439272 8.479879 8.551702 8.66576 8.759795 8.823504 8.931295 9.138579 9.353002 9.548255 9.628452 9.632074 9.556743 9.43419 9.267935 9.054511 8.833903 8.605577 8.340195 8.101719 8.023911
9.56542 9.456152 9.340391 9.266853 9.246143 9.311041 9.390731 9.413696 9.353735 9.278093 9.236078 9.189888 9.103376 8.923486 8.769776 8.655169 8.599264 8.685312 8.939115 9.26337 9.585935 9.822467 10.00086 10.21721 10.45513 10.646 10.80264 10.87225 10.83701 10.69426 10.48249 10.1949 9.896202 9.622066 9.407804 9.26433 9.216186 9.196712 9.114743 8.984185 8.82826 8.742508 8.719295 8.686597 8.667443 8.720801 8.795437 8.882402 9.022676 9.227386 9.396688 9.49889 9.535721 9.503733 9.417784 9.317079 9.192962 9.026274 8.831203 8.620092 8.386418 8.162697 8.075236
9.961614 9.884665 9.732184 9.599823 9.480613 9.418872 9.432371 9.452139 9.412539 9.325866 9.258615 9.201798 9.103861 8.918531 8.729146 8.563637 8.43998 8.368306 8.471705 8.758235 9.13958 9.457107 9.681394 9.91888 10.18805 10.42729 10.66431 10.86369 10.95993 10.9416 10.78637 10.50837 10.18915 9.885183 9.640285 9.475893 9.409414 9.413378 9.388494 9.310027 9.168187 9.045058 8.955307 8.848865 8.738171 8.666903 8.674067 8.744273 8.898455 9.147606 9.363197 9.464187 9.481614 9.42855 9.330461 9.21343 9.09181 8.942158 8.756479 8.531381 8.310966 8.115572 8.034566
10.29242 10.21815 10.06122 9.907541 9.751687 9.594364 9.548352 9.524197 9.489441 9.428537 9.354328 9.305425 9.199988 9.031134 8.857982 8.672991 8.47857 8.33593 8.258595 8.356299 8.694732 9.064507 9.360638 9.634753 9.932596 10.18539 10.43865 10.66174 10.87383 10.98359 10.97973 10.81524 10.55815 10.26921 10.00585 9.773209 9.627623 9.607169 9.606465 9.571671 9.471003 9.32641 9.173001 9.000023 8.812881 8.64888 8.560152 8.543654 8.665669 8.926961 9.15803 9.308481 9.356796 9.341352 9.267544 9.1691 9.063421 8.917872 8.729118 8.482406 8.217537 8.015024 7.93162
