py_wake/examples/data/AJ_ParqueFicticio/Rough survey   Sector 12   Height 30m   Orographic speed.grd
DSAA
73  159
 258469   265669
 6501692   6517492
 .2359203   2.018837
[rows 56 to 83 of 159, columns 0 to 62 of 73]
.9849086 1.00496 1.00287 1.0035 1.005079 1.007687 1.008735 1.012884 1.010477 1.011308 1.009758 1.011126 1.0109 .997606 .9842755 .9845864 .989539 .9901858 .9874975 .9864019 .9942664 .9719782 .9579675 .9646416 .971535 .9720032 .975531 .9865113 1.027602 1.100352 1.144069 1.110381 1.013175 1.054351 1.071398 1.081178 1.118452 1.060149 .9680744 .9436044 .9588897 1.041605 1.001758 .9556237 .8705337 .808035 .7551587 .7290969 .7629225 .882569 .990401 1.143797 1.144403 1.05828 .9957892 1.054033 1.196961 1.25991 1.190745 1.099157 1.02137 .9886348 1.221105
.9714769 1.000291 .9893551 .9890882 .9993052 1.013832 1.016469 1.014578 1.011085 1.006602 1.004249 1.002326 1.000372 1.016016 1.003515 .9911116 .9905306 .9887478 .9869732 .9982795 1.000458 .9856293 .967555 .9719287 .973051 .9697857 .9734051 .9771869 .9865975 1.065102 1.117186 1.123359 1.099211 1.07395 1.085301 1.096372 1.065934 1.059154 1.021586 .9687036 .9560428 .9791582 .9786558 .9432413 .9012012 .856812 .7850174 .7333728 .7353994 .820411 .9544625 1.097702 1.132382 1.075248 1.043998 1.110674 1.278358 1.298457 1.226447 1.029236 .9383427 .9334964 1.175606
.9561678 .9731221 .966644 .9600195 .9685743 1.001939 1.010675 1.008777 1.003944 .9972321 .9927251 .9909384 .9875216 .9991397 1.000609 .9956722 .990559 .9862215 .9875392 .9962385 .9945374 .9945388 .9829653 .9756342 .9764579 .9746869 .9696821 .9569342 .9295794 .9455104 1.049074 1.040939 1.028624 1.04001 1.039391 1.041707 1.031042 .9994364 .9864927 .943675 .9282317 .92487 .9134364 .9222407 .887629 .8456854 .7948421 .7209561 .710468 .7749848 .8931666 1.016573 1.103529 1.049201 .9803562 1.08215 1.233717 1.356903 1.327972 1.159986 .9882602 .9362065 1.092288
.9759154 .9683999 .9606001 .9500194 .9335305 .9626765 .9978845 1.000466 .9924529 .9864973 .981676 .974992 .9772256 .9896584 .9903813 .9898613 .9885387 .9867071 .988977 .9886135 .9894891 .9916809 .9944226 .9879773 .9824814 .9839922 .9820664 .9559326 .8866533 .8326829 .8647859 .9017758 .8987255 .8736422 .894651 .9180649 .9478434 .9573335 .9479918 .9082672 .8773948 .8880479 .8802132 .9046395 .9143336 .8745128 .8154604 .7371926 .64131 .6288385 .8000786 .9393619 1.050708 .9793524 .9170599 .9888059 1.147047 1.287704 1.302495 1.252548 1.090263 .95437 1.024277
1.007936 .9896363 .9789157 .9852684 .9561151 .9328943 .9647675 .9869636 .981345 .9756413 .9702535 .9648336 .961325 .973205 .9761307 .9775109 .982425 .9847961 .9923537 .9903228 .985383 .973756 .9810482 .9852508 .9852896 .9993763 1.007008 1.009474 .9744273 .9056317 .8514633 .8439807 .8441085 .8129196 .7788522 .8141417 .8423831 .8661742 .8807409 .8576092 .8213866 .821303 .8667663 .8958757 .9406369 .918183 .8923496 .8255941 .6960882 .5994592 .6611479 .8270437 1.006073 .9585357 .8684005 .9308432 1.107411 1.249025 1.2509 1.221838 1.146268 1.011402 .939243
1.022751 1.002808 .9975799 1.011982 1.003896 .9706129 .9511765 .9667048 .9678415 .9690929 .9667363 .9654145 .9652391 .9621733 .9634194 .9666964 .9727026 .9850098 .9905449 .9923254 .9904563 .9832043 .9767297 .978815 .9795144 .9947183 1.011423 1.049443 1.062319 1.021752 .9800069 .9046143 .8601586 .8529564 .783547 .7900507 .8039653 .8145601 .8114827 .8105592 .7929249 .771575 .7714831 .8694182 .899437 .928248 .9197613 .9254677 .831171 .6627547 .5808383 .664115 .9361646 .9883098 .8774195 .8390049 1.067611 1.224662 1.227067 1.188033 1.134852 1.029209 .9032779
1.024496 1.018481 1.022993 1.030832 1.027815 1.01532 .989629 .9653614 .9650242 .9679183 .9693108 .9672842 .9664882 .9594284 .9573475 .9574196 .9580926 .9739401 .9760331 .9798749 .9857215 .9866546 .9773842 .9773383 .9822876 .9850433 .9997098 1.036398 1.076698 1.09491 1.092547 1.035571 .9842563 .9523094 .8762985 .8111707 .797794 .7859722 .7687482 .780432 .7754979 .7572953 .7629712 .7944199 .8923206 .8993121 .8963061 .937682 .9688109 .8811797 .6838632 .5856068 .8206697 .9666502 .9283845 .8399891 .9527743 1.179565 1.21216 1.197143 1.138267 1.083674 .9657584
1.01156 1.023485 1.035547 1.042052 1.038791 1.024283 1.000644 .9761671 .9658556 .9663147 .9740347 .972212 .9652458 .9600329 .9549915 .9517815 .9502618 .951027 .9549695 .9549159 .9726143 .973156 .9639739 .9608898 .9682109 .9705117 .9806929 1.006936 1.051472 1.088815 1.07461 1.073817 1.042959 1.008617 .9418865 .8451396 .8158245 .7886785 .7660465 .7488195 .7342694 .7188226 .734651 .7709953 .8223245 .8988367 .8807065 .9000418 .97171 1.028633 .8866814 .650344 .6116595 .8072919 .9309205 .8541261 .8105889 1.064163 1.157287 1.156765 1.11897 1.106229 1.059741
.9968877 1.021611 1.03664 1.042707 1.039411 1.029417 1.006935 .9852384 .9653429 .9632137 .9679173 .969806 .9673892 .9606434 .9571121 .9521407 .9546126 .9482629 .9450113 .9473722 .9603485 .9609477 .9508213 .9367287 .9318799 .9299907 .9538669 .9689099 1.003335 1.057596 1.069486 1.06917 1.058531 1.032959 .9734148 .9290734 .8591148 .8231384 .7951551 .7592118 .7221728 .7054768 .6747136 .6655959 .7767957 .8398206 .8712248 .881812 .9306155 1.019276 .992866 .7625865 .574652 .5892518 .8149094 .8929924 .8082595 .8973152 .9941629 1.003551 .9905394 .9493735 1.014057
.9835467 1.009156 1.030277 1.037855 1.039041 1.032442 1.018226 .9973977 .9699897 .9631433 .9672332 .9656335 .9639741 .96156 .9600711 .9525616 .9493402 .9467504 .9484324 .9546447 .9640108 .9603569 .9495208 .9376497 .9185554 .9032884 .8861068 .8821205 .9095237 .9505255 .9942252 1.022797 1.037036 1.028809 .9679063 .940796 .8996527 .8297096 .7977484 .7719238 .7445612 .7262376 .6780606 .6493031 .7103252 .8124264 .846819 .871285 .8863385 .968582 1.078925 .9863979 .7550268 .5587691 .6371512 .8452581 .9247302 .9407514 .9687769 .9305371 .8652867 .7885299 .7944742
.9802474 .9947736 1.022499 1.033893 1.033474 1.030519 1.023514 1.013322 1.003574 .9796159 .9685383 .9679121 .9653211 .96288 .9617336 .9579617 .9507226 .945327 .9520112 .9628256 .9693828 .9668744 .9669802 .9552838 .9313044 .9051261 .8782802 .8737184 .8548659 .8630576 .8954797 .9207459 .974302 1.014996 .9716159 .9520878 .9297993 .8481513 .778869 .753003 .7336147 .7365462 .6729637 .631819 .6342325 .6902383 .8016604 .8745434 .8502648 .8582305 1.057812 1.09942 .999887 .7610331 .6141235 .7449156 .9600628 1.013724 1.093678 1.106628 .9459736 .8596781 .7243255
.9787541 .9909292 1.015926 1.028326 1.033107 1.024867 1.018623 1.014944 1.004176 .9878702 .9751061 .9695156 .967858 .9643059 .9590017 .9548655 .9482471 .9433433 .9462674 .9576339 .9594668 .9671917 .9850126 .9752569 .9557164 .9281742 .876568 .8758078 .8662558 .8576769 .8597509 .8769099 .9072254 .9592984 .9719768 .9567421 .9620658 .9292276 .8255976 .774053 .7113425 .6664506 .6363661 .5932347 .5679314 .6436021 .7500047 .8643391 .9029707 .886706 .9546595 1.119159 1.116985 1.018506 .7992815 .7157922 .8307816 1.055885 1.139421 1.193131 1.191785 1.083203 .9563709
.9715444 .9893432 1.017817 1.026983 1.02829 1.018636 1.012378 1.01016 1.003103 .9900608 .9778634 .97067 .9689318 .9709753 .9649645 .9562871 .9447632 .9404835 .942076 .9444582 .9417488 .9505722 .9841575 .9838674 .9794806 .9568427 .9423263 .8872573 .8690271 .8485835 .8346643 .8403625 .8689385 .9079996 .9483031 .9456437 .9613647 .9863566 .9179891 .8402067 .8253124 .7415719 .6505256 .6039501 .5597489 .5786935 .6127679 .7674019 .812546 .8014175 .9229115 1.046416 1.06553 1.070571 .9794111 .8129559 .8103437 .9446144 1.048684 1.130383 1.194306 1.21654 1.170649
.9580215 .9697166 1.005487 1.022341 1.019467 1.016246 1.01173 1.009574 1.003207 .9911776 .9762003 .9656361 .9623456 .9704241 .9699718 .9575605 .9399347 .9382841 .9414967 .9395437 .9364659 .9456334 .9753756 .9801282 .9844591 .9734764 .96598 .9429385 .9188836 .8744762 .8304626 .7987509 .8068973 .8526485 .8888776 .9257185 .9528672 .9732763 .9631714 .9241007 .8974133 .8846081 .8206487 .7164915 .6603786 .6026378 .5804462 .6248754 .6823019 .6709194 .7349486 .9048879 .9883527 .9663306 .932392 .8577471 .7795387 .8536513 .9586588 1.04024 1.118124 1.184858 1.190982
.9410874 .9449983 .9718728 .9992123 .9982957 1.007302 1.016267 1.015955 1.006466 .9949836 .9766924 .9591454 .9500272 .9581736 .9640513 .9641379 .9618508 .9492127 .9441593 .9418607 .9451983 .9598972 .9751866 .986021 .9826201 .9930978 .9791657 .9776348 .9672848 .9247455 .8946837 .8188313 .7647318 .7822281 .8306682 .8992103 .9337788 .9654444 .9944876 1.010029 .9868293 .921935 .8890133 .8400069 .7707425 .6810471 .6377636 .6437051 .6699814 .6376463 .5840366 .6606577 .7913018 .7648215 .7718185 .7877602 .8163627 .8583044 .9304298 1.021386 1.093198 1.148851 1.160094
.9456403 .9383608 .9331056 .954026 .957051 .9891547 1.016031 1.01783 1.010608 .9975701 .9781936 .9687096 .9597605 .946796 .950955 .9584125 .9723724 .9571579 .9435229 .9411745 .9416054 .960033 .9692138 1.008884 .9965509 1.008629 .9984106 .9945379 .9933387 1.00592 .9755235 .8810377 .8109313 .770875 .8144506 .875361 .9153736 .9538748 .9702808 .9761789 .9764389 .9399798 .8942819 .8877863 .8559613 .7997935 .7419584 .7193483 .7331395 .7356312 .699594 .6519982 .6964952 .6651191 .5749199 .6268129 .7562515 .866403 .9480304 1.026755 1.093872 1.138644 1.159301
.968109 .9704937 .9620721 .9318203 .9308997 .9549634 1.00765 1.015462 1.009235 .9973702 .9920079 .978689 .958755 .940995 .9288774 .9406058 .9603057 .9529945 .9405376 .9325864 .9261047 .9385462 .9415202 .9726735 1.002873 1.002051 1.016517 1.020021 1.027421 1.012868 .9906017 .9097801 .8277801 .8133277 .8232011 .8442817 .8867854 .9201919 .9432507 .9421876 .9656143 .9626821 .9438133 .9035158 .8743871 .8510256 .8130146 .7929065 .8194929 .8646511 .9243804 .9269718 .9311836 .8830616 .6218852 .5676659 .627299 .8001059 .9077766 1.000568 1.108521 1.141551 1.182738
.9932982 .9875838 .96887 .9467776 .9301786 .9312504 .9837257 .9981821 .9927565 .9944121 .990657 .9805025 .9619145 .9398495 .9111155 .9143621 .9443918 .9370697 .9266168 .9144433 .9040794 .9058148 .9009944 .9222229 .9552295 .9642679 .998055 1.035133 1.077083 1.07066 1.020687 .9751812 .886754 .8658442 .8598945 .8433037 .8446514 .8612284 .8949506 .9328317 .961216 1.007224 1.009465 .955003 .9163142 .8594255 .8008631 .7809514 .808695 .8921961 .9328272 1.001658 1.053661 1.101094 .9630552 .704197 .6206161 .6413918 .8093047 .9390836 1.025339 1.142484 1.192403
1.000036 .9919037 .9777746 .9670745 .9495145 .9178457 .9548916 .9651337 .973626 .9856821 .9813932 .9779785 .9706734 .9522094 .9091804 .8912281 .916416 .919682 .9164409 .9051734 .8903202 .8776771 .8810954 .8958598 .916258 .92673 .9539409 1.003064 1.07069 1.078793 1.043008 1.011265 .984838 .9209636 .8873961 .8675484 .8364879 .8246261 .8346047 .8633569 .9126372 .9962188 1.00718 .991893 .9671667 .9184707 .8158986 .7359657 .7489776 .7964364 .7991958 .8722154 1.004609 1.057234 1.051373 .8814654 .6727529 .5916611 .6352199 .8088291 .9253794 .9904274 1.061293
.9908935 .9863094 .9819116 .9793127 .9858462 .9659953 .9380564 .9361026 .9534828 .9709067 .9713271 .9693331 .9666326 .968721 .9506793 .9077783 .9038919 .9058287 .9124504 .9137654 .8938338 .8696688 .8634415 .8695568 .891072 .8901939 .8980035 .9121663 .9732494 1.027824 1.003371 .9621197 .9338468 .9325752 .897152 .8860482 .8736545 .8363401 .8210667 .832473 .8302879 .8678383 .8816708 .9278647 .8723447 .8757672 .7793207 .7385944 .6893302 .7044749 .7301829 .7141275 .7283802 .7913218 .9025948 .8494049 .6673601 .5422144 .5327195 .6298981 .743179 .8088317 .8726144
.9749821 .9731426 .9710518 .972699 .9920781 .9810777 .9479684 .9359524 .9485404 .9569609 .9583132 .9563552 .9539164 .9650851 .9687766 .9358694 .9059541 .900667 .9065865 .917355 .9141191 .8920953 .8607164 .8513783 .8632104 .8618501 .8596706 .8469019 .8697074 .9442306 .9507217 .9196597 .8903311 .8881522 .872137 .8689954 .8827853 .8397598 .8121423 .8398475 .8546075 .8266286 .8274913 .8406475 .8192325 .7903906 .7318441 .6574504 .6482115 .6767076 .7100595 .72673 .7393946 .7430336 .7724644 .7506016 .5909409 .5122573 .4192864 .4238472 .5488164 .6261029 .65986
.9615987 .9603363 .9563924 .9553959 .9734214 .9649918 .9469229 .9302298 .940046 .9422561 .9462931 .9509075 .9493667 .9506005 .9541831 .9291381 .9076061 .8933884 .8971725 .9057971 .9133182 .9264945 .908054 .8831915 .8705181 .8712571 .8605474 .8540146 .8481268 .8932489 .9039365 .8992522 .8735167 .8667853 .8586572 .8294957 .8169283 .8155174 .7980912 .7733662 .8046474 .8486372 .8462409 .8525898 .8915145 .9022921 .887161 .8271083 .7653906 .6603802 .720008 .755045 .8109248 .8518814 .8288457 .8022878 .7193582 .5735952 .5729485 .5048375 .4783933 .5646101 .6103482
.9561337 .951093 .9441168 .9393649 .9532762 .9527199 .9434437 .9294811 .9257517 .9256576 .9312598 .9398025 .9515814 .9494055 .9437809 .9297859 .9088788 .8864285 .8803295 .8762155 .8769434 .9135332 .917374 .9091321 .9023398 .9000739 .8999037 .8948979 .8903515 .896141 .8973664 .8769525 .8664472 .8726954 .879647 .882535 .8749012 .8546175 .8735706 .8078483 .7941623 .8333889 .8405558 .8645524 .8798162 .9107434 .9649049 1.005074 .9841104 .8514689 .738964 .7714329 .842424 .9331805 .9645503 .9810832 .9456031 .8855349 .840826 .7786594 .7309636 .678352 .7264163
.9596484 .9485081 .9398336 .9404436 .9399242 .9406092 .9382035 .9291199 .91847 .9146839 .9158989 .923364 .9425572 .9448806 .9381942 .9314839 .9214388 .9052256 .8814781 .8601432 .8522691 .8580547 .8801686 .9010172 .9046275 .9208974 .9369984 .9720644 .9782209 .927693 .8994035 .8701231 .840278 .8627786 .8570551 .8531088 .875331 .8918428 .9052671 .9031916 .8744243 .8435284 .8462099 .849308 .8897211 .9031117 .9240518 .943245 .9983537 .9731132 .9267947 .8889134 .9128137 .9661668 1.021379 1.031341 1.051866 1.053353 .9998446 .9584606 .9240721 .9041495 .8754482
.9652019 .9562606 .9407601 .9392095 .9359583 .9370024 .9315082 .9296743 .9196575 .9118109 .900752 .9005963 .92234 .9248712 .9218916 .9236148 .9430047 .9338082 .9074044 .880288 .8685341 .8503976 .8602837 .8702363 .8793354 .8982519 .9424893 1.005233 1.036857 1.003473 .9337734 .880314 .8490912 .8497379 .8300608 .806464 .8120342 .8463057 .8757428 .8893628 .9044623 .9088476 .8915001 .899428 .9241651 .9382207 .9252016 .9330344 .9851863 1.016214 1.022736 1.012337 .9942495 1.018411 1.022389 1.047889 1.014326 .9968632 .9771349 .9571744 .9401949 .9287066 .9215977
.9654229 .9677444 .9645413 .9404643 .9299704 .9283439 .9382591 .9311334 .922682 .9145502 .8966925 .8740727 .8898549 .8868395 .8915688 .9206977 .9384265 .9334907 .9221992 .9111203 .8944964 .8849152 .8680885 .8530763 .8485388 .8409656 .8706468 .9325291 .9768003 .985747 .9629747 .9004439 .8410308 .8352768 .8254338 .8135493 .8059895 .8339612 .8520039 .8710897 .8693246 .8570895 .864782 .8808666 .8989197 .9290565 .9458625 .9673181 .9886416 1.011955 1.022475 1.022497 1.01037 .9964955 .9944894 .9923834 .9777046 .9557889 .94585 .9384558 .9252491 .9283648 .9287831
.9493597 .9632063 .9600333 .9452109 .9298481 .9226067 .9246852 .9283559 .9243687 .9175891 .9073236 .8922797 .8585891 .8555623 .8467961 .8482473 .8903369 .8868574 .9051742 .9184064 .8988114 .8968968 .8849435 .8802094 .8446741 .8134571 .7927763 .8328593 .9005687 .9534133 .9569444 .9177582 .8525596 .8305957 .8263071 .815367 .8231456 .8274477 .846345 .8555643 .8324536 .8217736 .8264479 .8357889 .8603831 .8888612 .9188686 .9419091 .9689379 .9972686 1.009147 1.007143 .9975916 .985679 .9747361 .970282 .9596491 .9360045 .9200901 .9241156 .922558 .9273038 .9322932
.9452519 .9441144 .9458864 .9419272 .9327641 .9255121 .9247088 .9246093 .9195852 .9112786 .9118426 .889699 .8611468 .8510531 .8390967 .8176306 .8100054 .8191618 .8528057 .8810942 .8869759 .8929197 .8965306 .9027841 .8960522 .8538294 .8046276 .8015448 .8476619 .9229868 .9428892 .9573701 .9133021 .8984554 .9010345 .8756412 .8878599 .8656045 .8538921 .8358111 .8263353 .8301212 .7745711 .7761081 .8113316 .8185678 .8446018 .8657494 .8918448 .9618436 .9934279 .9994336 .9903446 .9710041 .9625761 .9392775 .9328966 .9082479 .8935106 .89406 .8984175 .91686 .9256868
