py_wake/examples/data/AJ_ParqueFicticio/Rough survey   Sector 11   Height 30m   Orographic speed.grd
DSAA
73  159
 258469   265669
 6501692   6517492
 .21804   2.036368
[rows 28 to 55 of 159, columns 0 to 62 of 73]
1.013196 1.010801 1.008636 1.008159 1.010126 1.012835 1.016882 1.019461 1.017543 1.020147 1.026824 1.034685 1.044035 1.053162 1.054761 1.06014 1.067134 1.071293 1.07421 1.072632 1.063333 1.054845 1.06577 1.07568 1.083696 1.082731 1.074053 1.057218 1.058793 1.059232 1.0602 1.060756 1.04775 .9946365 .97847 1.001985 1.023401 1.029833 1.051579 1.021205 .9455766 .9153271 .944312 1.056085 1.168363 1.220377 1.229197 1.263258 1.32014 1.35268 1.328682 1.347503 1.505768 1.598965 1.40132 1.332504 1.492169 1.565279 1.414062 1.177404 1.053507 .9940448 .9135382
1.01097 1.010694 1.008726 1.008378 1.00908 1.009423 1.012415 1.018099 1.020447 1.021907 1.024189 1.029543 1.035712 1.054357 1.05976 1.063161 1.066998 1.07123 1.073222 1.071632 1.061204 1.052614 1.059888 1.070266 1.078482 1.078891 1.071731 1.065561 1.063274 1.065276 1.066427 1.061958 1.03616 .980019 .9528782 .9927931 1.030801 1.036688 1.044382 1.022743 .9571212 .9307749 .9620229 1.010768 1.089376 1.187094 1.238209 1.281651 1.358461 1.42404 1.41587 1.402561 1.494602 1.634345 1.562704 1.473441 1.516969 1.526765 1.352684 1.180244 1.08849 1.016201 .9667054
1.006584 1.006638 1.005896 1.005333 1.005335 1.007263 1.008898 1.016421 1.019737 1.018922 1.020213 1.020946 1.024088 1.047984 1.056957 1.061686 1.066052 1.069364 1.069846 1.06589 1.061114 1.058552 1.061001 1.068154 1.072408 1.074537 1.074013 1.068483 1.064109 1.063985 1.063483 1.064621 1.030352 .9737886 .9718511 1.004971 1.020381 1.026707 1.042964 1.037346 .9918124 .9493866 .9584891 1.014663 1.052732 1.094535 1.164802 1.250782 1.346228 1.453766 1.515917 1.556937 1.576866 1.668535 1.702673 1.620497 1.611403 1.474167 1.276387 1.130171 1.035333 .9808584 1.040112
1.002957 1.002597 1.001831 1.002271 1.001659 1.003755 1.005264 1.014301 1.014368 1.01526 1.014998 1.015433 1.017878 1.036284 1.052614 1.058822 1.063237 1.067611 1.0665 1.061632 1.061244 1.061819 1.063039 1.065367 1.069102 1.072962 1.07189 1.071955 1.059489 1.056427 1.05796 1.068599 1.05779 1.012896 1.006606 1.001744 1.004937 1.007434 1.029383 1.057606 1.02176 .9658853 .95488 .9943871 1.055963 1.083307 1.089071 1.119894 1.208381 1.346696 1.49032 1.614737 1.699149 1.754287 1.814692 1.785572 1.71924 1.468533 1.224051 1.077399 .9667301 .9503474 1.037441
.9936393 .996147 .9978176 .999284 1.000529 1.003086 1.00705 1.007646 1.009614 1.01107 1.011143 1.011507 1.011739 1.020407 1.038381 1.048265 1.056841 1.066904 1.062865 1.059315 1.060749 1.062724 1.064165 1.06493 1.067569 1.066676 1.068056 1.067561 1.057593 1.04625 1.053658 1.058953 1.048284 1.026466 1.006464 1.005997 .9990537 .9854378 1.014422 1.046595 1.048733 .9919918 .9499299 .9524766 1.009615 1.094405 1.140323 1.118046 1.113766 1.175972 1.291655 1.449991 1.623988 1.798011 1.922842 1.920298 1.780165 1.494075 1.234664 1.042284 .9091234 .9358165 1.097416
.9919966 .9942358 .9960546 .9976344 1.002039 1.003765 1.007267 1.00787 1.01007 1.009705 1.009933 1.010259 1.010863 1.011311 1.02443 1.036161 1.048316 1.062684 1.057967 1.059401 1.060513 1.063508 1.064755 1.064943 1.066327 1.064914 1.057022 1.055699 1.054688 1.048985 1.051575 1.052301 1.043503 1.025255 1.009769 1.015844 1.01782 .9826944 .9934271 1.018718 1.058363 1.042949 .9795917 .9143397 .9193093 1.019811 1.140908 1.194858 1.183711 1.215157 1.266696 1.342685 1.462533 1.63701 1.893557 2.020121 1.83039 1.529111 1.258145 1.03585 .8706809 .9021529 1.179616
1.000279 .9995829 .9992502 .9984263 .999662 1.000576 1.005639 1.008554 1.009831 1.010407 1.009674 1.009946 1.010758 1.008218 1.016474 1.02904 1.042645 1.056456 1.053386 1.056668 1.060347 1.060629 1.06224 1.062346 1.06149 1.058619 1.048861 1.049104 1.0512 1.05255 1.051849 1.050421 1.044921 1.026188 1.003943 1.002233 1.037184 1.004479 .983449 .9981481 1.066672 1.082997 1.048161 .9406182 .8434337 .9134918 1.074129 1.190257 1.213712 1.280302 1.354272 1.453287 1.503391 1.577176 1.777656 1.994829 1.914454 1.587952 1.285124 1.084564 .9283419 .916496 1.178472
1.002532 1.001666 1.000261 1.000457 .9999757 1.001792 1.002859 1.003687 1.006255 1.007002 1.005664 1.005184 1.003002 1.010906 1.018003 1.023252 1.031002 1.050914 1.046496 1.049726 1.054531 1.05573 1.05629 1.057091 1.057106 1.051345 1.04589 1.047617 1.048814 1.050878 1.050379 1.048118 1.045845 1.035571 1.017411 .9906248 1.00822 1.018812 .9959475 1.021396 1.064344 1.109843 1.114928 1.030366 .8399826 .7827188 .9688048 1.152477 1.23174 1.286281 1.383551 1.548511 1.645316 1.681812 1.795126 1.95276 1.902832 1.644508 1.348441 1.150661 1.055428 1.037718 1.185392
1.000411 .9996536 .9971569 .9971877 .9999801 1.005373 .9995636 1.002872 1.005486 1.005509 1.003708 1.000372 .9972306 1.0054 1.012262 1.015212 1.021501 1.03388 1.040006 1.035979 1.046113 1.047903 1.048666 1.049801 1.053635 1.046167 1.046361 1.045959 1.046412 1.047831 1.04944 1.04664 1.039814 1.039925 1.019848 .9894527 .9821568 1.013969 1.025486 1.033799 1.113648 1.191412 1.203678 1.147819 .9225892 .6909118 .7741876 1.021354 1.186999 1.288694 1.360501 1.539331 1.727794 1.8231 1.879804 1.97991 1.912063 1.636703 1.349204 1.188831 1.207656 1.229043 1.273307
.9890744 .9905038 .9912764 .9920868 .9920701 .9950346 1.007958 1.008935 1.007332 1.005378 1.004663 1.001021 .9947958 .9994184 1.003748 1.006534 1.010887 1.014554 1.024031 1.022037 1.02853 1.035052 1.035319 1.038031 1.049795 1.044801 1.04431 1.042908 1.04333 1.040715 1.041823 1.043019 1.040412 1.039096 1.026471 .9896842 .9482761 .9904881 1.013508 1.028175 1.119008 1.272043 1.352104 1.342277 1.162376 .763208 .6134458 .7697329 .992501 1.166326 1.263006 1.400266 1.631103 1.809804 1.94077 2.029675 1.95189 1.62872 1.309514 1.203063 1.268818 1.370257 1.402662
.9781371 .9844934 .9866157 .9887295 .9889499 .9895186 1.000077 1.002986 1.005626 1.00808 1.010463 1.008472 1.001725 .988612 .9940882 .9988352 1.004735 1.010427 1.018235 1.013057 .9988828 1.011143 1.019105 1.027361 1.040767 1.039032 1.041037 1.040083 1.037067 1.032437 1.028053 1.037898 1.039285 1.03447 1.029238 1.012975 .9559368 .9425418 .9626029 1.013577 1.062473 1.208428 1.387826 1.478848 1.42715 1.05103 .7164774 .7213651 .7734182 .9738216 1.14951 1.246372 1.427706 1.625427 1.873061 2.036368 1.970135 1.622196 1.27066 1.157902 1.207332 1.387063 1.47127
.9810582 .9851979 .988665 .991517 .9966785 .9997979 .9882637 .9977356 1.004156 1.008435 1.01247 1.014495 .9931488 .9897219 .994336 1.000226 1.005989 1.013364 1.021654 1.006217 .9868305 .9940726 1.003898 1.015206 1.030723 1.036938 1.036761 1.035164 1.033869 1.025701 1.017015 1.023758 1.027194 1.026322 1.022207 1.003598 .9469939 .9190609 .9328214 .9930385 1.040423 1.125304 1.279858 1.466266 1.555725 1.341418 1.001634 .9254751 .8257585 .8730481 1.100045 1.249226 1.378634 1.515417 1.728267 1.947903 1.977993 1.645097 1.263578 1.09318 1.114945 1.240973 1.435215
.9757871 .9831656 .9877518 .9908397 .9952242 .9953403 .9965001 1.001836 1.004555 1.006367 1.00715 1.004112 .9982912 1.000064 .9998436 .9996431 1.002618 1.005828 1.010201 1.010711 .9988551 .9977435 .9973624 1.000747 1.019774 1.0272 1.026424 1.025278 1.023265 1.015828 1.011381 1.017757 1.020314 1.019084 1.017864 .991978 .9342571 .8903425 .9114539 .9689123 1.034714 1.117514 1.214851 1.397416 1.539849 1.493584 1.231301 1.165909 1.097522 .9820107 1.082274 1.248142 1.399092 1.516125 1.684171 1.895389 1.92292 1.710003 1.333573 1.076529 .9838198 1.084677 1.273175
.9853718 .9882031 .9908725 .988156 .9844863 .9906102 .9998748 1.005054 1.005579 1.002425 .9962774 .9963962 .9940296 .9962553 .9943858 .9936931 .992837 .9921384 1.000211 1.008541 1.010917 1.008942 1.01004 1.000815 .9907086 1.002316 1.006848 1.008904 1.010092 1.005202 1.007831 1.012362 1.014972 1.012971 1.016019 .9939968 .917232 .8485186 .8439507 .9081199 1.00131 1.098888 1.187254 1.351733 1.491986 1.51327 1.359378 1.276117 1.284883 1.228117 1.205146 1.265469 1.388286 1.527467 1.705851 1.864893 1.891541 1.76818 1.474748 1.159986 .9202447 .8927438 1.029684
.9997866 1.000863 1.002812 .9991099 .9829866 .978662 .9920673 1.0006 .999659 .9970274 .9923227 .9888698 .9881742 .9850184 .9866086 .9860517 .9835756 .9823966 .9858233 1.00279 1.011371 1.015718 1.022222 1.020221 .9830806 .9722721 .9820383 .9867903 .9916919 .9995511 1.00102 1.001564 1.005881 1.008065 1.006779 .9873812 .9356875 .8274549 .7677361 .8321189 .9289247 1.015167 1.096299 1.24012 1.343718 1.428334 1.339413 1.246001 1.337603 1.331029 1.320182 1.345674 1.420489 1.511802 1.65922 1.823883 1.900452 1.826174 1.632027 1.336534 1.052623 .8187321 .8263894
1.008599 1.012491 1.017457 1.022708 .9954604 .9666519 .9677124 .9941263 .9969184 .9983106 1.002622 .9968567 .985019 .9756866 .9785385 .980197 .9791683 .9764984 .9738293 .9839025 1.001215 1.004738 1.007074 1.009909 .9933705 .9791411 .977163 .9756261 .973826 .980401 .988613 .9899404 .98592 .9920115 .9972606 .9684398 .9222621 .8446209 .7492113 .7423339 .8201392 .917094 .9706944 1.110671 1.214068 1.257787 1.216498 1.12061 1.156208 1.218963 1.245262 1.274255 1.381032 1.449546 1.585523 1.802496 1.868021 1.852994 1.683076 1.445438 1.237802 .9827479 .7948739
1.011443 1.01578 1.020519 1.034439 1.026642 .9976487 .9677581 .9766759 .9843433 .9937864 1.004979 .9964125 .9757849 .9734697 .9774179 .9800568 .9784634 .9756893 .9724403 .9653825 .9822286 .9847821 .9848127 .9930506 .9902154 .9833554 .9742867 .9660702 .9635231 .9674804 .9754176 .978781 .9741639 .9802032 .9897227 .9628287 .928994 .8799155 .7891578 .7535403 .7367271 .8588526 .9595453 1.025072 1.121013 1.184225 1.172131 1.058999 1.031469 1.130035 1.15647 1.169747 1.273544 1.432955 1.542144 1.760108 1.791985 1.741016 1.660458 1.516869 1.356755 1.152906 .9488999
1.012861 1.014745 1.020876 1.03433 1.041263 1.01849 .9859373 .9762815 .9786856 .9822592 .9886324 .9921725 .9855081 .9833459 .9848152 .9848838 .9828483 .981726 .9767026 .9635835 .9647641 .9717202 .9731467 .9758998 .9714118 .971243 .9634287 .9525152 .9398653 .9375179 .9483573 .9500706 .9493212 .9475114 .9827198 .9587775 .9256805 .8859265 .8591529 .836091 .7659846 .8163908 .9298407 .9853041 1.100005 1.167829 1.170602 1.172037 1.125476 1.153947 1.194571 1.220031 1.255176 1.415561 1.562434 1.72749 1.757892 1.589901 1.509809 1.493079 1.456043 1.367705 1.209385
1.009392 1.012343 1.022618 1.037006 1.040706 1.028515 1.005806 .9974666 .99348 .9778148 .9745805 .9847767 .9870988 .9895808 .9900416 .9861061 .9830406 .9826235 .981911 .9635418 .9669599 .9754826 .9842249 .9868866 .9638514 .9549534 .9573254 .9468288 .9323589 .914184 .9162043 .9191479 .9061127 .897553 .9440688 .9434898 .9086134 .868387 .8683168 .8898234 .8675156 .8633068 .9233266 1.00756 1.109606 1.160191 1.173441 1.211948 1.231804 1.265415 1.285454 1.334323 1.326575 1.403588 1.541069 1.711176 1.790174 1.627087 1.400165 1.33565 1.322822 1.341566 1.365203
1.003796 1.005376 1.010117 1.034657 1.038057 1.031573 1.022739 1.018952 1.019638 .9931132 .9555107 .968221 .9771131 .9830829 .9856115 .9806955 .9771861 .9747152 .9732499 .9760267 .9806222 .9805763 .9834048 .9789521 .9616983 .961594 .9576846 .9446313 .9327962 .9205053 .8949298 .9022729 .8888212 .8569785 .8932361 .8998061 .8768392 .8424647 .8207779 .871771 .8956791 .9091477 .9476081 .9930177 1.077382 1.162748 1.154738 1.177626 1.21878 1.243659 1.271078 1.374449 1.431227 1.459354 1.517533 1.621921 1.786113 1.791423 1.567091 1.361332 1.201175 1.169963 1.224762
1.002538 1.004415 1.006385 1.0199 1.032596 1.03009 1.02736 1.028102 1.034062 1.018419 .9702467 .9515867 .9589458 .9616403 .9754736 .9735325 .9708723 .9637879 .9594455 .9763098 .9806387 .9749885 .9677091 .9678478 .9618515 .9581715 .9547944 .9450351 .9382067 .9274183 .913201 .9218003 .9155843 .8642904 .8768625 .8862176 .8474257 .8215617 .7727147 .8106709 .8500495 .8718694 .8963749 .9760888 1.058555 1.122085 1.14915 1.152986 1.178745 1.214175 1.240714 1.298261 1.414767 1.479856 1.509664 1.483505 1.625168 1.740571 1.730374 1.694215 1.434872 1.165324 1.081368
1.011485 1.015875 1.016371 1.013452 1.021246 1.026344 1.029059 1.034166 1.037039 1.036541 1.012747 .9705775 .9535475 .9587516 .9642321 .9715031 .9717513 .9664074 .9550604 .9563103 .9680917 .965723 .9646419 .9700486 .9778991 .9582508 .9526673 .9515869 .9445453 .930042 .9159124 .9086625 .9116203 .8886696 .8849042 .8805411 .8534952 .8215926 .7646117 .7656922 .7691903 .8116994 .8328447 .8817661 .9502298 1.065646 1.097568 1.175533 1.194652 1.224708 1.275647 1.314019 1.369431 1.448544 1.500949 1.390216 1.417832 1.541054 1.57964 1.742166 1.787556 1.519053 1.23564
1.016051 1.023236 1.030725 1.010034 1.014072 1.023371 1.031928 1.041538 1.039048 1.04048 1.027599 1.006434 .9776102 .958237 .9578037 .9673344 .9776911 .9887726 .9752398 .9538117 .9625005 .9678784 .9727126 .979848 .978662 .9627995 .9630167 .9608878 .9589482 .9380077 .9195686 .892933 .8771335 .8937221 .8851813 .8746853 .8454406 .818292 .7715765 .7514542 .7545584 .788772 .8353422 .8469376 .9078718 .9942544 1.048692 1.105963 1.165514 1.241242 1.356427 1.415242 1.311883 1.370616 1.535005 1.427087 1.280853 1.314158 1.301328 1.514816 1.79046 1.818446 1.594783
1.011525 1.015985 1.025808 1.020963 1.017347 1.020634 1.033812 1.042994 1.041338 1.039066 1.027629 1.008029 .9811475 .9639038 .9614795 .9629886 .9649868 .9830952 .9877537 .9691109 .9739333 .9769022 .9755687 .9813746 .9801127 .9777204 .9805197 .9788351 .9595116 .9577357 .9498835 .9235475 .87336 .8702575 .8745667 .8565915 .8146212 .8081576 .7715243 .7267247 .734301 .7492688 .8291594 .855523 .8929857 .9674445 1.014065 1.070289 1.157418 1.241299 1.387918 1.48495 1.325493 1.227008 1.495943 1.57567 1.33581 1.180547 1.099344 1.189505 1.533817 1.768156 1.773027
1.00717 1.010816 1.022386 1.021387 1.020257 1.02047 1.029416 1.041483 1.038206 1.035876 1.023796 1.005046 .9905345 .9779364 .9732442 .9691002 .9560999 .9605706 .9824761 .9776258 .981667 .9899734 .9763497 .9766675 .9817518 .9835005 .9848288 .9791707 .9778823 .9804838 .9842085 .9630259 .9233981 .8831082 .9043425 .8819855 .8189597 .7737418 .7784528 .7603076 .7141163 .6565812 .7277673 .7763947 .8312956 .9265577 1.006802 1.046374 1.139045 1.227729 1.426207 1.535033 1.369526 1.095878 1.313227 1.648304 1.574778 1.285958 .9958768 .947931 1.234099 1.536321 1.68354
1.009109 1.014319 1.017024 1.01871 1.022256 1.026719 1.033818 1.031784 1.032602 1.029678 1.022435 1.009949 .9974004 .988921 .9875622 .9870846 .9705601 .9607756 .9650019 .9658892 .9638459 .9894693 .9912727 .9829698 .9849914 .9839213 .9847235 .9872283 .9969555 1.012003 1.013137 .979627 .9310942 .9338782 .9733812 .9457051 .8387401 .7683268 .7715632 .8080976 .7884413 .6826518 .6482906 .6793911 .7471144 .8427371 .936805 1.004843 1.098211 1.200503 1.411875 1.571672 1.444997 1.070827 1.089632 1.550662 1.722105 1.57875 1.152613 .8378137 .9666649 1.315763 1.565225
1.017044 1.014858 1.011858 1.017771 1.023872 1.031035 1.030011 1.028487 1.028836 1.02665 1.023183 1.014714 1.00464 .9941385 .9895872 .995946 .9831684 .9663664 .9661552 .9630182 .9503657 .9558735 .9881588 .9828823 .9789834 .9902648 .9879146 .9895384 1.016009 1.059596 1.056038 .9919118 .9245793 .9460849 1.006914 1.04425 .9706386 .8030211 .702787 .8375488 .8624291 .7830344 .706241 .645614 .6901835 .7965667 .8580828 .9227282 1.07851 1.184435 1.352719 1.557545 1.493867 1.136566 .9888486 1.303987 1.650492 1.721815 1.412078 .9626495 .8505204 1.123794 1.479783
1.013879 1.01533 1.018381 1.022385 1.028291 1.033592 1.028365 1.027991 1.026838 1.02532 1.022925 1.018333 1.012775 .9982967 .9799682 .9922707 .9900627 .9804767 .9791066 .9827328 .9675441 .9422601 .9629606 .9664335 .9703371 .9832163 .9799179 .9813447 1.028994 1.087747 1.126281 1.030241 .9113018 .9462292 .9965534 1.077858 1.066045 .9238291 .713475 .760728 .8995004 .87911 .8183495 .7257962 .6958587 .7834519 .8260481 .8341301 .9882739 1.128107 1.317973 1.518208 1.482542 1.169106 .9536538 1.184231 1.548972 1.665465 1.488418 1.143839 .855863 1.022566 1.483285
