py_wake/examples/data/AJ_ParqueFicticio/Rough survey   Sector 4   Height 200m   Power density.grd
DSAA
73  159
 258469   265669
 6501692   6517492
 133.8925   1624.552
[rows 0 to 27 of 159, columns 0 to 62 of 73]
538.371 537.5156 538.174 538.9439 539.7487 540.9119 542.7897 543.9501 544.7081 545.3073 545.3172 544.2416 542.9069 539.4893 535.3497 530.4707 524.1585 518.3805 510.6987 503.8575 502.6198 518.313 546.8308 568.529 562.682 538.7061 523.0416 535.0958 547.6216 548.8692 545.7953 548.5527 548.571 552.2074 562.2982 584.9315 620.4141 657.8328 676.9006 684.8099 692.4251 700.446 705.8201 709.4749 706.8447 702.8904 696.4821 690.313 686.0873 683.3754 680.8253 678.6903 677.777 678.9355 678.6494 679.295 680.9645 679.5937 677.293 671.1156 663.9281 655.8128 645.6705
543.6228 540.8725 539.1926 538.9657 539.7928 541.1512 542.5313 544.641 545.4139 545.5602 545.8059 544.7606 542.8392 540.0583 535.3724 529.0592 522.188 514.6245 504.7216 496.0875 498.3775 520.2086 559.7673 590.1581 584.274 557.0172 532.2552 538.3922 548.79 550.5819 550.6326 549.1694 547.7347 549.7313 556.4725 577.2358 610.1101 648.3809 668.6054 676.7481 682.5156 691.0825 702.7511 708.5879 702.9826 698.2894 693.1913 688.2365 684.3383 680.7433 679.957 679.8503 680.5414 683.0189 683.8129 685.666 686.8231 686.343 681.0976 674.782 666.4009 656.5484 645.596
550.0807 545.5591 540.1309 539.1705 540.5777 542.0248 543.2933 544.5751 546.222 546.6522 546.3831 545.2769 544.2059 542.1362 537.187 528.7519 520.0111 510.9196 500.5489 491.915 496.1276 521.2499 564.7279 599.3304 607.898 578.6172 549.7029 543.3217 548.7787 550.8644 552.4915 550.3304 548.0937 547.0483 548.3531 562.3428 590.1001 631.0978 655.2676 665.8811 670.7008 682.5831 696.3629 707.1915 702.9962 694.4203 687.8738 683.7355 681.3552 677.1833 677.113 680.5099 683.4137 685.3629 688.4781 691.5993 693.4863 692.6164 688.9337 680.6741 670.6667 657.9728 645.751
559.3037 549.2059 542.098 540.5533 540.6428 542.0124 544.0006 545.3298 546.1984 546.9133 546.1296 545.9907 546.0522 544.4246 539.3942 529.1035 519.6619 508.8398 498.1208 489.9328 496.2525 522.813 565.2799 603.71 620.8539 598.8636 568.6643 555.2532 553.4446 554.0571 555.0413 555.5844 550.9441 542.8596 538.2531 546.1887 567.7512 606.4389 637.327 649.7654 658.1298 675.9967 695.1361 706.1545 706.3437 695.4125 684.3929 680.0076 677.1434 674.4748 676.9003 682.9446 686.1107 690.6708 696.187 699.9972 703.209 703.0833 699.1939 688.5585 676.1872 662.5167 647.8936
565.4995 554.3074 544.5792 542.5262 540.942 542.6981 544.8091 547.3773 547.8119 547.6161 547.0751 544.0952 545.656 546.5823 541.4459 530.7981 519.4242 508.3842 497.4346 490.2033 499.1918 525.5728 564.5789 603.7323 626.3734 614.2413 589.738 572.4501 564.3102 561.6468 560.4048 560.2844 549.9027 536.9063 530.5977 530.9641 549.8374 581.9556 613.9909 628.3289 647.09 676.2451 701.9017 707.3049 707.7651 694.7924 681.3052 675.9297 672.299 673.5206 675.5031 682.4858 687.9774 695.5823 702.7583 710.1261 715.0461 715.5377 710.8444 699.3823 684.825 665.5272 646.1986
567.9726 558.333 551.2861 546.7832 543.6644 543.2043 546.848 549.9137 549.2054 548.5612 548.1397 544.9257 544.4738 548.4362 543.407 534.8229 522.4031 509.377 499.3342 496.6491 508.8053 535.6525 567.5975 603.5566 629.3094 626.5296 606.4995 588.4145 575.916 569.5455 564.6232 561.0607 552.2331 543.3392 533.4871 529.2612 540.348 564.5153 587.127 604.6545 637.0634 684.0936 710.0008 709.3137 702.4514 691.4226 681.5062 677.7369 672.2267 669.7267 673.6006 678.16 686.5474 697.5472 711.3222 723.4921 731.3762 733.111 729.2783 714.9933 695.5925 670.8729 642.7925
566.928 561.7064 558.2858 554.4339 547.4054 544.5087 548.9557 551.3748 550.7983 549.4894 547.7619 544.5974 543.1713 546.4966 545.5293 539.2413 528.6548 514.4416 503.3264 497.7855 510.7916 539.6239 572.3022 605.6779 631.649 635.1213 621.3069 602.9421 585.796 573.045 564.2655 557.5656 554.6911 545.1404 535.9689 529.8432 533.4221 545.9832 560.0752 583.3172 634.0668 688.0652 712.4288 703.4424 690.1172 683.0728 682.234 682.1332 672.9419 665.3312 666.2344 672.4148 683.4221 700.0232 720.7996 739.6472 751.2742 755.3708 751.8505 732.5237 705.394 670.3086 633.6502
566.7256 563.9941 561.1371 557.8922 552.1743 547.8636 550.1902 552.715 551.2457 549.1791 546.0718 544.3228 545.1356 548.8684 549.1152 545.1603 536.6783 523.8851 510.8575 503.0066 513.2343 540.5759 576.3504 606.3054 630.0287 639.0519 629.5162 611.9756 592.8142 576.1105 563.7814 559.0284 555.3136 547.9665 539.7516 532.7805 532.2385 537.3219 547.5559 572.8103 628.2619 679.8472 697.5289 688.475 676.3716 682.5052 687.6613 685.8986 666.66 654.6945 655.5321 663.2979 678.1399 702.6987 735.2603 762.1864 775.5965 780.0793 774.011 753.5161 712.5117 664.4572 620.6436
566.8192 565.7206 564.5445 563.3859 560.261 556.868 555.1971 553.7443 550.8861 546.4426 544.467 544.3199 546.738 548.1473 550.4976 551.6503 548.2045 537.3376 524.2457 514.222 514.4137 536.9863 568.5096 594.6135 621.5065 639.6335 640.7057 623.1755 602.3275 582.6705 567.6938 562.1129 557.9318 552.4041 546.2616 539.1962 537.2678 539.95 552.2504 573.9268 618.7732 659.8098 673.4293 666.1787 671.9469 687.0478 688.7519 681.5729 661.5317 646.3621 647.4218 653.5895 669.0208 705.3399 753.4717 785.6404 799.349 804.8341 797.3456 769.0311 713.2299 652.9596 602.4915
566.9841 566.1523 566.0854 567.5385 566.2371 564.8759 561.6583 555.7348 548.3784 541.472 540.2164 544.1435 546.934 547.6431 550.1302 554.8594 557.7169 552.9866 540.8027 528.5857 521.0945 530.0953 556.395 581.7491 606.2903 630.3371 641.3406 631.418 609.4011 586.9905 572.739 566.6166 561.9987 556.216 551.0052 545.7427 543.2256 548.3102 559.9935 579.952 611.062 634.7038 646.146 647.7039 666.685 682.8065 679.1959 669.9636 654.1602 636.6621 636.1125 642.3146 664.1711 715.5375 772.4102 807.5053 819.6285 824.3457 809.8821 773.765 707.5681 636.1064 582.4144
566.934 566.6807 566.4532 567.9605 567.2482 564.335 561.3547 554.9709 544.8964 535.3163 538.3772 546.4747 548.2112 544.1992 548.1838 558.0132 566.3706 565.6816 556.9907 544.9352 535.2151 533.356 548.6282 568.2094 591.7543 613.9535 632.4007 628.0869 610.3461 588.7149 575.7231 568.4646 565.1718 559.806 554.601 549.4772 550.4064 554.7742 564.8243 582.9396 602.2478 619.5524 629.6613 637.0244 656.6458 666.5345 662.1718 656.6879 646.4523 628.2291 624.9064 635.4609 673.0564 732.1678 787.6842 817.343 830.2427 831.3127 814.0426 771.2633 703.7827 626.8951 576.0699
565.6191 566.2665 566.7441 567.1085 569.5906 568.4873 565.3754 549.9684 533.339 526.9284 537.169 549.5516 550.348 542.3084 542.5319 557.3261 575.5452 574.8932 567.5206 559.0388 549.4891 545.5663 551.8798 561.5188 575.9641 595.5218 610.9773 611.25 603.8255 584.7051 573.5954 566.5283 563.9583 563.6127 558.1075 553.3839 554.4441 558.9256 567.951 580.4996 596.5897 609.2817 620.8517 631.854 644.3716 648.1436 644.1122 642.5884 639.2657 626.545 622.1326 640.7727 687.626 745.7064 789.6662 811.5275 819.9357 818.4095 801.1697 762.6061 701.0563 632.772 586.1497
563.2355 564.9933 567.0709 566.9788 569.5525 571.6478 565.9971 549.7554 525.8119 521.8154 539.837 555.098 553.4652 543.4456 542.2756 556.0533 576.372 582.7415 579.2668 571.5175 566.2774 562.7399 566.0649 565.8524 569.6033 580.5421 594.421 597.2886 591.2571 578.78 568.4139 561.8961 560.8537 561.6346 560.4559 558.709 557.9968 561.2384 567.8416 578.4174 590.2879 603.205 614.9601 628.021 634.2964 632.6805 631.7267 631.4106 631.0073 627.3424 629.1705 648.5667 690.2061 740.4133 775.9271 789.4901 795.6621 794.4152 778.8087 744.1581 694.7838 644.5986 602.0963
560.8899 564.173 566.6706 568.2378 569.8544 569.6772 563.5515 548.9268 528.7332 526.4372 541.6457 555.4545 556.5089 548.4232 547.3558 559.9365 574.446 582.754 585.758 581.4523 580.834 585.0992 584.1768 575.3134 570.4666 572.4115 580.9144 583.1466 575.2409 568.5008 560.7173 555.5917 555.6875 558.233 561.5258 561.9778 560.9277 561.5305 565.0733 572.9871 585.0787 596.1633 607.1312 623.1789 626.4563 625.8576 624.0892 624.0799 626.9116 628.8157 637.1537 652.7178 684.0237 723.2579 753.2755 767.5414 773.6177 774.9754 765.0475 738.195 700.139 655.8585 615.6517
559.6962 563.2972 565.7473 567.7866 568.4312 566.8937 559.9872 549.2888 535.6945 531.7659 544.2087 555.5027 558.6045 556.66 558.3417 566.5536 574.3412 582.6198 588.6774 587.562 590.6126 596.7484 597.1367 590.1279 579.0117 572.1458 567.9263 564.8461 561.5099 556.5632 552.8085 549.8825 551.2567 556.9766 564.9717 568.8472 563.763 559.4623 558.9172 567.0826 579.7727 592.9363 604.4429 619.3388 624.8837 620.3369 618.8397 622.4423 628.8546 636.78 644.2623 656.1399 679.245 706.9338 732.0345 748.8202 764.4978 776.9144 773.0427 752.5491 716.4694 672.8254 626.6414
559.079 561.4017 563.2 565.2784 566.4094 563.6932 557.5113 549.5286 540.6423 536.6523 545.9869 554.9862 559.8124 563.0656 566.1787 568.6099 572.2173 579.1581 587.2712 587.3301 591.8327 599.8962 600.1967 594.1971 585.9897 574.0201 562.2773 554.655 549.3434 548.033 543.4754 541.0917 541.8041 554.4877 572.5436 577.6251 567.3054 555.2133 548.783 553.6326 572.0333 590.4026 604.4503 618.7372 620.8046 617.4421 617.9835 624.3995 637.6056 647.2713 652.4921 657.4125 673.4099 697.4972 721.4968 746.3668 776.3944 797.2618 801.2234 782.8021 747.0533 696.2429 635.4197
557.7185 560.0544 561.0103 562.2752 563.7383 561.8566 557.2011 550.308 544.8655 543.4537 547.3368 553.9523 559.8431 564.4279 569.5216 569.6179 569.9041 577.3018 585.9717 588.5157 592.7213 598.4984 598.8939 595.9137 589.381 579.4493 563.3272 548.7441 542.1431 538.9259 536.7 529.6077 530.1918 551.2417 582.0892 589.5438 571.5291 547.8226 530.6242 532.2487 560.2391 587.0789 606.2654 618.1491 621.5079 617.6515 616.3368 628.3409 647.0858 658.9317 661.1199 660.5245 672.9292 694.2203 726.7533 762.4243 800.4382 830.3014 837.7689 822.3326 786.4883 725.6001 648.8571
556.2074 557.6637 559.853 560.7134 561.627 560.5775 556.6629 552.5409 548.9559 549.4885 552.0001 554.8088 559.6389 566.4979 571.0032 573.0452 573.0999 577.7017 582.7274 587.4338 590.4731 595.4509 597.5882 596.8122 591.7678 580.7836 562.702 546.7927 537.2131 532.8513 524.2566 512.295 518.8994 551.7726 588.0153 595.8498 568.9979 534.2694 503.3252 507.1525 543.2761 577.0394 603.2362 621.5692 627.6103 623.3284 621.8524 634.7816 658.6915 669.6937 664.3832 660.2138 672.8227 704.6485 745.0769 787.0662 829.0695 857.3845 867.3451 852.3361 816.8221 755.3547 671.6773
554.9706 556.1136 557.3136 559.2668 559.7844 559.4387 557.5346 554.0602 552.0444 553.7082 557.354 558.5154 559.3432 565.5724 571.2366 574.3735 576.2047 579.4482 582.4063 585.7045 587.7418 590.4868 592.6983 595.3319 591.1884 579.1033 562.2051 545.5399 533.2073 524.9493 511.3422 498.8725 518.6086 554.7328 587.0391 595.9116 566.7574 517.9731 482.4441 487.5423 535.0742 578.1045 604.6163 619.2177 628.751 631.1811 628.2729 644.4904 670.2338 680.2889 670.1969 663.7932 677.2758 713.453 760.5696 809.9009 849.3615 877.7528 883.8526 869.2794 836.0078 779.3775 697.6324
553.5742 554.5392 555.7017 557.0942 557.309 557.762 556.8491 556.0024 554.7703 556.7041 561.0282 561.6303 560.424 565.3264 570.5248 575.1218 577.6922 581.438 583.4664 585.8652 585.3516 586.7933 587.5052 591.7958 590.7241 580.2403 565.6552 550.963 538.9432 524.3543 503.5185 494.3466 518.9407 558.4465 585.8064 594.2591 563.7409 509.495 464.5575 474.4775 527.8046 582.0177 615.447 630.5248 637.6597 634.4945 632.3624 652.0499 676.6333 683.0494 673.782 667.2717 684.7341 720.0151 767.6696 818.527 861.5098 891.7087 896.1107 882.3278 851.8287 795.7689 720.139
553.3212 552.4193 551.3521 551.8696 553.2014 554.0466 555.0256 556.1287 556.679 559.0691 562.8369 564.029 563.5156 566.3049 571.2389 575.1876 578.5994 581.8741 584.255 583.0793 582.1826 582.4752 584.5578 587.4908 587.2523 580.0697 568.8709 556.708 545.0225 523.284 506.283 503.6495 512.2838 548.5565 577.9328 589.5034 559.0192 499.947 457.086 471.5569 525.7346 583.0933 619.9417 639.6488 644.7545 642.2376 642.1046 654.712 674.428 677.519 668.5871 676.2273 695.9886 727.999 777.2413 828.0928 873.6634 906.0425 914.6836 898.5413 862.6643 807.6379 735.9448
552.3212 551.7075 548.1627 548.4927 550.5924 552.3807 553.8414 555.1329 556.8187 560.5214 564.0336 566.2214 566.6622 568.824 571.6594 574.9971 579.0175 582.2024 583.5759 581.4635 579.7146 580.34 582.656 585.3625 584.1808 579.1024 569.1661 557.1292 541.9712 519.7813 515.754 518.1336 514.5715 530.6042 560.1016 577.1642 548.921 495.3574 456.0843 474.2707 525.4728 579.9703 616.7919 639.3043 646.0174 650.5342 654.5905 661.1321 667.4083 666.9044 664.3634 679.2307 705.7155 738.3843 786.1972 840.5868 889.1647 926.1957 936.3722 919.7866 875.302 815.1634 745.247
549.3157 549.3892 547.628 546.5011 548.4016 550.2495 552.1738 554.2321 555.8327 559.7075 562.9262 566.2903 568.5816 571.417 572.929 574.5916 576.819 581.5782 583.3322 582.3387 579.8334 580.2029 582.3757 582.5487 581.4703 575.4337 566.2504 553.2242 534.3073 525.0984 530.285 533.2221 524.8152 520.2407 537.0416 555.7476 538.4595 499.0492 468.0545 473.4612 517.0137 567.4945 608.5712 628.1371 640.2584 650.3215 659.165 662.1459 662.964 662.1315 666.8531 683.5874 716.938 749.4279 799.5095 859.6187 913.797 953.6994 968.4492 949.62 893.3535 817.0306 744.8043
548.7047 548.8944 546.752 545.6008 546.5402 548.5077 550.5312 552.1976 554.6131 557.2206 561.1045 564.3774 567.5479 570.8665 573.8724 575.6829 576.9592 578.7245 580.6292 580.9456 580.5931 580.7896 581.0355 581.6455 579.0304 571.3898 560.3298 547.0217 529.7074 530.2021 543.4771 546.0549 530.11 514.2997 514.2158 534.1571 532.9604 507.1912 483.8503 478.0456 502.6468 545.5452 585.9165 609.6468 627.3656 644.0608 654.5495 659.2448 660.1429 662.0239 671.7384 693.0861 729.4069 767.8896 816.616 887.151 951.9927 995.027 1009.227 981.0148 909.5881 817.7944 736.105
547.2764 547.7703 547.178 546.9467 547.1602 548.4976 549.5982 551.1606 553.3015 555.7452 559.0761 562.7091 566.2269 569.3316 573.0146 575.6981 577.084 576.9681 578.4197 578.7172 579.388 579.8308 579.8008 579.6927 576.2528 567.5587 555.5163 542.4313 532.3359 531.7849 541.4201 546.1916 533.9023 513.3872 500.4916 516.8934 525.9113 514.4098 497.4304 486.9734 492.5076 527.621 563.499 587.568 610.4254 627.9905 641.8867 652.653 657.8162 664.2045 680.2392 710.5 749.9673 795.6584 845.6635 923.0328 1002.421 1046.611 1050.092 1007.234 914.8125 807.3517 718.8102
547.358 545.91 546.1513 547.9877 548.8396 550.1874 550.5738 550.9785 552.0319 553.7169 557.7326 561.4355 565.4658 569.6722 572.4723 575.0664 576.3138 576.4425 576.4835 576.2382 577.7968 578.1813 577.4707 576.6265 572.9724 562.5582 549.9807 541.9044 538.4156 534.8245 537.9811 542.0165 531.3665 512.3863 495.1239 506.1826 517.6014 516.3317 505.622 491.8012 490.8601 514.5903 549.4085 576.5189 597.3973 611.4079 625.6196 641.4263 655.5145 668.382 691.312 732.9875 784.4755 839.5598 887.0489 970.4083 1061.837 1105.36 1088.853 1016.248 903.7768 789.5834 695.774
547.942 545.4567 545.0768 547.2715 549.3075 550.9881 551.7337 552.4242 552.0477 552.7516 556.1174 560.3588 564.9375 568.9256 571.4831 572.9786 574.2796 575.5344 575.102 574.3638 574.069 575.2288 575.5237 572.3872 569.7886 559.5038 545.9302 540.6024 541.7372 534.608 535.3855 537.0762 527.4687 509.8954 495.777 502.3416 509.8996 513.7512 511.9175 494.398 486.7523 504.2977 536.0498 563.4603 584.3127 595.1985 608.4094 627.0974 650.8431 674.927 709.5691 762.1356 831.2604 899.542 944.9703 1024.024 1124.035 1162.612 1113.007 1000.371 872.6918 755.5807 664.8907
548.2471 547.8217 547.5017 548.1994 550.0398 551.6982 552.6741 552.9349 552.7407 553.8421 556.8878 560.6376 564.3297 568.6412 570.7471 572.055 572.1321 573.715 574.1281 573.5873 571.982 571.8442 572.785 570.4556 565.6086 556.2051 544.9771 538.7237 541.1574 536.9624 535.2978 534.1453 522.5914 505.782 492.4659 500.4852 508.3345 510.0413 509.2986 491.386 480.8277 492.373 515.7723 546.5057 569.9109 583.6838 595.6769 616.8145 647.4837 685.1929 730.4013 797.968 885.1426 971.0958 1017.886 1090.616 1179.379 1205.187 1115.695 970.0402 830.4178 714.0634 634.2165
