py_wake/examples/data/AJ_ParqueFicticio/Rough survey   Sector 10   Height 30m   Orographic turn.grd
DSAA
73  159
 258469   265669
 6501692   6517492
-177.1106   169.0513
[rows 81 to 107 of 159, columns 0 to 60 of 73]
2.858192 3.298105 3.51837 2.700305 2.092948 1.629971 2.314749 2.275174 2.117913 2.065531 1.773779 1.309865 2.452986 1.69142 1.16007 2.299032 3.291858 2.799378 2.09499 1.668015 1.196193 .6786309 .2804863 .3867499 .3441556 -1.648246 -2.920097 -3.907014 -4.955528 -5.028409 -4.571319 -4.632076 -5.461021 -4.801256 -4.920884 -4.832278 -3.726524 -1.329712 .3995859 1.143279 -.5033619 -4.099636 -5.545082 -6.09539 -5.498815 -4.258651 -3.59166 -2.342025 -1.67366 -1.051774 -1.286579 -1.882734 -2.676191 -3.234573 -3.246459 -3.25988 -3.143867 -1.91845 -.2935503 1.116175 1.570977
2.74834 3.556527 3.269946 2.939541 2.557178 2.316061 2.853102 2.951971 2.803548 2.702507 2.678006 2.759756 1.616056 1.289556 .6819922 .9131078 3.180632 1.810525 2.127395 2.406184 1.650846 1.360078 1.159101 1.734353 .150143 -1.354088 -4.668862 -6.265357 -6.19256 -4.975339 -3.371512 -3.10742 -4.474502 -4.770245 -4.885499 -4.475699 -2.490585 -.9593833 .8907006 .980006 -3.375403 -6.435262 -7.326973 -7.546826 -6.47705 -5.182526 -4.621942 -3.883031 -2.945218 -1.911425 -1.507087 -1.681297 -2.089685 -2.528299 -2.825308 -2.341478 -1.234725 -.5805238 .07388254 1.286016 2.128076
2.975751 3.310932 3.348184 3.144743 3.109722 3.214765 3.247936 3.301312 3.190562 3.073492 3.02449 2.395877 1.935041 1.769136 1.652292 1.435005 1.097941 .1886456 1.363942 2.097815 1.520404 1.581925 1.896276 1.888197 1.928522 -1.322469 -5.373946 -7.797043 -7.509195 -5.350444 -3.659344 -2.454926 -3.693122 -4.596447 -3.845172 -3.511811 .4890729 2.369253 2.099106 -3.175535 -6.277814 -6.704273 -8.495467 -8.739367 -6.206996 -5.374558 -5.773165 -5.129709 -5.47126 -3.030562 -1.310465 -.9683039 -1.334551 -1.906869 -1.730438 -1.11079 -.1197618 -.3715285 .03334054 .7202523 1.025404
3.688774 3.437593 3.60327 3.597484 3.747006 3.716774 3.498618 3.512738 3.585025 3.403206 3.040876 2.430847 2.125659 2.423102 2.656015 1.750903 .4295492 -.1032946 .226908 -.1249098 .8847384 1.119898 1.511904 1.855684 1.3884 -1.664872 -5.837935 -7.825315 -8.331275 -6.38472 -5.000825 -3.921798 -3.209322 -4.525431 -3.79737 -1.274045 1.800871 3.567788 .1471902 -3.93973 -5.405193 -5.828966 -7.174603 -8.468763 -6.433635 -5.959946 -8.230845 -9.021794 -10.01371 -6.037933 -.6836111 -.2663306 -.4658069 -.4258294 -.3327416 -.2764047 -.8455038 -.5211381 .01084189 -.6033202 .68088
4.255007 3.790534 3.758607 4.130905 4.306966 3.969044 3.827599 4.012293 4.040733 3.748252 3.261242 3.018537 2.877474 2.947513 2.236526 1.389737 .794017 .8774738 -.4532867 -1.298852 -.2062078 -.8248953 -.1126054 -.1846629 -.2262131 -2.174737 -4.677529 -6.861081 -7.685913 -6.277363 -6.513753 -5.56451 -3.402369 -3.213433 -1.545504 -.8488565 1.159675 3.090151 -.3898298 -3.336186 -4.275373 -5.17967 -5.372804 -6.43814 -7.390652 -5.967992 -8.116561 -10.78614 -11.25568 -11.53808 -6.427641 -.4593029 .04644104 -.06936628 .5440581 .3766661 .3525108 .3085122 .1237033 .1868112 1.322624
4.201701 4.008237 4.28095 4.722472 4.404204 4.077627 4.119184 4.417033 4.322232 4.008927 3.772518 3.949252 3.543001 3.12114 2.293086 1.417584 1.675959 1.153928 -.1852356 -.3265272 -1.268415 -1.802994 -2.500992 -3.230337 -3.104286 -2.440292 -3.446703 -5.088062 -6.541609 -6.886034 -7.468277 -6.559504 -4.591906 -3.010646 -1.425379 -1.309741 .6073845 .4217678 -3.698984 -3.504874 -3.121073 -3.410314 -4.90204 -5.619574 -6.658166 -6.092046 -5.407078 -8.350663 -9.592635 -13.20547 -10.76917 -6.187252 -.7259452 -1.238649 -.2590768 .3672567 .2985685 .7746048 2.265263 3.300538 6.386881
4.12561 4.388556 4.915085 4.927568 4.575859 4.358206 4.572199 4.477741 4.597368 4.468959 4.559221 4.480462 4.115633 3.108063 2.262217 1.788557 1.891548 1.572496 1.247541 .542326 -.5396594 -1.158143 -2.712576 -4.770549 -5.538635 -3.68835 -2.625522 -3.954592 -5.703331 -8.612854 -8.698949 -9.406134 -7.109071 -4.842948 -1.823276 .964668 .9001369 -3.526127 -3.393941 -3.249864 -3.340885 -3.808173 -4.682453 -6.399065 -6.455793 -6.552382 -5.808223 -5.32618 -7.537694 -10.75449 -11.80338 -10.83679 -6.021886 -1.673411 -1.400277 -1.30594 -.05949491 1.651486 4.601717 6.72464 14.01714
4.60169 5.043124 5.624914 5.020659 4.869494 4.998143 4.80721 4.756059 5.109195 5.171125 5.127778 4.942632 4.788991 3.983506 2.556987 2.042603 2.239892 1.835635 1.718783 1.486768 1.005842 .04799303 -.9057597 -3.79208 -6.86226 -6.165044 -3.184139 -4.211276 -6.731538 -9.455244 -11.3388 -10.3032 -9.237818 -7.133866 -4.467101 -.2014523 .9200386 -1.480763 -2.659902 -3.156214 -3.769804 -5.057127 -6.323287 -6.857933 -7.171298 -6.21746 -7.649316 -5.70866 -5.895456 -7.118239 -9.986156 -13.1563 -13.96574 -6.994008 -2.002362 -.1675662 .009023405 2.356362 5.725245 9.859559 22.49815
5.405711 6.19205 5.467403 5.271504 5.42093 5.537143 5.09367 5.116903 5.234221 5.252428 5.335107 5.527087 5.424318 4.651387 3.821198 3.202169 2.152736 2.011086 2.055038 1.880861 2.00016 1.615416 .3313874 -2.562785 -6.850626 -8.69098 -6.712818 -6.37134 -8.118206 -10.6758 -11.92773 -11.14744 -9.856842 -8.284873 -5.275066 -1.432611 -.1352033 -2.418172 -2.162102 -3.274872 -4.593051 -5.084126 -6.059881 -5.097877 -5.248529 -4.748731 -6.66255 -5.367881 -3.718139 -5.160026 -7.708653 -12.19602 -16.31419 -12.48504 -5.141203 -1.438655 .2580464 3.07648 6.763914 10.08015 25.83772
6.617557 6.138331 5.589747 5.97852 6.173131 6.071067 6.039133 5.908157 5.227463 5.368115 5.259411 5.730673 5.786491 5.485915 4.84673 3.745036 2.775257 2.568523 1.326573 1.717048 1.780574 1.77291 .3693157 -2.65226 -6.457283 -10.18051 -9.95319 -9.023344 -9.515205 -10.75544 -11.52945 -11.35473 -9.711728 -7.0135 -4.767468 -3.768109 -5.677947 -2.131521 -1.780822 -2.980218 -4.127151 -5.450974 -3.947616 -3.197065 -2.413794 -5.381279 -4.193847 -5.742514 -3.671646 -1.207062 -3.68684 -8.011183 -11.4332 -17.15751 -13.6303 -6.882732 .8426383 3.292205 6.434147 8.348783 16.89671
6.480625 6.491362 6.521284 6.787622 7.10471 7.265714 6.854922 6.291482 5.954692 5.314414 5.2383 5.770134 5.892964 5.960064 5.797187 5.566529 4.914363 3.825055 1.131581 -1.04211 -.6693853 .2968955 -1.062093 -4.321749 -7.509913 -10.3489 -11.17662 -10.44315 -10.0446 -10.55601 -10.15931 -10.36102 -9.322648 -8.110311 -1.968786 -5.805218 -7.992279 -4.779858 -2.324346 -2.520239 -4.13169 -3.893779 -3.762886 -2.079703 -4.450532 -6.24436 -5.798141 -2.686114 -.6511632 -.1447315 -2.688122 -4.623929 -5.955514 -10.43705 -14.72927 -9.215815 -.2253775 2.548712 -2.057673 -1.727871 2.165292
7.480757 7.616806 7.434002 7.702781 8.422508 7.717908 7.219781 7.094468 6.466064 5.827077 5.177059 5.363121 5.787043 6.159827 6.339006 7.238339 7.074822 5.562809 1.279071 -3.910094 -6.044408 -3.704579 -3.993092 -5.889217 -8.760217 -10.91169 -11.83148 -11.29254 -9.779441 -10.44863 -10.25633 -9.604018 -8.424794 -6.124761 -.7324261 -4.770016 -8.54531 -8.552284 -4.057463 -3.314633 -2.159205 -3.398579 -3.871876 -5.324068 -6.647342 -5.946644 -4.20347 -2.671332 -.4651318 -1.790558 -3.643343 -3.789859 -2.89858 -2.479267 -4.942822 -3.709304 -4.246969 -3.157303 -4.26524 -8.446711 -14.83455
8.351714 8.404235 8.557652 8.756992 8.514064 8.248333 7.924527 7.623228 7.203306 6.544865 5.733624 5.455747 5.611628 5.70905 6.638734 7.676309 8.457778 6.281304 1.967419 -4.139453 -11.30474 -10.29109 -6.547356 -7.165898 -9.574764 -11.70368 -12.64228 -11.53177 -10.30658 -10.71162 -10.57761 -9.607125 -5.693072 .03122944 -4.168071 -5.743682 -7.358622 -8.780775 -6.34644 -3.920515 -3.23907 -4.649412 -5.734548 -6.801613 -5.638384 -4.333594 -2.598674 -1.483295 -4.509322 -5.976383 -5.20391 -3.412267 -2.084436 1.657813 1.923064 -.1798238 -3.190748 -4.873377 -5.583057 -8.16234 -23.44524
9.239693 9.450068 9.490844 9.359557 9.123806 8.601498 8.442277 8.324346 7.770189 7.063657 6.727287 6.409463 5.363328 5.211936 5.306726 6.348552 7.560551 5.578622 1.768976 -3.205254 -11.89339 -15.67262 -10.8221 -8.734554 -10.19569 -12.89262 -13.29929 -12.43141 -9.691344 -8.773086 -8.405591 -7.437312 -5.477695 -1.494267 -2.43583 -5.760203 -8.297624 -9.652644 -7.588561 -7.716122 -5.661693 -5.567927 -6.439017 -6.378611 -3.391341 -.7356096 -.9638098 -2.506545 -5.187503 -5.999918 -5.802713 -5.057456 -2.253581 -.2941307 1.970975 2.408245 -1.733454 -.4316249 -1.132363 -3.459872 -17.34229
10.0389 10.36204 10.66078 10.01127 9.434014 8.723259 8.90566 8.59218 7.919756 7.736812 7.726389 7.409239 6.073644 4.707154 3.739275 3.505421 3.20843 2.487914 .8749982 -2.331562 -9.567747 -17.23621 -14.88228 -11.47751 -11.90061 -14.75205 -15.24554 -12.03879 -8.770023 -5.51075 -4.364826 -4.415433 -4.172508 -3.688135 -6.081697 -5.594476 -8.003024 -10.97517 -11.00497 -8.898459 -8.475524 -7.343553 -6.889617 -3.942166 -1.20403 1.168562 -1.166142 -3.075145 -4.176077 -5.225241 -5.122716 -5.916001 -4.851002 -1.802018 1.647477 .9515876 -.1547079 1.789558 2.964893 1.923412 -6.100774
10.57497 11.02787 10.81998 10.4622 9.951374 9.22829 8.381044 8.375432 8.428726 8.490794 8.582807 8.327879 7.182929 5.335496 2.272661 -.8641747 -3.117222 -1.307005 -.8619666 -3.144714 -8.348612 -16.50417 -16.82736 -14.32999 -13.90307 -14.77233 -15.40158 -9.9614 -5.274427 -2.630605 -1.503125 -4.797972 -9.540483 -9.771532 -8.271721 -6.426407 -8.848698 -14.44278 -13.36624 -10.53922 -8.280313 -6.717513 -4.740537 -2.42571 -1.209469 -.6673696 -1.423096 -2.472194 -3.056509 -3.134865 -3.695617 -4.75748 -4.968112 -1.805879 -.3368734 -2.682854 -.9001762 -.5102568 2.028059 5.324722 4.011769
11.64081 10.9115 10.56528 10.27137 10.42291 9.725858 8.284259 8.121884 8.749076 9.025265 8.713101 8.467686 8.273827 6.267288 2.121701 -3.692072 -6.956188 -5.744373 -4.201509 -5.753576 -8.708499 -15.34171 -16.74678 -14.95397 -13.93077 -13.82575 -9.380526 -3.334284 -1.547469 -2.54243 -5.854142 -9.195237 -14.73704 -17.1886 -13.4301 -9.654692 -9.647102 -14.07153 -12.69035 -9.250264 -6.008877 -4.153999 -3.067578 -2.124672 -1.954003 -2.894689 -1.439137 -1.269036 -.5809785 -.7120533 -2.433745 1.302939 2.658486 -2.887228 -6.110115 -4.660482 -7.252227 -5.06483 -2.39902 -.3405069 5.164205
12.00993 11.10349 10.37499 9.631436 10.46517 10.19342 9.041068 8.351877 8.526852 8.654922 8.31362 7.934206 7.748149 6.0295 2.013611 -3.162002 -8.139517 -9.884181 -8.085154 -8.061771 -9.979543 -14.46992 -17.01786 -15.7694 -11.69021 -8.413503 -2.858213 -.3688758 -2.494407 -7.122708 -11.42952 -13.75867 -19.26251 -21.2224 -17.74602 -13.82859 -13.37743 -11.30536 -9.194679 -6.910409 -4.872059 -2.334537 -1.780491 -1.661456 -1.180161 -.7652811 .5655432 1.128829 4.432959 .9970447 4.318355 6.252962 4.7236 .0157564 -7.052476 -10.78207 -10.67642 -13.36314 -12.1335 -4.198956 1.169538
13.54134 11.91105 10.21852 9.37492 9.44636 9.902874 9.922673 9.046699 8.217991 7.900646 7.125087 6.414721 5.024494 3.500818 1.363694 -1.325644 -6.943861 -11.81817 -10.96733 -10.40625 -10.79943 -14.61624 -15.85243 -14.46416 -8.556956 -2.201144 .1493552 -3.315964 -6.855348 -11.3185 -14.09339 -15.20756 -16.7085 -20.00392 -19.87548 -17.00227 -12.78524 -10.33891 -8.430064 -4.575973 -1.774591 -.48571 -1.123764 .6173462 -.4352067 2.172628 4.312829 6.887423 6.259135 6.197086 3.248645 3.121008 1.547913 -2.953882 -6.437231 -9.306431 -10.6907 -14.66651 -13.11378 -14.88101 -13.92735
13.94228 12.09216 10.54404 9.515567 8.185492 8.587658 10.20698 9.380641 7.956813 7.147673 5.214341 3.800239 1.888703 -.3184724 -.6550149 -1.424326 -5.614751 -10.84351 -12.01818 -11.08248 -11.72159 -14.74647 -14.70866 -8.868779 -1.484621 .4478916 -4.839154 -9.953684 -11.1499 -12.04775 -13.16894 -13.76535 -15.86354 -16.77099 -16.46673 -15.67512 -12.60767 -9.93325 -8.428168 -5.246091 -.1666731 2.758701 1.616777 .9071156 -.7488967 3.634076 8.971745 13.01607 9.052295 6.040909 1.833739 -3.224958 -7.029038 -7.383031 -8.959779 -11.25923 -12.26952 -13.8938 -17.91077 -20.46248 -22.44422
12.62831 12.1939 11.76783 10.39494 8.05458 6.403176 8.553893 9.327726 7.858049 6.324203 3.865067 1.148822 -.929534 -3.187136 -3.810231 -4.06919 -6.203444 -8.660576 -10.92967 -11.44545 -11.78403 -11.77732 -9.777663 -2.768151 -.4959451 -3.129869 -9.823875 -13.74702 -13.07992 -11.47519 -10.52707 -10.74703 -13.30132 -16.05538 -14.3988 -12.63182 -10.59499 -7.537289 -7.413887 -2.565144 2.616881 4.208357 3.857413 -1.368495 -1.601128 -1.174873 9.282036 15.20646 9.113103 3.678091 -1.625301 -6.340207 -9.920564 -11.87018 -12.24502 -13.71573 -14.99867 -16.47994 -20.01236 -24.35594 -28.31257
11.46544 12.39516 12.71231 11.11042 7.635399 4.343713 5.813219 7.76481 7.677479 5.130129 3.370773 -.5595473 -3.311636 -5.178944 -6.709078 -6.931849 -7.632765 -8.084533 -9.521695 -9.500643 -8.741045 -8.055173 -4.433701 -2.215173 -4.603443 -8.77911 -12.61136 -13.67255 -12.35185 -9.466312 -7.494734 -8.218579 -11.42795 -13.092 -12.18368 -9.696223 -7.123582 -4.23021 -.3128751 1.549787 3.030914 2.718647 1.632365 -3.121709 -4.190828 -.7258379 7.381547 7.317407 6.509736 4.296692 -.852611 -6.754144 -11.63857 -14.3162 -15.87165 -14.86361 -16.25057 -16.92238 -19.4963 -20.81132 -20.51667
10.38805 12.35999 12.95192 10.83355 6.82926 3.601972 2.964063 4.196197 5.087039 3.382379 1.455935 -.5885367 -4.6898 -7.322927 -8.619773 -8.670933 -8.814031 -8.369777 -7.289953 -6.343346 -5.303125 -3.463611 -3.184165 -4.659264 -8.164183 -10.42493 -11.01782 -11.56475 -9.306891 -7.614163 -7.213699 -8.283823 -10.33379 -11.01754 -10.19689 -7.027087 -4.766436 -1.121747 4.326854 6.766474 1.895281 -2.720006 -6.197642 -5.336104 -3.216786 -.9244925 1.902402 2.22867 4.437782 4.46435 .9716832 -5.401487 -11.58429 -14.99893 -16.02137 -14.18164 -14.59776 -15.36258 -16.20148 -17.94703 -34.69292
6.415996 10.26595 11.33103 9.532619 7.051268 5.652832 2.805025 .2714614 1.308926 1.097396 -.6048273 -1.904885 -6.045618 -9.464379 -10.97714 -10.5968 -8.729333 -7.792579 -6.325766 -4.555189 -3.121702 -3.147126 -3.683749 -6.312343 -7.858367 -7.10148 -6.26415 -5.684172 -5.935382 -7.160689 -8.956056 -10.40748 -10.39932 -8.653432 -6.788722 -4.859102 -1.669277 2.052659 5.118906 3.548668 -1.843298 -5.127425 -6.302547 -4.792362 .8632216 -3.246916 -8.215517 -6.182997 1.141219 3.512121 1.863087 -3.165819 -8.549178 -12.85005 -13.47261 -15.11217 -16.47196 -17.31665 -16.25097 -17.47691 -38.87657
.3309177 2.751484 6.376693 8.164443 8.141516 7.537765 2.742283 -1.221672 -1.491098 -1.839757 -3.343835 -4.971275 -8.400478 -11.50598 -14.3359 -13.77754 -10.43217 -7.089624 -6.100188 -4.562796 -3.835744 -3.979061 -3.618694 -3.412849 -2.613047 -2.291258 -1.576259 -1.781573 -4.225665 -6.456185 -9.629866 -10.03317 -9.715145 -7.47826 -4.50152 -1.755728 2.730153 7.474405 4.378284 .428948 -2.259851 -4.749912 -4.704475 -3.164795 -.3955207 -5.552436 -16.92631 -19.21014 -6.264336 .2946969 1.023977 -.4405175 -4.84323 -8.991872 -11.64137 -15.7137 -18.3207 -18.19669 -16.04855 -14.96497 -27.66674
-1.737172 -3.239241 -1.393743 3.661938 7.727669 7.720129 2.518651 -2.681684 -3.500879 -4.205462 -5.649574 -8.397653 -10.85797 -13.85663 -16.00143 -17.92995 -12.97824 -8.028094 -6.317507 -4.445569 -4.714835 -4.432354 -3.89584 .9281274 3.528654 3.953153 1.93538 .3042773 -2.837378 -6.31651 -8.502324 -8.611841 -7.473542 -6.763734 -3.3458 2.76035 10.29731 9.736778 3.70133 -1.476953 -3.303253 -1.956684 -3.034232 -4.106099 -5.869636 -9.732615 -17.9209 -26.98805 -19.20761 -6.543157 -2.69693 -2.016757 -1.570371 -7.579605 -11.20429 -13.55005 -15.90731 -15.81075 -13.16597 -12.73636 -18.52451
.748915 -3.515465 -4.036467 -2.237368 2.970932 5.124883 2.421374 -2.928415 -6.288892 -6.981701 -7.634517 -9.901718 -12.93958 -16.00421 -17.35075 -20.57255 -19.66521 -11.43438 -5.230716 -4.259584 -3.076874 -3.699051 -1.390537 2.575476 5.357722 5.397718 4.681117 2.264961 -1.430929 -4.066195 -4.913704 -4.654091 -4.250879 -2.398949 1.476004 6.947309 12.58231 12.1883 4.646355 -.4392818 -2.686059 -2.629138 -5.051434 -9.746186 -13.5501 -14.60242 -16.54219 -25.92859 -26.86972 -15.40924 -8.110497 -5.665785 -6.105464 -7.760289 -9.499695 -7.020524 -5.959753 -5.423053 -5.179935 -6.596071 -13.4858
