py_wake/examples/data/AJ_ParqueFicticio/Rough survey   Sector 12   Height 200m   Weibull-A.grd
DSAA
73  159
 258469   265669
 6501692   6517492
 4.983591   9.521681
[rows 112 to 139 of 159, columns 0 to 62 of 73]
8.826275 8.726518 8.585868 8.437855 8.270617 8.086797 7.975452 7.921772 7.908177 7.860697 7.803819 7.765351 7.678817 7.565629 7.434129 7.264225 7.096488 6.972373 6.82871 6.738614 6.914599 7.209988 7.510267 7.803811 8.058781 8.258354 8.46014 8.68041 8.927624 9.122663 9.266581 9.311243 9.234707 9.071322 8.835028 8.581168 8.367622 8.240438 8.178101 8.125994 8.065178 7.96616 7.844074 7.697654 7.530228 7.354944 7.215069 7.126139 7.121364 7.25141 7.424432 7.57826 7.678587 7.716802 7.730872 7.697527 7.650535 7.573705 7.446762 7.255273 7.010435 6.794265 6.664159
9.120399 9.000127 8.861734 8.712867 8.55981 8.379388 8.21553 8.17255 8.10943 8.050674 7.997689 7.950789 7.864319 7.751323 7.618567 7.47402 7.347707 7.201316 7.009616 6.84018 6.860058 6.998868 7.245586 7.546952 7.833756 8.080326 8.284937 8.488292 8.729427 8.954008 9.140242 9.325371 9.448159 9.426415 9.277292 9.041975 8.776981 8.567732 8.456356 8.395271 8.367117 8.298575 8.167888 7.984369 7.758881 7.524768 7.317449 7.160827 7.065457 7.073286 7.187884 7.341699 7.470745 7.577267 7.618732 7.63015 7.614011 7.569309 7.496199 7.341215 7.099141 6.841176 6.641862
9.360482 9.229513 9.092441 8.958957 8.794787 8.640279 8.490917 8.393037 8.324547 8.252797 8.201072 8.153681 8.062483 7.947079 7.818213 7.757208 7.628882 7.491646 7.298717 7.144029 7.031787 6.99958 7.067212 7.275176 7.573112 7.840739 8.084643 8.309643 8.527713 8.739241 8.937602 9.159625 9.374914 9.499973 9.521681 9.409905 9.18059 8.945104 8.794124 8.734949 8.743286 8.702896 8.580767 8.382702 8.112042 7.828432 7.563064 7.338824 7.182204 7.087442 7.109503 7.209993 7.326612 7.453908 7.521582 7.547794 7.557776 7.539287 7.506885 7.41555 7.249547 6.997802 6.747609
9.387458 9.307467 9.203318 9.069277 8.926217 8.761137 8.630816 8.543046 8.484956 8.424776 8.380023 8.344624 8.273056 8.178125 8.193209 8.142201 8.046699 7.941308 7.79671 7.651813 7.477463 7.288415 7.130769 7.131277 7.304263 7.554723 7.832571 8.088623 8.30906 8.480536 8.674309 8.892685 9.112067 9.299497 9.433883 9.471916 9.380677 9.210883 9.065325 9.033747 9.066483 9.079876 9.006742 8.830868 8.556729 8.24136 7.910024 7.626861 7.41522 7.276852 7.21614 7.22169 7.286366 7.371571 7.442411 7.484042 7.486339 7.49437 7.473735 7.433371 7.3251 7.13206 6.902397
9.1172 9.10604 9.0432 8.961475 8.831051 8.71497 8.623588 8.580703 8.548085 8.518223 8.510427 8.497004 8.496772 8.585447 8.580982 8.516204 8.443686 8.384466 8.311184 8.190772 8.013572 7.758592 7.476728 7.231528 7.171103 7.347689 7.60606 7.862571 8.067619 8.249571 8.433997 8.612235 8.815363 9.009567 9.177503 9.281127 9.283715 9.210139 9.115622 9.076326 9.127455 9.203135 9.215612 9.10863 8.898695 8.598959 8.273785 7.952668 7.69036 7.504547 7.393548 7.338081 7.332266 7.356748 7.393424 7.41926 7.426815 7.425223 7.416098 7.389854 7.3272 7.190236 7.012572
8.557117 8.586995 8.596992 8.558328 8.546031 8.542687 8.523599 8.509292 8.491676 8.501534 8.520059 8.544832 8.716942 8.822125 8.83544 8.758195 8.657413 8.592276 8.539336 8.458973 8.335689 8.1605 7.882262 7.557756 7.303216 7.266659 7.457448 7.699093 7.907243 8.087826 8.244093 8.392941 8.587009 8.762939 8.904395 8.980674 8.963757 8.864144 8.772086 8.763174 8.84278 8.959796 9.044755 9.024753 8.912423 8.723865 8.464103 8.175545 7.910467 7.69987 7.555567 7.475255 7.423759 7.40192 7.390514 7.384763 7.383379 7.356071 7.325127 7.300584 7.267123 7.173933 7.023569
7.947637 8.034756 8.118545 8.186622 8.262188 8.307714 8.336877 8.338189 8.357924 8.365135 8.369164 8.410237 8.631921 8.75962 8.805307 8.74675 8.607013 8.476147 8.417401 8.360168 8.305892 8.217424 8.083856 7.850024 7.563778 7.367684 7.383289 7.55281 7.77894 7.952042 8.084058 8.195336 8.35758 8.480713 8.552411 8.553904 8.468101 8.320736 8.208255 8.204798 8.29961 8.456361 8.597965 8.644497 8.609429 8.523354 8.385934 8.188507 7.987626 7.792849 7.660935 7.567127 7.511173 7.476826 7.441465 7.41749 7.384978 7.346932 7.280875 7.20448 7.142928 7.069214 6.935821
7.539882 7.645823 7.75652 7.881171 7.972256 8.052518 8.10865 8.176101 8.228773 8.220948 8.181161 8.199158 8.261276 8.39693 8.469438 8.475597 8.369662 8.234473 8.115413 8.03206 7.995241 7.957352 7.94899 7.906018 7.747193 7.570459 7.459563 7.476627 7.629954 7.795896 7.908244 8.002539 8.09674 8.152887 8.162797 8.088723 8.051003 8.03273 7.864714 7.704138 7.766963 7.913307 8.088303 8.206136 8.220317 8.185901 8.130301 8.036908 7.90595 7.764736 7.652355 7.58072 7.544994 7.519385 7.494365 7.466783 7.420808 7.370357 7.296484 7.195744 7.072053 6.967998 6.854773
7.387948 7.455576 7.558629 7.650044 7.741303 7.824777 7.910407 8.011677 8.112138 8.148835 8.120252 8.030992 7.957509 7.936303 7.993109 8.072456 8.095912 8.016856 7.874783 7.787299 7.699059 7.653588 7.647283 7.706151 7.727261 7.656128 7.532525 7.442316 7.466691 7.582252 7.696355 7.786598 7.862284 7.860138 7.812639 7.746131 7.833046 7.872791 7.764029 7.583055 7.51015 7.551485 7.682944 7.840639 7.916012 7.914974 7.896864 7.840587 7.762392 7.675485 7.580125 7.517502 7.505594 7.497355 7.481363 7.451735 7.411556 7.348462 7.288122 7.199271 7.076242 6.957715 6.85724
7.469143 7.476407 7.489936 7.530991 7.582087 7.657856 7.740795 7.840281 7.955652 8.11051 8.15548 8.049515 7.888306 7.759913 7.735528 7.789023 7.860497 7.873172 7.827066 7.67937 7.562882 7.470205 7.402411 7.421159 7.487327 7.527095 7.480624 7.38139 7.31865 7.36973 7.475602 7.588611 7.650086 7.643329 7.561628 7.60083 7.697687 7.762673 7.734233 7.610401 7.507072 7.444648 7.458249 7.570881 7.677836 7.749769 7.767901 7.749142 7.693876 7.620242 7.532863 7.468725 7.427142 7.420765 7.405992 7.392163 7.346646 7.296818 7.241698 7.183054 7.11432 7.024305 6.974992
7.640864 7.585646 7.528516 7.499884 7.509052 7.536616 7.60142 7.673658 7.803358 7.996078 8.177433 8.184493 8.046044 7.872072 7.713722 7.642975 7.660869 7.706452 7.69615 7.631262 7.488077 7.379393 7.272648 7.214968 7.232722 7.287813 7.320726 7.298878 7.226099 7.212429 7.300519 7.425907 7.50822 7.530429 7.446148 7.544343 7.633943 7.662131 7.672143 7.613048 7.560673 7.477134 7.390611 7.381199 7.460104 7.575953 7.646449 7.688907 7.668434 7.610315 7.548001 7.460388 7.396138 7.343767 7.313428 7.2762 7.239083 7.217616 7.198309 7.189776 7.181686 7.160157 7.146195
7.832909 7.750196 7.643085 7.563149 7.506519 7.481189 7.473003 7.498762 7.585524 7.778243 8.050498 8.214272 8.233255 8.123812 7.956455 7.805221 7.743667 7.68558 7.640122 7.580667 7.488306 7.367826 7.280675 7.20377 7.167271 7.155665 7.135149 7.133572 7.122709 7.114799 7.180688 7.323597 7.430692 7.458647 7.42335 7.524351 7.58045 7.584015 7.570249 7.521039 7.509382 7.494621 7.394678 7.31429 7.315522 7.382502 7.47937 7.551146 7.605341 7.604819 7.573341 7.503538 7.429374 7.335807 7.246611 7.16961 7.112543 7.109135 7.133974 7.18644 7.244762 7.26523 7.251634
7.933365 7.882932 7.786967 7.681522 7.583966 7.495379 7.378391 7.329563 7.326038 7.461286 7.751984 8.022571 8.204366 8.254192 8.20645 8.133507 8.044825 7.960741 7.875339 7.784431 7.711493 7.652997 7.551902 7.435361 7.339281 7.231981 7.128635 7.047857 6.998188 7.003817 7.070165 7.226768 7.353119 7.366135 7.380185 7.4864 7.532534 7.527648 7.475021 7.397712 7.369426 7.418916 7.403458 7.332704 7.28515 7.290325 7.301386 7.357852 7.423007 7.513706 7.538701 7.504613 7.44384 7.345635 7.244953 7.134225 7.043738 7.020787 7.041628 7.117752 7.212585 7.267631 7.284627
7.879234 7.912941 7.882464 7.78939 7.679559 7.551718 7.410596 7.250028 7.127193 7.156003 7.379926 7.669469 7.942987 8.126608 8.220977 8.281012 8.330814 8.35851 8.34396 8.290354 8.231396 8.149618 8.00983 7.84039 7.654776 7.4822 7.349368 7.205752 7.088021 7.008477 7.004171 7.103415 7.192726 7.202238 7.283547 7.414349 7.476271 7.474632 7.414394 7.333366 7.263827 7.29475 7.305835 7.304506 7.286502 7.261587 7.239814 7.213227 7.216847 7.297832 7.374027 7.409461 7.37901 7.297376 7.20081 7.088226 7.003324 6.968404 6.959713 6.9843 7.086398 7.193696 7.247618
7.753007 7.840707 7.870828 7.842063 7.767831 7.683281 7.524273 7.31137 7.094466 6.965606 7.04537 7.27578 7.573545 7.831281 7.978631 8.044372 8.171079 8.355342 8.497303 8.562022 8.545558 8.477674 8.361236 8.186859 7.967845 7.770508 7.598361 7.441129 7.271529 7.108346 6.998047 6.98524 7.012925 6.978951 7.14923 7.312211 7.410833 7.426892 7.362382 7.274494 7.202507 7.184783 7.169558 7.170496 7.178275 7.18898 7.176813 7.144602 7.115676 7.09176 7.169218 7.235335 7.265237 7.233056 7.142417 7.067131 7.006129 6.958329 6.904083 6.877994 6.943708 7.052432 7.138327
7.564628 7.697351 7.798079 7.849935 7.839367 7.783456 7.668588 7.471073 7.213804 6.967105 6.857481 6.95835 7.21873 7.475768 7.668035 7.766376 7.804631 7.970641 8.192883 8.362982 8.43996 8.455692 8.418954 8.325722 8.132917 7.897551 7.677244 7.4848 7.321818 7.138009 6.971358 6.876137 6.856005 6.822228 7.011233 7.180077 7.301125 7.351827 7.308038 7.206744 7.122768 7.062937 7.045261 7.028459 7.040948 7.055392 7.08631 7.107191 7.108168 7.074168 7.101975 7.173322 7.248415 7.279178 7.237487 7.181135 7.114642 7.032313 6.925579 6.823988 6.810402 6.882046 6.961084
7.291145 7.482443 7.650506 7.783681 7.82588 7.82591 7.755908 7.589299 7.345475 7.072786 6.850704 6.796063 6.925406 7.164485 7.402812 7.536237 7.531453 7.565619 7.68961 7.89501 8.065536 8.18831 8.231352 8.212438 8.073091 7.82414 7.549001 7.305037 7.140358 6.995421 6.833861 6.711873 6.64627 6.662231 6.838138 7.00396 7.138335 7.214758 7.210409 7.132842 7.039104 6.9667 6.930158 6.90522 6.923048 6.945467 6.990899 7.0515 7.143284 7.182181 7.210783 7.261837 7.363405 7.444291 7.461257 7.430273 7.358393 7.232895 7.033845 6.830841 6.724181 6.725314 6.782015
7.015947 7.222616 7.458725 7.63468 7.762341 7.816289 7.782724 7.643131 7.420983 7.158215 6.92288 6.754353 6.737227 6.916397 7.182934 7.377294 7.389817 7.331941 7.356816 7.45514 7.616462 7.818682 7.931623 7.969601 7.92521 7.72789 7.449536 7.206039 6.948377 6.782097 6.631763 6.466163 6.335067 6.435447 6.606445 6.793156 6.938622 7.05628 7.107447 7.069253 7.003116 6.927685 6.872639 6.829214 6.81121 6.857725 6.921455 7.000453 7.112662 7.222327 7.296334 7.362488 7.464413 7.576315 7.652179 7.649459 7.593103 7.466491 7.243243 6.977682 6.75165 6.663721 6.700835
6.875663 7.039668 7.260831 7.452144 7.62849 7.777158 7.823994 7.719913 7.5244 7.292634 7.034388 6.810804 6.693781 6.760714 6.991411 7.234322 7.32439 7.263228 7.183063 7.201801 7.297497 7.463018 7.633513 7.729524 7.747171 7.658738 7.548903 7.335351 7.080622 6.788998 6.586682 6.329754 6.198946 6.237216 6.388094 6.583943 6.759364 6.930111 7.052701 7.080967 7.040528 6.96803 6.90255 6.835735 6.774245 6.775862 6.857334 6.948952 7.054002 7.179582 7.283731 7.366877 7.479912 7.609289 7.708973 7.749601 7.7296 7.651282 7.481816 7.240898 6.970225 6.764866 6.674834
6.85322 6.971362 7.12926 7.316401 7.496288 7.689037 7.852135 7.851676 7.731699 7.525974 7.260946 6.997447 6.801914 6.718582 6.846832 7.097278 7.279192 7.279605 7.186703 7.110407 7.121993 7.211615 7.366165 7.473187 7.534479 7.603881 7.63203 7.530967 7.327741 7.08598 6.863657 6.553061 6.318318 6.218151 6.272048 6.437264 6.627567 6.837677 7.017253 7.110814 7.122583 7.077975 7.030927 6.969 6.893 6.842797 6.853183 6.909213 6.992163 7.095981 7.195062 7.296371 7.419951 7.56483 7.687745 7.764914 7.796964 7.7927 7.72551 7.535643 7.235797 6.947115 6.749058
6.874304 6.900356 7.032173 7.214131 7.376 7.569318 7.777118 7.892497 7.871855 7.703098 7.478241 7.212249 6.963013 6.788863 6.775313 6.961408 7.184716 7.2811 7.234228 7.130361 7.064045 7.085452 7.175984 7.255077 7.344906 7.4863 7.594585 7.618799 7.475249 7.34367 7.208225 6.958971 6.674768 6.488848 6.376481 6.403117 6.552252 6.739554 6.919418 7.07141 7.143432 7.158473 7.132871 7.098713 7.045849 7.007269 6.956356 6.932298 6.952703 6.994348 7.063563 7.140177 7.279733 7.450679 7.599485 7.722919 7.801412 7.843642 7.850424 7.736599 7.497421 7.204511 6.949283
6.92189 6.867925 6.937345 7.098767 7.25282 7.444638 7.67021 7.82793 7.895765 7.8012 7.609071 7.355833 7.093805 6.875929 6.756264 6.829681 7.025288 7.158798 7.203949 7.151831 7.06915 7.032554 7.052311 7.089751 7.195915 7.318915 7.429933 7.47383 7.432252 7.341343 7.31469 7.209029 7.025243 6.814018 6.641486 6.538325 6.537754 6.628999 6.776932 6.940199 7.044572 7.085446 7.103871 7.111757 7.10181 7.069823 7.039377 6.996522 6.953892 6.917502 6.912246 6.939751 7.028244 7.211553 7.412974 7.578391 7.71656 7.828303 7.898589 7.880538 7.719862 7.474935 7.197889
7.046619 6.913332 6.898331 7.004606 7.153133 7.353601 7.567234 7.757379 7.894893 7.902729 7.777258 7.538208 7.256959 6.991821 6.792033 6.740422 6.847925 6.981811 7.081642 7.101449 7.057454 7.004302 6.976546 6.998126 7.068392 7.147281 7.236006 7.28127 7.274589 7.230751 7.163871 7.137319 7.072452 6.981026 6.840986 6.697961 6.599425 6.592947 6.669051 6.79928 6.918515 6.964805 6.98848 7.008285 7.005396 6.989953 7.013482 6.993576 6.948661 6.855513 6.783736 6.759048 6.780499 6.907293 7.133955 7.344342 7.530816 7.704425 7.842494 7.915073 7.875565 7.711861 7.478897
7.238866 7.059327 6.954599 6.987173 7.131851 7.288167 7.440603 7.601166 7.76268 7.860743 7.857371 7.720151 7.481454 7.203519 6.942656 6.76747 6.758299 6.836725 6.934834 7.000948 7.009454 6.983536 6.953766 6.962605 7.011327 7.063585 7.108405 7.108944 7.115234 7.104145 7.049936 6.984659 6.949715 6.936877 6.882111 6.770504 6.673078 6.610564 6.618968 6.707667 6.810386 6.875259 6.884778 6.887822 6.890494 6.866034 6.885201 6.896148 6.879794 6.791512 6.692898 6.632661 6.602966 6.650991 6.821174 7.037461 7.258545 7.473639 7.669831 7.816898 7.888313 7.839081 7.675904
7.417872 7.243841 7.082421 7.036536 7.121746 7.233381 7.303707 7.389577 7.511844 7.629989 7.711294 7.720675 7.611715 7.424364 7.189445 6.963581 6.81493 6.777002 6.82849 6.879446 6.915854 6.942517 6.939633 6.96964 7.027655 7.077193 7.08026 7.006959 6.976112 6.967671 6.963809 6.922418 6.860516 6.835884 6.82052 6.765678 6.697551 6.644369 6.621962 6.669541 6.767258 6.835291 6.844976 6.829953 6.815822 6.795578 6.80278 6.851149 6.848829 6.7936 6.693572 6.584341 6.508521 6.479224 6.546843 6.703658 6.914186 7.142832 7.390139 7.610067 7.766615 7.813263 7.750837
7.485263 7.350624 7.190844 7.082846 7.109034 7.173697 7.205209 7.245007 7.30111 7.358987 7.433015 7.510712 7.538277 7.46841 7.344485 7.162457 6.980846 6.85261 6.797037 6.793595 6.816431 6.856435 6.880161 6.951275 7.037547 7.105265 7.095652 6.984566 6.891383 6.838815 6.844013 6.850772 6.820172 6.772751 6.745748 6.725915 6.693697 6.653401 6.619374 6.651631 6.749191 6.821307 6.853376 6.853237 6.833668 6.808324 6.851533 6.938676 6.95713 6.909294 6.778034 6.616599 6.470367 6.375983 6.352052 6.396574 6.535391 6.733092 6.990037 7.263076 7.509541 7.662237 7.70728
7.421054 7.349875 7.240145 7.117728 7.09331 7.129953 7.15547 7.188938 7.20991 7.20399 7.200913 7.253294 7.320073 7.334175 7.30572 7.255105 7.133205 7.000367 6.888002 6.795739 6.750535 6.770401 6.791584 6.87567 7.000407 7.092479 7.095794 6.99349 6.872109 6.771993 6.74508 6.767943 6.792469 6.776888 6.745012 6.706821 6.677228 6.637311 6.600088 6.602959 6.688264 6.771396 6.817422 6.842795 6.863119 6.854819 6.919731 6.980076 7.000224 6.968319 6.869708 6.723542 6.54152 6.380411 6.28593 6.236776 6.248705 6.350535 6.543711 6.816074 7.120515 7.371885 7.539352
7.308008 7.281001 7.222136 7.128769 7.099473 7.115654 7.150193 7.173793 7.20452 7.208623 7.153778 7.108571 7.129408 7.159537 7.171084 7.193149 7.170713 7.110521 7.046855 6.922077 6.795126 6.730132 6.732128 6.814629 6.929265 7.045308 7.084154 7.014018 6.891582 6.779849 6.715688 6.706227 6.745446 6.773619 6.756649 6.730742 6.689973 6.643722 6.597187 6.570576 6.613339 6.676841 6.741457 6.784272 6.816451 6.822687 6.857433 6.901278 6.944665 6.9442 6.918065 6.862284 6.739083 6.566086 6.400733 6.256272 6.162777 6.129902 6.198378 6.398925 6.686522 6.997911 7.23896
