py_wake/examples/data/AJ_ParqueFicticio/Rough survey   Sector 8   Height 30m   Weibull-k.grd
DSAA
73  159
 258469   265669
 6501692   6517492
 .9746094   2.455078
[rows 0 to 27 of 159, columns 0 to 62 of 73]
2.408203 2.408203 2.404297 2.404297 2.404297 2.400391 2.400391 2.396484 2.396484 2.392578 2.388672 2.384766 2.380859 2.380859 2.380859 2.380859 2.384766 2.384766 2.384766 2.384766 2.384766 2.380859 2.380859 2.373047 2.341797 2.287109 2.341797 2.322266 2.322266 2.330078 2.326172 2.314453 2.322266 2.341797 2.357422 2.357422 2.345703 2.326172 2.330078 2.330078 2.326172 2.322266 2.322266 2.310547 2.310547 2.318359 2.322266 2.318359 2.322266 2.318359 2.318359 2.318359 2.314453 2.314453 2.310547 2.298828 2.294922 2.291016 2.291016 2.287109 2.287109 2.291016 2.291016
2.404297 2.400391 2.404297 2.404297 2.400391 2.400391 2.396484 2.396484 2.392578 2.392578 2.392578 2.388672 2.384766 2.380859 2.380859 2.380859 2.384766 2.384766 2.384766 2.384766 2.392578 2.384766 2.380859 2.373047 2.373047 2.353516 2.330078 2.294922 2.310547 2.318359 2.314453 2.314453 2.314453 2.330078 2.353516 2.353516 2.349609 2.341797 2.341797 2.341797 2.337891 2.337891 2.337891 2.326172 2.310547 2.318359 2.322266 2.326172 2.322266 2.322266 2.322266 2.318359 2.318359 2.310547 2.306641 2.294922 2.291016 2.287109 2.287109 2.283203 2.283203 2.283203 2.283203
2.408203 2.388672 2.400391 2.400391 2.400391 2.400391 2.396484 2.396484 2.392578 2.392578 2.392578 2.392578 2.384766 2.380859 2.376953 2.380859 2.380859 2.384766 2.384766 2.388672 2.388672 2.384766 2.380859 2.380859 2.365234 2.337891 2.333984 2.314453 2.302734 2.306641 2.310547 2.306641 2.306641 2.318359 2.337891 2.357422 2.369141 2.357422 2.353516 2.353516 2.349609 2.345703 2.341797 2.337891 2.326172 2.318359 2.322266 2.330078 2.326172 2.330078 2.330078 2.326172 2.318359 2.310547 2.306641 2.298828 2.291016 2.283203 2.279297 2.275391 2.275391 2.275391 2.275391
2.416016 2.404297 2.396484 2.400391 2.400391 2.396484 2.396484 2.392578 2.388672 2.384766 2.388672 2.392578 2.388672 2.380859 2.373047 2.376953 2.376953 2.380859 2.384766 2.384766 2.388672 2.384766 2.376953 2.376953 2.369141 2.361328 2.341797 2.314453 2.302734 2.306641 2.310547 2.294922 2.291016 2.310547 2.318359 2.337891 2.365234 2.361328 2.361328 2.365234 2.353516 2.349609 2.341797 2.337891 2.337891 2.326172 2.330078 2.333984 2.330078 2.333984 2.337891 2.326172 2.318359 2.314453 2.306641 2.298828 2.287109 2.279297 2.271484 2.267578 2.263672 2.263672 2.267578
2.416016 2.416016 2.396484 2.392578 2.392578 2.396484 2.392578 2.388672 2.384766 2.384766 2.380859 2.384766 2.388672 2.380859 2.369141 2.373047 2.376953 2.376953 2.384766 2.388672 2.384766 2.376953 2.357422 2.357422 2.345703 2.357422 2.337891 2.318359 2.302734 2.298828 2.294922 2.287109 2.283203 2.294922 2.291016 2.287109 2.298828 2.318359 2.341797 2.357422 2.353516 2.349609 2.333984 2.330078 2.341797 2.341797 2.345703 2.337891 2.337891 2.333984 2.337891 2.330078 2.326172 2.322266 2.310547 2.298828 2.287109 2.271484 2.259766 2.251953 2.248047 2.251953 2.255859
2.416016 2.416016 2.412109 2.396484 2.380859 2.396484 2.392578 2.380859 2.376953 2.376953 2.376953 2.373047 2.384766 2.373047 2.369141 2.365234 2.369141 2.373047 2.388672 2.392578 2.388672 2.373047 2.353516 2.345703 2.333984 2.341797 2.330078 2.314453 2.302734 2.287109 2.271484 2.251953 2.275391 2.275391 2.275391 2.251953 2.193359 2.205078 2.287109 2.357422 2.357422 2.349609 2.318359 2.318359 2.326172 2.345703 2.345703 2.341797 2.337891 2.333984 2.337891 2.337891 2.337891 2.330078 2.318359 2.302734 2.283203 2.263672 2.244141 2.232422 2.224609 2.224609 2.232422
2.416016 2.412109 2.412109 2.412109 2.400391 2.388672 2.380859 2.384766 2.380859 2.380859 2.384766 2.376953 2.373047 2.369141 2.369141 2.365234 2.353516 2.361328 2.365234 2.384766 2.388672 2.376953 2.353516 2.345703 2.330078 2.337891 2.326172 2.314453 2.302734 2.291016 2.275391 2.263672 2.275391 2.291016 2.283203 2.275391 2.248047 2.208984 2.232422 2.341797 2.337891 2.306641 2.310547 2.322266 2.341797 2.345703 2.345703 2.333984 2.330078 2.330078 2.333984 2.337891 2.337891 2.337891 2.330078 2.306641 2.279297 2.251953 2.220703 2.193359 2.177734 2.185547 2.205078
2.416016 2.412109 2.412109 2.408203 2.404297 2.404297 2.388672 2.388672 2.384766 2.388672 2.388672 2.384766 2.376953 2.373047 2.376953 2.369141 2.349609 2.345703 2.345703 2.353516 2.361328 2.361328 2.349609 2.349609 2.349609 2.345703 2.330078 2.318359 2.310547 2.302734 2.302734 2.298828 2.294922 2.294922 2.283203 2.275391 2.271484 2.267578 2.275391 2.283203 2.255859 2.259766 2.291016 2.337891 2.345703 2.345703 2.341797 2.322266 2.326172 2.341797 2.337891 2.337891 2.337891 2.333984 2.333984 2.306641 2.271484 2.236328 2.185547 2.123047 2.123047 2.146484 2.177734
2.412109 2.412109 2.408203 2.408203 2.408203 2.404297 2.400391 2.396484 2.392578 2.392578 2.392578 2.388672 2.380859 2.384766 2.384766 2.373047 2.353516 2.318359 2.314453 2.302734 2.302734 2.322266 2.330078 2.353516 2.361328 2.361328 2.337891 2.322266 2.322266 2.318359 2.322266 2.314453 2.306641 2.294922 2.283203 2.271484 2.251953 2.255859 2.255859 2.216797 2.142578 2.166016 2.255859 2.345703 2.345703 2.318359 2.306641 2.314453 2.318359 2.330078 2.337891 2.337891 2.337891 2.333984 2.333984 2.298828 2.263672 2.220703 2.150391 2.083984 2.048828 2.076172 2.146484
2.412109 2.412109 2.408203 2.408203 2.404297 2.404297 2.388672 2.384766 2.392578 2.396484 2.396484 2.396484 2.388672 2.388672 2.388672 2.388672 2.365234 2.333984 2.291016 2.255859 2.240234 2.224609 2.228516 2.232422 2.318359 2.361328 2.353516 2.341797 2.341797 2.337891 2.333984 2.330078 2.318359 2.306641 2.294922 2.294922 2.271484 2.220703 2.212891 2.173828 2.029297 1.873047 2.005859 2.201172 2.263672 2.251953 2.283203 2.314453 2.314453 2.314453 2.326172 2.337891 2.337891 2.326172 2.279297 2.283203 2.259766 2.220703 2.154297 2.119141 2.091797 2.080078 2.220703
2.412109 2.408203 2.408203 2.404297 2.400391 2.400391 2.400391 2.392578 2.392578 2.392578 2.396484 2.396484 2.384766 2.392578 2.388672 2.388672 2.384766 2.345703 2.322266 2.279297 2.208984 2.193359 2.154297 2.146484 2.134766 2.255859 2.322266 2.353516 2.345703 2.345703 2.349609 2.341797 2.330078 2.322266 2.318359 2.306641 2.279297 2.244141 2.189453 2.169922 2.130859 2.083984 2.072266 2.025391 1.876953 2.056641 2.162109 2.251953 2.291016 2.302734 2.306641 2.337891 2.337891 2.236328 2.208984 2.248047 2.271484 2.248047 2.244141 2.228516 2.228516 2.244141 2.255859
2.408203 2.404297 2.404297 2.400391 2.404297 2.400391 2.400391 2.400391 2.396484 2.392578 2.396484 2.392578 2.373047 2.376953 2.388672 2.388672 2.384766 2.384766 2.341797 2.318359 2.263672 2.173828 2.095703 2.130859 2.154297 2.138672 2.291016 2.345703 2.341797 2.357422 2.357422 2.353516 2.345703 2.333984 2.333984 2.318359 2.291016 2.263672 2.208984 2.185547 2.169922 2.158203 2.123047 2.056641 1.904297 1.904297 2.021484 2.041016 2.142578 2.189453 2.173828 2.279297 2.236328 2.169922 2.130859 2.177734 2.212891 2.263672 2.283203 2.314453 2.322266 2.326172 2.263672
2.404297 2.404297 2.404297 2.400391 2.404297 2.400391 2.400391 2.396484 2.400391 2.396484 2.392578 2.392578 2.392578 2.373047 2.376953 2.373047 2.369141 2.384766 2.380859 2.369141 2.314453 2.255859 2.146484 2.150391 2.166016 2.173828 2.154297 2.259766 2.337891 2.361328 2.361328 2.353516 2.349609 2.341797 2.337891 2.326172 2.298828 2.279297 2.251953 2.201172 2.181641 2.181641 2.154297 2.064453 1.939453 1.994141 2.037109 2.103516 2.126953 2.130859 2.072266 1.955078 1.998047 1.994141 2.001953 1.974609 2.005859 2.033203 2.126953 2.232422 2.306641 2.314453 2.181641
2.404297 2.404297 2.404297 2.404297 2.400391 2.400391 2.400391 2.396484 2.404297 2.404297 2.392578 2.392578 2.392578 2.388672 2.384766 2.361328 2.361328 2.373047 2.380859 2.380859 2.380859 2.330078 2.205078 2.173828 2.189453 2.197266 2.205078 2.224609 2.294922 2.333984 2.341797 2.345703 2.345703 2.341797 2.326172 2.314453 2.298828 2.287109 2.279297 2.255859 2.205078 2.173828 2.162109 2.060547 1.931641 1.935547 1.974609 1.986328 2.041016 1.994141 1.908203 1.751953 1.431641 1.322266 1.216797 1.326172 2.333984 2.333984 2.333984 2.087891 1.662109 1.779297 1.880859
2.404297 2.404297 2.404297 2.404297 2.400391 2.400391 2.396484 2.396484 2.400391 2.400391 2.388672 2.392578 2.392578 2.388672 2.384766 2.384766 2.384766 2.384766 2.380859 2.380859 2.380859 2.373047 2.333984 2.236328 2.189453 2.212891 2.232422 2.263672 2.291016 2.314453 2.330078 2.337891 2.345703 2.341797 2.322266 2.287109 2.287109 2.287109 2.298828 2.302734 2.271484 2.216797 2.154297 2.076172 2.056641 2.005859 2.060547 2.009766 1.865234 1.798828 1.771484 1.673828 1.400391 1.009766 1.322266 2.123047 2.333984 2.333984 2.333984 2.228516 2.228516 2.228516 1.501953
2.404297 2.404297 2.404297 2.400391 2.400391 2.396484 2.396484 2.396484 2.392578 2.392578 2.388672 2.388672 2.388672 2.388672 2.384766 2.384766 2.380859 2.380859 2.380859 2.380859 2.380859 2.376953 2.376953 2.365234 2.283203 2.189453 2.236328 2.271484 2.294922 2.314453 2.326172 2.333984 2.353516 2.361328 2.326172 2.208984 2.197266 2.267578 2.302734 2.349609 2.333984 2.275391 2.185547 2.130859 2.146484 2.166016 2.111328 2.041016 1.888672 1.697266 1.705078 1.716797 1.669922 1.685547 2.029297 2.333984 2.333984 1.599609 1.412109 1.212891 2.228516 2.228516 2.228516
2.400391 2.404297 2.400391 2.400391 2.400391 2.396484 2.396484 2.392578 2.392578 2.392578 2.392578 2.388672 2.384766 2.384766 2.384766 2.384766 2.380859 2.380859 2.380859 2.380859 2.380859 2.376953 2.376953 2.373047 2.373047 2.326172 2.220703 2.259766 2.294922 2.314453 2.310547 2.337891 2.365234 2.361328 2.322266 2.294922 2.255859 2.259766 2.318359 2.353516 2.349609 2.287109 2.212891 2.166016 2.173828 2.212891 2.212891 2.138672 1.912109 1.603516 1.509766 1.740234 1.986328 2.103516 2.099609 2.080078 2.041016 2.044922 2.013672 2.017578 1.951172 1.822266 1.705078
2.400391 2.400391 2.400391 2.400391 2.400391 2.396484 2.396484 2.392578 2.392578 2.392578 2.388672 2.388672 2.388672 2.384766 2.384766 2.380859 2.380859 2.380859 2.380859 2.380859 2.376953 2.376953 2.376953 2.373047 2.373047 2.373047 2.369141 2.330078 2.310547 2.310547 2.333984 2.365234 2.365234 2.361328 2.314453 2.330078 2.318359 2.326172 2.357422 2.353516 2.353516 2.353516 2.294922 2.158203 2.126953 2.126953 2.205078 2.263672 2.166016 2.111328 2.142578 2.216797 2.291016 2.294922 2.279297 2.240234 2.162109 2.138672 2.138672 2.126953 2.072266 2.005859 1.970703
2.400391 2.400391 2.400391 2.400391 2.396484 2.396484 2.392578 2.392578 2.392578 2.388672 2.388672 2.388672 2.384766 2.384766 2.384766 2.384766 2.380859 2.380859 2.380859 2.380859 2.376953 2.376953 2.376953 2.373047 2.373047 2.373047 2.369141 2.369141 2.365234 2.337891 2.353516 2.376953 2.369141 2.361328 2.345703 2.353516 2.345703 2.353516 2.373047 2.369141 2.353516 2.353516 2.353516 2.349609 2.341797 2.318359 2.318359 2.314453 2.271484 2.255859 2.271484 2.291016 2.302734 2.283203 2.259766 2.205078 2.173828 2.115234 2.083984 2.091797 2.095703 2.083984 2.083984
2.400391 2.396484 2.396484 2.396484 2.396484 2.396484 2.392578 2.388672 2.388672 2.388672 2.388672 2.388672 2.384766 2.384766 2.384766 2.384766 2.380859 2.380859 2.380859 2.380859 2.376953 2.376953 2.373047 2.373047 2.373047 2.369141 2.369141 2.369141 2.369141 2.369141 2.376953 2.380859 2.376953 2.361328 2.361328 2.357422 2.357422 2.357422 2.353516 2.365234 2.353516 2.353516 2.353516 2.349609 2.349609 2.345703 2.341797 2.337891 2.310547 2.318359 2.330078 2.326172 2.298828 2.275391 2.244141 2.205078 2.162109 2.126953 2.095703 2.052734 2.056641 2.087891 2.142578
2.400391 2.396484 2.396484 2.396484 2.396484 2.396484 2.392578 2.388672 2.388672 2.388672 2.388672 2.384766 2.384766 2.384766 2.384766 2.380859 2.380859 2.380859 2.380859 2.380859 2.376953 2.376953 2.373047 2.373047 2.373047 2.369141 2.369141 2.365234 2.365234 2.369141 2.376953 2.369141 2.376953 2.361328 2.361328 2.357422 2.357422 2.369141 2.259766 2.333984 2.357422 2.353516 2.353516 2.349609 2.349609 2.341797 2.341797 2.341797 2.330078 2.341797 2.341797 2.341797 2.314453 2.294922 2.244141 2.189453 2.126953 2.091797 2.048828 2.013672 2.013672 2.087891 2.181641
2.400391 2.400391 2.396484 2.396484 2.396484 2.392578 2.392578 2.388672 2.388672 2.388672 2.388672 2.388672 2.384766 2.384766 2.380859 2.380859 2.380859 2.380859 2.380859 2.376953 2.376953 2.376953 2.373047 2.373047 2.373047 2.369141 2.369141 2.369141 2.365234 2.373047 2.365234 2.361328 2.326172 2.341797 2.361328 2.357422 2.357422 2.361328 2.314453 2.365234 2.365234 2.353516 2.353516 2.349609 2.349609 2.349609 2.341797 2.341797 2.341797 2.341797 2.341797 2.337891 2.333984 2.310547 2.275391 2.212891 2.142578 2.080078 2.021484 1.951172 1.970703 2.087891 2.189453
2.400391 2.400391 2.396484 2.396484 2.392578 2.392578 2.392578 2.388672 2.388672 2.388672 2.388672 2.384766 2.384766 2.384766 2.380859 2.380859 2.380859 2.380859 2.380859 2.376953 2.376953 2.373047 2.373047 2.373047 2.369141 2.369141 2.369141 2.369141 2.365234 2.373047 2.365234 2.361328 2.357422 2.349609 2.361328 2.357422 2.357422 2.365234 2.369141 2.373047 2.365234 2.353516 2.353516 2.349609 2.349609 2.349609 2.341797 2.341797 2.341797 2.341797 2.341797 2.337891 2.337891 2.326172 2.302734 2.248047 2.169922 2.095703 2.048828 1.986328 2.005859 2.103516 2.193359
2.400391 2.396484 2.392578 2.392578 2.392578 2.392578 2.392578 2.388672 2.388672 2.388672 2.388672 2.384766 2.384766 2.384766 2.380859 2.380859 2.380859 2.380859 2.376953 2.376953 2.376953 2.373047 2.373047 2.373047 2.369141 2.369141 2.369141 2.365234 2.365234 2.369141 2.361328 2.361328 2.361328 2.361328 2.369141 2.357422 2.357422 2.361328 2.373047 2.376953 2.369141 2.353516 2.353516 2.349609 2.349609 2.349609 2.341797 2.341797 2.341797 2.341797 2.341797 2.341797 2.337891 2.330078 2.314453 2.275391 2.185547 2.107422 2.044922 2.037109 2.072266 2.150391 2.220703
2.396484 2.392578 2.392578 2.392578 2.392578 2.392578 2.388672 2.388672 2.388672 2.384766 2.384766 2.384766 2.384766 2.380859 2.380859 2.380859 2.380859 2.380859 2.376953 2.376953 2.373047 2.373047 2.373047 2.373047 2.369141 2.369141 2.369141 2.365234 2.369141 2.373047 2.361328 2.361328 2.361328 2.365234 2.376953 2.357422 2.357422 2.357422 2.361328 2.369141 2.369141 2.353516 2.353516 2.349609 2.349609 2.349609 2.345703 2.341797 2.341797 2.341797 2.341797 2.341797 2.337891 2.326172 2.314453 2.283203 2.189453 2.095703 2.044922 2.080078 2.138672 2.212891 2.251953
2.396484 2.392578 2.392578 2.392578 2.392578 2.388672 2.388672 2.388672 2.384766 2.384766 2.384766 2.384766 2.380859 2.380859 2.380859 2.380859 2.380859 2.376953 2.376953 2.376953 2.373047 2.373047 2.373047 2.369141 2.369141 2.365234 2.365234 2.365234 2.365234 2.369141 2.361328 2.361328 2.361328 2.365234 2.376953 2.357422 2.357422 2.353516 2.353516 2.365234 2.373047 2.361328 2.349609 2.349609 2.349609 2.349609 2.345703 2.341797 2.341797 2.341797 2.341797 2.341797 2.337891 2.310547 2.291016 2.271484 2.181641 2.056641 2.044922 2.095703 2.197266 2.259766 2.294922
2.392578 2.392578 2.392578 2.388672 2.392578 2.388672 2.388672 2.388672 2.384766 2.384766 2.384766 2.384766 2.380859 2.380859 2.380859 2.380859 2.380859 2.376953 2.376953 2.373047 2.373047 2.373047 2.373047 2.369141 2.369141 2.365234 2.365234 2.369141 2.361328 2.365234 2.361328 2.361328 2.361328 2.361328 2.376953 2.361328 2.357422 2.353516 2.353516 2.369141 2.373047 2.369141 2.349609 2.349609 2.349609 2.349609 2.345703 2.341797 2.341797 2.341797 2.341797 2.337891 2.337891 2.310547 2.255859 2.228516 2.130859 2.068359 2.021484 2.076172 2.212891 2.287109 2.330078
2.392578 2.392578 2.388672 2.388672 2.388672 2.388672 2.388672 2.388672 2.384766 2.384766 2.380859 2.380859 2.380859 2.380859 2.380859 2.380859 2.380859 2.376953 2.376953 2.373047 2.373047 2.369141 2.373047 2.369141 2.369141 2.365234 2.365234 2.365234 2.365234 2.361328 2.361328 2.361328 2.357422 2.357422 2.373047 2.357422 2.353516 2.353516 2.353516 2.365234 2.369141 2.365234 2.349609 2.349609 2.349609 2.349609 2.345703 2.345703 2.341797 2.341797 2.341797 2.337891 2.337891 2.322266 2.263672 2.173828 2.041016 2.029297 2.037109 2.134766 2.236328 2.306641 2.330078
