py_wake/examples/data/AJ_ParqueFicticio/Rough survey   Sector 9   Height 30m   Weibull-A.grd
DSAA
73  159
 258469   265669
 6501692   6517492
 .06085515   14.36087
[rows 0 to 27 of 159, columns 0 to 62 of 73]
5.903296 5.962478 5.973654 5.956762 5.935656 5.91785 5.902739 5.889453 5.871586 5.856644 5.846818 5.836196 5.820795 5.798301 5.774991 5.726338 5.668175 5.587292 5.467266 5.249554 4.829139 5.055782 5.534136 6.41399 6.406969 6.009236 5.542908 6.136662 6.352475 6.176648 6.107813 6.155085 6.203833 6.13616 6.038772 6.256598 6.608887 7.028892 6.865519 6.772133 6.694998 6.607022 6.530734 6.50264 6.452038 6.376042 6.302114 6.224288 6.188316 6.147243 6.127131 6.095394 6.065496 6.075379 6.105103 6.142611 6.191625 6.239652 6.278209 6.296869 6.312655 6.321653 6.309097
5.89381 5.94683 5.958838 5.935309 5.909086 5.888446 5.87362 5.866589 5.851421 5.829422 5.801476 5.799724 5.782661 5.770641 5.75662 5.711748 5.654716 5.567655 5.431086 5.148374 4.915605 5.222516 5.97108 6.527689 6.402549 5.989706 5.549379 6.303297 6.355119 6.286111 6.248031 6.251486 6.318556 6.296259 6.177933 6.329979 6.587055 6.949406 6.770177 6.66169 6.533283 6.442138 6.44362 6.494782 6.477618 6.401477 6.30241 6.206989 6.174079 6.113417 6.066008 6.054924 6.053265 6.083776 6.114101 6.156294 6.213654 6.274289 6.320453 6.357323 6.389959 6.397954 6.397918
5.900645 5.991123 5.919694 5.897829 5.877189 5.857797 5.845205 5.835753 5.834616 5.823845 5.801183 5.755839 5.747174 5.7426 5.745736 5.703161 5.640022 5.555859 5.420638 5.156011 5.070273 5.383145 6.015925 6.335375 6.689204 6.431397 5.962971 6.181859 6.328989 6.309561 6.298785 6.348717 6.428411 6.437262 6.2988 6.295398 6.403162 6.811592 6.670012 6.530232 6.352336 6.332396 6.368339 6.430074 6.380635 6.350995 6.258378 6.178202 6.117433 6.008352 5.956639 5.9536 6.004553 6.101804 6.142423 6.176662 6.239304 6.315558 6.383613 6.431417 6.477107 6.488357 6.507577
5.969409 5.922979 5.866714 5.858835 5.822896 5.821276 5.816024 5.812997 5.812037 5.810043 5.784765 5.73888 5.732857 5.758813 5.736906 5.698171 5.638313 5.53995 5.39823 5.159842 5.153355 5.492053 6.013474 6.336462 6.639995 6.365006 6.173266 6.273267 6.334155 6.338067 6.347811 6.487551 6.612331 6.462433 6.326074 6.172821 6.157121 6.610645 6.59068 6.333344 6.083598 6.168334 6.360701 6.434899 6.373781 6.352386 6.163391 6.099932 6.025238 5.930122 5.883835 6.056269 6.067178 6.11266 6.15288 6.210488 6.284218 6.376892 6.468111 6.538382 6.599463 6.638387 6.647418
5.926429 5.786822 5.736913 5.812495 5.815695 5.765472 5.762254 5.793468 5.793607 5.778437 5.785593 5.727299 5.714135 5.774441 5.747034 5.687736 5.634467 5.53405 5.366166 5.079423 5.30298 5.545076 6.103788 6.382275 6.740103 6.551716 6.369913 6.352886 6.389351 6.456573 6.509537 6.681708 6.641579 6.351997 6.147814 5.767009 5.829619 6.360777 6.548553 5.858658 5.435377 6.091893 6.440825 6.541018 6.515199 6.260912 6.019281 5.989867 5.960324 5.950546 5.95365 6.061962 6.078956 6.118998 6.153487 6.227789 6.330477 6.443303 6.571864 6.682692 6.783601 6.851076 6.870941
5.864011 5.660165 5.633398 5.771885 5.802083 5.714892 5.722648 5.795791 5.789441 5.784788 5.784098 5.740622 5.678984 5.797865 5.759471 5.69232 5.655213 5.561366 5.350358 5.375731 5.519549 5.800461 6.135705 6.476737 6.81839 6.676116 6.523099 6.44375 6.437078 6.502618 6.607035 6.722254 6.323711 5.877199 5.706793 5.624264 5.68809 5.962071 5.88702 5.024269 5.093605 6.236124 6.69212 6.715664 6.607549 6.156967 5.984313 6.009555 6.016294 5.982937 6.037688 5.990569 6.00371 6.030117 6.123855 6.229611 6.371846 6.522626 6.713209 6.894995 7.073511 7.215942 7.264571
5.788141 5.710268 5.648951 5.721728 5.702775 5.653639 5.868001 5.904593 5.845152 5.830057 5.787729 5.70432 5.698691 5.77619 5.775115 5.705466 5.690795 5.628644 5.517467 5.336467 5.552818 5.85369 6.324391 6.607792 6.858131 6.656029 6.629499 6.521473 6.43551 6.406437 6.421614 6.311761 5.996966 5.786156 5.693383 5.590317 5.6006 5.623389 5.320753 4.855543 5.682086 6.845655 6.993875 6.752075 6.207527 5.917763 5.992245 6.181673 6.158755 6.039085 5.987393 5.93714 5.836039 5.8673 6.032999 6.224693 6.435392 6.623312 6.89697 7.219502 7.559089 7.446805 6.977227
5.780763 5.735573 5.732464 5.683174 5.578616 5.606797 5.775002 5.896123 5.901729 5.833733 5.756818 5.695736 5.731684 5.76058 5.764368 5.725046 5.685094 5.689376 5.627204 5.46252 5.69691 6.071026 6.574824 6.692156 6.70832 6.548486 6.634446 6.512332 6.380862 6.267883 6.119046 5.990114 5.875308 5.75747 5.662974 5.542048 5.472086 5.396753 5.269487 5.233369 6.479304 7.231482 7.029659 6.24262 5.528518 5.827168 6.225905 6.470889 6.359702 5.994158 5.922552 5.889761 5.64412 5.54606 5.889692 6.262506 6.503581 6.745915 7.137862 7.710495 7.461717 6.983881 6.313368
5.767472 5.725985 5.732786 5.684687 5.656393 5.663061 5.789404 5.891494 5.896449 5.819402 5.729383 5.696845 5.707764 5.6984 5.70631 5.69849 5.708637 5.745375 5.745019 5.718938 5.792768 6.029807 6.454872 6.414626 6.497664 6.438266 6.543145 6.507473 6.299582 6.103893 5.934935 5.834578 5.749089 5.673404 5.612135 5.488586 5.373616 5.348235 5.458876 5.664531 6.530046 6.991085 6.397151 5.362236 5.48722 6.321314 6.487072 6.38018 5.975665 5.574434 5.607933 5.492812 4.962739 5.21112 5.885153 6.38269 6.607654 6.870341 7.331781 7.483499 6.956919 6.181129 5.246691
5.760977 5.713371 5.683605 5.68084 5.694033 5.806787 6.067194 6.152495 5.948493 5.733576 5.622128 5.669106 5.69897 5.651489 5.589499 5.614686 5.711981 5.768683 5.855232 5.872063 5.877169 6.005622 6.153672 6.20135 6.379866 6.418571 6.452621 6.417531 6.141335 5.923429 5.806159 5.70945 5.601934 5.512621 5.42186 5.26168 5.372922 5.491664 5.576387 5.762808 6.012358 5.95013 5.405722 5.008264 5.837855 6.438677 6.161632 5.83882 5.539734 5.100181 5.105043 4.748473 4.43931 5.289329 6.319829 6.648472 6.756 6.98258 7.340179 6.934132 6.268376 5.233608 4.038317
5.740023 5.700682 5.642746 5.657211 5.765051 5.827604 6.077125 6.32421 5.914851 5.507067 5.481094 5.615028 5.713992 5.601995 5.490903 5.603416 5.705143 5.805865 5.8449 5.899181 5.911844 5.874656 6.001549 6.16403 6.242476 6.386651 6.441462 6.262362 6.060579 5.834588 5.607944 5.5243 5.479223 5.381672 5.254703 5.248506 5.338569 5.422405 5.531879 5.645029 5.635116 5.517403 5.315142 5.345204 5.859891 5.91237 5.251762 5.135291 5.077312 4.632332 4.53182 4.268847 4.79612 6.117146 6.825407 7.007725 6.959762 7.163721 6.964568 6.510692 5.709847 4.669136 4.208453
5.724912 5.69682 5.711277 5.752216 5.865094 5.896725 6.056834 5.962814 5.47896 5.174477 5.292184 5.772116 5.826489 5.656539 5.475244 5.57538 6.02197 5.9284 5.751912 5.694094 5.693767 5.807587 6.071362 6.134881 6.133787 6.161581 6.098167 6.105949 6.053385 5.631253 5.408792 5.344677 5.332263 5.307872 5.196812 5.172849 5.273213 5.32086 5.427892 5.437285 5.452633 5.360116 5.309466 5.342503 5.422276 5.163122 4.795907 4.627501 4.34478 4.258745 4.341386 4.591135 5.670812 6.613922 7.051713 7.149142 7.146857 6.947039 6.666909 5.987732 5.246646 4.440341 4.297611
5.714699 5.718449 5.779525 5.838319 5.871023 5.900515 5.893432 5.699899 5.041405 4.886457 5.53737 6.079 5.899467 5.618268 5.459667 5.51849 6.11605 5.833287 5.760027 5.658079 5.64455 5.853961 6.166946 6.116152 6.049608 6.02609 6.044726 6.063734 5.764062 5.292436 5.212701 5.144819 5.150064 5.151075 5.098201 5.09557 5.1985 5.230697 5.24685 5.259227 5.257864 5.229852 5.147588 5.177899 5.198848 5.057321 4.826168 4.553218 4.405425 4.389599 4.613821 5.108132 5.871003 6.556044 6.915059 6.73283 6.105296 5.372996 4.476995 3.667673 3.835761 3.639871 4.396148
5.715594 5.778815 5.814983 5.829764 5.852143 5.841572 5.745771 5.502183 4.921667 5.166063 5.827876 5.881007 5.64664 5.372708 5.35575 5.797269 5.871931 5.848206 5.895661 5.807112 5.822659 6.032495 6.21399 6.062073 5.943858 5.877233 5.812025 5.627898 5.32501 5.179464 5.09165 5.057176 5.027683 4.980691 5.033138 5.057562 5.125328 5.12851 5.09761 5.059483 5.04632 5.009098 4.906984 4.953857 4.946645 4.773857 4.615715 4.342221 4.310142 4.315078 4.663966 4.980162 5.349998 5.520033 4.025651 3.052383 2.876439 2.870442 2.824312 2.738562 2.751955 3.66733 4.603411
5.755637 5.788788 5.803967 5.811048 5.800571 5.760522 5.6623 5.519886 5.265574 5.24664 5.640126 5.759787 5.647979 5.496942 5.587361 5.830211 5.870872 5.961513 6.028235 5.918966 5.895423 6.097493 6.154018 6.002219 5.841584 5.752608 5.632996 5.468285 5.319092 5.191363 5.101918 5.011337 4.978359 4.900619 4.922653 5.043124 5.109599 5.034715 4.915681 4.781757 4.7246 4.693857 4.669392 4.731057 4.603392 4.484396 4.319289 4.197015 3.90966 4.117498 4.398082 4.482846 4.206142 3.249467 2.979456 2.722813 2.683345 2.842149 2.611305 .06085515 3.072479 4.122524 5.017468
5.784561 5.775652 5.773675 5.774972 5.767015 5.707724 5.605488 5.477321 5.34257 5.325663 5.596949 5.685989 5.658185 5.631825 5.776467 5.907798 5.859355 5.951736 6.006154 5.867803 5.974627 5.997406 5.909471 5.803746 5.661443 5.655669 5.53229 5.346849 5.212167 5.119737 5.050716 4.939792 4.742589 4.545536 4.809063 5.113379 5.100524 4.967404 4.780848 4.54299 4.597393 4.714449 4.757919 4.611653 4.335074 4.097564 4.096334 4.149387 4.129379 4.024066 3.943844 3.683997 2.876506 2.705573 2.500841 2.330123 2.561877 3.135517 3.631801 4.472257 5.570475 6.027338 5.741313
5.787801 5.773815 5.748712 5.741359 5.73435 5.69032 5.599058 5.485728 5.396739 5.421538 5.515786 5.605125 5.679723 5.732008 5.873292 5.811668 5.793304 5.92896 5.923504 5.844343 5.869412 5.899202 5.805882 5.69671 5.651484 5.562329 5.418768 5.23395 5.076458 4.986451 5.013595 4.825116 4.429199 4.328676 5.370492 5.576313 5.275115 4.919343 4.517929 4.091449 4.367386 4.643677 4.573234 4.409027 4.121512 4.002514 4.015852 3.975472 3.482802 3.042135 3.039061 2.748932 2.445045 2.410371 2.661303 4.366318 5.648601 6.306626 6.773785 6.885976 6.888197 6.677759 6.054101
5.808172 5.765355 5.767451 5.747766 5.724446 5.677274 5.609375 5.535635 5.481095 5.48496 5.549376 5.604672 5.686279 5.836149 5.847775 5.816388 5.763527 5.813812 5.825145 5.806533 5.780374 5.800012 5.757936 5.705179 5.718544 5.657707 5.343651 5.044568 4.940461 5.20548 5.265942 4.559694 4.121456 4.786593 5.941711 5.966797 5.59689 5.013432 4.331439 3.900875 4.257042 4.403802 4.071198 3.702098 3.35165 3.743981 3.850446 4.131339 4.792205 5.210504 5.09015 4.75596 4.726428 5.111389 5.626029 6.187291 6.775455 7.096366 7.100521 6.983335 6.858424 6.655244 5.991676
5.783449 5.780827 5.777084 5.759316 5.732691 5.701908 5.647456 5.574208 5.531469 5.536782 5.634031 5.716135 5.713171 5.781098 5.819583 5.803318 5.77477 5.778624 5.784858 5.776842 5.741564 5.710677 5.674174 5.710201 5.746906 5.676845 5.533478 5.317369 5.34618 5.74891 5.30607 4.351047 4.385922 5.520225 6.159791 6.098553 5.937692 5.117867 4.038615 3.397012 4.349415 4.706192 4.753093 4.919381 5.044793 5.136301 4.848262 5.102125 5.766531 5.888851 5.514262 5.132619 5.163012 5.602563 6.063116 6.587953 6.718692 6.913573 6.893214 6.760972 6.703119 6.473189 5.915621
5.80752 5.759669 5.73101 5.701703 5.713607 5.702035 5.683857 5.654369 5.603785 5.59144 5.692829 5.678279 5.690702 5.74552 5.764936 5.788774 5.77986 5.767279 5.781588 5.779951 5.740994 5.689105 5.671968 5.8074 5.775589 5.640224 5.497601 5.478245 5.697391 5.627914 4.739693 4.373092 5.125853 6.001954 5.990099 6.07957 5.841722 4.861951 3.456658 3.156597 4.50554 5.225902 5.452344 5.509077 5.678983 5.62892 5.28382 5.606251 6.219243 6.055074 5.528414 5.24122 5.362043 5.698818 6.018344 6.262169 6.539167 6.710871 6.607074 6.628769 6.584538 6.413128 5.909811
5.839828 5.762804 5.685741 5.648231 5.639038 5.645766 5.680715 5.684605 5.676879 5.687687 5.748203 5.734047 5.707064 5.71656 5.742504 5.75761 5.763903 5.76683 5.801071 5.779974 5.737704 5.698435 5.733378 5.774879 5.757497 5.67211 5.600198 5.536574 5.608301 5.238967 4.495554 4.848739 5.042901 5.531211 5.663439 6.066948 5.842347 4.565485 3.06083 3.578254 4.980466 5.746546 5.715964 5.932895 5.743557 5.461533 5.440452 5.893744 6.141011 5.747231 5.279911 5.222072 5.47727 5.503497 5.865593 6.099335 6.309861 6.428045 6.463533 6.582321 6.613213 6.473632 6.131987
5.84914 5.818184 5.66774 5.595983 5.630303 5.655272 5.675226 5.667167 5.729983 5.732333 5.752845 5.763869 5.754151 5.741368 5.733763 5.748568 5.769758 5.797061 5.790154 5.717179 5.67649 5.675062 5.729506 5.750063 5.725413 5.67958 5.624183 5.554245 5.269516 4.328039 4.716196 5.318453 5.279405 5.519267 5.637049 5.789587 5.384608 4.319763 3.365032 4.333951 5.315036 5.705738 5.785351 5.727478 5.54113 5.411171 5.54716 5.756463 5.735036 5.3921 5.09082 5.186221 5.333023 5.370778 5.627159 5.878673 5.976106 6.257277 6.48095 6.776474 6.943837 6.829681 6.529627
5.793949 5.759592 5.691009 5.623927 5.643646 5.654269 5.675622 5.694647 5.710516 5.71057 5.696964 5.718327 5.760005 5.767395 5.752252 5.752442 5.796058 5.795915 5.773067 5.730449 5.677845 5.662008 5.689585 5.699408 5.695915 5.637185 5.550362 5.453505 4.915986 4.427491 5.089255 5.758988 5.578735 5.336571 5.323163 5.475568 5.043868 4.146902 4.034729 4.476577 5.212288 5.455452 5.638099 5.462441 5.392823 5.458564 5.492189 5.434313 5.250184 5.077798 4.920505 4.937859 5.205811 5.191248 5.443388 5.724816 6.075024 6.496012 6.931297 7.442237 7.568638 7.320808 6.819861
5.780199 5.722788 5.65773 5.660964 5.670698 5.673498 5.684605 5.689778 5.710596 5.698714 5.694858 5.700314 5.719601 5.734509 5.778378 5.782567 5.804953 5.782701 5.756886 5.729099 5.704358 5.672528 5.666072 5.679704 5.651001 5.562899 5.416184 5.246809 4.771974 4.717547 5.719173 5.76882 5.579052 5.302212 4.983454 5.265303 5.025206 4.465827 4.459988 4.607171 4.980929 5.214772 5.399318 5.191562 5.230378 5.335575 5.295171 5.19238 4.980803 4.796321 4.737394 4.87211 5.142353 5.166886 5.339385 5.851471 6.470582 6.962982 7.726961 8.355885 8.271432 7.569415 6.875617
5.775986 5.713672 5.726292 5.719014 5.701028 5.694299 5.696219 5.701258 5.713537 5.662291 5.69007 5.702998 5.721763 5.730141 5.75628 5.779246 5.753434 5.737352 5.714472 5.682242 5.695157 5.670803 5.655831 5.671653 5.641632 5.541429 5.338305 5.079663 4.880398 5.098264 5.746336 5.615422 5.427862 5.11547 4.632732 5.098957 5.120951 4.886368 4.757449 4.78095 4.468715 4.93248 5.126434 5.026045 5.088925 5.097622 5.065627 4.991254 4.851906 4.665165 4.551169 4.761163 5.187793 5.34945 5.511415 6.157736 7.073698 7.851775 8.792602 9.177769 8.587204 7.504345 6.670639
5.78598 5.725169 5.739465 5.765796 5.754192 5.732482 5.712027 5.708972 5.703483 5.646085 5.695932 5.710027 5.721893 5.746249 5.777157 5.792561 5.759674 5.719933 5.679893 5.653271 5.669734 5.641801 5.6383 5.640817 5.627314 5.531558 5.301616 5.093029 5.156761 5.320091 5.466325 5.484925 5.353662 4.898825 4.297876 4.991885 5.050935 4.984488 4.877252 4.615094 4.463561 4.849627 5.062768 5.058439 5.002692 4.910076 4.859742 4.775325 4.746569 4.576881 4.578576 4.854671 5.37183 5.745099 5.8375 6.659541 7.956045 9.068333 9.779855 9.533453 8.326292 7.155704 6.147197
5.781381 5.754351 5.748862 5.76625 5.771317 5.768721 5.74796 5.728239 5.69866 5.687519 5.713097 5.721241 5.739853 5.76177 5.776272 5.768496 5.745938 5.721657 5.684536 5.643858 5.625996 5.628833 5.643472 5.630777 5.566632 5.422481 5.262758 5.141377 5.297473 5.226694 5.364686 5.43753 5.330814 5.001537 4.449657 4.679332 4.911627 4.952971 5.04806 4.757949 4.48199 4.527732 4.961682 4.981161 4.977609 4.793824 4.64345 4.557359 4.574402 4.589447 4.662711 5.00973 5.754053 6.385679 6.432378 7.180649 8.918961 10.01909 10.12045 9.22156 7.696039 6.482182 5.25373
5.813084 5.809442 5.794263 5.786853 5.779037 5.778847 5.771128 5.747318 5.719803 5.75036 5.762457 5.754291 5.749537 5.789587 5.793035 5.756017 5.721183 5.702057 5.686394 5.664486 5.629826 5.64415 5.634365 5.576804 5.481416 5.311391 5.149636 5.130778 5.292257 5.216146 5.298146 5.370842 5.254434 4.970078 4.365992 4.694379 4.996911 5.010895 5.07203 4.605744 4.32607 4.325879 4.718102 4.849057 4.838609 4.706335 4.384462 4.39808 4.448822 4.599211 4.856961 5.313314 6.337453 7.085128 7.020385 7.790668 9.556951 10.48532 9.905157 8.37537 6.741067 5.565641 4.340664
