py_wake/examples/data/AJ_ParqueFicticio/Rough survey   Sector 7   Height 30m   Power density.grd
DSAA
73  159
 258469   265669
 6501692   6517492
 .06159079   576.8319
[rows 56 to 83 of 159, columns 0 to 62 of 73]
49.06985 51.35191 50.34561 50.26923 49.56499 52.03547 51.84969 52.33051 51.68431 52.10091 52.09098 52.5188 52.58875 50.29088 50.04618 49.95159 50.60789 50.79651 49.87056 48.6693 50.34439 48.56277 46.17596 46.52513 47.57362 46.69851 47.85296 50.7059 55.49611 63.17472 71.35394 83.54671 77.68217 90.94072 89.82472 92.10481 98.50944 99.12286 91.13763 88.19163 90.49455 106.8066 102.789 92.02105 74.66016 61.88246 54.57792 49.35203 49.5167 54.3402 53.74688 58.13485 55.50093 51.85294 48.35477 43.24363 40.52901 44.65726 48.69754 53.29777 55.6214 52.19844 47.19723
47.72721 50.24382 47.23204 48.04506 48.69715 52.75839 53.06966 52.16522 51.51993 51.13065 51.29715 51.49691 52.25328 52.92773 52.78775 51.20112 50.98592 50.62767 50.22959 50.40056 51.69696 50.12985 47.36631 48.34502 48.10817 46.95157 47.82845 51.94069 60.64569 69.83669 75.9835 86.50815 96.30511 98.11919 100.3655 101.1456 93.17503 96.75123 102.3765 93.92848 90.50744 95.09698 88.28761 81.29057 75.49974 68.11651 55.63726 46.48845 45.55331 52.13007 57.2169 56.67068 51.13712 52.6705 60.5488 61.6548 58.13667 53.02049 46.961 40.33271 42.50718 43.03102 50.2813
43.7525 43.5384 42.10596 43.66498 45.53258 50.05346 51.64503 50.49387 49.80327 49.27349 49.3677 49.90366 50.01592 49.94733 50.8966 51.13422 50.6434 49.94516 49.88485 50.13069 50.4991 50.83327 49.24461 50.01804 49.14502 47.91702 48.02121 48.77511 54.71278 58.58986 59.02467 70.2794 78.05421 85.67488 84.74845 87.09241 79.92239 81.88876 89.22757 86.18427 83.30515 81.60612 73.58458 71.36118 66.84934 60.9934 50.60024 40.9661 40.38054 47.33212 52.0569 46.40347 45.19533 46.42028 55.23075 58.66288 56.91505 58.75427 59.76911 54.78212 51.00677 51.05899 54.57249
45.21117 42.85892 40.02663 40.6615 41.59724 44.19411 49.466 48.60541 47.41423 47.26265 47.31963 47.01851 48.48258 48.51431 48.61887 49.53059 49.99557 49.54907 49.91404 49.35494 49.84971 51.39339 51.71643 51.74898 50.62749 49.48042 49.02528 43.80345 38.94071 38.38356 36.17429 40.10513 47.13556 52.72811 54.61393 61.76203 66.97521 72.29475 78.21401 75.64362 71.09196 70.17917 65.46906 65.77262 63.34766 59.25563 48.08148 38.86398 31.49396 31.07356 42.76707 39.0052 37.9607 38.33623 42.77726 48.22851 45.37697 50.91715 56.9561 63.34029 57.11923 53.4181 52.35642
52.4194 47.18192 43.93384 45.27967 44.32058 42.12079 45.53978 45.94122 45.26258 45.07795 44.92207 44.77972 45.19731 46.0928 46.60345 47.85728 49.28653 49.5919 50.21353 49.64962 48.40523 48.05114 49.09669 51.02602 51.66904 52.44285 52.04938 49.9215 46.18344 37.18571 33.98181 35.12929 37.07604 39.07194 40.9522 47.94074 52.62292 57.49063 62.75233 62.87949 58.35838 55.7179 60.76215 64.04881 64.05985 61.38743 54.5335 46.51146 34.723 27.61516 31.24684 31.95946 32.7813 32.6655 41.8853 47.0522 44.41511 51.12509 52.06926 58.08017 55.33888 53.89428 50.60726
55.10482 48.39155 47.84283 48.73697 47.83319 44.72199 42.85133 43.40383 43.11639 43.87496 43.93217 44.06099 44.40718 45.37595 45.58281 46.75102 48.65375 49.84716 49.77663 50.15773 49.27999 50.29979 49.25807 50.14423 51.02647 52.64953 55.09986 59.38147 60.264 56.3927 48.64646 40.52079 39.69668 47.94587 43.31619 44.26227 47.33344 49.92698 51.67937 52.39246 49.5164 47.47289 49.15676 58.2752 58.25041 57.85643 55.27401 52.48852 43.04443 29.85856 22.47419 26.27493 32.88483 37.91208 35.56853 41.93272 45.81736 51.10457 49.32912 51.23034 50.76812 49.47075 38.49751
55.56358 50.78409 51.93926 52.40814 51.83454 50.22482 48.31637 44.46326 43.70521 44.00086 44.09656 44.28503 45.39089 45.3725 45.07907 45.56682 46.61292 47.97876 47.44291 48.67449 48.19347 49.10435 48.86082 50.23312 52.49529 53.55795 57.72868 59.8468 63.48988 64.01862 70.55106 70.11489 66.29567 62.63514 53.18503 46.74355 46.47661 45.3514 44.76608 46.20304 46.36972 45.49484 47.58442 50.56224 53.46745 53.85547 53.6317 55.84575 49.39372 41.62572 30.42713 21.26815 29.15999 38.52668 43.81016 44.64982 43.19707 47.4413 48.95203 51.75487 48.81433 43.0232 38.72283
53.35041 51.79744 53.30843 54.34445 54.09784 52.45607 49.88075 45.68807 43.97754 44.27068 45.34263 46.11538 45.42499 45.22897 44.49716 44.17469 44.39497 44.51347 44.56342 44.775 45.21347 45.33798 45.5923 47.70022 49.97332 52.95259 58.00804 60.53982 62.33399 65.99323 64.90961 67.0975 67.69579 65.11521 59.95255 51.24059 48.64049 45.09386 43.90451 42.26983 41.16613 40.2392 42.36975 45.33079 47.50483 52.39563 52.58439 49.39114 47.74974 43.61545 30.39946 26.55237 24.20452 35.10263 39.71377 36.59512 31.23065 35.61357 40.75717 42.99416 41.47095 43.78689 41.38717
50.78002 51.39564 53.2065 54.01871 53.80163 52.59094 49.17739 45.74327 43.33363 44.17368 44.70274 45.12152 45.41729 44.91313 44.40848 43.75722 44.6773 44.09754 43.03951 42.70646 43.58334 42.39817 41.85605 42.97275 45.46911 51.10401 52.89112 57.15431 59.38863 62.3997 61.27639 63.31537 65.01097 66.88905 63.19686 57.54568 51.59375 47.89219 46.18215 42.88407 38.07861 35.57553 33.11561 32.88632 41.02567 46.55069 45.63869 42.63625 39.58596 43.21348 36.23704 30.97298 21.45016 20.02991 29.61385 32.36232 20.74441 17.00678 16.49957 20.62143 21.20506 23.26532 34.5515
48.8219 49.74456 52.06223 52.85302 53.04994 52.07258 49.69486 46.32318 43.42574 44.57299 44.63969 44.48469 44.68109 44.2249 44.51239 43.38567 43.96417 43.62895 43.68822 44.19001 44.73872 42.04277 41.2283 43.62393 43.67448 44.51339 42.63513 44.72059 47.17288 47.87523 47.51321 54.3773 57.86477 58.21686 54.71093 51.25528 47.5273 45.49407 44.36901 39.68433 37.42282 37.13969 33.24653 32.07756 37.33887 44.42729 42.9663 40.57904 41.08219 44.35313 45.64334 38.36916 30.1768 20.38218 21.12652 26.47937 24.83531 19.81283 14.73446 10.23856 10.80119 11.58711 15.57644
48.60451 48.67334 51.5645 51.96587 51.59965 51.12108 50.06769 49.30539 48.95559 47.26823 45.44646 45.24369 44.9138 44.44633 44.70479 44.62545 44.52501 43.7314 44.93602 47.04826 46.78122 44.82591 45.90887 44.8182 41.60653 39.11077 38.35659 39.97263 39.00327 37.94904 37.57923 41.84011 50.29245 50.99749 48.16925 45.75879 41.30772 40.9142 37.04527 33.50527 34.94265 35.92572 31.89853 29.828 30.84385 34.39278 39.24919 38.71093 39.02137 42.12668 46.49311 47.67736 45.95963 33.93364 23.98456 26.34548 30.56453 28.08191 28.16206 25.27559 17.36725 14.53904 14.63682
47.94675 48.73296 51.19839 51.22805 51.26051 49.82822 48.65778 49.38623 48.98492 47.47114 45.99339 45.34605 45.09854 44.436 44.37943 43.69322 43.48296 43.57421 45.31114 46.5192 47.00949 45.89537 46.80998 44.67041 40.98435 38.92833 37.49511 37.32747 37.45424 35.93883 35.953 40.02549 46.85584 45.00402 44.78688 44.32449 42.74089 40.66418 38.47078 32.18366 28.92053 27.44682 27.32533 25.3859 23.66423 28.95496 38.02687 44.13107 49.36726 47.73872 47.45198 54.78972 57.46399 51.64477 37.87191 29.66135 27.95461 35.07976 40.40948 43.66664 45.48003 38.92505 28.52739
46.65697 49.16513 51.59134 51.13676 50.22265 48.07166 47.54035 48.34141 47.86838 46.6853 45.44066 44.87811 45.23385 45.23804 45.03001 43.26505 42.1851 43.32072 44.95279 45.30401 45.25664 44.03746 44.64484 43.99989 42.66177 42.6755 42.83305 36.97929 34.22709 32.09231 32.84897 37.59534 43.24243 41.2868 39.99681 42.43668 43.07389 43.83939 41.15766 34.33248 34.77986 34.82101 30.00693 26.0181 21.66584 22.63524 25.61778 34.81578 36.0316 36.61981 42.09147 49.42142 55.14357 56.20953 49.46004 41.14639 31.25218 31.67131 36.37295 40.84248 46.7556 48.45588 41.70031
43.77875 46.54872 50.44055 50.71059 48.74434 46.71547 47.64984 47.5353 46.77424 45.4446 43.9593 43.4015 44.47109 45.28414 45.09046 42.89584 42.06006 44.25175 45.05555 44.48798 43.22913 43.19219 42.86377 42.89801 43.53975 45.93953 44.8335 40.63869 37.29759 32.21181 30.33581 32.88905 37.27295 36.58116 36.48559 40.94402 43.2779 45.76339 44.75634 43.08775 51.0784 54.03354 47.6132 35.92001 29.24767 25.48082 22.88294 22.80169 21.33362 21.80778 30.47974 34.32915 36.39614 33.16186 33.7215 29.69569 28.10034 25.75058 28.26743 31.88248 36.32341 42.60406 45.04717
39.48896 41.6633 47.23429 47.64125 46.16191 45.55686 47.75136 47.30448 45.95353 44.55944 42.66713 41.53898 42.4009 43.98973 45.61587 45.62981 47.35593 46.12738 45.08909 44.3669 43.99485 46.2276 44.43919 45.59297 46.44285 47.84689 44.54903 43.54304 41.36475 35.69942 32.69642 29.10139 31.61866 32.81669 37.41381 42.04499 44.47939 48.13581 52.26575 56.49408 60.45823 59.74827 53.83831 47.63645 38.13397 32.31675 26.71628 23.62057 20.13596 16.29151 12.74826 10.43589 9.809674 9.40181 15.52785 24.29213 31.04999 30.36034 30.28938 34.04064 37.61097 44.4602 47.53429
38.47155 38.83537 40.3694 42.38421 41.94702 43.70369 47.11763 46.38997 45.19397 43.45292 42.40488 43.67982 45.20536 44.47536 45.97938 45.54689 47.19505 45.22739 43.78767 43.7504 44.56753 47.14318 46.13185 49.81471 49.9835 49.44909 46.08667 45.27973 41.07615 39.11293 39.28884 38.06759 38.23624 36.37019 40.46119 44.93462 49.58916 52.96085 55.68064 57.44965 55.62845 57.62436 53.18174 50.22564 47.32552 43.74982 37.77541 32.18056 25.63909 19.21675 11.29157 7.363122 5.907556 6.266116 9.872066 16.86637 28.13701 35.00304 37.92862 42.58035 43.74385 49.20854 51.30237
42.21148 44.89833 45.925 40.63469 39.15238 40.85299 45.69691 45.35336 44.49466 44.11745 46.02191 45.79161 44.21891 42.68929 43.22842 42.88369 43.4832 42.39924 41.52912 41.76253 42.54476 43.28962 43.84649 46.11489 46.90725 48.01444 47.00224 45.15228 40.50684 40.11879 41.11866 40.98797 43.2851 44.54547 45.22959 47.46292 51.05355 52.21615 54.17535 52.56487 52.04488 55.91566 55.26157 51.45926 50.06237 48.83497 46.07547 42.456 37.59478 33.84122 32.37416 31.30494 31.27212 23.84087 17.35811 18.68786 24.31876 35.57157 39.4387 45.60485 52.61399 57.90237 64.32724
48.64503 49.0702 46.85617 41.24073 37.71552 38.03736 43.87215 43.2851 42.07571 43.61901 44.8577 44.66575 42.34878 40.35493 38.96584 40.17563 39.78423 38.42424 38.10366 38.10598 38.56965 37.48051 38.31256 39.11116 40.87898 42.71553 44.4672 45.99982 48.51205 48.58194 48.38902 47.72386 50.38873 53.03117 51.3927 46.23618 45.29749 47.70775 53.3657 55.48772 57.17889 63.26791 60.71454 55.33543 53.43222 47.62853 44.49388 39.36335 40.80396 43.45155 42.3026 46.12719 51.4131 53.54303 42.77724 31.42761 24.3069 25.57278 37.68999 43.58566 51.59319 70.44101 81.53468
49.61867 49.02254 46.87036 43.52921 38.27374 36.35567 42.75756 40.35996 38.61074 41.72229 42.30433 42.82104 41.78669 39.24032 37.3685 36.59142 35.58124 35.23351 35.37101 34.82702 34.61607 34.10151 35.43357 35.86744 37.43025 38.62018 41.29385 45.35893 50.2682 52.2452 52.31912 53.86734 59.99047 58.16553 52.03621 47.51179 44.73604 44.62426 46.63421 49.67719 55.41333 60.17249 61.2251 59.67574 57.01465 49.45059 41.6279 31.59806 28.47574 28.97559 26.56987 32.86369 45.96736 51.20505 49.90598 39.18569 26.34846 21.09755 25.39059 36.73457 44.64795 50.88083 56.45232
46.9694 47.09441 46.90365 45.4781 43.22175 41.81637 41.17417 38.08687 37.02036 39.30917 40.19118 40.63438 40.69184 38.55251 37.87763 36.10421 34.30512 34.29681 34.65541 34.0388 34.46687 32.71087 32.78768 33.07015 34.10338 34.2135 35.71465 36.56053 39.31683 39.11054 42.14245 45.02647 47.12046 51.31603 50.89888 50.2131 49.00947 46.60237 44.26301 42.10029 37.50678 39.59028 40.37363 36.22135 34.1401 27.01252 21.47222 20.35758 19.07557 18.48352 17.97452 17.35437 15.42486 16.22691 21.42984 19.1704 18.34329 15.41771 16.76725 21.97447 26.15922 26.74393 28.59645
43.70091 44.38356 44.74101 44.95186 44.60471 44.55325 41.3428 38.17863 36.62036 37.14674 37.84235 38.20807 37.89627 37.52528 39.2669 37.73576 34.46552 34.3339 34.80553 35.2607 35.29304 32.14138 30.78806 29.73903 30.08474 29.64404 29.44385 26.7525 25.90444 28.18119 33.95969 36.72653 38.77436 43.49625 46.17774 48.43166 48.85573 44.15849 40.42752 37.9893 35.03302 29.76538 21.59269 18.1661 14.22026 13.13229 11.27305 12.56489 15.92642 18.52073 17.22684 15.46492 12.03278 7.347913 7.207036 9.109241 9.676829 9.818473 7.904226 7.929611 11.04229 10.33092 9.577845
41.3884 41.69321 41.87654 42.23254 41.3794 39.7853 38.01143 35.47705 35.33278 34.96413 35.7252 36.42109 35.80552 35.74771 36.98524 34.75558 33.06385 32.85888 33.88074 33.67731 35.48775 36.8298 34.60344 33.54465 31.09595 28.0006 25.43707 22.40714 21.00447 22.37711 30.88444 35.99202 40.5669 42.76357 42.64172 38.62944 35.23829 33.74456 31.07947 26.12559 26.01925 25.01136 22.01451 19.60537 23.66048 30.54166 29.22829 28.01756 29.30775 22.15825 19.16803 16.80909 15.07801 13.65388 14.85305 15.75564 13.4818 10.20083 14.30177 13.21895 10.32515 10.14389 10.3261
40.03274 39.43241 39.07984 37.93898 37.6125 36.26461 35.11531 32.87051 32.8356 33.20709 34.04065 35.0599 35.76056 35.32379 34.55016 33.25085 31.5159 30.36716 30.5604 30.65352 33.26591 34.49366 35.2203 34.64248 32.31332 28.94141 27.53403 24.51664 25.03598 30.43899 38.26218 43.45831 45.63778 44.05022 43.22393 44.3458 42.61708 38.2964 34.84436 27.44893 22.11508 21.56244 21.22963 23.97379 33.14104 42.26289 49.61818 56.55524 49.41037 34.36051 21.05451 19.01831 22.46424 30.30602 39.05319 46.62543 44.84057 50.59124 50.59639 41.90419 33.32622 25.46815 22.77246
39.67606 37.77179 36.9946 36.62297 35.70821 34.0487 33.02281 32.04901 32.17508 32.02703 32.33929 33.35915 33.75031 33.57037 32.81454 32.37191 31.30767 30.43926 29.9638 28.8443 29.17553 29.22906 30.58195 30.95765 31.69989 32.22511 32.29131 35.50719 39.57059 41.4514 43.84827 44.15848 43.73191 41.40976 41.13803 42.56129 42.29058 39.15749 36.39112 30.39245 24.50054 21.83225 26.21708 30.99955 41.76533 48.68999 51.20811 49.51382 47.59186 46.41361 43.18755 40.37482 42.46157 48.90038 58.40438 69.17391 79.48421 87.63339 79.05008 69.93102 62.93871 55.69559 45.93038
39.60238 37.53613 35.62736 36.69303 35.25553 34.04463 31.58708 31.99113 31.02911 30.0366 29.59265 30.44247 30.25301 30.50918 31.36795 31.99343 34.87453 35.34732 32.15025 29.89412 30.36342 27.7301 27.6484 27.92628 29.67028 32.10569 37.69504 45.23149 51.0032 52.21124 50.24514 43.3349 41.43898 37.30237 34.90271 33.02242 28.14638 28.74563 27.98859 28.05584 29.36653 36.94278 48.23594 51.01266 53.283 56.55177 53.69914 50.35421 51.29375 58.42524 66.04365 69.41679 68.75362 73.86037 71.37698 74.33372 78.14456 72.87195 68.83417 65.64258 61.89531 55.82462 51.37729
39.4822 38.98918 39.18537 37.45203 35.17491 33.62379 32.09441 30.69537 29.51792 28.37447 26.89617 26.14288 26.44301 27.30654 29.68979 32.61608 33.96494 33.74348 33.94723 34.0075 31.92122 30.0776 28.16204 25.65853 25.83105 28.45466 32.85221 38.73277 43.19469 42.57877 41.64381 37.29688 36.22364 32.02864 31.54301 30.52745 26.8482 27.57178 26.14344 27.02931 29.29752 37.27444 44.46422 49.75229 51.42048 54.44902 58.98341 60.95668 64.0351 68.47833 71.91908 71.93682 70.41269 67.09631 64.01824 61.32784 62.97549 56.30692 55.13137 55.39502 53.66841 52.32576 48.87988
37.18175 37.60318 37.77747 36.45881 33.97043 31.83451 28.98542 28.71081 27.83996 26.95488 25.65193 25.49407 24.22785 24.33567 24.83337 25.10046 26.69605 29.03723 30.91143 32.05238 30.45056 30.14072 27.86804 25.78752 24.31366 22.72225 24.95539 30.05535 34.83382 36.41038 36.91526 34.64053 33.00351 30.60351 30.73011 30.74064 27.032 27.33224 24.71662 22.71455 28.49611 38.06708 42.46046 45.81126 47.44064 50.05939 57.20929 61.15546 64.54578 67.74553 68.46108 66.91479 63.60409 60.46773 56.48219 52.55534 50.7295 47.53049 48.97141 51.98347 52.14272 52.15731 49.04225
35.08203 34.97375 34.92399 34.45975 32.43798 30.39215 28.32163 27.35326 26.17646 24.883 25.80186 25.28522 23.23 22.40567 21.13637 19.69016 20.34032 23.27928 25.77926 26.94553 28.30121 28.86924 28.24575 28.3634 25.91955 24.62592 25.93184 31.36419 33.58714 34.98808 37.35303 39.56628 39.37544 44.14271 39.17503 39.69355 31.69696 26.23639 22.52091 29.29347 38.26036 39.81083 37.3513 39.0875 37.32902 37.5259 45.81367 48.66182 55.04918 63.63113 63.64667 61.40216 57.54348 53.4523 46.81441 42.35893 41.51981 41.44016 44.22753 47.70482 51.07369 49.57173 47.0642
