py_wake/examples/data/AJ_ParqueFicticio/Rough survey   Sector 9   Height 200m   Orographic turn.grd
DSAA
73  159
 258469   265669
 6501692   6517492
-16.70535   11.8235
[rows 54 to 80 of 159, columns 0 to 60 of 73]
1.097395 1.103909 1.079296 1.109317 1.136013 1.148023 1.125175 1.113334 1.081651 1.012251 .96672 .9062161 .8795558 .8324673 .8323528 .8307011 .7473226 .707162 .710707 .729434 .6990987 .7017887 .7393567 .6537234 .6224781 .6501166 .6514599 .7235407 .8876719 1.025481 .9322253 .6404654 .2209305 -.02180095 -.1917625 -.5015619 -.9544168 -1.532172 -2.141342 -2.390641 -2.522101 -2.645864 -2.864427 -2.966082 -2.790268 -2.349324 -1.859427 -1.303905 -.4266288 .628285 1.787367 2.677377 2.930146 2.800191 3.167274 4.264956 5.220043 5.263454 4.390561 3.374867 3.218316
1.081704 1.078411 1.092117 1.124143 1.168513 1.163611 1.112371 1.086365 1.053767 1.013088 .9762735 .921583 .9196964 .8574833 .7874818 .7839149 .7352301 .7142178 .7317728 .7887119 .7384503 .667366 .677736 .6343282 .5865267 .6122121 .6012461 .6197318 .7449557 .8558981 .7460631 .2821304 -.2477899 -.5605627 -.7485946 -.9083592 -1.322301 -1.958411 -2.711114 -3.035205 -2.994504 -3.060789 -3.109195 -3.127094 -2.918328 -2.354324 -1.884082 -1.312227 -.4014878 .7535049 2.03016 2.941769 3.184677 2.99663 3.133091 4.110306 5.204237 5.427963 4.654317 3.581406 3.016051
1.071421 1.083602 1.139849 1.144265 1.176552 1.106533 1.097709 1.081532 1.086585 1.029441 .9843618 .9179655 .9286029 .9092618 .7779589 .7490612 .7228935 .6987194 .7000331 .7529181 .6729754 .5982212 .5783104 .5790577 .5386423 .5653018 .5156077 .4286462 .4428328 .5309032 .4313809 -.06290677 -.6715242 -1.083912 -1.21744 -1.249791 -1.480863 -2.120529 -2.952407 -3.349913 -3.301484 -3.252903 -3.253739 -3.093068 -2.762199 -2.246972 -1.770081 -1.234577 -.3764596 .8006037 2.011792 2.918837 3.246389 3.070026 3.071072 4.00269 5.106338 5.488893 4.924565 3.856268 3.084421
1.038707 1.151361 1.19418 1.145916 1.177265 1.120614 1.100741 1.115492 1.097184 1.044344 .9833002 .9203855 .8668532 .8891085 .7979036 .7411706 .7135103 .7063236 .7010847 .7320487 .6459743 .5745599 .5492338 .5119457 .4800965 .4897597 .450696 .2855243 .1150509 .2504749 .2654459 -.1512617 -.7549497 -1.197572 -1.331477 -1.331133 -1.43248 -2.003287 -2.741276 -3.24299 -3.307958 -3.187702 -2.97355 -2.705865 -2.323211 -1.804885 -1.385249 -.9893807 -.2943218 .7397614 1.899747 2.819339 3.192991 3.023654 2.916501 3.70149 4.867848 5.41937 5.074485 4.077291 3.191514
1.147954 1.280821 1.271233 1.192963 1.180118 1.185744 1.142346 1.158594 1.132792 1.077772 .9956031 .9208894 .9030421 .9382367 .8530821 .7685413 .7363842 .7159668 .7003258 .7096903 .6451948 .5675731 .5223052 .4324895 .4455512 .4410537 .3977097 .3101417 .2047414 .2856477 .416833 .07570878 -.4559556 -.8953972 -1.095507 -1.087179 -1.104653 -1.623128 -2.327808 -2.850766 -3.008615 -2.918113 -2.627475 -2.192799 -1.704183 -1.229182 -.8419721 -.50482 .008235079 .7599965 1.782595 2.717003 3.12942 2.964383 2.817094 3.508513 4.670281 5.348425 5.154616 4.240298 3.223894
1.225825 1.291581 1.375919 1.32688 1.202469 1.179516 1.174652 1.19291 1.178271 1.110766 1.037697 .9791508 .9114358 .9501624 .9059827 .8207073 .749261 .7361473 .7079343 .7140455 .642329 .5547238 .4959497 .4362168 .4075249 .4248092 .4757751 .5074215 .5313827 .6774251 .7324772 .5147366 .07218444 -.428902 -.5931826 -.6786924 -.8008466 -1.168449 -1.835423 -2.378063 -2.588815 -2.560084 -2.303893 -1.781079 -1.131615 -.6670018 -.3231567 -.00278252 .3149037 .8669096 1.661554 2.526675 3.060768 2.96212 2.743189 3.310935 4.463783 5.212752 5.157317 4.394691 3.371023
1.165058 1.243428 1.362825 1.372289 1.226072 1.132122 1.140384 1.222648 1.206265 1.153172 1.099343 1.034504 .975424 .9685436 .9104703 .8252203 .7390703 .7140902 .7066654 .7071729 .6807834 .5799184 .5160764 .4142602 .3686465 .3822732 .4889603 .6112816 .7556183 .9250754 .9656816 .7773418 .445081 .03719793 -.2269965 -.3332755 -.4715393 -.8026213 -1.29618 -1.824327 -2.072747 -2.072446 -1.884126 -1.42189 -.7679543 -.2870041 .09430307 .3825512 .6747816 .9948714 1.57438 2.271159 2.844471 2.885618 2.658693 3.085279 4.193267 4.987376 5.097007 4.549097 3.650454
1.150839 1.290357 1.336114 1.367215 1.334368 1.226419 1.193592 1.227085 1.246279 1.191184 1.138272 1.093246 1.014006 .9466975 .8769899 .8009576 .7143058 .700642 .7298927 .711919 .7189326 .597613 .5123993 .4116313 .3334649 .3484966 .4408691 .6065055 .7397109 .9029029 .9872397 .8289388 .5640392 .2165918 .05537812 -.0189077 -.1832656 -.4778292 -.9175476 -1.299534 -1.563064 -1.740167 -1.651288 -1.162284 -.5096456 -.01534042 .3840592 .7552863 1.095718 1.301469 1.583179 2.069703 2.57072 2.686696 2.557526 2.867064 3.874859 4.807075 5.06359 4.717939 4.061683
1.167314 1.290098 1.31913 1.352778 1.324531 1.288343 1.21042 1.212336 1.209201 1.187513 1.158684 1.106144 1.016694 .9269611 .8733974 .8037531 .7248917 .72614 .7473586 .7288091 .7616269 .6847325 .5511792 .4121383 .3154571 .2758746 .3464473 .5226111 .7505682 .9832733 .9790843 .8021625 .5419029 .3893224 .2840188 .2164664 .07517526 -.1992106 -.5948038 -.9320903 -1.236915 -1.50341 -1.466989 -1.052474 -.3142652 .1797805 .5800519 .9795803 1.481543 1.695078 1.703957 1.879435 2.248973 2.412111 2.417098 2.701911 3.611317 4.627109 5.105673 4.974588 4.495803
1.173191 1.31181 1.35959 1.348678 1.312881 1.277866 1.232514 1.251429 1.229317 1.19504 1.169548 1.071998 1.01452 .9666001 .9000465 .8626146 .7950473 .7909079 .7743557 .7773305 .8391563 .8097183 .6656726 .492142 .3682635 .3319505 .3037076 .4832543 .7720445 1.055231 1.105262 .9453544 .7378048 .6090237 .5299389 .4462607 .33745 .05924824 -.2898205 -.6249641 -.9662759 -1.184538 -1.20554 -.8478588 -.2445746 .333068 .697543 1.189362 1.704864 2.100434 2.119247 1.924884 1.953687 2.141455 2.374779 2.745339 3.626958 4.698596 5.344205 5.394799 5.038573
1.179494 1.340034 1.373527 1.381608 1.365305 1.336585 1.327196 1.339767 1.273167 1.194278 1.173355 1.113146 1.042968 1.009637 .9532633 .9085565 .8285148 .7996724 .7980534 .8393916 .8836423 .9186187 .8213812 .6422044 .5190451 .401994 .4426211 .6289477 .9228343 1.218958 1.3173 1.179545 .976589 .8604131 .8250797 .794604 .7049075 .4107365 .0565537 -.3193844 -.5867551 -.8242098 -.8791377 -.6491663 -.1360146 .346392 .7873578 1.338207 1.82232 2.206368 2.42328 2.199239 1.945826 1.949259 2.223093 2.79662 3.766993 4.951174 5.794181 5.986687 5.817235
1.158901 1.333324 1.382999 1.413052 1.424635 1.419166 1.412434 1.432562 1.335338 1.199054 1.182003 1.139683 1.079754 1.059315 .9974584 .9389977 .8440013 .8291823 .8019885 .8323019 .8991309 .9724733 .9439006 .7799513 .7000166 .64937 .7215843 .9082913 1.163368 1.406194 1.540758 1.417538 1.297947 1.315613 1.312145 1.290964 1.171158 .8448687 .4510875 .1763809 -.1403959 -.4613343 -.6294877 -.5316243 -.1624981 .2903575 .7595022 1.292057 1.709224 2.127503 2.548072 2.571209 2.165543 1.841696 2.013725 2.630979 3.704882 4.831803 5.824881 6.368427 6.16092
1.161852 1.316427 1.393344 1.451476 1.490947 1.521029 1.500717 1.477788 1.353153 1.216184 1.179549 1.146429 1.099823 1.068252 1.038161 .9395159 .8498633 .812833 .7732131 .7767714 .8791237 .9870654 .9716384 .9508421 .9839932 .9894292 1.048406 1.200402 1.431921 1.602013 1.691998 1.608325 1.555376 1.713068 1.768138 1.75463 1.642305 1.248716 .8789349 .6094926 .2614063 -.05103935 -.3100424 -.3516402 -.2077256 .1133163 .6333897 1.191965 1.552129 1.882093 2.442906 2.746383 2.418863 1.858499 1.663087 2.22646 3.260396 4.452042 5.367222 5.972556 5.952557
1.208399 1.290304 1.383824 1.482701 1.536122 1.600389 1.583295 1.526593 1.416748 1.320452 1.243893 1.186429 1.146479 1.10515 1.036954 .9770756 .888866 .8011748 .7193357 .7616181 .8448894 .9753326 1.089151 1.16633 1.251756 1.304824 1.334644 1.53265 1.710185 1.828595 1.852388 1.75918 1.705984 1.944162 2.063091 2.040288 1.971942 1.704723 1.292134 .9523022 .5936793 .3201054 .0418841 -.1265417 -.1169883 .06164312 .4849623 1.04417 1.432957 1.697006 2.231648 2.698718 2.578256 2.042268 1.558724 1.676589 2.560844 3.782678 4.80681 5.389628 5.538622
1.230682 1.280939 1.355404 1.477992 1.596366 1.669897 1.655783 1.59315 1.511337 1.421287 1.333483 1.267337 1.184616 1.144717 1.091941 1.040475 .9368588 .814858 .7456819 .7729696 .8449227 1.003654 1.221857 1.341392 1.448079 1.502517 1.611046 1.797012 1.980608 2.117514 2.085084 1.919482 1.846255 2.00678 2.199654 2.152688 2.118546 1.9393 1.562735 1.267265 .8988932 .4969787 .1938928 .02894398 -.0739301 .05837732 .4845645 1.069344 1.536429 1.796201 2.238364 2.666695 2.69477 2.326966 1.785168 1.534965 2.051025 3.130507 4.154064 4.913478 5.244776
1.319364 1.275258 1.326792 1.470622 1.632161 1.751085 1.688159 1.696656 1.625474 1.560114 1.467921 1.356258 1.21792 1.168383 1.138662 1.065693 .9698578 .816247 .7703391 .7905357 .8692144 1.033924 1.263808 1.432525 1.554588 1.648546 1.774644 2.006811 2.229167 2.383842 2.340732 2.132067 1.947695 1.994719 2.153393 2.121406 2.071489 1.907923 1.632915 1.365907 .9652855 .6598426 .4144523 .2451021 .06142646 .01188913 .3902202 1.061553 1.664668 2.018753 2.449391 2.940835 3.086736 2.857318 2.296181 1.737003 1.691666 2.557917 3.596901 4.356746 4.800571
1.466274 1.347207 1.307964 1.473222 1.64417 1.769254 1.757091 1.77724 1.753423 1.685383 1.603227 1.457596 1.279711 1.203153 1.115137 1.042945 .9211949 .848316 .8315582 .8389093 .9150291 .9928386 1.242764 1.455343 1.614978 1.749779 1.994295 2.199821 2.423592 2.607651 2.582828 2.366936 2.035975 1.906575 1.935798 1.957247 1.879849 1.756541 1.525771 1.36242 1.104148 .7795258 .6115108 .4050694 .2763869 .1271199 .3935889 1.000545 1.648333 2.248136 2.840741 3.430875 3.742901 3.478553 2.61379 1.762508 1.470553 2.004679 2.912451 3.684499 4.198067
1.589084 1.467655 1.365612 1.434917 1.557948 1.725857 1.797921 1.861134 1.88445 1.825454 1.704018 1.521356 1.315391 1.186761 1.095009 1.05828 1.049031 1.010929 .9660106 .9258664 .9285221 1.01697 1.25034 1.499326 1.700887 1.900372 2.147283 2.395056 2.68792 2.874347 2.770846 2.393604 1.986391 1.766496 1.720832 1.670839 1.587173 1.465314 1.415864 1.280381 1.236341 1.005367 .7711609 .5916075 .4425508 .3071682 .3793192 .8226737 1.469901 2.197035 2.913469 3.540174 3.808289 3.421835 2.463762 1.390455 .9431397 1.37126 2.134391 2.833432 3.363508
1.616268 1.478481 1.385271 1.405732 1.528284 1.682257 1.823152 1.920516 1.963185 1.90804 1.758113 1.595235 1.441069 1.318147 1.202791 1.208716 1.251389 1.227674 1.17145 1.078057 1.016503 1.131734 1.315437 1.591821 1.828263 2.018437 2.2855 2.584522 2.908961 2.995407 2.86226 2.440127 1.973666 1.665681 1.571738 1.479957 1.366661 1.314147 1.29705 1.30879 1.323658 1.147187 .9604061 .7756216 .6260682 .4645318 .460679 .6908622 1.267272 1.889154 2.461645 2.918045 3.171202 2.99527 2.100127 .8715583 .2927298 .6898332 1.335942 2.013621 2.515131
1.575515 1.482045 1.435561 1.53929 1.612306 1.690931 1.798596 1.943724 2.044746 2.005724 1.885435 1.757633 1.66026 1.557078 1.449642 1.372205 1.464322 1.46101 1.394359 1.295728 1.237169 1.345826 1.500254 1.759579 1.985915 2.162116 2.395136 2.714446 3.022484 3.12202 2.912216 2.526659 2.070092 1.693033 1.528195 1.443661 1.324203 1.242534 1.217625 1.235657 1.245846 1.191704 1.118637 1.017355 .8607738 .7723016 .6199722 .8163133 1.186332 1.641746 2.097128 2.447756 2.657514 2.628799 1.942382 .7724521 .02394592 .2048483 .6908414 1.297515 1.741065
1.618829 1.567233 1.547134 1.652891 1.760918 1.693916 1.725887 1.928544 2.117655 2.119786 2.038479 1.936464 1.883535 1.833035 1.669526 1.567174 1.639985 1.648913 1.624422 1.559304 1.506397 1.577221 1.713137 1.943743 2.128225 2.3123 2.491886 2.800303 3.115803 3.244402 3.052245 2.639536 2.175853 1.829279 1.629995 1.477453 1.348248 1.253271 1.254102 1.312584 1.33193 1.347077 1.36111 1.346551 1.335526 1.268499 1.117833 1.21378 1.438373 1.799195 2.124612 2.389307 2.596025 2.668732 2.191345 1.269217 .4438667 .1888559 .4327121 .8835174 1.30907
1.739535 1.689522 1.657734 1.756138 1.861291 1.798298 1.753198 1.936367 2.159665 2.212506 2.168216 2.125593 2.081913 2.092978 1.962855 1.781884 1.781799 1.782211 1.783657 1.799744 1.734557 1.823224 1.961853 2.136601 2.31666 2.49012 2.669867 3.003298 3.356716 3.577219 3.400069 2.916515 2.454692 2.068512 1.768475 1.527369 1.396241 1.343325 1.413117 1.547537 1.696221 1.797041 1.893318 2.116023 2.081447 2.104666 1.986811 1.827967 1.823366 1.972662 2.265282 2.57712 2.921556 3.077147 2.879644 2.213378 1.247908 .6713238 .5865216 .8205017 1.228995
1.868621 1.808531 1.783889 1.818613 1.949118 1.930208 1.927758 2.051937 2.247987 2.327391 2.31661 2.292067 2.259571 2.291071 2.186445 2.018241 1.948917 1.921637 1.897282 1.930644 1.9828 2.089794 2.182186 2.351039 2.544761 2.742687 2.969914 3.343197 3.710529 3.910109 3.690721 3.234818 2.686281 2.226722 1.873858 1.620841 1.540201 1.56647 1.61114 1.841372 2.023954 2.174863 2.525458 2.725112 2.818716 2.697769 2.467254 2.125013 1.939897 1.914422 2.186261 2.59959 3.080403 3.464036 3.415177 2.710938 1.80649 1.051827 .6928663 .8420136 1.108182
1.980954 1.95804 1.930111 1.936349 2.082357 2.19461 2.209246 2.277512 2.382823 2.445088 2.461047 2.470229 2.459483 2.451428 2.378434 2.284921 2.196056 2.10873 2.059013 2.10753 2.147137 2.241518 2.389261 2.524121 2.703013 2.990834 3.292537 3.689353 4.032784 4.117981 3.758062 3.324164 2.739978 2.317366 2.018432 1.838635 1.811578 1.836603 1.906748 2.135615 2.326578 2.5301 2.749011 2.831293 2.686189 2.344718 2.142432 1.817602 1.537477 1.544704 1.80351 2.261984 2.756454 2.987641 2.82749 2.287487 1.66258 .891301 .3683931 .2117127 .4522834
2.110039 2.118579 2.096708 2.148483 2.315306 2.428714 2.478535 2.546316 2.565782 2.593156 2.604938 2.589121 2.625744 2.608898 2.576581 2.540936 2.459429 2.367158 2.283693 2.286099 2.278913 2.413259 2.566853 2.70573 2.866464 3.127989 3.44604 3.821548 4.045958 3.962859 3.661787 3.187952 2.638535 2.319131 2.083209 1.929065 1.893779 1.989527 2.073639 2.25542 2.49088 2.680497 2.721518 2.55135 2.145561 1.786363 1.444178 1.241198 1.148743 1.130951 1.300671 1.638208 1.914685 1.989364 1.706543 1.275333 .6638787 .01622805 -.461663 -.7027689 -.6900014
2.261071 2.316039 2.301725 2.353985 2.488904 2.628435 2.733605 2.767755 2.742223 2.765033 2.773225 2.77795 2.816772 2.828538 2.812719 2.743157 2.671779 2.600243 2.499224 2.478847 2.487006 2.62585 2.758929 2.915052 3.005241 3.177205 3.449022 3.774439 3.915308 3.852637 3.55291 3.092553 2.603636 2.302532 2.122155 2.010488 2.039315 2.107589 2.203666 2.370347 2.499339 2.502949 2.273417 1.998758 1.572799 1.255991 .9855362 .7883294 .7074924 .6238007 .6022167 .7001981 .794157 .8072478 .6810672 .3164101 -.1864273 -.7261837 -1.211445 -1.484442 -1.513688
2.425787 2.502331 2.522973 2.508764 2.629988 2.771551 2.902109 2.93212 2.992475 3.043215 3.043954 2.996532 3.07175 3.043696 2.961547 2.895662 2.839065 2.738811 2.694259 2.678822 2.670507 2.832186 2.950705 3.065677 3.099882 3.211168 3.411361 3.697043 3.855215 3.845729 3.556283 3.106748 2.649678 2.377475 2.271035 2.138571 2.199992 2.196459 2.320529 2.406506 2.349102 2.03472 1.601402 1.291038 1.070874 .8092222 .5847037 .3520929 .2261094 .04552127 -.07859223 -.1647307 -.1203455 -.0421662 -.03119598 -.1894865 -.5691091 -1.015077 -1.488805 -1.839661 -2.006008
