py_wake/examples/data/AJ_ParqueFicticio/Rough survey   Sector 12   Height 200m   Orographic turn.grd
DSAA
73  159
 258469   265669
 6501692   6517492
-15.16757   14.57971
[rows 27 to 53 of 159, columns 0 to 60 of 73]
-.532856 -.5105036 -.4923496 -.4959739 -.5404995 -.5768343 -.5931388 -.6114615 -.6124883 -.5879907 -.6310386 -.7148407 -.7896059 -.876371 -.9181026 -.9622409 -.9795089 -1.035257 -1.061795 -1.075441 -1.093122 -1.07392 -1.142007 -1.16449 -1.189806 -1.164223 -1.109357 -1.047592 -1.077025 -1.084306 -1.090659 -1.093002 -1.082052 -1.012243 -.9611488 -1.118892 -1.234058 -1.26518 -1.315921 -1.180859 -1.14435 -1.551028 -2.085783 -2.941835 -3.653417 -4.197411 -4.778188 -5.282278 -5.74161 -6.09498 -6.295543 -6.541225 -6.762946 -6.6665 -6.201468 -5.935518 -5.824719 -5.482655 -4.689701 -3.642866 -2.900618
-.5414008 -.5067253 -.5088087 -.5042986 -.5153005 -.5412641 -.5447995 -.5711299 -.5401411 -.5484947 -.604997 -.6749666 -.7541845 -.8288828 -.8751625 -.8906732 -.9570991 -1.016362 -1.041841 -1.047712 -1.027075 -1.017837 -1.08313 -1.11805 -1.130322 -1.132183 -1.092575 -1.085296 -1.047817 -1.067685 -1.088066 -1.0742 -1.064916 -1.019712 -.9810808 -.9393848 -.9897956 -1.160842 -1.238068 -1.28273 -1.310353 -1.471665 -1.864692 -2.504022 -3.182689 -3.749782 -4.152965 -4.609467 -5.053404 -5.400883 -5.617562 -5.832433 -6.110184 -6.14458 -5.862754 -5.579345 -5.384347 -5.070609 -4.301675 -3.308113 -2.54956
-.5417956 -.5308986 -.5132357 -.5037044 -.5108004 -.5110919 -.5119824 -.5507209 -.5355142 -.5223442 -.558691 -.6296197 -.6849782 -.774022 -.8302748 -.85831 -.90906 -.9626793 -.9822873 -1.004073 -.9612393 -.9497973 -1.007018 -1.050762 -1.071767 -1.062274 -1.023445 -1.041383 -1.025971 -1.008872 -.9786612 -.942602 -.8966445 -.7595145 -.5980221 -.5860975 -.7906871 -.9654635 -1.0841 -1.171792 -1.168943 -1.266615 -1.602273 -2.09182 -2.63492 -3.106245 -3.415447 -3.6867 -4.007769 -4.333467 -4.619044 -4.991344 -5.391277 -5.661889 -5.579391 -5.330156 -5.102451 -4.72027 -3.944587 -2.994099 -2.212846
-.5201093 -.508285 -.5256106 -.4977073 -.4836207 -.5068355 -.5086671 -.5452271 -.5497115 -.536037 -.5449622 -.5717119 -.6281562 -.7607238 -.7797843 -.817886 -.881852 -.9316286 -.9355538 -.961976 -.9267905 -.927227 -.9416223 -.9976801 -.9738796 -.9738703 -.9782606 -.9578409 -.9379171 -.8874124 -.833827 -.7715512 -.6657217 -.5631515 -.528492 -.5950058 -.6884528 -.7662822 -.9086056 -1.001055 -1.070874 -1.106421 -1.309971 -1.644257 -2.076979 -2.424726 -2.684781 -2.847066 -3.108059 -3.400999 -3.794963 -4.282845 -4.811738 -5.298573 -5.445574 -5.406857 -5.262895 -4.75123 -3.812848 -2.811539 -2.033986
-.5117308 -.4927441 -.4980246 -.4791023 -.4782968 -.5009844 -.499532 -.5294477 -.5212454 -.5234146 -.5211017 -.5469609 -.5780872 -.6951331 -.7612001 -.8009179 -.8493304 -.9100986 -.9307297 -.9223297 -.8832453 -.9008728 -.8874106 -.9028468 -.9124164 -.9109891 -.8880503 -.8825603 -.8183588 -.7392055 -.7440263 -.7432097 -.6854178 -.5541006 -.5044898 -.5217961 -.5930446 -.6336739 -.786007 -.963495 -1.022269 -1.022832 -1.059804 -1.255433 -1.5473 -1.84575 -2.092702 -2.33271 -2.566042 -3.023123 -3.510885 -4.047033 -4.673721 -5.303111 -5.733196 -5.943649 -5.764976 -5.02911 -3.894813 -2.756631 -1.805496
-.4600623 -.4651284 -.4836373 -.4703709 -.4855911 -.4855511 -.5157755 -.5164206 -.5126111 -.5145579 -.5086274 -.5289604 -.5440218 -.5856772 -.6599846 -.7406591 -.8022678 -.8859396 -.9025201 -.8534515 -.839289 -.8544663 -.8456427 -.8419757 -.8622604 -.7996617 -.7983505 -.7510887 -.6747521 -.6410214 -.6431304 -.6258529 -.5776589 -.4983722 -.4086797 -.4015588 -.4561417 -.5182237 -.7243947 -.9235905 -1.029709 -1.0245 -1.019599 -1.006389 -1.158025 -1.413495 -1.72386 -2.029738 -2.432212 -2.980415 -3.63801 -4.343963 -5.05897 -5.778465 -6.355661 -6.619228 -6.315096 -5.300674 -3.965006 -2.549989 -1.476486
-.4207901 -.4626108 -.4685768 -.4909444 -.499425 -.4938993 -.5028904 -.5122546 -.5180023 -.5032456 -.502744 -.5258067 -.5161297 -.5179445 -.5836342 -.646098 -.7411734 -.8510997 -.84616 -.8434133 -.8070689 -.8325284 -.8417264 -.8070423 -.8129477 -.7779612 -.7039146 -.6807737 -.6134255 -.5688903 -.5646155 -.5280366 -.4822974 -.3978535 -.2977113 -.232155 -.2968726 -.3510498 -.5785543 -.7989419 -1.030191 -1.174353 -1.158813 -.9771859 -.8371782 -1.002145 -1.370828 -1.775509 -2.252866 -2.919338 -3.695927 -4.532633 -5.331809 -6.087806 -6.785063 -7.053184 -6.583282 -5.342749 -3.698282 -2.067343 -.8681397
-.4339029 -.4800651 -.4908154 -.5024932 -.5079854 -.5340595 -.5341722 -.5335729 -.5379781 -.5286133 -.52533 -.4964202 -.5111219 -.4871937 -.5149243 -.6269736 -.7406474 -.8010471 -.7965758 -.7748308 -.8042644 -.7891508 -.8051727 -.7721468 -.7532679 -.692082 -.6425296 -.5986652 -.5487493 -.5435016 -.4990677 -.4438786 -.403508 -.2850432 -.2074047 -.08031664 -.1422172 -.189762 -.3806957 -.6765196 -1.062907 -1.344702 -1.364238 -1.071698 -.6601621 -.5345082 -.8279877 -1.25443 -1.730637 -2.31061 -3.072099 -3.951449 -4.817445 -5.75262 -6.531665 -6.85098 -6.333315 -4.836853 -3.001849 -1.323957 -.2263858
-.4552881 -.5072701 -.510788 -.5362753 -.5276881 -.5470566 -.5732441 -.5446586 -.5348479 -.5362238 -.5105836 -.4836035 -.4761776 -.4866592 -.5188183 -.602869 -.6968044 -.7974378 -.7303713 -.7339141 -.7647318 -.7647848 -.7583072 -.7294957 -.688576 -.6243973 -.5654557 -.5309781 -.4661432 -.4423175 -.4115392 -.3386356 -.2699612 -.1652735 -.02031653 .1196833 .1469751 .08283565 -.08509117 -.407545 -.9583436 -1.354149 -1.477304 -1.169267 -.5012267 .02909583 .0258723 -.3469332 -.7449461 -1.282361 -1.939666 -2.888091 -3.862367 -4.853915 -5.73953 -6.096794 -5.590643 -4.03807 -2.135478 -.54136 .4505534
-.493394 -.5324628 -.5220519 -.5448387 -.5581359 -.5544513 -.5365811 -.5364917 -.5594963 -.5490687 -.5493654 -.4999027 -.4742508 -.4813848 -.5389505 -.6113518 -.6888109 -.7782924 -.8001537 -.7202616 -.7603458 -.7216004 -.7040091 -.6768721 -.6548893 -.5932156 -.5328289 -.4601844 -.3814633 -.3303694 -.2984955 -.2148343 -.103802 .05623687 .2454658 .4216819 .5428919 .5331292 .4184083 .08480302 -.4015378 -.951699 -1.248746 -1.033139 -.3641262 .5604863 .9115517 .6389104 .1630124 -.3770399 -1.164331 -2.146797 -3.264068 -4.275497 -5.073957 -5.452939 -4.863925 -3.268125 -1.334305 .3404909 1.286742
-.4846877 -.5306425 -.5288946 -.5456914 -.5592569 -.5521098 -.5924922 -.5995934 -.5884255 -.5888383 -.5687761 -.5404135 -.4969226 -.4988585 -.53993 -.5923789 -.6657398 -.7506866 -.8174855 -.7643471 -.7132281 -.6710775 -.6463321 -.620116 -.646389 -.5549483 -.4873972 -.376898 -.3007708 -.209714 -.1280079 -.0409925 .09527876 .2653688 .498989 .7508957 .98783 .997674 .9816718 .7788396 .2927895 -.2649994 -.6950386 -.7072467 -.1696683 .7521868 1.429127 1.312328 .72864 -.04496114 -1.005257 -2.038862 -3.161143 -4.160957 -4.894202 -5.101397 -4.43013 -2.713357 -.4953729 1.29958 2.397694
-.4742699 -.5188167 -.5444444 -.5605745 -.5810862 -.5823153 -.605959 -.5991418 -.6090665 -.6095935 -.6143907 -.6002848 -.5454997 -.4913489 -.5191703 -.5642363 -.6350678 -.710286 -.7809757 -.7640497 -.6046088 -.5799141 -.5685077 -.5627061 -.5845326 -.491544 -.4060415 -.3002135 -.2220978 -.1069705 .001862661 .08700284 .2589466 .4809019 .7339083 1.041819 1.408369 1.574724 1.678297 1.505787 1.09447 .5460228 .009177164 -.2097628 .07998578 .8785505 1.588448 1.626741 1.062858 .1522189 -.9828509 -2.072638 -3.111152 -4.032477 -4.721822 -4.851644 -4.078176 -2.183967 .2019342 2.28185 3.467153
-.4945152 -.536603 -.5817996 -.6019496 -.6072979 -.6361982 -.588024 -.615162 -.6359609 -.6420946 -.6308278 -.5982102 -.5008047 -.4629433 -.5074846 -.5382518 -.6180363 -.6744746 -.7066001 -.6143588 -.4779716 -.4916902 -.4860827 -.5128159 -.4926394 -.4349987 -.3291363 -.2337008 -.1372927 .02892846 .1556113 .2831505 .4512747 .6902418 .942739 1.365963 1.834648 2.16939 2.360638 2.225339 1.917899 1.437798 .8827739 .4907969 .5317534 1.156178 1.872296 2.030479 1.666569 .8700071 -.2990361 -1.361259 -2.347345 -3.274843 -4.029943 -4.246937 -3.601785 -1.763392 .6432065 2.766815 4.043678
-.4858029 -.528195 -.595253 -.6281536 -.6243013 -.6122614 -.5974277 -.631085 -.657052 -.6560771 -.6249641 -.5493423 -.473757 -.5069851 -.5124931 -.5469313 -.5781699 -.5888911 -.6060287 -.5454439 -.4556322 -.4622038 -.4466514 -.4480249 -.4526246 -.3581013 -.2571343 -.1345617 .01362413 .1640499 .321268 .4772698 .6515109 .8691471 1.158748 1.654163 2.176171 2.790375 3.0705 3.058466 2.83148 2.421628 1.883636 1.358528 1.187811 1.621584 2.320239 2.665825 2.437868 1.851511 .9731119 -.07180744 -1.080666 -2.101681 -2.973344 -3.490273 -3.083926 -1.563675 .6327878 2.646049 3.913851
-.5052229 -.5908914 -.6474431 -.6579736 -.6264297 -.6477844 -.6480724 -.6608872 -.7068539 -.688507 -.6297964 -.6073267 -.5595774 -.5490412 -.5276539 -.5332013 -.5361381 -.5379313 -.5465135 -.4954353 -.4916973 -.4861809 -.49558 -.46174 -.3970394 -.2641998 -.1497749 .003167628 .1461476 .2939902 .4693474 .634327 .8314283 1.074742 1.369874 1.846545 2.578926 3.338137 3.722363 3.800492 3.566356 3.215739 2.667655 2.077957 1.774006 2.032022 2.601064 2.963117 2.89883 2.494693 1.814581 .8545122 -.2160197 -1.313505 -2.390443 -3.04044 -2.936653 -1.825067 -.05457419 1.673746 2.968993
-.5898861 -.6705232 -.725894 -.7608934 -.7284933 -.6747662 -.6801915 -.7197579 -.7426709 -.7144835 -.6854216 -.668071 -.6565979 -.5889632 -.5364997 -.5504186 -.520534 -.522927 -.4954923 -.4854465 -.4905426 -.5156046 -.5382972 -.4770733 -.2817239 -.102816 .002408326 .1186043 .2434236 .4098868 .5629583 .7643093 .9427361 1.211989 1.560233 2.039364 2.758112 3.588458 4.146827 4.23421 3.938982 3.467803 2.901966 2.276297 1.878864 1.834135 2.154186 2.42589 2.31227 1.996732 1.474684 .6803675 -.347108 -1.495781 -2.550005 -3.203764 -3.21362 -2.354009 -1.01206 .4440017 1.569531
-.6617156 -.7567441 -.8424028 -.9236942 -.8531099 -.7298601 -.6790143 -.7522614 -.7896551 -.7776673 -.749141 -.7046128 -.6239406 -.5582974 -.5379725 -.5576944 -.5511728 -.5365782 -.472225 -.4733283 -.4855582 -.5088732 -.5120039 -.4056172 -.2352812 -.07937086 .03708663 .1747817 .3152116 .481172 .6577815 .8204728 1.058262 1.296622 1.616508 2.091987 2.727239 3.499391 4.060115 4.1689 3.904202 3.288238 2.614413 1.854989 1.211971 .8760583 .8649412 1.043725 .965296 .6709083 .2599703 -.451087 -1.362813 -2.317413 -3.166417 -3.629147 -3.522585 -2.845467 -1.871273 -.7110378 .1063371
-.696038 -.7852049 -.8819251 -1.005387 -.9693099 -.8432203 -.7392514 -.7536815 -.7559334 -.7634762 -.7386832 -.6441169 -.5432987 -.5071837 -.5475349 -.5634523 -.5968211 -.5790768 -.5307931 -.4491568 -.4783577 -.4893988 -.4881195 -.4386552 -.3056861 -.1546541 -.005611775 .154188 .3088722 .5240907 .6815622 .8228721 1.057805 1.304887 1.576275 1.979389 2.566381 3.176852 3.703085 3.841884 3.570249 2.900278 2.066803 1.208334 .3222531 -.2493629 -.3887939 -.290391 -.2714856 -.5254499 -.9494332 -1.533448 -2.207036 -2.861288 -3.422682 -3.759506 -3.665924 -3.141077 -2.428737 -1.720417 -1.068922
-.748104 -.8209331 -.896234 -1.029211 -1.013535 -.8940987 -.7767678 -.7951697 -.773129 -.7363712 -.6830096 -.5918987 -.5390791 -.5368972 -.5727869 -.6128822 -.6491273 -.6385382 -.5779628 -.4874583 -.4836344 -.5172412 -.5348648 -.5233349 -.4110565 -.2613144 -.1048 .04834286 .2650325 .4650158 .6270437 .7358439 .992819 1.273321 1.456916 1.805136 2.386139 2.912737 3.252188 3.410733 3.239177 2.638268 1.776421 .9146047 .09088977 -.3633758 -.3841782 -.3085957 -.3527914 -.6555253 -1.095916 -1.532914 -1.980863 -2.418785 -2.878042 -3.352023 -3.550939 -3.297937 -2.946415 -2.415799 -1.928585
-.7824138 -.8704469 -.9475655 -1.023566 -1.011271 -.9526046 -.8841558 -.9166549 -.8796456 -.7735496 -.6764796 -.6223537 -.5697441 -.5873849 -.6590618 -.6856548 -.6832336 -.6643244 -.6034144 -.5211674 -.5303938 -.592162 -.6197527 -.5929908 -.4576232 -.3126622 -.2394519 -.09939157 .09481794 .2898658 .4573674 .5914491 .8509784 1.154577 1.292947 1.643929 2.196459 2.709759 3.029174 3.130519 3.052978 2.681439 2.059079 1.451527 .9248683 .6319442 .5151991 .4401232 .1753555 -.1969548 -.6295206 -.9795649 -1.255642 -1.596589 -2.090697 -2.77181 -3.323087 -3.531061 -3.369186 -3.031755 -2.593817
-.8032898 -.8959655 -.9600984 -1.075752 -1.081828 -1.036273 -.9954132 -1.028515 -1.024628 -.8961383 -.6829128 -.6242158 -.5708404 -.623047 -.6991751 -.720568 -.7034974 -.6706305 -.6159726 -.5817776 -.6431469 -.6879597 -.6727892 -.6011679 -.4828371 -.4460815 -.4048252 -.3010995 -.1328837 .0290031 .2218525 .4197602 .6534731 1.002401 1.158371 1.53387 2.040781 2.587113 2.946679 3.076867 3.087883 2.920607 2.622153 2.179455 1.710309 1.239111 .8649468 .5215492 .1000851 -.2480082 -.4803576 -.6019309 -.7407153 -1.0564 -1.584912 -2.329714 -3.111593 -3.593091 -3.657009 -3.607417 -3.339055
-.8528165 -.9355354 -1.008076 -1.07965 -1.115461 -1.104862 -1.09907 -1.102694 -1.134727 -1.007503 -.7606496 -.664451 -.6249292 -.641982 -.7231295 -.7502447 -.7511353 -.7088821 -.6563863 -.6849802 -.7379484 -.7536179 -.751488 -.7795517 -.7172 -.6434667 -.6301504 -.5013087 -.3558339 -.1816461 .007303634 .1466587 .4218005 .7953034 .9990895 1.367853 1.868873 2.408619 2.844027 3.058135 3.080888 3.008573 2.758682 2.333336 1.766061 1.079556 .4974208 .1094561 -.1699245 -.34981 -.3676626 -.4008228 -.6002474 -1.037116 -1.70892 -2.432328 -3.132333 -3.58024 -3.756156 -3.940276 -3.907652
-.9340209 -1.02906 -1.091247 -1.112759 -1.126791 -1.130864 -1.144839 -1.18075 -1.175224 -1.103469 -.9490302 -.7843097 -.7303549 -.7294758 -.7432196 -.7914918 -.800786 -.798063 -.7898396 -.7510568 -.7923659 -.8543694 -.8989797 -.9339829 -.9732886 -.8666734 -.8005885 -.7286751 -.5904039 -.4466721 -.2111869 .02406665 .2930866 .5625346 .7702675 1.126752 1.611187 2.120758 2.629125 2.856927 2.910881 2.797817 2.511183 2.113153 1.456288 .8073891 .4178934 .1935336 .1021032 -.005039042 -.1559889 -.3797147 -.7391062 -1.451138 -2.361649 -3.13387 -3.58341 -3.828006 -3.898736 -4.044868 -4.26672
-.9731746 -1.06629 -1.134013 -1.06919 -1.07958 -1.113396 -1.16858 -1.202364 -1.177295 -1.131834 -1.018861 -.8841871 -.7981449 -.7378154 -.7509015 -.8019755 -.8310575 -.8768559 -.8089666 -.7588736 -.8346161 -.8844866 -.9467197 -.9631257 -.9296573 -.8575834 -.9077231 -.8749663 -.7900189 -.6676475 -.466072 -.2244298 -.01125861 .1781487 .4008916 .7836781 1.300158 1.758913 2.251652 2.548274 2.680964 2.637043 2.370884 2.064887 1.656127 1.206447 .9968711 .8498366 .6603097 .2932629 -.2548425 -.8196161 -1.24019 -2.052722 -3.125664 -3.928059 -4.271611 -4.276974 -4.102726 -4.10166 -4.332903
-1.00104 -1.062583 -1.112121 -1.082022 -1.080474 -1.128161 -1.196282 -1.196558 -1.169386 -1.094167 -.9974068 -.8609202 -.7605435 -.7363345 -.7455892 -.7683694 -.771866 -.7955787 -.7798927 -.7712373 -.8422252 -.8918183 -.9156068 -.9104735 -.8659026 -.8723449 -.9519284 -.9428892 -.8994905 -.8466156 -.76866 -.6276296 -.3863357 -.2422158 -.05949133 .3267251 .8545222 1.337219 1.821152 2.257521 2.505666 2.648183 2.552197 2.445116 2.291619 2.009088 1.740972 1.397915 .8978707 .09635711 -.8564457 -1.595114 -2.004274 -2.613638 -3.610371 -4.529732 -4.890564 -4.701923 -4.308661 -4.117271 -4.281734
-1.027078 -1.079057 -1.151373 -1.132144 -1.128493 -1.150896 -1.203831 -1.214462 -1.149454 -1.0788 -.9656482 -.8600611 -.7956027 -.7656891 -.7894164 -.8091973 -.7797881 -.7828115 -.7944196 -.7784479 -.8188657 -.8786646 -.8442638 -.7981259 -.8049906 -.843139 -.8925268 -.9019912 -.9408928 -.986504 -.9731622 -.8013918 -.6128653 -.4876655 -.4110556 -.07415987 .4563882 1.099745 1.606946 1.968925 2.390512 2.754162 2.877133 2.900774 2.827818 2.510335 2.053858 1.53048 .7366171 -.328354 -1.520539 -2.340337 -2.64404 -2.915697 -3.75814 -4.800444 -5.324229 -5.089681 -4.342509 -3.932791 -4.115027
-1.057906 -1.114496 -1.142647 -1.153516 -1.14826 -1.173026 -1.183375 -1.168036 -1.108176 -1.041819 -.9477385 -.875535 -.8254651 -.811768 -.8414934 -.8764327 -.8252126 -.7867009 -.7732238 -.7813024 -.7251052 -.7815478 -.7798846 -.7407818 -.7509735 -.7816533 -.806579 -.8583046 -.9821812 -1.070807 -1.06162 -.8474335 -.5840837 -.4291774 -.3675143 .02152205 .6514682 1.142594 1.739303 2.132857 2.390392 2.803359 3.182456 3.303775 3.182649 2.749889 2.117674 1.458495 .5106008 -.6618838 -1.95384 -2.886998 -3.134398 -3.095668 -3.688159 -4.813984 -5.544481 -5.320994 -4.410347 -3.604979 -3.678329
