py_wake/examples/data/AJ_ParqueFicticio/Rough survey   Sector 8   Height 30m   Weibull-k.grd
DSAA
73  159
 258469   265669
 6501692   6517492
 .9746094   2.455078
[rows 56 to 83 of 159, columns 0 to 62 of 73]
2.384766 2.384766 2.380859 2.380859 2.380859 2.376953 2.376953 2.376953 2.373047 2.373047 2.373047 2.369141 2.369141 2.369141 2.361328 2.361328 2.361328 2.361328 2.357422 2.361328 2.357422 2.357422 2.357422 2.357422 2.357422 2.357422 2.353516 2.353516 2.353516 2.353516 2.353516 2.345703 2.353516 2.361328 2.341797 2.330078 2.322266 2.318359 2.333984 2.333984 2.291016 2.314453 2.302734 2.287109 2.244141 2.173828 2.119141 2.123047 2.134766 2.173828 2.162109 2.185547 2.224609 2.310547 2.337891 2.330078 2.267578 2.259766 2.302734 2.330078 2.357422 2.345703 2.330078
2.384766 2.384766 2.380859 2.380859 2.380859 2.376953 2.376953 2.376953 2.373047 2.373047 2.373047 2.369141 2.365234 2.365234 2.361328 2.361328 2.361328 2.361328 2.357422 2.361328 2.357422 2.357422 2.357422 2.353516 2.353516 2.353516 2.353516 2.357422 2.361328 2.353516 2.333984 2.345703 2.365234 2.361328 2.341797 2.330078 2.306641 2.314453 2.333984 2.330078 2.294922 2.283203 2.291016 2.283203 2.244141 2.193359 2.142578 2.150391 2.142578 2.158203 2.146484 2.193359 2.240234 2.330078 2.349609 2.333984 2.306641 2.283203 2.318359 2.330078 2.333984 2.345703 2.330078
2.384766 2.384766 2.380859 2.376953 2.373047 2.376953 2.376953 2.373047 2.373047 2.373047 2.373047 2.369141 2.369141 2.365234 2.365234 2.361328 2.361328 2.361328 2.357422 2.361328 2.357422 2.357422 2.357422 2.353516 2.353516 2.353516 2.353516 2.349609 2.341797 2.314453 2.314453 2.326172 2.333984 2.349609 2.330078 2.314453 2.294922 2.294922 2.310547 2.310547 2.283203 2.275391 2.279297 2.275391 2.232422 2.181641 2.146484 2.138672 2.138672 2.138672 2.130859 2.181641 2.251953 2.326172 2.341797 2.326172 2.306641 2.318359 2.330078 2.330078 2.341797 2.361328 2.330078
2.384766 2.384766 2.376953 2.365234 2.361328 2.373047 2.376953 2.373047 2.373047 2.373047 2.369141 2.369141 2.369141 2.365234 2.365234 2.365234 2.361328 2.361328 2.357422 2.361328 2.357422 2.353516 2.353516 2.353516 2.353516 2.353516 2.353516 2.349609 2.326172 2.259766 2.228516 2.263672 2.287109 2.287109 2.279297 2.259766 2.251953 2.267578 2.283203 2.283203 2.263672 2.275391 2.283203 2.275391 2.244141 2.201172 2.158203 2.134766 2.064453 2.025391 2.103516 2.181641 2.248047 2.302734 2.326172 2.314453 2.298828 2.306641 2.330078 2.330078 2.330078 2.361328 2.330078
2.384766 2.384766 2.376953 2.373047 2.369141 2.369141 2.376953 2.373047 2.373047 2.373047 2.369141 2.369141 2.369141 2.365234 2.365234 2.365234 2.361328 2.361328 2.357422 2.361328 2.357422 2.357422 2.357422 2.353516 2.353516 2.353516 2.353516 2.353516 2.337891 2.291016 2.220703 2.228516 2.251953 2.248047 2.205078 2.177734 2.185547 2.208984 2.244141 2.248047 2.240234 2.255859 2.287109 2.271484 2.255859 2.232422 2.220703 2.181641 2.091797 2.001953 2.056641 2.166016 2.255859 2.291016 2.302734 2.310547 2.302734 2.298828 2.330078 2.330078 2.330078 2.357422 2.337891
2.384766 2.384766 2.376953 2.380859 2.380859 2.376953 2.376953 2.373047 2.373047 2.373047 2.369141 2.369141 2.369141 2.365234 2.365234 2.365234 2.361328 2.357422 2.361328 2.361328 2.357422 2.353516 2.353516 2.353516 2.353516 2.353516 2.353516 2.353516 2.349609 2.322266 2.291016 2.267578 2.259766 2.248047 2.189453 2.154297 2.162109 2.181641 2.201172 2.220703 2.228516 2.236328 2.240234 2.259766 2.240234 2.244141 2.251953 2.244141 2.154297 2.037109 2.009766 2.095703 2.251953 2.283203 2.298828 2.275391 2.294922 2.310547 2.326172 2.330078 2.330078 2.333984 2.330078
2.388672 2.384766 2.380859 2.380859 2.380859 2.376953 2.376953 2.373047 2.373047 2.373047 2.369141 2.369141 2.369141 2.365234 2.365234 2.365234 2.361328 2.357422 2.361328 2.357422 2.357422 2.357422 2.357422 2.353516 2.353516 2.353516 2.353516 2.353516 2.349609 2.337891 2.322266 2.314453 2.306641 2.279297 2.232422 2.166016 2.158203 2.166016 2.181641 2.208984 2.224609 2.232422 2.240234 2.236328 2.244141 2.240234 2.240234 2.255859 2.244141 2.185547 2.103516 2.072266 2.197266 2.279297 2.287109 2.275391 2.271484 2.314453 2.330078 2.330078 2.330078 2.330078 2.330078
2.384766 2.384766 2.380859 2.380859 2.380859 2.376953 2.376953 2.373047 2.373047 2.373047 2.369141 2.369141 2.369141 2.365234 2.365234 2.365234 2.361328 2.361328 2.361328 2.357422 2.357422 2.357422 2.357422 2.353516 2.353516 2.349609 2.349609 2.345703 2.341797 2.330078 2.318359 2.330078 2.322266 2.302734 2.251953 2.177734 2.169922 2.169922 2.181641 2.193359 2.201172 2.212891 2.232422 2.240234 2.224609 2.240234 2.236328 2.236328 2.251953 2.275391 2.220703 2.126953 2.048828 2.197266 2.283203 2.283203 2.224609 2.306641 2.330078 2.330078 2.330078 2.330078 2.330078
2.384766 2.384766 2.380859 2.380859 2.380859 2.376953 2.376953 2.373047 2.373047 2.373047 2.369141 2.369141 2.369141 2.365234 2.365234 2.365234 2.361328 2.361328 2.361328 2.357422 2.357422 2.357422 2.357422 2.353516 2.345703 2.337891 2.341797 2.330078 2.318359 2.314453 2.318359 2.330078 2.326172 2.310547 2.263672 2.236328 2.197266 2.193359 2.197266 2.193359 2.185547 2.205078 2.189453 2.173828 2.201172 2.212891 2.244141 2.236328 2.244141 2.287109 2.271484 2.169922 2.017578 2.056641 2.251953 2.298828 2.259766 2.263672 2.314453 2.330078 2.330078 2.330078 2.330078
2.388672 2.384766 2.380859 2.380859 2.380859 2.376953 2.376953 2.373047 2.373047 2.369141 2.369141 2.369141 2.365234 2.365234 2.365234 2.361328 2.361328 2.361328 2.361328 2.357422 2.357422 2.353516 2.349609 2.349609 2.341797 2.333984 2.322266 2.298828 2.275391 2.279297 2.287109 2.322266 2.322266 2.298828 2.259766 2.244141 2.220703 2.205078 2.205078 2.193359 2.197266 2.216797 2.189453 2.158203 2.158203 2.216797 2.244141 2.240234 2.240234 2.291016 2.314453 2.263672 2.142578 2.072266 2.166016 2.302734 2.333984 2.326172 2.333984 2.330078 2.310547 2.271484 2.302734
2.388672 2.384766 2.380859 2.380859 2.380859 2.376953 2.376953 2.373047 2.373047 2.373047 2.369141 2.369141 2.365234 2.365234 2.365234 2.361328 2.361328 2.361328 2.361328 2.357422 2.357422 2.353516 2.353516 2.353516 2.341797 2.337891 2.314453 2.283203 2.251953 2.232422 2.248047 2.275391 2.298828 2.283203 2.263672 2.255859 2.236328 2.216797 2.197266 2.189453 2.201172 2.216797 2.173828 2.134766 2.119141 2.169922 2.244141 2.236328 2.212891 2.263672 2.318359 2.298828 2.283203 2.224609 2.197266 2.298828 2.333984 2.333984 2.333984 2.330078 2.314453 2.279297 2.236328
2.384766 2.384766 2.380859 2.380859 2.380859 2.376953 2.376953 2.373047 2.373047 2.373047 2.369141 2.369141 2.365234 2.365234 2.365234 2.361328 2.361328 2.361328 2.357422 2.357422 2.353516 2.353516 2.353516 2.353516 2.349609 2.341797 2.302734 2.279297 2.251953 2.228516 2.228516 2.248047 2.263672 2.255859 2.263672 2.259766 2.259766 2.255859 2.224609 2.205078 2.185547 2.142578 2.119141 2.087891 2.076172 2.173828 2.228516 2.232422 2.248047 2.294922 2.283203 2.298828 2.318359 2.322266 2.298828 2.322266 2.333984 2.333984 2.330078 2.330078 2.330078 2.330078 2.330078
2.384766 2.384766 2.380859 2.380859 2.380859 2.376953 2.376953 2.373047 2.373047 2.373047 2.369141 2.369141 2.365234 2.365234 2.365234 2.361328 2.361328 2.357422 2.357422 2.357422 2.353516 2.353516 2.353516 2.353516 2.353516 2.337891 2.318359 2.291016 2.255859 2.216797 2.205078 2.216797 2.240234 2.240234 2.240234 2.251953 2.259766 2.283203 2.275391 2.244141 2.244141 2.185547 2.107422 2.072266 2.068359 2.111328 2.111328 2.169922 2.201172 2.259766 2.267578 2.271484 2.294922 2.333984 2.333984 2.361328 2.349609 2.333984 2.330078 2.330078 2.330078 2.330078 2.330078
2.388672 2.384766 2.380859 2.380859 2.380859 2.376953 2.376953 2.373047 2.373047 2.373047 2.369141 2.369141 2.365234 2.365234 2.365234 2.361328 2.353516 2.357422 2.357422 2.357422 2.357422 2.357422 2.353516 2.353516 2.349609 2.330078 2.326172 2.306641 2.279297 2.224609 2.177734 2.173828 2.197266 2.216797 2.208984 2.236328 2.259766 2.279297 2.298828 2.283203 2.267578 2.255859 2.216797 2.166016 2.158203 2.138672 2.095703 2.068359 2.115234 2.142578 2.138672 2.212891 2.291016 2.326172 2.333984 2.345703 2.349609 2.333984 2.330078 2.330078 2.330078 2.330078 2.326172
2.384766 2.384766 2.380859 2.380859 2.380859 2.376953 2.376953 2.373047 2.373047 2.373047 2.369141 2.369141 2.365234 2.365234 2.365234 2.357422 2.361328 2.357422 2.357422 2.357422 2.357422 2.353516 2.353516 2.353516 2.341797 2.337891 2.330078 2.322266 2.294922 2.240234 2.220703 2.173828 2.158203 2.166016 2.181641 2.220703 2.248047 2.283203 2.302734 2.306641 2.287109 2.259766 2.251953 2.255859 2.232422 2.197266 2.158203 2.134766 2.138672 2.068359 1.900391 2.001953 2.154297 2.205078 2.322266 2.333984 2.353516 2.333984 2.326172 2.330078 2.330078 2.330078 2.326172
2.388672 2.384766 2.380859 2.380859 2.380859 2.376953 2.376953 2.373047 2.373047 2.369141 2.369141 2.369141 2.365234 2.365234 2.361328 2.357422 2.361328 2.361328 2.357422 2.357422 2.353516 2.353516 2.353516 2.353516 2.337891 2.341797 2.333984 2.326172 2.306641 2.287109 2.251953 2.216797 2.201172 2.158203 2.177734 2.208984 2.240234 2.271484 2.287109 2.287109 2.279297 2.271484 2.267578 2.279297 2.271484 2.259766 2.240234 2.220703 2.220703 2.177734 2.083984 2.013672 2.021484 2.001953 2.115234 2.291016 2.341797 2.330078 2.330078 2.330078 2.330078 2.326172 2.326172
2.384766 2.384766 2.380859 2.380859 2.376953 2.376953 2.376953 2.373047 2.373047 2.369141 2.369141 2.369141 2.365234 2.365234 2.353516 2.357422 2.361328 2.361328 2.357422 2.357422 2.353516 2.353516 2.349609 2.341797 2.345703 2.341797 2.341797 2.333984 2.326172 2.275391 2.240234 2.220703 2.189453 2.173828 2.181641 2.189453 2.232422 2.259766 2.275391 2.275391 2.279297 2.283203 2.298828 2.283203 2.275391 2.279297 2.271484 2.275391 2.275391 2.283203 2.310547 2.322266 2.306641 2.251953 2.123047 2.232422 2.287109 2.310547 2.322266 2.330078 2.330078 2.326172 2.326172
2.388672 2.384766 2.380859 2.380859 2.380859 2.376953 2.376953 2.373047 2.373047 2.373047 2.369141 2.369141 2.365234 2.361328 2.349609 2.349609 2.361328 2.361328 2.357422 2.353516 2.353516 2.349609 2.337891 2.330078 2.333984 2.333984 2.337891 2.341797 2.326172 2.283203 2.248047 2.244141 2.205078 2.201172 2.201172 2.201172 2.212891 2.228516 2.251953 2.271484 2.279297 2.294922 2.314453 2.298828 2.294922 2.279297 2.279297 2.283203 2.283203 2.302734 2.314453 2.333984 2.330078 2.322266 2.310547 2.298828 2.287109 2.251953 2.298828 2.318359 2.326172 2.326172 2.337891
2.388672 2.384766 2.380859 2.380859 2.380859 2.376953 2.373047 2.373047 2.373047 2.369141 2.369141 2.369141 2.365234 2.361328 2.349609 2.349609 2.361328 2.357422 2.357422 2.353516 2.353516 2.341797 2.330078 2.318359 2.318359 2.318359 2.326172 2.333984 2.318359 2.263672 2.259766 2.255859 2.255859 2.228516 2.216797 2.220703 2.208984 2.208984 2.220703 2.228516 2.251953 2.302734 2.314453 2.306641 2.314453 2.298828 2.291016 2.279297 2.275391 2.271484 2.275391 2.302734 2.322266 2.318359 2.326172 2.337891 2.310547 2.224609 2.220703 2.275391 2.298828 2.322266 2.326172
2.388672 2.384766 2.380859 2.380859 2.380859 2.376953 2.376953 2.373047 2.369141 2.369141 2.369141 2.369141 2.365234 2.365234 2.361328 2.361328 2.357422 2.353516 2.357422 2.357422 2.349609 2.333984 2.322266 2.306641 2.306641 2.302734 2.306641 2.291016 2.275391 2.220703 2.212891 2.208984 2.216797 2.240234 2.232422 2.232422 2.232422 2.212891 2.220703 2.220703 2.220703 2.259766 2.275391 2.298828 2.294922 2.318359 2.271484 2.294922 2.224609 2.212891 2.228516 2.197266 2.150391 2.185547 2.314453 2.333984 2.291016 2.177734 2.162109 2.189453 2.224609 2.283203 2.326172
2.384766 2.384766 2.380859 2.380859 2.380859 2.376953 2.376953 2.373047 2.373047 2.369141 2.369141 2.369141 2.365234 2.365234 2.361328 2.361328 2.357422 2.353516 2.357422 2.357422 2.349609 2.337891 2.318359 2.302734 2.298828 2.294922 2.294922 2.255859 2.205078 2.138672 2.142578 2.158203 2.185547 2.216797 2.228516 2.232422 2.240234 2.212891 2.224609 2.244141 2.240234 2.259766 2.283203 2.287109 2.298828 2.275391 2.228516 2.185547 2.166016 2.197266 2.224609 2.224609 2.205078 2.162109 2.263672 2.279297 2.154297 2.087891 1.982422 1.916016 2.076172 2.193359 2.263672
2.384766 2.384766 2.380859 2.380859 2.380859 2.376953 2.376953 2.373047 2.373047 2.369141 2.369141 2.369141 2.365234 2.365234 2.361328 2.361328 2.357422 2.353516 2.353516 2.353516 2.345703 2.345703 2.326172 2.310547 2.306641 2.306641 2.294922 2.259766 2.162109 2.033203 2.060547 2.123047 2.166016 2.197266 2.224609 2.212891 2.185547 2.201172 2.232422 2.197266 2.228516 2.298828 2.306641 2.306641 2.322266 2.310547 2.302734 2.287109 2.236328 2.205078 2.251953 2.271484 2.294922 2.306641 2.306641 2.263672 2.228516 2.126953 2.150391 2.083984 2.064453 2.185547 2.251953
2.384766 2.384766 2.380859 2.380859 2.380859 2.376953 2.376953 2.373047 2.369141 2.369141 2.365234 2.369141 2.365234 2.365234 2.361328 2.357422 2.353516 2.353516 2.353516 2.345703 2.337891 2.341797 2.318359 2.322266 2.322266 2.330078 2.310547 2.271484 2.154297 2.052734 2.044922 2.115234 2.166016 2.205078 2.236328 2.248047 2.240234 2.232422 2.279297 2.244141 2.271484 2.306641 2.298828 2.291016 2.287109 2.294922 2.318359 2.326172 2.322266 2.322266 2.287109 2.294922 2.310547 2.322266 2.322266 2.314453 2.314453 2.306641 2.298828 2.291016 2.306641 2.283203 2.314453
2.388672 2.384766 2.380859 2.380859 2.380859 2.376953 2.376953 2.373047 2.369141 2.365234 2.361328 2.365234 2.365234 2.365234 2.361328 2.357422 2.357422 2.357422 2.353516 2.337891 2.333984 2.322266 2.310547 2.322266 2.330078 2.330078 2.326172 2.287109 2.177734 2.052734 2.064453 2.130859 2.169922 2.212891 2.224609 2.232422 2.244141 2.267578 2.302734 2.318359 2.326172 2.310547 2.283203 2.267578 2.271484 2.279297 2.294922 2.314453 2.333984 2.333984 2.333984 2.326172 2.322266 2.318359 2.318359 2.310547 2.330078 2.337891 2.349609 2.361328 2.361328 2.361328 2.357422
2.388672 2.384766 2.380859 2.380859 2.380859 2.376953 2.373047 2.373047 2.369141 2.365234 2.361328 2.361328 2.365234 2.361328 2.357422 2.357422 2.361328 2.357422 2.353516 2.341797 2.337891 2.318359 2.310547 2.314453 2.326172 2.318359 2.310547 2.275391 2.193359 2.119141 2.115234 2.150391 2.193359 2.212891 2.208984 2.205078 2.212891 2.279297 2.310547 2.326172 2.330078 2.318359 2.283203 2.279297 2.283203 2.294922 2.302734 2.318359 2.333984 2.337891 2.345703 2.345703 2.333984 2.326172 2.314453 2.314453 2.318359 2.322266 2.353516 2.361328 2.361328 2.361328 2.357422
2.388672 2.384766 2.380859 2.380859 2.380859 2.376953 2.376953 2.373047 2.369141 2.365234 2.357422 2.353516 2.361328 2.349609 2.349609 2.357422 2.361328 2.357422 2.353516 2.349609 2.341797 2.326172 2.314453 2.310547 2.310547 2.287109 2.255859 2.201172 2.126953 2.099609 2.154297 2.189453 2.208984 2.205078 2.205078 2.212891 2.232422 2.291016 2.310547 2.314453 2.294922 2.259766 2.251953 2.259766 2.271484 2.298828 2.314453 2.330078 2.337891 2.341797 2.345703 2.345703 2.333984 2.318359 2.306641 2.298828 2.314453 2.330078 2.345703 2.357422 2.361328 2.357422 2.349609
2.388672 2.384766 2.380859 2.380859 2.380859 2.376953 2.376953 2.373047 2.373047 2.365234 2.361328 2.361328 2.349609 2.345703 2.337891 2.337891 2.357422 2.349609 2.349609 2.349609 2.337891 2.330078 2.322266 2.322266 2.298828 2.259766 2.173828 2.080078 2.037109 2.068359 2.177734 2.212891 2.212891 2.197266 2.197266 2.232422 2.263672 2.302734 2.314453 2.298828 2.228516 2.205078 2.216797 2.236328 2.259766 2.283203 2.310547 2.326172 2.337891 2.345703 2.341797 2.333984 2.326172 2.314453 2.302734 2.302734 2.322266 2.330078 2.341797 2.357422 2.361328 2.353516 2.337891
2.388672 2.384766 2.380859 2.380859 2.380859 2.376953 2.376953 2.373047 2.373047 2.365234 2.365234 2.357422 2.349609 2.341797 2.333984 2.326172 2.326172 2.322266 2.337891 2.337891 2.333984 2.330078 2.330078 2.326172 2.318359 2.244141 2.123047 2.017578 1.990234 2.068359 2.185547 2.244141 2.240234 2.251953 2.244141 2.279297 2.318359 2.333984 2.318359 2.248047 2.205078 2.201172 2.185547 2.212891 2.236328 2.259766 2.291016 2.302734 2.314453 2.337891 2.337891 2.333984 2.326172 2.314453 2.302734 2.306641 2.322266 2.326172 2.341797 2.357422 2.361328 2.349609 2.314453
