py_wake/examples/data/AJ_ParqueFicticio/Rough survey   Sector 3   Height 200m   Weibull-A.grd
DSAA
73  159
 258469   265669
 6501692   6517492
 4.956281   11.62519
[rows 84 to 111 of 159, columns 0 to 62 of 73]
6.596205 6.583648 6.578477 6.58405 6.594603 6.610567 6.631744 6.653936 6.671516 6.688364 6.702715 6.716287 6.711671 6.7114 6.731852 6.749304 6.770338 6.793077 6.825178 6.889502 6.953165 7.020249 7.10424 7.227806 7.407638 7.658084 7.923197 8.131389 8.227908 8.191504 8.075428 7.94452 7.823398 7.706608 7.543928 7.372071 7.255488 7.231322 7.311583 7.441543 7.571139 7.614339 7.63236 7.612008 7.556658 7.507728 7.480304 7.45696 7.417043 7.362457 7.301792 7.261058 7.229835 7.186995 7.128553 7.043798 6.925031 6.758738 6.5686 6.359861 6.107599 5.824173 5.548481
6.561029 6.558168 6.553951 6.553456 6.564745 6.586466 6.608978 6.631238 6.647926 6.667944 6.68867 6.696934 6.701172 6.694364 6.72339 6.759876 6.782976 6.794399 6.821654 6.870424 6.93292 7.017867 7.123448 7.272442 7.482217 7.753137 8.010407 8.178059 8.233994 8.152526 8.060413 7.949899 7.794241 7.650871 7.468671 7.319754 7.233093 7.26599 7.377946 7.511309 7.605884 7.638302 7.633641 7.620399 7.599929 7.559918 7.533895 7.508739 7.450421 7.38899 7.328529 7.268437 7.225532 7.191655 7.142525 7.057335 6.927001 6.747831 6.550259 6.30616 6.014941 5.703345 5.442526
6.510661 6.513653 6.515805 6.522752 6.539166 6.565689 6.59095 6.604089 6.631237 6.655878 6.673705 6.680939 6.693001 6.693746 6.718623 6.760653 6.780833 6.800597 6.831545 6.859986 6.923401 7.006185 7.12835 7.296387 7.525742 7.785579 8.021283 8.183373 8.206985 8.13722 8.078802 7.956816 7.805941 7.638526 7.462627 7.325231 7.236307 7.307422 7.467901 7.579139 7.626501 7.636873 7.658765 7.652592 7.636035 7.591221 7.564174 7.532811 7.472728 7.411354 7.356508 7.320159 7.274576 7.240479 7.180581 7.089252 6.937424 6.734131 6.49132 6.21496 5.892064 5.570511 5.36198
6.46307 6.466788 6.473197 6.492383 6.509857 6.535032 6.563782 6.586661 6.614157 6.641943 6.656163 6.665817 6.679555 6.698285 6.717831 6.745122 6.771382 6.803223 6.834762 6.865498 6.927942 7.018404 7.141886 7.318516 7.548074 7.804784 8.043654 8.207506 8.236606 8.23788 8.193145 8.068398 7.901697 7.710358 7.520544 7.358435 7.297233 7.414835 7.527395 7.612379 7.662541 7.692895 7.709874 7.706169 7.673728 7.622462 7.567933 7.52196 7.460396 7.391428 7.350852 7.357717 7.342958 7.287806 7.228573 7.122132 6.937222 6.683523 6.396633 6.101903 5.771952 5.481829 5.355993
6.431801 6.427709 6.435874 6.459136 6.483007 6.50241 6.526 6.54917 6.581126 6.612951 6.636635 6.649337 6.669115 6.697834 6.715142 6.727017 6.753673 6.796471 6.832858 6.883298 6.953671 7.052636 7.201663 7.397032 7.623014 7.876581 8.129749 8.320129 8.368895 8.429895 8.356239 8.196294 7.994878 7.788272 7.588573 7.421849 7.388602 7.494381 7.592571 7.670366 7.72948 7.769683 7.77237 7.735013 7.668174 7.600616 7.549882 7.4814 7.398359 7.32838 7.313819 7.350955 7.36728 7.322721 7.244655 7.098416 6.883391 6.610664 6.31302 6.004384 5.693831 5.473525 5.432889
6.403447 6.395258 6.40606 6.430636 6.46006 6.474488 6.503384 6.516089 6.546075 6.583317 6.618832 6.638781 6.657621 6.695713 6.72068 6.719116 6.741943 6.786363 6.84191 6.907034 7.003254 7.131108 7.319517 7.553744 7.803174 8.042682 8.310925 8.521502 8.657697 8.635674 8.491716 8.273403 8.045356 7.811672 7.603759 7.467083 7.471673 7.594671 7.680817 7.757317 7.809243 7.816039 7.77879 7.699525 7.623023 7.558652 7.503448 7.422913 7.317745 7.258835 7.264273 7.320288 7.333081 7.298115 7.205053 7.052785 6.808643 6.510803 6.218811 5.957024 5.686329 5.520152 5.517488
6.37454 6.373796 6.390342 6.396602 6.424807 6.458823 6.486182 6.504993 6.526402 6.556524 6.595346 6.623005 6.656484 6.687353 6.720432 6.731813 6.754016 6.799709 6.877128 6.962708 7.091936 7.26459 7.49912 7.788588 8.055761 8.398623 8.685885 8.895021 8.934267 8.804831 8.566705 8.308167 8.056728 7.820549 7.612289 7.55725 7.596536 7.679872 7.775657 7.852055 7.887367 7.864484 7.772969 7.682911 7.631369 7.612396 7.540884 7.453204 7.319979 7.251523 7.284333 7.335223 7.334052 7.293489 7.176901 6.986247 6.711308 6.431852 6.18295 5.976878 5.760086 5.626725 5.606728
6.358561 6.355601 6.367078 6.373592 6.393675 6.433778 6.468849 6.503723 6.531605 6.554276 6.583424 6.613405 6.651741 6.691791 6.728305 6.748884 6.779151 6.850545 6.961614 7.079925 7.236663 7.458085 7.734954 8.056171 8.468448 8.770728 9.028227 9.175122 9.113708 8.889377 8.59562 8.318196 8.062208 7.820147 7.647055 7.689955 7.714679 7.781537 7.881225 7.954252 7.96199 7.895617 7.811001 7.745957 7.734087 7.694822 7.601286 7.456698 7.331811 7.286597 7.340848 7.376513 7.342413 7.279565 7.137466 6.892247 6.666487 6.467709 6.300537 6.117218 5.909677 5.761796 5.720535
6.329394 6.329574 6.336637 6.347857 6.370011 6.418782 6.469144 6.504248 6.54108 6.567405 6.593201 6.62062 6.658246 6.703369 6.750881 6.782628 6.838744 6.955193 7.116338 7.270452 7.440706 7.693415 8.055849 8.467942 8.83869 9.092287 9.280146 9.35215 9.207567 8.928249 8.610824 8.311747 8.022285 7.778052 7.684901 7.774714 7.837231 7.899131 7.985968 8.060627 8.036063 7.973803 7.913138 7.877436 7.837783 7.732748 7.584821 7.439199 7.358173 7.359597 7.410057 7.415503 7.338602 7.229133 7.080262 6.894082 6.747401 6.621349 6.49233 6.289173 6.05057 5.868478 5.807015
6.298264 6.302414 6.313192 6.32676 6.359978 6.413982 6.468735 6.512103 6.55298 6.588758 6.614268 6.633445 6.677558 6.730858 6.788006 6.853285 6.945927 7.119287 7.336132 7.52942 7.732984 8.097823 8.482091 8.859195 9.17049 9.345486 9.466372 9.454673 9.2317 8.900526 8.566344 8.232602 7.94852 7.734914 7.755326 7.880654 7.947757 7.994635 8.103152 8.178339 8.160682 8.106433 8.03299 7.965444 7.857146 7.692943 7.535347 7.429314 7.414547 7.44107 7.461745 7.435266 7.330315 7.191835 7.049817 6.929969 6.838 6.744614 6.607494 6.390163 6.140251 5.942423 5.877981
6.26368 6.280337 6.292612 6.317704 6.354321 6.411716 6.471758 6.52437 6.570277 6.610663 6.638882 6.665302 6.712623 6.780856 6.859191 6.952567 7.1051 7.335926 7.603112 7.828389 8.154556 8.491872 8.855993 9.199269 9.445014 9.553172 9.582591 9.480474 9.162058 8.791579 8.440961 8.129972 7.884219 7.749725 7.845165 7.993424 8.061003 8.122382 8.23901 8.32799 8.315261 8.222307 8.109246 7.956633 7.783123 7.594567 7.476983 7.439075 7.456807 7.469365 7.462241 7.401039 7.299856 7.18562 7.066745 6.972347 6.896654 6.786897 6.640913 6.439325 6.194082 5.987311 5.911973
6.229055 6.255498 6.281841 6.318369 6.362567 6.419657 6.483716 6.55171 6.601386 6.640483 6.67906 6.719028 6.777797 6.860525 6.96795 7.101549 7.30451 7.580907 7.882876 8.128086 8.522578 8.836673 9.15938 9.476793 9.664095 9.68369 9.595553 9.346601 8.98232 8.59724 8.286511 8.045973 7.87538 7.830592 7.979579 8.124647 8.196196 8.254892 8.362765 8.446226 8.393936 8.231271 8.054815 7.854768 7.68173 7.530025 7.460913 7.446924 7.443691 7.43718 7.406643 7.34552 7.238873 7.146219 7.063332 7.012032 6.931435 6.808025 6.66124 6.470996 6.241804 6.024859 5.917558
6.198715 6.241026 6.28757 6.337349 6.389357 6.447359 6.511404 6.580325 6.640018 6.681202 6.72738 6.786862 6.874314 6.993016 7.135532 7.305206 7.529149 7.821767 8.151019 8.493903 8.872409 9.136204 9.409193 9.667234 9.768682 9.664916 9.398252 9.045617 8.673771 8.372303 8.173348 8.05349 7.986813 7.975228 8.1255 8.263812 8.334584 8.376786 8.441132 8.494917 8.348203 8.136206 7.912191 7.714888 7.577761 7.489056 7.432536 7.391492 7.361558 7.330351 7.296622 7.23384 7.122899 7.029408 7.034082 7.023591 6.948977 6.834579 6.704844 6.509503 6.276384 6.04925 5.904672
6.181048 6.243938 6.306959 6.365608 6.425338 6.497194 6.55662 6.619881 6.688283 6.744534 6.808743 6.891475 7.007803 7.171826 7.36776 7.562371 7.775433 8.067957 8.483623 8.895103 9.186695 9.368569 9.568967 9.743694 9.711191 9.432101 9.039976 8.670052 8.420363 8.298609 8.255771 8.225688 8.166567 8.133665 8.254528 8.394359 8.440084 8.434056 8.411959 8.372058 8.19452 7.963457 7.744241 7.575148 7.450686 7.364679 7.274863 7.213283 7.150308 7.125867 7.11029 7.031887 6.963141 6.974476 7.034837 7.030128 6.961029 6.850377 6.716901 6.528778 6.29178 6.053308 5.862963
6.190585 6.267117 6.340398 6.404489 6.462419 6.5512 6.626352 6.677643 6.753503 6.836683 6.926866 7.038447 7.194661 7.407976 7.646313 7.857776 8.080404 8.498999 8.912316 9.246967 9.454415 9.543548 9.655498 9.696556 9.490683 9.102066 8.718939 8.505912 8.487722 8.514184 8.506609 8.433296 8.322896 8.250991 8.325418 8.458419 8.462749 8.358703 8.259976 8.160894 7.984718 7.762726 7.558381 7.414971 7.313285 7.184561 7.048416 6.927346 6.862641 6.856502 6.845899 6.853689 6.917622 7.066531 7.142397 7.155225 7.060542 6.927899 6.750112 6.538556 6.29723 6.034385 5.821957
6.222212 6.303384 6.395075 6.466161 6.526572 6.613448 6.714043 6.773701 6.856169 6.969199 7.087446 7.234779 7.432336 7.687094 7.956038 8.175793 8.525323 8.920247 9.291655 9.554077 9.653034 9.667879 9.650364 9.519161 9.183925 8.821169 8.625525 8.666457 8.76874 8.81094 8.72022 8.565084 8.37815 8.28628 8.334557 8.401831 8.318292 8.16091 8.042882 7.926653 7.740502 7.525955 7.357994 7.208034 7.127298 6.990061 6.864136 6.763633 6.754899 6.776632 6.824986 6.925085 7.115152 7.28746 7.346354 7.32802 7.222594 7.072039 6.858218 6.627943 6.374722 6.092153 5.837479
6.286932 6.382586 6.476794 6.55937 6.626449 6.705477 6.818096 6.917291 7.007268 7.145771 7.307017 7.487781 7.715583 7.994357 8.275811 8.588949 8.948997 9.292245 9.582943 9.768422 9.783437 9.696846 9.532899 9.240623 8.924847 8.761333 8.823183 8.978377 9.076803 9.006772 8.816004 8.579196 8.360099 8.266069 8.281053 8.254669 8.123645 7.949924 7.787936 7.662201 7.466906 7.27719 7.153624 7.081104 7.012118 6.868772 6.763665 6.724678 6.785591 6.884701 6.993607 7.240312 7.451771 7.57314 7.589971 7.527493 7.389919 7.19942 6.978792 6.741539 6.444327 6.084394 5.794936
6.368572 6.481724 6.575772 6.681273 6.764329 6.837756 6.954046 7.091049 7.202167 7.367322 7.572254 7.780788 8.04015 8.340075 8.731166 9.05899 9.347186 9.594934 9.799592 9.89213 9.813612 9.603121 9.309413 9.027437 8.891811 8.952963 9.132158 9.259161 9.234302 9.040668 8.77508 8.502725 8.29419 8.216678 8.195745 8.094181 7.944045 7.750423 7.562047 7.365104 7.191864 7.114855 7.079959 7.113727 7.058425 6.92542 6.736771 6.78807 6.927169 7.085494 7.330812 7.589822 7.776028 7.850098 7.820009 7.708406 7.535201 7.324893 7.084412 6.776343 6.374461 5.968279 5.748066
6.465014 6.578725 6.695354 6.824423 6.936858 7.009906 7.112445 7.284739 7.440184 7.629381 7.871347 8.10605 8.453453 8.877626 9.213048 9.477042 9.676429 9.838696 9.944637 9.924333 9.73981 9.454926 9.177646 9.022644 9.074727 9.230214 9.365786 9.367117 9.205278 8.944192 8.664136 8.406888 8.221022 8.13098 8.04271 7.897092 7.738883 7.542389 7.32992 7.148381 7.097717 7.146305 7.231871 7.284759 7.208388 7.031041 6.915317 6.969976 7.138115 7.374884 7.643465 7.892636 8.050713 8.081008 7.988948 7.814935 7.596567 7.359767 7.069125 6.705783 6.265321 5.903752 5.812013
6.570722 6.68775 6.826362 6.988026 7.125537 7.194719 7.286426 7.476872 7.687025 7.903867 8.174785 8.531102 8.953719 9.35671 9.637827 9.831635 9.934911 10.00214 10.01335 9.905836 9.670883 9.407413 9.2147 9.178033 9.287334 9.398448 9.404772 9.267711 9.036357 8.784905 8.554211 8.324559 8.14169 7.990952 7.853939 7.688618 7.505646 7.313343 7.141692 7.089529 7.199802 7.353491 7.467597 7.467496 7.323361 7.168033 7.129714 7.260215 7.448673 7.665077 7.907774 8.143938 8.262803 8.222986 8.048688 7.827537 7.584043 7.316306 7.006831 6.624071 6.220694 5.923196 5.937889
6.656074 6.798218 6.970667 7.157383 7.303625 7.372447 7.472369 7.675128 7.908926 8.160517 8.533867 8.983598 9.413591 9.778677 10.00195 10.10981 10.13548 10.11619 10.06225 9.913983 9.68822 9.459819 9.307762 9.301819 9.379386 9.364871 9.255832 9.069898 8.873862 8.696019 8.514901 8.279204 8.050225 7.854884 7.691318 7.514104 7.302054 7.126654 7.066227 7.157941 7.360783 7.552255 7.616765 7.559912 7.408075 7.335573 7.386948 7.53913 7.73239 7.945278 8.166073 8.356056 8.410577 8.302208 8.081918 7.853279 7.605469 7.311201 6.976104 6.612389 6.242621 5.966492 5.986402
6.761437 6.910756 7.097457 7.295795 7.453841 7.537338 7.665024 7.88502 8.131259 8.496462 8.932316 9.398031 9.833896 10.1398 10.29228 10.30491 10.25549 10.17661 10.08916 9.929211 9.702118 9.489316 9.340618 9.286778 9.271514 9.18512 9.050484 8.92157 8.810987 8.690141 8.497563 8.228456 7.950949 7.725372 7.539641 7.318597 7.11418 6.985841 7.053145 7.250326 7.494091 7.674988 7.707894 7.655324 7.5906 7.621581 7.691923 7.808209 7.993824 8.215064 8.424414 8.559886 8.548483 8.39104 8.156968 7.914124 7.629371 7.290876 6.94057 6.600189 6.248528 5.977548 5.968341
6.916003 7.039183 7.212003 7.401319 7.581538 7.724097 7.886606 8.110489 8.487196 8.889854 9.331992 9.797636 10.18725 10.42447 10.49629 10.41189 10.28986 10.18136 10.06567 9.902995 9.702523 9.465285 9.277245 9.162514 9.080897 8.988812 8.918516 8.848404 8.793695 8.67431 8.436612 8.121262 7.815426 7.565828 7.332552 7.102543 6.914076 6.895279 7.090833 7.357621 7.620426 7.789663 7.876417 7.890693 7.896964 7.958076 8.011519 8.047611 8.203088 8.450911 8.670955 8.777919 8.716875 8.500739 8.236197 7.933464 7.577775 7.204852 6.861758 6.545008 6.219507 5.961387 5.92986
7.108089 7.214877 7.360101 7.538852 7.731426 7.935195 8.147039 8.455221 8.845469 9.247978 9.702785 10.14831 10.47878 10.62512 10.60055 10.42636 10.23605 10.10744 9.981487 9.832528 9.62496 9.373013 9.131548 8.996471 8.944469 8.883929 8.825626 8.812106 8.768175 8.597562 8.306824 7.956714 7.634268 7.35895 7.121084 6.910078 6.785932 6.879032 7.169621 7.509404 7.806621 8.041057 8.201206 8.249395 8.264022 8.294806 8.2826 8.265352 8.362264 8.604725 8.844866 8.974178 8.858056 8.562932 8.206515 7.824363 7.426134 7.055235 6.740798 6.467169 6.17803 5.941162 5.891975
7.332648 7.424668 7.55821 7.73526 7.92596 8.155387 8.449952 8.811414 9.170221 9.563533 10.00135 10.40862 10.66563 10.70938 10.56929 10.34535 10.12719 10.00078 9.876292 9.729051 9.550079 9.293419 9.032182 8.89462 8.874673 8.850845 8.812322 8.780178 8.697985 8.46689 8.104588 7.737516 7.399072 7.143761 6.919713 6.771592 6.748975 6.94486 7.319611 7.727418 8.092323 8.410728 8.601522 8.650664 8.610908 8.573303 8.489996 8.406421 8.472445 8.695478 8.940395 9.037907 8.843987 8.450199 7.996376 7.579823 7.200727 6.887892 6.634816 6.402597 6.134861 5.904279 5.867626
7.536787 7.620721 7.744322 7.992451 8.228376 8.481488 8.77079 9.090557 9.412863 9.787847 10.20351 10.55612 10.72399 10.65866 10.43671 10.19827 9.995311 9.87923 9.781437 9.655243 9.473003 9.221671 8.941675 8.836817 8.836366 8.857407 8.870268 8.821063 8.589762 8.23606 7.805308 7.407103 7.08118 6.850994 6.719756 6.685454 6.800982 7.115994 7.57292 8.0435 8.478893 8.818633 9.007387 9.009442 8.8944 8.755743 8.599185 8.486517 8.529042 8.73496 8.947837 8.96292 8.674553 8.187192 7.674092 7.259866 6.954311 6.719316 6.533967 6.345723 6.091787 5.880312 5.867745
7.715777 7.802176 7.953676 8.195147 8.446947 8.703486 8.991074 9.282225 9.615623 9.965883 10.33916 10.62228 10.6721 10.53793 10.30404 10.06163 9.861164 9.752868 9.698517 9.607809 9.413662 9.161074 8.897731 8.805538 8.852707 8.925984 8.962146 8.8117 8.419051 7.929965 7.448477 7.061525 6.788587 6.644329 6.610853 6.722447 6.958485 7.370121 7.888681 8.410542 8.869854 9.215179 9.35788 9.271066 9.049141 8.808492 8.591066 8.455052 8.493711 8.677955 8.844644 8.757657 8.37062 7.848588 7.345943 6.97221 6.724143 6.563124 6.424977 6.262697 6.036176 5.878175 5.917884
7.835233 7.930064 8.080848 8.302664 8.563422 8.851025 9.13646 9.452017 9.801442 10.13381 10.44778 10.65621 10.63097 10.4555 10.22119 9.952062 9.747952 9.682548 9.668206 9.592988 9.385649 9.135621 8.892495 8.828193 8.936582 9.047262 9.026377 8.729646 8.15074 7.643269 7.192927 6.850174 6.686601 6.63804 6.683004 6.863353 7.20237 7.692942 8.254651 8.798531 9.242648 9.542506 9.593946 9.398592 9.084283 8.777836 8.531849 8.390732 8.41661 8.543777 8.620831 8.426819 7.987203 7.467736 7.03711 6.748045 6.554385 6.444033 6.353097 6.206561 6.018898 5.929599 6.007632
