py_wake/examples/data/AJ_ParqueFicticio/Rough survey   Sector 1   Height 200m   Mean speed.grd
DSAA
73  159
 258469   265669
 6501692   6517492
 3.591073   7.682683
[rows 28 to 55 of 159, columns 0 to 62 of 73]
5.418939 5.423854 5.424079 5.426159 5.427836 5.428595 5.433698 5.434495 5.440826 5.444621 5.44706 5.449757 5.449362 5.449515 5.450624 5.454887 5.454666 5.45269 5.453949 5.453724 5.45179 5.447407 5.445235 5.446316 5.446684 5.437097 5.428012 5.413025 5.41636 5.407184 5.397558 5.388836 5.361531 5.324805 5.317689 5.344434 5.354719 5.33531 5.325674 5.291063 5.261343 5.256966 5.260127 5.263479 5.272723 5.280898 5.288084 5.302902 5.329022 5.362638 5.399864 5.450869 5.505931 5.539903 5.541235 5.556917 5.597973 5.608711 5.563838 5.49597 5.412303 5.334083 5.264416
5.413579 5.418354 5.421013 5.424964 5.426 5.42915 5.434081 5.434547 5.440692 5.44767 5.449433 5.450904 5.453996 5.455089 5.456102 5.460575 5.460029 5.460084 5.461852 5.460073 5.461174 5.454869 5.450041 5.449968 5.450501 5.446748 5.439992 5.428218 5.425176 5.424194 5.423043 5.41444 5.391289 5.365283 5.374177 5.400011 5.384854 5.366521 5.352515 5.321709 5.294559 5.284776 5.289972 5.290787 5.305778 5.34168 5.389582 5.44902 5.517284 5.584114 5.63635 5.674083 5.711728 5.739504 5.741239 5.736876 5.733576 5.695517 5.62482 5.551035 5.475962 5.407237 5.364666
5.409268 5.414052 5.414339 5.421176 5.424282 5.42656 5.429778 5.430727 5.435882 5.439706 5.445304 5.448001 5.449094 5.44671 5.454438 5.46098 5.461499 5.462342 5.465688 5.463396 5.465212 5.461797 5.458649 5.454501 5.458804 5.4566 5.451006 5.446144 5.442152 5.445345 5.445507 5.444751 5.428117 5.399458 5.398019 5.398855 5.396405 5.391849 5.383043 5.365945 5.330142 5.316826 5.32127 5.335819 5.34962 5.390192 5.45875 5.558707 5.660541 5.762572 5.8399 5.889936 5.915336 5.914031 5.910647 5.874022 5.808849 5.714203 5.627495 5.547748 5.485478 5.448342 5.465676
5.404647 5.409611 5.411955 5.418017 5.418949 5.421691 5.42469 5.426521 5.429977 5.434523 5.438019 5.441025 5.444038 5.442294 5.449948 5.457391 5.462734 5.462903 5.462648 5.465204 5.469438 5.465628 5.466117 5.463018 5.463004 5.464456 5.463299 5.46016 5.458604 5.462883 5.458609 5.453288 5.434861 5.419699 5.416439 5.409321 5.402157 5.402617 5.396226 5.383488 5.358945 5.343977 5.352647 5.373612 5.405207 5.442167 5.499856 5.583737 5.69383 5.790938 5.888633 5.970716 6.015368 6.017563 5.995943 5.929953 5.824284 5.704371 5.60548 5.5308 5.497358 5.495114 5.567593
5.402735 5.406492 5.408309 5.413883 5.415279 5.419736 5.419734 5.420971 5.423903 5.428038 5.431805 5.434394 5.436407 5.440145 5.447312 5.45305 5.461061 5.462251 5.462778 5.469258 5.472183 5.470218 5.47077 5.469689 5.467153 5.472305 5.472548 5.47638 5.477489 5.470577 5.468338 5.464656 5.450592 5.437581 5.434568 5.432673 5.420199 5.405628 5.395404 5.389536 5.382467 5.361877 5.358025 5.388743 5.43181 5.490524 5.547419 5.601707 5.657616 5.723929 5.795351 5.873016 5.939148 5.97424 5.979585 5.925256 5.821286 5.711828 5.619508 5.568202 5.552901 5.60055 5.704399
5.406989 5.403689 5.406849 5.407787 5.41229 5.415754 5.419572 5.420397 5.421207 5.424395 5.427182 5.427964 5.432671 5.437826 5.444188 5.45333 5.459433 5.457757 5.462926 5.467018 5.473235 5.471036 5.468895 5.472023 5.47031 5.473177 5.476717 5.478323 5.483072 5.478316 5.47603 5.474035 5.463758 5.455305 5.454258 5.463398 5.451593 5.425631 5.410873 5.405882 5.398496 5.379596 5.360421 5.37347 5.431633 5.503543 5.577035 5.64019 5.684599 5.716935 5.754332 5.796 5.846264 5.897912 5.92741 5.923436 5.844117 5.771562 5.712447 5.686786 5.693134 5.756799 5.859525
5.409687 5.404302 5.405024 5.404545 5.407253 5.407399 5.410865 5.414215 5.415986 5.419215 5.420882 5.427753 5.429568 5.43788 5.444752 5.449495 5.452461 5.455461 5.461514 5.468175 5.466489 5.467554 5.466078 5.470596 5.472725 5.477814 5.477788 5.481236 5.484923 5.482537 5.482858 5.483581 5.477558 5.473009 5.464917 5.477132 5.480563 5.461278 5.436717 5.422609 5.411206 5.395696 5.383736 5.384512 5.423193 5.509846 5.603198 5.692317 5.769462 5.838263 5.891218 5.928823 5.951586 5.961629 5.974574 5.986414 5.95256 5.932026 5.911614 5.899959 5.898244 5.958576 6.043049
5.402832 5.398036 5.399855 5.400218 5.403131 5.403124 5.402147 5.407207 5.409962 5.411342 5.415114 5.421735 5.425493 5.432073 5.439537 5.443003 5.445122 5.445369 5.457107 5.458911 5.457314 5.457562 5.460661 5.466418 5.472971 5.478769 5.482018 5.484245 5.490565 5.491419 5.490818 5.493464 5.495787 5.494773 5.491718 5.491815 5.506166 5.510803 5.485256 5.469944 5.448507 5.441433 5.438712 5.444499 5.464113 5.544728 5.661095 5.78315 5.904775 6.009064 6.101728 6.161717 6.190817 6.178688 6.153936 6.149983 6.137667 6.14465 6.146507 6.136869 6.167867 6.229981 6.281868
5.390815 5.388978 5.392733 5.393683 5.397475 5.403668 5.405206 5.4049 5.40281 5.404796 5.404393 5.409281 5.415141 5.42156 5.425326 5.428656 5.430399 5.426291 5.429184 5.43798 5.438959 5.445906 5.453621 5.46366 5.469454 5.475254 5.482459 5.488084 5.4962 5.500509 5.503224 5.506863 5.512194 5.525166 5.529971 5.532963 5.54586 5.567599 5.56787 5.563376 5.570065 5.574917 5.578981 5.585067 5.579514 5.619216 5.728724 5.854905 5.988155 6.116533 6.212315 6.289247 6.332295 6.344368 6.329847 6.31458 6.310312 6.323514 6.341313 6.386913 6.48746 6.573544 6.610756
5.378839 5.377658 5.383478 5.386335 5.390182 5.398007 5.397171 5.397129 5.398514 5.396061 5.397927 5.399769 5.403574 5.409327 5.412579 5.415164 5.414433 5.405531 5.402096 5.407101 5.417953 5.431457 5.443975 5.456857 5.461904 5.472424 5.479567 5.490466 5.49964 5.506849 5.517072 5.525643 5.537319 5.552118 5.568851 5.575853 5.584555 5.607228 5.637732 5.664742 5.701962 5.750967 5.785028 5.798133 5.779267 5.75666 5.786444 5.861503 5.960438 6.054256 6.128609 6.204358 6.275327 6.334364 6.373421 6.404965 6.41747 6.449554 6.515697 6.647392 6.80671 6.920264 6.95328
5.373798 5.373298 5.375898 5.379465 5.380932 5.382913 5.383479 5.387147 5.390356 5.393588 5.393961 5.392715 5.396755 5.401481 5.404087 5.404752 5.402806 5.396319 5.390902 5.389981 5.405021 5.421439 5.437727 5.450154 5.456979 5.467975 5.479996 5.49135 5.497407 5.507665 5.518855 5.532845 5.554892 5.577096 5.600389 5.618906 5.626478 5.653829 5.707473 5.756816 5.818214 5.901967 5.980321 6.027988 6.025242 5.981081 5.933946 5.911383 5.92047 5.959936 5.998387 6.064722 6.152768 6.24962 6.342867 6.426521 6.491647 6.558966 6.67996 6.858115 7.025919 7.16085 7.20303
5.371089 5.373423 5.373611 5.376507 5.380831 5.377142 5.380568 5.381711 5.385023 5.387247 5.391746 5.396348 5.40456 5.405694 5.402628 5.404035 5.399279 5.397855 5.39877 5.406375 5.41535 5.418942 5.431487 5.442615 5.452115 5.4638 5.476908 5.488023 5.499174 5.51381 5.526263 5.544605 5.568265 5.596689 5.618945 5.655408 5.673535 5.710782 5.774488 5.840061 5.924698 6.029169 6.13318 6.221848 6.267698 6.250395 6.208295 6.153102 6.096359 6.070337 6.081901 6.129961 6.208978 6.296816 6.391394 6.493673 6.578666 6.662179 6.802168 6.948099 7.080712 7.182503 7.228667
5.372288 5.374116 5.371271 5.373193 5.379232 5.383116 5.383349 5.380517 5.378938 5.382943 5.390092 5.399653 5.406876 5.402094 5.400028 5.396239 5.396821 5.401698 5.405673 5.415252 5.421076 5.419468 5.424343 5.431674 5.439905 5.452823 5.468119 5.486033 5.504263 5.520778 5.539707 5.562039 5.58515 5.609908 5.641786 5.6799 5.713051 5.77825 5.855823 5.9484 6.060793 6.177146 6.281857 6.375789 6.45788 6.505915 6.50207 6.481039 6.419675 6.363035 6.363182 6.386892 6.432601 6.484687 6.544761 6.606414 6.67497 6.743963 6.858969 6.917465 6.936013 6.96415 6.991441
5.380692 5.371463 5.36867 5.36602 5.369479 5.369725 5.372463 5.373058 5.36901 5.370244 5.376037 5.379323 5.383317 5.381646 5.384192 5.386404 5.389858 5.393748 5.399964 5.411165 5.416484 5.417356 5.418438 5.414774 5.417895 5.437365 5.460003 5.485703 5.505552 5.525453 5.547884 5.573391 5.599072 5.627796 5.661142 5.706841 5.758409 5.825921 5.916001 6.025131 6.147348 6.275766 6.383033 6.477483 6.56996 6.654263 6.684151 6.68384 6.669195 6.635221 6.61074 6.603084 6.615817 6.628057 6.634398 6.67223 6.713488 6.755 6.800775 6.767817 6.693397 6.632091 6.62725
5.38435 5.373889 5.367873 5.358338 5.351315 5.355559 5.358603 5.355772 5.35287 5.356218 5.357219 5.35551 5.35348 5.360761 5.370077 5.371753 5.377625 5.380951 5.389034 5.398617 5.40591 5.411797 5.413528 5.418822 5.42431 5.439078 5.456708 5.478627 5.499905 5.522191 5.54477 5.57455 5.599295 5.637198 5.681051 5.731008 5.783325 5.843338 5.93167 6.022331 6.119898 6.216549 6.309136 6.399303 6.486326 6.548831 6.583674 6.586712 6.60114 6.608541 6.603391 6.592928 6.573625 6.547516 6.553068 6.591672 6.64598 6.686016 6.694932 6.625153 6.489317 6.351278 6.271795
5.383036 5.375172 5.366946 5.35694 5.344541 5.33983 5.343782 5.341238 5.340819 5.346068 5.351835 5.350071 5.3532 5.358063 5.361601 5.361315 5.363949 5.364683 5.373413 5.379907 5.389248 5.396894 5.405203 5.422453 5.432466 5.439604 5.450285 5.467372 5.48355 5.506125 5.536376 5.560432 5.592604 5.633465 5.675866 5.725039 5.771091 5.819379 5.871792 5.925161 5.988952 6.047191 6.110563 6.169148 6.209391 6.226738 6.225307 6.241164 6.266754 6.294163 6.31692 6.309617 6.299387 6.303336 6.351246 6.43496 6.531207 6.581327 6.555758 6.485383 6.329208 6.163644 6.012416
5.381631 5.376423 5.369466 5.357293 5.3523 5.34235 5.333522 5.33069 5.338431 5.346752 5.357481 5.365915 5.364738 5.362538 5.357395 5.357236 5.350466 5.349933 5.355314 5.362754 5.369258 5.377433 5.385939 5.392616 5.407042 5.416404 5.429902 5.445841 5.464793 5.488535 5.513412 5.538383 5.576593 5.614179 5.650783 5.690993 5.73729 5.773717 5.802866 5.824605 5.844059 5.875409 5.900412 5.914245 5.900193 5.882628 5.892242 5.916971 5.963511 6.003434 6.020519 6.030825 6.067882 6.143528 6.243563 6.34842 6.430515 6.452491 6.427312 6.33339 6.193712 6.034031 5.884099
5.375604 5.372048 5.36958 5.356959 5.36132 5.355975 5.346867 5.333355 5.33578 5.346114 5.357794 5.367621 5.369063 5.364803 5.358026 5.350821 5.341824 5.34093 5.342955 5.347551 5.35171 5.35664 5.356245 5.357548 5.3635 5.379808 5.396222 5.40869 5.425798 5.445859 5.468319 5.493779 5.534263 5.570338 5.604538 5.64217 5.692078 5.730116 5.755594 5.766342 5.765193 5.772528 5.771688 5.767187 5.769377 5.797574 5.865363 5.929172 5.971609 5.993484 6.008303 6.039464 6.105008 6.21607 6.325959 6.392113 6.391739 6.346539 6.273961 6.202444 6.110217 5.995696 5.866405
5.36789 5.364586 5.366232 5.362456 5.364602 5.364017 5.353656 5.338166 5.33639 5.338783 5.348693 5.354756 5.359934 5.356636 5.345294 5.336265 5.33336 5.334651 5.340736 5.345944 5.346308 5.343658 5.343659 5.343664 5.346025 5.357997 5.363567 5.36848 5.376745 5.387749 5.40564 5.429627 5.461412 5.501813 5.535748 5.581457 5.632761 5.676152 5.715104 5.744673 5.761124 5.770472 5.783152 5.83295 5.892426 5.96862 6.04014 6.100652 6.124835 6.137925 6.155438 6.209362 6.289819 6.385076 6.468274 6.481815 6.404727 6.284203 6.154236 6.052232 5.983767 5.927113 5.863606
5.359458 5.355022 5.353904 5.35125 5.353705 5.356289 5.354968 5.343627 5.339603 5.334487 5.335454 5.341288 5.347573 5.339857 5.327612 5.320183 5.32176 5.326719 5.336245 5.339251 5.334967 5.330281 5.336392 5.342615 5.344515 5.337903 5.331314 5.328902 5.333669 5.338576 5.35107 5.375277 5.396204 5.434895 5.463641 5.50974 5.559333 5.61599 5.661583 5.708423 5.759789 5.809264 5.865467 5.924985 5.993822 6.050746 6.07938 6.094048 6.09674 6.125364 6.197078 6.312565 6.427936 6.503471 6.527154 6.479588 6.393208 6.279148 6.142874 5.98762 5.862649 5.777422 5.728083
5.350648 5.345761 5.341115 5.339297 5.343024 5.346381 5.347049 5.346452 5.339683 5.339029 5.332544 5.324205 5.326251 5.319121 5.308104 5.305255 5.30616 5.31016 5.317637 5.318467 5.313297 5.310981 5.309754 5.303022 5.30469 5.300218 5.290222 5.296168 5.304034 5.313464 5.326491 5.339997 5.362287 5.387209 5.414373 5.454549 5.497722 5.547189 5.590494 5.643941 5.69795 5.758159 5.815133 5.873163 5.921451 5.937022 5.941596 5.959877 6.012945 6.097226 6.217074 6.341658 6.447166 6.48271 6.435588 6.338692 6.271424 6.223162 6.154652 6.029191 5.878139 5.724572 5.598705
5.346479 5.338519 5.332732 5.330119 5.336054 5.343008 5.34493 5.343505 5.338703 5.337064 5.330227 5.315623 5.30222 5.297994 5.296175 5.295294 5.296988 5.293918 5.289187 5.293434 5.291522 5.286627 5.280412 5.275496 5.267239 5.265265 5.266146 5.270728 5.278126 5.285349 5.295504 5.318118 5.348746 5.364293 5.378096 5.411502 5.444402 5.472889 5.509847 5.540083 5.580674 5.623075 5.664247 5.712165 5.743233 5.783923 5.846134 5.942226 6.058061 6.174229 6.280019 6.350357 6.381617 6.341422 6.228903 6.095385 6.037973 6.027831 6.032007 6.021138 5.934742 5.79988 5.645487
5.342517 5.339083 5.337898 5.342123 5.342655 5.347345 5.347024 5.344602 5.344339 5.340535 5.332066 5.323197 5.30591 5.300405 5.296557 5.295157 5.30025 5.299113 5.295782 5.291258 5.284387 5.281649 5.278026 5.279011 5.279491 5.279025 5.267156 5.263125 5.266736 5.265749 5.265933 5.272991 5.283737 5.298046 5.315656 5.346633 5.375883 5.39311 5.420614 5.446046 5.476577 5.51632 5.56268 5.610898 5.676912 5.765299 5.884937 6.015843 6.139795 6.232496 6.286214 6.286297 6.235514 6.148899 6.021042 5.886041 5.796592 5.786977 5.821441 5.883424 5.919081 5.877801 5.781497
5.333686 5.336991 5.33931 5.345696 5.346809 5.345971 5.346961 5.349935 5.348837 5.349366 5.342334 5.336711 5.323695 5.3097 5.304245 5.300861 5.304138 5.311108 5.311599 5.30443 5.296059 5.290297 5.288611 5.291865 5.296994 5.29335 5.280594 5.274731 5.2686 5.262918 5.249437 5.232909 5.222968 5.223063 5.240148 5.261106 5.28452 5.307664 5.339576 5.370012 5.40573 5.462845 5.524557 5.607851 5.708889 5.823196 5.942377 6.052719 6.140064 6.17764 6.175444 6.146368 6.05853 5.954369 5.87043 5.769494 5.649039 5.594327 5.608136 5.685616 5.783185 5.854053 5.855641
5.326237 5.328979 5.33088 5.33865 5.343331 5.343695 5.341372 5.345048 5.350193 5.351923 5.350055 5.340649 5.332211 5.320583 5.309546 5.300627 5.297131 5.299301 5.303931 5.308112 5.309185 5.305356 5.305085 5.310585 5.312833 5.309295 5.303108 5.300074 5.289751 5.275324 5.261194 5.246888 5.226833 5.218128 5.218459 5.224887 5.232295 5.268198 5.308578 5.332507 5.361443 5.406583 5.476482 5.571223 5.684972 5.800296 5.907179 5.988769 6.042721 6.059741 6.042888 6.004562 5.908591 5.801771 5.747767 5.707335 5.613542 5.524058 5.494571 5.530089 5.618224 5.716586 5.773796
5.32266 5.325797 5.330153 5.334455 5.341314 5.343687 5.34336 5.344684 5.350515 5.353464 5.354524 5.34696 5.336451 5.32678 5.3181 5.307324 5.299242 5.294733 5.298638 5.301486 5.314725 5.322526 5.323121 5.325415 5.327839 5.325991 5.32353 5.32126 5.311006 5.298092 5.28441 5.277918 5.274732 5.288251 5.293897 5.31214 5.323185 5.317417 5.352222 5.397273 5.39948 5.405484 5.449822 5.522085 5.617063 5.70606 5.789696 5.863798 5.914897 5.940865 5.932579 5.885808 5.789831 5.702766 5.646744 5.630906 5.610967 5.557112 5.50212 5.480048 5.515022 5.576944 5.629798
5.321752 5.326962 5.335674 5.338665 5.3422 5.345402 5.349314 5.348631 5.351099 5.35462 5.354252 5.349263 5.336948 5.330244 5.324097 5.322535 5.319313 5.309867 5.305807 5.299805 5.29924 5.301637 5.309324 5.325114 5.333152 5.336782 5.339934 5.338003 5.333135 5.333405 5.335428 5.333812 5.353041 5.388009 5.427142 5.46411 5.469542 5.4593 5.473863 5.516356 5.53652 5.519361 5.516491 5.531308 5.577619 5.626146 5.691529 5.761274 5.813981 5.8304 5.804214 5.747059 5.688238 5.617089 5.566243 5.555248 5.576296 5.576647 5.538708 5.503217 5.469289 5.488187 5.532914
5.324606 5.333744 5.339831 5.340733 5.340664 5.343591 5.349138 5.351397 5.351906 5.352784 5.351995 5.349835 5.339249 5.331393 5.326125 5.324517 5.32722 5.322135 5.314603 5.306304 5.299672 5.295102 5.303991 5.318024 5.330235 5.3347 5.342338 5.353633 5.368697 5.390028 5.417545 5.446606 5.474039 5.519108 5.564339 5.607145 5.629913 5.620767 5.622793 5.650869 5.672388 5.675251 5.652001 5.628016 5.613668 5.60948 5.632157 5.667449 5.694179 5.695314 5.658943 5.625278 5.591784 5.541346 5.496523 5.488688 5.507134 5.532375 5.524148 5.500294 5.465394 5.448555 5.472692
