py_wake/examples/data/AJ_ParqueFicticio/Rough survey   Sector 6   Height 30m   Orographic speed.grd
DSAA
73  159
 258469   265669
 6501692   6517492
 .2350238   2.018837
[rows 56 to 83 of 159, columns 0 to 62 of 73]
.9825702 1.002383 1.000128 1.000543 1.00215 1.004709 1.005727 1.009739 1.007582 1.008613 1.007169 1.008599 1.008598 .9957966 .9826553 .9830385 .9880465 .9888103 .9862445 .9852713 .9931861 .970894 .9570224 .963794 .9708664 .9714925 .9750998 .9862074 1.027503 1.100469 1.144317 1.110524 1.013117 1.054307 1.071373 1.081159 1.118443 1.060024 .9678626 .943411 .9586952 1.041441 1.001473 .9552047 .8698636 .8071079 .7540916 .7279735 .7619402 .881961 .9903536 1.143758 1.144365 1.058401 .9957795 1.054024 1.196953 1.259902 1.190738 1.09915 1.021364 .9886294 1.221097
.9689185 .9975809 .9864338 .9859836 .9962192 1.010703 1.013042 1.011289 1.008036 1.003695 1.001521 .9996306 .9982569 1.014002 1.001893 .9894612 .9890556 .9874148 .9857849 .9972449 .9994274 .9846941 .9667267 .9712774 .9726036 .9693223 .9730783 .9769278 .9864048 1.065145 1.117436 1.1236 1.099304 1.073977 1.085348 1.096395 1.065922 1.059072 1.021447 .9685431 .9558789 .9790078 .978317 .9427547 .9005366 .8559473 .7839515 .7321448 .7342206 .8203588 .9544217 1.097668 1.132551 1.075238 1.04399 1.110667 1.278351 1.29845 1.226439 1.029229 .9383373 .9334908 1.1756
.9536602 .9702173 .9635717 .9568024 .9651641 .9986138 1.007152 1.005388 1.000689 .9942012 .9898436 .9882325 .9853744 .9974043 .9988298 .9940536 .9891093 .9849455 .9864107 .9952508 .9936579 .9937196 .982365 .9750713 .9761015 .9744018 .9694648 .956584 .9292002 .9452323 1.049038 1.040931 1.028538 1.039906 1.039292 1.041621 1.030947 .9993104 .9863562 .9435076 .9280466 .9244428 .9129021 .9216222 .8868822 .8447776 .7937192 .7196156 .7104167 .7749433 .8931334 1.016541 1.103517 1.049193 .9803487 1.082143 1.23371 1.356897 1.327965 1.15998 .9882551 .9362022 1.094339
.9734762 .9654928 .9577203 .9466858 .9298264 .9590823 .9942919 .9969218 .9890912 .9834002 .9787545 .9725729 .9751577 .9875995 .9885762 .9882295 .9871213 .9854583 .9879052 .9877798 .9887052 .9911205 .9939148 .9877286 .9822575 .9838439 .9820144 .9556783 .8861886 .8321612 .8643972 .9014508 .8983535 .8732337 .8942878 .9177698 .9477 .9571968 .9478419 .9080693 .8768325 .8874083 .8794737 .903922 .9135996 .8736602 .8143913 .7371617 .6412784 .6288108 .8000525 .9393501 1.050698 .9793447 .917053 .9888 1.147041 1.287698 1.302489 1.252542 1.090257 .9549432 1.025513
1.005377 .9867041 .9759932 .9819645 .9523749 .9291551 .9610256 .9833121 .9779498 .9724804 .9675782 .9623883 .9593978 .9710969 .974323 .9758878 .9810184 .9836827 .9914711 .9896057 .9848967 .97332 .9806339 .9850901 .9852042 .9993567 1.007015 1.009442 .974269 .9053143 .8510908 .8435631 .843635 .8123869 .7783261 .8139165 .842185 .8659905 .8805411 .8568444 .8205038 .8203159 .8658349 .8950821 .9399356 .9174538 .8914951 .8255752 .6960692 .5994378 .6611356 .8270339 1.006064 .9585276 .8683943 .9308381 1.107405 1.249019 1.250894 1.221833 1.14805 1.012163 .9398401
1.020239 1.000052 .9944966 1.008738 1.00043 .9669056 .9473477 .963007 .964486 .9660547 .9640047 .9632382 .9628918 .9600289 .9615925 .9650865 .9714041 .9840352 .9898164 .9919209 .9901139 .9828444 .9765791 .9787644 .9795229 .9947091 1.011492 1.049556 1.062411 1.021754 .9799189 .9043798 .8598173 .8525516 .783344 .7898284 .8037584 .8143422 .8104644 .8095333 .7917321 .7703094 .7702985 .8684069 .8986328 .9275253 .9197585 .9254633 .8311713 .6627498 .5808302 .6641073 .9361568 .9883029 .8774139 .8390002 1.067607 1.224656 1.227061 1.190416 1.136536 1.029992 .903383
1.021964 1.015712 1.019968 1.027546 1.024346 1.011575 .9856595 .961671 .9618292 .9650159 .9666652 .9646864 .9641339 .9573619 .9555633 .9560159 .9569861 .9731435 .9756083 .9795624 .985447 .9866109 .9773618 .9773558 .982282 .9850542 .9997618 1.036526 1.076887 1.095132 1.092718 1.035592 .9841471 .9522496 .8761684 .8110021 .7975964 .7848181 .7676014 .7791555 .7741378 .755886 .761629 .7932191 .8913493 .8993307 .8963162 .9376945 .9688125 .8811798 .6838591 .5856022 .8206647 .9666446 .9283796 .8399857 .9527704 1.17956 1.212155 1.199256 1.139728 1.084582 .9659266
1.008955 1.020772 1.032704 1.038789 1.035245 1.020368 .9966916 .9725762 .9627993 .963311 .9713694 .9696738 .9629893 .9580979 .9534328 .9506043 .9494078 .9505582 .9546723 .9546653 .9725961 .9731399 .9640034 .9608142 .9681877 .9704778 .9807019 1.007013 1.051647 1.089072 1.07484 1.07398 1.043056 1.008649 .9418618 .8450418 .8156411 .7876405 .764763 .7473744 .7327242 .7172475 .7330995 .7695532 .8223569 .8988709 .8807322 .9000551 .9717185 1.028637 .8866818 .6503422 .6116576 .8072891 .930917 .8541224 .8105847 1.064158 1.158689 1.158116 1.119991 1.106964 1.060221
.9941702 1.018846 1.03361 1.03948 1.03585 1.02553 1.003199 .9819009 .9620007 .9604754 .9653005 .9674267 .96529 .958962 .9559003 .9512811 .9541661 .9479732 .9447814 .947349 .9603264 .961014 .9507557 .9366559 .9317745 .9298926 .9537519 .9688841 1.003405 1.057786 1.069709 1.069319 1.058664 1.033055 .9734496 .9290339 .8583986 .8221235 .7938698 .7577385 .720543 .7037264 .6728832 .6638467 .7768442 .839865 .8712509 .8818319 .9306289 1.019282 .9928702 .762589 .5746534 .5892518 .8149073 .8929883 .8082553 .8967535 .9946713 1.004037 .9908032 .9492456 1.013983
.980686 1.006337 1.027248 1.034616 1.035452 1.028622 1.014972 .9941506 .9668524 .9605136 .9647368 .9633947 .9621212 .9602084 .9591445 .9522492 .9490884 .9465494 .9484639 .9548484 .964119 .9603336 .9495916 .9376603 .9184777 .9030886 .8858886 .881927 .9094414 .9505403 .9943826 1.022953 1.037179 1.02893 .9679641 .9404097 .8990175 .8286991 .7964669 .770452 .7429364 .7245197 .6761893 .6493585 .7103834 .8124672 .8468559 .8713131 .8863556 .9685948 1.078934 .9864051 .7550319 .5587727 .637152 .8452558 .9230624 .9400139 .9688799 .9308063 .8650138 .7876232 .793276
.9773862 .991888 1.019439 1.030577 1.029858 1.027406 1.020474 1.010291 1.000822 .9770187 .9661961 .9658851 .9637925 .9618053 .9614602 .9577394 .9505511 .9453765 .9522731 .96302 .9696075 .9670865 .9671901 .955416 .9312575 .9049823 .8780784 .8735209 .8546917 .863145 .8956174 .9208693 .9744287 1.015136 .9714101 .9517359 .9292702 .8472482 .777594 .7515197 .7319655 .7348252 .6730418 .6318944 .634281 .6902884 .8017044 .8745762 .8502876 .8582481 1.057826 1.099431 .9998965 .7610402 .6141275 .7413684 .9583758 1.013273 1.094158 1.107445 .9461632 .8590412 .7226496
.9759898 .9879693 1.01286 1.025015 1.029584 1.022006 1.015705 1.012188 1.001597 .9854809 .9730197 .9678234 .9666275 .9635341 .9588861 .954733 .9483693 .9436234 .9467388 .957872 .9597387 .9675087 .9853626 .975464 .9558145 .9281678 .87647 .8756828 .866358 .8577908 .8598838 .8770268 .9073271 .9590148 .9717368 .9563993 .961643 .9286174 .8245348 .7727206 .7097213 .6665573 .6364588 .5932958 .567991 .6436582 .7500528 .8643768 .9029993 .886729 .9546796 1.119176 1.117 1.018517 .7962012 .7122908 .8285184 1.055323 1.140086 1.194695 1.193207 1.083858 .9559258
.9687342 .986335 1.014699 1.023656 1.025595 1.015894 1.009743 1.007723 1.000788 .987986 .9760867 .9693576 .9680734 .9708779 .9648469 .9562727 .945121 .9409973 .9423201 .9447322 .9420232 .9508935 .9845769 .9841665 .979719 .9569958 .942392 .8874558 .869198 .8487844 .8348148 .8404626 .8682573 .9075276 .9479045 .9452271 .9609628 .9859244 .917254 .839155 .8240897 .7416928 .6504936 .6040249 .559824 .5787606 .6128232 .7674466 .8125821 .801448 .9229383 1.046443 1.065552 1.070587 .9773049 .8101624 .8076263 .9433611 1.048685 1.131527 1.195972 1.218216 1.171616
.9552547 .9667016 1.002321 1.019688 1.016982 1.013828 1.009514 1.007366 1.001206 .989448 .9748417 .9647002 .9622282 .9703399 .9699795 .9579922 .940518 .9388863 .9417556 .9398261 .9367908 .9460127 .9757298 .9804762 .9847774 .9737406 .9663046 .9432284 .9191821 .8747416 .8306383 .7977967 .806078 .8518831 .8882667 .9251906 .9524332 .9728738 .9626661 .9234101 .8975644 .884578 .8207371 .7165772 .660467 .6027148 .5805118 .6249282 .6823439 .6709572 .7349839 .9049229 .9883816 .9642652 .9299475 .8548419 .7764576 .8515693 .9579527 1.040589 1.11934 1.186447 1.192487
.9385011 .9420916 .9691451 .9967922 .9959027 1.005151 1.014267 1.014048 1.004817 .9936503 .9756262 .9590314 .950036 .9582005 .9645481 .9647737 .9625127 .9494839 .9444985 .9422125 .9456006 .9602435 .9755673 .9864195 .9829843 .9935195 .9795492 .9780044 .9676577 .9250463 .8948908 .8181664 .7636839 .7811941 .8298214 .8985484 .9332582 .9650228 .9940994 1.010211 .9868428 .922037 .8891097 .8401023 .7708408 .6811351 .6378388 .6437669 .6700317 .6376929 .5840798 .6606961 .7883322 .7619025 .7682409 .7841687 .8131359 .8559783 .9292935 1.021289 1.094027 1.150196 1.161602
.9432923 .9360253 .9306884 .9515675 .9546852 .9874243 1.014241 1.016289 1.009405 .996718 .9781091 .9686983 .9597474 .9473345 .9517092 .9591979 .9727113 .9576096 .9439225 .9415954 .9419514 .9604001 .9696134 1.009343 .997049 1.009096 .9988592 .994992 .9937512 1.006291 .9754137 .8804637 .8099624 .7698026 .8135077 .8745859 .9147596 .9534149 .970504 .9762038 .9765665 .9400957 .8943912 .8878923 .8560633 .7998872 .74204 .719418 .7332019 .7356885 .6996436 .6479591 .6932353 .6615645 .5700354 .6218933 .7523034 .8638376 .9466305 1.026409 1.094482 1.139824 1.160779
.965866 .9683836 .9597516 .9293844 .9286227 .9533594 1.006212 1.014298 1.008488 .9973621 .992042 .9787 .9594356 .9418412 .9297317 .9414899 .9608151 .9534844 .9409748 .9330366 .9264576 .9389138 .9419215 .9732529 1.003412 1.002544 1.017032 1.020501 1.027875 1.013048 .990624 .9093511 .8269321 .8123761 .8222632 .8434044 .886022 .9195873 .9432277 .9423367 .9657467 .9628053 .9439313 .9036345 .8744957 .8511271 .8131037 .7929844 .8195672 .8647209 .9214945 .9242234 .9285078 .8802163 .617494 .5625467 .6227466 .7966861 .9057446 .9997877 1.108809 1.142568 1.184273
.991316 .9856091 .966834 .9447618 .9287941 .9298967 .9825815 .9974697 .9928467 .9945596 .9907647 .9813187 .962906 .940872 .9120827 .9147627 .9449043 .9375429 .9270803 .9147668 .9044039 .9061816 .9015639 .9227822 .9557667 .964776 .9985744 1.035659 1.077462 1.071026 1.020864 .9750466 .8861929 .865091 .8590762 .842407 .8437845 .8610775 .8951176 .9329901 .9613594 1.007357 1.009595 .9551337 .9164338 .859535 .8009602 .7810434 .8087789 .8889139 .9301708 .9996295 1.052175 1.099891 .9604203 .7000189 .6159337 .6371084 .8061826 .9373748 1.024875 1.14295 1.193595
.9983652 .9902933 .9761819 .9655033 .9486144 .9168342 .954114 .9649683 .9738939 .9860242 .9823536 .9790782 .9718331 .953324 .9094136 .891616 .91687 .9201742 .9168254 .9055216 .890676 .8782199 .8817216 .8964454 .9168093 .9272733 .9544304 1.003186 1.071016 1.079214 1.043264 1.011272 .984591 .9204235 .8866847 .8667248 .8362619 .8248193 .8347803 .8635181 .9127867 .9963619 1.007322 .9920349 .9673002 .9185917 .816008 .7360697 .7444023 .7925478 .7956606 .8693036 1.002566 1.055729 1.049415 .8780802 .6682337 .5867088 .630877 .8057529 .9235727 .9895446 1.061293
.9896654 .9852183 .9807113 .9784949 .9851738 .9654539 .9378309 .9362522 .9539084 .9719376 .9725111 .9706619 .9678735 .9693945 .9513889 .9082647 .9043644 .9062284 .9128636 .9142088 .8943936 .8703626 .8640962 .8701716 .8916628 .8906964 .8976187 .9119767 .9732386 1.028034 1.003495 .9619902 .9335022 .9320818 .8964904 .8854061 .8738765 .8365431 .8212488 .832639 .8304445 .8679937 .8818215 .9280105 .8724849 .8758962 .7794381 .7383211 .6843341 .6998653 .7258888 .7101496 .7251672 .7886339 .9000371 .8460939 .6626226 .5366455 .5271509 .6252071 .7395811 .8088316 .8726144
.9742129 .9723581 .9704413 .9722472 .9918131 .9810495 .9481353 .9363329 .9495836 .958234 .9597229 .9577926 .954585 .9658346 .9695867 .9365007 .906526 .9011185 .907062 .9179256 .914906 .8928214 .8614025 .8520005 .8637546 .8623033 .8592388 .8463988 .8693619 .9441668 .9506423 .919361 .8898128 .8875254 .8714583 .8692532 .8830159 .839972 .812331 .8400217 .8547705 .826791 .8276456 .8407905 .8193697 .79052 .7316254 .6527524 .6431217 .6717027 .7054947 .7226105 .7358566 .7401436 .7696099 .7471306 .5861149 .5064542 .4127463 .4176882 .5488163 .6261028 .6598599
.9611671 .9596799 .9562514 .9553066 .973626 .965449 .9474465 .9314801 .9414143 .943772 .9478342 .9515558 .9501453 .9515075 .9550577 .9298887 .9081621 .8939158 .8977079 .9066424 .9141151 .9272641 .9087718 .8838397 .8710526 .8708692 .8600516 .8534943 .847729 .8930572 .9036748 .8988361 .8728927 .8660902 .8589489 .8297601 .8171672 .8157304 .7982876 .7735436 .8048224 .8488095 .8464039 .8527441 .8916647 .9021484 .8843511 .8237505 .7612824 .6557478 .715596 .7511828 .8078567 .849379 .8261217 .7992951 .715542 .56879 .5675199 .5048375 .4783933 .5646102 .610348
.9558311 .9512216 .9445623 .9397478 .9539071 .9534851 .9449057 .9310294 .9274345 .9273352 .9329448 .9405618 .952582 .9503425 .9447029 .9305059 .9095189 .8870554 .8812495 .8770968 .8777629 .9143201 .9181343 .9097705 .9020775 .8997175 .8995166 .8945639 .8900899 .8958554 .8970073 .8764003 .865766 .8730192 .8799401 .8828053 .8751476 .8548452 .8737802 .8080389 .7943464 .8335666 .8407241 .8647189 .87998 .908371 .9629655 1.003254 .9819314 .8482447 .735364 .7681093 .8398054 .9311979 .9627727 .9793404 .9436019 .8829204 .8408262 .7786593 .7309636 .6783521 .7264162
.9598751 .9493021 .9405574 .9413527 .9409115 .9421396 .9399117 .9309 .9202835 .9165349 .9166187 .924088 .9435179 .9458755 .9390475 .9322779 .9222287 .9062529 .8824362 .8610219 .8530865 .8588091 .8808574 .9006928 .9042894 .9205268 .936716 .9719423 .9781386 .9274867 .8990282 .8695269 .8401795 .8631087 .8573555 .8533851 .875586 .8920791 .9054843 .9033927 .8746164 .84371 .8463932 .8494846 .887197 .9008159 .9220153 .9414498 .9967515 .9712459 .9245927 .8866534 .9108815 .9647983 1.020464 1.030618 1.051097 1.053353 .9998445 .9584607 .9240721 .9041495 .8754482
.9662544 .9576595 .9421167 .9404463 .9375547 .9390056 .9334845 .9316252 .9216653 .912774 .9015053 .9015378 .9233176 .9257445 .9227426 .9245027 .9441643 .9348871 .908365 .8811856 .8693371 .851123 .8597499 .8697788 .8787778 .8977551 .9421775 1.005159 1.036933 1.00352 .9334976 .880329 .8494573 .8500702 .8303584 .8067504 .8122938 .8465436 .8759696 .889576 .9046676 .9090507 .8917015 .8967171 .9218907 .9361452 .9231117 .931017 .9836859 1.015053 1.021667 1.011298 .9932064 1.017555 1.021727 1.047382 1.014326 .9968632 .9771349 .9571745 .940195 .9287066 .9215977
.9671427 .9694833 .9661722 .9421288 .9320304 .9304998 .940408 .9333122 .9238518 .9155721 .8975794 .8750624 .8908739 .8876675 .8924153 .9219482 .9396053 .9345978 .9231903 .9120229 .8953131 .8844067 .8676286 .852432 .8478305 .8402267 .8700505 .9322221 .9767569 .9858074 .9631683 .9008342 .8413982 .8356059 .8257417 .8138323 .8062548 .8342126 .8522391 .871312 .8695419 .8573071 .864727 .8780637 .8963886 .9267932 .9438291 .9655712 .9872358 1.01091 1.021647 1.021755 1.009583 .9956473 .9936547 .9923832 .9777046 .9557888 .94585 .9384558 .9252491 .9283649 .9287831
.9517099 .9653111 .9620523 .9474505 .9323908 .9249689 .9270223 .9296645 .9256814 .9186893 .9086233 .8934695 .8595023 .856401 .848114 .8495098 .8915385 .8879279 .9061651 .9193217 .8995854 .8965614 .8844354 .8796231 .8439519 .8126272 .7919264 .8322393 .900292 .9536448 .9573585 .9181501 .8529279 .8309293 .8266224 .8156613 .8234183 .8277097 .8465884 .8557923 .8326831 .8217067 .8230348 .8324547 .8573092 .8860654 .9164437 .9398234 .9672689 .9960423 1.008196 1.006272 .996706 .9847182 .9747361 .970282 .9596491 .9360043 .9200901 .9241157 .922558 .9273037 .9322933
.9478046 .9462836 .9483816 .9446496 .9352854 .928038 .9260941 .9261306 .920872 .9127416 .9132473 .8908336 .8621455 .8524501 .8404724 .8189272 .8111238 .8201954 .8537612 .8819163 .8866166 .8924357 .8960242 .9022651 .895506 .8531575 .8038117 .8007842 .8477281 .9231818 .9433134 .9577725 .9136803 .8988133 .9013639 .8759568 .8881458 .865872 .8541445 .8360595 .8262786 .8265968 .7706305 .772056 .8075933 .8150257 .841296 .8628426 .8893715 .9600589 .9921624 .9983885 .9893141 .9710041 .9625762 .9392775 .9328966 .9082479 .8935106 .89406 .8984174 .91686 .9256869
