py_wake/examples/data/AJ_ParqueFicticio/Rough survey   Sector 6   Height 200m   Mean speed.grd
DSAA
73  159
 258469   265669
 6501692   6517492
 5.412497   10.03148
[rows 28 to 55 of 159, columns 0 to 62 of 73]
7.418373 7.422988 7.421456 7.423447 7.425608 7.42647 7.436148 7.438504 7.44783 7.452559 7.455316 7.465173 7.473288 7.482879 7.490717 7.501048 7.509551 7.513393 7.519926 7.520881 7.51609 7.509308 7.517461 7.531222 7.545272 7.545056 7.545874 7.524513 7.530131 7.514053 7.49917 7.492372 7.471341 7.440849 7.449656 7.473804 7.481205 7.467703 7.468522 7.443471 7.410967 7.407985 7.435793 7.504519 7.597122 7.683059 7.749883 7.821802 7.882483 7.930637 7.953149 7.982174 8.011068 7.990708 7.872176 7.750817 7.692776 7.647848 7.549329 7.441955 7.348265 7.272321 7.19671
7.407825 7.414427 7.412652 7.417821 7.416168 7.420918 7.431738 7.434474 7.442739 7.452283 7.452474 7.460186 7.471469 7.485785 7.496679 7.509154 7.514333 7.520035 7.525221 7.52542 7.523794 7.516897 7.521654 7.534223 7.548388 7.557776 7.564055 7.553165 7.550789 7.551047 7.552013 7.547037 7.531106 7.506511 7.527376 7.564293 7.547479 7.539773 7.531953 7.501641 7.472578 7.462237 7.48842 7.517162 7.599766 7.715259 7.828734 7.940828 8.050626 8.142619 8.193265 8.213125 8.22822 8.224297 8.126914 7.980841 7.864532 7.763265 7.650433 7.55387 7.467394 7.392702 7.326939
7.398407 7.404224 7.40029 7.409323 7.409651 7.414424 7.42066 7.424692 7.433386 7.433702 7.442677 7.448714 7.45806 7.473521 7.49102 7.506788 7.513931 7.519692 7.525028 7.523959 7.527635 7.52932 7.533677 7.54087 7.559889 7.574106 7.580636 7.581911 7.583487 7.592242 7.596524 7.604364 7.597651 7.567291 7.577878 7.583436 7.583775 7.589303 7.601718 7.587516 7.54015 7.531949 7.537147 7.566924 7.610037 7.708747 7.835791 7.988501 8.137753 8.27999 8.388061 8.44665 8.45865 8.435493 8.359267 8.20351 8.025553 7.842299 7.698605 7.584962 7.510392 7.460089 7.446759
7.387259 7.394197 7.396191 7.403868 7.399437 7.405345 7.410317 7.41639 7.418653 7.424187 7.428462 7.434927 7.444687 7.460024 7.483524 7.499918 7.511907 7.51576 7.516241 7.522997 7.532259 7.535087 7.546271 7.555769 7.570397 7.590082 7.599104 7.601474 7.609463 7.622673 7.623461 7.634207 7.632757 7.622715 7.623682 7.610422 7.610905 7.627915 7.641105 7.63344 7.59709 7.576907 7.581941 7.608822 7.660203 7.711333 7.802043 7.9227 8.079759 8.235967 8.392354 8.513065 8.579165 8.586071 8.524878 8.378043 8.158886 7.923555 7.734769 7.601579 7.529359 7.503138 7.524885
7.379425 7.384871 7.385917 7.393962 7.393486 7.40134 7.401812 7.402122 7.405782 7.412504 7.417546 7.423408 7.428639 7.44668 7.466681 7.484019 7.501264 7.509665 7.511993 7.524061 7.534932 7.54236 7.558477 7.570467 7.581136 7.602823 7.614499 7.628065 7.637352 7.633342 7.643171 7.656319 7.661657 7.655252 7.650689 7.650539 7.646438 7.649419 7.656726 7.656623 7.644108 7.604837 7.579559 7.609235 7.660405 7.73193 7.799114 7.880327 7.969026 8.084341 8.214794 8.355556 8.484735 8.563942 8.580227 8.48165 8.274844 8.029805 7.817522 7.666838 7.576897 7.584299 7.604894
7.381054 7.375322 7.380042 7.379173 7.386441 7.389672 7.398184 7.398906 7.400209 7.402599 7.407539 7.411166 7.423137 7.439394 7.452605 7.470279 7.487949 7.495278 7.505805 7.520679 7.53856 7.549448 7.558164 7.5777 7.587797 7.603634 7.616617 7.622567 7.641162 7.647208 7.658485 7.672738 7.677438 7.680533 7.687077 7.708441 7.707704 7.69734 7.698277 7.698004 7.688874 7.638495 7.57492 7.547656 7.602524 7.684454 7.776199 7.886398 7.968677 8.042574 8.127639 8.230106 8.345193 8.464096 8.551099 8.552596 8.384854 8.174297 7.962516 7.803016 7.707853 7.691109 7.702588
7.386509 7.375597 7.375772 7.372901 7.377199 7.377848 7.384567 7.390143 7.392289 7.395782 7.396191 7.404976 7.411303 7.429806 7.441385 7.456277 7.471098 7.482391 7.499425 7.518377 7.533159 7.548844 7.559883 7.578782 7.592585 7.608013 7.609303 7.62415 7.642059 7.653759 7.672208 7.688127 7.696033 7.7005 7.705998 7.738244 7.765439 7.76145 7.75095 7.75286 7.738875 7.678056 7.600328 7.522942 7.520636 7.611562 7.73875 7.882453 8.017809 8.140516 8.248161 8.350123 8.429327 8.507037 8.590139 8.640369 8.552492 8.386476 8.203855 8.046208 7.922594 7.851431 7.843341
7.376648 7.365871 7.367345 7.370444 7.372371 7.373247 7.373549 7.37799 7.381014 7.381821 7.382885 7.391696 7.398367 7.414386 7.426326 7.438314 7.449476 7.46397 7.487104 7.508966 7.527331 7.540709 7.553981 7.571911 7.590008 7.601324 7.611112 7.626295 7.649542 7.667067 7.682319 7.702371 7.722177 7.732252 7.743589 7.758727 7.800327 7.835846 7.837512 7.857426 7.823718 7.771257 7.676398 7.578257 7.505318 7.565314 7.717474 7.888874 8.070868 8.247353 8.41482 8.563491 8.676063 8.73631 8.778377 8.812362 8.757641 8.626843 8.466021 8.313192 8.217205 8.105154 8.063452
7.360599 7.357017 7.359165 7.359333 7.364161 7.372436 7.371735 7.372083 7.370196 7.371356 7.368413 7.370282 7.378483 7.393071 7.403095 7.412957 7.423458 7.43023 7.452817 7.477937 7.504417 7.524147 7.542194 7.562693 7.57462 7.587603 7.609981 7.629874 7.65659 7.67798 7.699865 7.720746 7.738867 7.767515 7.782534 7.804424 7.845971 7.912898 7.962693 7.992381 8.007442 7.977861 7.891749 7.771378 7.625889 7.562087 7.649983 7.831729 8.043231 8.255979 8.45697 8.652273 8.818694 8.930324 8.980232 8.995406 8.934164 8.803276 8.655787 8.596348 8.587222 8.50456 8.397112
7.342752 7.339621 7.345509 7.34738 7.349528 7.361628 7.366657 7.366002 7.366026 7.358732 7.360057 7.359798 7.361209 7.374235 7.381796 7.390954 7.39965 7.398489 7.41205 7.429459 7.465507 7.495572 7.518482 7.541633 7.554372 7.577852 7.600222 7.629324 7.659005 7.682855 7.714443 7.738229 7.763146 7.789415 7.818349 7.840559 7.877481 7.951542 8.030854 8.107696 8.17596 8.218575 8.194331 8.097255 7.916065 7.707654 7.624555 7.683004 7.830744 8.057031 8.279082 8.487822 8.707582 8.899773 9.026885 9.088401 9.037103 8.907999 8.781886 8.813059 8.8797 8.895679 8.871393
7.329102 7.330103 7.332561 7.33775 7.338932 7.340585 7.346718 7.349479 7.353466 7.35656 7.357937 7.353256 7.355007 7.357113 7.364736 7.372657 7.381486 7.384705 7.392393 7.399042 7.431562 7.464178 7.494364 7.516978 7.535711 7.561692 7.594785 7.624517 7.646497 7.676857 7.706826 7.731945 7.769606 7.803226 7.841955 7.878548 7.911278 7.975312 8.078379 8.179017 8.274086 8.379819 8.448105 8.430358 8.311062 8.078154 7.83542 7.706413 7.689459 7.840973 8.050589 8.25291 8.485188 8.725014 8.935298 9.067701 9.080043 8.966214 8.834255 8.899916 9.000164 9.127363 9.21383
7.322712 7.328914 7.330526 7.333761 7.340931 7.336613 7.336132 7.340068 7.345705 7.346749 7.35087 7.35552 7.359256 7.358932 7.361157 7.370702 7.374331 7.382611 7.395298 7.407991 7.431734 7.441287 7.464619 7.487173 7.514676 7.54824 7.57999 7.608931 7.639807 7.671812 7.696101 7.727537 7.762745 7.807045 7.836856 7.896046 7.926384 7.996258 8.10764 8.210093 8.323009 8.458102 8.585894 8.673401 8.672841 8.529293 8.293106 8.096436 7.955326 7.901806 8.0453 8.243564 8.449164 8.664198 8.880979 9.054095 9.110213 9.011798 8.832657 8.842477 8.93137 9.07635 9.235602
7.324827 7.328819 7.326136 7.328257 7.336064 7.340874 7.33913 7.337304 7.334726 7.338052 7.34412 7.349953 7.359158 7.360062 7.359293 7.357732 7.364408 7.378334 7.39141 7.414318 7.428752 7.431256 7.439734 7.456458 7.488589 7.522147 7.556863 7.594032 7.628227 7.657259 7.689419 7.727074 7.762649 7.794977 7.835535 7.880062 7.913475 7.984106 8.084902 8.193433 8.340158 8.500425 8.657573 8.809117 8.905442 8.893802 8.751319 8.611341 8.457664 8.328826 8.287663 8.408434 8.586251 8.771288 8.946863 9.095778 9.14462 9.043335 8.822834 8.672177 8.656051 8.741561 8.904871
7.339493 7.33009 7.328681 7.320989 7.319809 7.323951 7.330297 7.330517 7.324589 7.319377 7.318747 7.322599 7.333028 7.335586 7.338703 7.3429 7.349411 7.356689 7.373295 7.399601 7.41378 7.417239 7.425835 7.420289 7.434781 7.484631 7.526043 7.570371 7.60114 7.638374 7.672203 7.71213 7.747845 7.783535 7.822599 7.857243 7.882102 7.931417 8.006442 8.119443 8.277165 8.455623 8.63131 8.801293 8.95376 9.042346 9.009625 8.927176 8.841254 8.72252 8.628568 8.580052 8.705073 8.866579 8.994977 9.116334 9.150809 9.03798 8.784993 8.502602 8.31831 8.288644 8.406313
7.354683 7.342775 7.334827 7.320954 7.302367 7.301887 7.311297 7.310919 7.303829 7.302449 7.298559 7.293569 7.294631 7.305977 7.316965 7.320078 7.325817 7.332547 7.347933 7.375709 7.394007 7.405369 7.406853 7.420321 7.431359 7.463538 7.495271 7.533093 7.56872 7.605923 7.641494 7.687167 7.716082 7.760833 7.796111 7.829065 7.849567 7.853867 7.895563 7.977545 8.108378 8.252377 8.408866 8.568883 8.727164 8.833394 8.868287 8.827594 8.791792 8.727701 8.642522 8.596402 8.667052 8.771776 8.885141 8.992236 9.048553 8.984347 8.776143 8.48332 8.178869 7.960057 7.934536
7.361755 7.354065 7.346711 7.336595 7.303162 7.281385 7.289348 7.293521 7.289857 7.292212 7.297182 7.290205 7.289128 7.292816 7.298371 7.301285 7.306237 7.306827 7.318799 7.340949 7.362179 7.368989 7.375876 7.410135 7.432764 7.448134 7.467423 7.494877 7.515881 7.552271 7.60175 7.632185 7.663655 7.703782 7.738114 7.767093 7.777575 7.763653 7.75194 7.770341 7.845199 7.9414 8.047626 8.166232 8.276684 8.355355 8.37819 8.359327 8.322112 8.283485 8.299742 8.331044 8.405432 8.499903 8.625067 8.758621 8.865057 8.871017 8.738289 8.510841 8.21664 7.919924 7.693375
7.367304 7.364163 7.359219 7.348813 7.336924 7.307165 7.282527 7.276928 7.282866 7.291269 7.302355 7.307471 7.297042 7.293324 7.292502 7.296424 7.289766 7.290565 7.299032 7.306732 7.321201 7.32911 7.337773 7.343524 7.385623 7.401757 7.418581 7.434283 7.461351 7.49508 7.53498 7.561962 7.592175 7.629525 7.654446 7.676459 7.688712 7.674335 7.632803 7.607401 7.611196 7.662063 7.714438 7.774518 7.825998 7.903797 7.933983 7.935851 7.94176 7.97502 8.002789 8.050663 8.153357 8.28399 8.436277 8.579808 8.68651 8.7082 8.66939 8.529434 8.305018 8.01808 7.732742
7.364919 7.362463 7.364653 7.35544 7.361923 7.340193 7.30968 7.282772 7.277738 7.284884 7.293075 7.301383 7.303204 7.301834 7.297696 7.292817 7.282394 7.283575 7.284135 7.283919 7.287346 7.295324 7.291999 7.295207 7.301262 7.333514 7.349468 7.356321 7.373924 7.408622 7.433745 7.441138 7.488141 7.520043 7.548296 7.571665 7.59045 7.587956 7.564827 7.532089 7.498963 7.506282 7.526804 7.566192 7.663439 7.775057 7.866476 7.91609 7.933791 7.958158 7.991445 8.035767 8.111865 8.243905 8.393768 8.534242 8.609423 8.594479 8.550236 8.472407 8.345516 8.159358 7.922398
7.358053 7.356427 7.366605 7.367992 7.368415 7.358538 7.327298 7.297168 7.284956 7.272898 7.274694 7.282558 7.293597 7.295891 7.288376 7.276858 7.27347 7.276067 7.282508 7.280711 7.28065 7.278351 7.278039 7.278672 7.27104 7.28333 7.285124 7.279204 7.281383 7.297469 7.309917 7.311223 7.33589 7.370494 7.396907 7.439564 7.470125 7.478131 7.493405 7.498333 7.492279 7.497801 7.528458 7.625712 7.727537 7.838989 7.947076 8.024837 8.067193 8.092996 8.120658 8.16111 8.206803 8.287004 8.42966 8.582373 8.650185 8.598748 8.481264 8.367582 8.269949 8.168197 8.041751
7.349821 7.347019 7.349113 7.359419 7.360785 7.351774 7.336938 7.313283 7.299757 7.273125 7.251801 7.261049 7.277027 7.279242 7.270777 7.258178 7.258199 7.262269 7.271954 7.274561 7.271259 7.262754 7.268724 7.271368 7.26843 7.256885 7.240025 7.219177 7.210393 7.207389 7.204655 7.206475 7.199871 7.22856 7.240277 7.273646 7.309643 7.345547 7.371421 7.409168 7.45757 7.513213 7.586575 7.675105 7.786144 7.882828 7.936906 7.990011 8.025362 8.060164 8.111631 8.185632 8.258805 8.335612 8.436515 8.562008 8.681373 8.68286 8.575174 8.393482 8.205853 8.059163 7.954048
7.342783 7.340419 7.337572 7.3427 7.347896 7.342319 7.332371 7.323318 7.309089 7.29553 7.25904 7.240396 7.252621 7.255003 7.247391 7.242708 7.240911 7.239328 7.245613 7.256318 7.249899 7.241842 7.23534 7.228167 7.233944 7.222893 7.199138 7.189033 7.178595 7.166267 7.1503 7.132377 7.126025 7.122345 7.126624 7.14639 7.166589 7.194119 7.213631 7.26101 7.313874 7.383464 7.452591 7.544406 7.635057 7.686438 7.768836 7.829428 7.8992 7.966259 8.032383 8.104221 8.202928 8.288208 8.355208 8.435417 8.564387 8.661552 8.672784 8.567327 8.356354 8.100945 7.883086
7.345879 7.338988 7.335424 7.331161 7.334811 7.337393 7.331705 7.326898 7.315103 7.308449 7.288533 7.250918 7.231309 7.235343 7.234328 7.231474 7.232435 7.226516 7.217573 7.225809 7.22503 7.219331 7.211023 7.209795 7.204931 7.192789 7.179397 7.168442 7.156775 7.139626 7.115124 7.093164 7.091807 7.062934 7.035385 7.039338 7.045429 7.042124 7.05133 7.0573 7.086871 7.131332 7.186102 7.264406 7.340695 7.479187 7.608862 7.738332 7.848893 7.937212 8.006001 8.047226 8.101743 8.165829 8.209989 8.238786 8.307849 8.426868 8.540355 8.623627 8.556664 8.344683 8.066789
7.345481 7.345144 7.347187 7.341986 7.334745 7.338701 7.334136 7.329581 7.329296 7.323647 7.306865 7.287826 7.256351 7.239912 7.230516 7.229796 7.239937 7.245267 7.236021 7.225296 7.220147 7.217763 7.216753 7.222255 7.218186 7.203235 7.184752 7.166825 7.155475 7.124385 7.088913 7.04646 7.015738 6.99499 6.964062 6.940286 6.911295 6.891334 6.881176 6.878607 6.889637 6.925147 6.994872 7.070842 7.194685 7.358843 7.523585 7.677385 7.813233 7.914393 7.983026 7.994463 7.97421 8.032625 8.109096 8.078241 8.057398 8.124567 8.241344 8.428426 8.577036 8.553622 8.377928
7.335706 7.341555 7.343814 7.344124 7.336879 7.331815 7.33484 7.340896 7.339198 7.338579 7.325294 7.310211 7.280903 7.253393 7.242136 7.23601 7.239541 7.256866 7.258476 7.241901 7.235323 7.231423 7.232125 7.238553 7.236392 7.220132 7.203109 7.189283 7.162294 7.133641 7.087296 7.034945 6.964235 6.920533 6.888217 6.841652 6.800711 6.764397 6.741053 6.722931 6.732207 6.793445 6.872104 6.987295 7.125611 7.288285 7.445538 7.595502 7.729915 7.824945 7.890553 7.912657 7.864952 7.902344 8.01489 8.03958 7.943952 7.8866 7.926355 8.098497 8.347199 8.52898 8.539267
7.327068 7.327665 7.333455 7.336701 7.334746 7.329709 7.327189 7.336758 7.342061 7.342339 7.333307 7.311942 7.296618 7.272343 7.254096 7.241154 7.232367 7.240566 7.247625 7.244956 7.246564 7.248415 7.248058 7.25258 7.249764 7.238884 7.229162 7.220305 7.197614 7.166037 7.126089 7.07417 7.004805 6.939943 6.889755 6.824151 6.743631 6.702016 6.69361 6.670895 6.643495 6.655007 6.722534 6.838007 6.980806 7.140125 7.302431 7.442843 7.576696 7.694592 7.791427 7.841611 7.797052 7.794258 7.905007 8.032221 7.983789 7.842463 7.750241 7.810791 8.03589 8.289564 8.432491
7.320304 7.324062 7.328197 7.327067 7.329942 7.331012 7.329543 7.331384 7.339703 7.340988 7.33759 7.322684 7.304085 7.286966 7.274521 7.259405 7.243373 7.235616 7.238115 7.234423 7.243371 7.264747 7.269344 7.265117 7.262989 7.253963 7.25149 7.247493 7.233969 7.208809 7.17101 7.122557 7.070596 7.032445 6.996312 6.934386 6.83459 6.744217 6.721494 6.721032 6.675067 6.617917 6.619229 6.685756 6.800227 6.930502 7.082932 7.237054 7.393528 7.5524 7.70436 7.793827 7.757567 7.717505 7.785352 7.95441 8.038913 7.941773 7.775743 7.694467 7.808903 8.03086 8.214179
7.318324 7.319983 7.326786 7.328475 7.329647 7.330165 7.334787 7.334092 7.338277 7.340138 7.338099 7.327288 7.308899 7.296313 7.286433 7.284617 7.273866 7.254697 7.245623 7.233746 7.226958 7.233926 7.252541 7.26268 7.26247 7.267178 7.271515 7.273661 7.275576 7.27192 7.243833 7.187454 7.139689 7.128643 7.127352 7.10008 7.003329 6.880913 6.814841 6.831606 6.817668 6.738253 6.675152 6.646818 6.693079 6.772381 6.89927 7.055028 7.239978 7.413855 7.583354 7.700269 7.703917 7.651432 7.686345 7.834297 7.994325 8.006653 7.865175 7.72742 7.699097 7.853897 8.059233
7.315516 7.323578 7.330315 7.327529 7.327075 7.329212 7.332789 7.337186 7.33764 7.337579 7.334922 7.32823 7.314689 7.299641 7.285689 7.284253 7.282144 7.272092 7.257013 7.24714 7.233316 7.223386 7.23726 7.246657 7.25369 7.259678 7.269166 7.289312 7.318699 7.334444 7.335086 7.294848 7.236053 7.230113 7.239316 7.244028 7.180086 7.0542 6.999261 7.004665 6.983939 6.942415 6.842435 6.76217 6.726487 6.736384 6.789487 6.899571 7.059407 7.246824 7.430778 7.585885 7.621365 7.59373 7.602694 7.726136 7.887893 7.957704 7.876115 7.755186 7.689206 7.765376 7.959094
