py_wake/examples/data/AJ_ParqueFicticio/Rough survey   Sector 10   Height 30m   Orographic speed.grd
DSAA
73  159
 258469   265669
 6501692   6517492
 .01663157   2.175921
[rows 0 to 27 of 159, columns 0 to 62 of 73]
.9206719 .9379321 .9445878 .9479575 .949638 .9516483 .9545603 .9572754 .9597458 .9615158 .9626466 .9615165 .9596432 .9561868 .950675 .9434133 .9351515 .9260132 .9116831 .8883145 .84737 .9148628 1.002609 1.11347 1.0506 .8890651 .8122486 .9363555 .9753703 .9375157 .9130964 .9210543 .9198353 .9192049 .9057571 .947147 1.03661 1.1507 1.118374 1.107582 1.109627 1.121451 1.132327 1.138642 1.120288 1.114639 1.101693 1.092964 1.089197 1.084688 1.081181 1.076997 1.075664 1.078752 1.078932 1.079761 1.080851 1.079018 1.076333 1.068931 1.060625 1.050902 1.038792
.9279015 .9406182 .9437227 .9463213 .9485 .9509677 .9536223 .9570231 .9592877 .9614167 .9628525 .9621838 .9598498 .9569874 .9506325 .9409766 .931408 .9197469 .8979094 .8606785 .8322542 .8914803 1.041612 1.144854 1.109763 .9416116 .7895058 .9212285 .9604799 .9444818 .933404 .9266787 .9273823 .92195 .8991396 .9354252 1.010639 1.14405 1.111184 1.095029 1.088689 1.096397 1.12091 1.13914 1.106871 1.101156 1.095286 1.088478 1.086411 1.081576 1.081984 1.081605 1.082434 1.086829 1.087505 1.089242 1.090044 1.088938 1.0817 1.075305 1.06622 1.054837 1.042076
.9464214 .9333138 .9370279 .9435746 .9478468 .9510259 .953593 .9559154 .9585109 .9613038 .969643 .9663046 .9631394 .961534 .9535139 .9395014 .9268505 .9131021 .8887052 .8415426 .8320769 .8788002 1.043926 1.145618 1.180766 1.002806 .8625425 .8981372 .9379123 .9347762 .9344323 .9334801 .938765 .9299361 .8937992 .9035828 .9510071 1.114974 1.104596 1.081114 1.065547 1.079027 1.103926 1.149555 1.108714 1.086419 1.077799 1.077841 1.081224 1.073955 1.077319 1.089362 1.08816 1.090961 1.093415 1.097242 1.098847 1.097534 1.09263 1.084458 1.074033 1.060215 1.046901
1.010956 .9559346 .9253938 .9402491 .946368 .9509698 .9554196 .9579377 .9593237 .961819 .9629552 .9706774 .9750261 .9765948 .9628047 .9390467 .923629 .9060809 .8795356 .8322254 .829519 .8751726 1.008767 1.09431 1.171877 1.019972 .9088252 .9067385 .9253494 .9278309 .9324861 .9516723 .9585003 .9224598 .8891988 .8648971 .8836591 1.038901 1.109117 1.057365 1.049385 1.083995 1.117513 1.144188 1.151287 1.092447 1.064282 1.066063 1.07081 1.064953 1.075418 1.096388 1.091945 1.098558 1.105473 1.109661 1.112748 1.111968 1.107206 1.09731 1.085142 1.072191 1.05596
1.051735 .9805119 .9256575 .9405656 .9447421 .9506299 .9583519 .9633076 .9626196 .9618771 .9628734 .9576598 .9788231 .9927305 .9728684 .9398342 .9202436 .8989871 .869308 .8115212 .8412148 .8836999 .9808485 1.070566 1.163257 1.061866 .9593442 .9376237 .939879 .9464921 .9461988 .9732447 .9568339 .9062998 .8761944 .8211466 .8373232 .9816661 1.074608 1.025152 1.032399 1.141534 1.156042 1.144426 1.153544 1.079841 1.059432 1.061608 1.057023 1.058514 1.069096 1.09439 1.098533 1.107578 1.116646 1.124369 1.129738 1.129572 1.124674 1.116076 1.105135 1.087473 1.065444
1.046234 1.0056 .9733441 .9521464 .9364328 .944302 .9707986 .9764789 .9690602 .9665996 .9688152 .9558933 .9710429 .9960334 .980203 .9503432 .923161 .8941991 .8426595 .8339219 .8677637 .9114441 .9778982 1.056804 1.156709 1.095882 1.008884 .973145 .9627167 .9650273 .9713081 .9951928 .963066 .9156036 .8882475 .8548158 .8497919 .9281477 .9967639 .9383861 1.000602 1.219365 1.208341 1.16457 1.142023 1.101004 1.082187 1.076078 1.062222 1.048933 1.061861 1.086107 1.099249 1.113474 1.130118 1.143783 1.152145 1.154493 1.152347 1.146738 1.136443 1.120875 1.090233
1.028054 1.023456 1.025046 1.005104 .9509881 .9296271 .9819472 .9813169 .971545 .9693389 .9692395 .956666 .956898 .9793058 .9850349 .9671094 .9352057 .9003873 .8608613 .810688 .8540359 .9261368 1.004386 1.056851 1.150979 1.104296 1.052948 1.00739 .9780582 .9652159 .960914 .9597189 .9521085 .9185447 .8920931 .8651132 .8603738 .8795698 .869298 .8357463 1.011923 1.244609 1.23669 1.153149 1.099735 1.092784 1.10454 1.102664 1.065012 1.040329 1.049599 1.066445 1.08571 1.121488 1.153697 1.171865 1.182004 1.187922 1.192317 1.193304 1.194682 1.14457 1.059414
1.019537 1.019487 1.022828 1.026415 .9596898 .9272122 .9569861 .9750801 .9705291 .9671142 .9607956 .9552442 .963519 .9814744 .9917166 .9870182 .9612543 .9196759 .8797405 .8126041 .8526539 .9248739 1.031103 1.061716 1.128129 1.107411 1.081901 1.026656 .9900063 .964618 .9417371 .9461709 .9401228 .9222845 .9001084 .872158 .8569484 .8581479 .8392028 .7926552 1.050833 1.255502 1.227227 1.124356 1.060863 1.089756 1.122411 1.127337 1.054049 1.007133 1.034766 1.048461 1.049116 1.104543 1.20093 1.217952 1.22126 1.230768 1.247118 1.281341 1.201325 1.113612 1.012149
1.016921 1.018917 1.025817 1.034257 1.017229 .9711001 .9754072 .9775286 .9678459 .9573777 .9562082 .9588511 .9693058 .9790668 .9946085 1.004049 .9932855 .9524963 .9071652 .8612136 .8447758 .9044307 .9998915 1.011566 1.091854 1.122646 1.118691 1.053718 1.007278 .9737263 .9438059 .9426743 .9403258 .9329342 .9181182 .8941971 .8828068 .8756963 .8876219 .8799823 1.041318 1.193431 1.151835 1.034829 1.060816 1.17513 1.152455 1.155116 1.063891 .9835497 1.034334 1.040299 1.008112 1.099611 1.235926 1.279127 1.263429 1.277105 1.320935 1.311958 1.186694 1.0511 .9424216
1.014225 1.016274 1.023379 1.033948 1.037749 1.023318 1.012587 .9946255 .9592271 .9432763 .9503389 .9648843 .972146 .9731371 .9908898 1.016273 1.020253 .9889616 .9463252 .9098849 .8762078 .8981916 .983525 .99708 1.041499 1.131065 1.143679 1.084279 1.031738 .9825081 .9496918 .9471503 .9457722 .9405952 .931217 .9096632 .9061045 .9050364 .9344757 .9642525 1.027184 1.111993 1.086318 .9642645 1.115071 1.20726 1.140685 1.136039 1.075348 .9598312 1.000118 1.002402 .973922 1.099069 1.282719 1.335104 1.303319 1.323774 1.369771 1.325955 1.17891 .9724868 .8341253
1.010518 1.012836 1.01459 1.019614 1.02592 1.00844 1.027439 1.018711 .9492671 .9220996 .9482741 .9818316 .9776464 .9519581 .9583203 1.033397 1.073721 1.026338 .9766467 .9508587 .9186236 .9020925 .9644259 .9961222 .9963381 1.090567 1.176165 1.137647 1.070532 .9895076 .9544947 .955175 .9579412 .9545234 .9400021 .9201535 .9265118 .9260274 .9441344 .9941322 1.029201 1.057853 1.054133 1.019867 1.115462 1.169926 1.091719 1.103409 1.086189 .9700741 .9605966 .9325171 1.001688 1.194046 1.319799 1.348249 1.332563 1.352744 1.361914 1.319895 1.176784 .9378936 .8336586
1.002291 1.005756 1.005951 .9964861 1.02269 1.022099 1.046906 1.010162 .8857993 .8989232 .9566064 1.035814 1.013578 .9340712 .9187664 1.016766 1.107506 1.069165 .9910471 .9530868 .929816 .9214077 .9551376 .9722275 .9785049 .9941479 1.103888 1.110626 1.069757 .9832877 .9603378 .9554641 .9632837 .9702517 .9558318 .929962 .9382173 .9415963 .9515252 .9850516 1.019313 1.036544 1.049221 1.061133 1.090248 1.096939 1.060828 1.06448 1.072595 1.015984 .9484821 .9266108 1.112785 1.273194 1.324233 1.323417 1.353478 1.369824 1.338976 1.284311 1.187582 .9976007 .8843978
.9922395 .9965519 1.003919 1.003863 1.020498 1.035473 1.04749 1.03797 .8502516 .8745499 .9690418 1.051468 1.042017 .9341332 .908223 .9294337 1.08556 1.08305 1.068398 .9930537 .9424664 .9319887 .9726708 .9707491 .9695179 .9825704 1.010571 1.07929 1.054095 .9894755 .9675044 .9570238 .9626139 .9665895 .9595572 .9467867 .9481251 .9521876 .9597601 .9752492 1.004077 1.025014 1.043831 1.076472 1.083588 1.058579 1.04715 1.042451 1.055589 1.030601 .9924708 .9731065 1.122409 1.281708 1.340871 1.312356 1.30412 1.314648 1.302807 1.246641 1.169365 1.030494 .9731802
.98266 .9935524 1.009605 1.01313 1.021472 1.030785 1.030081 1.00812 .8536892 .8589799 .9705865 1.029687 1.030723 .9652385 .9018262 .9510388 1.025691 1.059588 1.080692 1.048573 1.030577 1.027425 1.010041 .96254 .9602864 .9688668 .992145 1.016579 1.00817 .9828281 .9658529 .9556611 .9579445 .9609987 .9658566 .9641727 .9580978 .9573992 .9605628 .9709809 .9930556 1.012011 1.029269 1.082531 1.081398 1.062762 1.050022 1.037707 1.047729 1.04788 1.041991 1.042546 1.115199 1.262932 1.314772 1.253133 1.24059 1.262933 1.263442 1.230307 1.173927 1.100313 1.037661
.9812685 .9958913 1.007501 1.014685 1.019899 1.022127 1.015282 .9964139 .9234071 .8909842 .9791658 1.016954 1.018534 .9990028 .9826054 .9988974 1.017233 1.041234 1.07566 1.05561 1.05992 1.087766 1.093065 .9987148 .94875 .9568098 .9621064 .968605 .9695583 .9635358 .9569306 .9505072 .9557292 .9678837 .9848142 .9877965 .9707453 .9551241 .9501026 .9663795 .9930789 1.018736 1.034229 1.077015 1.0874 1.050112 1.03839 1.032426 1.052627 1.072197 1.073071 1.084213 1.124071 1.181374 1.220585 1.224648 1.244118 1.27997 1.29091 1.262667 1.216009 1.152732 1.063104
.9822423 .9947413 1.00413 1.010479 1.015595 1.01263 1.002711 .9872988 .9599931 .9376405 .9779622 1.00149 1.008632 1.009455 1.011012 1.001113 .9910088 1.012851 1.053523 1.044455 1.056181 1.08627 1.114042 1.06776 .9880166 .9378451 .9379143 .9391986 .9409493 .947517 .9464059 .9374903 .9318553 .9620715 1.056062 1.059306 .9782324 .9443227 .931089 .9463542 1.013042 1.032331 1.044998 1.079503 1.075098 1.039424 1.028163 1.035596 1.075074 1.099755 1.094858 1.088122 1.107502 1.141721 1.166648 1.187169 1.259699 1.33741 1.376266 1.333198 1.2973 1.245649 1.043209
.9814956 .9915286 .9982406 1.003423 1.007524 1.005773 .9964712 .9817834 .9653378 .9573205 .9694737 .9838126 .9946765 .9988809 1.019151 1.008025 .9965081 1.019764 1.045199 1.044204 1.053467 1.078141 1.094512 1.107033 1.093762 1.000651 .9132624 .9075154 .9190773 .9312462 .9449009 .909392 .891705 .9577984 1.130407 1.14293 .9918367 .902534 .8715474 .8929435 1.020251 1.052403 1.059527 1.071951 1.069575 1.036921 1.007384 1.030479 1.088639 1.125453 1.103898 1.064078 1.068217 1.097441 1.147508 1.206749 1.31598 1.388094 1.428419 1.395762 1.356368 1.291762 1.067485
.9810359 .9871081 .9960834 1.000502 1.002608 1.001195 .9934168 .9833443 .9725332 .9721529 .9788198 .9801567 .9823921 1.01235 1.023912 1.021998 1.014646 1.022693 1.036437 1.044557 1.049472 1.064603 1.078729 1.0966 1.11379 1.100613 .971824 .8705724 .8797083 .9264547 .9206682 .8430771 .8276447 .95146 1.161356 1.183486 1.044928 .8550047 .7795035 .7956446 1.000678 1.107782 1.075635 1.085808 1.075919 1.043624 .9839378 1.028526 1.131569 1.156921 1.083806 1.008072 1.017931 1.098606 1.177042 1.255231 1.35487 1.400615 1.418275 1.410907 1.376518 1.321401 1.125141
.9789928 .9842951 .9905049 .9970232 .9976277 .997747 .9933181 .9841424 .9776211 .9795586 .9923046 .9915292 .9820988 1.010511 1.02286 1.025783 1.025065 1.030048 1.03666 1.041446 1.041865 1.045282 1.052163 1.075668 1.086437 1.072348 1.027577 .9399335 .8949466 .9381331 .8731871 .757754 .8354068 1.02505 1.144147 1.170207 1.109339 .8746752 .6947826 .7167953 1.015018 1.148748 1.138054 1.126709 1.103227 1.07387 .9793839 1.04162 1.172585 1.177926 1.072417 .9941644 1.003358 1.093905 1.202481 1.307596 1.370298 1.422713 1.42528 1.407501 1.402673 1.340592 1.170343
.9767163 .980593 .9864736 .9914876 .9915851 .9926302 .9897029 .9858829 .9808944 .9831601 .9969254 .9943521 .9890498 1.005837 1.018531 1.027341 1.031557 1.037647 1.040653 1.042112 1.035584 1.031561 1.027529 1.062232 1.071833 1.058396 1.0358 .9941211 .9581402 .9371206 .8137082 .7083434 .8336354 1.079049 1.122425 1.177249 1.139247 .8805909 .5991692 .6695964 .9691904 1.144008 1.165008 1.163067 1.157734 1.110585 1.001917 1.052926 1.185906 1.172687 1.059163 1.002805 1.018614 1.09493 1.194387 1.291745 1.36407 1.424986 1.422788 1.413977 1.39375 1.357787 1.212128
.9787233 .9763433 .974728 .9777946 .9826474 .9836943 .9850059 .9850971 .9837873 .9892205 1.004217 1.005548 1.000401 1.007099 1.01801 1.026701 1.032573 1.040304 1.044465 1.037106 1.030476 1.025215 1.036964 1.053576 1.061168 1.051489 1.031977 1.013797 1.022177 .9162176 .8189386 .8069586 .7712112 1.037317 1.104081 1.183113 1.112943 .8316129 .5526609 .6505914 .9505267 1.116557 1.146047 1.158464 1.145786 1.127039 1.073503 1.097517 1.16393 1.152578 1.04722 1.041131 1.059782 1.090319 1.200776 1.296852 1.380675 1.436762 1.451043 1.436165 1.404823 1.335583 1.234673
.980859 .9827214 .9677729 .9699441 .9770624 .9792452 .9799913 .9808807 .9829482 .9939545 1.007173 1.012208 1.011426 1.013905 1.01809 1.023233 1.030853 1.042576 1.040932 1.031542 1.026618 1.027794 1.038641 1.050171 1.055029 1.051848 1.038437 1.020253 1.005582 .8724822 .8963435 .9403045 .8177574 .8924245 1.036867 1.156093 1.095378 .829087 .5622892 .7084921 .9475177 1.083611 1.136413 1.152505 1.147339 1.149412 1.139212 1.130418 1.139068 1.116452 1.07229 1.071277 1.096513 1.105852 1.20163 1.303884 1.377777 1.450157 1.48018 1.471234 1.414276 1.320573 1.220338
.9769254 .9796284 .973289 .9665685 .972664 .9744246 .9756542 .9777563 .9804329 .9926679 1.005767 1.012981 1.016262 1.019996 1.020981 1.02339 1.023334 1.04375 1.043382 1.038448 1.03192 1.032954 1.041066 1.047541 1.051505 1.048321 1.037001 1.016552 .9507711 .8999717 .9796679 1.036399 .878384 .8144867 .9100375 1.119311 1.07679 .8492424 .6467417 .6554012 .8897316 1.046388 1.145063 1.131749 1.133953 1.1528 1.158676 1.155542 1.143712 1.102211 1.084285 1.09422 1.137997 1.133535 1.200255 1.316714 1.402182 1.467344 1.521814 1.535897 1.433296 1.297531 1.181603
.9756567 .9772201 .9627697 .9604338 .966022 .969825 .9724416 .9745104 .979309 .9886751 1.002378 1.009629 1.014644 1.020231 1.024413 1.028734 1.030195 1.03535 1.038953 1.038677 1.038036 1.03829 1.042641 1.048288 1.048156 1.038731 1.020774 .9990314 .9104512 .9033003 1.025806 1.048634 .9642535 .8252017 .8079939 1.033965 1.057464 .9397957 .801186 .6917406 .7827351 .9859374 1.086587 1.097601 1.108357 1.162307 1.170906 1.170667 1.156124 1.12536 1.111523 1.129241 1.1746 1.169689 1.200017 1.339524 1.457363 1.502348 1.581223 1.602145 1.472026 1.266662 1.133609
.972815 .9695637 .9684492 .9659169 .9668154 .9690036 .9709539 .9739675 .9785424 .9861777 .9988759 1.006567 1.011498 1.01542 1.020934 1.031396 1.028354 1.02793 1.033238 1.035167 1.036474 1.038395 1.042015 1.046996 1.045191 1.027458 .9961975 .9627717 .9075845 .8845915 .9900725 1.026512 1.011774 .893012 .7463021 .9562049 1.021031 .9704877 .9067035 .8164725 .7525146 .9098845 1.026633 1.058512 1.083455 1.139893 1.158835 1.171425 1.168409 1.13594 1.130807 1.163848 1.225637 1.208753 1.194188 1.359008 1.535965 1.588821 1.650406 1.651063 1.459873 1.227801 1.071168
.9760467 .9664006 .968085 .9707209 .9710451 .9725644 .9737875 .9748281 .9771675 .9811789 .994868 1.002114 1.008134 1.015 1.022086 1.031255 1.031835 1.030522 1.030896 1.031535 1.034194 1.03504 1.037606 1.039047 1.032359 1.006212 .966756 .9450952 .9437402 .9141662 .9594939 1.009159 .9971298 .9402844 .723077 .8910259 .9794174 .9792483 .9433171 .8546902 .7624847 .8551584 1.009986 1.042218 1.077867 1.105046 1.118381 1.14363 1.162403 1.148651 1.148874 1.203659 1.293302 1.281299 1.199619 1.377458 1.647832 1.729659 1.700504 1.627087 1.400772 1.185364 1.017978
.9715683 .9616099 .9637606 .9685187 .9721985 .9756094 .9772313 .9796062 .9786459 .9770594 .9877182 .996643 1.006418 1.015423 1.025011 1.026744 1.02849 1.030345 1.029305 1.027946 1.025482 1.026793 1.031762 1.023847 1.028301 1.006808 .9532238 .9435874 .9813325 .9442619 .9718111 .9992483 .9883677 .9260477 .7989511 .8824061 .94632 .9567183 .9610278 .8444726 .7781516 .820456 .9794633 1.036473 1.076298 1.066566 1.074335 1.118851 1.152499 1.157544 1.16733 1.234292 1.376401 1.398983 1.250279 1.37557 1.748046 1.858813 1.755896 1.561308 1.306604 1.117283 .9442119
.9713387 .9703212 .9684789 .9694762 .9727128 .9762587 .9792924 .9801011 .9740018 .9789013 .987075 .9954169 1.003957 1.017003 1.022992 1.024612 1.024819 1.028444 1.029146 1.027148 1.021237 1.017526 1.028257 1.025314 1.019842 1.001663 .973639 .9567238 .98445 .9717617 .9762683 .9949227 .982889 .91897 .8244792 .9067586 .945188 .9439408 .9690893 .8583592 .785181 .7991589 .896898 1.011157 1.061015 1.067974 1.056455 1.086266 1.138844 1.174281 1.18171 1.25292 1.453455 1.539026 1.35376 1.42953 1.799598 1.94285 1.763213 1.432977 1.190301 1.027834 .8364902
