py_wake/examples/data/AJ_ParqueFicticio/Rough survey   Sector 1   Height 200m   Mean speed.grd
DSAA
73  159
 258469   265669
 6501692   6517492
 3.591073   7.682683
[rows 0 to 27 of 159, columns 0 to 62 of 73]
5.310698 5.298608 5.291898 5.282499 5.274303 5.264265 5.255124 5.24729 5.240598 5.234738 5.225491 5.217836 5.208014 5.204306 5.202425 5.200096 5.202498 5.199399 5.200855 5.197822 5.200924 5.211464 5.228818 5.254435 5.259497 5.242013 5.258727 5.294277 5.324133 5.338755 5.356263 5.376188 5.418543 5.461962 5.506474 5.542255 5.566287 5.56018 5.541893 5.517727 5.482528 5.436754 5.394825 5.355412 5.337692 5.328197 5.319985 5.306074 5.29671 5.28031 5.265474 5.248411 5.232908 5.219161 5.213596 5.210695 5.208488 5.211904 5.221416 5.240597 5.261764 5.289001 5.319571
5.289515 5.282701 5.27866 5.271788 5.26131 5.250393 5.244055 5.233281 5.227792 5.223933 5.214214 5.20603 5.197711 5.193634 5.194532 5.195926 5.199296 5.20418 5.211796 5.221465 5.239924 5.263894 5.287837 5.31487 5.330283 5.317277 5.312876 5.335494 5.348923 5.3708 5.383633 5.408622 5.443951 5.485455 5.52982 5.564903 5.588457 5.585963 5.565001 5.536314 5.496832 5.456574 5.425018 5.392012 5.357296 5.343148 5.330674 5.318614 5.30467 5.288157 5.267789 5.247559 5.226387 5.21321 5.206 5.2026 5.20248 5.208921 5.227462 5.246912 5.272514 5.301969 5.337291
5.300143 5.278616 5.269541 5.260283 5.243264 5.232615 5.224771 5.217544 5.212528 5.208087 5.204291 5.192883 5.183152 5.178271 5.180994 5.188472 5.197113 5.204916 5.219604 5.236786 5.261785 5.293701 5.310987 5.346531 5.373802 5.374424 5.367666 5.362875 5.369262 5.381643 5.39854 5.423121 5.451825 5.485115 5.52148 5.560092 5.58137 5.58629 5.575931 5.544568 5.500428 5.458068 5.427988 5.406343 5.376054 5.346532 5.331028 5.32269 5.307831 5.292357 5.270306 5.247679 5.227717 5.216407 5.206742 5.199169 5.198593 5.203825 5.220182 5.24562 5.275287 5.314553 5.353578
5.325322 5.291328 5.260826 5.242733 5.229298 5.22 5.208299 5.200439 5.194732 5.189082 5.18575 5.182392 5.17473 5.16772 5.164792 5.176207 5.18832 5.199606 5.217093 5.241372 5.268744 5.300811 5.32618 5.360704 5.391814 5.40692 5.39244 5.388704 5.381105 5.390319 5.404243 5.418151 5.434113 5.445698 5.453024 5.463016 5.493107 5.517304 5.526557 5.507349 5.463923 5.428243 5.406388 5.400887 5.38511 5.360542 5.328128 5.31199 5.299083 5.284974 5.276325 5.264905 5.245366 5.22061 5.202446 5.191702 5.188418 5.191822 5.208149 5.239224 5.278872 5.321117 5.363776
5.340517 5.302292 5.263724 5.236325 5.221689 5.205154 5.195008 5.184094 5.177216 5.172529 5.168042 5.164487 5.16327 5.16015 5.151745 5.15825 5.176477 5.194058 5.216128 5.247164 5.27745 5.298913 5.329024 5.356157 5.38257 5.410813 5.407914 5.389814 5.375897 5.377984 5.383203 5.397482 5.377106 5.355698 5.322624 5.298196 5.3046 5.341571 5.360672 5.364718 5.359133 5.357008 5.356674 5.379599 5.394547 5.374563 5.33275 5.303263 5.295357 5.289945 5.298641 5.286421 5.262281 5.228637 5.201401 5.181139 5.171084 5.172591 5.188109 5.223722 5.267337 5.31993 5.364789
5.350016 5.319656 5.28595 5.254299 5.219882 5.197427 5.185707 5.178627 5.171667 5.165361 5.16227 5.152091 5.147238 5.148483 5.145146 5.139019 5.157161 5.182161 5.217883 5.253793 5.285594 5.317275 5.336004 5.355771 5.373926 5.392187 5.38755 5.37162 5.352271 5.338773 5.32658 5.304783 5.261783 5.203006 5.161769 5.123787 5.105127 5.123332 5.145252 5.162292 5.214097 5.26953 5.310684 5.343081 5.338943 5.321264 5.295735 5.282766 5.284 5.289381 5.29189 5.286434 5.259429 5.223045 5.184336 5.154507 5.139529 5.139536 5.152758 5.193032 5.235546 5.277712 5.306603
5.366585 5.34972 5.328794 5.290365 5.23961 5.198991 5.199223 5.200108 5.191133 5.182073 5.172672 5.154161 5.143436 5.147513 5.146256 5.130862 5.129202 5.153206 5.184925 5.226779 5.270669 5.311491 5.341855 5.359817 5.364678 5.366346 5.355443 5.339531 5.313398 5.285891 5.258655 5.210974 5.145294 5.102366 5.059713 5.019104 4.991875 4.978153 4.988386 5.025956 5.098236 5.190706 5.250441 5.26871 5.248593 5.228971 5.234885 5.2509 5.250596 5.250504 5.251474 5.240693 5.218102 5.189514 5.148262 5.115391 5.098835 5.093298 5.097403 5.133261 5.159684 5.168538 5.147372
5.383631 5.37634 5.367497 5.336198 5.288622 5.240887 5.227728 5.233001 5.224996 5.211449 5.195439 5.172744 5.157231 5.151429 5.14669 5.123652 5.103926 5.110538 5.138499 5.180637 5.229531 5.277588 5.321645 5.342566 5.345984 5.33433 5.32496 5.30264 5.272227 5.235579 5.193856 5.14191 5.085788 5.037147 4.991008 4.944952 4.911911 4.888528 4.894354 4.934137 4.991736 5.065991 5.113392 5.124796 5.117755 5.138124 5.175983 5.184948 5.179453 5.166276 5.162486 5.142191 5.114624 5.09127 5.080556 5.059212 5.045814 5.034294 5.03006 5.025897 5.011267 4.968857 4.894529
5.396996 5.393445 5.386361 5.35717 5.316781 5.280001 5.269196 5.271363 5.262247 5.244472 5.215611 5.19364 5.172101 5.167843 5.156572 5.124958 5.090816 5.074019 5.085218 5.113844 5.156543 5.189611 5.223834 5.257777 5.273997 5.280002 5.272215 5.258153 5.224617 5.184039 5.143629 5.089285 5.030324 4.974656 4.923612 4.875647 4.825955 4.806997 4.810071 4.829996 4.835528 4.857473 4.880821 4.894268 4.94246 5.00111 5.027956 5.028589 5.006169 4.977767 4.983911 4.968288 4.942894 4.953388 4.975309 4.989509 4.989419 4.972457 4.941377 4.892041 4.810399 4.719856 4.623177
5.410763 5.40775 5.398899 5.384707 5.363828 5.329192 5.320926 5.319786 5.300039 5.269421 5.233859 5.211195 5.190146 5.181205 5.174641 5.149736 5.109629 5.070192 5.052703 5.051689 5.062715 5.068529 5.084656 5.109458 5.145077 5.186932 5.208265 5.197085 5.170534 5.136411 5.09513 5.039845 4.97502 4.919501 4.862255 4.812757 4.777806 4.742067 4.722258 4.706495 4.670517 4.642225 4.622286 4.643986 4.710208 4.771544 4.785278 4.789143 4.769878 4.741319 4.745602 4.748329 4.756393 4.805871 4.865525 4.913007 4.926598 4.901837 4.854934 4.763202 4.651436 4.529515 4.437719
5.423232 5.422121 5.416095 5.417596 5.438964 5.421781 5.408551 5.378259 5.325531 5.284229 5.251327 5.228143 5.20855 5.19631 5.19886 5.188962 5.154752 5.108318 5.062972 5.029889 4.998672 4.973472 4.96629 4.989177 5.013638 5.046898 5.087204 5.115761 5.105015 5.079987 5.034992 4.985185 4.932652 4.873994 4.821459 4.780731 4.73831 4.697042 4.652369 4.61775 4.566422 4.513844 4.470877 4.46172 4.477175 4.506282 4.500227 4.506071 4.507212 4.493358 4.501226 4.535745 4.601452 4.681056 4.747715 4.798859 4.823126 4.802312 4.739606 4.634299 4.520984 4.412147 4.339987
5.437794 5.440699 5.43874 5.447788 5.457268 5.448979 5.43361 5.400418 5.348276 5.307642 5.276767 5.265514 5.241706 5.219619 5.212887 5.221699 5.221991 5.18075 5.122727 5.057012 4.993261 4.941448 4.921164 4.921076 4.931562 4.943436 4.967742 5.026432 5.034291 5.009971 4.967759 4.926987 4.884142 4.834829 4.793046 4.75295 4.712227 4.666836 4.614367 4.557531 4.503452 4.450904 4.397044 4.358609 4.325185 4.306183 4.288203 4.280571 4.281408 4.280994 4.300019 4.360522 4.448633 4.516307 4.56085 4.587223 4.583842 4.55426 4.495931 4.421969 4.345813 4.286698 4.254469
5.447379 5.455913 5.457592 5.457866 5.455114 5.446663 5.431157 5.405665 5.369377 5.350399 5.344836 5.339194 5.306728 5.257585 5.227325 5.219544 5.23878 5.234929 5.195411 5.135102 5.069605 5.015962 4.958322 4.910982 4.887645 4.877809 4.879821 4.911248 4.927447 4.907095 4.886404 4.855906 4.825174 4.786206 4.74796 4.716715 4.681274 4.638071 4.582149 4.518476 4.457794 4.402393 4.341348 4.287889 4.226917 4.190953 4.155551 4.138641 4.133785 4.132098 4.148757 4.188327 4.234421 4.265002 4.267695 4.2242 4.171416 4.118045 4.076253 4.061727 4.074853 4.102139 4.141343
5.451808 5.455634 5.453587 5.454103 5.450627 5.444237 5.434008 5.429892 5.407702 5.406087 5.411083 5.397995 5.371684 5.331678 5.295688 5.271417 5.257422 5.243366 5.258605 5.2259 5.169176 5.092954 5.024107 4.947898 4.884266 4.847448 4.823583 4.822463 4.832398 4.828285 4.819098 4.804561 4.776562 4.740686 4.700212 4.671848 4.647517 4.61063 4.562461 4.498649 4.425989 4.358085 4.294463 4.2384 4.169004 4.106038 4.069613 4.034167 4.034027 4.023047 4.032908 4.038342 4.016106 3.975324 3.916082 3.831885 3.762753 3.719115 3.710856 3.749297 3.826656 3.928393 4.022774
5.454216 5.452773 5.450004 5.450601 5.450597 5.445375 5.440092 5.437122 5.42938 5.427724 5.426844 5.421628 5.40655 5.388614 5.362565 5.334875 5.316934 5.317966 5.316954 5.300442 5.266139 5.204139 5.109562 4.997801 4.913176 4.851465 4.818429 4.806213 4.796278 4.790366 4.780335 4.76294 4.747754 4.708457 4.665523 4.631864 4.617544 4.590456 4.552748 4.490772 4.412314 4.333691 4.262107 4.210626 4.147179 4.074195 4.029226 3.992055 3.956026 3.951289 3.944961 3.919582 3.861173 3.787751 3.706917 3.641866 3.601855 3.591073 3.62085 3.67884 3.776968 3.88957 3.994707
5.449804 5.446935 5.445603 5.447155 5.446254 5.447481 5.445381 5.442733 5.435695 5.425791 5.429972 5.431818 5.429798 5.430469 5.433015 5.413769 5.387538 5.385574 5.378879 5.354148 5.329195 5.290241 5.214347 5.110176 5.000484 4.91156 4.852667 4.817153 4.801483 4.788291 4.782825 4.761114 4.738127 4.705066 4.672875 4.642626 4.614661 4.590291 4.55735 4.515271 4.445117 4.369735 4.290077 4.217555 4.154057 4.089538 4.044322 4.014239 3.982639 3.951631 3.931571 3.898172 3.845478 3.78066 3.7396 3.726135 3.739847 3.784933 3.840076 3.89138 3.949141 4.005393 4.069704
5.44487 5.438483 5.439662 5.442173 5.444992 5.448362 5.447824 5.449159 5.445179 5.440029 5.438582 5.444511 5.453586 5.458309 5.467092 5.456203 5.431674 5.406056 5.396414 5.372801 5.351269 5.328544 5.282941 5.21341 5.129401 5.02555 4.93744 4.875432 4.840202 4.830833 4.827635 4.809228 4.781168 4.765175 4.768824 4.750731 4.705244 4.660353 4.622946 4.558913 4.516497 4.446371 4.347165 4.270142 4.207746 4.164882 4.137786 4.113229 4.086071 4.059317 4.029665 4.00736 3.989263 3.984312 3.98853 4.019749 4.080736 4.137622 4.185082 4.214662 4.218832 4.21107 4.19285
5.442262 5.437092 5.434984 5.438825 5.442058 5.44725 5.450474 5.450704 5.452395 5.4519 5.453139 5.450182 5.460751 5.465923 5.464203 5.456242 5.439039 5.418904 5.404555 5.382052 5.364863 5.350894 5.327352 5.298594 5.249581 5.172864 5.093532 5.013691 4.959042 4.942422 4.942749 4.917449 4.902354 4.906819 4.91849 4.909631 4.864344 4.813805 4.767758 4.713388 4.675031 4.600513 4.504207 4.420405 4.362326 4.337941 4.316292 4.309965 4.301275 4.287921 4.26712 4.245698 4.251575 4.277488 4.312965 4.350017 4.383131 4.416659 4.439278 4.434196 4.410541 4.369493 4.316753
5.439665 5.435953 5.437065 5.436626 5.441923 5.444817 5.44967 5.453357 5.458129 5.459389 5.463845 5.458832 5.460117 5.460162 5.457113 5.455735 5.43968 5.423403 5.411293 5.392254 5.37655 5.368423 5.366087 5.363124 5.354884 5.320477 5.261292 5.193164 5.145128 5.119266 5.08437 5.047492 5.059549 5.068322 5.07669 5.061322 5.016971 4.962924 4.901587 4.857963 4.834372 4.817538 4.778572 4.733506 4.684091 4.643123 4.60506 4.594896 4.59602 4.575885 4.538734 4.497581 4.489504 4.506936 4.526234 4.536918 4.543916 4.544905 4.533051 4.520774 4.502654 4.467858 4.419302
5.439129 5.436246 5.435957 5.433626 5.435459 5.43898 5.44825 5.453114 5.45938 5.463739 5.466497 5.46666 5.461967 5.45461 5.451431 5.448277 5.442499 5.427197 5.418488 5.402043 5.392439 5.38351 5.384376 5.391698 5.389036 5.380766 5.361721 5.328946 5.288915 5.24687 5.182574 5.142824 5.172894 5.193351 5.191429 5.166759 5.120602 5.068604 5.01749 4.997202 5.015482 5.043979 5.059255 5.051451 5.023569 4.979585 4.920592 4.876224 4.862493 4.820931 4.750066 4.693757 4.64933 4.633303 4.619486 4.605554 4.593125 4.586651 4.559223 4.549011 4.545846 4.539954 4.519845
5.429831 5.431077 5.43037 5.42728 5.425852 5.433523 5.442174 5.44826 5.45588 5.460584 5.461938 5.462649 5.458978 5.452077 5.446848 5.445076 5.446837 5.433384 5.427618 5.418184 5.410057 5.397792 5.393896 5.392694 5.396777 5.395429 5.391805 5.379469 5.350303 5.28789 5.230667 5.205234 5.219249 5.235333 5.245125 5.238287 5.191971 5.150278 5.120904 5.142972 5.17488 5.215518 5.246319 5.256376 5.240835 5.194308 5.124606 5.067668 5.022927 4.956451 4.874416 4.804684 4.741403 4.68655 4.652872 4.617255 4.593795 4.58166 4.571376 4.582944 4.603915 4.631063 4.650857
5.41581 5.413464 5.412964 5.412252 5.416194 5.424238 5.433028 5.441982 5.450155 5.450107 5.451176 5.453924 5.455905 5.449447 5.444751 5.444432 5.44609 5.443038 5.436111 5.430479 5.423144 5.407543 5.399417 5.394283 5.395605 5.392932 5.386336 5.373109 5.348509 5.300797 5.279625 5.265287 5.238694 5.253635 5.271372 5.262228 5.235897 5.192232 5.184526 5.228368 5.271085 5.304097 5.312688 5.312772 5.303719 5.26954 5.223182 5.165676 5.086667 4.998775 4.916451 4.857428 4.791643 4.71955 4.679247 4.639101 4.610109 4.611959 4.629154 4.663143 4.707314 4.761769 4.804115
5.408971 5.40202 5.399466 5.404028 5.410811 5.418838 5.426417 5.433549 5.441085 5.440231 5.441306 5.441972 5.44768 5.446914 5.44348 5.44067 5.442174 5.438622 5.436892 5.431486 5.425951 5.411576 5.403594 5.401569 5.396673 5.385439 5.367288 5.349358 5.331761 5.330401 5.343865 5.342442 5.306013 5.279541 5.281237 5.266737 5.255901 5.234583 5.227305 5.2509 5.28461 5.300764 5.299766 5.301622 5.29267 5.274665 5.242065 5.184287 5.09861 5.001969 4.928573 4.866062 4.813771 4.746278 4.713992 4.691342 4.685256 4.705961 4.755879 4.809469 4.868829 4.923398 4.949272
5.408178 5.404981 5.407759 5.407026 5.411638 5.416792 5.422569 5.428198 5.43344 5.432554 5.432165 5.435034 5.438326 5.443824 5.443954 5.445409 5.435676 5.428796 5.430738 5.434508 5.42941 5.418487 5.410121 5.408347 5.400578 5.382376 5.361069 5.338658 5.328241 5.354599 5.390247 5.390683 5.357344 5.311327 5.281547 5.266263 5.27043 5.277537 5.275952 5.2537 5.254251 5.252748 5.253802 5.254384 5.244997 5.230741 5.207237 5.160203 5.08753 5.004062 4.934196 4.881489 4.838416 4.785483 4.770957 4.782542 4.81063 4.852633 4.927902 5.010588 5.052499 5.079454 5.081652
5.408876 5.410115 5.414183 5.413672 5.414835 5.416629 5.421206 5.425632 5.428569 5.427819 5.42766 5.43194 5.437232 5.442145 5.443207 5.443567 5.43993 5.434274 5.430516 5.43479 5.435415 5.428938 5.418421 5.420351 5.408379 5.393553 5.375919 5.365514 5.363686 5.37833 5.419005 5.408171 5.376473 5.330227 5.290831 5.276732 5.28335 5.299799 5.2972 5.26239 5.230005 5.221066 5.214019 5.206445 5.19902 5.1836 5.164532 5.134662 5.089161 5.02748 4.970963 4.921782 4.893246 4.862237 4.867409 4.91404 4.969092 5.041174 5.130846 5.202201 5.223162 5.211699 5.168561
5.406031 5.407433 5.413219 5.416008 5.418082 5.416862 5.420023 5.423171 5.425042 5.42627 5.426463 5.432294 5.436296 5.437801 5.441698 5.441618 5.440575 5.438724 5.43462 5.437956 5.439418 5.44145 5.433552 5.43391 5.428246 5.421916 5.405027 5.401326 5.411039 5.402382 5.398518 5.393735 5.380184 5.34687 5.304205 5.293538 5.292873 5.310347 5.309762 5.278364 5.249525 5.251001 5.228764 5.206161 5.180363 5.158211 5.148133 5.134149 5.106868 5.064057 5.032259 5.008056 4.993986 4.975705 4.993545 5.061697 5.147387 5.229854 5.306946 5.342594 5.324449 5.275209 5.206758
5.415167 5.416326 5.420054 5.418567 5.421485 5.421621 5.424176 5.424773 5.427667 5.430913 5.43217 5.437132 5.438857 5.439491 5.44078 5.444936 5.444958 5.443668 5.44194 5.440634 5.442657 5.447233 5.448639 5.446591 5.437647 5.432528 5.421387 5.417456 5.417337 5.404022 5.387664 5.380894 5.374461 5.350586 5.317638 5.307393 5.303191 5.310913 5.32236 5.29663 5.272732 5.264236 5.247609 5.232789 5.207982 5.181666 5.159172 5.142105 5.131184 5.124064 5.115053 5.121583 5.139596 5.140581 5.150753 5.222274 5.316089 5.395267 5.41855 5.398163 5.351542 5.284351 5.210138
5.419426 5.422644 5.421816 5.423778 5.425273 5.42594 5.428926 5.429394 5.43255 5.439313 5.440961 5.443365 5.444762 5.443646 5.445047 5.446737 5.450325 5.449285 5.44901 5.448125 5.445481 5.448254 5.444572 5.445804 5.442681 5.433022 5.420371 5.410697 5.40987 5.395961 5.385274 5.380356 5.360695 5.331532 5.314215 5.31351 5.31592 5.318559 5.315919 5.290883 5.266572 5.25255 5.255663 5.247622 5.238521 5.221014 5.19616 5.190397 5.197953 5.20807 5.23293 5.267286 5.309172 5.329582 5.339929 5.37953 5.456029 5.507501 5.488036 5.435694 5.356707 5.280497 5.208723
