py_wake/examples/data/AJ_ParqueFicticio/Rough survey   Sector 1   Height 30m   Weibull-A.grd
DSAA
73  159
 258469   265669
 6501692   6517492
 .2611912   8.185854
[rows 28 to 55 of 159, columns 0 to 62 of 73]
3.711144 3.724152 3.721646 3.721377 3.721103 3.718409 3.724491 3.729657 3.76003 3.766598 3.769501 3.771984 3.763843 3.758123 3.761657 3.771659 3.767348 3.761078 3.759443 3.755117 3.747997 3.749111 3.730158 3.739678 3.749635 3.729648 3.717875 3.672694 3.676946 3.662316 3.62641 3.595724 3.497023 3.372633 3.405315 3.553555 3.632871 3.566227 3.532496 3.425624 3.350438 3.349002 3.353328 3.384721 3.445958 3.467993 3.397881 3.287136 3.282657 3.347886 3.420241 3.614023 3.870501 4.027667 3.847625 3.915304 4.121377 4.280137 4.186006 3.950212 3.618859 3.365305 3.070262
3.691062 3.704169 3.711453 3.717003 3.716973 3.722056 3.729228 3.731395 3.753521 3.771002 3.77407 3.779335 3.786874 3.781325 3.781397 3.78516 3.780586 3.777321 3.780686 3.779156 3.790665 3.770114 3.747619 3.748789 3.756198 3.748894 3.735131 3.702941 3.694125 3.693046 3.684383 3.655378 3.612871 3.564451 3.69776 3.776767 3.688926 3.639261 3.612961 3.526924 3.450313 3.433717 3.42255 3.374876 3.446178 3.556708 3.688443 3.793957 3.97886 4.138956 4.14683 4.070034 4.114727 4.277234 4.340089 4.419813 4.612097 4.542325 4.409599 4.226821 3.940511 3.588148 3.293051
3.677679 3.690338 3.693811 3.706481 3.713277 3.716354 3.722301 3.720897 3.737245 3.748144 3.761767 3.765903 3.759419 3.743554 3.768605 3.783856 3.782444 3.782638 3.793236 3.786936 3.795246 3.782168 3.769767 3.760897 3.773488 3.76861 3.752467 3.73549 3.723857 3.745767 3.758626 3.763292 3.773937 3.661152 3.689122 3.657576 3.662972 3.690425 3.680766 3.642764 3.516607 3.459128 3.506 3.524247 3.463688 3.561732 3.815922 4.163443 4.535272 4.880008 5.053872 5.08212 4.867167 4.771002 4.872445 4.763636 4.623251 4.32326 4.076506 3.839809 3.598902 3.450947 3.421422
3.66409 3.67783 3.686693 3.699388 3.699589 3.701348 3.706792 3.708065 3.717208 3.730922 3.739093 3.742685 3.742391 3.738826 3.755033 3.775575 3.786522 3.785658 3.784117 3.786449 3.799999 3.791266 3.78683 3.779823 3.780797 3.782951 3.775268 3.763483 3.757643 3.793127 3.767902 3.74554 3.690326 3.682684 3.690142 3.6538 3.643613 3.694417 3.686138 3.664912 3.605566 3.537027 3.579986 3.612284 3.664289 3.653116 3.682945 3.923621 4.296179 4.670262 5.067591 5.330767 5.453917 5.299258 5.019983 4.741948 4.391474 4.032643 3.635733 3.442181 3.405754 3.28342 3.661476
3.660129 3.674426 3.679935 3.691189 3.692627 3.696527 3.690587 3.694397 3.705245 3.714302 3.721709 3.72202 3.717293 3.739335 3.750493 3.766969 3.785905 3.788719 3.786015 3.799834 3.805794 3.801629 3.800209 3.794168 3.788518 3.794848 3.795607 3.813499 3.817238 3.785329 3.779348 3.770426 3.735721 3.722265 3.72478 3.710136 3.655555 3.645555 3.58896 3.614281 3.608598 3.510767 3.509298 3.636317 3.708029 3.863882 3.94413 3.878632 3.814893 3.816279 4.003943 4.306284 4.667023 4.834225 4.738313 4.480633 4.153952 3.815173 3.441901 3.329889 3.338441 3.55197 3.982697
3.685649 3.674595 3.680743 3.679991 3.688175 3.693035 3.701111 3.702951 3.702416 3.707406 3.710893 3.704508 3.707858 3.737991 3.751256 3.774909 3.785371 3.778002 3.788671 3.803509 3.815331 3.804399 3.798941 3.801379 3.794881 3.794386 3.800575 3.791122 3.813113 3.795541 3.788448 3.782969 3.75486 3.729587 3.746152 3.78033 3.710088 3.6265 3.601117 3.643421 3.597234 3.55183 3.386746 3.408566 3.631891 3.767914 3.970102 3.999381 3.837217 3.577822 3.367894 3.323498 3.522601 3.871393 4.183746 4.268896 3.939497 3.638018 3.481358 3.478367 3.572063 3.941164 4.301024
3.702241 3.683331 3.679897 3.675595 3.677787 3.67504 3.681163 3.689298 3.694054 3.699277 3.698871 3.709531 3.713116 3.757628 3.768499 3.77853 3.78266 3.777675 3.805252 3.821193 3.809686 3.80081 3.791825 3.795399 3.795126 3.801232 3.798275 3.796889 3.809505 3.801884 3.796829 3.792233 3.765039 3.734545 3.720186 3.771087 3.759363 3.713568 3.618656 3.606408 3.486906 3.450362 3.405463 3.263121 3.371262 3.611253 3.792239 3.908305 3.982133 4.110281 4.121301 4.009065 3.804637 3.749547 3.924901 4.096101 4.121449 4.145109 4.156646 4.154856 4.055843 4.154962 4.376388
3.689588 3.67158 3.668452 3.667854 3.669439 3.660162 3.663711 3.674939 3.682554 3.682955 3.688218 3.699596 3.715267 3.745898 3.760998 3.765092 3.770723 3.76435 3.815968 3.814626 3.793766 3.779735 3.778003 3.784206 3.792007 3.799743 3.802516 3.807724 3.817628 3.816449 3.804851 3.796472 3.784136 3.762409 3.743939 3.720144 3.773961 3.78975 3.645334 3.523939 3.387343 3.313695 3.264883 3.292903 3.231787 3.569167 3.966262 4.312755 4.606542 4.800314 5.112258 5.331459 5.350571 5.05335 4.704658 4.630348 4.676265 4.879141 4.820152 4.5805 4.401709 4.514228 4.569092
3.657647 3.646075 3.650456 3.654298 3.664436 3.675863 3.688137 3.680341 3.670015 3.669785 3.66393 3.673023 3.689615 3.714816 3.719883 3.722574 3.721206 3.692151 3.723671 3.769688 3.753745 3.750868 3.759713 3.778574 3.788277 3.791576 3.805921 3.814158 3.82726 3.832419 3.823803 3.80731 3.808454 3.854972 3.853681 3.818622 3.865677 3.893394 3.870543 3.807607 3.732386 3.655589 3.592024 3.555725 3.399845 3.38018 3.937835 4.553764 5.118488 5.531468 5.757771 5.902533 5.941053 5.819473 5.47964 5.152671 5.029391 5.073725 5.013993 4.916345 5.199752 5.391423 5.356091
3.614936 3.612102 3.625897 3.636434 3.6476 3.670938 3.672646 3.667785 3.663741 3.652464 3.649853 3.645329 3.655407 3.678203 3.682742 3.683556 3.671261 3.623929 3.598882 3.633255 3.687289 3.70695 3.73445 3.760905 3.763336 3.786498 3.80241 3.816042 3.829803 3.839978 3.849548 3.855447 3.874635 3.901168 3.912504 3.891144 3.901791 3.895601 3.972255 4.005274 4.096552 4.286037 4.357206 4.25259 3.970315 3.428284 3.369616 3.811634 4.397998 4.827169 4.983551 5.110196 5.310267 5.412634 5.389227 5.281939 5.167755 5.132593 5.236051 5.461416 6.096784 6.472693 6.488239
3.607841 3.60184 3.609324 3.619892 3.617257 3.609922 3.626051 3.639006 3.648286 3.651722 3.644546 3.627389 3.635788 3.669273 3.670234 3.663209 3.646483 3.612522 3.571358 3.561451 3.644678 3.678031 3.721326 3.748604 3.754096 3.782811 3.804908 3.818251 3.818134 3.827699 3.833945 3.851773 3.908705 3.943526 3.982322 3.981246 3.932652 3.953903 4.058942 4.113688 4.224665 4.454109 4.720928 4.883233 4.764754 4.362041 3.647318 3.307768 3.311908 3.53829 3.592848 3.662514 3.862179 4.290895 4.746134 4.926322 5.050587 5.236817 5.504691 6.063549 6.7216 7.088498 7.203341
3.604849 3.607103 3.60833 3.617129 3.623452 3.605721 3.639201 3.634874 3.643969 3.648294 3.65426 3.653155 3.703003 3.704504 3.681344 3.67344 3.654225 3.641053 3.631939 3.678829 3.714717 3.694474 3.715557 3.740036 3.767461 3.788048 3.799663 3.807637 3.815735 3.826145 3.847734 3.878366 3.923483 3.971098 3.980482 4.054073 4.04076 4.094209 4.14035 4.187813 4.322551 4.540643 4.828255 5.097218 5.28378 5.062872 4.740059 4.302679 3.694213 3.602349 3.678426 3.836699 4.024607 4.203457 4.645472 5.072436 5.325902 5.520241 5.865548 6.248819 6.560682 6.964317 7.227034
3.615794 3.613905 3.60859 3.618023 3.64317 3.670473 3.67479 3.649088 3.636833 3.64309 3.666042 3.697447 3.747312 3.710854 3.683875 3.662467 3.659537 3.670241 3.679445 3.743661 3.745668 3.708152 3.699934 3.705403 3.734793 3.761153 3.777306 3.804418 3.827958 3.867357 3.91045 3.936417 3.954528 3.977216 4.017234 4.073521 4.091067 4.193274 4.300048 4.511465 4.793256 5.068586 5.293949 5.474425 5.644327 5.774864 5.742161 5.734128 5.351026 4.876635 4.855783 5.134829 5.417802 5.588546 5.631206 5.564938 5.659682 5.909662 6.121192 5.947399 5.917332 6.202754 6.469561
3.645033 3.614159 3.602445 3.599299 3.615739 3.615469 3.644996 3.63587 3.614254 3.611058 3.620741 3.618276 3.6522 3.646103 3.641054 3.643037 3.651189 3.658923 3.673628 3.726792 3.733992 3.71303 3.681995 3.633253 3.637251 3.706396 3.758808 3.813377 3.844267 3.900089 3.947477 3.979531 4.015288 4.048046 4.078973 4.129202 4.207883 4.273359 4.468351 4.824909 5.214273 5.58006 5.847208 6.060857 6.231057 6.561085 6.703709 6.69082 6.703483 6.469366 6.273717 6.147618 6.20166 6.28057 6.171188 6.008254 5.847663 6.057335 6.02035 5.502079 4.79846 4.632021 5.082819
3.657235 3.625153 3.600851 3.569373 3.550571 3.583985 3.614838 3.586928 3.564899 3.566513 3.556933 3.531918 3.51617 3.576169 3.603626 3.610585 3.624572 3.630493 3.653278 3.694656 3.706601 3.707503 3.688159 3.677955 3.703465 3.744117 3.77125 3.809795 3.844656 3.904374 3.94597 3.990078 4.012683 4.094425 4.163246 4.221406 4.313329 4.408302 4.549499 4.758607 5.068016 5.247396 5.480374 5.735248 6.026778 6.306324 6.505448 6.404757 6.455201 6.449289 6.410866 6.35907 6.234724 6.052604 5.74061 5.648198 5.630877 5.883303 5.996336 5.52548 4.76618 4.062958 3.957077
3.654251 3.63443 3.606637 3.567144 3.524568 3.515505 3.564187 3.534534 3.527863 3.541329 3.544235 3.523337 3.551843 3.595093 3.596183 3.591247 3.59475 3.592175 3.60924 3.638991 3.659504 3.674847 3.701348 3.772143 3.806816 3.782663 3.779004 3.796477 3.806577 3.875784 3.940841 3.964511 4.029739 4.114742 4.169847 4.217471 4.284247 4.309359 4.28891 4.220808 4.372924 4.483036 4.601756 4.893696 5.073171 5.042414 4.668084 4.604858 4.784832 4.982927 5.150213 5.053234 4.736959 4.380744 4.410131 4.781498 5.356685 5.731581 5.689527 5.415361 4.890701 4.21179 3.52417
3.654408 3.642181 3.626608 3.58548 3.584086 3.539238 3.507908 3.494351 3.524521 3.554894 3.588142 3.635946 3.641136 3.630816 3.601621 3.592058 3.56809 3.559493 3.563251 3.593107 3.603501 3.623115 3.637254 3.652443 3.730242 3.726444 3.738115 3.757996 3.797681 3.892956 3.922953 3.941454 4.040656 4.107532 4.108079 4.155634 4.217486 4.222754 4.146719 3.977439 3.836766 3.946439 4.037384 3.977519 3.621687 3.186795 3.020349 2.976496 3.063543 3.229386 3.252954 3.213499 3.317139 3.6463 4.052266 4.59674 5.111904 5.477377 5.522782 5.203316 4.715109 4.12742 3.562294
3.641679 3.639594 3.627794 3.595528 3.630751 3.630555 3.60625 3.528982 3.527137 3.568732 3.615213 3.664905 3.676538 3.652534 3.618482 3.587125 3.558974 3.547249 3.53889 3.554162 3.565748 3.570898 3.548003 3.521115 3.552647 3.615805 3.650787 3.666718 3.704202 3.78101 3.816204 3.829226 3.946481 4.015821 4.008632 4.065239 4.141808 4.176261 4.145542 4.015709 3.780437 3.644133 3.522989 3.231023 3.006405 3.050207 3.420189 3.839623 3.950446 3.799284 3.821118 3.752973 3.900705 4.348279 4.987503 5.140611 5.149684 4.924403 4.858435 4.998056 4.927342 4.70484 4.356607
3.622213 3.626506 3.635864 3.633413 3.642117 3.651176 3.617203 3.551475 3.524434 3.537485 3.587779 3.631908 3.664604 3.650762 3.595109 3.559 3.548846 3.549778 3.556386 3.596774 3.583342 3.560457 3.544601 3.518676 3.551841 3.596805 3.581239 3.57381 3.571101 3.586198 3.60555 3.592456 3.63014 3.792743 3.816164 3.937035 4.020304 4.065073 4.11337 4.176564 4.097002 3.914272 3.781593 3.960078 4.425092 4.904481 5.277033 5.587182 5.525198 5.396857 5.135283 4.996275 5.022312 5.340124 5.697332 5.727874 5.356997 4.689958 4.119174 4.026932 4.413943 4.753424 4.882295
3.598819 3.597253 3.601136 3.588904 3.598903 3.614254 3.610379 3.567749 3.533598 3.508992 3.53735 3.591788 3.643507 3.619396 3.549966 3.520258 3.524793 3.54729 3.572383 3.616579 3.57601 3.549156 3.568698 3.631568 3.663554 3.597046 3.519767 3.483801 3.476282 3.45859 3.464183 3.46363 3.452131 3.569028 3.577935 3.721744 3.848131 3.938581 4.035142 4.186376 4.35684 4.518648 4.715059 4.927318 5.19875 5.389948 5.34243 5.101823 4.733141 4.581942 4.71316 5.201518 5.704737 5.838696 5.840594 5.805278 5.640914 5.256863 4.669376 3.92193 3.501069 3.592179 4.060282
3.577585 3.564895 3.554263 3.561155 3.557301 3.574493 3.584265 3.583769 3.565731 3.56893 3.556331 3.53161 3.565543 3.564072 3.483538 3.474343 3.48102 3.498675 3.531262 3.549469 3.510012 3.495956 3.489894 3.462488 3.506326 3.499093 3.401775 3.408726 3.427206 3.456011 3.478297 3.454758 3.449958 3.524981 3.536957 3.620995 3.723733 3.792231 3.854298 3.994591 4.201416 4.392962 4.545731 4.781366 4.872492 4.612626 4.120746 3.797915 3.771407 3.955659 4.460685 5.180662 5.628764 5.823108 5.614533 5.371129 5.291111 5.488533 5.361108 4.867819 4.118401 3.313651 2.940185
3.57289 3.547527 3.517582 3.520754 3.541806 3.566251 3.578511 3.57346 3.566352 3.566752 3.538565 3.512895 3.454902 3.442639 3.435626 3.441616 3.450936 3.432782 3.415308 3.461398 3.427908 3.416162 3.392493 3.362924 3.321836 3.338307 3.325781 3.344654 3.369138 3.373342 3.428251 3.500327 3.627002 3.642953 3.587553 3.647412 3.691006 3.676443 3.650969 3.668995 3.683832 3.744073 3.681529 3.697784 3.581497 3.45932 3.529205 3.895543 4.410475 4.904731 5.250514 5.279743 5.39843 5.310937 4.851091 4.449203 4.417751 4.680619 4.907133 5.209101 4.859982 4.272255 3.387048
3.568019 3.561006 3.550432 3.590754 3.579041 3.589919 3.590186 3.58604 3.590703 3.58595 3.565406 3.536678 3.483037 3.489396 3.467254 3.457219 3.475201 3.451085 3.449301 3.462714 3.411945 3.396333 3.390224 3.396284 3.432997 3.438187 3.349833 3.322677 3.338943 3.345289 3.344125 3.370318 3.41536 3.440995 3.436032 3.521886 3.583701 3.513268 3.464336 3.453501 3.409527 3.479682 3.489863 3.487432 3.535669 3.654557 4.137241 4.702075 5.162277 5.441088 5.486076 5.300852 4.949826 4.795376 4.437581 3.854956 3.585045 3.803236 4.139419 4.611785 4.983434 4.874357 4.590005
3.546517 3.562459 3.572386 3.605061 3.596991 3.595933 3.603228 3.608706 3.607133 3.614831 3.605813 3.600622 3.576658 3.534371 3.504437 3.486622 3.511103 3.542048 3.573477 3.533563 3.463788 3.41508 3.416705 3.45127 3.497082 3.47853 3.403233 3.372586 3.379071 3.353751 3.2843 3.207148 3.165223 3.118616 3.127142 3.185608 3.274993 3.232832 3.232599 3.24119 3.236192 3.435784 3.650425 3.872341 4.134643 4.44806 4.734674 4.995665 5.142769 5.109517 4.968767 4.796312 4.496428 4.285629 4.276268 3.919841 3.348512 3.102515 3.333351 3.808591 4.377736 4.845812 5.00948
3.52004 3.531046 3.542734 3.571913 3.583581 3.582521 3.583657 3.587385 3.608314 3.621889 3.625974 3.610006 3.590615 3.556071 3.516424 3.47799 3.467102 3.492941 3.4974 3.532248 3.52779 3.477758 3.490973 3.5424 3.541747 3.515986 3.512983 3.52507 3.472028 3.387605 3.308782 3.282255 3.193588 3.032645 2.921176 2.861929 2.839381 2.948569 3.094512 3.042062 2.989966 3.080638 3.307983 3.658579 4.038356 4.416399 4.682202 4.750327 4.741483 4.682438 4.576661 4.461289 4.215543 4.065643 4.098222 4.205238 3.812034 3.15678 2.994766 3.256577 3.748897 4.201093 4.499819
3.507429 3.517555 3.547552 3.56143 3.573473 3.577675 3.590926 3.591321 3.60986 3.623567 3.632527 3.618835 3.591169 3.56423 3.534225 3.487551 3.456074 3.461412 3.471856 3.500842 3.564173 3.601421 3.605982 3.593906 3.589315 3.571646 3.580777 3.578457 3.516822 3.421177 3.38497 3.372941 3.343946 3.247725 3.159079 3.184381 3.136221 2.982 3.124572 3.25001 3.04674 2.871826 2.923853 3.146137 3.46927 3.799452 4.034614 4.237583 4.343443 4.48225 4.598034 4.543931 4.126081 3.994922 3.839475 4.000228 4.136162 3.896378 3.505345 3.364038 3.426698 3.699601 3.850165
3.517114 3.536747 3.578015 3.578466 3.579789 3.593842 3.619792 3.61142 3.614636 3.626892 3.631228 3.619746 3.58965 3.565081 3.560348 3.560318 3.575761 3.5502 3.506147 3.473962 3.476173 3.499444 3.501698 3.561706 3.594458 3.588364 3.60511 3.594935 3.518659 3.484249 3.394193 3.306623 3.359029 3.521864 3.6489 3.771174 3.710179 3.471129 3.439708 3.693953 3.818615 3.427993 3.181619 2.985685 3.125845 3.395201 3.636096 3.99904 4.317716 4.475397 4.364991 4.189448 3.994957 3.941551 3.739902 3.745177 4.048589 4.269523 4.151277 3.840338 3.471638 3.56889 3.809019
3.546404 3.58908 3.604411 3.592139 3.578687 3.601179 3.620578 3.624537 3.623158 3.624995 3.627555 3.62132 3.589321 3.553262 3.55681 3.558684 3.595192 3.57952 3.535591 3.478438 3.435695 3.431606 3.451438 3.509409 3.553349 3.546206 3.576573 3.605249 3.58772 3.577703 3.651631 3.72971 3.729954 3.877868 4.041711 4.17059 4.305981 4.130937 3.863653 4.064325 4.238184 4.285606 3.97473 3.649847 3.460236 3.453349 3.52006 3.643688 3.962502 4.001232 3.811578 3.750596 3.72844 3.765995 3.625757 3.504233 3.566504 3.888339 4.124019 4.005768 3.835772 3.722826 3.75373
