py_wake/examples/data/AJ_ParqueFicticio/Rough survey   Sector 8   Height 200m   Weibull-A.grd
DSAA
73  159
 258469   265669
 6501692   6517492
 5.886637   12.32152
[rows 84 to 111 of 159, columns 0 to 62 of 73]
7.914412 7.869357 7.829522 7.804292 7.783465 7.756792 7.74686 7.732191 7.711201 7.703369 7.694493 7.683176 7.653249 7.629215 7.625847 7.626078 7.625808 7.62906 7.654219 7.70827 7.757595 7.807699 7.864822 7.956669 8.086703 8.26244 8.440818 8.578922 8.634189 8.62374 8.578264 8.525337 8.468647 8.391055 8.28109 8.173334 8.069701 8.032917 8.096072 8.189579 8.252347 8.252455 8.240464 8.205822 8.169742 8.150045 8.147827 8.154039 8.163774 8.177835 8.189491 8.196391 8.191313 8.163175 8.121705 8.065871 8.008344 7.93474 7.845328 7.727165 7.569304 7.376913 7.185279
7.851791 7.818406 7.782718 7.748008 7.725597 7.707344 7.696531 7.680788 7.665121 7.655761 7.64845 7.624739 7.603933 7.573647 7.585429 7.600319 7.601869 7.586938 7.601066 7.631973 7.679215 7.744676 7.83052 7.947286 8.105524 8.291914 8.46441 8.569 8.608152 8.556358 8.517344 8.476635 8.408665 8.329672 8.216366 8.131346 8.059596 8.076225 8.166703 8.261694 8.300911 8.294326 8.264887 8.236992 8.207676 8.190763 8.1765 8.160007 8.133345 8.1243 8.137293 8.149007 8.163821 8.165383 8.142653 8.103049 8.064632 7.98073 7.869948 7.719621 7.5247 7.301109 7.106614
7.774161 7.74785 7.721253 7.690572 7.671575 7.664605 7.648814 7.630499 7.631055 7.61929 7.604215 7.584583 7.571412 7.546102 7.547909 7.569441 7.570646 7.56745 7.566003 7.570684 7.607477 7.665539 7.759568 7.885141 8.054276 8.23142 8.383748 8.49893 8.521559 8.497349 8.460352 8.409822 8.358664 8.289929 8.200779 8.132509 8.080059 8.123213 8.240014 8.314644 8.336528 8.318655 8.315187 8.301855 8.281841 8.251477 8.231699 8.19964 8.157344 8.124861 8.109136 8.130489 8.157117 8.173623 8.167308 8.153738 8.111996 8.013205 7.874126 7.689999 7.466163 7.228253 7.058783
7.705247 7.676739 7.650625 7.629698 7.609912 7.600671 7.591555 7.589789 7.590168 7.584581 7.562378 7.54284 7.52768 7.518805 7.511347 7.519586 7.528403 7.534025 7.541022 7.539133 7.564604 7.612867 7.689156 7.818165 7.979736 8.16082 8.322561 8.456981 8.50285 8.518129 8.499337 8.448945 8.397103 8.327516 8.247841 8.16702 8.133307 8.206408 8.278445 8.338872 8.364651 8.37272 8.375103 8.374054 8.34897 8.307551 8.260777 8.224294 8.168751 8.111588 8.08017 8.106773 8.142806 8.169453 8.182431 8.175736 8.113261 7.990724 7.818615 7.633373 7.402787 7.1913 7.08532
7.652718 7.614287 7.583189 7.566846 7.551677 7.532391 7.519933 7.515244 7.521894 7.526285 7.520037 7.500542 7.488485 7.488461 7.48057 7.460449 7.468649 7.48883 7.502743 7.526583 7.559186 7.61027 7.704956 7.835747 7.999008 8.188623 8.384533 8.554556 8.642472 8.659149 8.615901 8.55342 8.463202 8.383251 8.294519 8.210579 8.216159 8.288518 8.345052 8.3894 8.420655 8.444447 8.433743 8.397347 8.346514 8.288976 8.237327 8.186309 8.119306 8.051666 8.017551 8.030789 8.071055 8.097937 8.113963 8.093604 8.025408 7.89981 7.740347 7.552939 7.351364 7.19226 7.178607
7.603847 7.557088 7.526712 7.516348 7.501123 7.473403 7.469319 7.441599 7.448001 7.464642 7.476099 7.464982 7.452854 7.458251 7.457324 7.422724 7.415565 7.443901 7.479766 7.526949 7.602918 7.688304 7.821397 7.996133 8.190231 8.373336 8.597016 8.780514 8.873546 8.852846 8.77025 8.650619 8.530827 8.411884 8.306653 8.238138 8.272378 8.373775 8.433266 8.477208 8.504249 8.500278 8.458698 8.385736 8.312763 8.260442 8.202882 8.136187 8.050277 7.992186 7.956303 7.961915 7.945815 7.956523 7.965209 7.938881 7.877259 7.753942 7.613479 7.479532 7.321093 7.21914 7.248634
7.560573 7.520897 7.498303 7.45927 7.44293 7.436179 7.424838 7.407665 7.396278 7.405492 7.425977 7.432017 7.427629 7.426711 7.434855 7.418578 7.404788 7.423835 7.486241 7.571232 7.696327 7.848316 8.036734 8.272558 8.496758 8.698778 8.893862 9.05914 9.112653 9.036701 8.894472 8.740273 8.600197 8.461757 8.340192 8.314999 8.358259 8.446764 8.526919 8.581808 8.594016 8.565164 8.492047 8.415799 8.382914 8.362369 8.311511 8.23947 8.127759 8.051865 8.038079 8.024828 7.984449 7.926362 7.863526 7.790869 7.708162 7.600309 7.505936 7.438195 7.341025 7.286774 7.315856
7.532891 7.48545 7.460198 7.418309 7.39568 7.389409 7.388858 7.388439 7.383238 7.385069 7.394407 7.401591 7.408366 7.421125 7.431931 7.427122 7.425333 7.463856 7.555748 7.68015 7.854206 8.075762 8.317096 8.594039 8.845293 9.023752 9.190945 9.311097 9.296833 9.166954 8.99431 8.830541 8.678339 8.53378 8.420118 8.452639 8.460203 8.527587 8.624592 8.687844 8.694425 8.640461 8.575018 8.539936 8.548647 8.528566 8.458961 8.389106 8.297214 8.238889 8.250399 8.219808 8.146862 8.058375 7.912294 7.755039 7.663168 7.605159 7.573592 7.533169 7.446891 7.395023 7.407607
7.495309 7.445221 7.41081 7.374238 7.35575 7.36264 7.3786 7.380931 7.386231 7.385264 7.39511 7.40176 7.411947 7.433285 7.463213 7.466044 7.499896 7.588725 7.724841 7.886894 8.085431 8.347239 8.645867 8.918221 9.153062 9.306684 9.438896 9.501366 9.427395 9.262202 9.076491 8.902906 8.723083 8.559687 8.486733 8.550496 8.579709 8.628527 8.713917 8.79089 8.794177 8.754642 8.721241 8.724835 8.716418 8.669289 8.584452 8.505014 8.460441 8.46398 8.487348 8.464912 8.387271 8.271702 8.124426 7.984921 7.889406 7.842639 7.8089 7.72697 7.606434 7.511487 7.497121
7.443895 7.402627 7.368171 7.3366 7.332481 7.348749 7.369632 7.381733 7.395541 7.402222 7.414044 7.407714 7.431412 7.465508 7.508186 7.563701 7.643047 7.792277 7.988515 8.182119 8.385855 8.63834 8.937367 9.216467 9.427093 9.541399 9.63306 9.645186 9.510876 9.301475 9.097185 8.888958 8.716275 8.576133 8.581608 8.659105 8.697018 8.723536 8.817657 8.904043 8.927549 8.916279 8.897579 8.875278 8.826506 8.73451 8.64224 8.570002 8.575304 8.601834 8.615801 8.596995 8.525235 8.423698 8.315648 8.218574 8.156877 8.102048 8.018533 7.888776 7.742943 7.621977 7.58935
7.389188 7.362393 7.331299 7.314245 7.310006 7.33572 7.368712 7.386733 7.413154 7.43203 7.435356 7.441986 7.463961 7.516116 7.589819 7.6884 7.84373 8.063747 8.305552 8.528785 8.726697 8.932684 9.206837 9.469341 9.659226 9.734723 9.767958 9.718791 9.503034 9.258982 9.032178 8.830462 8.683946 8.619671 8.678555 8.779004 8.816231 8.861231 8.960845 9.047696 9.078548 9.049273 8.999266 8.927735 8.828553 8.716212 8.635738 8.611122 8.627923 8.632897 8.614542 8.56701 8.525661 8.471951 8.403356 8.348607 8.303529 8.228252 8.125331 7.991899 7.840756 7.710607 7.663312
7.331348 7.312072 7.303245 7.305429 7.306165 7.339281 7.377328 7.424072 7.450745 7.468048 7.487354 7.516056 7.541392 7.604438 7.709532 7.858113 8.079302 8.34424 8.627907 8.873797 9.059737 9.233243 9.451693 9.685929 9.837552 9.864047 9.800515 9.631528 9.382177 9.118051 8.90848 8.757101 8.674806 8.707265 8.798207 8.911248 8.959027 9.007037 9.095145 9.168244 9.146842 9.059621 8.974868 8.871323 8.770318 8.681115 8.634987 8.62774 8.604163 8.569478 8.518567 8.466477 8.419441 8.389089 8.370221 8.368603 8.342478 8.274601 8.187981 8.065921 7.917217 7.779736 7.703013
7.291693 7.28009 7.29807 7.323109 7.339549 7.370294 7.40914 7.463645 7.508388 7.529191 7.564176 7.612464 7.677601 7.768699 7.904785 8.08471 8.325601 8.610417 8.914724 9.181077 9.381279 9.523076 9.692621 9.851185 9.93047 9.849129 9.641932 9.374577 9.11109 8.901035 8.774477 8.72896 8.749908 8.85167 8.979749 9.062343 9.126334 9.166815 9.195196 9.231893 9.123714 8.976528 8.845562 8.738264 8.662782 8.622763 8.586571 8.539408 8.478678 8.41439 8.345435 8.275131 8.192702 8.149446 8.21946 8.270032 8.283443 8.260993 8.224965 8.117667 7.96042 7.806859 7.702822
7.260048 7.274606 7.311437 7.351737 7.396179 7.434334 7.473666 7.519009 7.579672 7.620366 7.682727 7.762866 7.873236 8.007589 8.186264 8.384375 8.60113 8.875353 9.192668 9.472445 9.652482 9.749579 9.859788 9.947674 9.895298 9.664773 9.364076 9.075319 8.883286 8.796523 8.80146 8.85437 8.911482 9.02639 9.145839 9.214462 9.285025 9.272491 9.196876 9.133345 8.985093 8.818772 8.666777 8.570888 8.493397 8.436575 8.357255 8.293116 8.207966 8.138215 8.075477 7.981786 7.914196 7.90599 7.99651 8.080878 8.150776 8.170092 8.158798 8.099191 7.966861 7.802515 7.656787
7.272588 7.312239 7.347416 7.398293 7.444866 7.517006 7.573661 7.60934 7.680943 7.762003 7.862477 7.985689 8.143005 8.343578 8.558454 8.756535 8.956989 9.208522 9.497332 9.742146 9.8866 9.927916 9.967988 9.951605 9.760138 9.455545 9.16066 8.99265 8.972433 9.00982 9.057207 9.077003 9.11606 9.151624 9.20994 9.251445 9.257457 9.18249 9.060518 8.945765 8.79126 8.625266 8.480221 8.372839 8.297025 8.200026 8.076628 7.969985 7.883585 7.834147 7.802698 7.778469 7.792044 7.888408 8.003917 8.105812 8.142625 8.166113 8.140715 8.067657 7.952733 7.7906 7.624188
7.319589 7.358408 7.422268 7.47955 7.539622 7.62065 7.710139 7.759815 7.844379 7.965638 8.10297 8.271478 8.478559 8.730618 8.990341 9.194473 9.388487 9.603525 9.84072 10.02359 10.09211 10.08462 10.03802 9.881618 9.590319 9.311419 9.15301 9.19169 9.288248 9.342139 9.32189 9.266073 9.242578 9.193519 9.185786 9.163713 9.054054 8.923083 8.820507 8.71416 8.567448 8.402757 8.271961 8.160594 8.101686 8.016232 7.900559 7.750981 7.689425 7.670476 7.710527 7.802381 7.944619 8.126362 8.260862 8.361198 8.389445 8.389532 8.311729 8.21188 8.090754 7.911107 7.697011
7.418349 7.482534 7.549514 7.618931 7.694491 7.783319 7.890511 7.99239 8.088025 8.237264 8.428184 8.624743 8.863582 9.144314 9.426347 9.655552 9.846405 10.02771 10.1812 10.28919 10.2841 10.18844 10.02734 9.753957 9.482786 9.341979 9.375216 9.506106 9.620602 9.597998 9.482895 9.363697 9.289849 9.208644 9.129263 9.012239 8.844457 8.68631 8.548224 8.448895 8.310589 8.167326 8.066662 8.009457 7.959052 7.890817 7.793236 7.713866 7.733829 7.803496 7.918518 8.071734 8.245303 8.454804 8.595291 8.68036 8.694509 8.664617 8.583351 8.46404 8.285257 7.996509 7.731924
7.555805 7.649179 7.718201 7.810065 7.910105 8.005019 8.135902 8.276978 8.402197 8.587738 8.81216 9.037712 9.305163 9.583158 9.862258 10.10636 10.29527 10.41875 10.50594 10.5215 10.42507 10.22255 9.953798 9.697933 9.57114 9.599352 9.724193 9.825588 9.82286 9.693034 9.513093 9.364118 9.275705 9.18264 9.088527 8.909501 8.714444 8.534456 8.354055 8.188888 8.070997 8.000147 7.975824 7.997113 7.985895 7.945652 7.884999 7.888278 7.987341 8.124706 8.265712 8.422948 8.624368 8.797944 8.913476 8.958748 8.946583 8.889676 8.786065 8.592597 8.295713 7.952917 7.748515
7.720603 7.819258 7.91783 8.032868 8.168338 8.281476 8.413782 8.600619 8.778987 8.989025 9.240465 9.477511 9.758275 10.04608 10.29972 10.52118 10.67871 10.75944 10.78205 10.70848 10.51085 10.25256 10.00676 9.853189 9.860447 9.94075 10.00825 9.984596 9.846018 9.65487 9.455016 9.32104 9.233879 9.133808 8.986021 8.801121 8.606886 8.403099 8.211231 8.044741 7.996996 8.0279 8.10003 8.157792 8.144486 8.140678 8.138911 8.222556 8.365857 8.504884 8.646238 8.803122 8.966593 9.089327 9.146588 9.122007 9.056623 8.954444 8.79859 8.550535 8.222324 7.946637 7.894808
7.888385 8.004235 8.117766 8.279121 8.445324 8.558311 8.689609 8.900586 9.143385 9.369294 9.640274 9.919617 10.20488 10.49744 10.72731 10.90917 10.9974 11.04051 11.00277 10.87143 10.65121 10.43079 10.25964 10.19142 10.21575 10.22646 10.15098 9.972752 9.753097 9.543217 9.377184 9.27301 9.184367 9.051104 8.88117 8.691811 8.495276 8.290315 8.118846 8.064198 8.112907 8.202 8.296672 8.326842 8.331369 8.334773 8.400448 8.552912 8.717789 8.880491 9.0144 9.146839 9.247178 9.291927 9.263683 9.177674 9.076784 8.941301 8.757833 8.49351 8.220745 8.036803 8.082185
8.007139 8.171656 8.347239 8.532644 8.688425 8.803519 8.943293 9.174961 9.415718 9.673524 9.964806 10.28116 10.59808 10.89026 11.09328 11.23002 11.2827 11.27474 11.21318 11.07709 10.8964 10.77094 10.66821 10.58668 10.49672 10.37154 10.16736 9.92806 9.709511 9.537174 9.39883 9.307904 9.186841 9.017283 8.838329 8.643147 8.441385 8.237874 8.10883 8.153047 8.271363 8.384296 8.42685 8.406404 8.429061 8.49509 8.650297 8.859472 9.048538 9.222816 9.375211 9.480108 9.528692 9.498255 9.411122 9.308592 9.189867 9.021541 8.797218 8.539847 8.284485 8.127782 8.149875
8.141609 8.310812 8.517554 8.712412 8.880752 9.003196 9.178387 9.421728 9.660668 9.93163 10.23756 10.58029 10.91982 11.19157 11.36633 11.48067 11.53941 11.5097 11.44302 11.33713 11.21325 11.10232 10.99118 10.86759 10.67337 10.41262 10.19206 9.985119 9.817238 9.670398 9.563115 9.421322 9.229388 9.042075 8.844235 8.630216 8.409419 8.225084 8.175788 8.251698 8.391332 8.487708 8.50017 8.515806 8.619607 8.787384 8.967054 9.168796 9.369065 9.55497 9.726841 9.834391 9.857038 9.800363 9.693788 9.564124 9.381339 9.130907 8.857097 8.58856 8.32717 8.144382 8.108357
8.335956 8.480093 8.66883 8.857738 9.052169 9.225793 9.430359 9.66355 9.916153 10.20696 10.52787 10.85819 11.16082 11.39756 11.53088 11.59621 11.62493 11.6116 11.54188 11.4463 11.34535 11.20775 11.07581 10.92778 10.74222 10.50205 10.30566 10.14721 10.01614 9.903096 9.747734 9.527229 9.276539 9.040506 8.789629 8.549956 8.345509 8.239882 8.272656 8.362339 8.50453 8.602468 8.662428 8.792443 8.98493 9.206925 9.385571 9.506386 9.667093 9.859058 10.04018 10.17065 10.19978 10.12966 9.990697 9.769252 9.473107 9.143409 8.835313 8.573339 8.311139 8.111368 8.046274
8.621568 8.744023 8.886352 9.070336 9.269938 9.49535 9.729936 9.954913 10.20453 10.48233 10.80052 11.10741 11.34666 11.49838 11.54573 11.52798 11.51269 11.4827 11.42821 11.36665 11.27193 11.13971 10.98257 10.856 10.75084 10.6316 10.50253 10.39947 10.28912 10.11707 9.884836 9.579453 9.26728 8.983974 8.727003 8.502245 8.34244 8.332783 8.427135 8.541544 8.693934 8.848186 8.994122 9.245525 9.475011 9.684942 9.819287 9.885868 9.970405 10.11749 10.26388 10.40617 10.41729 10.29117 10.06107 9.736691 9.373326 9.027976 8.736356 8.493326 8.258628 8.064097 7.981255
8.984461 9.099452 9.222697 9.390531 9.559409 9.786713 10.0262 10.26339 10.48057 10.72779 11.01607 11.28316 11.44218 11.48167 11.40906 11.29571 11.23929 11.20339 11.16615 11.14062 11.10598 11.01724 10.88725 10.78454 10.73678 10.69052 10.63471 10.56758 10.46246 10.24049 9.923198 9.57712 9.229774 8.937004 8.687838 8.506252 8.431913 8.503117 8.66368 8.813796 9.012978 9.230268 9.492629 9.762103 9.967946 10.12094 10.18778 10.1997 10.24015 10.33131 10.4316 10.48985 10.39335 10.17108 9.828118 9.468701 9.12167 8.829545 8.600941 8.400491 8.188659 7.99986 7.94727
9.423461 9.52561 9.627439 9.756852 9.887564 10.06668 10.27134 10.49371 10.68029 10.89635 11.14537 11.3518 11.43448 11.34346 11.18727 11.04052 10.90867 10.86509 10.85075 10.86646 10.88733 10.84646 10.73834 10.68955 10.67542 10.69115 10.72648 10.70962 10.53863 10.2419 9.861314 9.462716 9.107972 8.819983 8.630706 8.537378 8.580061 8.753003 8.988087 9.218162 9.444741 9.711541 10.00102 10.22122 10.35388 10.41769 10.40974 10.38799 10.40587 10.48005 10.52159 10.45368 10.22978 9.874506 9.452421 9.087118 8.80884 8.593356 8.434384 8.293447 8.098217 7.937489 7.932609
9.817667 9.914544 9.984925 10.08082 10.18085 10.2857 10.44631 10.64165 10.84336 11.02556 11.22744 11.37171 11.35469 11.21002 11.02551 10.84588 10.6902 10.58302 10.563 10.60348 10.65845 10.65602 10.58175 10.57816 10.61583 10.67814 10.75772 10.71759 10.48043 10.09372 9.646637 9.244194 8.92095 8.719525 8.632607 8.648084 8.784386 9.050966 9.361377 9.647115 9.911104 10.1804 10.40935 10.53584 10.56372 10.5116 10.4238 10.36017 10.37274 10.43207 10.44571 10.28842 9.960155 9.520589 9.091336 8.758501 8.525444 8.372932 8.256262 8.133249 7.971691 7.874564 7.952506
10.12092 10.18072 10.22629 10.29946 10.38993 10.47413 10.61852 10.79216 11.00028 11.17567 11.33074 11.42265 11.35172 11.18595 10.99336 10.77664 10.57754 10.47358 10.4426 10.44371 10.48536 10.5037 10.48406 10.51506 10.6142 10.69412 10.74408 10.60049 10.26197 9.841621 9.432777 9.082076 8.871593 8.775347 8.779264 8.869948 9.065166 9.401641 9.762477 10.0736 10.33678 10.5624 10.69287 10.70259 10.61589 10.4698 10.33199 10.23878 10.22947 10.25408 10.17833 9.950074 9.566397 9.135807 8.773429 8.515275 8.333248 8.219283 8.128411 8.012288 7.884829 7.86012 7.989415
