py_wake/examples/data/AJ_ParqueFicticio/Rough survey   Sector 2   Height 30m   Orographic speed.grd
DSAA
73  159
 258469   265669
 6501692   6517492
 .2405694   2.345622
[rows 84 to 111 of 159, columns 0 to 62 of 73]
.8052402 .7968233 .7890435 .786537 .781305 .7768571 .7795661 .7758329 .7712917 .7780579 .7862571 .7919443 .7823119 .7718641 .7642313 .7822222 .7919111 .7950556 .7993109 .8279881 .8360239 .8513145 .8606202 .8731422 .9228293 1.037614 1.176087 1.252379 1.296903 1.226084 1.15735 1.122065 1.102909 1.100106 1.047807 .9511354 .8681633 .8367609 .9306766 1.03641 1.083596 1.058153 1.044987 1.019768 .9743442 .955394 .9775574 .9861591 1.003761 1.008726 1.012926 1.008798 1.008429 1.000569 .9778533 .9482813 .9347351 .9092737 .8875422 .8824489 .8594591 .8059304 .7323226
.7816275 .7848629 .7801965 .7696029 .760281 .7689468 .7698116 .763402 .7634748 .769971 .7740441 .7698212 .7599365 .7444873 .7717443 .7943536 .7936103 .7779418 .7927422 .8132859 .8122756 .8450027 .8585968 .89669 .9699854 1.088793 1.186902 1.257645 1.254983 1.170249 1.130443 1.102833 1.056418 1.029426 .9484091 .899953 .864699 .8579346 .9667349 1.06593 1.090289 1.071604 1.037622 1.012693 1.004234 .9841799 .9931687 1.008384 .9679553 .9726683 .9663219 .9721621 .9937749 1.002588 .9976769 .9943994 .9845477 .9626303 .9388964 .9081898 .8600012 .7571613 .6793981
.7514722 .7624166 .7616878 .748524 .7549322 .7637273 .7591261 .7533128 .7625607 .7627636 .7601852 .7551173 .7607676 .754111 .7693753 .7896563 .7885651 .7900536 .7945126 .779161 .7936936 .8137902 .8418878 .8845315 .956033 1.044638 1.133627 1.184417 1.173619 1.12444 1.092261 1.05411 1.021001 .986159 .9294067 .8957562 .8579793 .8884642 1.045083 1.068878 1.062479 1.053255 1.055241 1.054473 1.061885 1.051856 1.030705 1.038764 1.021694 1.011785 .9805473 .9818664 1.002251 1.017963 1.025145 1.034288 1.037843 1.012824 .9621772 .9072379 .8272564 .695294 .6439115
.7391458 .7409919 .7373936 .7343274 .7418544 .7472838 .7440388 .7551045 .7565682 .7551261 .7520097 .7476311 .7499915 .7539229 .7574659 .7723616 .7790204 .778441 .7768629 .7718151 .7744245 .7748872 .8030985 .8466853 .9171345 .9970993 1.067688 1.131252 1.141622 1.159121 1.111752 1.09715 1.057527 1.020436 .9682432 .8904855 .8617436 .9921056 1.027122 1.052969 1.059569 1.067775 1.088875 1.114997 1.104625 1.091971 1.074921 1.070846 1.056399 1.015075 .9869162 1.016966 1.057218 1.049424 1.049594 1.079445 1.053496 1.006173 .9375353 .8875858 .7912378 .6970263 .6876084
.729295 .7193813 .7076269 .7232658 .7257118 .7191738 .7244238 .7333004 .72886 .7361295 .7390315 .7321781 .7317683 .7470523 .7562987 .7496005 .7493015 .7603971 .7626749 .7543049 .7506926 .7599499 .771296 .8303884 .9106825 .9949299 1.060733 1.167642 1.230225 1.251186 1.202866 1.14367 1.097057 1.055629 .9986525 .9155095 .9196798 .9909528 1.029723 1.055876 1.078439 1.11748 1.132602 1.118667 1.085987 1.046677 1.055165 1.031404 1.007406 .9540638 .9392091 .9951636 1.069545 1.054798 1.076814 1.045171 1.017498 .9622138 .9039867 .8353286 .7574605 .7276772 .7447538
.7127028 .6935965 .7074506 .7156788 .7108139 .7087135 .7096776 .69773 .6975188 .7153013 .7208271 .7243958 .7209938 .7333314 .7362705 .7152812 .7258182 .7344563 .7338956 .7426471 .7440206 .7544298 .7892567 .8777313 .9919636 1.06174 1.170223 1.310119 1.382882 1.359055 1.263188 1.169271 1.104881 1.042253 .9677452 .9046296 .9240824 1.032243 1.05453 1.089921 1.125747 1.131397 1.114275 1.037007 .9812294 .9540689 .9495429 .9108005 .8625886 .8403048 .851521 .9090468 .9221823 .9445207 .9652347 .9911519 .9396116 .8630403 .8105975 .7758633 .7174676 .7412319 .7725006
.7068072 .7056929 .7097602 .6940584 .6963761 .6967463 .6862831 .6876143 .688198 .6874381 .7005339 .707635 .7063437 .7144295 .7247226 .7206526 .7079592 .6955087 .72698 .7275872 .7595185 .7886215 .8552323 .9925819 1.126531 1.207697 1.319014 1.454249 1.49139 1.397835 1.265965 1.172126 1.106116 1.008952 .921905 .9338507 1.010957 1.027667 1.079119 1.127041 1.146831 1.148054 1.059949 .9805546 .9623348 1.014039 1.00716 .9857012 .9059267 .8276002 .8748747 .9136142 .9056669 .9381434 .9126162 .8956403 .7832301 .6795343 .6564046 .6703656 .7117889 .7655454 .8002593
.712857 .7019716 .6977713 .68925 .6778472 .6686006 .6808304 .685283 .6805437 .6880602 .691366 .6897111 .7028232 .7056617 .7116686 .6981444 .6803411 .6738142 .7215868 .7624876 .8084152 .8654257 .9613273 1.132547 1.26924 1.330957 1.432445 1.537322 1.523626 1.39221 1.25503 1.190121 1.134859 1.042763 .9375197 1.040106 1.050183 1.052853 1.099114 1.165075 1.187621 1.118185 1.053842 1.019137 1.120291 1.170255 1.144274 1.057423 .9618987 .9342302 1.033237 1.065977 1.037509 .9839681 .9058675 .7525418 .6637821 .6378514 .7013595 .7275519 .7760848 .8093419 .8361618
.7026109 .6893679 .6838406 .6707468 .6500928 .6711423 .6801075 .6807234 .6908221 .68826 .693884 .6957237 .6952386 .7043619 .7087974 .681794 .6606319 .6773251 .7652184 .8414291 .8924351 .9819995 1.118653 1.25557 1.382464 1.411794 1.512819 1.59185 1.515113 1.40065 1.288058 1.228198 1.152882 1.009621 .9255256 1.061307 1.107679 1.116756 1.126894 1.182552 1.156277 1.130008 1.1094 1.177118 1.242393 1.222301 1.125205 1.051738 1.012974 1.071157 1.161209 1.164747 1.146519 1.081446 .9614342 .8248513 .8124734 .8322295 .8793803 .8694319 .8713259 .861815 .8791517
.6890844 .6761762 .6624312 .6547922 .660861 .6650162 .677036 .6788247 .6848307 .6950832 .6962602 .686641 .694055 .7019541 .7033412 .6997373 .6837062 .7306727 .8468274 .9515272 1.018592 1.10337 1.221813 1.359806 1.462073 1.474416 1.572176 1.632603 1.551105 1.410879 1.287366 1.193814 1.06275 .9388734 1.019216 1.108127 1.109062 1.096829 1.152461 1.205482 1.227289 1.246852 1.270592 1.294874 1.266703 1.182721 1.095492 1.049522 1.117079 1.171102 1.189959 1.187412 1.174095 1.105737 1.093774 1.068555 1.091719 1.087283 1.034677 .9662393 .9151675 .9084428 .9252552
.6711429 .6619661 .6505634 .643995 .6424236 .6619346 .6703606 .6711686 .6773787 .6930981 .6913318 .6743163 .6871067 .7018576 .7179935 .7275659 .7481135 .8337765 .9754183 1.0794 1.154927 1.18907 1.315945 1.45321 1.543263 1.569202 1.616541 1.679505 1.529958 1.358456 1.21901 1.107298 1.004804 .9496137 1.019372 1.150234 1.158278 1.160668 1.213908 1.333009 1.326096 1.339454 1.332411 1.295443 1.19483 1.106994 1.056517 1.080008 1.146545 1.175753 1.169487 1.156762 1.137571 1.12286 1.108267 1.095711 1.125602 1.077155 1.018877 .9768631 .9337409 .9429452 .9755415
.6411865 .6418855 .6261579 .6360145 .6393986 .6496987 .662931 .6831144 .6959212 .6923615 .6869499 .6796877 .6890494 .7031491 .7335881 .7593913 .835656 .9644312 1.082957 1.1739 1.255647 1.308349 1.398619 1.558326 1.657219 1.696758 1.710625 1.624375 1.463869 1.259968 1.109742 1.023443 .9522684 .9666179 1.111524 1.17804 1.170208 1.195687 1.339045 1.385305 1.38698 1.344218 1.296103 1.213387 1.134465 1.078328 1.092891 1.146197 1.150296 1.155337 1.133009 1.130983 1.10961 1.088759 1.071378 1.08575 1.114148 1.077477 1.038261 1.027582 .9927329 .9769603 .9934632
.6234275 .6175957 .6352415 .6425455 .6516176 .6522687 .6699164 .6892205 .6990892 .6918604 .6844025 .6875789 .7011 .719358 .7693766 .8439085 .9467291 1.035854 1.153652 1.286669 1.368579 1.409025 1.48775 1.67267 1.734888 1.718199 1.620728 1.382569 1.16948 1.021632 .9404727 .9516943 1.012368 1.07963 1.204389 1.252877 1.281931 1.366286 1.412985 1.458862 1.374201 1.285396 1.187614 1.118288 1.101411 1.111824 1.146546 1.151648 1.124719 1.107087 1.091173 1.067193 .9772706 .9130449 .9962438 1.070776 1.075655 1.080626 1.09812 1.064634 1.034981 .9958287 .9802545
.5977902 .617815 .6318887 .6526245 .6651815 .6774797 .6837769 .6883239 .7010868 .6987281 .700667 .7131252 .7194318 .7601915 .8428938 .9529572 1.009063 1.076321 1.249179 1.395804 1.449887 1.466525 1.549741 1.709503 1.729401 1.577927 1.264295 1.008462 .9016244 .8953119 .9897805 1.060802 1.114916 1.172988 1.287046 1.355442 1.391465 1.440395 1.404923 1.379444 1.275176 1.182791 1.108174 1.065532 1.056917 1.075132 1.041669 1.046098 1.020134 1.002269 1.015329 .8691792 .7444274 .7146875 .7993144 .8217467 .9008279 .896193 .9397776 1.022235 1.002844 .9688917 .9435567
.6052129 .6188452 .6327189 .6532862 .6512115 .6831849 .7013192 .6873223 .7023097 .7158871 .7313471 .7509517 .7808684 .8523659 .9689612 1.062033 1.092185 1.186871 1.372934 1.491372 1.511949 1.494838 1.620521 1.7158 1.589288 1.314351 .9999435 .8999157 .990797 1.126562 1.248246 1.278538 1.262966 1.248855 1.320201 1.389488 1.412725 1.366454 1.31151 1.281391 1.207509 1.098477 1.040103 1.019215 1.006101 .9621286 .8867232 .8473497 .7760174 .8074082 .7340211 .6592152 .6427102 .7538949 .8259879 .8490061 .814194 .8528819 .8537445 .8405565 .8307793 .8488407 .8706394
.5962543 .6065964 .6469983 .665004 .6645371 .697354 .7188403 .7060934 .7218239 .7515812 .7801716 .819286 .8876196 1.002836 1.122739 1.170056 1.21722 1.350426 1.502668 1.608678 1.578425 1.589656 1.641525 1.640778 1.3788 1.057347 .9140643 1.102058 1.32185 1.441047 1.443508 1.374076 1.280191 1.250363 1.330514 1.37737 1.277238 1.202494 1.193793 1.178926 1.086308 1.006893 .9600876 .8935431 .9080839 .8739928 .7878746 .6869833 .6377292 .5924065 .6391485 .6704038 .7727199 .9532086 1.004557 1.037219 1.012058 .9835948 .8974664 .9061894 .9532595 .9880908 .9786574
.6255156 .6528774 .6796089 .6984594 .7077743 .7285225 .7452823 .76839 .7696339 .8151325 .8720302 .9302251 1.008227 1.122928 1.233807 1.295612 1.383089 1.504611 1.598258 1.67763 1.663877 1.671607 1.607257 1.360852 1.073281 .9664515 1.124918 1.397706 1.546584 1.550256 1.464914 1.341281 1.254796 1.228329 1.279922 1.268769 1.168945 1.055423 1.04014 1.047357 .9725609 .853843 .82613 .8064906 .8078212 .764244 .6870756 .5920594 .6020747 .6572071 .7592949 .8842723 1.018972 1.098847 1.144369 1.18144 1.185126 1.187659 1.194732 1.218211 1.263564 1.169321 .9959303
.6812507 .7192084 .7203141 .7349834 .7661763 .7857901 .8152357 .8536876 .8568375 .9047555 .9821782 1.044813 1.148492 1.255235 1.356547 1.448651 1.537941 1.609762 1.680797 1.743978 1.706133 1.582549 1.373324 1.10617 1.038606 1.175982 1.446353 1.633032 1.643587 1.529667 1.384991 1.258981 1.208151 1.243611 1.27225 1.208566 1.131909 1.027667 .974355 .8665844 .7776505 .7415013 .7241446 .8231143 .829251 .8219929 .7139255 .6591692 .8075912 .9085557 .9963771 1.085873 1.171903 1.237885 1.279603 1.301516 1.296879 1.308007 1.321519 1.324297 1.227239 1.007538 .9183502
.7484635 .7543895 .7581021 .7796247 .8523912 .8937321 .9075899 .9541124 .978387 1.032023 1.120892 1.195791 1.297952 1.413305 1.505361 1.588552 1.643595 1.690338 1.743235 1.737679 1.606154 1.404963 1.207649 1.126061 1.288199 1.504654 1.672516 1.682286 1.571828 1.4091 1.279462 1.20509 1.196753 1.22358 1.206312 1.134883 1.067691 .9743615 .8541156 .7711759 .7352672 .7574073 .8304189 .9932715 .993592 .8805653 .8032751 .899011 .9926221 1.045755 1.111945 1.202796 1.296611 1.350952 1.371961 1.331284 1.296946 1.267192 1.237368 1.154422 .9982148 .9682538 1.016246
.8049436 .8041362 .8116663 .8623407 .9578803 .97508 .9688408 1.034708 1.10765 1.177295 1.267997 1.341142 1.429017 1.581693 1.657328 1.718432 1.726937 1.736253 1.737562 1.673409 1.524895 1.370991 1.302837 1.364673 1.546386 1.665552 1.667054 1.537351 1.349445 1.234313 1.187456 1.168841 1.174102 1.157345 1.113787 1.034431 .963841 .8824236 .782333 .7483531 .85614 .981726 1.123572 1.131356 1.014264 .927021 .929642 1.013556 1.069945 1.131081 1.180508 1.287095 1.366728 1.364519 1.302574 1.2073 1.173479 1.141159 1.093788 1.012341 .9666274 1.039283 1.165379
.8120902 .8456733 .9010943 .9792384 1.038775 1.012982 1.018481 1.105776 1.161753 1.228759 1.330669 1.432024 1.571251 1.71557 1.792063 1.840452 1.808487 1.774816 1.775617 1.717128 1.619841 1.560259 1.539454 1.598627 1.680883 1.632823 1.514723 1.343676 1.230474 1.20431 1.214367 1.197479 1.156855 1.113175 1.072775 1.023448 .9317413 .8236026 .7668133 .8380003 1.010086 1.122806 1.12642 1.0298 .8734137 .8680254 .9682564 1.105532 1.148553 1.202569 1.278505 1.362699 1.388102 1.320024 1.208032 1.184844 1.196424 1.185032 1.139071 1.081592 1.055915 1.094539 1.140563
.8038286 .8682349 .9403548 1.005256 1.030051 1.006012 1.060496 1.167247 1.215546 1.276168 1.37697 1.518977 1.703218 1.821686 1.923637 1.933623 1.90237 1.847062 1.849548 1.807842 1.780885 1.768816 1.738934 1.702546 1.635869 1.50954 1.39485 1.306166 1.290215 1.31458 1.323162 1.249239 1.169519 1.126963 1.102676 1.020933 .8995588 .7841477 .8174238 .9086605 1.019449 1.089572 1.02251 .9228752 .8566203 .9565107 1.094036 1.209519 1.246467 1.308697 1.406037 1.466974 1.464156 1.394739 1.357933 1.394076 1.390738 1.327712 1.245389 1.187375 1.140957 1.111734 1.074241
.8443348 .8793397 .9336293 .9811611 .9928212 1.025844 1.094536 1.195353 1.260811 1.353793 1.472928 1.645573 1.812307 1.928981 1.990815 1.984268 1.921407 1.909269 1.837 1.792589 1.812058 1.772863 1.725648 1.613822 1.537971 1.449589 1.420692 1.394428 1.413869 1.443946 1.385812 1.272185 1.166419 1.110087 1.033252 .9299045 .8139234 .7687298 .8524742 .9358776 1.023577 1.000067 .9760464 .9649154 1.022513 1.174271 1.272724 1.284586 1.362424 1.412047 1.525775 1.624609 1.640422 1.671196 1.659931 1.622298 1.51577 1.378701 1.266048 1.202561 1.153143 1.114593 1.069088
.923495 .9390084 .9659178 1.00422 1.032358 1.111388 1.214263 1.291508 1.372066 1.481107 1.617105 1.779142 1.923357 2.00406 1.993567 1.955852 1.893649 1.853031 1.796818 1.767965 1.725836 1.676808 1.583034 1.53381 1.523661 1.541542 1.516229 1.519282 1.545112 1.514283 1.385753 1.253842 1.15192 1.058161 .9709855 .8794136 .7898161 .7805144 .89464 .9647618 1.022992 1.055132 1.107252 1.183555 1.277412 1.413334 1.462917 1.450041 1.451569 1.505577 1.598645 1.713754 1.781684 1.797192 1.760486 1.634457 1.475296 1.327533 1.237454 1.183275 1.141272 1.106447 1.04706
1.026525 1.043706 1.080762 1.120105 1.158822 1.233148 1.324556 1.42236 1.493644 1.579718 1.701837 1.879691 1.986942 1.991139 1.944898 1.800021 1.721203 1.723958 1.688073 1.648712 1.662544 1.626373 1.553789 1.526458 1.548102 1.55088 1.560124 1.586247 1.631497 1.558346 1.428087 1.315807 1.203646 1.103107 .9969538 .9125189 .8379009 .8634561 .9491524 1.02884 1.113105 1.226056 1.343182 1.452227 1.534585 1.609638 1.642342 1.611715 1.578483 1.595743 1.695371 1.755055 1.783678 1.653525 1.528804 1.408412 1.291387 1.230343 1.19486 1.168496 1.141409 1.101604 1.056076
1.152301 1.186471 1.213614 1.278585 1.312145 1.345739 1.419029 1.493578 1.530513 1.609245 1.742351 1.899685 1.960104 1.905468 1.754317 1.629671 1.558987 1.610488 1.585329 1.580271 1.594402 1.557929 1.46032 1.485884 1.521703 1.534255 1.594952 1.699802 1.684518 1.601839 1.454083 1.305552 1.162293 1.015242 .9257247 .8905682 .8936551 .9534518 1.051688 1.167924 1.284197 1.42906 1.577468 1.671241 1.734978 1.742944 1.716649 1.690627 1.695779 1.715448 1.758309 1.757738 1.675153 1.44957 1.268259 1.158534 1.113344 1.10498 1.122848 1.154335 1.145456 1.080152 1.065852
1.287622 1.324307 1.326759 1.357206 1.368092 1.38702 1.450357 1.472988 1.5359 1.616837 1.757221 1.885919 1.848164 1.743592 1.610271 1.534261 1.485408 1.461536 1.489753 1.525267 1.518771 1.474951 1.384868 1.369843 1.408668 1.514126 1.666576 1.722035 1.685805 1.503019 1.271976 1.064057 .9280987 .8511834 .8556741 .8940365 .9601889 1.056133 1.178255 1.31697 1.448071 1.625458 1.7548 1.783682 1.751366 1.71983 1.641497 1.610067 1.646646 1.704577 1.756875 1.775664 1.537875 1.311052 1.145843 1.036093 .985286 .9865016 1.007819 1.027423 1.007436 .9860141 1.062406
1.355477 1.345987 1.326012 1.338084 1.352056 1.37948 1.416234 1.446395 1.54812 1.663491 1.773075 1.879973 1.8074 1.706659 1.645125 1.528586 1.418687 1.396964 1.501482 1.523831 1.470578 1.415993 1.363074 1.365823 1.437643 1.613227 1.720959 1.74216 1.519455 1.31363 1.146079 1.032727 .9210915 .9024117 .9190262 .9657239 1.018442 1.14235 1.295697 1.459817 1.591333 1.765675 1.832952 1.775789 1.691385 1.618062 1.547296 1.498614 1.575712 1.675786 1.692208 1.571584 1.329319 1.141417 1.038719 .9740627 .9457561 .9397957 .9470816 .9177336 .8736362 .9589756 1.062133
