py_wake/examples/data/AJ_ParqueFicticio/Rough survey   Sector 1   Height 30m   Weibull-A.grd
DSAA
73  159
 258469   265669
 6501692   6517492
 .2611912   8.185854
[rows 112 to 139 of 159, columns 0 to 62 of 73]
5.565009 5.470035 5.372004 5.337107 5.302792 5.206208 5.064037 5.085384 5.236931 5.347056 5.312915 5.346911 5.301368 5.309447 5.182766 4.73888 4.310328 4.204935 3.898456 3.086874 3.408914 4.231902 4.737033 5.19126 5.634173 5.773238 5.842533 5.877588 5.670388 5.419787 5.231394 5.117356 5.016762 5.062198 4.856975 4.66399 4.666749 4.873435 5.161956 5.45484 5.741333 5.771244 5.479326 5.098789 4.753552 4.375908 4.063726 3.889911 3.637146 4.207701 4.755023 4.826082 4.582911 4.31031 4.18822 4.170606 4.19839 4.229519 4.176429 3.949249 3.486853 3.502978 3.506365
5.873504 5.751 5.73124 5.75494 5.771931 5.789831 5.769952 5.788162 5.816339 5.771714 5.696157 5.738518 5.669252 5.521401 5.273263 4.972795 4.687137 4.586495 4.367905 3.677114 3.175668 3.472914 4.097779 4.980399 5.511806 5.792115 5.604465 5.287611 5.148596 5.160068 5.057421 5.382492 5.892775 6.124918 5.869961 5.618233 5.418983 5.279251 5.439495 5.718668 6.038351 6.112217 5.859519 5.355444 4.925696 4.503112 4.156175 3.906295 3.589727 3.367295 3.72814 4.023756 3.997726 3.976332 3.982026 4.121314 4.191315 4.26351 4.23181 4.124619 3.934963 3.368395 3.387417
6.393887 6.326423 6.303766 6.267816 6.233057 6.285951 6.404521 6.409862 6.291308 6.109963 6.066463 6.105922 5.828297 5.526741 5.200123 4.985646 5.098823 5.027022 4.591185 4.13686 3.357663 2.817274 3.058515 4.216403 5.049329 5.455488 5.374002 5.196734 4.94337 4.876245 5.039243 5.530961 5.869999 6.233028 6.481771 6.534172 6.504704 6.397266 6.349724 6.496561 6.755949 6.78527 6.399214 5.835563 5.35381 4.957967 4.561214 4.230398 3.919574 3.590093 3.431016 3.556753 3.615389 3.825588 3.957013 4.064588 4.178353 4.216733 4.264817 4.329508 4.389124 4.230465 3.571952
6.736047 6.762055 6.755593 6.697136 6.649631 6.693594 6.729225 6.666949 6.571637 6.490935 6.507162 6.406668 6.075176 5.698638 5.458161 5.470379 5.645251 5.665701 5.389221 5.075073 4.679743 3.941024 2.824375 2.83808 4.052114 4.721293 4.761865 4.693704 4.516058 4.498603 4.830063 5.241508 5.46463 5.743764 6.055067 6.641844 7.210907 7.502869 7.48581 7.619615 7.695783 7.670123 7.385028 6.927231 6.359105 5.832023 5.226769 4.717204 4.37542 4.097197 3.861763 3.695623 3.655598 3.790958 3.986201 4.079983 4.136996 4.211627 4.253597 4.348406 4.379394 4.375157 4.218117
6.420692 6.564066 6.569576 6.589578 6.664117 6.699475 6.656288 6.677176 6.778501 6.769196 6.802155 6.732581 6.654793 6.477786 6.320081 6.43782 6.568766 6.613051 6.688302 6.623207 6.287955 5.682637 4.478531 2.883755 2.890926 4.01844 4.401674 4.31642 4.240744 4.436008 4.82466 4.956646 4.953703 5.174528 5.77284 6.569405 7.319781 7.75363 7.879466 7.830618 7.973677 8.185854 8.012385 7.688868 7.215725 6.650516 6.039507 5.42977 4.896796 4.504176 4.223781 4.020021 3.92336 3.883658 3.878518 3.991824 4.025195 4.121218 4.229887 4.329743 4.325939 4.383539 4.257868
5.748226 5.898163 5.946251 6.018848 6.140481 6.230922 6.322002 6.501154 6.687755 6.814233 6.927005 7.087065 7.149764 7.178668 7.111139 6.938848 6.970373 7.022882 7.185296 7.171902 7.034554 6.679608 6.013255 4.726846 3.476098 3.440146 4.025399 4.171247 4.379941 4.648298 4.888385 5.016521 5.244475 5.679095 6.268057 6.789509 6.990392 7.086036 7.063172 7.26516 7.263915 7.270627 7.168382 7.028747 6.985238 6.695756 6.288136 5.777216 5.201833 4.71408 4.392294 4.203472 4.081239 3.96365 3.913967 3.899192 3.880781 3.941514 3.960103 4.178495 4.341697 4.313029 4.16442
4.505792 4.66607 4.837523 5.062354 5.329455 5.635775 5.941507 6.187239 6.315131 6.376061 6.460518 6.819149 7.058194 7.141399 7.152823 7.037755 6.800491 6.567307 6.546491 6.485231 6.427076 6.379259 6.184561 5.608243 4.589708 3.653012 3.604232 4.068105 4.672138 4.866073 4.988217 5.111739 5.365878 5.787095 5.954829 6.058554 6.081046 6.101703 5.73922 5.45415 5.617518 5.806606 5.685341 5.50911 5.475254 5.59115 5.506105 5.237889 4.959423 4.656524 4.463084 4.33699 4.263699 4.152568 4.096824 4.002543 3.985107 3.947747 3.876613 3.753319 3.735971 3.853586 3.62174
3.243971 3.47802 3.861876 4.367716 4.858415 5.313594 5.700405 6.021883 6.140753 6.049107 5.808051 5.712028 5.95067 6.174438 6.352003 6.427169 6.209598 5.684499 5.241691 4.985052 4.879281 4.882631 5.11208 5.37937 5.236431 4.68817 4.199424 4.207556 4.6015 5.077413 4.974472 4.985942 5.105628 5.18762 5.093996 5.108891 5.277651 5.378913 5.039009 4.392445 4.097916 4.420442 4.625221 4.669326 4.470679 4.33808 4.351717 4.326332 4.285535 4.240914 4.293524 4.344953 4.334126 4.289248 4.27081 4.224565 4.243057 4.20815 4.129682 3.76245 3.154867 2.812119 2.741904
3.09757 3.480714 3.914441 4.378194 4.816325 5.223942 5.579146 5.984394 6.233712 6.121085 5.520085 4.965442 4.770238 4.86725 5.310778 5.659091 5.646087 5.301366 4.839084 4.392572 4.109137 4.048985 4.19305 4.761296 5.234149 5.114483 4.744722 4.263334 4.327261 4.597596 4.587216 4.74859 4.856449 4.63308 4.548547 4.651104 4.929791 5.115322 5.045492 4.61763 3.949482 3.698177 4.015865 4.336075 4.237323 3.947417 3.757009 3.720928 3.756899 3.837325 3.953367 4.021729 4.206798 4.258604 4.292772 4.312291 4.265026 4.21328 3.846913 3.2063 2.789062 2.74627 2.571795
4.079544 4.140091 4.340651 4.612043 4.901026 5.27569 5.506763 5.797337 5.992387 6.084171 5.594982 5.085343 4.51951 4.208945 4.222335 4.683093 4.945775 5.088291 5.022158 4.72147 4.380572 4.069392 3.855271 4.01589 4.485049 4.685927 4.657493 4.292829 3.909662 4.037701 4.27714 4.466848 4.404269 4.166949 4.283166 4.619146 4.914872 5.20742 5.2245 4.982488 4.462487 3.915951 3.732285 3.8749 4.023829 4.008916 3.901039 3.849901 3.833635 3.850156 3.901664 3.889141 3.907399 4.084561 4.175521 4.122457 4.073289 3.593168 2.757478 1.999378 2.388097 2.462712 2.870169
4.6477 4.533011 4.553787 4.74604 4.986087 5.237739 5.523557 5.679223 5.700731 5.911986 5.977845 5.628895 5.199573 4.687809 4.068669 3.748548 3.644133 3.926125 4.190028 4.366274 4.18442 3.88429 3.683397 3.465838 3.536678 3.715066 4.244044 4.364619 4.027332 3.867331 4.008837 4.226719 4.135314 4.348092 4.697883 5.045097 5.195986 5.222666 5.109688 5.054889 4.681521 4.148897 3.666462 3.437971 3.585208 3.863477 4.072064 4.137313 4.122126 4.059448 3.977161 3.938341 3.807182 3.723841 3.70224 3.629932 3.413366 2.808224 1.869559 2.200761 3.1756 3.537839 3.869349
5.046498 5.012831 5.064845 5.097103 5.180715 5.283794 5.293844 5.258871 5.296188 5.599269 5.98551 6.114722 5.952836 5.690814 4.951639 4.28304 3.701602 3.29675 3.135488 3.233208 3.373343 3.406629 3.421489 3.453298 3.473865 3.458929 3.47144 3.761298 3.938653 3.977374 4.046009 4.219099 4.438258 4.889163 5.221751 5.263552 5.151454 4.887534 4.525351 4.437142 4.430675 4.138376 3.768919 3.430245 3.340682 3.489765 3.756422 4.057077 4.267186 4.263307 4.156787 4.073373 3.968524 3.712834 3.352524 2.909042 2.582294 1.790581 2.618544 3.459483 3.94792 4.122001 4.315684
5.592155 5.793644 5.747412 5.646744 5.551941 5.434923 5.066387 4.739113 4.564677 4.792532 5.417924 5.853994 6.003728 6.097211 5.992628 5.709174 5.237168 4.62641 4.144725 3.861535 3.86806 4.004355 4.079827 3.906335 3.794928 3.571879 3.408528 3.318887 3.330708 3.489397 3.852474 4.439933 4.882087 5.190004 5.246931 5.201044 4.908146 4.483906 4.150273 3.856201 3.744316 3.92797 3.976527 3.815558 3.630475 3.510974 3.457576 3.633348 3.93551 4.280792 4.33132 4.249799 4.101239 3.77151 3.245666 2.546742 1.904023 2.727613 3.172297 3.717623 4.114625 4.345883 4.42936
5.539331 5.900013 6.086995 5.966924 5.7603 5.416251 4.875053 4.236096 3.827886 3.863515 4.617722 5.089489 5.508904 5.957321 6.07575 6.247911 6.22221 6.16732 5.978303 5.813778 5.720424 5.68438 5.399267 4.905456 4.28583 3.905546 3.894567 3.892462 3.779867 3.612501 3.794763 4.209192 4.674373 4.93489 4.994815 4.905701 4.50473 4.188131 4.013518 3.883254 3.724483 3.633854 3.82845 3.946986 3.93105 3.816568 3.664284 3.518868 3.485863 3.77902 4.106727 4.069285 3.727802 2.93754 1.869377 2.329312 2.492309 2.892473 3.239613 3.59451 4.036073 4.338311 4.507813
5.557202 5.807214 6.031015 6.000787 5.79881 5.53318 4.991676 4.503345 3.983532 3.413718 3.710998 4.337558 4.823687 5.047214 5.132833 5.232682 5.520397 6.008967 6.315639 6.523949 6.527763 6.28889 5.969001 5.423376 5.060511 4.920612 5.136032 5.212457 5.011499 4.423919 4.015845 3.948788 4.120095 4.380211 4.639466 4.656709 4.393073 4.196336 4.01358 3.860883 3.798946 3.646365 3.499855 3.529113 3.617915 3.708509 3.665066 3.495553 3.311641 3.016043 3.154397 3.040464 1.574024 1.460468 1.77318 2.194477 2.403597 2.861889 3.435096 3.533014 3.843089 4.254131 4.384635
5.649251 5.888602 5.991645 6.040658 5.830875 5.618383 5.31686 5.06468 4.595126 3.789578 3.299487 3.645267 4.224071 4.271667 4.339232 4.416933 4.561507 5.120773 5.723559 6.022409 6.007267 5.814998 5.537549 5.33695 5.169641 5.106441 5.109173 5.144806 5.195755 4.829039 4.167263 3.956066 4.119237 4.39596 4.5178 4.437666 4.329823 4.253972 3.967674 3.626299 3.42706 3.480964 3.526569 3.40044 3.355778 3.371736 3.472437 3.495315 3.374741 3.052582 2.70507 2.120623 1.582847 1.437431 1.234638 2.226526 3.024762 3.548963 3.617891 3.476735 3.600229 3.860102 3.99746
5.023037 5.548118 5.874465 5.971579 5.777649 5.567852 5.293239 5.051471 4.798583 4.370459 3.71379 3.282067 3.677747 3.938344 4.114823 4.233965 4.200499 4.237642 4.654567 4.882198 4.937658 4.973183 4.873923 4.770136 4.808389 4.624849 4.337058 4.150042 4.221267 4.19734 3.887829 3.756278 4.08007 4.297134 4.337721 4.063869 3.891937 3.748734 3.505644 3.236848 3.092071 3.062521 3.119419 3.273212 3.354727 3.33676 3.325277 3.496099 3.705931 3.623005 3.328629 2.792623 1.97996 1.993131 3.55776 3.99226 4.193068 4.093562 3.707325 3.30634 3.232591 3.354819 3.350388
4.346612 4.921665 5.466108 5.753607 5.66402 5.10386 4.622992 4.373464 4.174767 4.027272 3.79652 3.41016 3.252776 3.741943 4.085613 4.206288 4.014118 3.799082 3.719151 3.9417 4.132554 4.36511 4.34129 4.352667 4.511886 4.398159 3.882489 3.355222 3.111241 3.160108 3.190053 3.125569 3.310703 3.581891 3.649551 3.459262 3.271245 3.150383 3.062151 2.975395 2.962564 2.911122 2.88538 2.928015 3.059546 3.309554 3.361972 3.430533 3.600946 3.791384 3.50848 2.865435 2.061905 3.821089 4.448856 4.738018 4.605834 4.286218 3.736332 3.358116 2.925519 2.919991 3.275626
4.336648 4.71312 5.076295 5.073041 4.992707 4.843004 4.582318 4.238388 3.832526 3.62024 3.523424 3.332593 3.192037 3.359525 3.988985 4.130746 4.0444 3.835212 3.478792 3.386724 3.629891 3.918859 3.954558 4.147142 4.432913 4.411852 4.171154 3.668858 3.338608 3.190828 2.919537 2.510337 2.281247 2.466821 2.904356 2.902355 2.918803 3.045097 3.240404 3.262134 3.247225 3.103546 2.939949 2.862717 2.792951 2.996175 3.283761 3.461538 3.496685 3.536821 3.145557 3.07969 3.279836 4.235511 4.549094 4.571574 4.528352 4.347406 4.09284 3.878698 3.578685 3.196255 3.210477
4.616404 4.728898 4.944382 4.832236 4.650468 4.734959 4.944663 4.897681 4.714459 4.594383 4.314582 4.129211 3.738395 3.302807 3.641828 3.995706 4.296171 4.149387 3.803306 3.492257 3.437904 3.650837 3.695326 3.876407 4.120902 4.325163 4.498595 4.587817 4.616465 4.417765 4.000216 3.147625 2.561697 2.144093 2.360768 2.662746 2.954736 3.299413 3.552304 3.635011 3.68282 3.583269 3.598141 3.471957 3.337327 3.25615 3.222738 3.344479 3.454551 3.272166 2.953966 3.397804 4.110703 4.499987 4.547102 4.546632 4.6201 4.588822 4.598037 4.489488 4.160836 3.581076 3.212466
4.575434 4.440091 4.791379 4.894996 4.732014 4.644417 4.789396 4.929731 5.017961 4.939194 4.905443 4.734869 4.323373 3.818775 3.614056 4.019533 4.275175 4.448486 4.18203 3.863269 3.611729 3.515158 3.554388 3.641037 3.916358 4.227724 4.655399 5.104673 5.141858 5.105252 4.900009 4.542492 3.967017 3.248953 2.696551 2.717625 3.024642 3.390507 3.658005 3.839226 3.938231 4.018857 4.054185 4.059587 4.080109 3.955853 3.67067 3.393591 3.141347 2.905474 3.255572 3.748536 4.405015 4.642223 4.567586 4.584322 4.658397 4.583041 4.634927 4.456971 4.289171 4.031165 3.728529
4.483905 4.050574 4.231369 4.478902 4.308771 4.344402 4.37347 4.565732 4.798214 4.68366 4.487554 4.318697 4.169025 3.868945 3.584971 3.730994 3.969791 4.150208 4.169915 3.918493 3.778764 3.621366 3.60303 3.673348 3.759356 3.974479 4.35953 4.606594 4.771917 4.875998 4.973165 4.996279 4.883911 4.387164 3.775703 3.342149 3.13129 3.094376 3.220835 3.526307 3.742285 3.799716 3.974645 4.129852 4.268952 4.1718 3.981685 3.642093 3.126856 3.095459 3.315 3.47209 3.736033 4.2491 4.396771 4.523094 4.635031 4.654131 4.776769 4.735456 4.490347 4.316936 4.076758
4.777693 4.006528 3.865227 4.114241 4.161175 4.345169 4.592332 4.948657 5.147034 5.132607 4.931106 4.417137 3.937742 3.610622 3.363562 3.262655 3.404222 3.519406 3.772703 3.863456 3.758656 3.628687 3.471017 3.466255 3.501554 3.514418 3.655704 3.975895 4.127084 4.222115 4.253983 4.348511 4.530667 4.521416 4.237499 3.805989 3.425949 3.135698 3.094261 3.149566 3.287449 3.406531 3.53933 3.703987 3.863775 3.879656 3.772224 3.5476 3.132642 3.107562 3.230927 3.314722 3.246161 3.490585 4.034978 4.32773 4.527609 4.648793 4.800927 4.789699 4.798112 4.643466 4.528981
5.238363 4.514469 4.063922 4.131845 4.441592 4.56039 4.742214 4.866469 5.101438 5.377111 5.411096 5.095042 4.529614 3.909812 3.482329 3.043544 3.006079 3.155568 3.417558 3.653837 3.677295 3.591457 3.592742 3.572677 3.453605 3.416644 3.53832 3.67605 3.929946 3.998468 3.856891 3.698017 3.641755 3.941553 3.946095 3.686435 3.464453 3.151202 2.97048 2.983351 3.139591 3.252914 3.241471 3.283672 3.335283 3.272995 3.024992 2.850397 2.841079 2.835457 3.049925 3.181992 3.212095 3.057804 3.58218 3.96954 4.276556 4.528289 4.684776 4.73454 4.761961 4.779023 4.679224
5.690932 5.159405 4.559849 4.372166 4.51607 4.612783 4.33054 4.060733 4.203959 4.567766 4.935845 5.115008 4.966025 4.725097 4.292295 3.766473 3.194825 2.913254 3.143395 3.353678 3.48114 3.64261 3.741909 3.792637 3.795017 3.72645 3.643184 3.595165 3.608607 3.782753 3.857953 3.672273 3.354569 3.275352 3.368439 3.390167 3.292692 3.225649 3.164671 3.17426 3.196707 3.279756 3.197452 3.10755 2.920573 2.740848 2.669395 2.65162 2.772101 3.013958 3.192264 3.11598 3.153787 3.034517 3.098887 3.555654 3.925274 4.234357 4.502746 4.642397 4.727304 4.689976 4.639253
5.646566 5.28356 4.790464 4.431567 4.408392 4.251835 3.789772 3.651952 3.624986 3.590796 3.817924 4.271278 4.674973 4.715638 4.61386 4.154517 3.630705 3.148725 2.945146 2.948064 3.240101 3.56498 3.730022 3.908105 3.998254 3.94559 3.799964 3.590445 3.360625 3.267034 3.42956 3.50754 3.377913 3.13804 3.075859 3.087894 3.181543 3.235527 3.218275 3.332073 3.423754 3.429315 3.429307 3.358622 3.193678 3.045906 3.155851 3.430851 3.689205 3.727055 3.488781 3.179116 3.01379 2.97368 2.764632 2.773423 3.203178 3.622645 3.986657 4.263323 4.516715 4.628722 4.593735
4.98393 4.893992 4.707482 4.380284 4.085465 3.779309 3.561676 3.680217 3.550289 3.25876 3.02828 3.320364 3.854323 4.086299 4.192229 4.295892 3.989048 3.5642 3.12317 2.943625 3.059673 3.347188 3.503323 3.792014 3.969578 3.956372 3.777878 3.504077 3.258731 3.081889 3.048762 3.221716 3.342437 3.314159 3.157409 3.110995 3.131405 3.143028 3.135939 3.228779 3.400205 3.525865 3.483232 3.456783 3.466264 3.414678 3.561871 3.715133 3.748399 3.747274 3.530004 3.235162 2.886285 2.763105 2.823952 2.722095 2.466593 2.616104 3.072672 3.634561 4.013308 4.313694 4.479412
4.415234 4.430867 4.466216 4.21039 3.810676 3.629712 3.699794 3.862904 3.875385 3.602002 3.247538 2.974752 3.082334 3.433748 3.57512 4.016767 4.071662 3.911279 3.716453 3.220396 3.143486 3.249475 3.514704 3.861725 3.867735 3.711132 3.519449 3.352634 3.181194 3.134075 3.060109 3.059705 3.233388 3.368773 3.289885 3.265184 3.177563 3.084008 3.050642 3.072757 3.007349 3.104069 3.178743 3.130472 3.108931 3.170285 3.203952 3.271037 3.283718 3.401497 3.556755 3.811316 3.857032 3.622623 3.032098 2.842281 2.656728 2.457916 2.280439 2.780395 3.468828 3.893877 4.231349
