py_wake/examples/data/AJ_ParqueFicticio/Rough survey   Sector 6   Height 200m   Weibull-A.grd
DSAA
73  159
 258469   265669
 6501692   6517492
 6.094818   11.28945
[rows 28 to 55 of 159, columns 0 to 62 of 73]
8.354291 8.359488 8.357763 8.360005 8.362438 8.36341 8.374309 8.376962 8.387465 8.39279 8.395895 8.406996 8.416134 8.426935 8.435762 8.447396 8.457331 8.461658 8.469014 8.470091 8.464695 8.457057 8.466239 8.481736 8.49756 8.497682 8.498602 8.474545 8.480872 8.462764 8.446002 8.438345 8.415011 8.380669 8.39096 8.417786 8.426122 8.410914 8.412209 8.383993 8.347728 8.344023 8.375691 8.453464 8.558844 8.656365 8.732 8.813751 8.882483 8.936746 8.961755 8.994088 9.026284 9.002254 8.86761 8.729421 8.663313 8.612339 8.501396 8.380481 8.274975 8.189813 8.104662
8.342413 8.349847 8.347848 8.353669 8.351808 8.357158 8.369343 8.372424 8.381731 8.392479 8.392694 8.401379 8.414086 8.430208 8.442476 8.456525 8.462358 8.469137 8.474978 8.475203 8.473371 8.465604 8.470961 8.485116 8.501069 8.512007 8.519079 8.506814 8.504138 8.504429 8.505873 8.500268 8.482325 8.454998 8.478499 8.519704 8.501143 8.492463 8.483655 8.449862 8.417126 8.405478 8.434971 8.467705 8.561113 8.691936 8.820137 8.946789 9.070496 9.174506 9.231205 9.253206 9.269833 9.265019 9.154172 8.988487 8.856738 8.742312 8.615251 8.50651 8.409496 8.325381 8.251321
8.331806 8.338357 8.333561 8.344099 8.344469 8.349844 8.356867 8.361407 8.371199 8.371554 8.381661 8.38846 8.398985 8.416396 8.436103 8.45386 8.461905 8.468752 8.474761 8.473557 8.477696 8.479594 8.484501 8.492602 8.514022 8.530398 8.537753 8.539547 8.541322 8.551183 8.556005 8.564837 8.557654 8.523458 8.535383 8.541643 8.542025 8.548252 8.56259 8.546593 8.493239 8.484002 8.489857 8.523759 8.572324 8.68388 8.827352 8.999386 9.167525 9.327761 9.449507 9.51551 9.529029 9.502556 9.415895 9.239657 9.038457 8.8317 8.669878 8.541898 8.457919 8.40127 8.386258
8.318887 8.327065 8.32931 8.337955 8.332966 8.33962 8.345219 8.352058 8.354607 8.360838 8.365653 8.372933 8.383925 8.401196 8.427662 8.446123 8.459625 8.463964 8.464506 8.472473 8.482904 8.48609 8.498685 8.509382 8.526222 8.548391 8.558554 8.561581 8.570579 8.585457 8.586345 8.598829 8.597196 8.585885 8.586974 8.572039 8.572583 8.591743 8.606956 8.598322 8.557377 8.535004 8.540313 8.570592 8.628467 8.68606 8.788237 8.924145 9.101441 9.277402 9.453961 9.589942 9.664404 9.672182 9.602845 9.436653 9.189397 8.923968 8.710974 8.560973 8.47928 8.44975 8.473869
8.310065 8.316198 8.317376 8.3268 8.3259 8.335109 8.335276 8.335624 8.339746 8.347682 8.35336 8.359962 8.365852 8.386169 8.408693 8.428219 8.447639 8.457101 8.459723 8.473312 8.485914 8.494281 8.512432 8.5263 8.538317 8.562741 8.576251 8.59153 8.601991 8.597474 8.608544 8.623735 8.629747 8.622534 8.617393 8.617225 8.612605 8.615963 8.624551 8.624435 8.610703 8.566466 8.53763 8.571057 8.628695 8.7089 8.784573 8.876048 8.975954 9.106217 9.253552 9.412508 9.558027 9.647645 9.665991 9.554553 9.321196 9.044414 8.804548 8.634469 8.532815 8.540776 8.563597
8.3119 8.305445 8.31076 8.309781 8.317966 8.321605 8.33119 8.332003 8.33347 8.336162 8.341724 8.346175 8.359656 8.377964 8.392841 8.412745 8.432645 8.440899 8.452753 8.469503 8.490001 8.502262 8.512079 8.534447 8.545818 8.563655 8.578636 8.585338 8.606282 8.613091 8.625793 8.642229 8.647523 8.651009 8.65838 8.682444 8.681613 8.669939 8.671354 8.671414 8.661129 8.604381 8.532405 8.501342 8.563143 8.655042 8.758375 8.882492 8.975561 9.058796 9.154988 9.270801 9.400834 9.535164 9.633585 9.635271 9.445513 9.207544 8.968225 8.787461 8.679913 8.660681 8.673607
8.318043 8.305755 8.305951 8.302718 8.307558 8.308289 8.315856 8.322135 8.324552 8.328485 8.328945 8.338839 8.345963 8.367167 8.380206 8.396977 8.413669 8.426386 8.445569 8.466912 8.483918 8.501583 8.51438 8.535665 8.55121 8.568586 8.57004 8.587121 8.607292 8.62047 8.641249 8.659562 8.668467 8.673499 8.679691 8.715626 8.746643 8.74215 8.730685 8.733206 8.717819 8.648944 8.561025 8.473129 8.470178 8.572584 8.715457 8.877678 9.030123 9.168707 9.290359 9.405595 9.49481 9.583151 9.677157 9.734156 9.634747 9.446542 9.239658 9.061336 8.921348 8.841214 8.832104
8.306938 8.294802 8.296462 8.299952 8.302121 8.303108 8.303448 8.308449 8.311854 8.312763 8.313962 8.323884 8.331396 8.349801 8.363247 8.376748 8.389318 8.405641 8.431693 8.456672 8.477355 8.492421 8.507733 8.527926 8.548308 8.561053 8.572077 8.589537 8.615721 8.635458 8.652637 8.675221 8.697914 8.708877 8.721646 8.738696 8.78555 8.825556 8.827824 8.850619 8.813394 8.754297 8.646709 8.535074 8.452563 8.519771 8.691127 8.884151 9.089106 9.28825 9.476853 9.644702 9.772328 9.840596 9.888814 9.927098 9.865456 9.71689 9.534516 9.361592 9.2535 9.126922 9.079963
8.288864 8.284831 8.28725 8.287438 8.292875 8.302195 8.301405 8.301797 8.299672 8.300978 8.297665 8.299768 8.309004 8.325432 8.337086 8.348191 8.360018 8.367644 8.393081 8.421726 8.451549 8.473768 8.494458 8.517545 8.530977 8.5456 8.570803 8.593568 8.623659 8.64775 8.6724 8.695917 8.716328 8.748593 8.765142 8.789797 8.836209 8.911584 8.968048 9.001862 9.019598 8.986659 8.889281 8.752944 8.587988 8.516136 8.615122 8.819798 9.057586 9.297163 9.52392 9.744275 9.932543 10.05872 10.11578 10.13287 10.06346 9.915177 9.747821 9.680457 9.670605 9.577515 9.455686
8.268767 8.265241 8.271872 8.273978 8.276398 8.290023 8.295687 8.29495 8.294976 8.286762 8.288255 8.287963 8.289552 8.30422 8.312736 8.323413 8.333205 8.331898 8.34717 8.366776 8.407727 8.441586 8.467389 8.493826 8.508173 8.534617 8.559812 8.592949 8.626378 8.65324 8.688818 8.715609 8.743673 8.772893 8.805102 8.830114 8.870932 8.954333 9.043648 9.13058 9.208241 9.257419 9.23011 9.119982 8.915151 8.680068 8.586485 8.652308 8.817919 9.072732 9.32318 9.558663 9.806986 10.02431 10.1679 10.23763 10.17899 10.03228 9.888966 9.924933 9.999543 10.01798 9.990627
8.253395 8.254523 8.257291 8.263134 8.264465 8.266327 8.273233 8.276342 8.280832 8.284316 8.285868 8.280596 8.282567 8.28494 8.293524 8.302444 8.312751 8.316376 8.325033 8.332521 8.369498 8.406231 8.440227 8.465694 8.487156 8.516418 8.553689 8.587175 8.61229 8.646485 8.68024 8.708166 8.750582 8.78807 8.831687 8.872134 8.908606 8.980318 9.095962 9.209694 9.317554 9.437435 9.515146 9.495157 9.360401 9.097311 8.823954 8.678671 8.658823 8.829437 9.065478 9.293707 9.556102 9.82703 10.06432 10.21388 10.2269 10.09741 9.947937 10.02275 10.13476 10.278 10.37536
8.2462 8.253184 8.254999 8.258642 8.266717 8.261854 8.261312 8.265744 8.272092 8.273269 8.277908 8.283145 8.287353 8.286987 8.289494 8.300242 8.304692 8.314017 8.328305 8.342599 8.369692 8.38045 8.406728 8.432128 8.463102 8.501267 8.537026 8.56962 8.604395 8.640441 8.667797 8.703201 8.742855 8.792372 8.825571 8.891453 8.924822 9.002699 9.127289 9.243034 9.370996 9.524364 9.669108 9.768069 9.767439 9.605367 9.338973 9.117899 8.958987 8.897939 9.059523 9.28278 9.514712 9.757705 10.00227 10.19768 10.26045 10.1483 9.946136 9.958063 10.05729 10.2201 10.39942
8.248582 8.253077 8.250055 8.252444 8.261235 8.266652 8.264688 8.262632 8.259729 8.263474 8.270308 8.276876 8.287242 8.28826 8.287394 8.285636 8.293518 8.3092 8.323926 8.349724 8.365979 8.369154 8.378701 8.397536 8.433722 8.471879 8.510979 8.552841 8.591353 8.62405 8.660271 8.702307 8.742372 8.778408 8.823696 8.873066 8.909896 8.988218 9.100867 9.223445 9.389049 9.570323 9.748554 9.91963 10.02853 10.01499 9.854114 9.696497 9.524284 9.379609 9.332438 9.468434 9.668669 9.87746 10.07562 10.24375 10.29832 10.18337 9.935076 9.76585 9.748116 9.843557 10.02745
8.265098 8.254508 8.252922 8.244259 8.24293 8.247595 8.254741 8.254989 8.248314 8.242444 8.241735 8.246073 8.257817 8.260697 8.264208 8.268934 8.276265 8.284825 8.303526 8.33315 8.349118 8.353014 8.362695 8.356448 8.373123 8.429265 8.476268 8.526193 8.560845 8.602412 8.640511 8.685477 8.725329 8.765523 8.808747 8.847371 8.874175 8.928491 9.012547 9.139749 9.317703 9.519455 9.718117 9.910386 10.08251 10.18181 10.14451 10.05168 9.955382 9.822541 9.717167 9.661688 9.802469 9.984335 10.12936 10.26647 10.30529 10.17734 9.892465 9.574473 9.367355 9.334357 9.466456
8.282203 8.268793 8.259843 8.24422 8.223289 8.222749 8.233345 8.23292 8.224936 8.223381 8.219001 8.213381 8.214577 8.227354 8.239728 8.243234 8.249696 8.257275 8.274602 8.306244 8.326851 8.339646 8.341317 8.356484 8.36927 8.40551 8.441248 8.483844 8.523967 8.565866 8.605926 8.656997 8.68956 8.739573 8.77892 8.815642 8.837545 8.841191 8.887735 8.98002 9.128119 9.291054 9.468079 9.649111 9.827771 9.947398 9.986259 9.940001 9.90012 9.828807 9.732882 9.680099 9.759655 9.877582 10.00567 10.12672 10.18969 10.11695 9.882499 9.552761 9.20993 8.963533 8.935574
8.29053 8.28187 8.273588 8.262196 8.224545 8.199661 8.208628 8.213688 8.209561 8.211854 8.21745 8.209594 8.208381 8.212534 8.218789 8.222071 8.227647 8.228312 8.241794 8.267098 8.291008 8.298676 8.306433 8.345014 8.370852 8.388163 8.409885 8.440804 8.464459 8.505443 8.560803 8.595078 8.630519 8.675327 8.713989 8.745861 8.756885 8.740426 8.726853 8.747569 8.832627 8.941729 9.062142 9.196502 9.320889 9.409485 9.435201 9.413959 9.372047 9.327735 9.34604 9.381289 9.465054 9.571434 9.712798 9.863195 9.983054 9.989332 9.839872 9.583752 9.252461 8.918342 8.663233
8.29678 8.293242 8.287674 8.275955 8.262567 8.229053 8.201306 8.194642 8.201329 8.210792 8.223275 8.229036 8.217293 8.213105 8.21218 8.216597 8.209099 8.209999 8.219533 8.228205 8.244498 8.253405 8.263161 8.269636 8.317409 8.335579 8.354525 8.372209 8.402691 8.440675 8.48561 8.515995 8.55002 8.591705 8.619769 8.644184 8.657602 8.640644 8.593498 8.565283 8.569931 8.627973 8.687709 8.755368 8.812574 8.900181 8.934173 8.936275 8.94293 8.980383 9.011652 9.065561 9.181201 9.328302 9.5002 9.661832 9.78199 9.805991 9.762287 9.604689 9.351982 9.028871 8.707562
8.294093 8.291327 8.293794 8.283418 8.290719 8.266248 8.231885 8.201582 8.195554 8.203601 8.212825 8.222181 8.224232 8.222689 8.218029 8.212535 8.200797 8.202486 8.202758 8.202515 8.206374 8.215358 8.211614 8.215226 8.222045 8.258726 8.276693 8.28441 8.304235 8.343309 8.371603 8.379928 8.432861 8.468788 8.500606 8.526549 8.547333 8.54415 8.517721 8.480859 8.444312 8.452921 8.476402 8.520386 8.629522 8.755212 8.858155 8.914023 8.933956 8.961394 8.998878 9.048787 9.13448 9.283165 9.451921 9.610102 9.69476 9.678352 9.628952 9.541305 9.398405 9.188357 8.921514
8.286361 8.28453 8.295992 8.297554 8.29803 8.286907 8.251726 8.217794 8.204041 8.190104 8.192126 8.200982 8.213413 8.215997 8.207534 8.194563 8.191107 8.194032 8.201285 8.198902 8.198833 8.196244 8.195893 8.196606 8.188011 8.201852 8.203872 8.197205 8.199658 8.218134 8.232152 8.233623 8.261402 8.300372 8.330117 8.378156 8.412204 8.420854 8.437684 8.443603 8.436786 8.44337 8.478265 8.587789 8.702079 8.827203 8.948916 9.036479 9.084175 9.113231 9.144381 9.189932 9.241385 9.331697 9.492336 9.664301 9.741084 9.683585 9.551683 9.423654 9.313698 9.199103 9.056315
8.27709 8.273934 8.276293 8.287899 8.289438 8.27929 8.262582 8.235943 8.220711 8.190359 8.166347 8.176761 8.194754 8.197248 8.188074 8.173885 8.173909 8.178134 8.18904 8.191977 8.188258 8.17868 8.185404 8.18838 8.185072 8.172071 8.153085 8.129607 8.119717 8.116333 8.113255 8.115304 8.107866 8.140531 8.153726 8.191305 8.231843 8.271914 8.300692 8.343197 8.398065 8.460725 8.543714 8.643413 8.768461 8.876953 8.937464 8.997264 9.037071 9.076261 9.134216 9.217546 9.299943 9.386433 9.500055 9.641369 9.776205 9.778723 9.658265 9.454042 9.242706 9.077079 8.958311
8.269165 8.266502 8.263296 8.269071 8.274922 8.268642 8.257439 8.247243 8.231219 8.21595 8.174498 8.153503 8.16727 8.169952 8.161737 8.156464 8.15444 8.1523 8.159377 8.17179 8.164562 8.155489 8.147809 8.140088 8.146594 8.133792 8.107041 8.095662 8.083908 8.069675 8.051695 8.031513 8.02436 8.020564 8.025382 8.047995 8.070742 8.101745 8.123363 8.176716 8.236247 8.314613 8.392826 8.496224 8.598312 8.655421 8.748206 8.816437 8.895005 8.970518 9.044977 9.125872 9.237021 9.333053 9.408499 9.498819 9.644889 9.755144 9.76904 9.650663 9.413012 9.12492 8.879523
8.272651 8.264891 8.260878 8.256077 8.260186 8.263095 8.256688 8.251275 8.237992 8.230498 8.20807 8.165709 8.14327 8.14817 8.147026 8.143812 8.144895 8.138228 8.128158 8.137432 8.136556 8.130137 8.120782 8.119398 8.113921 8.100246 8.085165 8.072474 8.059336 8.040024 8.012085 7.987357 7.985829 7.953316 7.922294 7.927089 7.933948 7.930573 7.940941 7.947664 7.980966 8.031036 8.092716 8.18054 8.266092 8.422043 8.568066 8.713857 8.838356 8.937809 9.015269 9.061691 9.12308 9.195246 9.244972 9.277802 9.356381 9.491227 9.620279 9.714882 9.639853 9.401038 9.087213
8.272203 8.271823 8.274124 8.268267 8.260113 8.264567 8.259426 8.254297 8.253976 8.247615 8.228715 8.207273 8.171827 8.153315 8.142734 8.141923 8.153343 8.159346 8.148932 8.136855 8.131056 8.128372 8.127234 8.13343 8.128848 8.112011 8.091196 8.070654 8.057872 8.022861 7.98257 7.934764 7.900169 7.876807 7.841979 7.815206 7.78256 7.760419 7.74898 7.746427 7.758849 7.798497 7.877015 7.962221 8.101676 8.286529 8.472038 8.645226 8.798201 8.912113 8.989398 9.002277 8.97947 9.04525 9.13136 9.09741 9.07471 9.151149 9.28346 9.49498 9.663201 9.637213 9.438879
8.261194 8.267781 8.270326 8.270675 8.262516 8.256813 8.26022 8.267039 8.265127 8.26443 8.249469 8.232483 8.199477 8.168497 8.15582 8.148921 8.152897 8.172408 8.174221 8.155555 8.148148 8.143755 8.144546 8.151784 8.149351 8.13104 8.111869 8.096298 8.065551 8.033284 7.981095 7.921798 7.842174 7.792963 7.756573 7.704138 7.658036 7.617144 7.590857 7.570451 7.580896 7.650185 7.738429 7.868141 8.023894 8.207075 8.384151 8.553021 8.704379 8.811389 8.885268 8.910158 8.856439 8.898545 9.026066 9.054643 8.947712 8.883114 8.928262 9.122932 9.403873 9.609449 9.62142
8.251467 8.252139 8.258659 8.262316 8.260114 8.25444 8.251603 8.262379 8.268351 8.268664 8.258493 8.234432 8.217175 8.189837 8.169289 8.154714 8.144817 8.154052 8.162002 8.158995 8.160807 8.16289 8.162489 8.167582 8.164411 8.152158 8.141209 8.131234 8.105326 8.069766 8.02478 7.965968 7.887859 7.81482 7.758305 7.684431 7.59376 7.546899 7.537433 7.511854 7.481 7.493964 7.570003 7.700033 7.860834 8.040237 8.223004 8.381118 8.531845 8.664603 8.773645 8.830156 8.77998 8.776834 8.902697 9.047134 8.993337 8.83414 8.729886 8.79809 9.052772 9.339325 9.501113
8.24385 8.248082 8.252738 8.251466 8.254704 8.255908 8.254254 8.256328 8.265696 8.267143 8.263316 8.24653 8.225584 8.206306 8.19229 8.175267 8.157213 8.148477 8.151291 8.147133 8.156853 8.181283 8.18646 8.1817 8.179303 8.16878 8.165996 8.161494 8.146623 8.117932 8.075366 8.020454 7.961944 7.918983 7.878295 7.808562 7.696186 7.59442 7.568832 7.568312 7.516553 7.452198 7.453675 7.528589 7.65749 7.804189 7.975834 8.149386 8.325586 8.504485 8.675603 8.776348 8.735518 8.690782 8.767941 8.959863 9.056177 8.946383 8.758612 8.666703 8.796336 9.047488 9.255135
8.241619 8.243488 8.251149 8.253052 8.254371 8.254954 8.260159 8.259377 8.26409 8.266186 8.263889 8.251715 8.231006 8.216832 8.205705 8.20366 8.191553 8.169966 8.159746 8.146371 8.138727 8.146574 8.167537 8.178955 8.178361 8.183662 8.188546 8.191321 8.193479 8.189362 8.157373 8.093533 8.039747 8.027308 8.025854 7.995144 7.886196 7.748349 7.673947 7.692825 7.67713 7.587704 7.516648 7.484743 7.536835 7.626135 7.769019 7.944413 8.152678 8.348475 8.539342 8.670996 8.67548 8.616375 8.656437 8.824567 9.005947 9.019835 8.859724 8.70382 8.672277 8.847749 9.080552
8.238458 8.247537 8.255123 8.251987 8.251474 8.253881 8.25791 8.262861 8.263372 8.263304 8.260312 8.252775 8.237526 8.220579 8.204867 8.20325 8.200875 8.189555 8.172573 8.161455 8.145887 8.134705 8.150329 8.160553 8.168473 8.175217 8.185901 8.208588 8.242042 8.259411 8.260135 8.214466 8.148258 8.141569 8.151933 8.157239 8.085236 7.943481 7.881958 7.888389 7.864703 7.817942 7.705019 7.614636 7.574455 7.585599 7.645397 7.769358 7.949344 8.160388 8.367531 8.542192 8.582517 8.551772 8.562229 8.702374 8.886047 8.965072 8.872419 8.735456 8.660778 8.747672 8.967368
