py_wake/examples/data/AJ_ParqueFicticio/Rough survey   Sector All   Height 30m   Weibull-A.grd
DSAA
73  159
 258469   265669
 6501692   6517492
 2.59462   10.64407
[rows 84 to 111 of 159, columns 0 to 62 of 73]
5.359498 5.300538 5.276951 5.263669 5.251412 5.261464 5.298162 5.316922 5.331813 5.333847 5.309465 5.253622 5.156114 5.085041 5.083507 5.016142 4.952813 4.890945 4.843643 4.987525 5.127355 5.213905 5.26825 5.370639 5.653253 6.109533 6.499949 6.770362 6.99179 6.856584 6.483352 6.263199 6.189308 5.921151 5.78237 5.179182 5.049988 5.11462 5.361465 5.741664 5.928231 5.772851 5.463538 5.11697 5.1146 5.035747 4.796236 4.717393 4.599925 4.743752 5.20056 5.360139 5.459452 5.530077 5.563146 5.374018 5.14948 4.870561 4.590981 4.341356 4.0842 3.892192 3.683767
5.365266 5.322282 5.272934 5.249166 5.225562 5.282735 5.301209 5.334321 5.334486 5.345331 5.316066 5.264331 5.205458 5.048412 5.082074 5.097958 5.060551 4.962328 4.828012 4.85164 4.941718 5.046542 5.157695 5.295904 5.773511 6.435869 6.819386 7.03307 6.908613 6.589181 6.192429 6.001681 6.069935 5.80654 5.52375 4.961793 4.941835 5.239478 5.679927 5.985886 6.066747 5.839313 5.623129 5.244611 5.14993 5.183133 4.936311 4.774532 4.462073 4.351713 4.645126 5.200905 5.445902 5.529852 5.637281 5.606258 5.348796 5.042905 4.761065 4.444985 4.051996 3.687433 3.412068
5.250789 5.244081 5.235385 5.21669 5.242235 5.279131 5.314609 5.310483 5.351346 5.350035 5.322786 5.266655 5.218989 5.100682 5.06429 5.095448 5.089288 5.017745 4.94834 4.857376 4.846916 4.887482 4.977506 5.071754 5.577723 6.405116 6.993095 7.109041 6.811946 6.369843 5.989041 5.787334 5.75301 5.622891 5.414291 4.947838 4.831679 5.208708 5.82903 6.007167 6.063874 5.925661 5.667357 5.453261 5.32904 5.283484 5.255265 5.027548 4.77664 4.3162 4.355057 4.749553 5.424752 5.434226 5.599658 5.766118 5.472986 5.191509 4.872866 4.548465 4.016461 3.54466 3.267097
5.14714 5.160677 5.166364 5.216147 5.234266 5.241907 5.297287 5.305531 5.33931 5.365705 5.342766 5.300965 5.263258 5.187075 5.079729 5.074923 5.077607 5.05099 5.012131 4.908997 4.893125 4.883737 4.932602 4.957369 5.293344 6.165565 7.034159 7.199462 6.911684 6.439565 5.961256 5.637841 5.586943 5.492033 5.39456 4.986543 4.780896 5.388226 5.808564 6.027211 6.067633 5.985253 5.88099 5.613452 5.47452 5.348693 5.328715 5.36652 5.005735 4.442864 4.261812 4.547856 5.138026 5.461403 5.537582 5.752808 5.471567 5.132367 4.823504 4.570106 3.90414 3.49458 3.376378
5.153684 5.126153 5.132954 5.205402 5.228399 5.22885 5.239389 5.242463 5.297655 5.374934 5.369534 5.313837 5.280611 5.264063 5.157155 5.040139 4.99268 5.042188 5.016161 4.965648 4.944933 4.980595 5.049818 5.163762 5.279916 5.871202 6.896343 7.405543 7.200536 6.674417 6.012025 5.631487 5.467901 5.349504 5.140086 4.886113 5.065663 5.587965 5.883065 6.064847 6.117974 6.094838 5.916284 5.640725 5.362252 5.237545 5.139407 5.284832 4.966752 4.49843 4.246391 4.390963 4.59389 5.048292 5.606076 5.681867 5.377633 4.91864 4.672157 4.421499 3.670739 3.466642 3.654094
5.180759 5.133075 5.141228 5.18061 5.237466 5.246335 5.248746 5.176445 5.219638 5.277914 5.346844 5.336495 5.305176 5.304017 5.249457 5.049483 4.954629 4.953264 4.948391 4.946906 5.001804 5.101175 5.28473 5.5596 5.701053 5.826931 6.798174 7.679867 7.628411 6.895777 6.041289 5.565815 5.348279 5.108098 4.794818 4.776934 5.103741 5.706412 6.013556 6.185968 6.219686 6.170536 5.84452 5.45159 5.105669 5.115778 4.922722 4.879241 4.609639 4.306022 4.259347 4.283735 4.053162 4.368536 5.00606 5.425277 5.146317 4.589052 4.325513 4.198377 3.521294 3.445002 3.710893
5.220243 5.173072 5.183008 5.143313 5.226196 5.262143 5.26652 5.223171 5.191752 5.182911 5.269578 5.299677 5.31558 5.354191 5.335795 5.158993 4.980176 4.894927 4.912761 4.853938 5.017119 5.253487 5.566656 6.089601 6.313451 6.198388 6.871234 7.83159 7.843896 6.946125 5.976595 5.461305 5.26685 4.935794 4.521781 4.791172 5.003023 5.619136 6.162807 6.347801 6.365478 6.1748 5.734557 5.311423 5.304298 5.309671 5.29683 4.992845 4.628282 4.507831 4.693648 4.749613 4.350558 4.082531 4.241409 4.644293 4.639997 4.112536 3.883168 3.704785 3.380891 3.376867 3.743422
5.273459 5.21212 5.200324 5.172294 5.179759 5.260963 5.316466 5.303804 5.250149 5.197107 5.19937 5.237226 5.297883 5.358531 5.387757 5.252788 5.058447 4.95881 4.967884 4.823287 4.959227 5.429641 5.92351 6.560437 6.817502 6.653406 7.121152 7.92651 7.865625 6.836186 5.960198 5.512127 5.315103 4.708371 4.655371 5.06065 4.977142 5.352783 6.139226 6.650379 6.538918 6.117124 5.582934 5.493474 5.686989 5.654222 5.533312 5.212052 4.818748 4.815272 5.264688 5.370831 5.153071 4.608962 4.023766 3.799142 4.067452 3.998596 3.685467 3.428519 3.180207 3.239088 3.724133
5.289989 5.250661 5.223807 5.18467 5.171973 5.2881 5.358449 5.354949 5.354334 5.285187 5.207036 5.179107 5.255625 5.340905 5.384592 5.339429 5.173152 5.193099 5.300042 5.022877 4.806959 5.486854 6.343984 6.963687 7.189043 6.922211 7.358807 7.968222 7.779835 6.765267 5.982098 5.621236 5.306948 4.538567 4.778933 5.373424 5.162989 5.174665 5.954162 6.6259 6.607182 6.102713 5.706672 5.761864 5.906748 5.834039 5.464967 5.003039 4.945961 5.124321 5.551289 5.668485 5.564423 5.381485 4.578002 4.093759 4.065249 4.232563 4.157151 3.667814 3.002672 3.082612 3.607212
5.33972 5.298844 5.238751 5.186554 5.193907 5.305303 5.409682 5.410671 5.403615 5.390443 5.280507 5.146139 5.188548 5.273913 5.341829 5.374571 5.351381 5.560985 5.884067 5.578582 4.937396 5.309448 6.532864 7.31895 7.460894 7.107444 7.466772 7.978429 7.687675 6.664749 5.896144 5.442455 4.909861 4.469485 4.911009 5.548236 5.335741 5.044469 5.816264 6.592382 6.712265 6.331753 6.069373 5.980776 6.03767 5.726127 5.255085 5.056618 5.102454 5.269091 5.501062 5.670435 5.59933 5.58726 5.226176 4.901187 4.778049 4.827603 4.554918 3.941816 2.941866 2.937371 3.391367
5.329247 5.324374 5.274672 5.236566 5.20161 5.302068 5.4333 5.475833 5.46004 5.44882 5.387225 5.216315 5.159736 5.224086 5.25259 5.296818 5.470059 5.962358 6.544076 6.343856 5.488544 5.179654 6.403528 7.588126 7.770819 7.364194 7.508576 7.947744 7.573296 6.554729 5.768745 5.202478 4.579762 4.464263 5.170269 5.752406 5.407417 5.168506 5.812676 6.581348 6.68176 6.558114 6.240963 6.008358 5.861963 5.532782 5.196958 5.180302 5.270965 5.34563 5.410903 5.435129 5.383598 5.400476 5.268631 5.195901 5.053046 4.967581 4.662832 4.191759 3.149868 2.828239 3.03789
5.301022 5.366441 5.316701 5.298484 5.289114 5.283738 5.422136 5.542305 5.561197 5.50953 5.446481 5.341109 5.261534 5.225315 5.218561 5.150861 5.39977 6.26231 6.990146 6.998916 6.222954 5.531137 6.249879 7.690139 8.049192 7.650562 7.580212 7.635994 7.199603 6.414415 5.687878 5.070348 4.468608 4.435357 5.396837 5.923147 5.558692 5.241623 5.99496 6.664808 6.637346 6.419906 6.011228 5.823364 5.673223 5.539574 5.402849 5.368585 5.390205 5.34725 5.354734 5.268719 5.028934 5.088423 5.155984 5.179011 5.129903 4.975736 4.90496 4.576435 3.700705 2.816247 2.862147
5.259378 5.328075 5.384162 5.37142 5.391053 5.372346 5.379222 5.548046 5.621151 5.557682 5.487363 5.470902 5.446703 5.398084 5.315752 5.220983 5.329915 6.123092 7.172253 7.548439 6.925023 5.965541 6.338121 7.778905 8.087561 7.809128 7.206779 6.839396 6.425543 5.854735 5.392835 4.843958 4.39534 4.498586 5.514203 6.099309 5.911251 5.630703 5.944944 6.706817 6.462667 6.165749 5.727205 5.496242 5.525603 5.550954 5.609947 5.502491 5.415335 5.326361 5.35782 5.189918 4.655732 4.515495 4.84931 4.982124 4.956401 4.782273 4.972039 4.845598 4.251369 3.187119 2.799528
5.209953 5.32933 5.386047 5.416956 5.453254 5.543504 5.458856 5.465918 5.630077 5.626918 5.547151 5.575157 5.607508 5.725331 5.741942 5.564425 5.327305 5.799529 7.271048 7.799221 7.367627 6.355305 6.613656 7.769126 8.090175 7.385895 6.422885 6.004335 5.828628 5.544106 5.418474 5.082083 4.548197 4.484158 5.341257 6.176303 6.164162 5.90451 5.978135 6.422461 6.326703 5.937341 5.535531 5.349545 5.323996 5.331666 5.328692 5.228428 5.23764 5.160771 5.233515 5.033998 4.343536 4.017987 4.185837 4.339486 4.206565 4.102585 4.298952 4.431979 4.263118 3.606259 2.768872
5.220554 5.356141 5.430115 5.403373 5.372764 5.623853 5.682814 5.445326 5.549304 5.665679 5.625732 5.633086 5.748073 6.12475 6.400884 6.157347 5.578341 5.867363 7.315818 7.965513 7.536818 6.633102 6.943638 7.674144 7.804228 6.803788 5.79393 5.833174 6.184807 5.986462 5.81611 5.517871 4.79605 4.555297 5.149012 5.987906 6.028656 5.820367 5.828879 6.141399 6.132476 5.753729 5.358517 5.215656 5.263801 5.151871 5.002563 4.828002 4.912634 4.834555 4.80763 4.697786 4.454946 4.686785 4.278625 4.115899 3.84387 3.669935 3.631434 3.71638 3.6489 3.293257 2.729547
5.346627 5.42046 5.523531 5.479114 5.307067 5.54963 5.889219 5.612537 5.514961 5.72746 5.724128 5.737976 5.883366 6.478914 7.020847 6.833253 6.211071 6.372562 7.419826 8.11019 7.725562 7.037011 7.149261 7.463253 7.161866 6.207865 5.640263 6.304051 6.915415 6.737597 6.256243 5.686412 4.956149 4.664069 5.145731 5.698527 5.652885 5.383486 5.462253 5.945712 5.910324 5.576355 5.21584 4.977829 5.042367 5.045252 4.959727 4.581866 4.642479 4.582113 4.516967 4.58554 4.795726 5.157994 4.916903 4.716536 4.414844 3.9608 3.647076 3.465199 3.540033 3.453743 3.019598
5.601744 5.643254 5.680126 5.666288 5.404417 5.38378 5.931226 5.98028 5.607844 5.859061 5.935493 5.940407 6.111577 6.556308 7.246737 7.350874 7.079771 7.096085 7.591616 8.228833 7.946095 7.410919 7.136766 6.792762 6.389694 6.105087 6.143069 6.844316 7.311631 7.054177 6.364474 5.598333 4.905394 4.801757 5.224423 5.36459 5.245225 4.912806 5.041051 5.399516 5.584157 5.406508 5.057164 4.84258 4.657056 4.703008 4.743251 4.723173 4.904644 4.96774 4.817658 4.856382 5.073325 5.331769 5.237379 5.055731 4.828501 4.554045 4.244172 4.174496 4.180482 3.716333 3.093763
5.706404 5.918748 5.901705 5.897881 5.696205 5.33434 5.773381 6.356655 5.915594 6.035615 6.306882 6.155912 6.445675 6.817213 7.311954 7.679401 7.70383 7.773167 7.99125 8.353695 8.083771 7.383629 6.590477 6.14797 6.304622 6.591735 6.976769 7.297871 7.402626 6.959883 6.233621 5.45125 4.882702 4.899113 5.336496 5.278308 5.179553 4.913785 4.790789 4.810254 5.09045 5.150239 5.029392 4.991762 4.767731 4.351201 4.481049 4.990579 5.658727 5.704529 5.495395 5.413613 5.433671 5.458897 5.439823 5.283475 5.000159 4.839345 4.614398 4.399615 3.873404 3.11104 3.12191
5.752816 5.979611 6.095787 6.180809 6.14121 5.571352 5.57482 6.478601 6.403402 6.334431 6.813279 6.644104 6.807561 7.256277 7.525666 7.897572 7.976367 8.169039 8.385242 8.514128 7.991689 6.920203 6.280025 6.120788 6.78275 7.364537 7.635438 7.504748 7.123572 6.60306 6.053752 5.432776 5.005008 5.079463 5.214967 5.135568 5.089129 4.870618 4.771848 4.604019 4.895787 5.12606 5.316917 5.371224 5.038743 4.278783 4.23626 5.127196 6.120078 6.348547 6.112199 5.914542 5.79556 5.670783 5.510331 5.313047 4.938808 4.735458 4.405469 3.966765 3.202217 2.890719 3.371747
5.756309 5.99519 6.248478 6.569014 6.633932 5.911631 5.425059 6.279728 6.724579 6.728746 7.169791 7.274256 7.200696 7.728987 7.854757 8.127826 8.124454 8.27354 8.604543 8.576527 7.874146 7.02866 6.514014 6.667034 7.430936 7.82348 7.895694 7.193106 6.524964 6.100115 5.766221 5.372191 5.0889 4.973429 4.964035 4.906712 4.762207 4.550903 4.588418 4.782453 5.117281 5.478152 5.676682 5.740225 5.012612 4.148932 4.177713 5.061838 6.147138 6.721327 6.718529 6.53997 6.173305 5.736406 5.258448 4.902538 4.64013 4.385246 4.068713 3.556253 2.923188 3.046879 3.39456
5.315011 5.842344 6.358267 6.918419 7.081719 6.248713 5.624201 6.124131 6.597475 6.854981 7.266811 7.665432 7.784802 8.047793 8.079501 8.247106 8.297198 8.336102 8.724103 8.712883 8.195986 7.52964 7.155494 7.341574 7.936378 8.074655 7.853595 6.9938 6.380524 6.078471 5.779733 5.36153 4.988985 4.914864 4.960409 4.995914 4.677583 4.433864 4.537339 4.982609 5.53001 5.848027 5.715883 5.298747 4.548768 4.019889 3.991951 4.741883 5.917373 6.848826 7.302964 7.239796 6.623822 5.711717 5.04526 4.777292 4.637512 4.413589 4.155127 3.768405 3.153124 3.201511 3.219357
4.813907 5.241861 6.025956 6.931026 7.205899 6.554658 5.991639 6.255837 6.540921 6.874813 7.282969 7.860461 8.257246 8.28462 8.229397 8.123792 8.29811 8.499254 8.807579 8.81791 8.424552 8.029367 7.717844 7.889226 8.225016 8.063952 7.778625 7.220276 6.729008 6.53526 6.070754 5.497757 4.992501 4.922306 5.146172 4.953167 4.550164 4.429012 4.629784 5.058441 5.700025 5.915852 5.52824 4.817194 4.441127 4.425231 4.205698 4.398403 5.48006 6.761949 7.689917 7.968736 7.258546 6.129785 5.557116 5.354559 5.076749 4.718174 4.384676 4.10851 3.55701 3.305511 3.03079
4.954388 4.86948 5.314704 6.275723 6.990819 6.870627 6.446336 6.348297 6.53856 6.998917 7.538859 8.125559 8.572809 8.494147 8.319189 7.849349 7.977349 8.530792 8.541587 8.595057 8.429608 7.986156 7.608361 7.825805 8.35358 8.509521 8.178057 7.774047 7.335825 7.012427 6.294558 5.543991 5.030342 4.817924 4.826673 4.589104 4.440873 4.566042 4.958672 5.194029 5.727736 5.8948 5.441151 4.918387 4.730626 5.071741 4.841424 4.298278 4.951181 6.394218 7.66882 8.240927 8.12807 7.035297 6.460438 6.126658 5.478613 4.840276 4.434066 4.163014 3.705919 3.330305 3.066773
5.522865 5.059436 5.224648 5.656582 6.436564 7.054914 7.121077 6.788587 6.71458 7.225191 7.979935 8.618005 8.868315 8.635507 8.25625 7.481367 7.183893 7.866219 8.443615 8.492326 8.31172 7.751669 7.145361 7.461614 8.420825 8.766573 8.732436 8.481981 8.018684 7.449685 6.455444 5.629623 5.090293 4.790158 4.657489 4.438416 4.360503 4.845016 5.402151 5.579508 5.824555 6.037322 5.801568 5.314043 5.15498 5.606059 5.546722 4.862882 4.825986 5.92091 7.386859 8.256441 8.220964 7.508938 6.870317 6.43602 5.659252 4.907552 4.481406 4.228938 3.736603 3.257709 3.05711
6.240087 5.551046 5.542746 5.833493 6.142959 6.852849 7.5071 7.455763 7.134082 7.412669 8.222885 9.042985 9.062233 8.740352 8.015963 7.130909 6.420922 6.943952 7.77626 8.199511 8.208 7.600685 6.864445 7.127957 8.217258 8.70998 8.948829 9.151543 8.658227 7.836699 6.839133 6.004351 5.445773 5.090746 4.85221 4.4542 4.464676 5.092209 5.869149 6.092044 6.152606 6.440637 6.337007 5.844911 5.562342 5.89183 5.905283 5.51334 5.261438 5.943108 7.265456 7.903207 7.92623 6.885144 6.199337 5.89806 5.436803 4.928358 4.575297 4.357914 3.887482 3.279733 3.110158
6.915211 6.322017 5.959599 6.338765 6.443232 6.726337 7.493098 7.786319 7.54072 7.570903 8.358005 9.247138 9.285377 8.529372 7.541524 6.791504 6.16884 6.222558 6.789994 7.567623 7.890697 7.365884 6.475314 6.642084 7.909033 8.57711 9.036384 9.314969 9.177613 8.238533 7.1873 6.34117 5.569929 5.12184 4.770346 4.458826 4.574976 5.344236 6.340346 6.76673 6.706411 6.964274 6.951015 6.432896 5.912841 5.933618 5.809961 5.604116 5.704811 6.335023 7.365107 7.757559 7.551484 6.301297 5.423218 5.130725 4.994532 4.747927 4.508616 4.360617 4.030124 3.286958 3.157684
7.316899 6.990742 6.496791 6.634197 6.725314 6.783656 7.35864 7.700411 7.795202 7.804066 8.497393 9.280007 9.170546 8.302589 7.240366 6.518545 6.03512 5.792632 6.085882 6.791266 7.236953 7.042636 6.214889 6.124326 7.238322 8.225714 8.791146 9.306542 9.065152 8.310946 7.202931 6.129077 5.438295 4.920512 4.713003 4.480168 4.612303 5.519166 6.710176 7.38898 7.398901 7.570762 7.490974 6.836486 5.969419 5.603974 5.35124 5.164155 5.403861 6.398839 7.51732 7.826518 7.156531 6.082032 5.222397 4.799962 4.622619 4.50976 4.264854 3.942864 3.524307 3.081438 3.112866
7.311546 7.243288 6.817703 6.784291 6.948592 6.987091 7.271534 7.567995 7.951078 8.176648 8.723711 9.358806 9.124414 8.286915 7.598068 6.656491 6.063047 6.076536 5.97302 6.07807 6.31309 6.46711 5.982884 5.950818 7.051368 8.067713 8.709808 8.744697 8.28285 7.739533 7.351401 6.778379 5.951987 5.475551 5.174815 4.737721 4.66023 5.532574 6.869431 7.823149 8.076784 8.186453 7.845639 6.82927 5.915712 5.331391 4.952049 4.685147 4.913684 6.050695 7.253158 7.421941 6.611203 5.72495 5.123613 4.847127 4.665723 4.532823 4.323322 3.740657 2.858724 2.992207 3.104512
