py_wake/examples/data/AJ_ParqueFicticio/Rough survey   Sector 7   Height 200m   Mean speed.grd
DSAA
73  159
 258469   265669
 6501692   6517492
 4.00653   8.739
[rows 112 to 139 of 159, columns 0 to 62 of 73]
7.820953 7.759286 7.687765 7.626298 7.550591 7.559472 7.56942 7.602795 7.657903 7.691513 7.701411 7.698597 7.646453 7.577882 7.48659 7.357224 7.233675 7.153914 7.096326 7.055272 7.096953 7.222896 7.364886 7.527178 7.666511 7.756006 7.786678 7.828199 7.820448 7.815269 7.791833 7.748342 7.688753 7.625827 7.542879 7.492881 7.506459 7.531837 7.571228 7.692493 7.791799 7.82293 7.777428 7.671709 7.543689 7.42925 7.325194 7.247238 7.210785 7.229551 7.228683 7.166049 7.110379 7.03585 6.985668 6.940579 6.915408 6.88693 6.849999 6.80663 6.770329 6.722753 6.711635
8.05045 7.979905 7.919259 7.867549 7.802761 7.805427 7.838045 7.863624 7.890115 7.896719 7.889065 7.87033 7.804909 7.710609 7.603341 7.471828 7.375438 7.304557 7.215863 7.116612 7.071572 7.112636 7.24213 7.423969 7.574918 7.644066 7.6418 7.653087 7.644673 7.673614 7.708728 7.793413 7.880938 7.913888 7.89305 7.87707 7.890418 7.886437 7.911649 8.000364 8.081792 8.078858 7.9855 7.836096 7.661962 7.503578 7.348438 7.218102 7.102299 7.016396 6.965209 6.900022 6.87666 6.859882 6.839714 6.845198 6.848769 6.846562 6.835207 6.795814 6.762623 6.695925 6.619256
8.231618 8.168274 8.126135 8.086553 8.031722 8.035192 8.071942 8.106855 8.119551 8.102094 8.086656 8.056006 7.960434 7.843675 7.729517 7.631601 7.582389 7.527806 7.422723 7.294942 7.191262 7.139611 7.162252 7.279883 7.409272 7.474416 7.463786 7.492212 7.484667 7.527213 7.618209 7.758649 7.913258 8.031344 8.124342 8.204062 8.275513 8.279954 8.292171 8.364791 8.408819 8.365314 8.235688 8.061853 7.85625 7.666145 7.463394 7.278584 7.110328 6.942471 6.819361 6.757001 6.731997 6.738075 6.751221 6.769958 6.793464 6.803094 6.815723 6.805643 6.786765 6.729684 6.617383
8.246723 8.232481 8.213655 8.19375 8.149525 8.162262 8.219205 8.256937 8.275901 8.277903 8.271456 8.219244 8.123643 8.025093 7.932269 7.884244 7.869154 7.829429 7.730302 7.618281 7.485825 7.344748 7.215695 7.1727 7.213349 7.254214 7.251048 7.306941 7.336467 7.381986 7.506627 7.661812 7.812393 7.971478 8.143458 8.347354 8.508341 8.564625 8.604166 8.672563 8.687815 8.628512 8.488025 8.334024 8.137211 7.914324 7.65122 7.409461 7.195837 7.006694 6.855065 6.74539 6.688441 6.681589 6.702816 6.72427 6.737464 6.766727 6.778426 6.787302 6.781864 6.732094 6.635787
8.03587 8.074253 8.073936 8.087199 8.080643 8.154003 8.232298 8.292864 8.347595 8.392032 8.407314 8.369317 8.303246 8.238097 8.191225 8.173355 8.161804 8.137115 8.073726 7.976172 7.83524 7.633927 7.404525 7.197438 7.081149 7.074425 7.074473 7.137434 7.20345 7.311525 7.458591 7.596489 7.738067 7.897696 8.111465 8.327423 8.497742 8.600339 8.709178 8.739 8.735228 8.674497 8.610591 8.492639 8.315111 8.089111 7.847167 7.587467 7.345431 7.134217 6.950604 6.80955 6.719957 6.677884 6.668993 6.675898 6.686523 6.703642 6.723747 6.736446 6.726351 6.687619 6.610355
7.619262 7.68647 7.727137 7.747473 7.885855 8.022694 8.132209 8.24083 8.332943 8.410326 8.444501 8.432649 8.409417 8.390823 8.372903 8.352531 8.31599 8.276614 8.215861 8.129959 8.004077 7.821965 7.58145 7.32305 7.093486 6.97554 6.96242 7.052435 7.163822 7.298846 7.431918 7.548442 7.699398 7.862925 8.040407 8.179184 8.259484 8.389555 8.449 8.46468 8.446939 8.387626 8.36424 8.278134 8.162891 8.007072 7.816757 7.593935 7.372462 7.166662 6.995036 6.860547 6.761188 6.696852 6.660428 6.639122 6.633626 6.627729 6.623023 6.6295 6.616855 6.568512 6.491087
7.061889 7.154427 7.281238 7.433914 7.63658 7.830787 7.993834 8.124506 8.230736 8.293376 8.304399 8.317768 8.333262 8.334212 8.336147 8.305918 8.232862 8.133045 8.054131 7.959373 7.854178 7.730759 7.572918 7.374014 7.158802 6.989553 6.916113 7.004909 7.158795 7.285754 7.391655 7.488648 7.614228 7.730026 7.813652 7.840337 7.929627 8.00507 8.008177 7.968558 7.923529 7.863812 7.853449 7.792527 7.711443 7.618958 7.519469 7.372141 7.229564 7.08373 6.96435 6.860366 6.786653 6.726425 6.68182 6.643311 6.6171 6.585719 6.541436 6.479262 6.3992 6.340416 6.256382
6.680619 6.82387 6.994228 7.224484 7.466698 7.695748 7.886761 8.034856 8.13446 8.144302 8.092326 8.055583 8.041126 8.042892 8.052127 8.041175 7.961219 7.83657 7.697787 7.574879 7.475513 7.395886 7.362698 7.317223 7.189602 7.060773 6.984461 6.997439 7.10876 7.223979 7.302469 7.370974 7.439725 7.479017 7.487882 7.539949 7.599873 7.647207 7.599237 7.507712 7.404057 7.329471 7.322152 7.291816 7.224011 7.150972 7.094882 7.02637 6.963382 6.901243 6.850558 6.80513 6.763197 6.727984 6.693151 6.655687 6.609066 6.553707 6.467508 6.341901 6.192072 6.092334 6.027443
6.58639 6.724921 6.938288 7.173516 7.415215 7.64168 7.828323 7.979874 8.067677 8.03573 7.91779 7.802428 7.727965 7.684462 7.689464 7.688035 7.631878 7.509793 7.368134 7.234745 7.130363 7.071461 7.053351 7.090951 7.11452 7.075882 7.013327 6.975891 6.998801 7.073332 7.145136 7.202675 7.240635 7.221137 7.241852 7.298695 7.370947 7.405587 7.349392 7.233852 7.086081 6.961683 6.931046 6.914058 6.895349 6.838981 6.80547 6.755168 6.712682 6.714226 6.703414 6.687234 6.684993 6.667499 6.638532 6.597957 6.534088 6.434467 6.296646 6.15817 6.045549 5.969398 5.934248
6.738333 6.872539 7.042982 7.239972 7.441111 7.640497 7.802958 7.928121 7.972898 7.93738 7.824947 7.677257 7.531789 7.431704 7.376873 7.341103 7.285872 7.195805 7.100213 7.004391 6.916008 6.859408 6.822424 6.835876 6.879617 6.921509 6.915164 6.878267 6.861086 6.902614 6.975889 7.0454 7.055259 7.054633 7.113683 7.183832 7.250699 7.275109 7.20214 7.080535 6.92858 6.768964 6.691481 6.659088 6.674415 6.676601 6.669581 6.649301 6.626551 6.601385 6.605672 6.590865 6.567456 6.550802 6.513584 6.453285 6.358369 6.238175 6.124949 6.047905 6.024395 6.007192 6.059794
6.967727 7.071949 7.201471 7.351449 7.508717 7.651125 7.777646 7.852506 7.852175 7.833809 7.783662 7.657941 7.520194 7.397812 7.24702 7.113788 6.998866 6.905566 6.862186 6.80582 6.732371 6.704434 6.67702 6.655609 6.662839 6.692297 6.745023 6.766094 6.754764 6.770205 6.848699 6.92434 6.953167 7.028688 7.111258 7.176587 7.202497 7.155777 7.048594 6.923389 6.794065 6.673515 6.541392 6.477287 6.489144 6.533528 6.56403 6.60464 6.599346 6.57667 6.555057 6.527559 6.47198 6.407153 6.321007 6.243603 6.163277 6.083135 6.030566 6.051199 6.122439 6.190269 6.308585
7.179335 7.287984 7.396192 7.501225 7.592186 7.667135 7.709884 7.69103 7.672657 7.672833 7.69052 7.651305 7.578834 7.463284 7.31276 7.138891 6.964062 6.83814 6.755616 6.702583 6.661308 6.626016 6.640631 6.626262 6.597128 6.578531 6.573668 6.625382 6.682031 6.721509 6.791917 6.885159 6.97198 7.072272 7.143647 7.165259 7.109007 6.986357 6.828835 6.712874 6.672675 6.59435 6.479779 6.389656 6.362956 6.389809 6.444855 6.512105 6.553205 6.557167 6.537888 6.481038 6.410042 6.302457 6.176151 6.064749 5.983963 5.953356 6.008602 6.137355 6.286937 6.416918 6.522369
7.347043 7.484745 7.587541 7.648239 7.685016 7.669838 7.583572 7.4982 7.432756 7.429994 7.492851 7.53074 7.5382 7.504901 7.422512 7.306924 7.183853 7.081122 6.997655 6.929779 6.888985 6.847847 6.823393 6.778423 6.709622 6.61521 6.563401 6.574121 6.619682 6.683735 6.76749 6.888798 7.000638 7.083107 7.115026 7.083096 6.960083 6.770379 6.631816 6.531247 6.518048 6.491403 6.446605 6.38004 6.32891 6.316719 6.317386 6.371442 6.422722 6.477791 6.481079 6.432742 6.340848 6.20858 6.075215 5.960998 5.884267 5.922847 6.034904 6.232111 6.410035 6.541063 6.625975
7.427881 7.592168 7.701279 7.742225 7.728618 7.631171 7.474743 7.316002 7.202139 7.18179 7.241571 7.307288 7.362217 7.398432 7.395805 7.412749 7.428003 7.425976 7.394465 7.345737 7.296503 7.243317 7.161506 7.049649 6.927428 6.797677 6.726631 6.712989 6.725211 6.739545 6.780042 6.868042 6.94324 7.001305 7.004317 6.934423 6.765628 6.61509 6.494405 6.437512 6.403809 6.368724 6.352304 6.339596 6.318208 6.29446 6.273746 6.266657 6.26456 6.303284 6.323462 6.284905 6.184576 6.051113 5.949482 5.878433 5.867596 5.948092 6.097553 6.279927 6.436771 6.558412 6.644338
7.445728 7.61343 7.728917 7.764874 7.719547 7.593676 7.405601 7.227285 7.08719 6.996026 6.99331 7.045358 7.122444 7.152162 7.162055 7.199913 7.299284 7.425044 7.521966 7.563305 7.53861 7.46806 7.357366 7.223324 7.093093 6.995776 6.923968 6.893553 6.86675 6.824323 6.794946 6.805504 6.835693 6.859918 6.850183 6.761449 6.604431 6.488303 6.373585 6.343913 6.311131 6.271456 6.236055 6.226726 6.227469 6.229333 6.217453 6.201717 6.16707 6.126317 6.119731 6.073991 5.987168 5.903611 5.854682 5.858742 5.914784 6.015574 6.176819 6.297873 6.410085 6.508711 6.57867
7.420759 7.586544 7.699476 7.745564 7.67707 7.541685 7.368354 7.201902 7.0478 6.907483 6.814529 6.822526 6.873915 6.879659 6.887719 6.949709 7.000125 7.135625 7.296814 7.406985 7.434093 7.407011 7.339191 7.247558 7.121194 7.022141 6.953927 6.898739 6.86552 6.802217 6.739664 6.7013 6.720614 6.729642 6.698695 6.570539 6.447237 6.352254 6.285601 6.226011 6.184021 6.156174 6.14084 6.12235 6.121642 6.124139 6.139915 6.147062 6.138309 6.079491 6.027445 5.969738 5.925842 5.915674 5.940328 5.99763 6.078467 6.142919 6.2469 6.296453 6.346404 6.402291 6.44334
7.316292 7.501216 7.628843 7.666112 7.587593 7.443359 7.263566 7.098669 6.965942 6.842899 6.734469 6.665916 6.674837 6.683674 6.699574 6.74539 6.75763 6.820978 6.89846 7.034191 7.118753 7.160087 7.143384 7.106325 7.02908 6.894181 6.753239 6.680848 6.652152 6.619602 6.572865 6.55222 6.561668 6.547879 6.488 6.329328 6.237987 6.162068 6.144885 6.096834 6.052249 6.025376 6.022628 6.026997 6.045015 6.051514 6.073327 6.105925 6.159622 6.138648 6.088889 6.035214 6.033155 6.095714 6.192367 6.282579 6.340206 6.34149 6.32111 6.287529 6.277126 6.282382 6.3117
7.222976 7.403575 7.526592 7.548718 7.454081 7.27129 7.078614 6.919606 6.814434 6.726763 6.64504 6.580348 6.540674 6.569323 6.600145 6.607197 6.601438 6.571448 6.589333 6.634339 6.763811 6.863123 6.891067 6.893067 6.889215 6.799332 6.627624 6.452157 6.416832 6.403553 6.38079 6.34486 6.321981 6.281195 6.208169 6.071603 6.015824 6.003267 6.019969 6.000708 5.983097 5.962638 5.947521 5.941768 5.96425 6.002409 6.037501 6.077252 6.139977 6.167104 6.149201 6.140086 6.190111 6.313991 6.448893 6.536695 6.557193 6.502085 6.414287 6.345834 6.266549 6.238595 6.273603
7.236887 7.359137 7.425133 7.390138 7.283955 7.119499 6.983154 6.852606 6.727188 6.651833 6.609889 6.557195 6.516112 6.519553 6.536593 6.517937 6.509799 6.464919 6.406069 6.394125 6.475848 6.592755 6.668439 6.717524 6.756628 6.729166 6.62149 6.462067 6.366693 6.353827 6.300121 6.204808 6.115379 6.045193 5.959584 5.864048 5.854659 5.91417 5.991768 6.013632 6.012958 5.99517 5.967713 5.943037 5.930014 5.957637 6.007186 6.054777 6.105893 6.13693 6.157864 6.211763 6.314216 6.461691 6.585864 6.657661 6.668558 6.627202 6.529902 6.474138 6.403526 6.31059 6.270982
7.316443 7.354841 7.339027 7.270749 7.14985 7.023616 6.971214 6.903351 6.816343 6.726792 6.686648 6.644989 6.591548 6.520522 6.49519 6.474138 6.470035 6.431671 6.363945 6.293955 6.316107 6.401768 6.478567 6.547886 6.61912 6.647709 6.653007 6.599869 6.514123 6.478642 6.409295 6.27125 6.108943 5.946359 5.845332 5.762859 5.78968 5.896894 6.015415 6.080466 6.104517 6.097302 6.087205 6.066606 6.042916 6.019539 6.011557 6.029082 6.065328 6.090887 6.14161 6.253033 6.410412 6.541464 6.633389 6.69709 6.727197 6.730985 6.694849 6.614697 6.536264 6.415595 6.315979
7.352337 7.298037 7.250492 7.173759 7.053078 6.949831 6.912113 6.917169 6.899892 6.815051 6.744936 6.709673 6.633588 6.542998 6.466718 6.432148 6.40797 6.410437 6.351848 6.289517 6.266218 6.292247 6.343871 6.401819 6.470924 6.535811 6.604111 6.658627 6.623488 6.587906 6.537954 6.422673 6.270327 6.088763 5.92451 5.800012 5.799821 5.880409 5.991728 6.089469 6.150061 6.18159 6.189531 6.191286 6.174088 6.135972 6.081642 6.035524 6.030693 6.037344 6.130862 6.291484 6.458246 6.578801 6.643901 6.695362 6.745263 6.77004 6.776783 6.716627 6.636074 6.541461 6.428441
7.360001 7.232859 7.138215 7.053294 6.948655 6.877065 6.842354 6.883405 6.908233 6.84896 6.76061 6.668545 6.594268 6.501209 6.402521 6.344077 6.291212 6.298513 6.28948 6.282846 6.256307 6.244246 6.254595 6.284383 6.3262 6.368831 6.44427 6.520795 6.555378 6.571997 6.564174 6.503879 6.389327 6.220252 6.053587 5.919653 5.83078 5.826544 5.903697 6.005721 6.081874 6.126779 6.172941 6.207014 6.213893 6.166886 6.117694 6.053261 5.998133 6.001499 6.099697 6.237192 6.371688 6.490485 6.585588 6.659579 6.715388 6.771457 6.813474 6.808967 6.727824 6.66194 6.559997
7.384805 7.20536 7.061014 6.955776 6.879746 6.845055 6.832061 6.872105 6.921255 6.904277 6.817798 6.681287 6.531865 6.432964 6.318649 6.217764 6.135026 6.149092 6.172504 6.210109 6.215533 6.201506 6.189822 6.192901 6.189195 6.222451 6.293137 6.365731 6.392275 6.414315 6.407983 6.382017 6.328897 6.242562 6.104355 5.977476 5.872774 5.82575 5.835173 5.895095 5.97417 6.016719 6.060913 6.100911 6.114134 6.095744 6.065998 6.011679 5.962771 5.953416 6.035935 6.130296 6.228003 6.335797 6.457046 6.566524 6.664205 6.72557 6.794178 6.830778 6.817175 6.746692 6.682298
7.444317 7.234798 7.055748 6.937961 6.874207 6.840163 6.797215 6.782825 6.83097 6.857405 6.832311 6.736487 6.590468 6.425033 6.2788 6.137595 6.038004 6.027441 6.050556 6.10889 6.151268 6.163064 6.159285 6.149421 6.125649 6.146215 6.190377 6.221796 6.249592 6.266737 6.253564 6.21293 6.171139 6.143605 6.089624 5.996962 5.914892 5.832752 5.800179 5.830651 5.889381 5.936394 5.952915 5.966992 5.980304 5.967129 5.94154 5.909171 5.895762 5.903457 5.972267 6.04505 6.101601 6.172898 6.284008 6.414559 6.541698 6.651588 6.716587 6.780797 6.817976 6.8029 6.72749
7.47708 7.273132 7.083694 6.936533 6.852632 6.775034 6.657919 6.58892 6.609991 6.650011 6.676742 6.671151 6.610993 6.505748 6.344991 6.189201 6.04426 5.961191 5.961118 5.989965 6.056283 6.120823 6.147436 6.151807 6.142139 6.152684 6.154058 6.122281 6.12145 6.120751 6.126023 6.095035 6.033089 5.999101 5.976346 5.937841 5.895203 5.850001 5.815103 5.820804 5.87474 5.908717 5.909131 5.900767 5.888594 5.87503 5.867234 5.875504 5.890682 5.92293 5.977454 6.007346 6.021776 6.039318 6.097544 6.20524 6.342686 6.475017 6.594598 6.660988 6.740978 6.770359 6.744778
7.400862 7.214469 7.050877 6.890996 6.771637 6.626607 6.464408 6.413666 6.397434 6.390792 6.40682 6.452259 6.498117 6.500882 6.432627 6.27666 6.113803 5.989256 5.923994 5.910948 5.962413 6.039341 6.093977 6.138398 6.155133 6.161897 6.131496 6.064791 6.014486 5.979435 5.979896 5.986734 5.952045 5.904732 5.876119 5.8683 5.861684 5.84376 5.816024 5.827528 5.882816 5.911424 5.926726 5.920573 5.902435 5.893483 5.912401 5.969306 6.006975 6.02778 6.022142 6.002584 5.96573 5.938289 5.951209 5.993869 6.076496 6.207121 6.358744 6.484211 6.574479 6.663404 6.694566
7.199872 7.067952 6.936091 6.789536 6.626262 6.453069 6.350046 6.32359 6.283812 6.220326 6.182898 6.215803 6.270845 6.328772 6.349574 6.329034 6.224712 6.102572 5.989087 5.919649 5.917782 5.969852 6.017265 6.084436 6.125024 6.128175 6.086183 6.010514 5.945894 5.890655 5.870413 5.890295 5.901559 5.888055 5.859218 5.838234 5.83158 5.816572 5.796489 5.795293 5.839731 5.878215 5.901682 5.917333 5.942311 5.955457 5.988678 6.034735 6.06773 6.081196 6.060725 6.039015 5.987004 5.92359 5.897325 5.878953 5.888401 5.953131 6.055458 6.218061 6.364191 6.475577 6.579053
6.985422 6.877286 6.77997 6.634669 6.470814 6.348132 6.305474 6.284782 6.252943 6.190918 6.120051 6.079122 6.089723 6.127772 6.186627 6.236692 6.233147 6.183373 6.123275 6.021691 5.964624 5.96357 6.000188 6.059659 6.071603 6.066862 6.032942 5.972894 5.915276 5.862847 5.834526 5.831672 5.85625 5.877723 5.862286 5.852336 5.827655 5.803459 5.782869 5.765798 5.774963 5.799165 5.84416 5.870645 5.906317 5.942508 5.963875 5.999785 6.040256 6.053461 6.088404 6.131075 6.113788 6.04178 5.942063 5.857838 5.810726 5.810088 5.869486 5.978074 6.115511 6.263264 6.382313
