py_wake/examples/data/AJ_ParqueFicticio/Rough survey   Sector 2   Height 200m   Orographic speed.grd
DSAA
73  159
 258469   265669
 6501692   6517492
 .7210667   1.456257
[rows 84 to 111 of 159, columns 0 to 62 of 73]
.8958285 .8922652 .8898441 .8886452 .8879628 .887076 .8873438 .8871551 .8869468 .8879273 .8893006 .8902861 .8890327 .8888963 .8911332 .8938977 .8968779 .9003936 .9054742 .9142423 .9222769 .9305859 .9405345 .9545475 .9748738 1.002835 1.032902 1.056999 1.068225 1.065867 1.056629 1.046205 1.036478 1.02535 1.009859 .9942656 .9804885 .9760561 .985593 1.000489 1.010864 1.012709 1.012274 1.008807 1.003948 1.00053 .9995108 .9994567 .9994218 .9991906 .998766 .9986725 .99793 .9948661 .9897063 .982249 .9721564 .9595063 .9460635 .9308442 .9125504 .8913974 .8718747
.888702 .8867496 .8845529 .8823969 .8816386 .8813744 .8817437 .8814746 .8814467 .8825518 .8841121 .8839524 .8835016 .8828681 .8870882 .8917865 .8948296 .8963699 .9005545 .9068722 .9148787 .9255078 .9388383 .9565685 .9802494 1.009958 1.039055 1.058478 1.067058 1.059675 1.051938 1.042761 1.030639 1.017883 1.001322 .9884728 .9792318 .9817205 .994987 1.009546 1.01675 1.017231 1.014559 1.011619 1.008961 1.006209 1.004143 1.002115 .9979333 .995492 .9948251 .9944942 .9952188 .9951134 .9922741 .9862542 .9772114 .9637266 .9486408 .9301548 .9081273 .8839363 .8643538
.8798899 .8789642 .8775131 .8759317 .8755174 .876394 .8765545 .8758019 .8774644 .8785473 .8791892 .8792189 .8801717 .8799648 .8834007 .8889193 .8915294 .8941939 .8976184 .9007146 .908322 .9184381 .9334605 .9535435 .9792814 1.007318 1.032903 1.05301 1.059169 1.055546 1.047988 1.037247 1.026212 1.013448 .9994246 .9884943 .9815533 .9886026 1.005708 1.01686 1.020795 1.019711 1.019904 1.018379 1.016511 1.012848 1.010317 1.006692 1.001167 .9965083 .9935485 .9945911 .9960192 .9971202 .9956731 .9910029 .9815126 .9666359 .9484863 .9270766 .9026511 .8777534 .8608796
.8722571 .8708878 .8696887 .8691807 .8685815 .8692789 .8702188 .8712949 .8728209 .8740374 .8744303 .8742755 .8754252 .8771554 .8795552 .8834937 .8871049 .8908132 .8945776 .8977414 .9043905 .9142435 .9282363 .9494495 .9756428 1.003713 1.030281 1.05147 1.059915 1.06161 1.055362 1.044273 1.032184 1.018568 1.004982 .9923179 .9880013 .9997691 1.011281 1.020436 1.024787 1.026543 1.027092 1.026665 1.023551 1.01871 1.013233 1.008695 1.001899 .9947987 .9910095 .9938213 .996949 .9981459 .9977443 .9930968 .9810435 .9633441 .9418368 .9208537 .897201 .8766562 .8660548
.8666026 .8638166 .8622457 .86225 .8621601 .8614999 .8622695 .8631777 .8650076 .8673379 .8691922 .8694057 .871135 .8740392 .8759263 .8769323 .8807287 .8861081 .8909018 .8967941 .9045065 .9149654 .9320288 .9549709 .9821333 1.011789 1.041432 1.06683 1.079419 1.079979 1.070747 1.05732 1.040908 1.025541 1.010727 .9980359 .9982494 1.009514 1.019239 1.02696 1.032204 1.035613 1.034649 1.029984 1.023124 1.01614 1.010372 1.003986 .9953624 .9872176 .9840189 .9869637 .9914619 .9926432 .9920961 .9848006 .9709027 .9525005 .9325578 .9119116 .89297 .8793046 .8788674
.8615268 .8576618 .8563954 .8565123 .8566057 .8553357 .8561211 .8550668 .8568596 .8602645 .8636147 .8655211 .8668631 .8708895 .8735789 .8723229 .8750878 .8814219 .8888838 .8978246 .9100711 .9249484 .9471827 .9758853 1.007766 1.037441 1.070861 1.096819 1.108126 1.102755 1.08776 1.067693 1.048138 1.028651 1.011919 1.00197 1.005949 1.020264 1.029906 1.037556 1.042378 1.042253 1.037052 1.027744 1.018735 1.01209 1.005496 .997309 .9865028 .9794947 .9767658 .9796552 .9790733 .9791392 .9769239 .9698613 .9543961 .9354467 .9174722 .9034125 .8902803 .8835667 .8883969
.8570418 .8539448 .8528849 .8501435 .8502654 .8509634 .8510886 .8509629 .8513295 .8536943 .8578492 .8611074 .8643514 .8672618 .8710877 .8719116 .8740144 .8798774 .8910358 .9046915 .9228854 .945017 .9742359 1.011082 1.046457 1.078972 1.108725 1.132333 1.137176 1.123542 1.100211 1.076023 1.05394 1.033207 1.015126 1.011862 1.017802 1.029445 1.041252 1.049853 1.052901 1.04955 1.039805 1.029845 1.025476 1.023199 1.016555 1.00763 .993633 .9849598 .9850609 .9859569 .9826165 .9764581 .9668237 .9542606 .9359873 .9179597 .904717 .8986499 .8931586 .8927939 .8977771
.8540686 .8504583 .84892 .8461735 .8449791 .8458881 .8471717 .8488265 .8502225 .8516825 .8543481 .857599 .8620707 .8666841 .8708165 .8728707 .8759122 .8850142 .9008301 .9201567 .9447184 .9751481 1.010536 1.052083 1.09101 1.119258 1.14552 1.162715 1.158455 1.136677 1.108984 1.083653 1.060678 1.039376 1.023604 1.028622 1.031134 1.040155 1.053281 1.062671 1.064137 1.057232 1.048423 1.043241 1.044067 1.041338 1.032283 1.019899 1.007064 1.001069 1.005062 1.004597 .9973004 .9872625 .9694153 .9458862 .9294627 .918339 .9129169 .9106143 .9068263 .9078444 .9110388
.8502563 .8461394 .8437508 .8416251 .8405602 .8431105 .8463392 .8479519 .8505233 .8521819 .8546526 .8580762 .8620347 .8679913 .8745285 .8773357 .8844672 .8996418 .9223012 .9476402 .9762111 1.012122 1.054044 1.094782 1.130696 1.15521 1.17538 1.184737 1.171908 1.145438 1.116233 1.08937 1.062956 1.040074 1.031026 1.040583 1.046327 1.053516 1.064878 1.075325 1.075345 1.069761 1.065071 1.064578 1.062931 1.054552 1.040803 1.02774 1.020858 1.021824 1.026585 1.025447 1.016039 1.001933 .9837266 .9647011 .9517797 .9453635 .9416115 .9354626 .9289566 .9254361 .9259881
.8449411 .8415733 .839372 .8377327 .8386523 .8417084 .8456738 .8483381 .851604 .854682 .8571521 .8590772 .8647167 .8716931 .8799643 .8893403 .9015711 .9242512 .9544416 .9854594 1.016747 1.052573 1.094324 1.13463 1.166728 1.184881 1.198713 1.199728 1.178914 1.146936 1.115845 1.08506 1.059695 1.040159 1.042008 1.054322 1.060807 1.065664 1.078489 1.089483 1.091403 1.088897 1.085136 1.081267 1.072217 1.057447 1.043057 1.032812 1.032847 1.036519 1.039221 1.03732 1.027759 1.014679 1.00117 .9896995 .9825808 .9767057 .9683776 .9573788 .9486575 .9429914 .9417448
.8391756 .8374896 .8352981 .8350571 .8366333 .8409272 .8457012 .8493183 .8537136 .8577797 .860191 .8631538 .8690285 .8782976 .8905635 .9050612 .9268049 .957746 .9937438 1.02905 1.060707 1.092379 1.132099 1.170031 1.197353 1.209636 1.214489 1.206152 1.174589 1.138493 1.104941 1.075939 1.05471 1.044033 1.054105 1.069121 1.075901 1.083049 1.096474 1.107894 1.110531 1.105026 1.097156 1.084266 1.068781 1.051626 1.040429 1.036929 1.039242 1.040454 1.039045 1.033227 1.026716 1.019756 1.011365 1.005246 1.000641 .9930265 .9829881 .9720035 .9630514 .9573037 .9559578
.8330441 .8322914 .8325562 .8342917 .8367116 .8415895 .8471733 .8538482 .8584042 .8621572 .8666084 .8712537 .8784052 .8896245 .9058594 .9274427 .9578787 .9943591 1.034865 1.072168 1.10301 1.131716 1.165782 1.200417 1.222083 1.225699 1.217587 1.19273 1.156301 1.118483 1.088235 1.066363 1.053795 1.054247 1.069914 1.086079 1.093942 1.101507 1.113686 1.123302 1.119917 1.106533 1.092406 1.075027 1.059633 1.046339 1.039953 1.038916 1.037103 1.034152 1.028993 1.022404 1.01476 1.010092 1.007627 1.007632 1.005607 .9993184 .9918664 .9827093 .9738248 .9677448 .9643169
.8277197 .8291542 .8325195 .8366264 .8407322 .8456585 .8514091 .8584346 .8653838 .8695465 .8752791 .8827214 .8936988 .9097176 .9308217 .9574743 .9913647 1.030562 1.073531 1.112287 1.143702 1.168411 1.196568 1.222989 1.23477 1.223843 1.195122 1.158388 1.120938 1.091079 1.072617 1.064606 1.065267 1.072162 1.090333 1.104826 1.113871 1.119762 1.126118 1.13119 1.116329 1.095943 1.075799 1.058396 1.04676 1.0401 1.035198 1.029933 1.024079 1.017767 1.011033 1.002609 .9911098 .9838803 .9907612 .9962507 .9981573 .9972847 .9964258 .98953 .9793194 .9711204 .9656681
.8245853 .8290368 .8345997 .8403914 .8466945 .853524 .8590471 .8656027 .8737267 .880515 .889298 .9004834 .9160904 .9377055 .9656633 .9958143 1.028233 1.067414 1.11214 1.152149 1.179465 1.197023 1.21736 1.23417 1.229262 1.198218 1.156411 1.117718 1.09194 1.079623 1.07851 1.082991 1.087035 1.09357 1.109344 1.122662 1.130779 1.130162 1.124787 1.118076 1.098386 1.075647 1.054938 1.039573 1.028288 1.020498 1.011133 1.003807 .9951795 .9889541 .9835904 .9728836 .9634601 .9620123 .9711013 .9781883 .9831285 .9852625 .9871824 .9862181 .9796416 .9703091 .9610715
.8266422 .8325382 .8392202 .8462179 .8527002 .8631039 .8709418 .8763465 .8858477 .896885 .9103612 .9263546 .9482837 .9769228 1.01004 1.041405 1.073088 1.111279 1.153628 1.188864 1.2104 1.219294 1.22976 1.231755 1.207715 1.165961 1.125753 1.103622 1.101723 1.105941 1.110562 1.111513 1.110448 1.109699 1.118235 1.12912 1.130278 1.119698 1.106662 1.093386 1.073551 1.051435 1.031749 1.017857 1.008098 .9955913 .9810651 .9683517 .9583539 .9539959 .9512526 .9493677 .9522334 .9657139 .9764506 .9849238 .9854847 .9859636 .9841428 .9814903 .9773213 .9700742 .9592994
.8326 .8384166 .8482432 .8560167 .8640139 .8750796 .8870397 .8937723 .9050075 .9207057 .9382626 .9606031 .9888467 1.023478 1.061004 1.093407 1.124893 1.159942 1.197027 1.224682 1.23578 1.237414 1.234198 1.216968 1.17931 1.141654 1.120897 1.126057 1.138541 1.146074 1.142327 1.133611 1.122743 1.115002 1.117328 1.119803 1.108033 1.090703 1.077215 1.064023 1.045025 1.02361 1.006621 .9919958 .9845828 .9732854 .9587523 .9411052 .9345835 .9341458 .9410498 .9538319 .9726235 .993883 1.005849 1.01386 1.014506 1.013929 1.005986 1.000878 .9969123 .9884604 .9734907
.8444328 .8531359 .8629217 .8724494 .8821965 .8937318 .9079003 .9208185 .9334153 .9523649 .9761736 1.003245 1.036042 1.074807 1.113787 1.147485 1.178773 1.209608 1.236759 1.255195 1.25672 1.24652 1.227231 1.192941 1.158665 1.141341 1.147004 1.16492 1.179303 1.175582 1.160249 1.141644 1.125219 1.115031 1.11026 1.100878 1.081908 1.061511 1.043366 1.03075 1.012809 .9947677 .981975 .9744412 .9678612 .9581091 .9456135 .9366226 .9396858 .9501598 .9671319 .988399 1.011525 1.032029 1.044159 1.05072 1.050834 1.04806 1.042703 1.036509 1.026961 1.006437 .9868882
.8606504 .8724768 .8819367 .8946575 .9073378 .9195575 .9362429 .9538038 .9697435 .99308 1.022086 1.053108 1.090373 1.129067 1.167807 1.201777 1.230578 1.254152 1.271899 1.279034 1.268927 1.244338 1.210601 1.178515 1.16378 1.169888 1.188687 1.203551 1.203237 1.185169 1.160634 1.137138 1.120294 1.110378 1.102581 1.08459 1.063307 1.040129 1.017866 .9972171 .9823124 .9741479 .9715759 .974434 .9716749 .9637466 .9538904 .9566077 .970589 .9886781 1.009487 1.032341 1.055245 1.072147 1.081706 1.084254 1.082089 1.076936 1.069392 1.056165 1.034437 1.009976 .9965964
.8799888 .8923975 .9052719 .9204433 .937309 .9516922 .9681734 .9912887 1.013359 1.039658 1.073337 1.106351 1.145497 1.186857 1.222489 1.252844 1.275284 1.2918 1.300419 1.295027 1.27224 1.239875 1.208909 1.190926 1.194832 1.209565 1.222286 1.221516 1.204018 1.177985 1.150919 1.128445 1.11318 1.101981 1.086961 1.066281 1.044772 1.02103 .9969718 .9772174 .9727933 .9779477 .9876847 .9944577 .9907772 .9816559 .9790242 .9910167 1.01132 1.032007 1.053573 1.075619 1.094982 1.106882 1.109953 1.104564 1.096362 1.085856 1.071998 1.05295 1.029819 1.01435 1.017591
.9001188 .9140037 .9296414 .9490328 .9692652 .983831 1.000234 1.026054 1.055164 1.08504 1.12213 1.160731 1.200533 1.242415 1.275339 1.300304 1.313447 1.321004 1.320968 1.307439 1.280961 1.252939 1.231941 1.22577 1.233283 1.240036 1.235441 1.216058 1.188944 1.161876 1.139756 1.120591 1.105409 1.088536 1.069676 1.047842 1.025088 1.002058 .9828755 .9773006 .9863849 .9999121 1.01271 1.015899 1.008847 1.002333 1.008028 1.027392 1.049969 1.072919 1.093984 1.114245 1.127458 1.130608 1.123636 1.1115 1.099342 1.085131 1.06872 1.048362 1.032286 1.026971 1.036795
.9142603 .9336085 .9550549 .9776619 .9975528 1.012308 1.029747 1.057798 1.088967 1.123322 1.163612 1.207254 1.251228 1.292108 1.321982 1.340095 1.346765 1.345905 1.339818 1.324933 1.302433 1.281963 1.267401 1.262213 1.261125 1.250775 1.230471 1.203865 1.178553 1.157765 1.140187 1.120833 1.101007 1.079655 1.058836 1.036505 1.012239 .9901754 .9800401 .9877368 1.005607 1.022847 1.02923 1.026332 1.019816 1.022389 1.039051 1.063861 1.087743 1.111722 1.13412 1.150781 1.157366 1.152224 1.139866 1.126928 1.11373 1.096392 1.077509 1.057873 1.041876 1.037424 1.04138
.9294718 .9507212 .9749759 .9986904 1.019987 1.03511 1.057101 1.088447 1.121063 1.157415 1.200292 1.248138 1.295514 1.333395 1.357739 1.3693 1.371587 1.366182 1.357799 1.3436 1.325488 1.308705 1.294598 1.283324 1.269532 1.248005 1.225112 1.203437 1.185732 1.169295 1.151119 1.127303 1.100475 1.076527 1.053606 1.028076 1.003398 .9849322 .9852588 .999881 1.020769 1.036373 1.039055 1.038416 1.042908 1.059179 1.079575 1.103335 1.127194 1.150839 1.174071 1.189291 1.191803 1.184294 1.17187 1.158138 1.138958 1.115094 1.091019 1.069161 1.050595 1.040031 1.034735
.9521945 .9704954 .9927297 1.015603 1.039178 1.061104 1.087135 1.11942 1.154655 1.194586 1.239187 1.287564 1.331344 1.364121 1.381537 1.383832 1.380488 1.374404 1.363878 1.350237 1.33502 1.316753 1.300105 1.284189 1.267606 1.247976 1.231739 1.216106 1.202887 1.186812 1.162854 1.132154 1.10025 1.071653 1.043311 1.016644 .9944022 .9854869 .9958144 1.013709 1.035451 1.050502 1.059735 1.070199 1.086496 1.110544 1.131857 1.14656 1.165436 1.18861 1.211496 1.227653 1.230235 1.221806 1.207836 1.186098 1.156577 1.124073 1.094915 1.072871 1.053039 1.038629 1.028826
.9852674 1.001004 1.018948 1.040275 1.064492 1.093138 1.124034 1.156072 1.191649 1.231393 1.27699 1.322913 1.360301 1.382716 1.389013 1.381222 1.370396 1.36204 1.351934 1.340919 1.325675 1.306994 1.287285 1.273472 1.26501 1.255828 1.244813 1.235472 1.223536 1.201336 1.170055 1.133642 1.097473 1.064952 1.035743 1.010372 .9931095 .995397 1.013099 1.035421 1.059068 1.08139 1.101498 1.122732 1.145089 1.169101 1.185536 1.19437 1.204321 1.221424 1.239805 1.256867 1.256584 1.241435 1.219084 1.186603 1.149702 1.11568 1.088214 1.067212 1.049677 1.034757 1.02366
1.027168 1.040976 1.057739 1.077715 1.100175 1.129069 1.161317 1.194471 1.227081 1.264576 1.307697 1.348858 1.377052 1.385815 1.377204 1.361268 1.34605 1.33672 1.327846 1.318905 1.309212 1.292904 1.274867 1.264749 1.262234 1.260707 1.257146 1.251039 1.238407 1.211215 1.173333 1.133455 1.093706 1.06098 1.03227 1.011591 1.003423 1.014368 1.039576 1.067852 1.097869 1.129321 1.158677 1.184212 1.205474 1.223201 1.231847 1.234221 1.238888 1.248549 1.26103 1.268077 1.254625 1.226923 1.191765 1.155494 1.120945 1.092955 1.072798 1.05678 1.042394 1.028824 1.02221
1.0731 1.08542 1.100001 1.118824 1.138861 1.163759 1.192839 1.2239 1.253323 1.287818 1.327407 1.361382 1.378488 1.372465 1.353145 1.33376 1.316725 1.307354 1.301376 1.29578 1.288705 1.275865 1.258046 1.253091 1.254911 1.260163 1.266621 1.265459 1.244805 1.209871 1.166512 1.121714 1.081705 1.048529 1.026618 1.015864 1.020855 1.043068 1.07651 1.113106 1.15012 1.186293 1.218444 1.240233 1.25357 1.261183 1.260876 1.259268 1.260543 1.267406 1.27179 1.263399 1.234088 1.191434 1.146463 1.108867 1.081511 1.061679 1.049405 1.041463 1.029858 1.020527 1.020564
1.115615 1.127444 1.137096 1.152558 1.16996 1.190098 1.216025 1.243559 1.274454 1.305891 1.340186 1.366314 1.369564 1.355375 1.333497 1.311251 1.292424 1.280652 1.277052 1.275792 1.2694 1.257942 1.242818 1.24078 1.247563 1.258825 1.27015 1.265313 1.23671 1.192124 1.142193 1.098008 1.061547 1.03838 1.027984 1.02989 1.045569 1.077597 1.118934 1.162858 1.204215 1.24172 1.268111 1.279347 1.280223 1.27402 1.26428 1.257242 1.257919 1.262343 1.262268 1.241858 1.199591 1.149343 1.102845 1.067869 1.045189 1.031632 1.023849 1.017307 1.009815 1.007531 1.018077
1.149236 1.157148 1.163943 1.176298 1.19246 1.211693 1.234787 1.262811 1.294994 1.325246 1.353281 1.371895 1.367107 1.348454 1.326126 1.299518 1.276952 1.268037 1.266936 1.265177 1.256182 1.245764 1.234893 1.235969 1.249335 1.262721 1.268518 1.250745 1.21061 1.163238 1.11915 1.081564 1.058429 1.047135 1.047078 1.057225 1.079239 1.118831 1.165288 1.213264 1.25487 1.28742 1.302192 1.299146 1.286249 1.268776 1.25343 1.243297 1.241464 1.241727 1.229818 1.199561 1.152219 1.103653 1.064624 1.037921 1.020174 1.009922 1.003919 .9978937 .9932526 .9976088 1.014196
