py_wake/examples/data/AJ_ParqueFicticio/Rough survey   Sector 12   Height 200m   Mean speed.grd
DSAA
73  159
 258469   265669
 6501692   6517492
 4.438185   8.475414
[rows 28 to 55 of 159, columns 0 to 62 of 73]
6.290375 6.293684 6.281605 6.278105 6.281406 6.277987 6.268848 6.272055 6.25884 6.265666 6.246698 6.243635 6.233255 6.232115 6.224191 6.223453 6.224266 6.221653 6.215799 6.219804 6.199636 6.188912 6.190683 6.196863 6.205868 6.20656 6.211359 6.189149 6.190812 6.174314 6.160448 6.155904 6.140752 6.125774 6.136758 6.15296 6.157606 6.141446 6.141384 6.124986 6.098848 6.096533 6.095874 6.15407 6.231496 6.303059 6.359656 6.419407 6.469186 6.508156 6.525665 6.551774 6.572481 6.553593 6.452811 6.361046 6.309284 6.270239 6.188156 6.099717 6.024773 5.964288 5.903466
6.280499 6.277416 6.279745 6.276325 6.271783 6.271956 6.263771 6.268178 6.253657 6.254431 6.242908 6.238919 6.231773 6.227184 6.229724 6.229785 6.228347 6.222158 6.220402 6.213625 6.206443 6.194993 6.194074 6.200713 6.21091 6.223434 6.227975 6.221425 6.211322 6.209532 6.212115 6.209033 6.20516 6.191326 6.214646 6.241435 6.223905 6.21366 6.20417 6.179863 6.152784 6.149747 6.162967 6.16298 6.231833 6.328589 6.422606 6.514835 6.604821 6.679572 6.723927 6.736001 6.748116 6.743427 6.663809 6.548871 6.44931 6.364473 6.271566 6.193563 6.123909 6.063913 6.009852
6.272015 6.267529 6.258678 6.267993 6.265302 6.256102 6.26528 6.244349 6.244637 6.235507 6.232113 6.221749 6.219071 6.217349 6.222167 6.228195 6.223485 6.222132 6.219026 6.212256 6.209393 6.204825 6.206134 6.210865 6.229935 6.239459 6.249727 6.241997 6.242088 6.251513 6.256484 6.27085 6.271714 6.25078 6.258845 6.265372 6.261547 6.264452 6.273304 6.256587 6.224648 6.218029 6.213314 6.226742 6.240711 6.320969 6.425647 6.550785 6.672645 6.792768 6.881636 6.929742 6.93543 6.918862 6.863853 6.732363 6.583208 6.431127 6.313003 6.220593 6.160459 6.119567 6.107106
6.254418 6.258224 6.254577 6.262711 6.254771 6.256765 6.254891 6.237015 6.23097 6.225173 6.215627 6.210426 6.200715 6.202769 6.215332 6.218278 6.222235 6.218744 6.211896 6.212009 6.2129 6.21031 6.225845 6.231589 6.240314 6.262224 6.268579 6.260513 6.269386 6.283603 6.283381 6.300191 6.304533 6.298924 6.307664 6.292552 6.291161 6.305472 6.314308 6.307386 6.274895 6.257623 6.257868 6.271902 6.305387 6.335943 6.394813 6.493023 6.62539 6.754027 6.883258 6.97911 7.037027 7.052472 7.00078 6.878265 6.696152 6.501053 6.345622 6.235819 6.17598 6.153726 6.167471
6.249516 6.248573 6.249009 6.253059 6.240891 6.253086 6.231463 6.22411 6.217919 6.21625 6.205939 6.19938 6.184155 6.194355 6.204798 6.205891 6.213762 6.212651 6.208902 6.212047 6.217465 6.225029 6.239007 6.245728 6.257966 6.277219 6.275465 6.288913 6.297888 6.294468 6.309353 6.323616 6.333674 6.330606 6.333372 6.33147 6.327281 6.330796 6.327873 6.330163 6.315447 6.280046 6.254513 6.27673 6.31115 6.358156 6.389566 6.455586 6.532448 6.627747 6.732451 6.848679 6.959227 7.034726 7.047781 6.965979 6.794635 6.592129 6.415857 6.289824 6.213488 6.216605 6.231472
6.250136 6.237964 6.243049 6.237957 6.241459 6.24143 6.228677 6.220385 6.21233 6.202574 6.196341 6.181092 6.181224 6.190792 6.188759 6.19476 6.202107 6.201017 6.20418 6.208321 6.226213 6.233954 6.237937 6.260307 6.265806 6.269567 6.281749 6.285661 6.30193 6.315221 6.32606 6.341293 6.345985 6.359889 6.368209 6.388207 6.386662 6.375323 6.379426 6.370688 6.355777 6.303432 6.243768 6.21846 6.262576 6.319793 6.36877 6.462726 6.530691 6.592586 6.659691 6.748703 6.85394 6.952299 7.024415 7.025634 6.887572 6.71268 6.535462 6.400305 6.317404 6.301524 6.312412
6.252265 6.23555 6.237703 6.230376 6.231758 6.21362 6.215941 6.211267 6.203995 6.196088 6.184557 6.171678 6.171449 6.176638 6.180245 6.183418 6.188361 6.191018 6.197264 6.211256 6.223857 6.235417 6.248882 6.262293 6.262666 6.274685 6.276521 6.287993 6.309948 6.321418 6.340113 6.353943 6.370567 6.379164 6.387441 6.419748 6.438258 6.439995 6.431367 6.425374 6.401208 6.332667 6.256027 6.186296 6.186347 6.258412 6.351777 6.454758 6.568468 6.666463 6.755979 6.855146 6.921074 6.986128 7.055635 7.09791 7.025845 6.886656 6.732323 6.597182 6.490779 6.433727 6.427772
6.240927 6.230011 6.228057 6.227829 6.227177 6.209266 6.206459 6.203976 6.194405 6.183794 6.16123 6.16117 6.171532 6.163831 6.165997 6.167361 6.169782 6.175608 6.186597 6.208148 6.222463 6.229309 6.244563 6.247663 6.268508 6.271573 6.279459 6.295739 6.318664 6.335488 6.347489 6.370936 6.39689 6.40964 6.424651 6.443283 6.480376 6.514639 6.515824 6.527742 6.47896 6.414734 6.313316 6.221345 6.163314 6.219392 6.346329 6.474633 6.602347 6.748594 6.887455 7.026539 7.121043 7.172481 7.208742 7.238478 7.193097 7.082316 6.944605 6.81381 6.752224 6.641732 6.60818
6.22444 6.22174 6.220647 6.217845 6.217794 6.208359 6.203961 6.19718 6.184926 6.173371 6.149579 6.147677 6.139597 6.14538 6.146527 6.146652 6.150006 6.145766 6.15914 6.183669 6.202651 6.224402 6.225861 6.240936 6.248592 6.259767 6.276721 6.300584 6.32666 6.348262 6.367682 6.395519 6.415068 6.443988 6.462728 6.484234 6.525454 6.593221 6.638152 6.656601 6.651893 6.602165 6.5011 6.382919 6.257985 6.220233 6.29777 6.437691 6.590494 6.748833 6.931825 7.095819 7.236289 7.330695 7.374269 7.387712 7.336279 7.224235 7.097172 7.070173 7.083598 7.00447 6.882515
6.208923 6.206501 6.208183 6.207193 6.191237 6.198833 6.199771 6.190269 6.179127 6.149907 6.146926 6.149418 6.126551 6.13044 6.12772 6.130033 6.126941 6.119543 6.126628 6.136586 6.178024 6.19654 6.206027 6.230483 6.230461 6.249555 6.274382 6.301528 6.33101 6.351789 6.390302 6.413896 6.439654 6.465756 6.492885 6.520432 6.56889 6.636719 6.707196 6.769889 6.812065 6.822785 6.771884 6.66746 6.509898 6.340848 6.281173 6.314043 6.413306 6.598049 6.782532 6.958559 7.143596 7.305591 7.412115 7.463117 7.418937 7.307515 7.196441 7.271776 7.350171 7.360646 7.32487
6.201494 6.197641 6.196767 6.198294 6.18259 6.18022 6.180864 6.173937 6.166319 6.151783 6.156206 6.127818 6.122324 6.115905 6.115423 6.11258 6.111883 6.109337 6.110767 6.117553 6.146139 6.162637 6.185544 6.201899 6.2137 6.24155 6.269077 6.298707 6.317397 6.350652 6.386541 6.409751 6.446844 6.475612 6.519762 6.563629 6.605204 6.666847 6.759478 6.842191 6.907564 6.973709 7.002145 6.961821 6.853461 6.660726 6.460028 6.338494 6.296274 6.420777 6.592392 6.763556 6.958881 7.160016 7.335178 7.444117 7.452107 7.352782 7.237424 7.354922 7.465522 7.575315 7.644348
6.193989 6.195795 6.194569 6.180081 6.184136 6.176545 6.170364 6.16449 6.15117 6.155641 6.152798 6.130958 6.126615 6.118032 6.1101 6.109748 6.106281 6.108649 6.121725 6.127655 6.1468 6.142995 6.167879 6.175385 6.201725 6.22855 6.256156 6.281622 6.314584 6.354216 6.378681 6.408486 6.441937 6.484698 6.511845 6.581787 6.621348 6.691745 6.792981 6.87472 6.956069 7.049535 7.131883 7.185099 7.173365 7.053105 6.863102 6.687812 6.558686 6.472002 6.587952 6.750939 6.924902 7.105235 7.286111 7.429214 7.474713 7.385785 7.236319 7.299194 7.406425 7.54068 7.689512
6.19506 6.195397 6.190745 6.175838 6.179912 6.178382 6.170957 6.160651 6.149483 6.150652 6.12989 6.127309 6.142303 6.116791 6.108065 6.098924 6.099171 6.10417 6.1141 6.131397 6.143205 6.14209 6.137695 6.145851 6.17751 6.204444 6.237698 6.272107 6.312262 6.34163 6.373199 6.408819 6.438374 6.469652 6.517364 6.567395 6.611791 6.689659 6.782001 6.867863 6.979352 7.094726 7.207804 7.313283 7.379528 7.377172 7.26895 7.164214 7.017153 6.877921 6.799743 6.886019 7.031618 7.186319 7.334218 7.460079 7.499278 7.408437 7.228486 7.132779 7.159013 7.249529 7.405538
6.20676 6.196231 6.178518 6.169777 6.164673 6.16249 6.161605 6.153969 6.143981 6.136013 6.109945 6.106913 6.105914 6.097075 6.090633 6.087227 6.087187 6.093482 6.0955 6.119676 6.128205 6.128351 6.120719 6.11783 6.126991 6.172685 6.207521 6.252469 6.288299 6.324845 6.357231 6.389968 6.424157 6.459076 6.505007 6.547116 6.58878 6.650633 6.718736 6.809612 6.930831 7.065242 7.195949 7.318256 7.430514 7.510196 7.497264 7.444459 7.360816 7.235294 7.119729 7.026615 7.128889 7.260735 7.371027 7.474617 7.502611 7.404368 7.197508 6.966455 6.841458 6.8509 6.965147
6.219249 6.206844 6.184302 6.169092 6.1484 6.142381 6.143225 6.134958 6.126823 6.121809 6.095544 6.097652 6.071359 6.07142 6.072519 6.069442 6.076462 6.068279 6.074445 6.099485 6.111995 6.106645 6.106091 6.113101 6.123614 6.151598 6.183868 6.225577 6.259266 6.295184 6.328634 6.371301 6.394144 6.443723 6.482237 6.522744 6.558838 6.580614 6.622177 6.686808 6.787668 6.890221 7.003175 7.111406 7.231615 7.31983 7.373724 7.34422 7.301863 7.225169 7.120267 7.03994 7.097261 7.183427 7.281786 7.372411 7.418503 7.360888 7.19032 6.950661 6.713552 6.544452 6.540987
6.225156 6.20386 6.19508 6.180917 6.147648 6.123871 6.119887 6.120702 6.115256 6.099237 6.095902 6.076727 6.066805 6.060186 6.05803 6.052814 6.054527 6.045513 6.048895 6.070278 6.085262 6.078609 6.073823 6.100908 6.118677 6.13791 6.157751 6.190361 6.21058 6.245528 6.291327 6.315169 6.345282 6.391171 6.428825 6.465196 6.489829 6.493257 6.489681 6.498455 6.551309 6.611629 6.673833 6.74698 6.818411 6.890335 6.911609 6.897933 6.853031 6.796763 6.796793 6.821936 6.882952 6.963583 7.069182 7.18009 7.266816 7.269395 7.159306 6.98581 6.744472 6.501003 6.315344
6.230187 6.211921 6.204074 6.189947 6.17491 6.142673 6.114518 6.107169 6.108281 6.100886 6.095725 6.090834 6.072152 6.060655 6.053682 6.044595 6.038756 6.032251 6.033047 6.041514 6.044581 6.036458 6.031929 6.038089 6.075562 6.093141 6.110518 6.125953 6.157785 6.186332 6.223936 6.247775 6.284523 6.323073 6.35 6.378721 6.402776 6.402978 6.372359 6.348467 6.337621 6.352817 6.366669 6.387043 6.394232 6.472272 6.497797 6.497924 6.503445 6.53065 6.552945 6.592174 6.677993 6.786577 6.912679 7.03085 7.118542 7.136369 7.104804 7.002292 6.816874 6.581455 6.348182
6.228326 6.211065 6.207711 6.195081 6.194481 6.166088 6.137524 6.112165 6.099385 6.09235 6.087979 6.085753 6.077178 6.068931 6.053979 6.049918 6.032428 6.026961 6.021999 6.014607 6.004364 6.000596 5.989898 5.981704 5.995527 6.028229 6.043557 6.050623 6.069804 6.109684 6.128738 6.140636 6.188626 6.223191 6.249835 6.278373 6.308596 6.316112 6.301286 6.270613 6.231159 6.210222 6.196855 6.200653 6.275264 6.366494 6.441218 6.482318 6.496935 6.516321 6.543617 6.581138 6.643661 6.752326 6.875607 6.991015 7.054218 7.044434 7.023757 6.96094 6.856882 6.703543 6.506167
6.211031 6.205092 6.208366 6.204712 6.19645 6.18162 6.152957 6.123429 6.103534 6.081602 6.072776 6.068901 6.069667 6.061208 6.055356 6.035258 6.025352 6.021609 6.020651 6.005925 5.994703 5.983508 5.972105 5.96931 5.958253 5.979675 5.979959 5.975204 5.98451 5.998876 6.011106 6.019959 6.047746 6.084792 6.108501 6.154587 6.194023 6.213749 6.230152 6.231911 6.214862 6.203689 6.206979 6.281276 6.346881 6.425551 6.507451 6.571634 6.605597 6.626733 6.650334 6.68397 6.721852 6.788028 6.90521 7.030593 7.08886 7.064785 6.970957 6.878886 6.799471 6.715342 6.609928
6.203739 6.196252 6.193495 6.195455 6.187019 6.176229 6.161306 6.133013 6.113734 6.081497 6.052732 6.050809 6.054364 6.057254 6.038758 6.020034 6.013188 6.010777 6.008605 5.996425 5.982968 5.964365 5.965736 5.962286 5.95538 5.942595 5.926182 5.91395 5.909204 5.908207 5.915909 5.920326 5.918073 5.952062 5.963421 6.00022 6.045754 6.088492 6.11725 6.144885 6.181311 6.218179 6.267168 6.338497 6.414836 6.478329 6.509853 6.542332 6.571235 6.600395 6.643341 6.704451 6.764875 6.828106 6.911006 7.014024 7.129748 7.137621 7.052344 6.904965 6.750744 6.629327 6.541399
6.196879 6.190217 6.182756 6.179315 6.176155 6.16973 6.156281 6.139874 6.118157 6.100479 6.058648 6.032114 6.032012 6.035032 6.019036 6.007791 5.999881 5.98961 5.980369 5.977197 5.96449 5.945997 5.937252 5.926201 5.926905 5.914424 5.891702 5.880073 5.868036 5.854618 5.852119 5.836839 5.840821 5.84812 5.853315 5.881584 5.90914 5.945735 5.967289 6.009656 6.049637 6.102461 6.162508 6.225726 6.282611 6.302754 6.361153 6.41074 6.468197 6.524229 6.578706 6.638056 6.719281 6.78943 6.844426 6.910285 7.03578 7.122289 7.136073 7.051978 6.878562 6.667024 6.486689
6.199002 6.188414 6.178133 6.165501 6.166485 6.165073 6.150187 6.139276 6.122984 6.110143 6.081322 6.040296 6.025444 6.017199 6.008629 5.999091 5.991794 5.975218 5.952698 5.950109 5.937208 5.929089 5.916812 5.909852 5.902561 5.889155 5.879297 5.862468 5.849521 5.841795 5.818433 5.798817 5.797926 5.780333 5.759113 5.771997 5.789798 5.795594 5.814512 5.820334 5.842033 5.885679 5.921007 5.973362 6.012474 6.123971 6.230108 6.336167 6.428221 6.500667 6.557487 6.591584 6.636519 6.689211 6.725445 6.764388 6.827453 6.930767 7.028708 7.100132 7.046165 6.871329 6.641368
6.197714 6.191877 6.186693 6.175448 6.167037 6.160458 6.151755 6.140195 6.134267 6.120869 6.097127 6.079128 6.043828 6.02143 6.005599 5.997502 5.99458 5.982893 5.964334 5.942541 5.934571 5.926813 5.919932 5.918523 5.911864 5.900539 5.877892 5.859975 5.847968 5.828777 5.796683 5.760733 5.734917 5.716425 5.692955 5.673308 5.657517 5.648588 5.649582 5.651175 5.659184 5.697449 5.746893 5.800939 5.891073 6.025398 6.160228 6.287958 6.399098 6.482419 6.538987 6.548573 6.532114 6.580059 6.656464 6.637649 6.624503 6.68364 6.782476 6.939033 7.063904 7.045738 6.900563
6.188925 6.187662 6.180916 6.177839 6.163399 6.15351 6.148994 6.148521 6.139258 6.133287 6.115676 6.094253 6.062197 6.031976 6.015628 5.999835 5.98466 5.987524 5.975273 5.957736 5.945671 5.936379 5.930544 5.930338 5.929788 5.908208 5.891181 5.877491 5.861738 5.835916 5.795993 5.751392 5.691481 5.657775 5.630665 5.593215 5.556053 5.526368 5.507177 5.501458 5.524525 5.577101 5.638255 5.73057 5.834906 5.967597 6.097429 6.220792 6.331298 6.409492 6.463484 6.481708 6.442627 6.485504 6.583819 6.61028 6.534885 6.488692 6.522193 6.666002 6.87385 7.025725 7.034744
6.179869 6.174669 6.171882 6.171009 6.160444 6.150951 6.141791 6.142095 6.140877 6.135116 6.118827 6.09242 6.074176 6.047428 6.023527 5.999834 5.974489 5.966505 5.96467 5.958258 5.953249 5.948174 5.940358 5.940154 5.938796 5.921384 5.911161 5.910215 5.889837 5.862656 5.828701 5.783077 5.727098 5.672956 5.63225 5.574964 5.509264 5.475165 5.468205 5.449498 5.440585 5.449797 5.504569 5.599058 5.715875 5.847073 5.980787 6.096173 6.206166 6.302974 6.382477 6.423586 6.387037 6.39695 6.495859 6.607563 6.570403 6.453628 6.376477 6.427223 6.61569 6.827679 6.947084
6.17349 6.168144 6.167522 6.158098 6.155313 6.148743 6.142159 6.136594 6.137959 6.130552 6.118837 6.100294 6.0795 6.058397 6.036938 6.000269 5.981217 5.960407 5.957926 5.948097 5.948151 5.959141 5.955897 5.952662 5.942409 5.93225 5.927548 5.931338 5.919353 5.897669 5.864699 5.824528 5.779791 5.748639 5.715447 5.66496 5.58333 5.509358 5.490725 5.504118 5.466272 5.418658 5.41991 5.474315 5.568532 5.676131 5.801363 5.928007 6.056422 6.186717 6.311262 6.384551 6.366515 6.336484 6.398853 6.544718 6.617265 6.536564 6.397906 6.330082 6.426711 6.61334 6.767054
6.170211 6.165242 6.162189 6.158152 6.153678 6.1473 6.144204 6.137888 6.13387 6.126318 6.117279 6.103 6.083189 6.062829 6.03622 6.022274 5.998172 5.977293 5.962575 5.945318 5.932606 5.930275 5.944734 5.943707 5.940309 5.941318 5.951348 5.952238 5.953116 5.94906 5.922936 5.876763 5.836063 5.827744 5.823732 5.800134 5.720931 5.620821 5.580955 5.603207 5.588749 5.517345 5.465616 5.442697 5.481829 5.546967 5.651303 5.779154 5.930863 6.073348 6.212196 6.3194 6.325439 6.284809 6.318236 6.445457 6.580234 6.590897 6.472736 6.357374 6.33505 6.466479 6.639016
6.164475 6.167437 6.163918 6.156299 6.14758 6.145994 6.141564 6.138469 6.129827 6.12092 6.113232 6.103208 6.08467 6.060017 6.026381 6.013645 6.006455 5.989965 5.969646 5.954216 5.934532 5.923125 5.92967 5.928697 5.931106 5.931687 5.948474 5.964119 5.987436 5.99808 5.999405 5.962849 5.915329 5.906249 5.9138 5.917447 5.865117 5.764765 5.759359 5.769107 5.743493 5.704768 5.612957 5.538636 5.50937 5.517861 5.561634 5.652016 5.783049 5.936565 6.098191 6.226973 6.259902 6.239626 6.249985 6.355422 6.492292 6.550896 6.482686 6.381331 6.326848 6.392727 6.556187
