py_wake/examples/data/AJ_ParqueFicticio/Rough survey   Sector 3   Height 30m   Orographic turn.grd
DSAA
73  159
 258469   265669
 6501692   6517492
-148.7593   101.2295
[rows 54 to 80 of 159, columns 0 to 60 of 73]
2.909856 2.62516 2.113368 2.302258 2.472713 2.553232 2.264535 2.27139 2.241175 2.035591 1.869631 1.682041 1.632442 1.516517 1.427125 1.680021 1.081979 .7663567 1.256077 1.502642 1.068511 1.038102 2.160991 1.384032 .9544611 1.398129 1.13607 1.272828 2.980019 4.793897 5.350138 3.74354 1.170836 .4788834 1.242143 1.335264 -.3005203 -4.042966 -7.615994 -4.593029 -4.695134 -4.634824 -5.93528 -7.37842 -6.878229 -4.963264 -4.451071 -4.502934 -2.093853 -.4799424 3.59571 7.975081 8.385116 2.302896 -.002987826 8.727268 14.42999 13.98912 8.252566 -1.619103 -2.431736
2.501679 2.13353 2.085027 2.322609 2.627368 2.556007 2.197894 2.134087 2.087936 2.006155 1.888847 1.789001 1.920148 1.788916 1.121598 1.550847 1.146824 .9962389 1.436163 2.148474 2.060359 1.218919 1.770043 1.327193 1.041754 1.558205 1.127681 .83818 2.700774 4.896472 5.166923 1.295774 -2.385368 -2.458868 -2.11665 -.6658537 -1.961086 -5.045407 -10.63896 -10.52219 -6.635484 -7.685613 -7.429573 -8.529711 -8.58958 -5.826011 -5.138432 -5.509881 -2.529512 1.133057 6.021936 9.647596 9.754477 4.325457 -.2274472 7.781672 14.58773 13.99173 10.08706 2.4649 -6.449501
2.082963 2.263524 2.396063 2.345016 2.642732 1.949382 2.031519 2.095634 2.194817 2.045454 1.900313 1.712429 1.892659 1.89444 1.057796 1.094669 1.083463 .9863302 1.198152 1.695981 1.181229 .4547576 .7788513 1.079423 1.04686 1.324455 .9833049 .002390817 .268827 2.132731 2.540938 -1.428777 -5.438528 -6.930922 -4.496079 -3.12131 -2.162647 -5.291626 -11.50125 -13.55773 -9.183666 -8.202693 -9.735297 -9.944289 -9.280893 -6.262912 -5.282439 -5.693924 -2.887914 1.524819 5.347568 8.549405 8.743776 5.079692 1.176518 7.208704 13.73703 14.34153 11.31 5.798565 -2.876469
1.636123 2.748629 2.802624 2.197063 2.488855 2.097858 2.050154 2.247563 2.283659 2.128272 1.872112 1.574177 1.316125 1.795547 1.051213 .9375009 .9734288 .9529589 .9865647 1.665324 1.086347 .7514263 .8530024 .7065647 .8952569 1.045403 .8736773 -1.092019 -2.897002 -1.150532 1.213733 -1.600648 -5.816773 -7.390634 -5.731484 -4.322454 -2.625028 -4.754069 -10.16992 -12.3796 -9.640443 -8.261671 -6.946976 -7.234241 -6.424237 -4.584553 -3.851709 -4.860501 -3.911467 -.5692275 4.17411 7.477349 9.192634 4.861661 -1.619054 3.391094 11.77795 13.52256 13.09681 7.256869 -.1551087
2.483062 3.676853 3.464108 2.494654 2.25571 2.458419 2.247861 2.559856 2.550153 2.311736 1.937783 1.534513 1.444347 2.09058 1.721254 1.280631 1.145018 1.103531 1.145361 1.649344 1.290252 1.056231 1.02976 .1715763 .6278334 .9057562 .5314787 -.5127757 -2.793967 -1.164125 3.086667 -.3434391 -3.576651 -5.605646 -4.258485 -3.167845 -.8919728 -3.240217 -7.429469 -10.2427 -8.950839 -8.158132 -6.790717 -5.17079 -3.514402 -2.220289 -1.248772 -2.534658 -3.169394 -1.158854 3.484578 7.322876 9.668015 5.962638 -1.896203 3.374293 10.63117 14.14588 13.63596 8.362331 -1.133206
3.391998 3.488342 4.261657 3.635772 2.359957 2.250562 2.370066 2.831771 2.861842 2.544831 2.155077 1.80888 1.461533 2.161453 2.080845 1.618565 1.308224 1.333002 1.226184 1.534704 1.272032 .6427989 .6668966 .2298043 .3359146 .7621002 .9313 1.602355 1.292453 1.784246 4.342535 3.643042 1.062308 -2.317101 -1.299537 -1.147314 -.2018989 -1.828657 -5.428355 -7.992627 -8.155374 -7.412692 -6.924122 -4.263319 -.9870579 -.5469435 .4904818 -.1183552 -1.438311 -.926982 2.597802 6.665416 10.04268 6.3853 .1741308 2.678772 10.81821 13.87542 13.26314 9.755421 2.391308
2.225569 2.840824 3.568016 3.329784 2.118459 1.621443 1.866423 3.168839 3.16546 2.840415 2.528506 2.221054 1.948154 2.249813 2.053171 1.591841 1.206674 1.183365 1.355261 1.565029 1.715004 .9850079 .9358342 .3712977 .03161848 .3306153 1.125751 2.248325 2.336346 4.147913 4.605023 3.884785 2.791226 .8885109 -.4642202 -.03913788 .3028311 -.4768279 -2.878381 -5.481411 -6.453602 -6.411 -6.231411 -4.03535 -.2500913 .177785 .7020239 .7870365 .1103435 -.6420488 .3155908 5.180673 10.21434 8.080047 -.1526082 .6930583 9.662404 12.61774 12.56733 10.09068 5.870304
2.080091 2.846947 2.860898 3.387641 3.47635 2.568843 2.29163 3.070551 3.28289 2.971666 2.758862 2.620882 2.325826 1.843848 1.699839 1.335656 .8763502 1.074922 1.460003 1.50218 1.682449 .5953544 .5803237 .3249428 -.115677 -.02790237 .08977348 .9781943 1.460962 2.119746 3.552227 3.557224 2.452224 -.1610012 -.6013417 .5113988 .5329707 -.249632 -1.98591 -3.331315 -3.977055 -5.683261 -7.066641 -3.266669 -.2807335 1.092608 1.090266 2.000959 2.773804 1.55896 .8028544 1.97353 7.613584 7.435053 2.512243 -.4098229 7.791359 11.86166 12.53065 11.04558 7.424665
1.95715 2.762125 2.850366 3.252017 3.269137 3.080346 2.328258 2.437429 2.799251 2.820552 2.844521 2.594775 1.922393 1.633224 1.537168 1.269609 .8082099 1.196625 1.589777 1.22834 1.852053 1.398442 .8049474 .1719062 -.607039 -.828879 -1.344595 -.008507154 1.306494 2.671554 1.771086 -.01044638 -.9669118 -.341329 .1295486 .5316572 .5941367 .01408628 -1.441957 -2.367291 -3.815663 -5.750246 -7.034885 -5.078826 .5475938 1.047873 .803212 1.300792 3.969367 4.286293 .9661322 .2616551 5.258623 6.371572 2.517852 -1.451355 4.238903 11.35154 12.25154 11.20313 8.262963
1.821045 3.168837 3.233189 3.167665 2.977496 2.651887 2.363552 2.587625 2.690797 2.561647 2.548773 2.031829 1.823732 1.733374 1.669672 1.562349 1.35654 1.338858 1.5449 1.290223 2.388286 2.261914 1.401534 .1856628 -.3581179 -.8573475 -1.772733 -.7916842 .9054293 2.130007 2.396481 1.29853 .3890638 .6088078 .8643587 .6807755 .6569257 .1797342 -1.26814 -2.337933 -3.650929 -5.339015 -6.45475 -4.67011 -.5658839 1.403435 .5273321 1.854438 4.314689 7.319566 7.051931 .1438028 .9172387 3.074909 4.133199 1.936639 3.735293 11.11341 13.16038 12.77425 10.56566
1.763301 3.350564 3.366982 3.311477 3.130393 2.932771 2.981297 3.174243 2.875845 2.390138 2.427519 2.286726 1.979373 1.94108 1.906165 1.802471 1.528394 1.368438 1.598541 1.845602 2.370928 2.862019 2.255452 .9287673 .04923285 -1.207767 -.8860196 -.6289758 1.073431 2.344868 2.994262 1.977052 1.206466 .8015701 1.050861 1.335729 1.171523 .5194119 -.715995 -1.790484 -2.259105 -3.154262 -3.893991 -3.940979 -.05103298 1.106647 1.860963 2.944234 5.20409 6.819722 8.3954 3.287914 .7335781 1.76719 3.689946 4.93695 7.801226 13.92871 18.49785 17.55233 17.02592
1.658354 3.238581 3.474685 3.484959 3.426271 3.349513 3.467234 3.677097 3.023129 2.177012 2.406429 2.30797 2.110248 2.112751 2.095095 2.05581 1.519821 1.460192 1.520408 1.635789 2.029388 2.948102 2.745682 .8312252 .3952318 -.07519988 .2554515 .6661142 1.943688 3.094508 4.60071 2.679331 2.158188 2.62807 2.652069 2.898432 2.855217 1.299198 -.1179975 .3778246 -.6274139 -2.670273 -3.491875 -4.132158 -1.607325 .1303011 1.509414 3.265333 3.35255 4.136781 8.034748 7.536451 3.750282 -1.247709 1.466402 5.429044 10.03388 14.26123 19.73182 23.07182 18.60763
1.716647 2.749414 3.470905 3.59597 3.675843 3.684884 3.645023 3.418283 2.857341 2.045686 2.111742 2.145725 2.115656 2.136007 2.154921 1.822 1.313722 1.254056 1.156455 .8376365 1.385807 2.261465 1.52454 1.288232 1.718923 1.655834 1.772635 2.231572 2.754332 3.781137 4.523459 3.554564 2.557442 4.529618 3.95469 4.08094 4.861295 3.112434 1.732225 1.873687 -.2278685 -1.098124 -2.233776 -3.117045 -2.909568 -2.223678 .4740747 3.92381 3.277176 1.221276 6.801606 8.466027 5.256675 .4782295 -3.935151 -.07310662 8.799501 13.36912 17.26325 19.6192 16.16636
1.964802 2.518028 3.196275 3.608232 3.79258 3.911086 3.971806 3.515731 2.891101 2.511326 2.31676 2.221165 2.210695 2.277279 2.126469 2.076304 1.616918 1.167645 .5214357 .6566189 .6817715 1.784716 2.239709 2.467889 3.079688 2.909328 2.417861 3.136535 3.526488 4.197359 4.168566 3.317416 2.199332 4.553614 4.996093 4.530915 5.263987 5.196577 2.676691 2.935088 1.703771 .9847142 -.3733942 -1.744082 -2.527287 -3.036676 -1.767807 2.362268 1.646757 -.6196315 2.91692 7.272649 5.897647 2.690155 -2.657375 -5.862634 1.951754 11.06376 12.66973 13.98756 13.24095
2.029008 2.229285 2.83632 3.515835 4.009615 4.306327 4.079782 3.694516 3.326736 3.022473 2.776927 2.50748 2.226556 2.384455 2.21739 2.330282 1.953151 1.244815 .4636687 .534049 .539521 1.474166 3.266217 3.440241 3.761532 3.136486 2.937509 3.347044 4.454088 5.135667 4.684551 3.357611 2.286518 4.09154 5.914474 4.802219 5.071541 5.985915 3.934981 3.849459 3.214944 .9177784 -.5877776 -.6842774 -1.378704 -1.941493 -1.063434 2.568742 3.019498 .4048412 3.520421 6.398909 5.003381 3.279477 -.104177 -8.016099 -2.810911 6.999539 10.56249 12.56606 12.9565
2.392433 2.014411 2.51601 3.40907 4.111561 4.746634 4.010879 4.032181 3.847066 3.647123 3.378715 2.904923 2.180872 2.316604 2.49633 2.547295 2.059036 .791799 .4501196 .5304046 .8423661 1.503074 3.570688 3.743085 3.579166 2.961076 3.1091 4.121891 4.974166 6.022908 5.603968 4.041875 2.535984 4.023064 5.239563 4.75301 4.715975 4.857877 4.141981 3.32913 .8937655 -.2810174 -.4350298 -.6959298 -1.11132 -3.052256 -1.331366 2.540815 5.015645 3.552622 2.958554 6.492321 7.955809 7.507236 5.129089 .1402611 -2.949211 5.35229 9.949686 12.19764 14.01623
3.257783 2.496511 1.758302 3.352466 3.932624 4.682665 4.269076 4.41476 4.449801 4.291542 4.008098 3.384916 2.356268 2.115622 1.800203 1.804714 .7303888 .3721246 .5138947 .6699103 .9923609 .9003195 2.79249 2.785298 2.76806 3.02909 3.749176 4.270107 5.28883 6.494352 6.633701 5.641727 3.381956 3.554297 3.781894 4.079877 3.915342 3.729588 3.069298 2.348186 1.521715 -.1710781 .1266463 -.7549086 -.3669951 -2.929168 -1.311189 1.741084 4.663333 5.890327 7.435797 10.475 15.22662 14.86232 8.985427 .7440683 -3.321172 2.286656 7.094713 10.17025 12.23723
4.149574 3.526198 2.53133 2.855004 2.946379 4.372587 4.568272 4.938303 5.109567 4.987315 4.269186 3.019889 1.634037 1.007999 .6340724 1.486749 1.484563 1.273113 1.081132 .8579274 .4940424 .5539671 1.499494 2.301562 2.318297 3.033101 3.96602 4.258754 6.254093 7.875657 7.036415 4.480953 2.27746 2.037179 2.280846 2.815415 2.443576 2.069305 1.973479 1.822872 2.491643 .8352811 .01389195 -.1243589 -.5951053 -2.193765 -2.901989 -.6004797 3.304811 6.597609 10.87227 12.6313 15.84487 14.32456 6.44261 -.9578902 -3.451409 -.135682 3.885653 6.432014 9.525889
4.023357 3.075408 1.97194 1.923683 2.495477 3.361656 4.673095 5.286135 5.365209 4.677941 3.502854 2.656854 2.021542 1.501446 .8891042 1.675706 2.453065 2.370168 1.975689 1.357546 .3781079 .9522911 1.234258 2.32901 3.585339 3.245001 4.356054 5.255503 7.603928 7.919357 7.213051 4.625545 1.785046 1.091385 1.20155 1.272368 1.023303 1.322662 1.681986 2.087842 2.872697 1.758507 .4794029 .2254218 -.640587 -1.782796 -3.097991 -3.000954 .8603742 3.364248 6.216868 6.51955 7.135285 9.392497 3.662735 -6.558479 -8.672986 -2.507732 .8663428 3.47397 6.65645
2.925252 2.294877 1.94625 2.704462 3.206101 3.201251 4.025582 5.207321 5.436596 4.716197 3.908925 3.303453 3.017429 2.784302 2.074504 1.760702 3.245163 3.336032 2.862488 2.17312 1.160215 1.952594 1.997729 3.106747 4.003014 3.675079 4.362793 5.419854 6.964471 7.411374 6.209628 4.700583 2.107363 .4897633 .6294633 1.320613 1.251806 .8447735 .6394491 1.163275 1.600069 1.363689 .8642868 .7699414 -.3358061 -.8151202 -3.934716 -2.981403 -1.40763 .727698 1.897573 3.204472 4.21788 6.183046 3.63543 -7.045453 -9.496953 -6.192955 -1.98454 1.323281 2.529148
2.994124 2.614419 2.568176 3.400489 4.263545 3.177952 2.703277 4.503779 5.576512 5.032045 4.467832 3.976583 3.900311 4.084946 2.868008 2.24933 3.542701 3.985351 3.722995 3.366863 2.474014 2.573333 2.611267 3.572165 3.962913 3.866308 3.752778 4.361012 6.298256 7.051757 5.834751 4.207894 2.369772 .9790992 1.280594 1.498691 1.180143 .5764767 .6485316 .9007955 .9070302 1.087457 .6863376 .9103513 -.03376953 .8142942 -1.909665 -1.830493 .8606947 2.929087 3.535501 3.352298 4.087017 4.973601 4.791667 -1.560986 -6.885678 -5.890894 -4.766283 -.09467286 1.479168
3.600947 3.13723 2.861353 3.403537 4.617417 4.033217 2.420354 3.459096 5.141759 5.276411 4.855484 4.477799 4.174653 5.214985 4.574098 2.99511 3.485934 3.823354 3.86971 4.162893 2.914418 3.108001 3.27104 3.940925 4.447497 4.35957 3.863162 4.537583 6.561626 9.192639 7.652122 5.541274 4.160205 2.628248 1.608199 1.169981 .9823367 .4628805 .7369184 1.953516 3.264306 3.010531 2.754321 5.560089 3.874864 7.046742 6.275005 4.15959 4.090489 5.267231 6.098297 6.273012 8.657634 10.42094 11.2949 10.49941 .7837084 -2.252976 -4.497705 -.7447811 2.758451
4.106449 3.540417 3.162915 3.231907 4.395933 3.682815 2.974516 3.503843 4.967269 5.474193 5.170184 4.858935 4.6768 5.672293 5.132266 3.75891 3.423568 3.494502 3.411646 3.735155 3.844778 4.65233 4.197754 4.752546 5.138042 5.280997 5.217895 6.534693 8.383725 10.41551 8.86604 6.958736 5.156774 3.390366 1.873412 .8855336 1.274642 1.44906 .9126447 2.875244 4.25272 4.558582 8.447595 11.28473 13.44007 13.03097 12.14267 7.664906 5.215958 4.388821 5.715276 7.803998 11.29632 16.18634 18.3829 14.9832 6.935101 4.030793 1.684618 3.274555 5.332875
4.330805 3.988621 3.594758 3.408556 4.808193 5.036153 4.603071 4.550807 5.206038 5.625876 5.412449 5.348287 5.501176 5.646731 5.286311 4.744574 4.383853 3.902603 3.334206 4.059704 3.815064 3.947938 4.684864 4.348055 4.843916 6.298743 7.288631 8.948885 10.05354 11.33333 8.920465 6.924646 4.635889 3.265757 2.426448 2.574687 3.705123 3.786703 3.29357 5.09569 5.93628 7.243311 8.81527 10.76504 9.820674 6.614796 6.577279 4.475 2.535683 1.431585 4.316711 7.616775 11.70921 14.98023 12.81235 10.84901 8.995898 5.955745 2.388087 .4346687 2.101186
4.641562 4.578714 4.26906 4.261146 5.525042 6.103478 5.922742 5.920577 5.693797 5.654271 5.414495 5.27237 5.754529 5.799949 5.787149 5.665214 5.4801 5.011403 4.340107 4.3506 3.276782 4.578946 5.010332 4.815824 5.419997 6.790964 7.819627 9.432926 9.795258 8.882533 7.152713 4.97916 3.264154 3.049157 2.737593 2.153695 2.59118 3.241563 3.569125 5.109838 6.721021 8.498722 9.131249 8.697969 4.862375 2.48148 1.426443 .4313804 1.972901 .8616148 3.627589 6.354083 7.506186 7.354365 4.695935 2.811669 1.272305 -3.190751 -5.575743 -6.029774 -5.917059
5.120232 5.319518 5.145237 5.207693 5.759064 6.538177 6.685481 6.360988 5.735491 5.767742 5.528293 5.350865 6.280113 6.443834 6.332804 6.240598 6.237588 5.84548 4.81718 4.745485 4.236927 4.845904 5.498951 6.055698 5.661021 6.01939 6.89226 7.670111 7.881476 7.226343 6.148504 4.412688 2.687334 3.14469 2.69416 1.87835 2.567598 3.259109 3.682982 6.716485 8.361038 8.758926 6.724794 4.87701 2.687939 1.041609 .4359199 .6516899 2.610913 1.21509 -.008447126 -.3146976 .4520369 1.033389 .8120758 -.741933 -3.513285 -5.581513 -7.219069 -8.547125 -9.720322
5.635002 6.060009 6.031464 5.382025 5.634434 6.15552 6.766036 6.394195 6.464415 6.570777 6.332993 5.800846 6.972315 6.940457 6.315987 6.022421 5.674205 4.920849 5.105745 5.185346 4.353132 5.399089 5.935355 6.247168 5.471737 5.263636 5.114625 6.082941 6.863674 6.538128 5.306532 4.560002 3.067722 3.747605 3.770342 3.588622 4.994384 4.895368 6.071482 7.056475 6.893648 3.653447 .6369761 .1589636 .4580087 -.3544531 -.7986655 -.5850622 .2544845 -1.092566 -2.861655 -4.141211 -3.998196 -3.408774 -1.905701 -1.324714 -4.109978 -4.163366 -6.203544 -7.994016 -8.803586
