py_wake/examples/data/AJ_ParqueFicticio/Rough survey   Sector 12   Height 200m   Mean speed.grd
DSAA
73  159
 258469   265669
 6501692   6517492
 4.438185   8.475414
[rows 84 to 111 of 159, columns 0 to 62 of 73]
5.933178 5.906786 5.881997 5.850659 5.827243 5.797725 5.769691 5.744608 5.723011 5.715306 5.687711 5.65342 5.613891 5.58891 5.567082 5.538915 5.507896 5.487015 5.503505 5.515012 5.536993 5.554332 5.575005 5.598873 5.62397 5.627539 5.609878 5.593634 5.59451 5.628456 5.653471 5.680901 5.692678 5.677706 5.667474 5.666374 5.662191 5.674426 5.679456 5.660802 5.678144 5.640082 5.593714 5.547973 5.542765 5.547421 5.541276 5.548687 5.588634 5.666145 5.773619 5.855712 5.910264 5.927752 5.932221 5.925933 5.935724 5.980651 6.03138 6.06284 6.096768 6.127107 6.168676
5.922453 5.897434 5.873392 5.842495 5.817666 5.78459 5.765413 5.741389 5.730142 5.712335 5.675169 5.639799 5.605688 5.5704 5.549211 5.520832 5.493454 5.469265 5.452538 5.443144 5.45577 5.467721 5.494531 5.532201 5.581427 5.608729 5.599061 5.57747 5.561559 5.554682 5.553348 5.585552 5.626684 5.635872 5.636512 5.640818 5.653724 5.692768 5.711696 5.747134 5.725918 5.680713 5.634336 5.585779 5.554344 5.554091 5.530962 5.500599 5.488089 5.530338 5.639001 5.76236 5.856859 5.918658 5.947605 5.966571 6.022723 6.066821 6.095376 6.118905 6.139544 6.150176 6.180221
5.893293 5.878944 5.85537 5.833772 5.797801 5.777641 5.754331 5.735401 5.732229 5.701991 5.670042 5.641987 5.607974 5.570409 5.535094 5.509498 5.487906 5.472637 5.431927 5.404796 5.385576 5.383972 5.392682 5.415604 5.465921 5.521676 5.543913 5.547155 5.496767 5.463565 5.454433 5.476703 5.5333 5.579745 5.610999 5.631492 5.64711 5.685045 5.74757 5.768803 5.763108 5.726557 5.685652 5.649446 5.623793 5.61427 5.587921 5.54282 5.501043 5.484622 5.530088 5.64003 5.775201 5.862761 5.936352 6.002563 6.080974 6.132255 6.170396 6.186324 6.201198 6.203063 6.213149
5.883071 5.859903 5.844557 5.809141 5.786338 5.764514 5.74516 5.738944 5.720648 5.69559 5.671295 5.643456 5.614948 5.569851 5.521471 5.494156 5.47327 5.457872 5.432202 5.396175 5.362659 5.337579 5.316378 5.315022 5.345616 5.416308 5.469512 5.501312 5.461449 5.408837 5.39871 5.413764 5.476362 5.547617 5.611547 5.641649 5.661801 5.685892 5.75193 5.778926 5.77564 5.756165 5.728171 5.702978 5.678858 5.656981 5.635412 5.604879 5.54314 5.488623 5.468253 5.53689 5.65081 5.782126 5.885883 5.984857 6.069684 6.146187 6.191859 6.229128 6.251605 6.265596 6.266849
5.891924 5.858162 5.825452 5.802773 5.778913 5.752655 5.73064 5.719555 5.701462 5.690897 5.672941 5.646552 5.617414 5.5779 5.528033 5.481349 5.465364 5.439906 5.419254 5.390369 5.366218 5.343759 5.317869 5.288324 5.292285 5.35619 5.450084 5.501755 5.485731 5.43331 5.396444 5.414189 5.455194 5.52014 5.583096 5.629911 5.6903 5.765512 5.786233 5.800285 5.798228 5.789176 5.754611 5.711066 5.678148 5.64772 5.615389 5.59865 5.54956 5.480328 5.427749 5.424544 5.489984 5.607749 5.744684 5.872458 5.977126 6.070848 6.152077 6.210033 6.26177 6.286189 6.329459
5.899368 5.865441 5.825744 5.804111 5.782727 5.756847 5.735681 5.696757 5.677885 5.668239 5.662808 5.649973 5.623384 5.587726 5.544956 5.4994 5.450219 5.421985 5.403434 5.389928 5.388746 5.385515 5.373995 5.360138 5.345448 5.386276 5.463631 5.540119 5.550803 5.502657 5.453503 5.438989 5.46205 5.502691 5.54853 5.607483 5.722609 5.786817 5.828313 5.844982 5.846221 5.827814 5.781801 5.727404 5.674446 5.649508 5.606414 5.58074 5.532964 5.483647 5.420742 5.367286 5.329695 5.405694 5.537866 5.671994 5.806795 5.935221 6.0385 6.128366 6.205719 6.267307 6.345384
5.921418 5.871048 5.839279 5.809674 5.789603 5.769834 5.736295 5.703806 5.673775 5.65114 5.645044 5.643806 5.623528 5.607494 5.563986 5.52636 5.462122 5.417824 5.386587 5.388027 5.410344 5.440881 5.460071 5.467872 5.47702 5.465006 5.517022 5.591427 5.618123 5.576446 5.521049 5.489385 5.503905 5.527038 5.553954 5.621365 5.702089 5.794944 5.866855 5.902972 5.900305 5.870485 5.831447 5.782772 5.768682 5.739469 5.722652 5.677586 5.63567 5.593637 5.544149 5.475175 5.39481 5.344583 5.383424 5.490407 5.638508 5.761965 5.877552 5.999684 6.109826 6.215512 6.332035
5.924993 5.891201 5.860734 5.82882 5.804873 5.780967 5.755931 5.725449 5.689523 5.660828 5.641509 5.635198 5.633426 5.614665 5.610182 5.567261 5.508958 5.455595 5.410764 5.385296 5.421271 5.487327 5.543819 5.579869 5.582486 5.573647 5.598323 5.657444 5.683435 5.644231 5.600616 5.570307 5.569973 5.58383 5.629612 5.659884 5.704298 5.785379 5.88925 5.954906 5.967801 5.941983 5.899652 5.890623 5.89594 5.883899 5.853149 5.866038 5.846262 5.818048 5.795045 5.716813 5.632258 5.543077 5.46862 5.484928 5.584306 5.695472 5.796983 5.913191 6.014999 6.15317 6.304143
5.956359 5.916421 5.885055 5.851985 5.823575 5.803467 5.781091 5.753621 5.723534 5.688014 5.653649 5.636021 5.627604 5.644401 5.642501 5.621637 5.584719 5.540342 5.485945 5.426867 5.42874 5.512069 5.599658 5.659617 5.670096 5.655098 5.681627 5.729537 5.740599 5.706544 5.668315 5.645408 5.639328 5.64452 5.668107 5.702548 5.729648 5.780524 5.890923 5.983989 6.026842 6.009836 5.990767 6.002686 6.010815 6.021828 6.02494 6.022488 6.02784 6.043017 6.046728 6.018552 5.977451 5.903087 5.816449 5.784753 5.789709 5.847482 5.897213 5.941208 5.982905 6.100767 6.27486
5.977545 5.946355 5.908155 5.872777 5.847705 5.82821 5.812503 5.787151 5.758024 5.726717 5.685985 5.65045 5.635796 5.654055 5.663459 5.673079 5.676045 5.656662 5.614753 5.532991 5.466035 5.508025 5.622271 5.703402 5.728148 5.721243 5.744738 5.793927 5.799363 5.757414 5.70979 5.681079 5.668227 5.687128 5.71055 5.738364 5.764703 5.78778 5.887422 5.999511 6.071103 6.085629 6.097103 6.110246 6.127301 6.139682 6.138944 6.121484 6.126881 6.142759 6.161692 6.175593 6.1814 6.17684 6.143027 6.10765 6.093294 6.092254 6.064688 6.025767 5.99275 6.051138 6.224192
5.999745 5.973354 5.935085 5.900519 5.870914 5.856349 5.844773 5.825319 5.799148 5.76984 5.732623 5.688152 5.674496 5.664716 5.67305 5.704685 5.747754 5.779223 5.760913 5.67995 5.560496 5.538481 5.620548 5.716847 5.766287 5.76561 5.788711 5.834665 5.831111 5.790283 5.732756 5.681631 5.677212 5.712876 5.744765 5.803645 5.799799 5.822704 5.908871 6.011395 6.095685 6.130736 6.143698 6.168512 6.193083 6.205825 6.192115 6.176061 6.169416 6.164805 6.153856 6.15528 6.200867 6.249687 6.26561 6.270766 6.260026 6.244158 6.201414 6.127658 6.03903 6.017029 6.151259
6.011342 5.992702 5.959441 5.933451 5.906339 5.882527 5.876655 5.866809 5.84992 5.819098 5.787201 5.768113 5.729502 5.698559 5.69094 5.713804 5.770505 5.844823 5.878044 5.829628 5.693369 5.611168 5.638434 5.722657 5.78247 5.790412 5.799582 5.825366 5.821147 5.787538 5.72411 5.674621 5.650339 5.717199 5.753072 5.832263 5.836438 5.854354 5.928198 6.022459 6.079062 6.11008 6.138186 6.181201 6.205974 6.225759 6.217231 6.206128 6.172545 6.127449 6.08964 6.069108 6.095461 6.145914 6.204688 6.243558 6.270031 6.286207 6.283971 6.233409 6.114564 6.013377 6.064841
6.024648 6.003839 5.989411 5.967803 5.95127 5.927673 5.909019 5.905688 5.90617 5.87851 5.85594 5.8516 5.817666 5.779362 5.744607 5.736007 5.767446 5.858788 5.934053 5.929153 5.831174 5.714548 5.693307 5.742909 5.793566 5.788749 5.762064 5.759192 5.744633 5.704772 5.668198 5.618496 5.602807 5.71847 5.799817 5.870393 5.897785 5.912596 5.950839 6.035196 6.066934 6.067966 6.093786 6.129216 6.159404 6.188884 6.195065 6.163173 6.109484 6.049241 5.987674 5.936914 5.907678 5.914323 5.985292 6.044793 6.116131 6.182932 6.25603 6.265118 6.177275 6.050503 6.001546
6.04049 6.024848 6.010219 6.00342 5.99801 5.987839 5.962023 5.950699 5.944877 5.941793 5.945832 5.939707 5.930453 5.908146 5.862067 5.808001 5.795928 5.856114 5.942348 5.982964 5.916367 5.806964 5.766341 5.790067 5.808606 5.774037 5.74293 5.710281 5.675637 5.646769 5.615587 5.593589 5.596529 5.718086 5.837352 5.897067 5.973781 5.979864 5.971212 6.009805 6.018878 6.023977 6.021433 6.040942 6.053622 6.061684 6.049006 6.020884 5.974367 5.902561 5.831117 5.769435 5.711831 5.649748 5.669942 5.747031 5.84767 5.944721 6.055496 6.148561 6.158888 6.075552 5.9874
6.080042 6.058286 6.046378 6.03526 6.032268 6.044195 6.034322 6.000399 6.001347 6.02593 6.028288 6.038124 6.054396 6.065187 6.038709 5.970903 5.906234 5.899817 5.975621 6.021787 5.982431 5.892486 5.837337 5.846106 5.84955 5.818159 5.775414 5.748046 5.745106 5.711445 5.677799 5.646929 5.66568 5.712805 5.793549 5.831818 5.891588 5.935838 5.937528 5.956769 5.96387 5.963294 5.951017 5.934597 5.930793 5.924624 5.891569 5.865694 5.834775 5.773743 5.726807 5.674266 5.611182 5.561229 5.575785 5.62074 5.68232 5.766129 5.868576 5.976855 6.044508 6.050151 5.998297
6.13803 6.119226 6.104955 6.088707 6.073398 6.099655 6.110129 6.096006 6.081858 6.112297 6.125731 6.144125 6.174872 6.216711 6.232607 6.187596 6.096365 6.037168 6.069429 6.094681 6.06627 5.992686 5.946573 5.928873 5.912272 5.889225 5.851963 5.859267 5.880564 5.839485 5.78931 5.72868 5.754991 5.726871 5.741642 5.743197 5.762884 5.796686 5.824975 5.87601 5.904778 5.89869 5.870051 5.847978 5.841067 5.858636 5.858969 5.821335 5.777711 5.72345 5.67203 5.649764 5.643754 5.67201 5.707059 5.758624 5.800671 5.83733 5.875309 5.935338 6.010308 6.050726 6.059907
6.207222 6.205505 6.194416 6.175521 6.150331 6.151818 6.19957 6.216341 6.217028 6.232694 6.244689 6.26338 6.292239 6.338078 6.388967 6.39111 6.327118 6.270901 6.235085 6.23161 6.195333 6.116294 6.059758 6.02362 6.005454 5.986044 5.958238 5.983247 5.997287 5.95854 5.889381 5.829641 5.833349 5.809212 5.752293 5.696062 5.672937 5.682629 5.718372 5.773796 5.820355 5.821181 5.788304 5.761406 5.747211 5.789121 5.843859 5.866369 5.859742 5.823193 5.771788 5.725924 5.713456 5.804727 5.876197 5.938453 5.977303 6.00688 6.023228 6.042614 6.070013 6.087521 6.119211
6.270721 6.30016 6.306142 6.286309 6.250231 6.233939 6.288674 6.363713 6.370133 6.381929 6.392591 6.39529 6.419846 6.459311 6.504803 6.542549 6.54592 6.504796 6.454552 6.418453 6.356606 6.265524 6.187177 6.145988 6.145557 6.142722 6.132085 6.109479 6.088957 6.037326 5.960604 5.916608 5.90011 5.840199 5.814965 5.743856 5.689849 5.682427 5.677946 5.699039 5.741542 5.752058 5.741461 5.717536 5.731786 5.785234 5.921334 6.005205 6.037806 6.015441 5.94717 5.871045 5.882459 5.94383 6.015245 6.069792 6.099163 6.111868 6.096164 6.078345 6.054066 6.067168 6.128315
6.318519 6.378813 6.413518 6.414008 6.377342 6.343182 6.374998 6.474371 6.511493 6.535367 6.555517 6.548363 6.553411 6.572569 6.610682 6.686457 6.706342 6.701438 6.678344 6.639363 6.55705 6.453563 6.380926 6.350983 6.343851 6.340177 6.288704 6.218048 6.146705 6.078662 6.003753 5.974915 5.957057 5.90048 5.862571 5.814637 5.755703 5.723777 5.717453 5.706513 5.724369 5.741656 5.768835 5.773989 5.788274 5.913287 6.057076 6.193061 6.281803 6.264232 6.190969 6.105774 6.064434 6.071116 6.105453 6.128507 6.134867 6.116398 6.078656 6.029605 5.988788 6.000484 6.093552
6.332584 6.424777 6.495608 6.516648 6.509457 6.459087 6.465494 6.535415 6.6059 6.648612 6.683666 6.684649 6.667779 6.67434 6.716413 6.797996 6.841125 6.869805 6.890091 6.870698 6.805872 6.728925 6.66705 6.631108 6.618323 6.562258 6.465083 6.327571 6.202919 6.101968 6.019863 6.013239 6.003666 5.96098 5.927693 5.880805 5.840533 5.798756 5.775144 5.791991 5.791072 5.785213 5.803868 5.814507 5.891081 5.989058 6.139503 6.297166 6.433229 6.50096 6.456922 6.352839 6.255186 6.196884 6.173957 6.150745 6.140869 6.11638 6.067089 6.0025 5.929706 5.899745 5.982813
6.282091 6.404929 6.508716 6.593218 6.611351 6.58332 6.538511 6.564877 6.624196 6.685837 6.72844 6.747536 6.73655 6.736252 6.795866 6.870655 6.952965 7.014171 7.0734 7.096951 7.078917 7.101733 7.097971 7.040196 6.914745 6.825575 6.677716 6.504484 6.342217 6.206769 6.103148 6.111558 6.10792 6.075983 6.04974 6.014452 5.983912 5.916396 5.843372 5.856834 5.858145 5.848839 5.825409 5.802927 5.903896 5.989951 6.119304 6.319193 6.517648 6.660748 6.702789 6.629679 6.523068 6.409817 6.338361 6.279336 6.245755 6.20865 6.161397 6.070346 5.940577 5.829558 5.86215
6.216424 6.299714 6.445195 6.578533 6.654932 6.659178 6.610566 6.597562 6.630095 6.677598 6.714114 6.739826 6.742702 6.76319 6.786958 6.910298 7.080281 7.202986 7.291652 7.363361 7.440712 7.488158 7.50292 7.445957 7.29039 7.095445 6.94946 6.770874 6.590415 6.428348 6.357095 6.324518 6.283586 6.26511 6.233014 6.201854 6.145947 6.06085 5.96099 5.914295 5.907546 5.879105 5.827609 5.825766 5.93952 6.044043 6.133995 6.302755 6.540387 6.755611 6.89521 6.920667 6.860246 6.757197 6.664032 6.575332 6.486235 6.404071 6.321779 6.201666 6.037596 5.855741 5.822886
6.248599 6.251689 6.346787 6.498841 6.652201 6.704911 6.675863 6.638051 6.635741 6.671672 6.700686 6.709746 6.727059 6.726314 6.744453 6.850795 7.055594 7.254456 7.378793 7.486804 7.569379 7.632184 7.678603 7.674946 7.60649 7.439019 7.263254 7.102655 6.925397 6.795627 6.695558 6.60247 6.527197 6.451513 6.394751 6.352155 6.311048 6.214966 6.086143 5.985421 5.959394 5.931502 5.877184 5.928551 6.055799 6.176384 6.245913 6.332038 6.53201 6.772658 6.977838 7.123012 7.156579 7.113193 7.015795 6.893992 6.754405 6.608232 6.470457 6.330246 6.15922 5.967957 5.885734
6.394618 6.330783 6.359006 6.476079 6.612627 6.728058 6.75337 6.711735 6.680613 6.690662 6.705175 6.695226 6.684004 6.652569 6.633899 6.684091 6.848916 7.060752 7.256025 7.408023 7.518801 7.614263 7.686465 7.748198 7.783753 7.75414 7.656214 7.512611 7.360544 7.211357 7.064426 6.935642 6.790912 6.678937 6.593524 6.53224 6.477164 6.404068 6.263674 6.116912 6.060061 6.02689 5.98495 6.102918 6.224458 6.342569 6.424314 6.469584 6.585258 6.781066 6.971005 7.158087 7.259565 7.262861 7.204181 7.095308 6.93724 6.76554 6.603451 6.440266 6.25189 6.07794 6.005363
6.631454 6.540924 6.508595 6.556467 6.634483 6.740651 6.810964 6.798786 6.746068 6.714362 6.710653 6.707611 6.653816 6.582362 6.50396 6.460237 6.543788 6.705331 6.930409 7.15224 7.348717 7.484938 7.607731 7.734694 7.828502 7.886954 7.891034 7.835935 7.738664 7.603125 7.47368 7.297121 7.116774 6.954524 6.838131 6.741778 6.682213 6.615639 6.487183 6.317998 6.23954 6.177304 6.205482 6.281405 6.373701 6.481492 6.568877 6.62655 6.703698 6.837967 6.971631 7.104424 7.176867 7.205472 7.175064 7.099485 6.98722 6.837681 6.681528 6.519031 6.330056 6.158195 6.097462
6.995975 6.914618 6.838002 6.765397 6.730567 6.776812 6.83413 6.850804 6.80075 6.745337 6.735067 6.700733 6.637168 6.505716 6.393439 6.305346 6.263922 6.338408 6.533122 6.799403 7.061219 7.267757 7.424844 7.585325 7.738207 7.855488 7.959934 8.014866 8.007554 7.944381 7.813787 7.616095 7.402681 7.196473 7.033192 6.920527 6.869511 6.824234 6.723218 6.5969 6.46982 6.415761 6.430891 6.44865 6.470706 6.534696 6.606537 6.681516 6.782306 6.915985 7.015718 7.07593 7.11167 7.110208 7.067195 7.006268 6.924232 6.809182 6.673118 6.526469 6.361768 6.201059 6.135089
7.31949 7.277107 7.154823 7.036612 6.921468 6.855515 6.865137 6.872592 6.843409 6.801296 6.751534 6.709585 6.637826 6.50245 6.359473 6.238157 6.147799 6.095423 6.187389 6.408651 6.720951 6.98918 7.181575 7.362377 7.539898 7.695243 7.862065 8.019496 8.132703 8.146465 8.056218 7.862998 7.628688 7.399034 7.20987 7.083108 7.021032 6.995194 6.938016 6.851089 6.7343 6.65172 6.613834 6.574986 6.528835 6.499125 6.520013 6.579851 6.690746 6.859257 6.995719 7.057533 7.075471 7.052613 6.99764 6.922719 6.841423 6.73833 6.609321 6.452151 6.299296 6.160683 6.100652
7.59225 7.542613 7.413155 7.279548 7.134621 6.983912 6.942718 6.924869 6.899272 6.87618 6.821469 6.78547 6.708293 6.579878 6.45288 6.317813 6.175962 6.088346 6.031696 6.10286 6.385738 6.694541 6.942798 7.150746 7.352182 7.515583 7.698844 7.897779 8.080988 8.195226 8.217563 8.108246 7.916715 7.695776 7.490839 7.309341 7.189269 7.14881 7.110679 7.054061 6.966169 6.865776 6.779023 6.689784 6.586495 6.485806 6.433169 6.425024 6.512195 6.69294 6.84269 6.942229 6.981913 6.98666 6.946958 6.884262 6.813661 6.711819 6.579354 6.407597 6.222348 6.077792 6.016316
