py_wake/examples/data/AJ_ParqueFicticio/Rough survey   Sector 11   Height 30m   Power density.grd
DSAA
73  159
 258469   265669
 6501692   6517492
 .01056863   1188.928
[rows 112 to 139 of 159, columns 0 to 62 of 73]
365.1221 419.1605 370.5685 341.7537 357.3966 361.9039 351.7422 375.1941 408.051 426.2176 465.9961 532.8744 498.0209 388.5873 307.3933 196.1639 163.1288 171.3317 130.2543 60.32585 59.60495 95.01665 98.97234 126.3468 290.9159 446.9478 459.5822 472.3419 451.4419 388.7583 369.734 380.7457 374.7486 306.7085 224.3659 152.3952 105.3022 148.6262 286.5573 425.3979 497.3777 463.7284 298.5016 131.5676 68.19472 34.38375 20.39301 12.02958 8.773335 36.19688 142.8313 258.3769 244.0926 176.6856 126.1989 115.9621 113.6555 108.042 94.93008 55.71904 11.04665 11.34743 9.818435
391.7065 453.7762 437.0659 401.5363 416.0828 453.5226 457.6278 461.6055 480.6932 489.5291 528.6821 573.9077 528.0022 396.8553 311.547 221.8114 228.2922 234.802 197.5788 85.01934 37.9991 37.41255 41.88033 74.44582 226.5534 442.6609 457.3749 351.6132 310.8613 295.1358 254.4319 334.8834 434.0916 402.4688 371.7872 290.2971 191.9472 172.5485 269.5517 393.1132 524.3607 542.869 366.9748 161.7069 91.22704 47.11054 28.08058 17.91738 11.67034 19.10932 67.17274 150.6436 179.3813 155.0923 123.7729 113.2501 110.4745 109.0047 102.5927 74.42714 27.34346 9.629701 9.352379
480.8631 521.0061 510.448 477.6542 474.2745 521.8204 574.4147 566.3335 566.2665 556.0324 587.2717 640.4438 542.166 396.1632 306.6679 254.5272 306.7664 334.4237 233.8185 133.2766 58.59297 21.18095 13.37145 28.02281 142.7274 362.1157 431.5306 316.0383 225.6006 209.9391 202.3434 241.6713 404.553 434.9112 473.9258 492.7161 413.5881 311.8442 324.8998 394.3419 539.2032 638.8857 444.3156 235.049 127.7917 75.94402 45.99438 28.63485 22.62948 23.46767 44.4123 83.49435 116.9623 130.1594 119.6534 110.5714 104.0379 102.1959 97.41403 82.11469 55.38863 28.20011 12.94374
581.4786 597.1505 581.2164 558.9041 547.3956 593.7604 642.6743 637.0001 648.337 635.2837 649.409 704.6125 594.8679 415.9874 325.0587 295.8068 354.2361 429.1282 332.3156 204.7741 123.0714 51.68576 11.42009 9.256432 57.70545 233.3969 341.7987 253.8299 183.3409 175.2121 173.3543 209.2896 271.4362 331.6916 426.2452 606.683 645.8124 538.3486 430.7755 425.6234 564.5328 707.0757 586.7864 393.4817 227.1903 149.2779 87.08109 50.92537 38.57356 39.45769 48.41557 67.43222 85.00625 102.335 109.1525 105.5107 99.2754 94.23006 88.08924 78.67957 66.30671 45.05676 34.71786
602.5259 623.0242 621.3284 628.0368 619.3224 665.6758 687.6514 688.8101 695.9186 705.0247 729.39 694.2004 648.1938 486.6099 386.8079 350.0164 396.5298 479.9527 433.1155 330.8244 234.9538 149.353 47.44719 10.30145 19.44185 113.2102 238.9644 197.6873 160.5846 165.8795 170.4755 167.0376 191.7128 258.0489 349.1725 525.5312 705.3835 651.788 498.6318 424.4935 483.5016 680.8766 675.4653 521.6321 371.4219 261.5474 165.5536 103.1595 68.7496 57.74806 64.83569 76.18505 79.5133 83.41 98.49024 97.74843 94.62116 84.94259 78.35281 73.12865 70.04785 53.89175 46.63921
540.6414 564.5581 578.7363 609.4525 648.2661 685.0515 686.0701 680.6479 660.2482 684.7343 658.6827 679.1998 626.868 524.3348 479.027 431.9346 418.7893 469.1119 438.9906 385.1613 333.0084 273.8028 199.7823 66.45026 20.00186 39.57796 121.9403 152.5241 145.7739 156.7681 147.9729 133.2058 166.6624 254.0804 308.2287 488.4844 687.6361 630.8628 499.1047 343.5806 381.0597 502.921 573.4329 483.034 395.2585 332.9258 238.5493 158.3277 104.738 75.31825 74.03164 86.94878 88.47373 87.75627 87.63734 89.64625 89.90726 78.78664 65.00143 58.34071 62.9072 61.09087 54.68506
406.9648 446.0167 488.1498 522.9849 566.7119 604.0337 628.5724 650.8224 631.3315 610.3817 577.3204 532.9918 497.2265 458.0158 497.9239 537.7536 476.7073 412.6196 368.1454 328.2778 288.9096 246.7391 274.0852 241.7502 95.85549 33.04716 49.07201 79.50103 144.7523 158.5685 139.1349 103.8595 165.8135 235.1414 254.0182 426.0881 665.4561 683.3333 441.2059 226.7389 218.3116 313.7511 433.5638 420.0609 298.1054 300.2321 257.8675 176.8047 132.5874 91.19426 83.82946 98.39075 99.97616 101.9715 96.08244 95.43164 89.95521 87.75491 63.58836 44.49439 50.32214 57.38895 58.19923
274.7699 303.6829 359.8913 422.6042 484.8312 530.4806 562.5627 622.8879 627.4432 568.9041 457.2944 368.5322 354.4807 348.3251 459.6653 596.4982 587.2234 431.8185 316.1793 266.8013 206.0613 159.5047 191.1052 295.8517 254.0186 117.4438 43.07505 47.69514 86.13422 155.2458 116.8432 101.3915 161.158 198.7661 221.4819 370.1363 611.5947 751.5394 500.1008 183.6423 106.2433 154.789 290.2148 412.7206 260.2244 213.9088 214.1033 174.1033 140.7133 102.5826 88.02436 96.71529 108.5349 109.25 108.4332 110.2085 101.8039 102.3197 79.64442 51.42133 36.56591 52.9309 57.57986
234.3985 261.2856 303.4915 368.84 426.8192 476.808 506.5072 546.694 596.1973 616.8208 509.2699 297.301 232.0227 218.7464 311.4733 515.7312 631.6829 545.9561 368.4469 265.0535 173.6801 104.7718 94.35679 212.7746 288.6007 221.1668 99.01582 44.14535 55.26924 104.5968 101.2325 96.25283 169.3365 179.6441 228.2291 365.5099 566.3268 731.1006 632.7419 274.435 99.65852 70.18542 150.5868 334.2614 303.8013 213.7219 181.8945 160.6484 138.4118 109.5316 87.87479 86.90266 97.95377 107.5255 107.7243 109.1142 105.6749 96.64092 71.81368 48.55576 43.71872 56.34443 61.60912
292.2265 265.1886 302.5183 363.0364 398.9366 440.8222 484.5263 465.5927 470.0992 616.6644 696.8981 433.8558 238.9695 181.8763 191.0747 300.1312 477.5136 555.8976 499.7086 397.2318 252.701 122.4906 73.23064 104.3556 189.5488 198.9953 165.1432 87.06521 41.91337 56.09571 74.28326 107.8555 152.8964 163.3188 251.0315 374.7504 521.3431 646.0402 669.6376 401.214 178.2051 76.08614 87.73281 203.1953 271.9778 240.4306 204.8105 171.6453 144.3028 120.3934 94.94755 79.00193 84.41702 95.20309 99.89213 108.5151 109.8518 86.18781 40.07415 37.1511 61.36621 65.18163 70.32712
396.7077 333.6651 321.9603 371.3403 397.2448 404.4035 461.1857 394.4049 306.774 444.4579 778.6701 742.3227 455.0876 268.532 200.7178 198.588 275.8015 341.0009 373.7939 393.4396 327.8283 184.5018 95.11606 87.49805 107.9555 137.3805 136.1593 143.5034 71.99881 42.45884 49.68667 97.11176 133.5845 209.288 273.8725 394.7371 540.8208 538.9065 518.4321 432.016 293.2596 131.8471 90.04544 130.8179 184.225 202.5534 202.9553 196.8307 172.688 147.9234 121.8238 87.77259 78.83126 81.81072 89.46741 94.60749 100.4615 62.47519 24.39072 45.58626 85.97047 86.05997 85.66044
516.2726 453.2787 419.7995 413.6771 431.2734 417.0794 389.4845 346.7691 198.4321 262.6239 651.8875 766.5341 715.0627 562.8224 394.9384 284.9477 258.3499 254.1284 264.7249 293.0682 292.0533 207.262 124.1734 87.11568 87.60055 97.89882 107.5883 122.3161 90.51176 44.8505 39.82204 69.84413 125.4148 200.0964 315.2293 464.6164 543.4578 510.9153 384.6969 311.9482 300.204 216.2438 140.9901 123.8642 139.6 148.4005 163.0854 171.2928 179.4831 174.773 153.1344 117.0758 96.49725 85.40968 81.23792 79.94111 71.10476 42.78557 28.21068 61.9912 103.0785 107.182 94.58982
635.7762 618.3994 555.2995 523.0116 502.1671 471.0202 378.1586 257.6421 131.5927 133.2584 405.894 582.0519 707.1544 724.0136 658.5313 527.0124 488.9453 410.2232 352.3712 299.5362 297.998 263.1102 185.5442 99.35584 85.8249 110.4618 106.1391 106.3478 65.60753 28.86724 23.81968 58.21633 119.4126 203.3512 337.2722 486.0736 543.0682 497.7838 372.0084 234.6723 210.2403 223.9114 205.0494 173.5764 145.8756 131.9112 131.593 133.0188 137.8898 161.8764 169.3324 141.0852 116.618 91.97362 83.77151 77.67741 49.51669 51.7013 43.659 55.4983 100.3695 116.838 109.4835
609.5175 685.9855 708.5471 627.2183 582.1723 491.7537 395.925 238.6174 100.2985 74.21753 189.1424 335.6014 554.8045 657.3044 644.1754 572.6602 547.8586 597.9978 576.7708 492.2314 398.1901 371.329 287.5573 177.5424 117.4513 128.7568 157.3045 148.6703 99.29409 28.80361 12.24744 30.33264 93.69838 207.2652 354.1438 476.8423 523.1592 476.5072 367.0263 254.1279 185.5675 174.2124 188.1992 202.0097 188.232 159.9038 154.1059 123.7776 90.50733 111.5393 140.5845 137.832 110.8414 79.82218 74.39246 79.56564 70.50394 64.43889 48.99532 38.64561 69.12924 117.1919 111.355
578.1791 634.0233 732.0188 719.5023 642.2134 556.702 485.0967 306.8072 126.2234 54.83332 84.86479 168.6921 338.1227 474.7693 531.8787 464.4262 412.6119 539.1841 593.0386 617.2198 524.6433 466.5629 376.0889 253.92 178.1745 168.0894 201.7662 228.2676 174.0106 48.82982 12.33236 15.20606 65.53754 175.0231 320.5327 439.7342 499.7787 493.2621 372.7707 243.1853 200.7451 186.9651 168.5061 181.4341 178.7214 172.0512 171.0418 168.3966 99.63796 67.34081 87.71393 99.3895 79.86354 78.36622 90.39774 92.60075 86.82234 85.8532 59.7373 28.75167 38.81327 93.61783 111.6972
582.5112 642.5638 707.5831 786.416 684.8067 583.2592 579.9438 466.4456 228.0863 81.13325 58.49313 79.39404 193.1863 329.1487 425.7872 386.0493 255.151 299.8978 504.0345 552.2274 510.373 473.6676 368.0732 289.7714 241.3339 226.7518 217.4511 217.3919 219.1584 98.89697 17.87679 18.44618 68.41636 173.6063 276.6191 369.3103 441.0895 496.2553 410.4246 249.0385 183.7147 191.3068 189.1351 184.7975 170.6725 156.789 152.1211 189.88 180.2123 85.21749 50.01828 47.74421 57.32367 87.00617 114.8353 112.4877 114.4446 107.8035 88.57503 24.50423 23.51988 67.92664 95.08134
471.3109 572.1409 724.8812 735.5446 680.7114 563.7715 598.2587 539.1099 334.3212 190.6037 86.4905 53.0987 97.8461 210.0931 368.7169 420.5947 236.4488 170.961 287.8171 394.128 415.0689 438.0877 323.4601 284.2269 313.5325 294.9614 236.5122 197.8407 193.6337 121.5773 27.12497 14.24241 70.23189 154.0853 248.7316 303.5658 354.6829 427.4721 406.3086 274.2531 188.1686 170.7256 173.7245 178.8356 184.9204 158.8095 139.4793 152.6766 194.0553 152.2007 58.53964 12.90127 27.73167 98.34795 176.2491 173.0987 171.3515 166.1623 115.9057 28.75077 19.07053 46.49043 64.4238
343.0132 432.4597 545.0557 620.5478 648.2001 576.9019 601.9498 523.2163 346.7709 243.8127 148.8414 66.67696 55.54081 111.9887 278.4708 448.4296 327.0977 163.3595 162.6076 222.7337 283.8125 354.2234 275.1525 259.0311 366.8271 398.4732 319.7532 199.7286 149.9261 101.4548 25.13633 15.84121 51.50995 113.4183 192.9393 245.6077 275.5845 348.1944 378.126 292.397 204.6786 166.9366 165.0739 158.1206 162.2646 164.7701 146.9449 125.8744 142.7421 142.4734 54.2443 10.51462 14.87512 141.1243 223.3683 210.5791 212.4763 252.7593 184.0805 58.00634 20.38178 21.84392 36.29549
324.1233 362.9115 407.7036 440.4167 459.9213 568.6217 688.0035 556.1868 380.3209 261.053 174.0273 88.32714 48.67576 58.61526 166.6029 382.4665 442.6286 248.2103 134.6337 138.4563 187.282 263.2792 215.9872 196.5602 378.3592 473.2289 509.6122 330.0179 197.4733 107.117 44.98244 22.90019 37.09105 56.40854 116.4112 177.5883 219.5345 286.7174 353.3989 352.5223 248.1351 181.8826 177.0229 155.1452 136.6228 131.222 132.9846 123.9575 104.7581 97.30185 19.43849 10.6582 10.07487 137.624 224.6467 226.8104 240.9293 286.4295 275.0717 137.1791 41.38395 23.01952 25.53457
346.9351 297.6972 326.1402 345.4501 314.4331 416.3325 738.0765 774.6899 597.878 424.5927 269.1303 155.9739 69.69957 35.63557 84.29854 254.0152 467.8539 405.2772 204.3082 126.1731 127.0024 184.0301 172.1602 152.079 293.7482 473.3153 589.8655 564.2153 369.9852 203.9445 112.0317 50.56226 46.69468 41.15557 60.48101 100.0372 153.6416 238.5773 317.8381 361 307.6372 253.0771 233.8765 225.6338 190.9357 127.2953 109.3043 104.026 88.40849 57.85754 13.10478 7.802086 42.15115 124.3119 196.1288 218.3858 235.7927 274.3483 300.233 259.7933 114.7116 44.3937 31.33511
330.222 226.4801 246.9619 296.1614 262.7355 334.9837 645.1229 730.9189 746.4468 588.7549 379.1817 246.4349 141.3385 49.97483 47.78587 154.8729 385.4536 458.252 347.1146 180.5753 119.167 141.794 139.905 134.2992 228.9946 403.0223 563.1292 658.5098 473.0571 290.3613 190.8028 171.8388 127.5784 90.39349 50.02921 57.97713 96.02419 152.5115 245.7647 346.104 341.575 309.6149 273.5834 285.7983 259.632 209.8783 157.2337 105.3715 61.39067 26.56996 30.05875 16.71616 55.15088 120.3386 166.8337 199.1467 215.8801 273.8972 312.9297 317.8362 208.8653 96.20652 69.1426
298.493 161.4587 155.2279 217.0075 212.2368 288.7925 461.4031 634.8704 710.3167 634.2285 403.6052 255.5278 174.893 95.79684 49.09548 89.53692 248.7249 377.716 386.6158 282.7794 150.0039 129.1398 123.9037 123.5872 199.3167 317.5292 466.7025 493.0555 426.5805 279.1886 197.8942 219.3159 268.1154 229.901 114.7724 55.62379 66.06608 101.6088 161.1534 259.7425 301.5524 289.32 264.7031 273.4225 296.5774 257.4111 206.8076 161.0854 60.83396 25.61947 34.99595 25.4427 27.13513 84.14875 151.5739 168.3452 189.7337 257.5197 307.3939 349.9041 260.4678 165.2302 119.6239
345.2373 139.0382 97.91502 150.3265 175.2455 252.6006 374.151 562.3773 705.5005 757.3621 622.5123 362.3252 193.012 111.389 62.12299 66.58361 145.4818 246.1267 313.7224 312.8486 211.7314 142.1352 121.628 118.3114 185.7682 257.7298 349.4647 393.4349 352.2007 247.7984 167.6787 180.8542 248.6566 286.5247 225.1084 116.9963 77.95501 86.24835 116.9626 190.1515 258.4336 256.6849 240.6753 246.5046 261.7076 233.7439 199.9191 180.8171 92.00091 28.54694 38.13477 33.77403 20.29248 33.84732 108.2057 137.2185 153.5527 201.6752 255.3625 349.2421 321.6732 234.2858 186.0387
431.2539 179.5318 73.86601 93.38684 175.1738 252.303 299.082 392.2392 594.264 758.73 763.9933 617.2413 376.6085 191.1109 88.79168 61.9529 95.65948 148.7346 219.3045 259.8486 228.9795 177.232 133.8279 129.161 203.2985 279.69 316.5189 310.7705 281.1631 239.33 185.7634 153.3822 178.5513 241.3441 247.6842 177.3711 114.0592 97.25028 111.1873 160.8463 221.2896 239.2184 225.6938 202.0781 212.3215 203.9428 181.8779 157.391 109.4033 46.46887 38.5965 35.68861 27.06279 13.21233 56.38706 94.66501 118.7321 147.7919 209.0152 278.5721 327.7764 293.0019 249.436
530.6586 276.7419 96.06844 70.5308 165.1646 262.8018 265.9099 293.6971 397.2078 505.1288 593.6333 651.0333 576.226 368.7401 237.1823 123.6033 88.62169 116.9623 161.1964 190.8785 197.5479 185.3482 137.3907 137.8227 236.1277 339.8363 357.2162 264.0696 192.7152 198.5549 212.4295 198.7567 160.849 174.8367 208.322 191.5434 147.7456 115.9317 114.4702 138.787 199.1013 235.6755 240.4049 190.1245 182.0537 172.3472 165.3346 152.233 117.5135 73.16041 45.55478 32.57827 29.2457 20.07801 25.23102 53.23435 79.52302 106.4923 149.779 226.5489 311.2946 312.2901 283.7221
537.1182 371.9679 136.2706 74.62438 160.4517 260.2398 290.4958 296.2866 315.6809 308.474 342.7509 453.7766 528.7441 411.0655 346.9666 290.4819 163.5725 123.2185 125.9087 150.5545 143.4064 153.9336 126.0986 135.2764 247.2486 385.1178 446.648 298.4365 160.3857 136.2818 171.3741 211.1947 200.8189 171.5335 169.6397 178.3327 156.8001 126.6472 112.7814 123.0845 188.8732 236.7592 258.14 229.9883 203.403 176.4297 156.3659 179.4266 155.9251 110.2963 69.74839 47.31947 30.52703 27.79772 20.23948 22.12373 37.85075 60.70206 93.66348 154.4071 257.4527 321.9016 315.1472
449.3006 365.2784 195.8057 90.03551 147.6177 256.7447 314.7599 322.9579 332.2368 284.6091 222.8671 251.6124 375.7152 346.5013 305.927 351.3158 286.1608 198.0287 147.9958 125.1092 108.8681 133.7693 110.4292 122.7036 243.7736 417.8442 451.2429 342.4076 186.9185 120.3341 131.9245 172.1521 217.5863 196.587 182.7489 163.9561 150.6786 129.3757 106.2909 103.5389 166.574 226.0327 247.4436 229.2606 215.4104 198.9982 159.2311 158.4123 170.7733 119.7395 99.38621 87.04816 40.36663 27.26489 26.53087 25.21774 21.03486 24.98805 38.22456 81.92036 167.9688 267.1378 311.2665
378.6045 298.2655 219.9216 115.1733 151.3746 240.5182 316.8614 312.3139 348.9178 392.05 268.4449 183.2319 229.651 247.1128 232.3945 308.0959 300.6801 260.6987 281.5972 179.6391 96.41414 96.91885 87.80875 97.84794 222.9511 375.9587 497.1263 380.4081 212.4468 134.2315 115.7403 137.7048 179.716 207.569 198.2924 180.9417 168.5383 144.7943 123.0366 101.3032 134.1283 181.9413 194.8151 193.3758 195.0057 192.3405 154.9142 155.6855 157.8478 115.6846 111.999 118.2089 104.0127 53.92979 27.64955 29.96021 33.11861 25.75872 15.01252 25.86257 81.70051 178.8188 270.3461
