py_wake/examples/data/AJ_ParqueFicticio/Rough survey   Sector 11   Height 30m   Orographic turn.grd
DSAA
73  159
 258469   265669
 6501692   6517492
-41.70031   86.05137
[rows 108 to 134 of 159, columns 0 to 60 of 73]
1.072314 .3325771 -.8548133 -3.53901 -3.57565 -2.14323 -1.772948 -2.060291 -3.383576 -5.751936 -9.300069 -13.68785 -15.78517 -16.02332 -15.14789 -10.26428 -8.265101 -5.354526 -3.05522 -.9409565 .7954397 4.811202 11.74964 12.27775 5.787663 4.214884 4.115932 3.032611 1.798688 3.214555 7.900663 11.36233 14.02813 14.84475 14.78653 17.61707 17.18317 9.121303 .7599037 -3.885017 -7.053545 -8.989109 -8.889688 -5.757981 1.326545 4.25159 10.07703 18.93664 18.17638 6.235565 -4.275962 -4.951226 -3.553333 6.439075 14.30809 17.7635 22.02583 26.52757 29.25332 30.40883 38.97984
3.638538 3.862713 3.218805 .2451103 -1.572127 -2.010868 -3.497566 -3.42453 -4.320051 -7.110383 -11.63209 -15.44441 -17.069 -19.04969 -16.21973 -13.83529 -11.02297 -14.05804 -8.299641 -4.833981 -1.861653 2.42678 11.23712 11.66608 6.339315 4.251317 3.837928 2.454159 3.917757 7.343412 11.6176 14.41547 16.86672 16.77902 16.89782 19.64286 19.26212 10.14271 1.806102 -2.346529 -5.608581 -8.484811 -9.031148 -6.23821 -.1987692 4.660606 13.76143 22.50911 23.13119 11.53097 -1.620438 -4.122242 -2.525769 5.918875 12.85938 16.28686 19.45185 22.59131 25.58979 28.8827 37.63691
4.735525 6.282735 6.071953 2.736898 .07542793 -1.976086 -4.945128 -5.371352 -6.389141 -9.182004 -13.83 -18.04791 -18.18083 -17.37418 -17.26847 -16.76616 -15.09926 -18.91073 -17.48779 -10.84197 -4.908844 .2533876 7.677879 9.46646 3.621681 1.525972 .8945004 2.188149 5.231866 10.05972 13.58033 15.31982 16.01465 16.21922 15.67131 18.62028 18.75103 10.26067 2.131399 -1.977046 -4.969204 -8.788759 -9.991759 -7.455374 -1.969166 2.428717 11.67092 20.57773 22.34362 10.50413 1.14819 -2.300239 2.108343 8.920208 14.79714 16.73694 17.68775 18.6083 20.76182 25.59961 39.25694
5.270296 5.940668 6.054275 3.662388 .5451757 -2.576532 -5.762136 -7.038647 -8.910657 -10.96256 -14.36208 -17.38648 -16.87229 -15.61559 -13.74472 -12.27387 -12.74222 -15.84543 -24.74623 -22.59634 -10.84381 -1.577943 7.758898 10.2487 2.296579 -2.041231 -1.53807 .8296783 6.459038 12.60752 16.43562 18.05333 17.10397 16.03867 15.17614 17.02771 16.90929 9.364476 1.002299 -2.785634 -5.474019 -9.7544 -11.40262 -7.953223 -2.373267 1.983996 7.926983 14.79494 14.37885 6.957026 .0001671805 -.4436619 4.856882 11.39337 16.09019 17.0938 17.78082 17.18461 16.81005 20.90677 46.39275
7.525378 6.296054 6.323746 4.685926 1.934021 -.9644988 -4.20917 -6.850585 -9.326556 -10.80845 -13.49466 -15.59605 -14.78347 -12.27278 -9.570668 -5.565313 -6.686584 -12.79757 -18.88854 -25.97348 -18.26037 -6.29561 5.476184 9.293869 1.0288 -3.607569 -4.303057 1.152415 8.569642 14.79174 18.64448 19.61456 19.1621 17.78659 16.73063 16.3691 15.55678 7.960342 -.5969049 -4.02226 -6.573192 -9.108443 -10.31239 -5.704018 -1.09129 2.976035 4.603154 7.953949 5.280785 -1.922583 -3.267467 -.1397702 5.946598 11.53027 15.87545 16.75038 16.84166 17.06356 17.09138 21.10812 43.45186
11.26047 8.146942 7.148709 6.021678 4.046721 1.649948 -1.273072 -4.698542 -7.355973 -8.856533 -11.47512 -13.51337 -12.82762 -10.32908 -5.626482 .3663312 -4.423779 -11.87764 -15.34839 -18.49344 -19.84093 -13.12657 -.3993148 7.445097 -.8698339 -3.752101 -3.009218 3.03343 10.45325 16.10158 20.26579 20.38684 20.0116 21.05362 19.41344 17.45136 14.62574 7.336362 -1.256477 -4.720273 -7.038823 -8.358277 -7.046156 -1.796086 2.176068 4.782093 4.268757 4.275203 1.923842 -7.864405 -7.424617 -.9997885 5.536153 10.71671 14.66269 15.58195 16.33969 16.65723 18.22878 21.72077 31.1832
13.97179 10.36483 8.884945 7.797003 5.923804 3.122274 .01967642 -2.646733 -4.774679 -6.789588 -10.27352 -11.26185 -10.83521 -6.797583 -1.272817 1.116521 -3.892971 -9.915395 -12.51905 -12.19173 -18.97761 -21.66124 -13.86378 .3235199 -3.073038 -3.972036 -1.516791 5.913617 13.53658 17.73246 20.12788 21.05321 18.49382 19.81856 19.95921 18.21375 14.6758 8.692249 1.10232 -2.31671 -4.074997 -4.355791 -1.64649 3.307751 6.520338 7.666368 7.563508 7.937836 5.175149 .107962 -3.768744 -.8406684 4.875614 10.07085 12.64912 14.22479 15.81856 16.6607 18.77578 22.32543 27.22233
13.53389 11.44603 10.38582 9.061543 7.076148 3.486214 .2039305 -1.485247 -3.175091 -5.524963 -8.281894 -8.169561 -6.879186 -1.386674 2.494506 1.905691 -3.444502 -5.782111 -5.878058 -4.537407 -6.318425 -11.70361 -18.87054 -19.61367 -8.714713 -5.787269 -2.232894 6.669063 15.07888 15.81519 17.08074 17.71906 17.45425 18.41389 17.71666 15.00688 12.29374 8.316156 3.747689 3.048873 2.043347 1.799701 5.992469 10.39187 13.15884 13.14606 12.9604 13.14122 12.46985 10.04548 6.969646 5.711051 8.172847 9.543237 11.70012 13.60506 14.96571 16.90929 18.78594 22.15047 24.33387
10.58057 9.628398 8.942636 7.645854 5.549555 1.855363 -.7385268 -1.707247 -3.285299 -4.877716 -6.644692 -5.247376 -.950913 4.674408 6.095457 4.201903 .9847239 -.357489 2.118954 4.589518 5.086395 4.500925 .03309901 -15.01857 -18.38073 -7.765053 -1.813796 7.595282 13.01272 13.14073 14.4787 15.88524 16.86403 15.58152 14.07829 10.78193 6.646292 5.151193 2.895628 3.853157 4.827396 7.195132 11.09263 14.77751 17.20056 17.60386 18.42111 18.78181 18.75103 17.68926 14.2388 11.43339 11.32268 11.4495 11.07588 12.76626 13.96271 16.38149 18.87735 22.00673 22.88431
6.140421 6.196573 5.813088 4.614699 1.69768 -1.065993 -2.631531 -4.096953 -5.504873 -6.826752 -5.516435 -1.448874 3.034869 8.344274 8.530643 4.490948 2.61149 1.628436 4.351547 7.026892 9.885437 12.43895 11.99336 7.004115 -5.593474 -8.855267 .1480251 10.32859 13.46493 10.50055 13.27643 18.60011 19.15367 13.48136 12.20227 7.784848 1.456594 -2.625564 -3.108301 1.487432 4.731225 7.497743 10.50657 13.56892 17.18482 18.20232 19.30125 20.89557 21.64214 21.56859 18.73665 14.90514 13.20509 13.09833 12.44423 12.88171 12.92501 14.79193 17.66552 22.67992 23.42078
-1.479566 -.6117411 -.7249695 -2.019336 -4.007045 -5.418714 -6.259752 -7.888299 -9.525532 -10.37525 -7.315531 -2.017369 4.292974 8.800677 7.87661 4.057759 .9693235 -.5852185 2.444292 5.151227 9.038256 14.12588 14.68864 12.45774 5.889665 -.8649756 2.312919 10.34044 11.80951 9.565471 13.57344 21.00992 15.5301 10.11642 10.07776 3.441828 -4.485547 -9.208949 -12.21495 -7.957059 -.5576406 4.480361 6.846042 7.344404 11.71226 14.11858 16.34726 19.36465 20.16212 21.44547 20.26479 16.39716 14.9696 14.49241 14.04905 13.91371 13.69111 13.75381 16.37372 19.48916 21.22005
-9.080583 -8.614065 -8.391382 -8.805573 -9.659514 -10.06572 -10.40839 -10.74181 -11.06717 -11.91421 -10.79484 -6.813098 -.7659399 4.082762 3.786638 1.541741 -1.751542 -3.447263 -3.316046 -2.366015 1.07608 7.256241 12.24872 11.28322 9.769925 8.718483 12.58937 12.01496 9.84854 10.16261 16.55958 20.30268 9.815139 6.18568 5.742132 -2.776279 -9.579155 -12.58935 -14.11556 -13.57921 -8.517113 .1287705 4.325933 3.320073 6.818652 8.543002 11.16198 14.59835 16.28869 18.25685 18.65166 16.81232 15.672 15.19037 15.18986 14.67406 14.99769 14.65381 17.72423 21.15683 21.69703
-12.42021 -12.07347 -12.50938 -13.40925 -13.75563 -13.8566 -14.2224 -13.12412 -10.81146 -9.643184 -9.403925 -9.701915 -7.608153 -4.503975 -2.42546 -2.144805 -2.79353 -2.479025 -2.421901 -3.449491 -2.814821 1.52517 5.953084 6.75643 7.654547 10.3952 13.54207 12.43244 10.17181 9.930439 16.40824 15.97349 6.072686 5.795013 1.928718 -7.66127 -12.68423 -13.58039 -12.13497 -8.431493 -6.411185 -1.992982 1.464756 2.70306 5.786107 8.028717 9.263048 10.65091 12.02881 13.83339 15.38364 14.73359 15.71562 15.10611 15.55449 14.8581 15.12828 15.1291 20.19946 22.52435 20.97831
-9.073009 -11.19043 -13.45042 -15.51043 -16.6629 -16.70296 -18.03755 -16.03857 -11.61168 -5.426838 -5.213176 -5.960149 -7.528214 -9.458349 -12.42014 -8.711175 -4.820703 -1.954918 .3740427 .09495693 -.01871528 1.168671 2.695524 -.5978518 3.229564 8.605939 10.26844 8.28384 7.27219 10.23861 14.9799 10.24394 5.820829 5.186187 -2.953048 -10.96964 -15.78412 -14.25954 -9.056453 -2.353964 .5272722 3.298279 1.677017 1.869592 5.89432 9.042606 10.24569 11.08127 11.49982 11.87238 12.28198 13.96979 12.95648 14.43358 14.62415 14.7403 13.84742 16.44952 22.47062 21.40168 17.17981
-5.928851 -9.665422 -14.35324 -17.33322 -18.89626 -20.36723 -19.62328 -17.59611 -9.320336 -2.221268 -1.381922 -.5477645 -1.145147 -6.257883 -12.24854 -15.04453 -12.56014 -7.891507 -3.526751 -.6096072 -.6131788 .8206322 -.8133299 -4.133577 -4.206341 1.16513 5.65662 6.931661 5.246466 11.40759 11.9274 9.208956 8.122215 3.711033 -5.638623 -12.89683 -15.54188 -13.85367 -7.332329 .8219008 4.572232 6.908939 4.412313 .9967545 4.112272 8.192581 10.52041 11.65038 12.29677 11.50682 11.67357 13.10867 12.97304 11.44935 12.31222 12.76728 13.10562 19.36069 24.06553 21.21958 17.19101
-4.117046 -8.112899 -13.3948 -17.41644 -20.72982 -21.84135 -22.42945 -19.46514 -7.739877 -.8302319 .3244283 2.513892 3.262928 1.980102 -2.650475 -6.689884 -10.47783 -10.58482 -8.955671 -6.376266 -4.220532 -2.891081 -4.369169 -4.859294 -2.338045 -2.422891 -.9669508 -.01233841 2.859498 11.3704 15.20209 14.12425 8.70641 .8820565 -7.143461 -13.14501 -14.87138 -12.44725 -7.322279 .2072532 5.70669 8.587348 7.5596 4.057231 2.983042 4.575253 8.190897 10.52236 12.3316 12.63479 12.31879 13.41633 13.73174 13.08135 12.61018 11.90444 13.33996 20.07698 23.44885 21.32955 16.87325
-3.145945 -6.601211 -11.24677 -15.59201 -19.57471 -22.04611 -23.33672 -19.7577 -10.58609 -4.529072 -2.982783 1.902894 3.311225 4.002943 3.909833 4.371608 2.807532 -.1448124 -1.91625 -3.51244 -2.597197 -2.035144 -2.017444 -1.468491 1.732644 .5294763 -1.596019 -5.829746 -6.490039 3.069622 17.6232 17.4835 7.417662 -1.463113 -8.704043 -12.51617 -13.11234 -10.09702 -5.959313 -.9592762 3.902776 7.519913 8.561407 6.387666 5.0461 5.530681 4.649867 6.211466 9.769352 13.16784 13.49832 14.2972 15.20637 17.26338 17.16685 16.17487 18.70632 18.17011 20.0444 19.32056 16.15555
-6.266912 -8.139745 -10.849 -14.48005 -18.44059 -19.05064 -19.82674 -19.34632 -15.93621 -12.84846 -7.778596 -1.918252 .7374039 2.544478 4.709094 7.10035 9.085385 9.187252 9.107927 6.88338 6.658822 6.019589 6.225906 9.000144 9.427028 5.803437 3.214412 -3.563662 -6.281991 -.08277851 19.69966 14.73768 3.481928 -4.219434 -9.920015 -12.25423 -11.49371 -8.109757 -4.196921 1.401094 5.088549 5.854076 7.359617 7.500589 6.996048 6.818599 5.623487 4.108016 5.28914 9.349941 12.58591 14.55113 17.1031 18.97027 17.60408 15.62639 15.8747 14.89154 12.59658 15.15362 15.78418
-9.451673 -11.0772 -12.911 -15.3448 -16.67808 -14.42652 -13.84944 -14.43075 -15.201 -18.09141 -15.28434 -6.624891 -4.033483 -2.155623 -.1110155 1.771217 5.799613 9.427948 9.003426 8.406169 9.579319 9.206277 11.53621 15.2322 16.10968 13.2624 8.417927 4.373555 1.649827 7.131621 24.62733 17.17327 -1.274646 -9.695623 -12.08844 -11.46115 -8.490294 -5.770631 -2.654075 2.844038 6.090563 5.716922 4.958536 4.035377 5.447854 6.382912 5.566476 3.599551 4.155836 2.586574 6.876479 11.83321 16.56178 16.55188 13.97819 12.05609 11.05079 6.644164 2.511708 12.1065 16.55208
-11.31464 -12.75335 -14.73515 -14.73374 -13.61621 -10.48541 -9.112 -8.715697 -8.696351 -12.94816 -17.78045 -13.66135 -8.141908 -4.885435 -3.480482 -4.232017 -.7971795 2.817762 4.359356 5.984209 8.363675 9.244717 12.81689 16.05372 15.25846 10.71686 5.72489 2.1979 3.09853 8.542865 22.994 20.08538 -2.606005 -10.70573 -12.52497 -10.39583 -6.113245 -3.489043 -.985786 2.954523 5.148467 4.734341 4.47411 3.0904 3.14287 3.756129 5.287488 4.096244 4.194608 4.287991 8.593726 17.5564 18.64859 16.16658 11.02733 8.890359 6.233243 -.2929136 -.7255079 11.51448 14.7255
-17.63574 -16.68455 -15.77681 -14.76354 -13.05884 -7.595379 -7.536241 -7.106762 -5.336909 -6.798929 -13.54319 -15.98594 -10.88096 -5.634155 -4.714743 -6.298519 -5.113595 -5.073715 -2.666599 .9731278 5.072821 6.730922 11.4979 14.29279 11.07195 5.268565 -1.565207 -4.18271 -2.333455 1.759009 17.99375 13.17536 -6.186491 -10.91708 -11.3419 -9.547623 -5.760285 -3.090714 -1.115076 1.521984 1.978556 1.100742 1.549453 2.107399 2.105793 2.845085 3.652172 4.903602 6.085419 9.73179 18.58782 27.94503 25.46034 19.19138 14.23215 11.62638 6.953208 2.274232 .07359377 8.283049 8.888917
-26.17632 -23.9281 -19.78535 -15.18803 -9.956128 -6.094304 -8.412262 -8.845702 -7.215016 -8.260689 -11.03357 -12.2941 -13.98261 -7.771268 -5.884832 -6.195848 -6.679621 -8.602888 -9.554342 -3.449739 2.009448 4.174 9.959014 12.75269 8.605295 3.277723 -3.697259 -7.696785 -9.847234 -7.399134 .7035265 -3.411503 -14.68779 -14.99415 -12.85327 -9.672636 -5.757052 -3.038551 -2.031594 .2207661 .1541443 -.1134318 -1.094037 -.5327338 -1.178967 1.787523 2.30807 3.795797 6.063973 11.1377 23.65588 32.94984 33.01458 18.10058 13.26241 11.91519 9.898202 6.226223 3.238207 6.54316 2.454675
-29.49306 -27.13472 -22.14469 -17.07243 -8.8879 -3.732277 -6.712915 -7.025477 -8.575464 -10.84015 -12.71931 -14.81596 -14.35388 -13.48743 -7.118985 -5.443276 -5.673038 -7.31208 -9.271408 -6.324483 -1.093367 1.662449 8.810313 11.75321 7.430816 3.274782 -.5745318 -4.497267 -7.953595 -9.06305 -8.708009 -17.77263 -27.34772 -26.61547 -16.48172 -10.19201 -4.550352 -2.346214 -.8315014 -.3143356 1.156063 1.283112 -1.029333 -2.718324 -4.289102 -2.26627 -.1003 2.506839 6.29563 13.11336 26.965 32.57272 33.99413 15.64504 10.46889 10.66218 10.16908 7.653993 5.57903 7.131166 8.232427
-29.50004 -26.22152 -19.94363 -14.965 -6.74902 -4.071045 -4.202282 -2.883185 -4.013864 -4.802992 -7.103463 -8.376907 -10.46663 -11.41894 -8.549168 -5.025857 -4.22329 -4.094728 -4.612533 -4.163946 -2.561646 .6160128 6.955023 9.345842 5.664783 2.741848 .8491609 -.2521564 -.1860104 1.600809 2.464036 -7.64803 -21.70149 -28.72472 -22.5489 -11.77993 -4.176101 -.3798952 1.101764 1.278698 4.425624 3.986641 4.200219 1.473539 -1.117024 -2.780064 -1.943285 .7209659 6.549434 18.04922 28.79824 33.55285 28.05096 14.74669 11.01033 11.43945 11.63986 9.105639 9.544291 9.040247 8.887774
-29.48284 -25.5126 -16.78257 -10.77333 -3.113429 -4.000924 -3.839388 -3.115064 -3.716054 -4.012284 -4.12839 -3.921781 -4.487293 -3.832223 -4.866313 -4.822576 -3.803838 -2.691977 -.4792656 .4510856 1.602494 .7384543 5.221352 7.379805 4.137764 .6954787 -.5988743 -.4043735 1.099323 6.587938 10.26245 6.687095 -2.834524 -11.46681 -17.83585 -11.82757 -6.378898 -1.265772 1.271689 2.719194 4.606207 5.58691 6.469727 5.02224 3.494476 3.521357 2.173707 1.519339 7.899489 24.48106 25.45552 34.03368 25.19492 16.21894 12.50064 12.72447 12.48342 9.530821 9.121974 7.415457 8.245322
-28.64935 -25.24704 -17.55272 -9.652228 -3.146491 -4.415346 -6.171546 -5.669163 -4.781181 -5.819036 -6.079926 -5.821765 -4.850607 -4.560538 -3.817377 -7.021816 -5.81451 -2.67003 .4617296 1.19459 3.361752 4.270702 6.444167 6.889453 1.790348 -3.173356 -4.356025 -4.689309 -.8610047 5.671523 10.8679 8.921495 5.015847 1.629241 -1.657264 -2.702596 -4.593328 -3.358628 -1.454491 1.443928 2.565915 3.880636 4.683077 3.862916 4.236213 4.938092 5.856994 5.692614 12.91534 24.62397 21.21323 23.98573 23.91815 16.15398 11.98473 12.42075 13.06474 11.66906 10.90694 8.688394 8.673926
-23.48605 -22.09081 -16.47541 -7.830394 -2.938081 -5.805034 -6.454398 -4.29218 -3.114953 -3.627648 -2.551095 -3.613057 -5.39074 -6.152152 -5.464664 -10.73275 -8.961636 -5.00807 -.857505 .7340025 3.092883 4.419869 5.514111 4.699403 -.7193446 -8.12823 -10.77791 -9.462873 -3.983734 1.654118 4.994605 3.889853 5.123774 3.609421 4.007927 3.306263 2.684157 -1.209047 -1.550368 -1.249229 -.6177474 -.01479542 -.4278477 .08926885 1.663702 4.110946 6.360015 7.566401 14.00879 22.59716 16.68501 15.82147 16.8968 12.86399 8.772016 10.85877 12.54173 12.24593 11.45892 9.507714 10.53699
