py_wake/examples/data/AJ_ParqueFicticio/Rough survey   Sector All   Height 200m   Weibull-A.grd
DSAA
73  159
 258469   265669
 6501692   6517492
 7.03999   12.41252
[rows 0 to 27 of 159, columns 0 to 62 of 73]
8.887502 8.873043 8.869554 8.866261 8.862664 8.86148 8.862733 8.862383 8.861471 8.857698 8.851627 8.839483 8.826236 8.810205 8.791409 8.772941 8.754728 8.736242 8.7151 8.702495 8.711394 8.78301 8.874657 8.930562 8.883114 8.757028 8.693738 8.752779 8.809212 8.816736 8.808574 8.823678 8.842619 8.880281 8.944061 9.043352 9.178736 9.30152 9.344116 9.357304 9.365396 9.366113 9.362303 9.349049 9.33291 9.310002 9.282804 9.254618 9.238113 9.217948 9.198833 9.176593 9.159704 9.148376 9.133671 9.122202 9.114691 9.101039 9.087361 9.07127 9.049397 9.031669 9.011146
8.905525 8.880806 8.869803 8.864324 8.859996 8.858528 8.859357 8.858756 8.858103 8.856627 8.85057 8.838379 8.823919 8.808688 8.788611 8.766137 8.745362 8.725316 8.697019 8.68455 8.710053 8.808633 8.949212 9.046093 9.007392 8.870917 8.752552 8.779753 8.820534 8.834417 8.835752 8.837754 8.845636 8.87464 8.922638 9.020679 9.146785 9.280973 9.345769 9.355631 9.354877 9.365457 9.386623 9.384248 9.33665 9.311293 9.287556 9.263809 9.242797 9.221784 9.205754 9.188123 9.171365 9.161272 9.150216 9.142261 9.132146 9.121704 9.101645 9.082807 9.058644 9.03561 9.013424
8.953506 8.903854 8.87254 8.862529 8.855708 8.854799 8.854513 8.853086 8.853146 8.85049 8.850202 8.838373 8.824627 8.809557 8.78853 8.760118 8.73518 8.709172 8.6808 8.6667 8.702535 8.810514 8.970732 9.100746 9.119166 8.981789 8.849055 8.810571 8.827957 8.837228 8.846737 8.845728 8.848166 8.858302 8.876846 8.951644 9.072371 9.229471 9.314365 9.339367 9.338805 9.351641 9.378029 9.402263 9.36093 9.308437 9.275971 9.258105 9.242734 9.222899 9.209369 9.203412 9.190166 9.176632 9.163821 9.162629 9.152204 9.138061 9.119504 9.095355 9.064799 9.040669 9.012716
9.028406 8.949032 8.886183 8.863567 8.853146 8.851705 8.850996 8.84845 8.84617 8.842497 8.837873 8.837388 8.832294 8.817343 8.788202 8.752328 8.723309 8.693096 8.664664 8.649067 8.689199 8.800967 8.96261 9.110848 9.172292 9.078229 8.934191 8.869186 8.850141 8.850837 8.855635 8.857894 8.841228 8.811768 8.794623 8.832342 8.933354 9.102208 9.230909 9.278145 9.293201 9.334751 9.373282 9.401799 9.390632 9.329307 9.271475 9.245488 9.231397 9.215593 9.219768 9.22104 9.210204 9.199511 9.194028 9.185313 9.175485 9.158556 9.13729 9.106498 9.07596 9.045228 9.013967
9.082394 8.99858 8.919761 8.879189 8.856584 8.850821 8.852303 8.850089 8.844041 8.837126 8.829687 8.818871 8.826283 8.823707 8.788912 8.746405 8.71141 8.679125 8.652393 8.640857 8.690311 8.794714 8.942997 9.090359 9.174152 9.131001 9.020761 8.935308 8.887383 8.870638 8.861168 8.859291 8.804025 8.741747 8.693968 8.676176 8.750251 8.899486 9.048375 9.126238 9.21038 9.301847 9.369891 9.389042 9.400558 9.342871 9.274008 9.234725 9.217513 9.216711 9.231314 9.241285 9.238029 9.232529 9.226621 9.219364 9.20826 9.186913 9.155638 9.125993 9.090217 9.046137 9.000337
9.10754 9.046093 8.985472 8.93012 8.875884 8.854822 8.860251 8.859446 8.848953 8.839066 8.835155 8.813494 8.811804 8.822106 8.794153 8.74932 8.706559 8.666381 8.645634 8.653327 8.715118 8.82587 8.945352 9.077176 9.170077 9.158793 9.069505 8.985556 8.919928 8.877511 8.843723 8.813226 8.756937 8.683158 8.619047 8.575415 8.602343 8.705506 8.813917 8.912064 9.082644 9.269289 9.361107 9.372553 9.348163 9.311075 9.264264 9.237274 9.216211 9.210519 9.226773 9.246711 9.25404 9.259052 9.26177 9.260815 9.246818 9.224853 9.194566 9.154233 9.100439 9.035899 8.953902
9.121235 9.091013 9.062462 9.010768 8.929448 8.871696 8.882339 8.884824 8.871017 8.858472 8.846024 8.819441 8.804735 8.816373 8.805518 8.763932 8.710732 8.659111 8.627008 8.624393 8.696944 8.824073 8.954348 9.079019 9.169732 9.172996 9.105633 9.02141 8.936324 8.865752 8.81284 8.75478 8.704914 8.642394 8.575422 8.525529 8.51801 8.556417 8.620634 8.737013 8.967566 9.21201 9.323859 9.307972 9.264381 9.236565 9.231222 9.231743 9.193638 9.171388 9.187181 9.211764 9.241916 9.271931 9.294394 9.302303 9.294526 9.273023 9.233993 9.174263 9.092679 8.97754 8.840556
9.131499 9.119253 9.101335 9.06508 8.996789 8.931768 8.915548 8.918001 8.90103 8.883548 8.861212 8.838293 8.827098 8.835376 8.827252 8.788523 8.7272 8.666394 8.619188 8.599629 8.662664 8.792729 8.948144 9.066408 9.153505 9.173762 9.123802 9.038327 8.945382 8.860176 8.785365 8.734174 8.684272 8.621636 8.557504 8.498809 8.474566 8.477601 8.518268 8.632859 8.864556 9.08753 9.190905 9.1822 9.153342 9.182841 9.210897 9.202297 9.133823 9.092172 9.103275 9.131046 9.174728 9.242889 9.322886 9.352343 9.349976 9.325246 9.271557 9.18857 9.043287 8.862079 8.675827
9.141349 9.137273 9.128048 9.104769 9.05684 9.003853 8.974968 8.958014 8.932623 8.90351 8.877717 8.860978 8.85352 8.853507 8.852925 8.826138 8.771981 8.695883 8.631832 8.591633 8.60784 8.713483 8.851655 8.969178 9.079331 9.150264 9.143816 9.064189 8.965201 8.865603 8.78168 8.724263 8.670413 8.612777 8.552935 8.494232 8.451913 8.445412 8.489887 8.575006 8.739879 8.905243 8.976584 8.98313 9.039419 9.118399 9.130931 9.111423 9.031887 8.968544 8.987536 9.012442 9.056713 9.176374 9.319274 9.395411 9.401425 9.377866 9.316377 9.185748 8.956712 8.713768 8.500224
9.15057 9.148402 9.145363 9.136973 9.109565 9.064729 9.03009 8.996988 8.957131 8.915421 8.892741 8.886805 8.875807 8.871923 8.880857 8.874596 8.835791 8.762954 8.67853 8.60893 8.573478 8.607135 8.718496 8.826757 8.940557 9.061034 9.11793 9.070033 8.974259 8.869127 8.788116 8.728042 8.66936 8.610316 8.551039 8.497413 8.458182 8.447508 8.474298 8.535173 8.633106 8.713688 8.756121 8.784171 8.889046 8.978957 8.974413 8.955998 8.896803 8.82122 8.830606 8.861124 8.938335 9.116958 9.308056 9.416935 9.434622 9.41771 9.335369 9.172102 8.899298 8.597109 8.366161
9.157865 9.159153 9.156549 9.159895 9.163762 9.126038 9.094799 9.040839 8.968685 8.915199 8.910404 8.923902 8.904498 8.878238 8.897955 8.931102 8.923459 8.856487 8.762473 8.66922 8.59617 8.566607 8.619253 8.704185 8.804144 8.911115 9.013898 9.023767 8.957377 8.859056 8.784554 8.726669 8.677549 8.621066 8.564016 8.510384 8.478225 8.458831 8.465834 8.513206 8.56305 8.606798 8.629709 8.654509 8.731552 8.784373 8.779926 8.776978 8.747115 8.675075 8.66822 8.718606 8.868707 9.083109 9.278787 9.383175 9.425692 9.410593 9.325507 9.144906 8.870064 8.548738 8.318832
9.159861 9.167552 9.167274 9.168966 9.183745 9.168694 9.14253 9.060805 8.958673 8.917127 8.936321 8.968217 8.944771 8.888206 8.886536 8.954396 9.01496 8.962273 8.865003 8.761382 8.661354 8.601131 8.606091 8.640799 8.700871 8.782525 8.869785 8.915718 8.898013 8.822671 8.759742 8.707175 8.671448 8.635379 8.584496 8.529531 8.496334 8.476445 8.473776 8.492061 8.526257 8.553255 8.571651 8.593472 8.620964 8.630856 8.618893 8.622252 8.617084 8.568266 8.550027 8.63212 8.824839 9.038072 9.185041 9.262137 9.292181 9.277583 9.203711 9.058152 8.818947 8.541022 8.33258
9.153374 9.167187 9.175105 9.17343 9.183327 9.185504 9.158002 9.085268 8.968421 8.939056 8.993897 9.04108 9.010419 8.927865 8.897369 8.9387 9.02454 9.044343 8.983931 8.886366 8.793031 8.72251 8.68692 8.654831 8.655892 8.694038 8.75319 8.796767 8.800225 8.756877 8.71321 8.672444 8.648134 8.6232 8.588826 8.548757 8.510346 8.488416 8.478797 8.482864 8.500469 8.524295 8.540177 8.56057 8.55295 8.533049 8.521113 8.518147 8.51735 8.500126 8.497586 8.566349 8.723341 8.904263 9.022254 9.050759 9.053475 9.037879 8.976238 8.853703 8.687119 8.505254 8.340414
9.142476 9.15946 9.170231 9.176507 9.183002 9.183178 9.159828 9.107483 9.012403 8.99352 9.047414 9.086875 9.074638 9.012198 8.971171 8.9877 9.032215 9.050942 9.062608 9.007316 8.93961 8.877381 8.807621 8.720262 8.664059 8.653167 8.679718 8.700883 8.697933 8.684176 8.659524 8.634373 8.618853 8.605355 8.583331 8.555 8.521764 8.496577 8.480936 8.479007 8.48832 8.497193 8.507897 8.538112 8.513845 8.482917 8.46432 8.450319 8.457933 8.451594 8.469935 8.518005 8.612556 8.731876 8.819665 8.840443 8.835182 8.825251 8.784282 8.705494 8.586267 8.451524 8.320253
9.134714 9.150658 9.162293 9.172378 9.180553 9.176068 9.152172 9.114341 9.056112 9.034203 9.072525 9.106871 9.107478 9.084752 9.059913 9.058885 9.072514 9.097139 9.11513 9.091746 9.062782 9.022993 8.943466 8.828225 8.724265 8.664815 8.636158 8.631118 8.626796 8.620819 8.610826 8.599689 8.60159 8.60203 8.596511 8.572806 8.531177 8.493499 8.47659 8.481608 8.493114 8.503339 8.508251 8.533491 8.521882 8.468781 8.444302 8.435749 8.437198 8.454846 8.467268 8.490952 8.545811 8.618429 8.680988 8.724116 8.761758 8.788642 8.773894 8.708033 8.606644 8.47218 8.329112
9.125861 9.139166 9.149431 9.161745 9.170425 9.166629 9.145473 9.119846 9.083836 9.055747 9.084075 9.112305 9.12595 9.132234 9.130757 9.113972 9.106668 9.130132 9.156026 9.140908 9.132392 9.124376 9.070996 8.960377 8.838168 8.72425 8.646031 8.606718 8.587152 8.589178 8.582776 8.574668 8.578382 8.612124 8.645243 8.623673 8.549207 8.489188 8.458909 8.477084 8.519871 8.543469 8.545807 8.5602 8.536201 8.489666 8.463483 8.465091 8.488593 8.498486 8.501431 8.503744 8.54035 8.604725 8.673726 8.752164 8.847821 8.922881 8.939112 8.877146 8.755795 8.588009 8.375751
9.1161 9.126656 9.135627 9.148099 9.158733 9.159245 9.145375 9.124679 9.102633 9.088223 9.096453 9.11713 9.138474 9.149878 9.16538 9.155282 9.1366 9.142307 9.168084 9.162921 9.160778 9.168712 9.144447 9.086308 8.987683 8.854649 8.721836 8.62851 8.590903 8.583057 8.586029 8.566904 8.576989 8.653051 8.745361 8.740047 8.627597 8.512266 8.452252 8.458977 8.55541 8.608725 8.613116 8.609131 8.587972 8.547265 8.520707 8.53743 8.576738 8.592786 8.579399 8.569289 8.610737 8.684283 8.79411 8.917054 9.047604 9.147559 9.172324 9.122401 8.990623 8.762913 8.464206
9.108851 9.116497 9.127632 9.1401 9.147866 9.151709 9.144256 9.132849 9.118547 9.11735 9.122287 9.124263 9.137483 9.161401 9.174173 9.174269 9.161576 9.160165 9.170816 9.173094 9.171906 9.18228 9.1781 9.160483 9.10775 9.003793 8.85999 8.730833 8.652768 8.631273 8.611263 8.577163 8.616284 8.733523 8.853284 8.863751 8.727217 8.570607 8.461587 8.484208 8.626915 8.714759 8.733027 8.730858 8.709489 8.668173 8.635436 8.66354 8.724617 8.741093 8.703321 8.67793 8.727381 8.846476 8.983574 9.11929 9.245565 9.330536 9.356791 9.297064 9.162007 8.929601 8.603391
9.101232 9.10874 9.118331 9.132164 9.139984 9.14475 9.144352 9.135488 9.129854 9.135418 9.146613 9.140312 9.134924 9.156632 9.174576 9.18224 9.178025 9.176898 9.179228 9.179452 9.174684 9.180219 9.190226 9.200913 9.180737 9.10778 8.996757 8.875582 8.781688 8.726321 8.658511 8.603386 8.697768 8.835153 8.945239 8.96849 8.836021 8.623684 8.470034 8.50264 8.702813 8.864001 8.93278 8.945724 8.918289 8.875177 8.823374 8.851305 8.918977 8.92527 8.862935 8.814321 8.851065 8.969939 9.118979 9.261736 9.369235 9.440526 9.44195 9.383457 9.264276 9.057877 8.747258
9.094351 9.101864 9.111853 9.122734 9.125893 9.133522 9.137417 9.136829 9.137327 9.146814 9.161314 9.158059 9.144886 9.155965 9.172464 9.185152 9.190141 9.192553 9.190835 9.188939 9.178344 9.17905 9.183771 9.205387 9.202552 9.16149 9.091145 9.002645 8.912543 8.823305 8.704475 8.639733 8.749882 8.913449 9.017876 9.04088 8.908288 8.671118 8.476686 8.531013 8.767992 8.997401 9.122814 9.161235 9.153881 9.102081 9.037092 9.0469 9.097948 9.085134 9.006404 8.943498 8.962261 9.053883 9.182945 9.318636 9.427718 9.501675 9.490999 9.433952 9.328372 9.142238 8.873597
9.086473 9.090264 9.093081 9.098629 9.105611 9.114483 9.125357 9.13258 9.140267 9.152328 9.164773 9.166348 9.157306 9.162902 9.174888 9.188093 9.199149 9.201742 9.202499 9.189731 9.180342 9.173328 9.179699 9.190616 9.193412 9.170269 9.123755 9.066996 8.9975 8.870065 8.759458 8.712888 8.736537 8.897287 9.027277 9.079435 8.948105 8.696288 8.5128 8.589743 8.830196 9.074634 9.229037 9.302375 9.307838 9.267374 9.209558 9.19676 9.212635 9.182001 9.095488 9.062502 9.066462 9.122392 9.240299 9.363282 9.473856 9.547915 9.553258 9.495306 9.385633 9.21686 8.986172
9.075336 9.074962 9.071271 9.076943 9.088794 9.100523 9.111061 9.121195 9.133391 9.148275 9.160625 9.169218 9.171367 9.172946 9.17871 9.187997 9.202095 9.20983 9.207648 9.196692 9.185691 9.177036 9.177328 9.1818 9.181113 9.164892 9.124473 9.072081 9.003942 8.889283 8.8395 8.810718 8.749098 8.825798 8.975495 9.063937 8.955674 8.712455 8.536905 8.63167 8.862214 9.096742 9.248019 9.334893 9.360738 9.358837 9.332577 9.302334 9.272935 9.223084 9.161855 9.145901 9.16151 9.197054 9.303615 9.426453 9.537247 9.622836 9.64098 9.585103 9.45672 9.288342 9.077414
9.061515 9.061561 9.06047 9.06033 9.07345 9.086404 9.097592 9.109579 9.12152 9.13741 9.151967 9.164015 9.174761 9.180935 9.183277 9.187491 9.191745 9.206094 9.209286 9.202817 9.19144 9.18294 9.181844 9.181305 9.172915 9.148845 9.105894 9.049825 8.975836 8.938262 8.945565 8.923101 8.836563 8.795677 8.88851 8.993763 8.943506 8.763123 8.60487 8.62242 8.820705 9.043321 9.212821 9.299603 9.346918 9.376345 9.385552 9.358274 9.313936 9.252793 9.217752 9.219774 9.250432 9.276617 9.380379 9.520432 9.644025 9.736896 9.773382 9.720941 9.564642 9.350941 9.13339
9.059188 9.063666 9.059628 9.054896 9.062022 9.074819 9.087104 9.097825 9.110368 9.122527 9.138602 9.15486 9.166372 9.179399 9.18722 9.192636 9.186613 9.189607 9.197892 9.202773 9.199503 9.191152 9.186359 9.184185 9.170838 9.134413 9.08764 9.024114 8.953684 8.962425 9.016079 9.007103 8.905964 8.803993 8.802087 8.907359 8.931924 8.83322 8.70681 8.64138 8.742111 8.928985 9.104367 9.213271 9.285754 9.346868 9.377007 9.373202 9.338933 9.296403 9.278801 9.296198 9.339084 9.37615 9.472048 9.642385 9.800301 9.901971 9.941833 9.880218 9.680024 9.413255 9.162064
9.054574 9.062189 9.062526 9.059914 9.063221 9.071661 9.07937 9.090212 9.100423 9.114676 9.128994 9.14547 9.159563 9.17138 9.18346 9.19223 9.192036 9.187457 9.191914 9.198215 9.200249 9.19735 9.189809 9.188571 9.168139 9.128567 9.074611 9.026616 8.980389 8.968551 9.01732 9.02547 8.958128 8.841724 8.764955 8.845124 8.901312 8.868325 8.783266 8.698194 8.700624 8.846328 9.002947 9.112983 9.20962 9.28227 9.335519 9.366674 9.36689 9.352718 9.361841 9.40336 9.460473 9.507426 9.59789 9.794575 9.993177 10.10216 10.12108 10.02116 9.763911 9.444568 9.158412
9.053559 9.051721 9.05662 9.063787 9.068297 9.074505 9.081451 9.085626 9.091994 9.103775 9.121768 9.139153 9.153376 9.168056 9.178727 9.18674 9.191671 9.190481 9.190304 9.193054 9.196727 9.199915 9.192117 9.188525 9.17081 9.125955 9.069819 9.040842 9.031542 8.997977 9.003678 9.011971 8.965578 8.87271 8.770941 8.817806 8.869525 8.880033 8.827828 8.740798 8.714993 8.819774 8.964322 9.079164 9.162169 9.223551 9.286841 9.350457 9.394693 9.413001 9.45408 9.538728 9.634789 9.69035 9.761734 9.972391 10.21048 10.31808 10.2812 10.09718 9.781309 9.434097 9.124268
9.060896 9.052641 9.053149 9.060403 9.070408 9.079281 9.085031 9.090301 9.092348 9.09958 9.114138 9.13329 9.151908 9.163863 9.173873 9.180852 9.187793 9.191783 9.190615 9.187756 9.18827 9.191883 9.195028 9.180821 9.169289 9.130989 9.069867 9.049013 9.050694 9.010539 8.997831 8.997014 8.956013 8.875398 8.799671 8.823917 8.849218 8.867915 8.861453 8.768407 8.724173 8.800071 8.935867 9.050129 9.141426 9.190788 9.247993 9.324949 9.410546 9.477778 9.56571 9.695485 9.850559 9.93479 9.975026 10.16125 10.42134 10.51996 10.38444 10.07849 9.71465 9.355927 9.057936
9.06223 9.063291 9.060057 9.063931 9.073602 9.082657 9.090138 9.09191 9.094154 9.103052 9.116053 9.133962 9.150118 9.16435 9.172091 9.179391 9.183314 9.189051 9.190254 9.187337 9.18071 9.177861 9.180527 9.176952 9.16225 9.125596 9.078887 9.045749 9.045957 9.017972 9.00207 8.991827 8.939888 8.859519 8.80137 8.82591 8.852598 8.857793 8.853326 8.767311 8.710115 8.757322 8.861465 9.003629 9.114286 9.179356 9.23689 9.32611 9.442025 9.559189 9.687847 9.867273 10.08205 10.21583 10.24706 10.384 10.60067 10.66505 10.42666 10.02332 9.613257 9.254008 8.988003
