py_wake/examples/data/AJ_ParqueFicticio/Rough survey   Sector 4   Height 30m   Power density.grd
DSAA
73  159
 258469   265669
 6501692   6517492
 .007191152   1276.622
[rows 28 to 55 of 159, columns 0 to 62 of 73]
127.0799 127.4346 127.5542 127.5847 127.9112 128.6528 128.8359 128.8076 128.3274 129.9033 132.2271 134.6573 136.7734 139.921 139.3495 139.569 141.0081 142.3929 143.3904 143.966 143.3048 140.5456 142.0427 141.3018 138.1691 131.2698 123.5065 121.0052 124.1027 125.7122 129.169 130.1885 121.4372 100.2527 79.69196 104.9001 118.9435 113.9061 113.9537 93.14896 74.14507 75.50294 80.34367 110.1894 128.3165 133.7788 124.5505 124.6588 154.4304 188.5978 206.0649 246.1494 406.539 542.8271 441.4293 486.5261 741.8099 848.2133 606.511 320.4796 197.9011 113.9352 61.75592
126.5765 127.2441 128.0007 128.2564 128.9325 128.8309 128.6258 129.3121 130.3588 131.1537 132.5828 134.2982 136.5071 138.0408 138.4462 138.5943 139.8381 141.8436 143.3313 144.9014 140.6514 136.4564 137.1381 137.5758 135.5597 130.2787 124.4443 122.4158 122.7016 124.5879 125.7111 125.4234 113.5776 89.37285 78.87927 102.4972 109.6118 105.7292 104.726 94.45663 79.85157 73.2118 79.42596 93.98981 108.6384 119.2881 119.41 127.4221 165.9707 216.928 243.3748 293.299 422.6112 591.3381 599.0327 657.3286 787.0643 790.2012 513.6098 283.996 161.2007 81.46935 55.87878
125.7839 126.535 127.5315 127.8649 128.3038 128.8246 128.7153 129.2535 130.3018 131.1765 131.7989 132.6341 133.9686 135.2519 135.5829 136.8997 139.1233 141.3491 143.7977 143.9374 139.5927 136.3333 134.6147 134.4527 131.9654 129.0208 126.0276 123.5299 121.473 121.3111 121.338 122.0045 106.5744 87.36179 84.52512 98.62889 103.0119 100.6301 98.4923 95.69478 85.07898 70.57653 78.64616 90.57892 96.42344 102.0604 111.9694 137.1334 177.5512 235.6416 273.4569 351.2092 456.1 632.4142 790.3478 847.8335 902.7454 702.7157 409.8965 222.3092 105.0549 57.5424 67.91198
125.326 125.9867 126.3367 126.7089 127.4033 128.0918 128.2766 128.6407 129.3956 129.9744 130.4748 131.366 132.0139 131.3836 133.8023 135.7426 138.2451 142.2372 145.9002 141.8443 138.4218 136.268 133.4689 131.5396 130.092 127.9723 125.4206 125.4463 121.48 118.5238 120.0082 119.2113 106.4548 92.11205 92.16237 96.83036 95.89723 92.07196 91.5004 97.79822 87.46441 76.10085 73.66947 85.25702 95.34793 99.21375 107.7945 135.3418 177.2271 226.3061 291.8203 394.8695 514.0976 668.8004 912.9456 1025.157 995.7075 634.6732 325.9032 162.1413 71.8321 48.86478 107.2349
123.9325 124.8461 125.8596 126.349 127.2039 127.6153 128.2587 128.1947 128.465 128.947 129.2523 129.8227 130.25 127.2552 130.6915 133.7622 137.4717 144.5592 144.5125 139.5005 136.7125 134.9777 132.5452 130.2979 128.6589 125.5736 123.9813 123.0917 118.3919 116.4144 116.8623 113.3858 102.7693 94.52131 92.91775 96.23029 94.71837 84.86703 86.19051 95.04324 96.78517 83.59295 77.30946 76.39693 87.06401 106.4991 133.4339 149.3632 166.0274 207.9545 274.1917 373.8604 514.7567 721.8555 1037.804 1157.326 998.1574 572.055 279.868 128.4719 59.8265 58.63904 193.6939
124.1235 125.212 125.8419 127.0671 127.8625 128.586 128.4171 128.9197 129.2016 129.2886 129.3651 129.7244 128.6191 125.0667 129.2737 132.4388 137.2968 146.1153 142.2419 138.1831 135.0459 133.5268 131.7253 129.2122 127.776 125.5338 122.2526 123.2988 120.0113 115.7763 114.4234 111.0668 104.0334 96.88319 91.89738 92.14114 93.08886 79.64868 81.25065 85.80775 93.96906 93.70992 88.04562 76.28156 76.1609 98.91267 140.2206 164.7314 176.3214 214.2702 277.3426 379.2959 501.101 684.9929 1001.874 1276.622 990.1458 534.0073 257.1589 125.7924 57.97767 73.72453 296.3227
125.768 126.646 126.9375 127.5936 127.9519 129.054 128.7339 129.2182 129.9941 130.2073 130.7608 130.3428 129.3514 126.6781 130.3279 134.2954 139.4769 146.4955 139.5331 134.9914 132.4125 130.0059 128.7275 127.0449 125.4945 123.7933 122.5344 121.3232 119.3171 116.773 113.2669 110.2569 105.99 100.1936 91.84102 85.94231 92.7367 81.18382 75.71593 75.01504 89.48203 100.9356 101.6164 97.9707 71.08678 85.71961 124.8792 160.0184 174.4452 223.5275 289.017 425.1472 551.9734 671.2443 939.4076 1235.908 1014.531 557.9481 265.1096 123.9857 68.7534 108.832 335.0475
124.818 126.9058 127.5958 128.2072 128.1514 128.687 128.9593 128.8437 129.2059 129.9158 130.339 129.9733 128.5807 128.4796 132.8602 136.7519 141.0431 145.4214 135.1081 129.1694 126.7488 125.577 125.0995 124.4767 123.9179 123.9093 122.2145 120.6215 118.1239 115.6442 112.4263 108.5688 104.8523 100.1673 90.88029 82.7403 85.66273 85.22922 73.40292 65.01069 82.93094 102.0053 126.1796 125.6633 95.08634 73.21223 106.9332 156.4629 186.3033 232.0208 295.5841 446.1294 590.2036 724.4873 925.9273 1164.008 1011.08 614.0031 265.9333 117.2196 96.07115 185.6623 363.0442
123.0575 124.8948 126.0928 127.7683 129.1383 130.261 128.8213 128.8185 129.5771 129.8386 130.4322 130.0094 128.7156 127.9541 132.925 137.2095 141.6543 145.9699 133.939 123.5746 121.1675 121.3674 121.9104 122.6697 124.9295 123.9723 121.8135 119.4356 116.7127 114.062 110.9618 106.5057 101.941 100.3581 93.2372 84.12316 76.53142 75.83476 64.11991 62.16554 78.1696 109.7776 150.0308 169.8984 138.3263 68.72048 78.49474 135.8477 194.1917 249.5355 296.5682 434.1162 613.5669 740.0356 922.876 1140.619 1027.628 600.7867 234.1167 112.4085 152.3227 307.5113 443.4517
119.3882 122.6259 124.7264 126.7304 128.8718 130.0303 128.8869 130.1234 130.2724 130.7166 130.3073 130.0083 129.0092 127.3725 131.4673 134.2584 136.7974 138.5761 136.7057 127.2532 117.5331 118.8808 119.8026 121.5105 126.2987 123.7938 121.1017 117.9393 115.0816 111.3857 106.8526 104.3355 102.9876 101.8148 98.87589 89.74722 69.57475 67.62663 64.06091 54.5076 73.76041 125.7283 183.0218 226.4051 209.9175 99.68481 60.23877 104.5425 178.7158 244.1891 289.9116 384.109 533.6678 679.1699 886.2168 1143.98 1027.574 568.6012 210.5592 131.1672 226.3431 422.3586 531.1857
119.8352 122.8131 124.85 126.0534 127.4092 129.2074 127.5217 129.0225 130.4202 131.3552 131.8392 132.2802 130.6462 127.5196 129.1346 130.3883 131.594 132.1626 131.9388 127.1202 114.6135 117.6238 119.0587 121.4946 125.7071 122.5895 119.787 116.8112 113.5778 108.9025 103.0776 105.5952 104.4258 101.8408 99.79913 87.81853 65.55634 57.96401 51.94935 54.69149 68.84599 116.6221 195.3083 273.4888 288.6332 163.224 80.19699 94.2219 115.6646 189.1199 278.705 350.1554 480.3647 643.9815 900.5373 1195.865 1100.201 571.9994 228.6277 174.0053 303.9959 450.8821 538.2073
122.1482 125.2806 127.1973 128.535 129.1284 130.7815 127.4125 129.4095 131.2751 133.0142 134.2694 134.8974 128.7014 127.0761 128.1377 128.716 130.0733 130.7989 130.0701 121.2869 114.1663 117.5438 119.9398 123.1573 123.5735 121.1932 118.5447 115.86 112.5123 106.8322 102.1683 103.2049 103.2068 102.0683 100.4079 86.83431 65.5324 50.94603 40.64071 52.70837 69.33855 111.0163 176.2783 276.0356 342.6362 234.908 114.7361 138.4777 126.6149 141.5564 252.9975 349.6445 467.0818 605.6307 846.4414 1183.297 1109.706 656.0899 324.4653 264.2367 306.0869 384.7838 434.9665
120.74 124.4005 127.8259 130.0735 131.0085 129.2776 129.1386 131.0224 133.0683 134.6541 135.3578 134.8917 127.9095 126.8445 127.5084 128.5318 129.1493 128.2883 127.3208 123.1277 119.7846 120.0125 121.2893 123.4108 120.6251 116.885 115.3592 112.7688 109.9019 105.4651 103.9279 103.7115 102.8027 102.9275 101.3218 91.74729 70.09708 45.3968 37.67543 51.90651 73.79031 115.8079 161.4907 255.5744 341.6524 284.8506 159.6738 156.292 151.9636 151.6449 228.2859 337.8569 470.5649 608.1251 833.0859 1099.233 1123.345 817.2215 460.728 315.7687 259.1667 286.6423 334.5966
123.5137 126.1641 128.4883 129.7609 130.2752 129.6904 127.3548 130.0419 133.0395 134.9663 136.059 137.6634 127.0054 123.1838 124.4528 125.7454 126.1295 126.3336 125.5897 123.142 124.3486 124.9779 125.2251 125.2866 120.7642 112.2547 112.4584 110.9844 110.0132 106.6425 105.6688 104.9634 103.9049 102.4932 102.2455 97.00517 70.59581 38.33901 37.39061 52.07277 79.9078 119.989 150.9931 237.6353 327.5975 311.5945 187.9888 148.6875 159.6295 178.3172 235.608 326.7491 453.1405 587.8322 793.3529 1027.97 1064.062 952.8246 646.2192 379.6573 217.7457 189.072 224.5394
127.4704 129.7582 132.2681 133.3779 131.6547 129.2986 125.3584 127.685 130.7985 132.3746 133.4193 133.9003 130.3793 123.8599 123.9413 124.9934 125.243 125.7661 124.0822 121.2194 123.2995 126.1883 129.4716 130.0648 116.1209 109.86 110.0692 109.6308 109.3986 106.963 105.6852 103.9055 104.1682 103.187 102.5173 94.83281 67.7707 42.41159 38.23891 57.12202 83.81634 113.4002 141.7771 223.88 287.4194 314.7021 201.6161 132.4025 180.3009 222.7211 275.1801 343.4987 444.6889 538.8659 695.2682 960.6803 1126.07 1083.803 810.7305 483.8563 269.4178 147.8587 142.6546
129.1187 132.4796 135.9282 140.3629 138.1637 130.2314 121.3812 125.362 130.5797 132.8485 134.7864 133.9764 128.9752 124.9814 124.8323 125.0252 125.0915 125.0739 122.8835 116.9808 121.0104 125.5777 129.389 125.7029 116.0547 112.11 111.0894 109.5937 108.6064 106.0904 104.6082 104.6684 103.5874 102.5219 105.169 93.94735 75.67216 56.86312 46.94588 63.99039 81.87294 111.381 148.9296 229.1986 285.5656 284.1027 210.2929 152.1309 190.9704 253.6649 303.0494 346.6258 436.894 504.0005 663.811 1042.514 1220.368 1160.346 849.374 519.5172 341.6495 199.8815 122.4501
128.1611 130.9566 134.3211 140.6951 134.9447 128.3812 120.9946 123.1332 127.6323 131.4924 135.1497 131.875 124.6215 123.3366 124.1682 124.3077 124.7001 123.4899 121.4772 115.8829 119.0901 124.201 128.843 129.11 115.4212 113.1415 113.1356 112.967 110.0795 106.0967 105.2763 107.0285 104.6892 103.5093 108.8942 98.23532 85.59978 71.69905 60.49334 69.43106 72.38348 115.2857 164.4467 200.7451 241.1672 242.9855 200.3488 179.036 199.2128 271.2036 296.2449 307.1092 361.4551 495.9508 692.3904 1102.766 1191.843 1059.725 775.1754 506.5293 341.129 231.7887 165.4389
128.2374 130.3259 132.6435 137.8249 135.7532 126.2459 119.9677 124.0908 127.6081 129.6906 132.8935 130.6005 126.0117 124.2323 124.7069 125.0009 125.212 123.9934 121.4237 116.2523 118.856 122.9433 126.583 127.8044 119.8637 114.0568 114.6694 115.289 112.0319 100.6861 102.7126 111.1563 101.5705 96.95009 111.352 102.0732 89.96533 78.13198 77.60827 79.47137 77.60739 106.9652 150.3606 162.0551 192.3605 201.9491 222.2473 237.4013 253.053 283.9519 307.5506 324.8744 375.5413 567.0617 808.9717 1114.693 1151.107 827.5684 597.0469 433.4834 335.035 257.7243 211.7675
127.3981 130.8098 133.9454 134.9601 134.9611 131.4738 128.8437 132.3214 135.0118 133.1992 133.7076 129.7523 125.3767 124.0329 124.5822 124.9455 124.5501 123.4472 121.1984 117.2427 121.0976 125.5484 128.7259 129.113 119.4087 114.859 116.3906 116.4952 114.067 106.0889 102.3246 113.2001 108.0059 93.94405 112.6091 104.7585 91.81809 80.94775 77.74899 87.21222 92.46272 101.7453 116.6398 139.8339 182.8561 222.1361 225.4074 244.6728 243.2285 273.7267 288.7919 375.7099 450.7891 609.4792 831.3484 1049.392 1106.856 773.8753 481.1909 370.9259 292.7331 254.4775 252.1896
125.8555 128.9864 131.7856 132.4333 133.7435 134.9422 135.9431 139.8303 145.696 145.2459 133.177 128.724 122.0115 118.6624 120.0891 121.9062 122.5012 122.2363 121.0693 120.619 125.1722 129.135 130.9118 126.6233 116.0938 114.0855 115.4684 115.555 112.9764 108.835 103.6494 111.1267 110.1135 96.35866 111.8431 111.1105 94.83807 84.5795 75.00833 88.08768 96.22077 104.6885 121.7458 143.2252 192.9611 242.9345 223.2813 216.9523 235.9734 264.5909 301.5499 449.5817 604.8791 703.2866 799.1203 882.2042 948.0911 740.7159 472.4839 359.4412 278.3557 247.8167 233.2448
125.3739 127.4874 129.8173 129.3138 133.1016 135.5676 138.594 143.3468 151.8727 143.5176 133.4108 127.2409 119.3484 111.2985 115.6274 118.7629 120.8411 121.6974 120.9998 117.4119 122.9329 126.3752 128.8021 130.83 117.674 108.5355 113.5667 114.1696 113.4247 109.9804 116.052 122.6194 120.3231 100.3572 111.2527 115.554 102.485 93.07616 79.18094 90.42105 101.9808 109.6479 120.2059 149.731 182.9748 220.1589 214.3327 206.9201 229.4832 280.3969 371.4575 494.2132 660.7532 743.3568 761.2883 658.2302 669.7703 607.4066 447.3491 399.9676 331.7883 244.7205 209.7462
127.7043 130.3155 130.7988 128.3983 132.3586 135.9511 140.3377 146.9134 149.913 144.9163 133.5667 125.0112 117.7346 112.0915 114.7312 120.0402 121.3753 121.6931 120.7382 113.496 118.3985 121.801 124.1441 124.165 121.8917 110.9171 114.6502 116.9898 116.1465 116.6501 123.0292 124.2825 116.9574 111.8211 117.8246 120.6818 109.8398 100.6359 86.8171 90.71618 94.89488 108.9612 119.7903 137.2784 158.3751 187.8892 181.6636 221.0061 283.1959 354.0138 464.9378 556.1585 618.8787 683.0425 708.3716 540.3465 500.6235 467.8747 342.1786 375.0494 404.8488 302.8882 234.2932
127.534 130.9082 132.9411 128.2909 132.8327 137.4279 143.7794 151.3626 146.0904 141.7587 132.2662 122.3182 115.5542 112.3616 117.7683 121.1711 123.2203 125.5682 119.6586 111.5406 117.3871 120.5638 122.3089 120.9045 118.1858 118.9342 121.8089 121.7655 120.8914 125.7985 128.0762 124.7854 118.8567 117.0842 125.314 125.033 109.5112 103.0268 94.09011 90.33954 93.76895 102.1027 118.5494 115.4308 129.5461 163.9259 199.1281 251.3183 313.9933 409.831 550.8547 644.8424 547.3482 550.2561 656.2472 522.03 397.0247 375.1514 260.0975 286.5873 377.6313 383.5199 292.443
125.5059 129.0237 132.2998 133.3542 135.8263 139.872 147.519 147.7849 143.8543 138.7179 130.0319 120.3578 113.6525 113.6209 117.1614 119.7751 120.3363 119.5227 118.3251 118.8718 121.9661 122.97 121.3121 118.1433 120.897 125.6593 128.8603 125.9877 123.0575 133.0345 139.9993 136.9167 121.9692 118.3079 131.4618 129.4908 107.1172 105.0891 99.05496 87.29234 92.58892 93.99439 115.7345 118.9797 131.2868 174.3955 214.8798 262.2723 330.8281 409.9131 572.1124 719.877 535.1118 388.8321 518.1058 568.3923 408.3979 307.8538 218.1925 201.4109 293.6352 381.5423 367.4617
125.0127 129.321 132.6043 134.3942 137.2415 140.9166 147.1249 146.1568 141.6299 137.5926 130.3563 122.8207 118.1546 117.6084 119.5359 120.5299 118.3854 115.8461 119.502 123.2926 126.3972 128.2089 119.1409 117.8444 122.1394 126.7674 127.0544 123.5024 126.6734 135.1414 145.9069 136.5883 121.9812 125.3393 142.9219 139.2006 117.4825 104.339 102.6307 98.85423 91.93692 75.70103 97.24243 107.7985 128.3156 179.8456 227.1909 253.9534 318.0301 390.6726 608.6768 773.9515 555.5765 276.0704 358.9044 510.4753 482.055 356.993 195.9263 154.6636 216.603 318.5957 369.3865
127.6379 131.5016 133.088 136.2052 139.3131 143.1979 147.4312 143.3848 139.4364 136.1297 131.445 125.975 121.9043 120.8311 122.2571 124.6922 120.8036 113.2073 117.0023 121.4333 122.7342 121.7961 119.1192 119.8326 123.4178 127.4862 124.3738 124.767 129.0284 138.3969 146.9133 141.2665 124.5586 132.4646 154.0314 158.5771 129.9469 109.1733 99.6621 120.5732 117.9175 85.55973 78.72892 89.61343 115.205 158.7669 203.6415 234.4344 295.3735 380.4459 595.8898 771.9492 595.0472 248.6791 230.5361 417.2159 526.1429 488.8736 264.1336 111.3349 150.0658 228.6574 355.1343
132.896 134.4958 133.574 136.6808 141.1304 146.8594 144.6705 141.2392 138.6454 135.7575 133.029 129.4089 125.5561 122.2479 121.1843 121.38 115.5576 113.8063 118.2666 120.826 120.4608 116.8921 117.0438 120.0221 123.9608 126.5673 123.8031 121.4296 123.8817 144.7431 157.4908 156.9647 125.1708 133.1138 164.5741 190.3545 174.1023 119.3892 84.22172 123.6961 135.489 119.0997 97.48602 81.32706 97.99604 141.6892 170.7184 199.28 292.7147 373.3739 520.3367 709.2275 603.4354 269.454 160.161 289.1971 504.8607 580.5624 348.7827 143.1665 90.8307 154.1159 332.9272
135.2798 135.4407 137.0786 140.3564 144.3396 148.7225 143.1881 139.9665 137.6327 135.6774 133.9944 131.9291 129.6994 125.9791 119.6608 120.3413 120.9568 119.4272 122.4089 127.0834 124.3531 111.2543 114.3071 118.0224 121.9842 123.9824 121.1577 114.8577 116.4618 143.539 181.7499 178.2445 121.8415 133.7244 159.0766 203.2468 206.5997 155.8701 87.03513 95.84859 151.8199 142.0004 133.6321 108.703 100.9395 137.1066 159.0346 163.3683 240.6124 319.9531 466.9695 653.23 581.4807 276.248 127.4644 219.5617 500.0061 636.2109 407.6388 184.6839 71.20054 110.6964 331.4869
