py_wake/examples/data/AJ_ParqueFicticio/Rough survey   Sector 8   Height 200m   Orographic turn.grd
DSAA
73  159
 258469   265669
 6501692   6517492
-11.06624   14.65756
[rows 81 to 107 of 159, columns 0 to 61 of 73]
.4920277 .535063 .5783692 .6937858 .9361278 1.250985 1.520247 1.720082 1.886307 2.034737 2.192194 2.251642 2.27006 2.374885 2.4217 2.376474 2.347186 2.418634 2.542553 2.731313 3.003726 3.337219 3.703271 4.035932 4.407397 5.008028 5.812613 6.801253 7.61426 7.901888 7.524913 6.842056 6.204748 5.76645 5.371487 5.006148 4.626596 4.162748 3.978839 3.980664 4.028939 3.900339 3.764098 3.468768 3.125456 2.646849 2.057026 1.513736 1.044021 .6576334 .4544225 .388489 .4946368 .6862471 .7881587 .6464064 .1498096 -.5151772 -1.353942 -2.202691 -2.996794 -3.873971
.5515698 .6153733 .6891874 .8060187 1.017811 1.300208 1.627602 1.826607 2.014432 2.229131 2.392048 2.404588 2.538639 2.660819 2.750029 2.795981 2.765787 2.807027 2.898486 2.999764 3.294559 3.557676 3.946418 4.294755 4.840317 5.567239 6.525521 7.472517 8.135463 8.183477 7.526467 6.775129 6.11987 5.673266 5.263975 4.729883 4.308367 3.934297 3.908806 4.139816 4.31358 4.281729 4.081195 3.74153 3.355375 2.823297 2.144783 1.587677 1.06013 .6471247 .4050501 .4018863 .5247247 .7119502 .8452684 .6319788 .03336575 -.6821794 -1.579927 -2.542829 -3.429765 -4.416302
.5925834 .6556733 .7650678 .9232507 1.123782 1.377669 1.661033 1.915148 2.164888 2.404984 2.516304 2.666652 2.804064 2.954526 3.122226 3.220747 3.279682 3.311692 3.350658 3.492304 3.67766 3.874205 4.170005 4.590995 5.230227 6.153999 7.14693 8.023036 8.500863 8.309715 7.552566 6.724405 6.071908 5.47486 4.985196 4.306955 3.836847 3.651536 3.890217 4.201624 4.459647 4.527989 4.356501 4.025785 3.666343 3.138641 2.504397 1.931899 1.431769 .9032534 .5655251 .4945692 .6059858 .772452 .7969574 .5530143 -.06301427 -.829815 -1.754747 -2.799097 -3.830565 -4.900976
.5656163 .6869082 .8043862 .9787007 1.178686 1.467639 1.731785 2.055907 2.333038 2.533739 2.701053 2.921838 3.094406 3.202584 3.387418 3.526392 3.690597 3.817955 3.869386 3.999878 4.138997 4.310706 4.561301 4.978146 5.611554 6.596984 7.658667 8.425928 8.754121 8.419847 7.640094 6.77202 6.032339 5.355864 4.769861 3.887588 3.494282 3.466393 3.732006 4.237816 4.591065 4.676549 4.487012 4.18255 3.834975 3.396332 2.872776 2.426312 1.863593 1.288624 .8559272 .6670706 .6894704 .7219114 .6780098 .3365942 -.232875 -1.050862 -2.073469 -3.129752 -4.315981 -5.485509
.6162651 .730332 .8531885 1.013096 1.227767 1.533425 1.812833 2.142779 2.410591 2.640661 2.902602 3.135668 3.349816 3.455242 3.614036 3.847156 4.024977 4.183637 4.335715 4.533303 4.690161 4.941662 5.191182 5.605683 6.268184 7.28681 8.279125 8.945297 9.073446 8.665313 7.923017 6.993235 6.188117 5.343379 4.592721 3.747896 3.361382 3.435854 3.767553 4.206855 4.510105 4.543916 4.385758 4.061835 3.800492 3.40233 3.045609 2.708513 2.251434 1.72032 1.243555 .9034096 .7201102 .6415767 .5111852 .09290911 -.591405 -1.467231 -2.437726 -3.583803 -4.886868 -6.156565
.642504 .7387424 .8580269 1.053637 1.31815 1.616103 1.946206 2.193823 2.45068 2.761273 3.043608 3.239388 3.454258 3.631361 3.844328 4.086656 4.247413 4.425927 4.730964 4.97128 5.294397 5.604728 6.003628 6.536426 7.284501 8.185178 9.088079 9.595715 9.581985 9.085385 8.22788 7.270383 6.268879 5.287445 4.433901 3.601433 3.270066 3.492937 3.980526 4.280995 4.43633 4.395957 4.148232 3.802158 3.507989 3.145033 2.846501 2.600643 2.205523 1.793004 1.462654 1.176864 .8923712 .6830043 .4007444 -.06225897 -.8792647 -1.836002 -2.957887 -4.187459 -5.632448 -6.967252
.576274 .7071723 .8533397 1.137688 1.426683 1.729371 2.043617 2.289946 2.555667 2.886793 3.130861 3.366512 3.570381 3.86574 4.139313 4.323915 4.490602 4.738801 4.972163 5.277637 5.721015 6.242544 6.850721 7.501162 8.288847 9.109554 9.878692 10.20149 10.03575 9.416348 8.358859 7.25051 6.13189 5.042237 4.104498 3.340848 3.125978 3.5825 4.039144 4.338934 4.457285 4.344093 4.066458 3.608612 3.253914 2.909517 2.665642 2.374336 2.046993 1.716279 1.552931 1.495298 1.259646 .8118545 .4543367 -.09336796 -.9791148 -2.157159 -3.369381 -4.801175 -6.38564 -7.768839
.5028967 .6617387 .8651222 1.178436 1.517236 1.846756 2.136311 2.401918 2.714666 2.977374 3.219731 3.467333 3.712297 4.025132 4.320811 4.597227 4.796141 5.059728 5.260082 5.59168 6.018814 6.599227 7.325714 8.185636 8.950722 9.63083 10.20582 10.40204 10.05792 9.22922 8.175475 6.893775 5.854264 4.728226 3.775847 3.145259 3.007571 3.41559 3.923372 4.276227 4.405698 4.26089 3.985036 3.593318 3.208074 2.896939 2.712566 2.384054 2.003889 1.750847 1.779552 1.967825 1.826005 1.374282 .8184795 .126117 -.8707399 -2.178 -3.604631 -5.149329 -6.93203 -8.155676
.4044783 .5885721 .8550922 1.178651 1.561272 1.870211 2.260776 2.590407 2.898874 3.165099 3.399024 3.575129 3.820388 4.167273 4.475482 4.793924 5.106086 5.340226 5.579142 5.817418 6.146708 6.682801 7.45079 8.282174 9.028682 9.625421 10.08747 10.18318 9.657513 8.701566 7.50828 6.373723 5.318467 4.306261 3.425469 2.968468 2.969417 3.320931 3.7632 4.118284 4.235242 4.107795 3.782133 3.391607 3.091579 2.826094 2.626835 2.333791 1.942539 1.744374 1.989845 2.318231 2.49047 2.160259 1.457753 .5956094 -.5264336 -2.015309 -3.575618 -5.191365 -7.016551 -8.186806
.22839 .4898557 .8241025 1.132249 1.488901 1.922354 2.328592 2.680094 3.031992 3.3348 3.560486 3.694992 3.973638 4.245317 4.555835 4.8694 5.280866 5.635237 5.947675 6.033151 6.242703 6.655375 7.332029 8.130883 8.748367 9.259162 9.615884 9.70126 9.135098 8.06869 6.800915 5.656951 4.608592 3.707734 2.950284 2.797359 2.898454 3.142166 3.571747 3.886018 3.990948 3.828632 3.369625 2.958968 2.55631 2.369459 2.03065 1.671697 1.309623 1.268684 1.59933 2.057611 2.217643 2.244621 1.823406 .9300894 -.239835 -1.629773 -3.229926 -4.955566 -6.783733 -8.030222
.13612 .3960553 .6936389 1.008124 1.373271 1.856439 2.275972 2.7051 3.09699 3.398339 3.662041 3.833689 4.045084 4.282329 4.540784 4.840869 5.262509 5.751311 6.206511 6.3874 6.410603 6.662125 7.24619 7.938671 8.47722 8.797297 9.087144 9.13461 8.550817 7.390817 6.063175 4.865812 3.862515 2.919156 2.449349 2.566028 2.730667 2.962836 3.350498 3.678162 3.657588 3.313842 2.814426 2.328773 1.933774 1.579128 1.232945 .7050494 .4267538 .4311492 .6490918 .9730136 1.12027 1.183827 1.101536 .5075812 -.3710939 -1.530469 -2.953894 -4.679181 -6.446565 -7.871647
-.09399413 .2414061 .5422938 .876087 1.276874 1.749387 2.22022 2.646479 3.049966 3.408855 3.710178 3.890699 4.118677 4.276289 4.433913 4.722105 5.091184 5.66935 6.288891 6.59268 6.587089 6.752313 7.276376 7.895082 8.289048 8.506014 8.629853 8.590302 7.921105 6.73361 5.37572 4.140997 3.091142 2.28258 2.119089 2.370334 2.595292 2.80102 3.158436 3.436584 3.237174 2.82053 2.254112 1.709518 1.310963 .8816224 .4664046 -.01822585 -.305149 -.3514155 -.2045169 -.0810122 -.15983 -.2363172 -.4134105 -.8536568 -1.354944 -2.143709 -3.194508 -4.722128 -6.462745 -7.909833
-.2414066 .06853298 .4143736 .7584595 1.158146 1.664772 2.126881 2.57026 2.977059 3.34201 3.658875 3.910342 4.140561 4.32224 4.432337 4.564364 4.85932 5.497244 6.187671 6.620362 6.730235 6.88096 7.355884 7.90992 8.210938 8.238976 8.231921 8.029051 7.270419 6.108695 4.79641 3.567482 2.461914 1.731005 1.869559 2.276567 2.467711 2.626137 2.968439 3.126415 2.881652 2.327993 1.666751 1.171322 .8223602 .3384405 -.1334762 -.4378713 -.6062615 -.6184492 -.5930468 -.6923117 -.9881586 -1.364851 -1.811418 -2.196397 -2.612614 -3.112764 -3.857676 -5.099331 -6.647499 -8.028564
-.4055768 -.0717254 .2915042 .6828082 1.109594 1.566835 2.023472 2.493912 2.876365 3.212582 3.551478 3.865033 4.186106 4.441089 4.550996 4.586197 4.797621 5.334001 6.085313 6.564633 6.751514 6.950797 7.430697 7.976617 8.145048 8.059433 7.870668 7.505877 6.760367 5.590947 4.341018 3.175442 2.11974 1.56395 1.78534 2.200942 2.352456 2.42838 2.697801 2.880466 2.61824 2.021235 1.370524 .8863764 .4064841 -.1137179 -.4505975 -.6067269 -.639388 -.619511 -.5889154 -.7412397 -1.209632 -1.769857 -2.318933 -2.804065 -3.227832 -3.751552 -4.440186 -5.498252 -6.876018 -8.149318
-.5161478 -.1645781 .1892455 .5915786 1.049728 1.510032 1.940814 2.367109 2.738658 3.075301 3.383222 3.715758 4.124099 4.516398 4.765557 4.835213 4.992186 5.489522 6.115041 6.541787 6.71343 6.913561 7.414148 7.979222 8.124554 7.920865 7.637091 7.176307 6.400132 5.302324 4.173212 3.073276 2.05742 1.591723 1.883215 2.143653 2.254026 2.259377 2.476301 2.703547 2.505376 1.878078 1.191786 .6173893 .139807 -.3014422 -.5329139 -.6403809 -.5739488 -.4618455 -.3954029 -.5215052 -.9928246 -1.53043 -2.13246 -2.622303 -3.235853 -3.948363 -4.783875 -5.842421 -7.056352 -8.204288
-.6341968 -.2307699 .1318503 .529479 .9416375 1.409016 1.873336 2.264046 2.554354 2.843598 3.122829 3.444046 3.92142 4.451336 4.88945 5.148386 5.367117 5.782228 6.369103 6.686425 6.724113 6.79342 7.24715 7.904924 8.040883 7.865905 7.509394 7.055116 6.37192 5.430711 4.361413 3.27563 2.263465 1.718506 1.84301 2.092623 2.125976 2.121356 2.249738 2.502659 2.246753 1.708532 1.058857 .512893 .1048225 -.2309296 -.4079659 -.4603582 -.3510035 -.2228344 -.07759916 -.1194609 -.3967485 -.829778 -1.323775 -1.824039 -2.637519 -3.596251 -4.650694 -5.872859 -7.106241 -8.215808
-.7579487 -.2916371 .1421674 .4960288 .8254738 1.275914 1.733077 2.131959 2.404103 2.650127 2.908369 3.204672 3.618426 4.232718 4.861786 5.305533 5.625288 6.10676 6.669542 6.918831 6.839611 6.79369 7.133609 7.687103 7.912812 7.697789 7.273422 6.916218 6.486134 5.737274 4.682799 3.522228 2.470978 1.829646 1.838108 2.113412 1.983371 1.966512 2.087332 2.259972 2.120495 1.623075 1.034828 .5885314 .2707759 .05234729 -.05970094 -.1144964 -.04240274 .1591983 .3667433 .381536 .2564837 .2514672 .01505616 -.5952931 -1.585914 -2.700421 -3.951575 -5.456079 -6.968237 -8.223149
-.9344378 -.3618403 .1180286 .4829153 .7686627 1.119183 1.544454 1.912688 2.205808 2.457747 2.670503 2.930192 3.297544 3.876302 4.536777 5.111128 5.531127 6.139364 6.793886 7.054616 6.878606 6.740186 6.994848 7.389446 7.494067 7.16237 6.748394 6.536747 6.188476 5.44467 4.437916 3.346438 2.411397 1.944343 1.985545 2.32425 2.23571 1.977876 1.938955 2.074458 2.029867 1.640233 1.132156 .7608669 .5461642 .3321952 .2602357 .2226456 .34124 .6879978 .8704702 .9669971 .9488133 .9012066 .6302771 .08810591 -.8048021 -1.960225 -3.348757 -4.949843 -6.651933 -8.287145
-1.142982 -.5206719 .00850003 .4206525 .7022792 .9296437 1.290533 1.611879 1.934546 2.222649 2.45567 2.697065 3.066715 3.583572 4.131803 4.621922 5.089992 5.818678 6.521731 6.849964 6.696613 6.501194 6.557908 6.783211 6.778824 6.42279 6.157796 5.906357 5.533549 4.884992 3.968704 2.961527 2.156269 1.943328 2.151949 2.457489 2.397792 2.117862 2.020038 2.096728 2.004317 1.752623 1.414251 1.039997 .7810162 .44561 .2645612 .2951824 .6830773 1.097649 1.380047 1.386624 1.225219 .8742256 .455571 -.2263666 -1.106654 -2.205733 -3.441211 -4.935557 -6.672271 -8.4196
-1.316228 -.7530472 -.2234492 .224711 .5191024 .7021342 .9395326 1.226664 1.550885 1.91115 2.240176 2.546313 2.938955 3.423993 3.866107 4.121292 4.554449 5.211047 5.925785 6.302125 6.216457 6.040834 5.915423 5.934469 5.849425 5.757306 5.651905 5.471708 5.014984 4.379814 3.490608 2.538653 1.845361 1.727874 2.077681 2.361659 2.393121 2.254368 2.191833 2.230303 2.141026 2.073105 1.79252 1.408197 1.095263 .4828689 .000531268 .002417256 .458824 1.010132 1.290052 1.370061 1.205958 .778093 .1456677 -.6906453 -1.684754 -2.875484 -4.142782 -5.499836 -7.17169 -9.014613
-1.476005 -1.0263 -.5652071 -.04777594 .2636079 .4417557 .5638608 .8339639 1.107246 1.501178 1.969804 2.352895 2.801543 3.257306 3.59514 3.788778 4.059365 4.52009 5.141079 5.515992 5.489564 5.264054 5.006204 4.920008 4.972468 5.036278 5.030045 4.923151 4.573914 3.917282 3.018339 2.147533 1.540859 1.525841 1.767702 1.964713 2.009079 1.923674 1.996732 2.111909 2.182484 2.242945 2.065654 1.773223 1.031733 .1425423 -.5980314 -.650489 -.2585309 .4040673 .85415 1.120827 1.06593 .6355808 -.09704207 -.9997231 -2.054246 -3.200123 -4.402474 -5.87679 -7.751434 -9.779651
-1.571727 -1.267511 -.8654507 -.3224436 .05090178 .1810756 .259707 .5091077 .7849506 1.196314 1.707544 2.232613 2.681088 3.124022 3.391325 3.484412 3.604206 3.89254 4.288291 4.550067 4.499944 4.125516 3.781968 3.753965 4.032012 4.351676 4.576515 4.534498 4.191976 3.482741 2.637256 1.84235 1.295581 1.242664 1.377501 1.39903 1.422949 1.360005 1.459201 1.739488 2.114523 2.339908 2.072893 1.530686 .6321347 -.4676306 -1.234889 -1.207908 -.8099158 -.1654713 .4177584 .8508309 .8972568 .524022 -.2291415 -1.138404 -2.196661 -3.254624 -4.518529 -6.097869 -8.143645 -10.07946
-1.485543 -1.344783 -.9925593 -.4782399 -.1049231 .0284981 .1465219 .4598831 .7812313 1.180423 1.711547 2.220399 2.679553 3.066606 3.142577 3.091087 3.104565 3.212458 3.374794 3.417428 3.136965 2.626149 2.291043 2.414584 2.960324 3.565217 3.955965 4.018167 3.704036 3.158481 2.396449 1.618848 1.058933 .8280863 .8074887 .7617859 .6900513 .6601883 .7691002 1.217094 1.799152 2.180467 1.974479 1.326836 .2333611 -.8443351 -1.543224 -1.518662 -1.090279 -.5799372 .01072391 .5384758 .6869548 .3275332 -.4508604 -1.324487 -2.369117 -3.489623 -4.775629 -6.407383 -8.282135 -9.884094
-1.122889 -1.092584 -.8643267 -.455644 -.08509313 .01268425 .249642 .6805452 1.114019 1.529703 2.056758 2.583869 2.968984 3.18818 3.055149 2.772509 2.552784 2.451967 2.440448 2.177017 1.692514 1.13435 .8079605 1.061386 1.785134 2.551506 3.081398 3.193751 3.010682 2.626294 1.975669 1.217428 .5377445 .1899159 .07458073 -.006311764 -.1991768 -.09590677 .3229847 .9841768 1.659834 2.090635 1.938708 1.206524 .1537179 -.7264563 -1.322597 -1.529784 -1.29968 -.8665453 -.3839223 .07887281 .1243872 -.273458 -1.062014 -1.884548 -2.868672 -4.025005 -5.393622 -6.858784 -8.365052 -9.580512
-.5899243 -.5051045 -.3799024 -.08961638 .1256598 .2224233 .4973285 1.011165 1.537746 2.046291 2.654716 3.186094 3.531279 3.532816 3.232331 2.657915 2.159493 1.819174 1.596748 1.210557 .5603279 -.07108247 -.3907427 -.1643226 .5558267 1.342268 1.86056 2.078469 1.993292 1.756925 1.170359 .3993954 -.2755323 -.7258033 -.8871423 -1.12812 -1.19483 -.8455759 -.06090481 .8788208 1.759218 2.177951 1.953619 1.157746 .2118174 -.5044832 -1.018475 -1.409726 -1.409378 -1.065529 -.7170702 -.5260955 -.7317071 -1.341154 -2.172727 -2.99633 -3.912686 -5.050533 -6.311306 -7.519223 -8.771736 -9.636033
-.2903782 -.06912237 .1658647 .347227 .4610313 .5621452 .8753816 1.418863 1.949748 2.5445 3.246536 3.874577 4.187145 4.002675 3.517149 2.81859 2.090163 1.514784 1.156704 .6936237 .07786305 -.6422061 -1.112876 -1.057506 -.5779166 .06494665 .5369808 .8003715 .8217703 .6108155 .01370163 -.7537573 -1.386384 -1.769453 -1.994214 -2.214773 -2.220506 -1.476257 -.2905248 .9285563 1.862592 2.168756 1.898196 1.09024 .1828588 -.5460232 -1.055494 -1.45091 -1.490226 -1.154199 -.8586351 -.9456773 -1.474782 -2.43156 -3.366231 -4.245536 -5.198177 -6.218341 -7.216332 -8.257204 -9.334112 -10.05359
-.5501989 -.1216716 .2616556 .5659496 .7496076 .8798752 1.214288 1.706302 2.260133 2.968227 3.808802 4.528579 4.815515 4.58089 4.018582 3.189692 2.4056 1.748002 1.219934 .688713 .01208295 -.7964374 -1.490018 -1.672718 -1.348093 -.969727 -.6513332 -.3802655 -.3474331 -.6634032 -1.328654 -2.108484 -2.669271 -3.04431 -3.254987 -3.384544 -3.091644 -2.087086 -.626191 .8082147 1.799096 2.093018 1.778841 .9340678 .01705018 -.7506818 -1.420709 -1.826519 -1.808288 -1.347897 -.8715858 -.9289179 -1.702832 -2.902699 -4.153522 -5.224344 -6.245081 -7.21661 -8.0811 -8.874346 -9.774976 -10.43842
