py_wake/examples/data/AJ_ParqueFicticio/Rough survey   Sector 8   Height 30m   Weibull-A.grd
DSAA
73  159
 258469   265669
 6501692   6517492
 .06085515   11.45488
[rows 28 to 55 of 159, columns 0 to 62 of 73]
5.11969 5.148941 5.147773 5.139571 5.129498 5.11645 5.106508 5.099716 5.146911 5.153953 5.147182 5.133887 5.092997 5.059357 5.042316 5.023151 4.991614 4.967951 4.957833 4.95774 4.969523 4.972732 4.911746 4.871235 4.825748 4.740744 4.685224 4.655004 4.679255 4.664823 4.629233 4.593 4.42031 4.228797 4.121358 4.513996 4.676061 4.504229 4.366203 4.128225 4.070643 4.191083 4.15059 4.086208 3.940072 3.838742 3.644028 3.400019 3.404282 3.613354 3.927747 4.409043 5.136046 5.602074 5.666192 6.2321 6.890169 7.138679 6.738845 5.927529 5.134591 4.279786 3.572938
5.085024 5.109478 5.130459 5.13309 5.129081 5.131241 5.127047 5.105834 5.13674 5.159357 5.163281 5.159461 5.152844 5.069491 5.043704 5.028348 4.999812 4.987105 4.985333 4.996261 5.015085 4.979088 4.915506 4.874353 4.832509 4.774466 4.724603 4.678042 4.673565 4.67743 4.664957 4.631877 4.56378 4.446278 4.57548 4.829434 4.642254 4.509748 4.430716 4.280581 4.237201 4.216841 4.171754 4.084742 4.032369 3.954221 4.012286 4.087405 4.301099 4.600538 4.801984 5.083625 5.556634 5.957645 6.324232 6.99857 7.581389 7.443773 6.826046 5.992733 5.123426 4.168718 3.600004
5.073302 5.087993 5.101975 5.120458 5.126923 5.125518 5.125516 5.09582 5.109872 5.132027 5.147776 5.150455 5.132701 5.012086 5.009614 5.016852 5.004043 4.994908 5.018106 5.019615 5.013057 4.970183 4.922637 4.8738 4.850997 4.806075 4.754184 4.723595 4.700411 4.729771 4.748142 4.751226 4.737516 4.565328 4.574163 4.582328 4.577466 4.561796 4.465899 4.400787 4.266801 4.147135 4.283565 4.250946 4.088964 4.14029 4.350233 4.741527 5.201943 5.660295 5.882072 6.108252 6.283919 6.569592 7.1127 7.516108 7.569455 7.072177 6.209346 5.314243 4.370883 3.767324 3.710684
5.061788 5.074234 5.089077 5.1061 5.111271 5.103961 5.105788 5.079346 5.093357 5.106955 5.118212 5.122288 5.110396 5.020817 4.988122 5.003585 5.012546 5.015159 5.036521 5.016816 5.00669 4.967285 4.929158 4.88812 4.856735 4.8222 4.788841 4.764693 4.767114 4.797179 4.765968 4.683928 4.523256 4.514026 4.538418 4.561886 4.523444 4.540202 4.441004 4.381748 4.307833 4.264662 4.319948 4.376655 4.347367 4.276425 4.379494 4.846911 5.363483 5.684922 6.076474 6.429016 6.792009 7.030802 7.260204 7.436004 7.229021 6.510727 5.438787 4.574912 3.980224 3.51745 4.468277
5.078964 5.088152 5.083339 5.095867 5.09636 5.090799 5.074215 5.075 5.083696 5.087854 5.092098 5.090343 5.077696 5.043873 5.009652 5.012466 5.031637 5.039002 5.043943 5.026101 5.001413 4.964622 4.932756 4.898619 4.859255 4.840481 4.81744 4.831234 4.826861 4.80033 4.766015 4.698494 4.57703 4.541649 4.592178 4.612908 4.546993 4.460238 4.295362 4.321373 4.32197 4.236335 4.298819 4.435193 4.464996 4.591118 4.785473 4.890628 4.966788 5.075802 5.34413 5.696101 6.150274 6.519883 6.921356 7.028859 6.766734 5.912332 4.890452 4.223753 3.914034 4.052439 5.392509
5.123233 5.095554 5.088163 5.083845 5.086872 5.091569 5.085235 5.087973 5.080216 5.084584 5.078063 5.063571 5.049191 5.055957 5.050742 5.061266 5.060818 5.054794 5.04817 5.02622 4.998529 4.95241 4.917323 4.896522 4.863869 4.842394 4.84805 4.843946 4.843539 4.797048 4.759732 4.713984 4.631346 4.580972 4.5938 4.614831 4.52753 4.372676 4.322114 4.345083 4.237329 4.223262 4.153757 4.278826 4.542634 4.643709 4.87225 4.885662 4.809523 4.684198 4.696159 4.996861 5.403461 5.905431 6.344325 6.754458 6.322442 5.399676 4.713863 4.404807 4.295016 4.883878 6.161549
5.12614 5.096096 5.084653 5.074996 5.073475 5.071995 5.058597 5.061378 5.068578 5.072212 5.071539 5.073336 5.060697 5.110422 5.117512 5.104103 5.093145 5.08176 5.068799 5.037441 4.972765 4.927728 4.888799 4.873244 4.860807 4.859109 4.873847 4.857112 4.842048 4.799963 4.757069 4.721591 4.658445 4.619318 4.580269 4.570273 4.515997 4.421123 4.299591 4.223233 4.013695 4.004565 4.057142 4.220455 4.410524 4.663839 4.733979 4.735917 4.86372 5.153734 5.327526 5.587972 5.788355 5.976695 6.368263 6.577803 6.227478 5.837059 5.464052 5.128916 4.839815 5.612245 6.562169
5.086747 5.064008 5.063687 5.054955 5.053319 5.03474 5.038095 5.048934 5.054104 5.053956 5.064056 5.074254 5.088011 5.094064 5.11857 5.124426 5.128445 5.071298 5.076352 5.003495 4.921697 4.878664 4.858099 4.851797 4.855075 4.883504 4.885124 4.867875 4.848398 4.812435 4.764218 4.717011 4.666528 4.620731 4.549678 4.504037 4.545072 4.518877 4.254998 3.897115 3.818968 3.71815 3.868121 4.234589 4.495485 4.954903 5.170659 5.429701 5.763683 6.131945 6.549126 6.923802 7.205797 7.17639 7.047399 7.078508 6.854487 6.706045 6.079652 5.341201 5.199286 6.316042 7.025438
5.025105 5.012195 5.030297 5.044287 5.050004 5.054439 5.084511 5.059635 5.036046 5.034316 5.031463 5.048309 5.069112 5.061472 5.075014 5.093767 5.099617 5.051761 4.946543 4.938177 4.846087 4.825966 4.833662 4.8536 4.867987 4.888914 4.881827 4.869179 4.855387 4.826585 4.776345 4.714678 4.686093 4.725467 4.707471 4.648812 4.613968 4.520694 4.252157 4.116404 4.040565 4.033372 4.189631 4.541668 4.872726 5.128051 5.607973 6.052502 6.640786 7.189412 7.486715 7.689739 7.695642 7.643888 7.587221 7.458039 7.257048 6.920063 6.171113 5.528349 6.22323 7.549448 8.115615
4.973891 4.974621 5.000567 5.025232 5.053816 5.08285 5.025373 5.021532 5.01898 5.012527 5.003322 5.001137 5.025364 5.020275 5.036306 5.042013 5.023595 4.960135 4.864642 4.811895 4.780554 4.784828 4.826411 4.862637 4.855566 4.88179 4.876658 4.865784 4.852334 4.832367 4.792249 4.766073 4.779063 4.801575 4.824187 4.811303 4.66381 4.470132 4.403973 4.182129 4.342491 4.730651 4.991083 5.123138 5.346534 5.317416 5.559895 5.997194 6.376884 6.673597 6.778056 6.900679 6.977599 6.976475 7.181574 7.42663 7.262237 6.910924 6.431354 6.327187 7.788641 9.076838 9.522707
5.014104 4.985311 4.995436 5.005172 5.009816 5.011458 4.97204 4.990904 5.001942 5.003031 4.985692 4.969797 4.982944 5.051746 5.033415 5.006091 4.958981 4.890243 4.796638 4.746607 4.801058 4.822194 4.858467 4.882435 4.871367 4.885181 4.879239 4.865887 4.841728 4.818821 4.777355 4.790421 4.843239 4.869694 4.909958 4.808848 4.599656 4.524566 4.431321 4.3557 4.590214 5.03386 5.445701 5.781856 5.859586 5.935066 5.624728 5.394804 5.440147 5.36557 5.403759 5.570359 5.801939 6.23519 6.711553 7.149257 7.270226 7.067412 7.039445 7.805772 9.561581 10.02856 10.18879
5.029064 5.018734 5.014386 5.015845 5.001719 4.979978 5.030096 5.006208 5.007703 5.012358 5.011481 5.00338 5.100082 5.095541 5.041351 5.001234 4.951371 4.897863 4.838104 4.887082 4.943125 4.909582 4.913547 4.928985 4.909506 4.886702 4.874206 4.858531 4.836416 4.817983 4.821141 4.846143 4.8905 4.934258 4.938382 4.912686 4.755864 4.614483 4.339416 4.469406 4.787627 5.355219 5.806596 6.148384 6.394896 6.304094 6.13766 6.17618 5.730843 5.469713 5.506152 5.744786 6.104432 6.416088 6.988622 7.627967 7.572944 7.609328 8.202277 9.29858 10.02371 10.34483 9.875135
5.075671 5.041992 5.024751 5.037623 5.051429 5.071151 5.066586 5.022839 5.01456 5.027069 5.056839 5.099635 5.138988 5.060177 5.016829 4.982312 4.962033 4.947773 4.929638 4.981421 4.989181 4.934895 4.926384 4.934929 4.874291 4.845779 4.847631 4.858702 4.861887 4.889494 4.939761 4.94485 4.94686 4.979298 5.009556 5.044614 4.941811 4.713487 4.521461 4.911498 5.427189 6.061053 6.460572 6.763958 6.95656 6.971329 6.917579 7.169163 6.94301 6.84417 7.014497 7.271594 7.657769 7.982838 8.193462 8.127605 8.192085 8.35732 9.039281 9.686139 9.797754 9.553494 9.039171
5.118306 5.057206 5.022028 5.021723 5.053955 5.013637 4.991745 4.977149 4.976127 5.003383 5.04642 5.054432 4.994996 4.939645 4.944079 4.951948 4.961166 4.966162 4.942396 4.962389 4.963883 4.937474 4.884508 4.83907 4.841 4.813885 4.868298 4.91241 4.932236 4.981294 5.018046 5.031791 5.053613 5.082762 5.101545 5.171986 5.163362 4.815327 5.068666 5.617859 6.242345 6.864503 7.1709 7.521147 7.784875 8.000654 7.852772 7.808981 7.904828 8.081474 8.481371 8.64393 8.802217 8.789522 8.616756 8.540992 8.354556 8.723327 8.952814 8.871582 8.288462 7.764211 7.62453
5.072452 5.070232 5.034161 4.988516 4.992806 5.018798 4.956496 4.899979 4.907779 4.936963 4.951089 4.933075 4.869417 4.877872 4.908192 4.922119 4.947468 4.955167 4.951049 4.915629 4.911389 4.911697 4.880014 4.868793 4.922323 4.952105 4.950279 4.976144 4.992805 5.010922 5.040545 5.070474 5.083816 5.163403 5.239923 5.276225 5.159966 5.22218 5.618153 6.044596 6.48675 6.746675 7.019806 7.484184 7.877342 8.048902 7.817452 7.372777 7.545639 7.969837 8.399603 8.66491 8.645821 8.340869 7.957322 8.087328 8.250147 8.686059 8.751627 8.211296 7.453118 6.87973 6.457137
5.047934 5.026374 5.031661 4.982724 4.987634 4.982988 4.941035 4.832654 4.865183 4.901393 4.905593 4.88914 4.907666 4.94817 4.931872 4.912247 4.913482 4.912448 4.92046 4.86549 4.857107 4.896738 4.953413 5.013217 5.0253 5.000861 4.988017 4.996812 5.003272 5.033473 5.065117 5.086279 5.167214 5.234765 5.313295 5.332868 5.323938 5.356259 5.586546 5.905427 6.05025 6.162711 6.492342 6.93178 7.079924 6.861108 6.06289 5.869228 6.29784 6.750141 7.137326 7.078546 6.735122 6.396013 6.60069 7.483387 8.346684 8.631356 8.291619 7.657442 6.960431 6.30895 5.643652
5.030048 5.008187 4.989688 4.975767 4.92019 4.879708 4.863056 4.827864 4.877775 4.916162 4.950654 5.007647 5.025725 4.997726 4.935699 4.904538 4.87294 4.85195 4.841542 4.855237 4.825763 4.881519 4.936121 4.923938 4.922705 4.915924 4.962409 5.013546 5.043236 5.103538 5.094245 5.121502 5.233685 5.279226 5.307041 5.335942 5.371763 5.366706 5.497305 5.60994 5.567828 5.731903 5.854843 5.76776 5.270058 4.554926 4.096224 4.262396 4.649952 5.030546 5.133902 5.115794 5.173813 5.631495 6.515078 7.612544 8.284492 8.509971 7.945383 7.09553 6.317726 5.646867 5.212384
5.004387 5.00439 4.975565 4.960258 4.943329 4.914746 4.928558 4.883679 4.903907 4.955356 5.022425 5.048941 5.051262 4.997753 4.930527 4.878265 4.84564 4.813837 4.787068 4.801922 4.831404 4.839263 4.835622 4.799581 4.76974 4.81009 4.893867 4.959398 5.021406 5.003146 5.027742 5.123664 5.167591 5.203314 5.23313 5.285698 5.355578 5.38958 5.468763 5.438179 5.414716 5.402675 5.129323 4.667496 4.260924 4.153906 4.723703 5.314043 5.710123 5.645239 5.673357 5.61144 5.947684 6.781366 7.908124 8.377815 8.355437 7.739635 7.080869 6.640705 6.163586 5.766951 5.598342
4.993429 5.001155 4.994054 4.93101 4.955326 4.962822 4.959593 4.92187 4.923951 4.969456 5.037807 5.017032 5.017199 4.96656 4.869217 4.833051 4.819365 4.801988 4.784262 4.876228 4.864877 4.834242 4.80865 4.764962 4.792453 4.846765 4.828333 4.85742 4.880119 4.885846 4.860048 4.932362 4.97836 5.073531 5.137361 5.210827 5.297294 5.370512 5.381625 5.518567 5.599617 5.474417 5.190373 5.335632 5.931525 6.675042 7.167918 7.568923 7.371994 7.26064 6.902568 6.919578 7.401503 8.34756 9.08966 8.947762 8.304942 7.142993 6.164225 5.718289 5.800707 5.920697 6.004506
4.971286 4.980473 4.976699 4.858933 4.859527 4.943268 4.969232 4.953471 4.945968 4.98335 5.022127 5.013821 4.992917 4.896023 4.777577 4.767143 4.784386 4.812057 4.838692 4.885642 4.834683 4.83545 4.863376 4.919321 4.932619 4.812231 4.719355 4.717466 4.725701 4.705782 4.751811 4.778037 4.789908 4.949451 4.972239 5.151631 5.252738 5.386093 5.463243 5.635697 5.875353 6.156929 6.459794 6.773964 7.228721 7.488562 7.315989 6.837321 6.292149 6.155262 6.418449 7.380815 8.587155 9.192623 9.329498 8.867883 8.155189 7.064377 6.155039 5.443954 5.057895 5.064008 5.331275
4.942611 4.92737 4.918166 4.848612 4.823285 4.903323 4.948732 4.982391 5.008157 4.963037 5.008692 4.967556 4.916003 4.826602 4.67775 4.700173 4.731291 4.783154 4.827255 4.748528 4.721706 4.758039 4.79942 4.776433 4.707428 4.625419 4.546795 4.601211 4.641241 4.682874 4.801531 4.802263 4.78929 4.897389 4.964676 5.094377 5.283932 5.386924 5.511057 5.693744 5.951948 6.218039 6.44429 6.716809 6.764755 6.377464 5.580182 5.125873 5.154794 5.572833 6.625799 8.134194 9.018015 9.261744 8.810749 8.095073 7.438881 7.020723 6.224736 5.508831 5.233443 4.743507 4.374456
4.925848 4.892606 4.840956 4.812725 4.842296 4.880849 4.952655 4.98608 4.98573 4.916818 4.832308 4.863537 4.765321 4.65304 4.646563 4.677471 4.695361 4.686952 4.691944 4.653263 4.613658 4.640673 4.636799 4.572902 4.457932 4.423136 4.469854 4.52539 4.574707 4.630452 4.792523 4.915568 5.02602 5.08467 5.072097 5.209761 5.293255 5.321607 5.407377 5.50183 5.581954 5.616197 5.53234 5.462133 5.17838 4.863041 4.793475 5.263324 6.191355 7.164485 8.170219 8.708499 8.838995 8.441903 7.603237 6.850062 6.510571 6.250376 5.709649 5.693728 5.189026 4.888809 4.513079
4.900143 4.886482 4.852201 4.923803 4.924847 4.939219 4.961627 5.016356 4.971773 4.90135 4.806436 4.720527 4.677566 4.723812 4.744554 4.723983 4.720811 4.661055 4.637138 4.642413 4.603164 4.589122 4.578451 4.534223 4.549741 4.623918 4.54527 4.514763 4.530431 4.649699 4.723331 4.81438 4.867447 4.81153 4.933357 5.096796 5.159752 5.114969 5.197561 5.260055 5.229181 5.231162 5.182031 5.056693 4.993663 5.13903 5.832926 6.787145 7.640975 8.241481 8.49562 8.451229 8.211143 7.45691 6.770882 5.983654 5.610139 5.576924 5.326783 5.262455 5.249031 5.038949 4.980569
4.865661 4.897703 4.895984 4.955632 4.973551 4.986172 5.01186 4.972542 4.956631 4.91556 4.843647 4.80465 4.793034 4.782948 4.766461 4.759436 4.779322 4.732232 4.744228 4.751897 4.670947 4.601293 4.583995 4.564716 4.653067 4.689274 4.619747 4.5514 4.600789 4.659132 4.661462 4.629004 4.601966 4.510921 4.668971 4.814482 4.83342 4.776581 4.912895 5.032775 5.079024 5.317635 5.440145 5.671746 6.00556 6.547483 7.130381 7.620139 7.792888 7.783999 7.709053 7.693142 7.313588 6.603765 6.152906 5.668111 5.206685 4.930103 4.810174 4.912864 4.915834 5.137689 5.293455
4.845928 4.881137 4.875069 4.923337 4.959917 4.985514 5.001315 4.937521 4.916116 4.923779 4.893418 4.860494 4.828345 4.793814 4.760873 4.729893 4.731734 4.709077 4.662083 4.760142 4.765029 4.68233 4.646043 4.701888 4.714446 4.722707 4.71456 4.710042 4.679909 4.648224 4.626887 4.581147 4.460679 4.4402 4.430289 4.419227 4.412155 4.62293 4.743078 4.732448 4.92876 5.175329 5.386607 5.743845 6.273268 6.886594 7.244546 7.319685 7.215278 7.128515 7.181767 7.251814 6.779527 6.191082 5.828809 5.457643 5.167684 4.885734 4.645171 4.71851 4.780323 4.812344 4.904561
4.85961 4.874519 4.908722 4.941578 4.964201 4.978186 5.002527 4.953658 4.921652 4.903946 4.915278 4.885003 4.840869 4.800865 4.756 4.716202 4.684012 4.633567 4.667608 4.741519 4.840199 4.782658 4.752675 4.769667 4.780644 4.795594 4.76743 4.756426 4.682939 4.607054 4.637831 4.676291 4.643299 4.589409 4.554767 4.727159 4.877185 4.83421 4.776309 5.093238 4.940302 4.952722 5.275697 5.567369 5.987185 6.398678 6.563158 6.651688 6.74922 6.974355 7.212484 7.199149 6.536567 5.977298 5.525447 5.125997 5.111209 5.27247 5.140967 4.837063 4.796925 4.467584 4.468345
4.898771 4.936972 4.973014 4.972405 4.985028 5.02355 5.025065 4.977221 4.935641 4.917393 4.924455 4.896662 4.846534 4.802459 4.780731 4.735773 4.752563 4.754856 4.716484 4.710155 4.749831 4.711814 4.582535 4.717435 4.812889 4.779649 4.785608 4.74099 4.553005 4.555783 4.59451 4.690273 4.688306 4.885297 5.107861 5.331247 5.420937 5.426772 5.523703 5.578317 5.76721 5.562333 5.535087 5.636815 5.886303 6.099325 6.322199 6.595332 6.861594 7.034184 6.840988 6.641232 6.243252 5.744005 5.205918 5.053091 5.229821 5.542723 5.469775 5.270051 4.694291 4.436361 4.646349
4.97729 5.016769 5.024589 5.010899 5.000437 5.042301 5.019584 4.979406 4.95095 4.920677 4.904037 4.907847 4.856779 4.817063 4.813416 4.748291 4.801211 4.790126 4.74711 4.703376 4.673268 4.608811 4.584213 4.680141 4.765049 4.7233 4.74895 4.726882 4.529411 4.546358 4.850577 5.241722 5.209232 5.393569 5.632071 5.805396 6.068204 6.129892 6.140545 6.240266 6.418694 6.491192 6.395007 6.350753 6.292578 6.235874 6.398856 6.52084 6.554003 6.319983 6.079975 6.109046 5.908814 5.465105 4.895211 4.725752 5.051661 5.551529 5.473953 5.179082 4.88491 4.619204 4.550237
