py_wake/examples/data/AJ_ParqueFicticio/Rough survey   Sector 1   Height 30m   Weibull-k.grd
DSAA
73  159
 258469   265669
 6501692   6517492
 .5410156   2.638672
[rows 84 to 111 of 159, columns 0 to 62 of 73]
1.787109 1.787109 1.787109 1.787109 1.787109 1.787109 1.783203 1.783203 1.783203 1.783203 1.783203 1.783203 1.783203 1.783203 1.783203 1.783203 1.783203 1.783203 1.783203 1.783203 1.783203 1.783203 1.783203 1.783203 1.783203 1.783203 1.775391 1.763672 1.763672 1.783203 1.783203 1.783203 1.783203 1.763672 1.783203 1.779297 1.783203 1.783203 1.783203 1.783203 1.767578 1.767578 1.744141 1.732422 1.748047 1.751953 1.728516 1.724609 1.712891 1.724609 1.755859 1.771484 1.779297 1.783203 1.783203 1.783203 1.783203 1.775391 1.759766 1.744141 1.732422 1.732422 1.751953
1.783203 1.787109 1.787109 1.787109 1.787109 1.787109 1.783203 1.783203 1.783203 1.783203 1.783203 1.783203 1.783203 1.783203 1.783203 1.783203 1.783203 1.783203 1.783203 1.783203 1.783203 1.783203 1.783203 1.783203 1.783203 1.783203 1.783203 1.783203 1.775391 1.783203 1.771484 1.767578 1.783203 1.783203 1.783203 1.783203 1.783203 1.783203 1.783203 1.783203 1.783203 1.767578 1.763672 1.744141 1.740234 1.751953 1.732422 1.716797 1.708984 1.705078 1.728516 1.771484 1.783203 1.783203 1.783203 1.783203 1.783203 1.767578 1.751953 1.740234 1.728516 1.732422 1.724609
1.787109 1.787109 1.787109 1.787109 1.787109 1.787109 1.783203 1.783203 1.783203 1.783203 1.783203 1.783203 1.783203 1.783203 1.783203 1.783203 1.783203 1.783203 1.783203 1.783203 1.783203 1.783203 1.783203 1.783203 1.783203 1.783203 1.783203 1.783203 1.783203 1.783203 1.771484 1.775391 1.783203 1.783203 1.783203 1.783203 1.783203 1.783203 1.783203 1.783203 1.783203 1.783203 1.759766 1.744141 1.736328 1.736328 1.740234 1.724609 1.716797 1.693359 1.705078 1.728516 1.779297 1.767578 1.783203 1.783203 1.771484 1.759766 1.755859 1.751953 1.732422 1.736328 1.681641
1.787109 1.787109 1.783203 1.787109 1.787109 1.787109 1.783203 1.783203 1.783203 1.783203 1.783203 1.783203 1.783203 1.783203 1.783203 1.783203 1.783203 1.783203 1.783203 1.783203 1.783203 1.783203 1.783203 1.783203 1.783203 1.783203 1.783203 1.783203 1.783203 1.783203 1.759766 1.744141 1.755859 1.763672 1.783203 1.783203 1.783203 1.771484 1.783203 1.783203 1.783203 1.783203 1.763672 1.736328 1.732422 1.732422 1.736328 1.736328 1.724609 1.705078 1.697266 1.705078 1.732422 1.755859 1.763672 1.767578 1.759766 1.755859 1.763672 1.767578 1.740234 1.685547 1.662109
1.783203 1.783203 1.783203 1.787109 1.787109 1.787109 1.783203 1.783203 1.783203 1.783203 1.783203 1.783203 1.783203 1.783203 1.783203 1.783203 1.783203 1.783203 1.783203 1.783203 1.783203 1.783203 1.783203 1.783203 1.783203 1.783203 1.783203 1.783203 1.783203 1.759766 1.732422 1.728516 1.736328 1.740234 1.748047 1.771484 1.783203 1.783203 1.783203 1.783203 1.783203 1.767578 1.748047 1.736328 1.732422 1.736328 1.728516 1.744141 1.732422 1.724609 1.708984 1.693359 1.685547 1.728516 1.755859 1.783203 1.771484 1.759766 1.767578 1.763672 1.720703 1.697266 1.685547
1.783203 1.783203 1.783203 1.783203 1.787109 1.787109 1.783203 1.783203 1.783203 1.783203 1.783203 1.783203 1.783203 1.783203 1.783203 1.783203 1.783203 1.783203 1.783203 1.783203 1.783203 1.783203 1.783203 1.783203 1.783203 1.775391 1.783203 1.783203 1.779297 1.740234 1.716797 1.716797 1.724609 1.732422 1.740234 1.763672 1.783203 1.783203 1.783203 1.783203 1.779297 1.767578 1.748047 1.751953 1.748047 1.759766 1.744141 1.759766 1.763672 1.744141 1.736328 1.708984 1.650391 1.705078 1.748047 1.783203 1.783203 1.783203 1.775391 1.763672 1.705078 1.697266 1.708984
1.779297 1.783203 1.783203 1.783203 1.783203 1.787109 1.787109 1.783203 1.783203 1.783203 1.783203 1.783203 1.783203 1.783203 1.783203 1.783203 1.783203 1.783203 1.783203 1.783203 1.783203 1.783203 1.783203 1.783203 1.783203 1.744141 1.748047 1.763672 1.751953 1.732422 1.712891 1.712891 1.724609 1.732422 1.736328 1.748047 1.732422 1.779297 1.783203 1.783203 1.783203 1.759766 1.767578 1.767578 1.783203 1.748047 1.751953 1.740234 1.744141 1.779297 1.763672 1.744141 1.716797 1.630859 1.697266 1.744141 1.783203 1.787109 1.779297 1.771484 1.708984 1.666016 1.697266
1.779297 1.779297 1.783203 1.783203 1.783203 1.783203 1.783203 1.783203 1.783203 1.783203 1.783203 1.783203 1.783203 1.783203 1.783203 1.783203 1.783203 1.783203 1.783203 1.783203 1.783203 1.783203 1.783203 1.783203 1.759766 1.732422 1.732422 1.744141 1.744141 1.728516 1.720703 1.716797 1.720703 1.716797 1.740234 1.732422 1.720703 1.740234 1.783203 1.783203 1.775391 1.771484 1.755859 1.771484 1.740234 1.728516 1.728516 1.740234 1.748047 1.755859 1.748047 1.740234 1.736328 1.716797 1.677734 1.736328 1.783203 1.783203 1.759766 1.732422 1.689453 1.658203 1.677734
1.775391 1.775391 1.779297 1.779297 1.779297 1.783203 1.783203 1.783203 1.783203 1.783203 1.783203 1.783203 1.783203 1.783203 1.783203 1.783203 1.783203 1.783203 1.783203 1.783203 1.767578 1.783203 1.783203 1.783203 1.748047 1.728516 1.720703 1.732422 1.744141 1.724609 1.716797 1.716797 1.720703 1.716797 1.755859 1.744141 1.716797 1.716797 1.755859 1.783203 1.783203 1.767578 1.748047 1.732422 1.724609 1.728516 1.732422 1.732422 1.740234 1.732422 1.732422 1.732422 1.736328 1.740234 1.728516 1.740234 1.740234 1.748047 1.728516 1.705078 1.669922 1.654297 1.662109
1.771484 1.771484 1.775391 1.775391 1.779297 1.779297 1.783203 1.783203 1.787109 1.783203 1.783203 1.783203 1.783203 1.783203 1.783203 1.783203 1.783203 1.783203 1.783203 1.783203 1.724609 1.724609 1.759766 1.763672 1.740234 1.720703 1.708984 1.724609 1.732422 1.716797 1.712891 1.716797 1.724609 1.736328 1.732422 1.736328 1.724609 1.716797 1.736328 1.775391 1.775391 1.740234 1.728516 1.720703 1.728516 1.732422 1.732422 1.736328 1.720703 1.716797 1.724609 1.732422 1.732422 1.751953 1.732422 1.724609 1.716797 1.716797 1.716797 1.701172 1.654297 1.654297 1.646484
1.763672 1.763672 1.767578 1.771484 1.775391 1.779297 1.783203 1.783203 1.783203 1.783203 1.783203 1.783203 1.783203 1.783203 1.783203 1.783203 1.787109 1.783203 1.783203 1.783203 1.716797 1.666016 1.724609 1.748047 1.736328 1.705078 1.701172 1.708984 1.732422 1.728516 1.724609 1.724609 1.720703 1.732422 1.748047 1.736328 1.720703 1.708984 1.724609 1.732422 1.740234 1.732422 1.724609 1.720703 1.736328 1.744141 1.740234 1.732422 1.720703 1.720703 1.720703 1.724609 1.732422 1.736328 1.732422 1.728516 1.720703 1.724609 1.724609 1.712891 1.666016 1.638672 1.642578
1.755859 1.759766 1.759766 1.767578 1.775391 1.779297 1.779297 1.783203 1.783203 1.783203 1.783203 1.783203 1.783203 1.783203 1.783203 1.783203 1.783203 1.783203 1.783203 1.783203 1.736328 1.646484 1.677734 1.728516 1.720703 1.677734 1.669922 1.712891 1.732422 1.744141 1.748047 1.736328 1.728516 1.724609 1.732422 1.736328 1.724609 1.705078 1.705078 1.724609 1.724609 1.724609 1.720703 1.732422 1.744141 1.759766 1.740234 1.728516 1.724609 1.724609 1.728516 1.724609 1.720703 1.728516 1.736328 1.732422 1.724609 1.724609 1.728516 1.712891 1.681641 1.623047 1.638672
1.751953 1.751953 1.759766 1.763672 1.771484 1.779297 1.783203 1.783203 1.783203 1.783203 1.783203 1.783203 1.783203 1.783203 1.783203 1.783203 1.783203 1.783203 1.783203 1.783203 1.740234 1.658203 1.650391 1.689453 1.693359 1.681641 1.669922 1.732422 1.775391 1.783203 1.783203 1.744141 1.705078 1.701172 1.716797 1.728516 1.716797 1.681641 1.689453 1.712891 1.720703 1.728516 1.732422 1.736328 1.744141 1.744141 1.740234 1.732422 1.732422 1.732422 1.736328 1.732422 1.728516 1.740234 1.740234 1.728516 1.724609 1.716797 1.716797 1.712891 1.685547 1.658203 1.630859
1.740234 1.755859 1.759766 1.767578 1.767578 1.775391 1.783203 1.783203 1.783203 1.783203 1.783203 1.783203 1.783203 1.783203 1.783203 1.783203 1.755859 1.767578 1.783203 1.783203 1.740234 1.673828 1.650391 1.677734 1.697266 1.697266 1.740234 1.783203 1.783203 1.783203 1.771484 1.724609 1.677734 1.662109 1.689453 1.712891 1.708984 1.685547 1.693359 1.716797 1.736328 1.740234 1.740234 1.744141 1.744141 1.740234 1.751953 1.744141 1.755859 1.755859 1.751953 1.783203 1.787109 1.783203 1.748047 1.755859 1.720703 1.720703 1.724609 1.708984 1.693359 1.662109 1.634766
1.736328 1.751953 1.763672 1.771484 1.767578 1.771484 1.779297 1.783203 1.783203 1.783203 1.783203 1.783203 1.783203 1.783203 1.783203 1.783203 1.744141 1.732422 1.755859 1.759766 1.736328 1.685547 1.646484 1.662109 1.724609 1.748047 1.783203 1.783203 1.783203 1.755859 1.708984 1.685547 1.642578 1.630859 1.658203 1.685547 1.689453 1.701172 1.708984 1.724609 1.740234 1.755859 1.751953 1.748047 1.759766 1.771484 1.783203 1.783203 1.787109 1.783203 1.783203 1.787109 1.783203 1.783203 1.744141 1.720703 1.716797 1.689453 1.693359 1.716797 1.708984 1.666016 1.638672
1.716797 1.744141 1.767578 1.775391 1.775391 1.775391 1.775391 1.783203 1.783203 1.783203 1.787109 1.787109 1.783203 1.783203 1.783203 1.783203 1.744141 1.716797 1.728516 1.736328 1.728516 1.681641 1.666016 1.685547 1.748047 1.783203 1.783203 1.783203 1.748047 1.712891 1.681641 1.673828 1.666016 1.638672 1.626953 1.654297 1.697266 1.708984 1.716797 1.740234 1.775391 1.783203 1.779297 1.783203 1.783203 1.783203 1.787109 1.783203 1.783203 1.783203 1.783203 1.783203 1.783203 1.771484 1.732422 1.712891 1.705078 1.677734 1.685547 1.677734 1.681641 1.669922 1.642578
1.712891 1.744141 1.763672 1.775391 1.779297 1.779297 1.775391 1.779297 1.783203 1.787109 1.783203 1.783203 1.783203 1.783203 1.783203 1.783203 1.748047 1.720703 1.716797 1.728516 1.716797 1.681641 1.681641 1.736328 1.783203 1.783203 1.775391 1.728516 1.716797 1.705078 1.689453 1.685547 1.669922 1.666016 1.662109 1.669922 1.697266 1.712891 1.724609 1.744141 1.783203 1.783203 1.783203 1.783203 1.783203 1.783203 1.779297 1.751953 1.783203 1.783203 1.783203 1.779297 1.736328 1.728516 1.716797 1.701172 1.689453 1.681641 1.666016 1.662109 1.658203 1.654297 1.630859
1.736328 1.744141 1.751953 1.767578 1.779297 1.783203 1.779297 1.779297 1.783203 1.787109 1.783203 1.783203 1.783203 1.775391 1.767578 1.759766 1.740234 1.728516 1.720703 1.720703 1.716797 1.712891 1.724609 1.783203 1.783203 1.783203 1.724609 1.689453 1.693359 1.705078 1.708984 1.701172 1.685547 1.666016 1.681641 1.697266 1.708984 1.724609 1.732422 1.783203 1.783203 1.783203 1.783203 1.783203 1.783203 1.763672 1.771484 1.728516 1.779297 1.783203 1.783203 1.736328 1.712891 1.701172 1.693359 1.685547 1.677734 1.669922 1.658203 1.646484 1.642578 1.630859 1.529297
1.748047 1.744141 1.744141 1.763672 1.783203 1.787109 1.783203 1.783203 1.783203 1.787109 1.783203 1.783203 1.759766 1.751953 1.740234 1.740234 1.732422 1.732422 1.728516 1.732422 1.736328 1.736328 1.751953 1.779297 1.755859 1.728516 1.701172 1.689453 1.701172 1.716797 1.724609 1.716797 1.697266 1.689453 1.697266 1.712891 1.724609 1.740234 1.783203 1.783203 1.783203 1.783203 1.783203 1.767578 1.744141 1.736328 1.775391 1.779297 1.783203 1.787109 1.783203 1.732422 1.701172 1.681641 1.669922 1.677734 1.669922 1.669922 1.658203 1.658203 1.658203 1.439453 1.396484
1.755859 1.744141 1.744141 1.763672 1.783203 1.787109 1.787109 1.787109 1.787109 1.787109 1.783203 1.783203 1.748047 1.736328 1.728516 1.724609 1.724609 1.728516 1.736328 1.748047 1.748047 1.751953 1.744141 1.736328 1.728516 1.716797 1.716797 1.712891 1.724609 1.732422 1.728516 1.716797 1.705078 1.701172 1.708984 1.724609 1.736328 1.751953 1.787109 1.783203 1.783203 1.783203 1.740234 1.740234 1.736328 1.720703 1.716797 1.748047 1.787109 1.787109 1.783203 1.740234 1.705078 1.673828 1.666016 1.681641 1.677734 1.673828 1.673828 1.666016 1.638672 1.525391 1.533203
1.779297 1.763672 1.759766 1.771484 1.783203 1.783203 1.787109 1.783203 1.783203 1.783203 1.783203 1.771484 1.740234 1.724609 1.712891 1.712891 1.720703 1.724609 1.736328 1.748047 1.748047 1.736328 1.728516 1.720703 1.724609 1.732422 1.748047 1.748047 1.748047 1.740234 1.724609 1.708984 1.701172 1.708984 1.720703 1.732422 1.744141 1.787109 1.787109 1.787109 1.779297 1.748047 1.740234 1.744141 1.763672 1.724609 1.701172 1.708984 1.759766 1.787109 1.783203 1.759766 1.724609 1.693359 1.685547 1.673828 1.666016 1.666016 1.673828 1.669922 1.619141 1.603516 1.611328
1.783203 1.787109 1.783203 1.779297 1.779297 1.783203 1.787109 1.775391 1.775391 1.775391 1.763672 1.751953 1.732422 1.708984 1.689453 1.689453 1.708984 1.724609 1.732422 1.736328 1.732422 1.728516 1.720703 1.728516 1.744141 1.767578 1.783203 1.783203 1.751953 1.736328 1.712891 1.705078 1.705078 1.708984 1.724609 1.736328 1.755859 1.779297 1.787109 1.783203 1.783203 1.767578 1.763672 1.751953 1.755859 1.720703 1.662109 1.654297 1.712891 1.759766 1.783203 1.783203 1.736328 1.708984 1.693359 1.673828 1.662109 1.666016 1.673828 1.669922 1.650391 1.595703 1.619141
1.783203 1.783203 1.783203 1.783203 1.783203 1.783203 1.783203 1.767578 1.755859 1.755859 1.748047 1.736328 1.720703 1.693359 1.673828 1.658203 1.693359 1.716797 1.728516 1.736328 1.728516 1.724609 1.720703 1.740234 1.787109 1.787109 1.783203 1.783203 1.751953 1.732422 1.716797 1.708984 1.708984 1.708984 1.728516 1.744141 1.767578 1.771484 1.787109 1.783203 1.783203 1.783203 1.783203 1.744141 1.720703 1.705078 1.658203 1.603516 1.654297 1.716797 1.744141 1.748047 1.744141 1.705078 1.689453 1.681641 1.673828 1.673828 1.673828 1.669922 1.658203 1.517578 1.587891
1.783203 1.771484 1.771484 1.783203 1.783203 1.787109 1.783203 1.763672 1.740234 1.736328 1.736328 1.728516 1.705078 1.669922 1.654297 1.634766 1.650391 1.701172 1.728516 1.736328 1.736328 1.728516 1.724609 1.740234 1.783203 1.783203 1.787109 1.787109 1.755859 1.736328 1.724609 1.720703 1.716797 1.720703 1.736328 1.755859 1.759766 1.759766 1.787109 1.783203 1.783203 1.783203 1.751953 1.708984 1.685547 1.677734 1.669922 1.623047 1.619141 1.673828 1.716797 1.728516 1.720703 1.705078 1.693359 1.697266 1.689453 1.677734 1.669922 1.669922 1.662109 1.498047 1.552734
1.787109 1.771484 1.755859 1.755859 1.763672 1.783203 1.783203 1.759766 1.732422 1.724609 1.732422 1.724609 1.697266 1.673828 1.638672 1.642578 1.615234 1.669922 1.720703 1.744141 1.740234 1.728516 1.720703 1.728516 1.783203 1.783203 1.783203 1.783203 1.775391 1.748047 1.736328 1.724609 1.716797 1.720703 1.732422 1.732422 1.740234 1.763672 1.787109 1.783203 1.783203 1.751953 1.720703 1.666016 1.638672 1.650391 1.658203 1.654297 1.642578 1.662109 1.693359 1.708984 1.708984 1.701172 1.701172 1.701172 1.693359 1.677734 1.673828 1.669922 1.658203 1.478516 1.447266
1.783203 1.779297 1.744141 1.744141 1.740234 1.744141 1.763672 1.755859 1.740234 1.724609 1.724609 1.724609 1.712891 1.677734 1.662109 1.658203 1.638672 1.607422 1.689453 1.728516 1.740234 1.728516 1.720703 1.720703 1.771484 1.783203 1.783203 1.787109 1.787109 1.763672 1.744141 1.736328 1.724609 1.759766 1.751953 1.744141 1.740234 1.767578 1.783203 1.783203 1.751953 1.728516 1.697266 1.638672 1.595703 1.615234 1.638672 1.646484 1.654297 1.669922 1.693359 1.705078 1.712891 1.712891 1.708984 1.708984 1.705078 1.689453 1.681641 1.673828 1.650391 1.302734 1.451172
1.783203 1.775391 1.748047 1.744141 1.744141 1.740234 1.748047 1.755859 1.748047 1.728516 1.724609 1.728516 1.732422 1.716797 1.689453 1.654297 1.634766 1.591797 1.623047 1.697266 1.728516 1.732422 1.724609 1.720703 1.759766 1.787109 1.767578 1.787109 1.787109 1.771484 1.748047 1.728516 1.716797 1.716797 1.740234 1.751953 1.724609 1.779297 1.787109 1.783203 1.744141 1.716797 1.681641 1.634766 1.587891 1.580078 1.611328 1.626953 1.642578 1.673828 1.701172 1.705078 1.724609 1.728516 1.716797 1.716797 1.716797 1.708984 1.697266 1.681641 1.646484 1.638672 1.564453
1.787109 1.783203 1.763672 1.755859 1.755859 1.748047 1.751953 1.755859 1.748047 1.732422 1.732422 1.732422 1.740234 1.724609 1.708984 1.689453 1.677734 1.673828 1.541016 1.564453 1.681641 1.720703 1.716797 1.716797 1.740234 1.740234 1.744141 1.744141 1.783203 1.744141 1.662109 1.619141 1.646484 1.697266 1.736328 1.736328 1.712891 1.736328 1.767578 1.767578 1.740234 1.712891 1.677734 1.634766 1.603516 1.583984 1.587891 1.591797 1.591797 1.650391 1.701172 1.724609 1.744141 1.748047 1.740234 1.744141 1.736328 1.728516 1.712891 1.693359 1.642578 1.642578 1.634766
