py_wake/examples/data/AJ_ParqueFicticio/Rough survey   Sector 12   Height 30m   Orographic speed.grd
DSAA
73  159
 258469   265669
 6501692   6517492
 .2359203   2.018837
[rows 0 to 27 of 159, columns 0 to 62 of 73]
.9169715 .9184898 .9206125 .9222421 .9225646 .9221684 .9223757 .9226497 .9224811 .9206883 .9166674 .9115872 .9066156 .9033657 .9003333 .8998993 .9021772 .9052666 .9113396 .9225628 .9532756 1.010528 1.037009 1.038581 .9383956 .7648954 .805297 .8519524 .8864195 .888248 .8687598 .8578792 .8796298 .9202608 .9554616 .9909052 1.0367 1.043678 1.028416 1.023942 1.018069 1.010184 1.007039 .9760212 .9700707 .986408 .987105 .9859948 .9846933 .9802043 .9766395 .967809 .9623892 .9564969 .9481549 .9415883 .9354166 .9293151 .9265966 .9251805 .9227634 .9235741 .9274136
.8983601 .9049379 .9141569 .919333 .9208138 .9205349 .9210299 .9203053 .9207746 .9211743 .9191658 .9128805 .9069455 .9023484 .8988999 .8983168 .9000824 .9046607 .9076495 .9227189 .9619241 1.002276 1.05551 1.064509 1.044674 .9188919 .781091 .8206919 .8618259 .8730995 .8711565 .8669157 .8795711 .9114717 .946143 .9864455 1.039403 1.081338 1.058927 1.050519 1.046201 1.044437 1.050173 1.022858 .9688193 .9745065 .9914953 1.002003 .9975191 .9924003 .9892514 .9735349 .9664434 .9569653 .9477856 .9420036 .9344895 .928916 .9235775 .9191877 .9165137 .915745 .9182196
.9159692 .8767186 .9036731 .9140183 .9160064 .9168745 .9171552 .9167408 .915637 .9157182 .9314764 .9221795 .9068156 .8994434 .8944436 .8945822 .89703 .9005038 .9044569 .9121428 .9442034 .9621296 1.025309 1.089819 1.073173 .9415759 .85115 .8402987 .8436863 .8559242 .865624 .8606262 .8717975 .8973357 .9254394 .9837635 1.052286 1.136394 1.110889 1.091645 1.077757 1.06135 1.053108 1.066212 1.008713 .9710943 .9753076 .9928358 1.004464 1.00977 1.003862 .9920018 .9679068 .9582148 .951052 .9442666 .9359291 .9269789 .9185925 .9120945 .9065169 .9073205 .9094839
1.007263 .9193015 .8912379 .9046119 .9097245 .9128733 .9119828 .9088886 .9069027 .9063898 .909671 .9287217 .9235651 .9074572 .8863098 .8875144 .8886098 .8918228 .8955146 .9003176 .9156384 .9252743 .9798582 1.048081 1.08049 1.012528 .9014221 .8537999 .8436515 .8561718 .8695664 .8571558 .8631018 .8780119 .8791174 .906239 .9884526 1.092731 1.191922 1.162979 1.135271 1.088439 1.055394 1.066574 1.054787 1.000742 .9898128 .9916733 1.000189 1.006966 1.021753 1.001403 .9839255 .9691347 .9599696 .9490836 .9371796 .9239284 .9121064 .9024054 .8963893 .897154 .9041427
1.072263 .9819315 .8800067 .884804 .896678 .9051043 .9049748 .8986426 .895171 .8951126 .8910087 .8981916 .9194319 .9140128 .8839155 .8767328 .8789133 .8829803 .8899758 .9032556 .9098797 .9021011 .9193969 .980603 1.022488 1.018055 .9308933 .8797266 .8538051 .8533848 .854564 .861174 .8456205 .83634 .7995718 .7488304 .7825075 .9184667 1.03982 1.100349 1.137273 1.120932 1.045862 1.048275 1.093233 1.068446 1.035651 1.008681 1.006941 1.01882 1.047915 1.02991 1.013851 .9954114 .9780439 .9590741 .9391817 .9205972 .9027122 .8894387 .8825696 .8856755 .9007871
1.066477 1.043244 .9724736 .8935446 .8643669 .8925028 .8937359 .8854018 .8772746 .8764383 .8806561 .8778669 .8976795 .8950331 .8839915 .8576401 .8629376 .8676887 .8802307 .9160172 .9380718 .9339818 .9284118 .952764 .9893881 .982896 .9334425 .8910884 .8610974 .8413767 .822383 .7989312 .7950631 .7464471 .7245311 .6782638 .6028354 .6619932 .8035518 .9088818 1.008222 1.095948 1.041964 1.032962 1.03671 1.078297 1.049806 1.018873 1.010738 1.023822 1.045269 1.078528 1.057826 1.032165 1.002048 .9707392 .9420679 .9161556 .89117 .8734655 .8638734 .8724715 .8960547
1.066143 1.082025 1.091274 1.031217 .9106971 .8630658 .8885136 .9054462 .9022954 .8982561 .9009202 .8844182 .8723906 .884596 .8914053 .8716599 .8367472 .8422254 .8406087 .8691726 .917971 .9505237 .9576344 .9682148 .9832388 .9722726 .9363071 .8967754 .8605825 .8326426 .8075308 .7696683 .7703396 .7667347 .7417703 .7101135 .6735455 .6338854 .643399 .7846516 .9146432 1.030654 1.057795 1.045519 1.053266 1.049407 1.039856 1.017895 1.00254 1.016263 1.032793 1.051803 1.087153 1.102664 1.044372 .9896703 .9477941 .9116349 .8767017 .8473915 .8345046 .8212612 .8055112
1.0648 1.072672 1.078041 1.076709 1.0156 .91755 .904311 .9208449 .9217349 .9198066 .9162627 .9039367 .8906195 .8966808 .9032931 .8846084 .8355723 .8110433 .8079944 .8035409 .8660518 .9294123 .9804348 1.004033 1.023719 .9899365 .9501473 .9003969 .8688362 .8355908 .8163986 .8044679 .7891577 .7703261 .7430432 .7135588 .6947176 .686589 .6868808 .6883569 .8165544 .9596666 1.007058 1.034593 1.02432 1.018202 1.055407 1.018898 1.007464 1.02339 1.044034 1.033199 1.047556 1.077344 1.106187 1.010998 .9549949 .9107895 .8630523 .8080431 .7524261 .7352833 .7053462
1.068173 1.075218 1.079218 1.073263 1.038916 .9694917 .9419033 .9391794 .9367193 .9369936 .9282814 .9185281 .908899 .916374 .9234978 .9038734 .8589085 .7818958 .7593068 .7419257 .7583117 .8278773 .903583 .979589 1.02737 1.034242 .9786965 .9222546 .890933 .860468 .845167 .8226768 .7989805 .7733864 .7414193 .7114126 .6737468 .6777751 .6903174 .6465829 .6630758 .7871289 .8694808 .9277076 .9970312 1.000862 .9827682 .9929584 .9364863 .9129968 .9780282 .9729447 .9582424 1.028566 1.065917 1.0274 .9663033 .9194595 .8666641 .7899418 .6792371 .6243075 .6198989
1.073209 1.079779 1.084736 1.084642 1.069105 1.00195 .9506486 .9414402 .9425585 .9513511 .9448693 .9341246 .9215348 .9314228 .9528875 .9414874 .8929643 .8264564 .7498301 .689141 .6603277 .6595876 .7060509 .7185003 .8832688 1.030275 1.028346 .9671283 .9324225 .8958622 .866635 .8415413 .814395 .7854137 .7555721 .7412375 .7105805 .6542851 .664982 .6441071 .5710019 .5605133 .6330691 .6661928 .839322 .8991446 .8961309 .9349089 .8886834 .813841 .8657153 .8982357 .9020768 .9262777 .9881992 1.036966 .9866874 .9487341 .90193 .8430039 .727956 .5939584 .5981203
1.078396 1.085864 1.08795 1.09779 1.124776 1.086188 1.06302 .9998148 .9447195 .9684821 .9635573 .9441543 .9194873 .9291951 .9715578 1.022366 .9684495 .8614551 .8046291 .7396223 .6438646 .6139051 .6155209 .6288215 .6189318 .8058434 .9538133 .9989443 .9507926 .9092635 .8887174 .8639527 .8366481 .8092675 .784023 .7617495 .7326 .6916659 .6465523 .6610416 .651342 .6460043 .6428235 .5912091 .5717227 .7029601 .7227563 .7961276 .8244603 .7582282 .7527138 .8055209 .8720118 .8719749 .9264593 1.003454 1.035084 1.008825 1.000865 .9467932 .844501 .6947553 .6323851
1.080219 1.089656 1.082484 1.08266 1.089535 1.095583 1.084139 1.040796 .957629 .9897565 .9793336 .9620387 .9035144 .8927122 .9248087 1.053723 1.096598 1.005729 .8471748 .7893969 .6999496 .6033007 .5578119 .5976517 .6244293 .621536 .850238 .9622555 .9386868 .9237273 .8968154 .8695951 .851537 .8326448 .8175148 .7801667 .7498082 .7189416 .6660785 .6663885 .6760387 .6816458 .6679847 .6379191 .5902045 .6108004 .641625 .6551436 .7038007 .6881441 .6345755 .7109746 .8081384 .8558289 .8496355 .8968485 .9571936 1.039596 1.044291 1.040665 .9717224 .8318328 .6714476
1.076759 1.086675 1.083593 1.070744 1.07207 1.078694 1.081554 1.084854 .9843076 1.007165 1.027982 1.060811 1.03425 .8673075 .8600231 .8658122 .960649 1.069977 1.054437 .9058925 .7762048 .6993306 .6149589 .6140017 .6294537 .6497489 .6486944 .801849 .8962791 .8925193 .8749436 .8563552 .846348 .8324156 .8205096 .7931757 .760521 .7371435 .7089667 .6729362 .6757945 .6893224 .6822792 .6596439 .612004 .6190184 .6363056 .6648617 .6862363 .6704527 .61575 .5314829 .6334375 .7301862 .7661008 .7338842 .772085 .81512 .8533133 .8624234 .8723964 .7839525 .6641701
1.067131 1.065273 1.066326 1.068112 1.070369 1.077235 1.084368 1.116539 1.050979 1.042794 1.056381 1.072977 1.099669 1.073838 .9552913 .876339 .9048586 .9457 1.020775 1.024349 .9942731 .866844 .694593 .6307049 .647425 .660473 .6829747 .7142038 .7735801 .8107283 .8213586 .822349 .8195381 .8169088 .7965399 .7806295 .7609905 .7475733 .7342571 .715485 .6840157 .6745768 .6788559 .6674469 .6191353 .6134704 .6223337 .6253982 .6502421 .6353 .5933748 .5277005 .4574924 .5621921 .6383856 .6650481 .6726571 .6968648 .7049648 .6939523 .6692618 .6299003 .5864965
1.055858 1.057271 1.059552 1.066149 1.073525 1.078161 1.084147 1.094098 1.082256 1.064406 1.06127 1.071898 1.089318 1.094211 1.050035 .9863846 .9751282 .9971563 1.014111 1.027037 1.039199 1.001777 .9169134 .7196466 .6400204 .6663096 .6885745 .7214546 .7530713 .7768073 .7900175 .7985493 .8176622 .8137083 .7874339 .7508097 .7513621 .7413116 .7477534 .7497393 .7301256 .705394 .681231 .6742432 .6778963 .6365201 .6498684 .6317113 .6125967 .6050758 .5901147 .5716381 .5574206 .5816585 .6478245 .6930802 .7147263 .7191069 .6843179 .6223637 .5632119 .49294 .4791812
1.045955 1.050501 1.057058 1.064152 1.07148 1.079177 1.08435 1.09216 1.093877 1.074514 1.056516 1.06747 1.083646 1.096862 1.089316 1.041469 1.015753 1.044309 1.060315 1.068209 1.051434 1.069024 1.085907 .9600245 .7642536 .6325537 .6761575 .7125683 .7412085 .7665318 .7788533 .7866253 .8074824 .8305375 .8189866 .7272334 .6679472 .7056815 .7365853 .8040078 .805357 .7580826 .70363 .6995402 .7072203 .6925914 .6638483 .6442608 .6284172 .6032432 .6030621 .6062918 .6220919 .6524337 .6875378 .7281102 .7555249 .7476057 .7281898 .6368683 .5446167 .4523705 .3296728
1.039981 1.04305 1.051003 1.05963 1.068696 1.077065 1.083576 1.089789 1.090107 1.0772 1.065809 1.069223 1.082436 1.086678 1.087496 1.085865 1.065946 1.035443 1.045387 1.047919 1.04223 1.056652 1.073981 1.096296 1.051808 .8319237 .6427239 .679335 .7229831 .7509176 .75391 .7686644 .8118426 .8671668 .8853266 .8656605 .7326558 .6767076 .7141194 .7781523 .8212801 .7767767 .7264996 .7120215 .715713 .7105968 .6911859 .6764373 .6531883 .6155366 .5870168 .6091173 .6642474 .7107951 .7436193 .7721143 .8132498 .8492267 .8469669 .8204615 .7461872 .6376055 .4359758
1.037601 1.043448 1.047486 1.057294 1.065271 1.073685 1.0808 1.084786 1.085412 1.082926 1.074564 1.062999 1.067479 1.068657 1.070714 1.074835 1.065225 1.049831 1.047253 1.045665 1.046154 1.056756 1.07188 1.093737 1.096267 1.074558 .9172289 .7485121 .7182503 .7577648 .8068797 .8350632 .8549052 .8830004 .9268636 .9738421 .8663738 .7662848 .8020231 .8615577 .9287279 .912506 .7796397 .7176094 .7028019 .681179 .6716118 .7336342 .7543961 .7400891 .7063332 .7034209 .7743604 .8485628 .8952113 .9094323 .8999593 .9067841 .9195898 .9072101 .8432164 .7633007 .61598
1.034886 1.041446 1.048427 1.056341 1.064054 1.07007 1.076572 1.080423 1.083241 1.084862 1.080603 1.05802 1.05334 1.056743 1.064195 1.069933 1.064844 1.056894 1.052336 1.047616 1.046132 1.056885 1.081486 1.114497 1.145957 1.132887 1.083348 1.007206 .9081947 .8733618 .8592049 .8969682 .9872071 1.002333 1.009488 1.052504 .9877017 .8636701 .8402476 .9171662 1.015542 1.105275 1.068941 .9947104 .9139299 .8620982 .8011916 .8427665 .8804463 .8709319 .820398 .7902524 .8130924 .8561794 .9035018 .913441 .9203053 .9045748 .8864264 .8799082 .8818114 .8328577 .7212099
1.033348 1.040606 1.050943 1.057051 1.059998 1.064425 1.070455 1.074238 1.079302 1.083806 1.080897 1.077863 1.063106 1.056625 1.063153 1.067793 1.068801 1.064085 1.056588 1.048843 1.046213 1.053004 1.063101 1.073248 1.099357 1.127806 1.160595 1.117902 1.027337 .9989607 .9524829 .8929664 .9741607 1.072115 1.079193 1.07416 1.037834 .9448313 .8802143 .9357303 1.048154 1.178901 1.220191 1.232751 1.173533 1.100854 .9948125 .9647693 .9890669 .9906893 .9348754 .8765301 .8364309 .8458389 .8743593 .8963407 .9043724 .9175865 .8977852 .8634502 .8522114 .8499407 .7915593
1.024824 1.036464 1.049689 1.052301 1.052925 1.056027 1.062335 1.066978 1.072013 1.076026 1.070576 1.073864 1.067236 1.063814 1.06443 1.06908 1.074015 1.069271 1.061232 1.052239 1.051381 1.051012 1.052021 1.052257 1.070273 1.085925 1.096022 1.107844 1.107141 1.00958 .9791992 .8871468 .8701065 1.03457 1.12732 1.129495 1.047478 .9824631 .9619441 1.007145 1.091782 1.172687 1.241693 1.254972 1.265962 1.267896 1.163345 1.059032 1.038085 1.05809 .9974492 .9669518 .8896036 .8689225 .8731366 .883745 .8930856 .9068761 .8921888 .8583595 .8331871 .8319428 .8396541
1.015087 1.016319 1.03048 1.041405 1.043435 1.047102 1.051237 1.056594 1.061038 1.063599 1.066208 1.070097 1.069541 1.067335 1.067094 1.068408 1.074826 1.074502 1.067597 1.069155 1.066126 1.057309 1.048031 1.048478 1.058239 1.065147 1.063092 1.059298 1.083286 1.074936 1.022764 .9463289 .780636 .8635319 1.063351 1.127468 1.114345 .9799656 .9177156 .9923871 1.110736 1.176371 1.20794 1.21468 1.239926 1.249478 1.197948 1.116527 1.068219 1.047348 1.023131 .9907739 .9509133 .8928133 .901356 .903589 .9032137 .9141661 .898479 .8458176 .8018739 .810792 .8405086
1.012845 1.010749 1.014011 1.025642 1.032195 1.037886 1.041325 1.044965 1.048894 1.053138 1.061835 1.06487 1.068089 1.067635 1.066457 1.065869 1.06169 1.064735 1.069465 1.070705 1.067486 1.060803 1.054488 1.055322 1.056444 1.054732 1.04366 1.032323 1.070245 1.11007 1.104233 1.057437 .9101557 .8322173 .9546865 1.113423 1.146531 1.050038 .8948867 .8854555 1.003166 1.141726 1.181765 1.199408 1.214791 1.217172 1.200487 1.172253 1.134772 1.065185 1.031123 1.012794 .9818084 .9274501 .9279862 .9434965 .9385276 .929716 .9322436 .8830094 .8076159 .79944 .8289474
1.017484 1.021058 1.023108 1.019316 1.023641 1.029742 1.033099 1.036807 1.038498 1.04511 1.054451 1.060234 1.06279 1.066764 1.065951 1.063805 1.049677 1.049523 1.061188 1.070319 1.070852 1.067037 1.062819 1.06172 1.059855 1.049928 1.037783 1.025143 1.030468 1.069335 1.093902 1.109781 1.017343 .8670807 .8906273 1.035261 1.13496 1.150867 1.027439 .8427407 .8597949 1.005054 1.084279 1.155409 1.161447 1.173311 1.184961 1.181548 1.158046 1.110833 1.066716 1.026393 .9944669 .9472335 .9457912 .9868121 .9869973 .9547232 .9467432 .9332058 .8712924 .8303849 .8489959
1.016505 1.025215 1.028047 1.022012 1.022968 1.025652 1.027431 1.03083 1.032184 1.045544 1.048828 1.055327 1.059233 1.061574 1.062111 1.064255 1.062114 1.057155 1.061393 1.070085 1.074932 1.074381 1.069377 1.070241 1.061871 1.049628 1.042675 1.046754 1.038219 1.005609 1.039739 1.075604 1.093047 .9866193 .892794 .9725939 1.069635 1.103031 1.076091 .9590088 .8860783 .912079 .9991343 1.075942 1.097875 1.140954 1.166737 1.185432 1.175716 1.141957 1.121976 1.077081 1.034911 .9695302 .9514779 1.021728 1.042545 .9889693 .9597402 .9895542 .9400229 .9051712 .8703619
1.012885 1.016089 1.020934 1.021648 1.022945 1.023426 1.026697 1.026039 1.02758 1.041502 1.044468 1.050332 1.053686 1.055408 1.057327 1.05804 1.06184 1.063538 1.065486 1.071625 1.075063 1.07981 1.078134 1.080839 1.077519 1.061846 1.049876 1.064784 1.071937 1.013334 1.021321 1.047707 1.066631 1.09694 .9519356 .9601178 1.035289 1.078067 1.074417 1.016024 .9463581 .9592286 1.034165 1.067005 1.074301 1.113664 1.144144 1.182551 1.20154 1.186286 1.163568 1.143487 1.105658 1.004396 .9358249 1.036782 1.111373 1.021751 .9646161 .9799761 .9901331 .9595296 .9147721
1.022835 1.019647 1.020158 1.020571 1.02381 1.02453 1.026656 1.027615 1.030857 1.034901 1.039067 1.046653 1.050536 1.051401 1.056584 1.058213 1.063573 1.067344 1.06931 1.070379 1.073386 1.079223 1.081735 1.076923 1.085168 1.085976 1.06398 1.075182 1.07521 1.053081 1.031118 1.031951 1.043508 1.048962 1.011398 1.019548 1.028031 1.055752 1.07332 1.008358 .9739177 .9965761 1.043954 1.098333 1.110899 1.112291 1.128298 1.162132 1.200405 1.202412 1.191851 1.19663 1.199663 1.101913 .9333099 .9918901 1.116611 1.101924 .9689648 .9179776 .9529356 .9554588 .939397
1.025401 1.025596 1.021647 1.022981 1.025116 1.026444 1.028711 1.030165 1.032984 1.035528 1.038169 1.044446 1.049883 1.051263 1.05603 1.061274 1.066472 1.070429 1.071329 1.070149 1.067473 1.065376 1.06688 1.077166 1.087381 1.090114 1.084984 1.066144 1.064043 1.058506 1.040677 1.037172 1.028836 1.007619 1.018844 1.024476 1.017274 1.031426 1.03671 1.018265 .9706475 .966217 1.002196 1.093401 1.139289 1.13798 1.143338 1.162209 1.191736 1.201141 1.188675 1.217583 1.268372 1.245597 1.027748 .9571822 1.044629 1.109118 .9993359 .9148031 .8940158 .8970913 .8940208
