py_wake/examples/data/AJ_ParqueFicticio/Rough survey   Sector 3   Height 200m   Weibull-k.grd
DSAA
73  159
 258469   265669
 6501692   6517492
 2.462891   2.986328
[rows 0 to 27 of 159, columns 0 to 62 of 73]
2.912109 2.904297 2.904297 2.904297 2.904297 2.904297 2.908203 2.908203 2.912109 2.912109 2.908203 2.908203 2.904297 2.900391 2.896484 2.900391 2.900391 2.912109 2.923828 2.939453 2.939453 2.931641 2.923828 2.912109 2.857422 2.822266 2.810547 2.806641 2.802734 2.802734 2.802734 2.802734 2.802734 2.806641 2.810547 2.814453 2.818359 2.826172 2.837891 2.849609 2.861328 2.884766 2.884766 2.876953 2.876953 2.876953 2.876953 2.876953 2.876953 2.876953 2.873047 2.873047 2.873047 2.869141 2.869141 2.869141 2.869141 2.869141 2.873047 2.857422 2.841797 2.830078 2.826172
2.935547 2.919922 2.912109 2.912109 2.916016 2.916016 2.916016 2.916016 2.916016 2.919922 2.919922 2.919922 2.916016 2.908203 2.904297 2.900391 2.900391 2.908203 2.916016 2.931641 2.943359 2.939453 2.927734 2.919922 2.869141 2.826172 2.810547 2.802734 2.798828 2.798828 2.798828 2.802734 2.798828 2.798828 2.802734 2.806641 2.818359 2.830078 2.845703 2.865234 2.888672 2.900391 2.888672 2.884766 2.880859 2.880859 2.880859 2.880859 2.880859 2.876953 2.873047 2.873047 2.869141 2.865234 2.865234 2.865234 2.865234 2.865234 2.861328 2.841797 2.826172 2.814453 2.810547
2.931641 2.931641 2.923828 2.923828 2.927734 2.927734 2.927734 2.923828 2.923828 2.923828 2.923828 2.923828 2.919922 2.919922 2.908203 2.900391 2.900391 2.904297 2.904297 2.908203 2.912109 2.923828 2.927734 2.919922 2.884766 2.830078 2.810547 2.802734 2.798828 2.798828 2.798828 2.798828 2.798828 2.798828 2.798828 2.802734 2.810547 2.830078 2.857422 2.888672 2.912109 2.900391 2.892578 2.884766 2.880859 2.880859 2.880859 2.880859 2.880859 2.880859 2.876953 2.869141 2.869141 2.865234 2.865234 2.861328 2.861328 2.865234 2.857422 2.830078 2.810547 2.798828 2.791016
2.927734 2.931641 2.931641 2.931641 2.927734 2.927734 2.923828 2.923828 2.919922 2.919922 2.919922 2.919922 2.919922 2.919922 2.916016 2.900391 2.896484 2.892578 2.892578 2.888672 2.888672 2.896484 2.900391 2.908203 2.888672 2.837891 2.810547 2.802734 2.798828 2.798828 2.798828 2.794922 2.798828 2.798828 2.798828 2.798828 2.806641 2.822266 2.861328 2.912109 2.908203 2.900391 2.888672 2.884766 2.880859 2.880859 2.880859 2.880859 2.880859 2.876953 2.876953 2.873047 2.869141 2.865234 2.861328 2.857422 2.857422 2.857422 2.849609 2.814453 2.791016 2.779297 2.779297
2.927734 2.927734 2.927734 2.927734 2.927734 2.923828 2.919922 2.919922 2.919922 2.919922 2.919922 2.919922 2.916016 2.916016 2.919922 2.904297 2.888672 2.884766 2.880859 2.873047 2.869141 2.873047 2.873047 2.876953 2.869141 2.837891 2.814453 2.802734 2.794922 2.794922 2.791016 2.791016 2.794922 2.794922 2.794922 2.794922 2.791016 2.806641 2.849609 2.908203 2.900391 2.888672 2.880859 2.880859 2.880859 2.884766 2.880859 2.880859 2.880859 2.880859 2.880859 2.873047 2.869141 2.861328 2.857422 2.849609 2.849609 2.849609 2.837891 2.798828 2.775391 2.763672 2.767578
2.927734 2.927734 2.927734 2.923828 2.923828 2.923828 2.919922 2.916016 2.916016 2.916016 2.916016 2.916016 2.916016 2.916016 2.916016 2.908203 2.884766 2.873047 2.865234 2.857422 2.857422 2.857422 2.853516 2.857422 2.853516 2.837891 2.818359 2.802734 2.794922 2.791016 2.787109 2.783203 2.787109 2.783203 2.783203 2.779297 2.775391 2.787109 2.826172 2.892578 2.884766 2.873047 2.869141 2.876953 2.876953 2.876953 2.876953 2.876953 2.880859 2.880859 2.876953 2.876953 2.869141 2.857422 2.849609 2.841797 2.837891 2.837891 2.833984 2.783203 2.755859 2.748047 2.755859
2.931641 2.931641 2.927734 2.927734 2.923828 2.919922 2.919922 2.919922 2.919922 2.916016 2.916016 2.916016 2.916016 2.916016 2.916016 2.916016 2.888672 2.861328 2.849609 2.841797 2.841797 2.841797 2.837891 2.841797 2.849609 2.845703 2.826172 2.810547 2.798828 2.791016 2.787109 2.783203 2.783203 2.787109 2.779297 2.779297 2.775391 2.779297 2.806641 2.857422 2.873047 2.861328 2.861328 2.865234 2.869141 2.865234 2.869141 2.869141 2.873047 2.876953 2.876953 2.869141 2.861328 2.849609 2.837891 2.826172 2.822266 2.822266 2.826172 2.767578 2.740234 2.736328 2.744141
2.931641 2.931641 2.931641 2.931641 2.927734 2.923828 2.919922 2.923828 2.923828 2.919922 2.919922 2.919922 2.916016 2.912109 2.912109 2.912109 2.896484 2.861328 2.837891 2.826172 2.822266 2.822266 2.826172 2.837891 2.853516 2.861328 2.841797 2.822266 2.810547 2.802734 2.798828 2.794922 2.794922 2.794922 2.791016 2.783203 2.779297 2.783203 2.794922 2.814453 2.849609 2.849609 2.845703 2.849609 2.853516 2.853516 2.857422 2.861328 2.865234 2.869141 2.865234 2.857422 2.845703 2.833984 2.818359 2.810547 2.806641 2.802734 2.806641 2.783203 2.748047 2.744141 2.763672
2.935547 2.935547 2.931641 2.931641 2.927734 2.923828 2.923828 2.923828 2.927734 2.923828 2.923828 2.919922 2.916016 2.916016 2.912109 2.908203 2.908203 2.869141 2.830078 2.810547 2.802734 2.806641 2.810547 2.822266 2.849609 2.876953 2.873047 2.849609 2.833984 2.826172 2.822266 2.818359 2.818359 2.818359 2.810547 2.806641 2.798828 2.794922 2.794922 2.794922 2.822266 2.822266 2.822266 2.822266 2.826172 2.830078 2.833984 2.837891 2.841797 2.841797 2.841797 2.833984 2.822266 2.810547 2.794922 2.787109 2.787109 2.783203 2.783203 2.787109 2.794922 2.802734 2.810547
2.935547 2.935547 2.935547 2.931641 2.931641 2.927734 2.927734 2.931641 2.931641 2.931641 2.923828 2.919922 2.919922 2.916016 2.916016 2.908203 2.904297 2.904297 2.841797 2.802734 2.787109 2.783203 2.791016 2.802734 2.822266 2.865234 2.884766 2.884766 2.876953 2.865234 2.857422 2.857422 2.861328 2.861328 2.861328 2.853516 2.830078 2.814453 2.810547 2.814453 2.814453 2.798828 2.787109 2.787109 2.791016 2.794922 2.798828 2.798828 2.802734 2.806641 2.806641 2.798828 2.791016 2.779297 2.771484 2.767578 2.767578 2.763672 2.759766 2.759766 2.763672 2.775391 2.783203
2.935547 2.935547 2.935547 2.935547 2.939453 2.939453 2.939453 2.939453 2.935547 2.935547 2.927734 2.919922 2.919922 2.919922 2.916016 2.912109 2.904297 2.900391 2.884766 2.826172 2.791016 2.775391 2.771484 2.779297 2.794922 2.830078 2.873047 2.876953 2.884766 2.888672 2.888672 2.884766 2.876953 2.869141 2.865234 2.861328 2.853516 2.845703 2.833984 2.818359 2.798828 2.779297 2.763672 2.759766 2.751953 2.751953 2.751953 2.751953 2.755859 2.759766 2.763672 2.763672 2.759766 2.751953 2.744141 2.744141 2.744141 2.740234 2.736328 2.732422 2.736328 2.751953 2.763672
2.939453 2.939453 2.939453 2.939453 2.939453 2.939453 2.939453 2.943359 2.943359 2.939453 2.931641 2.923828 2.919922 2.923828 2.919922 2.916016 2.908203 2.904297 2.904297 2.884766 2.822266 2.787109 2.771484 2.771484 2.783203 2.810547 2.865234 2.873047 2.876953 2.880859 2.876953 2.873047 2.869141 2.861328 2.857422 2.853516 2.845703 2.837891 2.822266 2.806641 2.787109 2.771484 2.755859 2.740234 2.728516 2.720703 2.712891 2.712891 2.712891 2.716797 2.724609 2.728516 2.728516 2.716797 2.708984 2.705078 2.701172 2.693359 2.685547 2.685547 2.693359 2.716797 2.736328
2.943359 2.943359 2.943359 2.943359 2.939453 2.939453 2.939453 2.943359 2.943359 2.943359 2.939453 2.931641 2.927734 2.927734 2.923828 2.916016 2.908203 2.908203 2.904297 2.904297 2.888672 2.830078 2.794922 2.783203 2.787109 2.806641 2.857422 2.861328 2.865234 2.865234 2.865234 2.861328 2.857422 2.853516 2.845703 2.841797 2.837891 2.830078 2.814453 2.798828 2.779297 2.763672 2.744141 2.724609 2.708984 2.701172 2.689453 2.685547 2.681641 2.685547 2.689453 2.693359 2.681641 2.666016 2.650391 2.634766 2.615234 2.599609 2.595703 2.603516 2.630859 2.669922 2.705078
2.943359 2.943359 2.939453 2.939453 2.939453 2.939453 2.939453 2.943359 2.943359 2.943359 2.943359 2.939453 2.935547 2.931641 2.927734 2.919922 2.912109 2.908203 2.908203 2.908203 2.904297 2.892578 2.853516 2.822266 2.814453 2.826172 2.853516 2.853516 2.853516 2.857422 2.857422 2.857422 2.849609 2.845703 2.837891 2.830078 2.830078 2.822266 2.810547 2.794922 2.775391 2.755859 2.732422 2.712891 2.697266 2.681641 2.669922 2.662109 2.658203 2.658203 2.658203 2.654297 2.634766 2.603516 2.572266 2.541016 2.517578 2.501953 2.501953 2.529297 2.572266 2.626953 2.673828
2.943359 2.943359 2.939453 2.939453 2.939453 2.939453 2.943359 2.943359 2.943359 2.943359 2.943359 2.943359 2.939453 2.935547 2.931641 2.927734 2.919922 2.916016 2.916016 2.912109 2.908203 2.900391 2.888672 2.876953 2.865234 2.861328 2.857422 2.857422 2.857422 2.853516 2.853516 2.853516 2.845703 2.837891 2.826172 2.818359 2.822266 2.818359 2.810547 2.794922 2.771484 2.744141 2.724609 2.705078 2.685547 2.669922 2.662109 2.650391 2.638672 2.634766 2.630859 2.619141 2.595703 2.560547 2.521484 2.490234 2.466797 2.462891 2.478516 2.509766 2.560547 2.615234 2.666016
2.943359 2.943359 2.943359 2.939453 2.939453 2.943359 2.943359 2.943359 2.943359 2.943359 2.943359 2.943359 2.939453 2.939453 2.939453 2.935547 2.931641 2.927734 2.923828 2.919922 2.916016 2.908203 2.896484 2.888672 2.876953 2.869141 2.865234 2.861328 2.861328 2.857422 2.857422 2.853516 2.849609 2.833984 2.822266 2.814453 2.818359 2.818359 2.814453 2.798828 2.775391 2.748047 2.724609 2.701172 2.685547 2.669922 2.662109 2.650391 2.638672 2.626953 2.619141 2.607422 2.583984 2.552734 2.525391 2.509766 2.501953 2.509766 2.529297 2.560547 2.595703 2.634766 2.681641
2.943359 2.943359 2.943359 2.943359 2.939453 2.943359 2.943359 2.943359 2.943359 2.943359 2.943359 2.943359 2.943359 2.943359 2.943359 2.939453 2.935547 2.931641 2.923828 2.919922 2.916016 2.912109 2.904297 2.896484 2.888672 2.880859 2.876953 2.873047 2.869141 2.869141 2.869141 2.869141 2.857422 2.845703 2.830078 2.826172 2.830078 2.833984 2.833984 2.814453 2.787109 2.759766 2.732422 2.708984 2.693359 2.685547 2.677734 2.669922 2.654297 2.646484 2.638672 2.630859 2.619141 2.603516 2.591797 2.583984 2.587891 2.591797 2.603516 2.623047 2.642578 2.669922 2.705078
2.943359 2.943359 2.943359 2.943359 2.943359 2.943359 2.943359 2.943359 2.943359 2.943359 2.943359 2.943359 2.943359 2.943359 2.939453 2.939453 2.935547 2.931641 2.927734 2.923828 2.919922 2.916016 2.908203 2.904297 2.900391 2.896484 2.896484 2.892578 2.888672 2.888672 2.892578 2.892578 2.880859 2.869141 2.853516 2.849609 2.853516 2.865234 2.869141 2.853516 2.822266 2.787109 2.755859 2.732422 2.720703 2.716797 2.716797 2.708984 2.697266 2.693359 2.693359 2.689453 2.681641 2.673828 2.662109 2.658203 2.650391 2.650391 2.654297 2.658203 2.669922 2.689453 2.716797
2.943359 2.943359 2.943359 2.943359 2.943359 2.943359 2.943359 2.943359 2.943359 2.943359 2.943359 2.943359 2.943359 2.943359 2.939453 2.939453 2.935547 2.931641 2.927734 2.923828 2.919922 2.919922 2.916016 2.916016 2.916016 2.916016 2.916016 2.916016 2.916016 2.916016 2.916016 2.916016 2.908203 2.888672 2.876953 2.869141 2.876953 2.892578 2.900391 2.888672 2.853516 2.826172 2.802734 2.791016 2.779297 2.775391 2.771484 2.763672 2.751953 2.748047 2.744141 2.740234 2.732422 2.720703 2.705078 2.689453 2.677734 2.669922 2.666016 2.669922 2.681641 2.697266 2.724609
2.943359 2.943359 2.943359 2.943359 2.943359 2.943359 2.943359 2.943359 2.943359 2.943359 2.943359 2.943359 2.943359 2.943359 2.939453 2.935547 2.935547 2.931641 2.927734 2.923828 2.923828 2.923828 2.923828 2.919922 2.919922 2.923828 2.927734 2.931641 2.931641 2.931641 2.931641 2.931641 2.923828 2.908203 2.892578 2.884766 2.892578 2.912109 2.927734 2.916016 2.888672 2.865234 2.849609 2.841797 2.833984 2.830078 2.822266 2.810547 2.798828 2.791016 2.779297 2.775391 2.759766 2.744141 2.720703 2.701172 2.681641 2.669922 2.666016 2.669922 2.685547 2.705078 2.736328
2.943359 2.943359 2.943359 2.943359 2.943359 2.943359 2.943359 2.943359 2.943359 2.943359 2.943359 2.943359 2.943359 2.939453 2.939453 2.935547 2.935547 2.931641 2.927734 2.927734 2.927734 2.927734 2.923828 2.923828 2.923828 2.927734 2.931641 2.935547 2.935547 2.935547 2.939453 2.935547 2.935547 2.919922 2.904297 2.896484 2.904297 2.927734 2.943359 2.939453 2.916016 2.892578 2.880859 2.873047 2.869141 2.861328 2.849609 2.837891 2.822266 2.810547 2.798828 2.787109 2.767578 2.748047 2.720703 2.697266 2.677734 2.666016 2.662109 2.673828 2.693359 2.720703 2.751953
2.943359 2.943359 2.943359 2.943359 2.943359 2.943359 2.943359 2.943359 2.943359 2.943359 2.943359 2.939453 2.939453 2.939453 2.935547 2.935547 2.935547 2.931641 2.931641 2.931641 2.931641 2.927734 2.923828 2.923828 2.923828 2.927734 2.927734 2.931641 2.935547 2.939453 2.939453 2.935547 2.935547 2.931641 2.916016 2.908203 2.916016 2.935547 2.943359 2.943359 2.931641 2.908203 2.892578 2.880859 2.876953 2.869141 2.861328 2.849609 2.830078 2.814453 2.802734 2.787109 2.767578 2.744141 2.720703 2.693359 2.669922 2.662109 2.666016 2.681641 2.708984 2.744141 2.779297
2.943359 2.943359 2.943359 2.943359 2.943359 2.943359 2.943359 2.943359 2.943359 2.943359 2.939453 2.939453 2.939453 2.939453 2.935547 2.935547 2.935547 2.931641 2.931641 2.931641 2.931641 2.927734 2.927734 2.923828 2.923828 2.927734 2.927734 2.931641 2.935547 2.939453 2.939453 2.939453 2.939453 2.939453 2.927734 2.916016 2.923828 2.939453 2.943359 2.943359 2.939453 2.916016 2.896484 2.884766 2.876953 2.869141 2.857422 2.849609 2.830078 2.814453 2.798828 2.779297 2.763672 2.740234 2.716797 2.693359 2.677734 2.673828 2.681641 2.701172 2.736328 2.771484 2.802734
2.943359 2.943359 2.943359 2.943359 2.943359 2.943359 2.943359 2.943359 2.943359 2.943359 2.939453 2.939453 2.939453 2.935547 2.935547 2.935547 2.931641 2.931641 2.931641 2.931641 2.931641 2.927734 2.927734 2.927734 2.927734 2.927734 2.927734 2.931641 2.939453 2.943359 2.939453 2.939453 2.943359 2.943359 2.939453 2.927734 2.927734 2.939453 2.943359 2.943359 2.939453 2.919922 2.896484 2.884766 2.873047 2.861328 2.853516 2.841797 2.826172 2.810547 2.794922 2.775391 2.755859 2.736328 2.720703 2.701172 2.689453 2.689453 2.705078 2.732422 2.763672 2.798828 2.818359
2.943359 2.943359 2.943359 2.943359 2.943359 2.943359 2.943359 2.943359 2.943359 2.943359 2.939453 2.939453 2.939453 2.939453 2.935547 2.935547 2.935547 2.931641 2.931641 2.931641 2.931641 2.931641 2.927734 2.927734 2.927734 2.931641 2.931641 2.939453 2.943359 2.943359 2.943359 2.943359 2.943359 2.943359 2.943359 2.935547 2.931641 2.939453 2.943359 2.943359 2.943359 2.923828 2.904297 2.888672 2.873047 2.861328 2.849609 2.837891 2.826172 2.810547 2.791016 2.771484 2.751953 2.740234 2.728516 2.716797 2.708984 2.712891 2.732422 2.755859 2.791016 2.806641 2.826172
2.943359 2.943359 2.943359 2.943359 2.943359 2.943359 2.943359 2.943359 2.943359 2.943359 2.939453 2.939453 2.939453 2.935547 2.935547 2.935547 2.935547 2.935547 2.931641 2.931641 2.931641 2.931641 2.931641 2.931641 2.931641 2.935547 2.939453 2.943359 2.943359 2.943359 2.943359 2.943359 2.943359 2.943359 2.943359 2.943359 2.939453 2.939453 2.943359 2.943359 2.943359 2.931641 2.912109 2.892578 2.876953 2.865234 2.853516 2.841797 2.830078 2.814453 2.794922 2.775391 2.755859 2.744141 2.740234 2.732422 2.724609 2.732422 2.751953 2.775391 2.806641 2.833984 2.861328
2.943359 2.943359 2.943359 2.943359 2.943359 2.943359 2.943359 2.943359 2.943359 2.943359 2.943359 2.939453 2.939453 2.939453 2.935547 2.935547 2.935547 2.935547 2.935547 2.935547 2.935547 2.935547 2.935547 2.935547 2.935547 2.939453 2.943359 2.943359 2.943359 2.943359 2.943359 2.943359 2.943359 2.943359 2.943359 2.943359 2.943359 2.943359 2.943359 2.943359 2.943359 2.939453 2.919922 2.904297 2.888672 2.876953 2.865234 2.849609 2.833984 2.822266 2.802734 2.783203 2.763672 2.755859 2.751953 2.748047 2.736328 2.744141 2.763672 2.791016 2.822266 2.849609 2.873047
2.943359 2.943359 2.943359 2.943359 2.943359 2.943359 2.943359 2.943359 2.943359 2.943359 2.943359 2.943359 2.939453 2.939453 2.935547 2.935547 2.935547 2.935547 2.935547 2.935547 2.935547 2.935547 2.935547 2.935547 2.939453 2.939453 2.943359 2.943359 2.943359 2.943359 2.943359 2.943359 2.943359 2.943359 2.943359 2.943359 2.943359 2.943359 2.943359 2.943359 2.943359 2.943359 2.931641 2.912109 2.900391 2.888672 2.876953 2.861328 2.849609 2.830078 2.818359 2.798828 2.775391 2.763672 2.763672 2.755859 2.748047 2.751953 2.771484 2.806641 2.833984 2.865234 2.880859
