py_wake/examples/data/AJ_ParqueFicticio/Rough survey   Sector 7   Height 200m   Power density.grd
DSAA
73  159
 258469   265669
 6501692   6517492
 60.60076   582.905
[rows 84 to 111 of 159, columns 0 to 62 of 73]
180.337 177.032 174.3354 171.3098 168.7646 164.753 161.573 157.5993 153.6343 151.2519 150.0445 147.9877 145.571 144.1806 143.1821 142.3627 141.7302 141.4082 142.386 144.6125 146.6545 148.6432 150.8393 153.3522 156.5509 159.2934 161.331 163.3458 164.4871 166.5768 169.6195 172.7582 174.7585 175.4182 172.9579 173.0758 170.6152 169.6256 171.3968 173.011 177.5063 178.1482 179.8806 180.8559 181.4268 183.7958 187.4991 191.2721 196.3453 201.8502 206.4364 208.3278 206.4033 203.9535 201.2074 199.9945 199.603 202.4083 206.037 207.4454 206.4991 202.0087 198.3907
177.7197 175.0215 172.2822 169.4727 166.5897 162.8201 159.7589 155.6778 151.7766 148.9754 147.119 144.7119 142.4316 140.6424 140.3246 139.6365 139.0057 137.7812 137.3156 137.8013 139.4361 141.4506 144.6768 148.6077 153.1156 156.5846 158.9233 159.7703 160.7322 161.0676 164.2138 168.7966 170.2587 171.8308 170.2739 171.3469 170.6462 172.1676 175.1903 177.8347 181.1406 181.5885 181.854 183.352 184.2147 186.2913 188.1469 189.6125 191.1265 194.751 199.6469 203.5788 204.4423 205.1234 204.3107 204.5811 207.4285 210.1859 211.5928 211.2518 208.5694 201.9178 197.4884
174.1176 172.1734 170.1384 167.3674 164.2781 160.943 157.2144 154.0409 150.9498 147.0785 144.6917 142.8568 140.957 138.8836 137.7399 137.2609 136.7904 135.7102 134.0493 132.8616 132.7492 133.8764 136.203 139.6107 143.991 148.1 150.4167 152.6272 153.2833 154.8691 160.0959 164.0932 167.9938 170.5925 170.842 172.7181 171.8994 173.9135 177.8163 180.9756 183.8295 183.8886 186.7964 189.252 191.0797 192.1802 193.2773 193.0802 193.0281 193.8618 195.7694 200.1234 204.5594 205.9722 207.7765 208.9903 213.5603 216.3036 217.1926 214.8069 210.8667 203.2366 198.8397
172.2484 170.1559 167.923 164.6108 161.3647 157.9635 154.7505 152.0555 148.9799 145.1317 142.8504 140.8573 139.2152 136.8839 134.828 134.1367 133.9057 132.8096 131.877 130.2455 128.9831 128.3678 128.547 130.8809 134.5053 139.024 142.8048 147.0549 149.5818 154.9203 162.553 167.8104 172.4332 175.785 176.988 177.2724 176.6871 178.6392 180.2999 182.2724 185.6904 188.167 191.2917 195.4566 197.2358 197.4782 196.655 196.4944 195.104 193.5451 192.8606 195.7789 200.6177 205.2352 208.4966 210.8785 214.3294 217.7456 216.8676 216.2674 212.5307 207.6472 203.9372
171.8045 168.8003 166.0607 162.4012 158.9384 155.0546 151.8384 149.0578 145.6377 143.3148 140.93 139.0846 137.3607 135.4728 133.079 130.6736 130.1012 129.5134 129.1204 128.2282 127.594 126.849 127.0876 128.0863 131.3669 136.7563 143.1552 150.1081 155.6772 165.0255 171.0411 176.8348 178.8873 181.9757 183.2176 182.3468 183.3949 185.5568 185.8122 186.5691 188.2562 193.8046 196.0963 197.5203 197.3559 196.1128 194.5573 193.9275 192.2528 189.5645 187.1597 187.1107 191.3182 195.7813 201.4747 203.6338 206.2307 210.7652 212.9442 212.9423 213.7668 212.3778 213.2861
171.9594 168.3616 164.648 161.1319 157.5773 153.7619 149.5394 145.277 142.2289 139.6607 138.2505 137.5474 135.8406 134.1625 132.1079 128.6066 126.7406 126.4401 126.6202 127.3195 128.8528 129.9224 131.6799 134.6792 138.9962 144.3794 152.7641 162.005 172.9547 180.4953 185.01 185.998 186.8704 187.0088 186.7522 185.9351 188.1265 192.5298 193.2426 193.8277 195.4138 198.8814 199.3604 198.2702 196.0976 194.8527 192.7429 190.8833 188.3268 185.9669 182.0436 180.2726 178.3309 180.7713 186.6348 190.6719 191.4376 198.1088 202.6515 207.6783 212.8179 215.704 220.3687
173.1254 168.7557 164.5808 160.2117 157.0463 152.9109 148.6574 144.4184 140.1204 136.6261 135.3427 135.5288 134.3586 133.1634 131.5589 128.7613 125.485 124.5042 124.9572 127.93 132.1473 136.7319 141.7283 147.8556 154.525 164.284 174.2857 184.0968 192.2946 196.7126 197.6018 196.6034 195.8393 194.4108 192.4523 192.457 195.0243 199.2991 201.6493 203.2727 203.9288 205.7507 205.0118 203.7249 205.1023 205.3794 204.7367 202.6777 198.0968 193.5961 190.3971 186.5035 182.7596 179.1292 177.2973 178.9873 178.6205 183.4651 191.2947 202.3432 212.7372 221.4243 227.2885
173.6817 169.258 165.3514 161.1129 157.28 153.1043 149.1173 144.7686 140.2962 136.6119 133.7464 133.4994 133.4124 133.1039 132.2922 129.975 127.1505 126.1047 126.7222 130.0869 137.4033 146.3399 154.8332 164.239 177.6207 187.7248 196.8639 204.5786 208.6795 210.0744 209.5704 208.2491 206.2643 204.5477 201.4999 203.2041 203.4225 206.7962 210.6664 212.6498 213.8394 215.5363 215.8999 217.7948 222.106 223.5916 221.5483 219.2672 214.3142 211.0156 210.8326 207.1689 201.2175 194.5735 184.6554 177.7591 176.2187 181.5654 192.014 205.6082 217.3483 229.6252 236.5228
175.3947 170.1402 165.8108 161.7878 157.6694 154.1485 150.3715 146.3755 142.145 137.9268 133.803 133.2165 132.9646 133.6905 134.4868 133.0217 132.0168 132.2939 133.6481 137.386 145.612 157.5556 171.22 185.2655 198.7335 207.7677 215.9334 221.2033 222.4004 221.625 220.2011 218.3492 215.0969 210.9255 208.4682 211.4051 212.5512 215.2852 219.0441 222.5611 224.9604 228.5586 231.6919 236.7808 239.8812 239.1026 234.8463 231.4025 229.8968 231.0518 232.5297 230.5503 225.3145 217.0742 206.4407 199.536 196.861 201.9071 209.5581 219.0279 228.9267 239.3364 247.2093
175.4234 170.982 166.476 162.4782 158.8823 155.387 152.2786 148.3611 144.4596 140.4247 135.8725 133.7035 133.6434 134.5197 136.3046 138.1337 139.9702 142.6899 146.1765 150.6836 158.9159 175.1517 190.4956 204.6617 216.8975 224.9176 231.5715 234.9752 233.2965 229.1369 226.1567 222.045 219.4799 216.2944 216.4473 219.4464 221.2475 222.9855 228.2673 233.9704 238.3757 243.1395 250.2462 253.1586 251.2568 247.0209 242.6888 239.042 240.4337 242.9296 244.6564 244.6447 241.6234 238.0893 233.4659 230.4122 230.1407 231.3953 232.2504 234.973 240.6705 248.6336 257.2025
175.5999 171.6855 167.2192 163.226 159.5933 156.8517 154.2637 150.6543 147.2774 143.9423 139.7623 135.9329 135.0751 135.7822 138.4328 142.9404 149.2477 156.3797 162.2707 168.2323 180.2512 193.278 207.2708 220.4686 232.0677 238.5851 243.1599 244.2942 237.0506 230.9675 225.7119 221.2514 219.751 219.5645 223.7002 228.2891 230.4941 234.1893 240.4102 246.562 252.5052 256.2677 261.0044 258.2446 253.8009 248.7079 244.8208 243.5149 244.9745 245.4752 244.3049 242.25 243.0671 246.8783 247.203 248.8159 249.9064 249.7788 249.0187 248.6945 251.1025 256.0244 265.0691
174.5663 171.3113 168.2231 164.8612 161.3126 158.3413 156.3518 154.0514 151.224 147.8918 144.5949 140.4581 139.2399 139.1854 141.7885 147.9544 157.6794 168.4224 178.3982 186.8282 201.6742 212.117 222.3872 233.6848 243.3543 247.211 246.9163 240.9872 231.7856 223.6382 218.6679 216.8465 218.8362 223.5931 230.3392 237.6467 240.9353 245.4496 251.4474 256.8476 258.3151 257.9372 259.6491 255.3002 251.0806 247.3211 245.4059 245.5286 243.1724 239.8904 235.8907 232.8265 232.6573 236.2564 242.7205 247.2746 252.7501 256.161 259.0087 260.6889 260.6713 262.0313 267.2966
174.1783 171.2982 169.55 167.1174 164.6935 161.6851 158.9079 157.2332 156.1636 153.7034 150.9975 147.79 146.756 147.0968 149.4088 155.5561 165.6021 178.6112 191.3427 206.2817 222.7003 231.3055 238.4749 244.4075 249.6249 246.4678 236.7656 224.792 213.7764 207.8941 208.085 212.8285 220.9267 229.9951 240.3069 247.735 252.7835 256.1558 260.1624 262.9541 258.6186 253.2162 250.3748 245.5939 242.9625 242.2893 240.9496 237.9122 233.0077 227.6383 221.931 216.9439 212.5585 211.9059 219.8107 227.2155 237.7499 248.1951 259.1707 265.6769 266.0799 265.0142 265.4604
174.4178 172.1352 170.5253 169.5504 168.7714 166.7869 163.6696 161.1669 160.9771 159.9245 158.5466 156.5495 157.7239 159.9331 163.022 168.388 176.6771 188.9554 206.1785 225.697 240.1992 246.4429 250.6187 252.677 248.5294 236.5036 221.2827 206.1694 197.6657 198.6014 207.0353 218.1584 227.8829 236.9995 247.6815 255.6663 263.2001 263.4986 260.9962 257.5771 248.9741 241.6019 237.7343 232.9674 229.276 226.6836 221.9976 217.6997 211.7462 206.1084 200.9745 194.6601 190.5173 189.7143 195.721 203.1777 213.349 225.5213 241.0246 256.1073 264.4192 265.1273 263.039
177.4678 175.0759 173.181 172.2868 171.9309 172.42 170.7047 167.6693 167.3426 167.5524 167.8554 167.9477 172.9339 178.6579 184.4894 189.4941 196.8362 212.456 227.8392 243.9657 256.097 259.5117 259.4409 256.0729 244.3515 227.7799 212.3353 203.1183 205.5995 214.4479 224.8662 233.2988 238.7392 241.6598 247.887 253.8656 258.1417 257.1355 252.2536 245.2279 235.2318 226.6215 222.323 217.6764 213.6418 208.192 199.9026 192.5739 186.3651 180.926 177.5317 175.9926 178.2975 185.9053 192.7651 199.2474 205.3413 213.7413 226.0595 242.4758 256.4177 264.6899 264.1767
182.4851 180.0335 178.6127 177.3661 176.819 178.9696 179.9378 178.1689 177.1645 178.057 179.5106 183.383 191.4222 201.3219 211.4746 218.9743 231.9037 243.5323 255.0052 265.9777 272.7259 273.0382 269.18 257.9564 239.66 224.5791 216.6091 221.7657 231.8152 241.2074 246.0897 248.6903 247.922 243.7684 244.2892 245.3863 242.7958 238.5944 234.3437 227.8375 218.6416 208.8643 202.3246 199.1722 197.2197 193.258 187.4924 180.7292 174.1457 170.202 169.5321 174.9686 186.9584 201.032 209.5364 217.6989 222.5591 228.9056 234.4847 248.2361 264.1989 275.3781 277.3077
189.8083 189.2571 187.9811 186.7612 186.1016 187.9814 191.9239 193.2919 192.2655 193.5657 195.3017 202.8981 213.219 225.9608 240.0513 257.4296 272.0505 281.401 286.9117 291.5227 292.0814 286.3701 276.1679 258.1028 240.9776 232.5689 236.6429 247.6789 259.9621 263.4512 262.1394 258.632 253.4975 247.6367 242.3658 236.2272 228.5308 220.9446 213.5149 207.4701 198.6009 188.7291 184.0355 185.3733 184.5596 183.8949 185.1196 183.8242 180.8683 179.2012 182.3554 194.4633 208.3225 222.3896 233.0897 241.9358 247.5388 254.1443 262.0459 273.4566 285.6519 291.3783 293.1245
198.6198 200.9256 200.8263 199.9192 199.7934 200.7131 206.7157 211.5673 213.1221 214.6929 218.8793 228.353 239.9633 255.6348 278.2592 298.6963 313.7083 321.4001 321.9054 319.7194 312.4185 298.8575 281.4347 264.3508 255.5432 258.1667 267.9232 276.2192 279.0094 275.2891 269.1691 262.4009 256.0912 249.2678 243.4802 233.3286 223.3438 213.2741 201.7178 190.0556 180.6647 175.9116 175.8223 182.0932 187.4184 190.7545 193.4191 200.2127 203.6155 203.0288 211.5257 222.3674 233.9516 245.3572 255.632 263.5203 268.6312 273.7571 278.9339 287.4545 293.7477 298.9919 303.2295
207.6943 212.3841 215.1311 215.7614 216.4162 217.2982 222.6968 230.6973 235.5886 237.8516 247.4616 257.1555 274.8272 298.2791 319.0886 338.9224 351.97 358.2776 357.1837 348.6161 332.9205 316.0084 300.0627 289.3532 287.7236 291.6804 294.754 292.7102 285.2379 277.2744 269.5642 262.4196 256.9361 249.889 240.8646 231.0293 220.2173 209.0683 195.4715 182.0318 175.8873 176.6732 184.8037 195.4844 201.8176 206.6729 215.0123 223.5184 231.4188 235.7529 244.1902 251.8568 259.4357 266.2101 272.3799 275.624 277.3102 278.1043 279.7563 285.5385 291.9186 300.5198 313.9936
214.3797 222.0801 228.0343 231.7459 234.3715 234.2758 236.633 244.0152 251.4509 260.4014 273.8081 292.4592 314.6397 337.9782 359.4428 377.903 387.753 392.5345 390.4834 380.305 364.8161 351.4461 340.397 333.6282 330.1591 324.9919 314.7476 299.1372 284.4677 273.0863 266.8618 261.7039 256.7737 248.707 238.9177 228.3733 217.3558 205.3531 193.745 186.2907 186.2166 190.4147 199.7678 209.527 215.5751 221.3487 233.6889 248.1262 259.5611 268.8654 276.6036 281.8731 283.8202 283.7284 282.7086 280.6343 281.0457 279.4732 280.5354 284.8257 290.9429 301.17 313.7894
213.825 225.74 236.9236 245.0525 248.5195 248.6776 247.8123 250.3598 261.5673 276.0292 296.7059 321.8463 346.0838 369.6369 391.7434 409.8772 421.0009 425.6001 424.065 418.1269 409.0428 401.3633 394.2462 385.4152 372.4457 352.2693 328.0931 306.5559 289.899 279.2486 273.403 267.4979 261.4021 252.3911 242.1132 230.9387 219.165 205.6419 195.7074 194.1084 198.4429 204.2886 209.3159 216.0119 221.7672 230.4619 246.3469 266.923 284.7969 299.4423 310.5676 315.1106 314.0253 307.9413 302.3582 297.9262 296.4571 293.2102 296.8307 297.4533 297.1304 300.6087 304.6966
210.7235 221.0454 235.0888 246.9191 255.5903 257.6562 256.2098 261.0593 272.593 292.3664 315.4965 341.7839 366.8367 389.9514 409.4952 428.5234 444.6985 452.3589 454.9039 453.2815 451.1079 447.7944 440.8846 427.6603 404.3398 372.8343 345.5591 324.9182 311.636 300.6353 292.9573 283.5945 272.5316 262.0723 250.4533 237.926 225.3723 210.996 202.0147 202.0573 206.1931 211.1245 214.5846 221.2571 233.2161 247.6916 263.427 284.6833 307.8196 328.0816 344.6108 353.7716 354.6351 349.673 343.5576 337.3267 329.6705 325.487 323.1989 317.4532 310.8731 304.0208 297.7839
216.122 219.5235 228.2829 241.4742 255.1741 263.0505 264.7395 273.1616 292.1808 312.5977 333.9079 356.3457 377.5984 399.17 415.6802 429.3037 445.8419 460.4927 466.8366 468.6563 468.148 466.2511 460.6257 447.6217 425.0505 395.6069 373.2197 355.7231 343.9492 332.4147 319.5003 304.4859 288.1013 272.5393 260.0877 248.0676 235.2493 220.5732 210.6431 209.6935 213.7754 219.4892 226.9121 238.9194 256.8142 275.924 291.3226 305.6743 326.735 350.2629 372.335 390.2055 398.1299 399.6174 394.108 385.6442 373.085 357.7413 344.2737 334.4235 324.2167 312.9172 300.8192
237.1512 232.6033 234.0608 241.7219 254.2721 269.2769 281.4536 295.9776 314.6386 332.2632 350.3266 367.8668 383.9572 396.9274 405.4742 412.3317 421.3581 437.3428 449.5131 456.7451 459.0742 458.9236 455.579 452.6118 443.2643 427.2099 408.8402 391.8123 381.0718 365.8307 347.7822 331.3067 311.5348 293.2268 276.2686 260.938 245.8446 234.9231 226.3125 224.0726 228.7449 238.6968 252.0363 269.3444 290.3301 311.0885 327.3933 337.5271 350.583 369.1668 387.4852 409.3572 422.2065 424.7911 425.9906 413.9132 394.8623 374.9424 356.9535 343.0067 331.0887 319.5624 308.1462
270.8275 263.9404 259.3879 259.6567 269.9319 284.406 302.1626 321.2792 335.7695 348.498 362.3021 374.5142 383.7994 386.1083 383.9689 383.3696 384.9114 394.7807 409.9422 424.0082 434.6422 440.0117 443.5512 451.2502 450.6607 446.2494 439.6581 431.711 423.0708 407.9684 389.8401 366.6448 338.9622 314.3749 293.126 276.0889 263.915 255.6809 249.7801 248.9437 257.2504 270.4959 287.2764 304.3623 325.0106 344.616 360.4684 370.5673 378.895 388.7385 399.8541 412.1868 415.4155 413.6678 413.6716 402.4948 386.9082 369.6193 355.0141 343.2907 333.042 322.6591 314.9901
312.889 305.8559 296.6637 293.5626 300.2867 310.7739 323.2492 338.2592 349.3361 358.2565 366.9599 373.4987 376.2632 368.3881 360.2157 354.4089 350.3357 352.737 366.0789 383.4104 400.9675 413.8335 421.0183 431.4708 440.6238 445.9987 454.3119 458.8311 453.442 437.4928 414.7184 383.0024 351.7524 322.0642 301.7037 289.2192 284.627 283.2576 280.5479 284.2915 296.3335 310.7237 326.1143 338.3198 351.0461 365.3621 377.9136 389.0117 397.937 406.825 410.6954 409.3323 400.7856 391.9255 384.1828 371.2704 358.9073 347.7613 338.7357 333.5908 326.7736 320.2179 316.3536
354.1578 349.7124 340.2121 330.7198 329.3557 332.0413 338.4492 348.0203 358.6038 364.0715 369.1208 371.4975 367.7104 357.4589 347.1888 336.5894 327.6112 320.7527 326.6589 344.5475 365.4005 383.1256 394.1383 407.203 417.5522 431.274 449.5713 463.349 461.945 446.3002 419.5861 385.6566 352.7022 326.5695 309.0857 305.2651 307.56 312.1428 314.2431 323.5923 337.752 350.4892 359.7969 363.3526 364.364 367.4033 371.7278 379.0316 389.1618 400.2174 405.6907 398.7094 382.79 371.7273 357.6089 342.6709 331.4987 323.4095 317.5751 312.794 309.5345 307.0563 309.3387
392.5278 385.8598 375.4196 363.2921 353.244 352.0006 353.6831 360.4602 369.2449 375.2226 377.8912 378.0592 371.3452 360.5371 350.9501 337.766 322.3951 311.8296 308.0297 316.8524 334.309 354.9031 372.1594 389.1358 406.9527 420.3112 433.5332 448.0184 446.3956 439.4792 421.8798 395.8493 371.2214 350.8797 336.7038 332.9737 336.6981 344.9725 348.0243 363.2072 377.797 387.0732 387.5482 381.3915 371.9118 363.9919 359.1046 358.2585 364.9407 376.4977 377.8149 370.6158 357.913 347.5217 334.0294 322.0443 313.2206 306.7325 301.7779 296.1603 292.6145 291.5098 295.9294
