py_wake/examples/data/AJ_ParqueFicticio/Rough survey   Sector 12   Height 30m   Mean speed.grd
DSAA
73  159
 258469   265669
 6501692   6517492
 .2004595   7.890977
[rows 0 to 27 of 159, columns 0 to 62 of 73]
3.501442 3.457669 3.457905 3.454394 3.448855 3.440844 3.434137 3.430715 3.426099 3.408979 3.38988 3.376101 3.352251 3.337591 3.320165 3.313053 3.31708 3.324219 3.37878 3.459853 3.6347 3.769574 3.752821 3.786385 3.432673 2.86363 3.120298 3.175967 3.276348 3.35662 3.310172 3.250487 3.363282 3.532476 3.687739 3.814057 3.93101 3.817764 3.765188 3.746158 3.722018 3.692667 3.68065 3.563019 3.546167 3.604051 3.607777 3.600631 3.595852 3.579907 3.561056 3.528865 3.509204 3.488535 3.461879 3.441592 3.419661 3.402341 3.393541 3.389753 3.382029 3.385553 3.400302
3.392122 3.405893 3.433714 3.442934 3.441558 3.432785 3.42939 3.423771 3.421519 3.411381 3.397793 3.379194 3.352744 3.332567 3.312924 3.305601 3.307499 3.336465 3.395792 3.521669 3.732083 3.85175 3.845019 3.875487 3.806889 3.457344 3.035697 3.123417 3.211884 3.296914 3.305743 3.303532 3.370847 3.510465 3.65905 3.823671 3.992871 3.953738 3.874678 3.841127 3.824205 3.816064 3.833998 3.73292 3.542861 3.56474 3.624094 3.659377 3.641961 3.617444 3.602301 3.545422 3.519135 3.487163 3.458508 3.439448 3.41638 3.401517 3.383386 3.368479 3.359353 3.356987 3.367622
3.456031 3.300101 3.391314 3.421947 3.42312 3.419522 3.417309 3.411762 3.395085 3.390253 3.44899 3.408148 3.34986 3.317427 3.294319 3.290282 3.294574 3.333673 3.404791 3.511905 3.667814 3.709985 3.739779 3.941701 3.902471 3.504278 3.301224 3.232413 3.191194 3.251122 3.292826 3.282312 3.337783 3.456436 3.572015 3.813196 4.086807 4.269924 4.131906 4.066032 3.998199 3.879331 3.845124 3.879938 3.687327 3.550519 3.567044 3.628613 3.668325 3.674471 3.64549 3.598183 3.518824 3.49172 3.468014 3.446668 3.425412 3.395353 3.365843 3.342843 3.322762 3.327178 3.336522
3.767454 3.459945 3.342909 3.386451 3.398447 3.406645 3.398432 3.373191 3.362235 3.364641 3.370251 3.42748 3.403024 3.338772 3.262001 3.262342 3.263567 3.305541 3.378505 3.472216 3.547977 3.556137 3.588568 3.824035 3.930539 3.798804 3.480286 3.29107 3.225146 3.275221 3.326143 3.261562 3.301381 3.385136 3.393362 3.485425 3.826006 4.190309 4.51613 4.44137 4.277451 3.966518 3.848182 3.884565 3.832909 3.659585 3.620274 3.625053 3.642407 3.661427 3.705125 3.638169 3.581364 3.529029 3.497045 3.460286 3.429111 3.38491 3.342731 3.307345 3.286588 3.290821 3.318304
3.969725 3.66391 3.300038 3.312325 3.351804 3.376904 3.359993 3.331586 3.315152 3.319339 3.299351 3.318691 3.381354 3.35386 3.248182 3.222361 3.228293 3.278335 3.371533 3.510279 3.520128 3.432473 3.366612 3.591413 3.734658 3.734139 3.554576 3.364655 3.250339 3.249077 3.267145 3.279949 3.23691 3.225671 3.080473 2.883583 3.015365 3.440628 3.816567 4.109466 4.12634 4.038588 3.804147 3.827224 3.98378 3.906376 3.781316 3.673716 3.667296 3.709633 3.811172 3.744626 3.686449 3.618444 3.55557 3.498216 3.434492 3.373419 3.308165 3.260549 3.23686 3.249832 3.30955
3.942128 3.850839 3.606969 3.341623 3.233391 3.320782 3.308122 3.277239 3.256127 3.248358 3.258613 3.246104 3.298501 3.283649 3.245304 3.152424 3.170049 3.22083 3.384422 3.566663 3.632395 3.571553 3.427616 3.48899 3.620929 3.587493 3.463865 3.347565 3.233029 3.154571 3.082559 2.91846 2.89764 2.73109 2.649037 2.481448 2.203785 2.419729 2.93533 3.272462 3.594308 3.902318 3.787511 3.775923 3.791261 3.926525 3.818092 3.705491 3.683943 3.735152 3.811855 3.917812 3.83651 3.739701 3.629526 3.531193 3.439941 3.356876 3.266341 3.203011 3.169407 3.205588 3.353793
3.945227 3.98777 4.00974 3.810339 3.390076 3.21443 3.295896 3.366242 3.350783 3.330421 3.330014 3.263159 3.21295 3.250827 3.270829 3.200305 3.07431 3.091624 3.176494 3.382192 3.564207 3.628905 3.551708 3.544977 3.598845 3.549817 3.417184 3.276632 3.171349 3.069357 2.966819 2.805516 2.819168 2.803888 2.714434 2.59636 2.462275 2.315806 2.349348 2.866856 3.329732 3.743818 3.858236 3.823006 3.841185 3.802288 3.760484 3.704226 3.662746 3.713688 3.768856 3.824613 3.93239 3.964823 3.761326 3.581141 3.451108 3.337142 3.214436 3.108511 3.066127 3.016991 2.965765
3.943611 3.964811 3.97855 3.960075 3.77509 3.411471 3.358037 3.425505 3.422703 3.409453 3.387218 3.331638 3.278028 3.291986 3.309484 3.239722 3.069895 2.978222 2.966855 3.102736 3.352439 3.572671 3.657669 3.710991 3.738106 3.613986 3.46705 3.284457 3.168848 3.04694 2.976372 2.932314 2.886501 2.81975 2.71735 2.608638 2.53836 2.507283 2.508253 2.551895 2.985434 3.507173 3.681836 3.763979 3.679166 3.671838 3.83402 3.720906 3.681181 3.808572 3.810314 3.763819 3.788121 3.839226 3.912798 3.626688 3.462662 3.328566 3.165355 2.968767 2.763921 2.707213 2.596477
3.959654 3.977414 3.981571 3.930307 3.807881 3.582972 3.496904 3.488858 3.476828 3.470592 3.427463 3.382484 3.341183 3.360038 3.375049 3.296983 3.142497 2.871475 2.786207 2.729615 2.900273 3.129947 3.322714 3.665687 3.751868 3.762019 3.570376 3.364385 3.24944 3.152566 3.094351 3.009826 2.920891 2.829004 2.710569 2.599741 2.460637 2.474946 2.52314 2.363762 2.422891 2.877457 3.171179 3.32372 3.574372 3.616194 3.582165 3.608944 3.412831 3.32805 3.540566 3.503103 3.386977 3.596385 3.718951 3.64865 3.489364 3.350739 3.184274 2.901516 2.500884 2.298174 2.281567
3.983777 3.996032 3.986976 3.969442 3.903642 3.692584 3.534529 3.498983 3.496942 3.536948 3.481051 3.432719 3.383904 3.412996 3.471634 3.41448 3.247261 3.030195 2.752934 2.528627 2.421319 2.417246 2.580624 2.624403 3.225054 3.742332 3.731815 3.528096 3.417244 3.280912 3.171481 3.077166 2.979801 2.871517 2.761656 2.707484 2.594702 2.389328 2.430838 2.353359 2.086947 2.048633 2.246119 2.393564 3.014393 3.248595 3.243984 3.339443 3.176033 2.934914 3.088226 3.121053 3.103395 3.243736 3.491071 3.679368 3.555227 3.442217 3.296556 3.073104 2.665874 2.180733 2.107722
4.008867 4.01084 4.003199 4.029514 4.182799 4.07362 3.947237 3.71433 3.529822 3.63811 3.533124 3.453019 3.374634 3.411405 3.550563 3.692588 3.471886 3.140979 2.955404 2.713581 2.360714 2.244877 2.249563 2.296776 2.259569 2.940996 3.444945 3.626169 3.468555 3.328139 3.250455 3.159277 3.053605 2.948273 2.851371 2.77868 2.675269 2.528214 2.363125 2.415682 2.37661 2.332299 2.291609 2.143758 2.079561 2.508154 2.512679 2.719512 2.828403 2.631641 2.597275 2.75393 3.046628 3.12584 3.337364 3.619123 3.738549 3.664166 3.60827 3.366293 2.979446 2.477898 2.265777
4.041959 4.053514 4.010462 4.075449 4.051111 4.091336 4.000433 3.84739 3.684896 3.724065 3.559086 3.498821 3.308408 3.289311 3.404504 3.815374 3.959582 3.64993 3.10276 2.895851 2.56077 2.206022 2.037879 2.182626 2.27954 2.268521 3.095202 3.491921 3.423396 3.37078 3.267161 3.16208 3.090937 3.013965 2.954602 2.834162 2.731472 2.625914 2.433751 2.431145 2.452402 2.448012 2.382375 2.270428 2.100829 2.109894 2.150833 2.138905 2.183045 2.19122 2.145933 2.513366 2.891117 3.087943 3.095431 3.27509 3.478833 3.724252 3.725381 3.612298 3.283034 2.825391 2.371579
4.059155 4.096634 4.065185 4.016927 3.965643 3.9759 3.966587 3.948813 3.816186 3.81675 3.779588 3.887518 3.774283 3.196834 3.167417 3.179901 3.499759 3.856147 3.800514 3.305829 2.839775 2.556455 2.246381 2.242167 2.298037 2.383642 2.378128 2.92917 3.246397 3.21276 3.157806 3.088795 3.047679 2.993999 2.948685 2.861159 2.760113 2.676987 2.57561 2.443721 2.43654 2.462079 2.397377 2.293891 2.134191 2.148846 2.159722 2.176439 2.170078 2.158239 2.109803 1.93548 2.304325 2.638187 2.777453 2.662395 2.674631 2.57987 2.375252 2.124806 2.315792 2.235672 2.25332
4.050394 4.013335 3.950702 3.958082 3.95298 3.961605 3.969493 4.100482 4.105312 4.089983 4.032124 3.924824 3.991098 4.004025 3.592683 3.223111 3.309732 3.429072 3.691478 3.707114 3.611032 3.167741 2.537302 2.303204 2.376169 2.422192 2.502315 2.603686 2.777841 2.909792 2.947724 2.953325 2.935485 2.914774 2.8478 2.797405 2.744263 2.698901 2.648119 2.568701 2.437617 2.379737 2.343306 2.252332 2.095398 2.051716 2.048825 1.985807 2.038047 1.994223 1.990753 1.861054 1.649653 1.937002 1.93398 .3554003 .2004595 .2769255 .2791283 .3484707 .619727 1.78009 1.97433
4.011795 3.961539 3.933938 3.945167 3.959174 3.961534 3.967225 4.033142 4.164736 4.146307 3.967212 3.917116 3.96309 4.015218 3.878258 3.615856 3.568397 3.642855 3.680744 3.726132 3.763012 3.632664 3.331151 2.628109 2.348094 2.442176 2.521305 2.635084 2.73537 2.806022 2.843886 2.864623 2.922091 2.881253 2.774377 2.668417 2.69905 2.667012 2.675467 2.639035 2.522419 2.392898 2.282993 2.210585 2.166813 2.050264 2.05203 1.962218 1.801151 1.836083 1.874907 1.844079 1.740194 1.556091 .3521972 .3536982 .3507196 .3199619 .3431712 2.29101 1.677245 1.656887 1.712911
3.963196 3.931784 3.921601 3.934448 3.948341 3.964485 3.983118 4.047963 4.124473 4.091884 3.924959 3.920948 3.97238 4.037405 4.048988 3.881961 3.769598 3.864755 3.859621 3.877184 3.819111 3.865386 3.891526 3.476308 2.800709 2.317016 2.474326 2.608161 2.69634 2.770411 2.804162 2.820965 2.865089 2.863765 2.754603 2.522837 2.400521 2.540262 2.62988 2.800711 2.723103 2.563093 2.36289 2.249539 2.179305 2.098503 2.026542 1.978556 1.887479 1.796926 1.780789 1.735047 1.525897 .6132332 .4842519 .5111074 .4856821 .5816648 1.787178 1.989137 1.904179 1.659285 1.213474
3.941264 3.896431 3.897893 3.917363 3.939986 3.962858 4.004959 4.065768 4.101696 4.067018 3.989208 3.981895 4.038444 4.068034 4.045172 4.065468 3.989679 3.782391 3.801785 3.801281 3.787324 3.815244 3.869543 3.917447 3.757321 3.025293 2.350651 2.486018 2.62826 2.706988 2.710488 2.762014 2.860336 2.94122 3.050946 3.023287 2.646596 2.460386 2.558025 2.659578 2.687695 2.56558 2.355383 2.226808 2.13104 2.118249 2.114294 2.015475 1.756699 1.638493 1.604023 1.49287 .9941679 .9396963 1.560059 2.223605 2.66333 2.894167 2.966819 2.935862 2.710608 2.338801 1.604057
3.922513 3.904873 3.884216 3.910071 3.927396 3.962141 4.010843 4.048666 4.072555 4.063783 4.014327 3.966243 4.01448 3.95006 3.921746 3.948292 3.898052 3.821027 3.803322 3.788231 3.783206 3.831754 3.866565 3.919651 3.911575 3.831957 3.326048 2.739389 2.617256 2.760374 2.943763 3.014922 3.029463 3.12524 3.299992 3.452024 3.131445 2.805701 2.91933 3.059424 3.078381 2.848719 2.298047 1.944036 1.790925 1.919706 2.025024 2.266722 2.426336 2.486265 2.436004 2.434816 2.669449 2.933105 3.132452 3.230482 3.222425 3.267392 3.298806 3.239585 3.024806 2.756611 2.265933
3.907935 3.901685 3.90967 3.908348 3.937324 3.957161 3.998148 4.032382 4.059948 4.060995 4.020976 3.93543 3.948907 3.874309 3.894057 3.905765 3.871804 3.838654 3.81743 3.794084 3.784658 3.834066 3.910202 4.013869 4.123168 4.080703 3.91529 3.75057 3.3811 3.191359 3.177263 3.456403 3.709532 3.620238 3.648369 3.77498 3.569036 3.162369 3.259071 3.450218 3.416915 3.622422 3.525475 3.327743 3.109488 2.993102 2.823148 2.965884 3.10517 3.095237 2.94939 2.842847 2.929188 3.081348 3.23725 3.275706 3.266845 3.202361 3.133777 3.099296 3.096677 2.943801 2.607109
3.907246 3.916907 3.933434 3.924092 3.927683 3.942875 3.982175 4.007183 4.042474 4.057124 4.027366 4.019328 3.967725 3.886794 3.885108 3.883932 3.882243 3.858829 3.82918 3.799969 3.806807 3.825238 3.860575 3.886826 3.973551 4.068579 4.279196 4.197517 3.893922 3.788637 3.672477 3.480274 3.774375 3.89748 3.894053 3.844588 3.70821 3.483759 3.442537 3.604436 3.66179 4.078148 4.265081 4.32565 4.149086 3.924073 3.5891 3.489485 3.568228 3.565445 3.373336 3.172053 3.033454 3.060377 3.132605 3.163073 3.17696 3.19499 3.102087 3.002265 2.978733 2.973634 2.810665
3.864369 3.908285 3.951354 3.930023 3.908978 3.923599 3.952491 3.976811 4.00687 4.016021 3.949934 3.963754 3.948616 3.905547 3.883169 3.886174 3.899975 3.875519 3.847229 3.834901 3.828182 3.822559 3.819924 3.810544 3.873518 3.924896 3.964774 4.085083 4.073454 3.814409 3.740726 3.391304 3.376474 3.731729 4.035112 4.038603 3.768393 3.74879 3.753408 3.938809 4.050426 4.202073 4.419783 4.494344 4.516891 4.495128 4.171232 3.839523 3.757441 3.769338 3.577514 3.460746 3.209563 3.112359 3.088958 3.070321 3.054411 3.063109 3.005517 2.95061 2.910751 2.95058 3.003103
3.797635 3.785798 3.862675 3.881776 3.870683 3.886333 3.909297 3.937118 3.962843 3.94155 3.905515 3.918416 3.923407 3.897873 3.88147 3.883629 3.903737 3.910862 3.891891 3.891338 3.875652 3.83931 3.801452 3.801624 3.83017 3.84991 3.842731 3.83132 3.890933 4.028762 3.785997 3.445359 2.942173 3.201242 3.854783 4.006213 3.944863 3.681315 3.57393 3.870584 4.246468 4.239179 4.316957 4.316179 4.38092 4.400077 4.251137 4.009562 3.818143 3.705586 3.600945 3.505437 3.364099 3.152539 3.125728 3.062936 2.984734 3.006916 2.997789 2.922096 2.873445 2.953421 3.078691
3.782974 3.758947 3.763041 3.816763 3.829588 3.856321 3.871078 3.890273 3.911263 3.889494 3.886905 3.891435 3.900964 3.886035 3.878338 3.872262 3.860216 3.878571 3.890238 3.890146 3.874829 3.844835 3.823269 3.822867 3.820658 3.806892 3.761609 3.723238 3.895453 4.154856 4.036198 3.843338 3.479938 3.199628 3.580176 3.93043 4.014814 3.920465 3.487809 3.410091 3.838376 4.102686 4.184318 4.230915 4.272884 4.286412 4.227373 4.118063 3.959557 3.71307 3.56878 3.489924 3.386676 3.190826 3.16821 3.12995 3.09965 3.117316 3.19028 3.14325 2.966313 2.943709 3.052028
3.79735 3.795148 3.84093 3.823281 3.821442 3.832239 3.841048 3.85966 3.859473 3.852344 3.856729 3.872665 3.87181 3.880841 3.876166 3.865453 3.834428 3.823351 3.856222 3.88488 3.881256 3.867463 3.836186 3.84127 3.828837 3.785301 3.734339 3.680061 3.789264 4.014156 4.032671 4.044372 3.80535 3.333714 3.424821 3.695828 3.997083 4.238751 3.979932 3.268143 3.31205 3.617082 3.842948 4.051182 4.081955 4.079868 4.108431 4.079426 3.95003 3.763783 3.600518 3.460766 3.352589 3.196726 3.1995 3.289276 3.314751 3.297758 3.371156 3.414418 3.208143 3.057175 3.125352
3.805665 3.843564 3.868441 3.838003 3.823033 3.816728 3.821873 3.831581 3.82908 3.850489 3.837753 3.848298 3.857477 3.863615 3.863364 3.880075 3.874382 3.848751 3.85481 3.880221 3.892117 3.879984 3.868631 3.868586 3.834721 3.789015 3.760273 3.765906 3.885077 3.842642 3.884942 3.903156 3.972297 3.737724 3.469379 3.514868 3.799517 3.978731 4.049071 3.69318 3.418382 3.297749 3.542801 3.767973 3.845401 3.933801 3.991783 4.03073 3.951927 3.820425 3.710594 3.544787 3.424791 3.2734 3.283224 3.48499 3.585871 3.534082 3.528177 3.643432 3.460661 3.331986 3.203484
3.779 3.81539 3.833873 3.825683 3.816947 3.804954 3.810396 3.805197 3.800974 3.835492 3.825217 3.833883 3.839911 3.842455 3.860739 3.861126 3.868392 3.867425 3.866789 3.882664 3.901054 3.90191 3.900528 3.907583 3.896902 3.847735 3.859536 3.954142 4.018182 3.854053 3.804618 3.796976 3.858038 4.088972 3.720912 3.555744 3.706323 3.850911 3.939613 3.855491 3.670038 3.632352 3.677193 3.774796 3.750282 3.831996 3.924068 4.001036 4.029716 3.937852 3.847153 3.754265 3.625577 3.411134 3.306528 3.656693 3.920449 3.741332 3.551462 3.607581 3.644556 3.531499 3.366945
3.852829 3.867143 3.851733 3.826809 3.825396 3.809958 3.80933 3.796046 3.805291 3.836871 3.820189 3.82856 3.83065 3.828905 3.855522 3.860364 3.87262 3.878067 3.878638 3.886186 3.883238 3.915164 3.920859 3.90161 3.920002 3.925774 3.972958 4.029426 3.939111 3.940568 3.758061 3.738364 3.774837 3.91655 3.90942 3.805885 3.685638 3.798876 3.92345 3.868858 3.775318 3.822198 3.738589 3.890558 3.882542 3.867871 3.874549 3.894891 3.983616 3.987527 3.951546 3.956619 3.959855 3.779381 3.371099 3.600566 4.03723 4.055171 3.566884 3.378796 3.507057 3.516284 3.446365
3.884009 3.883181 3.851756 3.844023 3.834271 3.82624 3.819601 3.807982 3.842282 3.848926 3.838882 3.837468 3.832925 3.843396 3.858096 3.868871 3.879933 3.886538 3.893602 3.888167 3.876278 3.870848 3.865817 3.897725 3.923801 3.939496 3.973987 3.934456 3.851147 3.851029 3.768931 3.749235 3.713148 3.702842 3.880435 3.730522 3.657694 3.738067 3.723141 3.854098 3.733382 3.686516 3.696047 3.873541 3.990418 3.939777 3.886372 3.908545 3.930758 3.946289 3.97893 4.110239 4.281451 4.30159 3.719101 3.51434 3.836061 4.082625 3.678076 3.366556 3.289782 3.279767 3.242079
