py_wake/examples/data/AJ_ParqueFicticio/Rough survey   Sector 7   Height 200m   Mean speed.grd
DSAA
73  159
 258469   265669
 6501692   6517492
 4.00653   8.739
[rows 28 to 55 of 159, columns 0 to 62 of 73]
6.319411 6.308396 6.298097 6.278166 6.251325 6.246068 6.250791 6.24544 6.23519 6.238061 6.235307 6.232905 6.230445 6.225637 6.220581 6.227441 6.227616 6.22311 6.224727 6.222013 6.215595 6.205345 6.206503 6.213314 6.220446 6.218017 6.213856 6.193862 6.196985 6.18348 6.163704 6.154566 6.128911 6.093312 6.091179 6.133661 6.141146 6.121726 6.11352 6.059787 6.02723 6.02158 6.02671 6.031733 6.048038 6.064257 6.077654 6.094189 6.112544 6.135079 6.148629 6.157902 6.142922 6.180824 6.182311 6.199807 6.245613 6.257594 6.207529 6.131809 6.038462 5.951193 5.873466
6.307149 6.297368 6.289664 6.267884 6.242792 6.241275 6.256276 6.241037 6.234095 6.237119 6.233961 6.230426 6.232812 6.232247 6.228451 6.236379 6.234079 6.232367 6.232501 6.228389 6.226635 6.220408 6.21521 6.220272 6.227191 6.230143 6.227486 6.213942 6.209601 6.20789 6.200035 6.191401 6.170588 6.143657 6.157057 6.203958 6.184782 6.167366 6.152977 6.099403 6.069775 6.058285 6.067379 6.068685 6.089065 6.136508 6.195017 6.261457 6.327533 6.386622 6.416381 6.406248 6.372528 6.403518 6.405454 6.400586 6.396905 6.354442 6.275566 6.193245 6.109486 6.03281 5.985315
6.296266 6.286834 6.277803 6.270717 6.236388 6.235524 6.245686 6.231877 6.227112 6.221389 6.225773 6.223549 6.224461 6.223097 6.228158 6.236305 6.23583 6.233693 6.234459 6.229422 6.23211 6.23157 6.229619 6.228729 6.239647 6.241941 6.239966 6.235888 6.232073 6.236471 6.231432 6.232379 6.219284 6.189206 6.190333 6.209296 6.204991 6.201375 6.196776 6.157947 6.116204 6.102341 6.10506 6.121768 6.139459 6.18799 6.266418 6.376893 6.479935 6.578671 6.640424 6.649495 6.599692 6.598236 6.59446 6.5536 6.480886 6.37529 6.27855 6.189577 6.120103 6.078671 6.098011
6.28437 6.2765 6.270558 6.262989 6.226396 6.226516 6.23507 6.224136 6.21625 6.212255 6.213656 6.212277 6.215903 6.21693 6.223051 6.230172 6.235265 6.231156 6.225979 6.230752 6.239029 6.237305 6.240868 6.242402 6.246598 6.252448 6.254197 6.251274 6.252551 6.258827 6.255084 6.248701 6.235567 6.221908 6.217847 6.225317 6.217887 6.221604 6.218098 6.20363 6.15369 6.135068 6.141892 6.162981 6.198584 6.239012 6.298443 6.381956 6.494324 6.585213 6.672406 6.721245 6.711297 6.713746 6.689625 6.616 6.498106 6.364321 6.253988 6.170668 6.133358 6.130854 6.211718
6.275549 6.267378 6.257174 6.251808 6.219034 6.221716 6.214971 6.21306 6.205037 6.201379 6.203846 6.202107 6.203177 6.212042 6.215706 6.219615 6.228116 6.226449 6.223469 6.236011 6.244099 6.244687 6.247906 6.252384 6.253291 6.262065 6.265421 6.271476 6.274927 6.267274 6.268472 6.264554 6.256127 6.244696 6.239697 6.254842 6.242088 6.230579 6.221434 6.213931 6.184247 6.156052 6.144809 6.175196 6.219586 6.28141 6.335177 6.381328 6.424221 6.472815 6.520379 6.561885 6.62626 6.665411 6.671373 6.61076 6.494761 6.37264 6.269639 6.212398 6.195327 6.248487 6.376259
6.274369 6.257719 6.24909 6.238069 6.211194 6.21133 6.211255 6.210462 6.198893 6.192289 6.194584 6.190981 6.197597 6.206262 6.210439 6.213352 6.219601 6.215007 6.22159 6.233377 6.247152 6.247937 6.245633 6.255881 6.25733 6.262451 6.268258 6.270016 6.278997 6.27785 6.278613 6.276605 6.270409 6.265354 6.284544 6.296036 6.284102 6.259975 6.245034 6.237576 6.208037 6.177941 6.143835 6.144985 6.2025 6.276096 6.350788 6.410567 6.440815 6.444505 6.440796 6.466549 6.52263 6.580253 6.613163 6.60873 6.520234 6.439285 6.373331 6.344701 6.351783 6.431422 6.572482
6.274275 6.254902 6.241807 6.23051 6.200229 6.196188 6.196605 6.199399 6.188289 6.183394 6.180971 6.187144 6.187683 6.199431 6.204237 6.201729 6.202833 6.205909 6.219394 6.236177 6.241076 6.245558 6.243983 6.254549 6.260016 6.267188 6.265019 6.272126 6.27986 6.282059 6.287876 6.288277 6.285951 6.284343 6.298257 6.316043 6.323482 6.305423 6.280199 6.26459 6.229716 6.199612 6.167221 6.14313 6.167816 6.254553 6.357285 6.452148 6.524625 6.574953 6.588964 6.614739 6.640136 6.65134 6.665783 6.678994 6.641223 6.618313 6.59554 6.582537 6.580623 6.680591 6.798183
6.26177 6.242644 6.230341 6.223622 6.191643 6.189447 6.182651 6.193009 6.177221 6.171024 6.168996 6.175318 6.177234 6.186949 6.193024 6.187125 6.185657 6.188802 6.213487 6.226882 6.233476 6.236779 6.23751 6.248186 6.258028 6.264884 6.267624 6.274265 6.286044 6.292372 6.297096 6.30003 6.307697 6.310297 6.330377 6.334416 6.355751 6.365778 6.342536 6.328923 6.29693 6.258412 6.229694 6.200699 6.184447 6.255573 6.382891 6.51922 6.650269 6.747722 6.821511 6.874578 6.907045 6.893512 6.865897 6.861486 6.847745 6.855536 6.857608 6.861454 6.901514 7.006443 7.084165
6.243699 6.23008 6.219364 6.21047 6.179988 6.185333 6.182304 6.185436 6.164741 6.160798 6.151202 6.153835 6.158179 6.168695 6.170154 6.1633 6.162257 6.160713 6.178415 6.200605 6.212984 6.22272 6.227969 6.241498 6.249171 6.256706 6.266742 6.277405 6.292254 6.302167 6.311469 6.316394 6.325303 6.362825 6.372119 6.381901 6.403176 6.435707 6.444611 6.441393 6.443061 6.417377 6.395514 6.35994 6.297848 6.306464 6.426814 6.558306 6.692394 6.826893 6.93103 7.016861 7.06489 7.07836 7.062159 7.045126 7.040364 7.055092 7.074951 7.153111 7.285957 7.415396 7.472383
6.224903 6.211839 6.203738 6.196035 6.165079 6.173266 6.171926 6.16298 6.162506 6.145337 6.140743 6.140347 6.140111 6.149552 6.150232 6.146373 6.143159 6.135427 6.141729 6.159187 6.182968 6.201498 6.211534 6.227719 6.234703 6.249953 6.261274 6.278236 6.29519 6.308159 6.326295 6.340451 6.351802 6.390167 6.413469 6.427921 6.447185 6.483283 6.524986 6.560222 6.597965 6.622804 6.637753 6.615025 6.532901 6.457223 6.506722 6.594454 6.69117 6.770908 6.83764 6.922151 7.001332 7.067198 7.110774 7.145967 7.159919 7.195716 7.269511 7.463984 7.682245 7.832356 7.874093
6.210911 6.200601 6.188006 6.182603 6.155824 6.150228 6.152009 6.147561 6.14832 6.140224 6.133241 6.128081 6.129786 6.133071 6.135655 6.133329 6.130042 6.126444 6.127435 6.132113 6.159296 6.181444 6.200365 6.211883 6.223124 6.239236 6.259345 6.276357 6.288575 6.306604 6.324966 6.343042 6.36775 6.413557 6.445389 6.474638 6.495059 6.534813 6.604251 6.663314 6.727299 6.792838 6.86205 6.885546 6.839702 6.740043 6.673772 6.661765 6.664513 6.684918 6.692956 6.766362 6.864593 6.972651 7.076685 7.170017 7.242678 7.317784 7.48286 7.743785 7.964648 8.126638 8.168341
6.199391 6.19409 6.180309 6.171624 6.153247 6.140007 6.141424 6.136857 6.137047 6.126508 6.122596 6.127788 6.135233 6.135344 6.132549 6.136073 6.125556 6.12604 6.134219 6.148194 6.163266 6.16838 6.18224 6.192738 6.210205 6.230308 6.251064 6.267711 6.286583 6.308888 6.326013 6.349996 6.375469 6.430018 6.458235 6.510555 6.541501 6.594655 6.67715 6.750671 6.837813 6.924868 7.025849 7.106337 7.133301 7.084883 7.020918 6.932053 6.868567 6.826625 6.81217 6.839148 6.927306 7.025307 7.130826 7.244939 7.339765 7.432939 7.653014 7.871792 8.047686 8.165841 8.202537
6.198507 6.19121 6.172634 6.160775 6.145582 6.142963 6.140981 6.131817 6.129697 6.116239 6.116796 6.123676 6.136199 6.132047 6.129921 6.12361 6.118851 6.127644 6.136949 6.154809 6.163341 6.162365 6.165975 6.171614 6.191021 6.213351 6.236282 6.260255 6.285018 6.307245 6.332161 6.361726 6.387762 6.436652 6.475325 6.525224 6.581342 6.677609 6.775729 6.877833 6.993819 7.106778 7.182214 7.26859 7.350094 7.404951 7.40193 7.357321 7.243186 7.169371 7.156893 7.162369 7.18796 7.234913 7.301936 7.370722 7.447209 7.526752 7.732027 7.846807 7.889348 7.921369 7.934473
6.206105 6.183688 6.169131 6.149575 6.130693 6.123417 6.128044 6.12304 6.114871 6.096025 6.093328 6.093153 6.105568 6.107162 6.11039 6.111345 6.109295 6.111235 6.12523 6.144659 6.152109 6.153134 6.155414 6.144592 6.153338 6.187676 6.218132 6.250589 6.274313 6.30204 6.330367 6.363099 6.39143 6.445435 6.485124 6.550013 6.63272 6.734468 6.842317 6.962309 7.088335 7.217678 7.300124 7.385922 7.480455 7.583387 7.629365 7.622387 7.576417 7.482553 7.450686 7.428591 7.419895 7.402069 7.401944 7.444153 7.490184 7.543422 7.658413 7.664694 7.60332 7.533494 7.516667
6.209131 6.185075 6.165813 6.138583 6.106704 6.099191 6.106908 6.100574 6.083385 6.081797 6.072524 6.062348 6.062534 6.07727 6.089667 6.088858 6.090147 6.090593 6.105889 6.125836 6.136248 6.143279 6.142384 6.145679 6.154023 6.178298 6.201851 6.230127 6.256626 6.285901 6.315223 6.353689 6.38188 6.443031 6.501654 6.572047 6.652893 6.739728 6.842549 6.936184 7.031376 7.120909 7.188049 7.268769 7.358082 7.432966 7.486264 7.490633 7.480042 7.43908 7.43286 7.411166 7.368886 7.309234 7.311205 7.354275 7.414866 7.459533 7.513963 7.474606 7.342957 7.196317 7.102678
6.206166 6.18518 6.16375 6.136867 6.094955 6.074475 6.086159 6.082091 6.066506 6.063309 6.065105 6.055491 6.058788 6.065971 6.071041 6.070378 6.07102 6.067621 6.08124 6.09859 6.111392 6.116507 6.121944 6.141913 6.15742 6.169528 6.18398 6.205899 6.223357 6.252517 6.292622 6.32065 6.355957 6.427937 6.484674 6.55296 6.62046 6.687752 6.743946 6.785892 6.838145 6.877864 6.904089 6.945422 6.977422 6.997825 7.003685 7.017807 7.027929 7.061881 7.087714 7.070346 7.039675 7.03258 7.086033 7.179433 7.286814 7.342733 7.327932 7.276477 7.119039 6.948543 6.784191
6.20537 6.18931 6.169822 6.137765 6.115865 6.089076 6.074174 6.065914 6.06283 6.061844 6.068969 6.073816 6.070577 6.069222 6.064036 6.065035 6.053602 6.049836 6.059428 6.071557 6.080097 6.08404 6.090053 6.093408 6.120327 6.133564 6.149044 6.164069 6.185776 6.215418 6.247877 6.274134 6.323873 6.392191 6.43879 6.493959 6.558403 6.607032 6.632515 6.63568 6.631927 6.658157 6.671326 6.649204 6.605246 6.5632 6.573926 6.603466 6.668178 6.71701 6.734789 6.738724 6.769886 6.854283 6.965893 7.08288 7.174473 7.198992 7.1709 7.066111 6.91274 6.750287 6.600437
6.195756 6.181494 6.171242 6.140249 6.13353 6.113818 6.093616 6.064973 6.055564 6.056232 6.063529 6.070207 6.075207 6.07372 6.06601 6.05733 6.043541 6.039044 6.041965 6.047486 6.049092 6.051661 6.045837 6.045434 6.056153 6.080245 6.096104 6.105013 6.121369 6.149796 6.174748 6.200433 6.25677 6.324097 6.365067 6.415144 6.483187 6.530839 6.550705 6.545383 6.539814 6.540619 6.523274 6.479877 6.455702 6.470371 6.545901 6.62531 6.681289 6.706591 6.72001 6.753999 6.829408 6.956513 7.078353 7.141568 7.131212 7.080782 6.999808 6.920017 6.817119 6.689349 6.5451
6.183916 6.168861 6.166033 6.15015 6.138248 6.125308 6.097413 6.064311 6.051171 6.040706 6.046196 6.051637 6.063665 6.063636 6.050972 6.036798 6.032442 6.030888 6.037406 6.041072 6.038633 6.029789 6.026116 6.027845 6.027069 6.04312 6.045898 6.044215 6.048408 6.06251 6.081297 6.104618 6.146971 6.218918 6.256085 6.317608 6.388077 6.440618 6.483095 6.513183 6.533916 6.539803 6.542735 6.566391 6.620099 6.698088 6.775271 6.843406 6.868075 6.880585 6.898795 6.965021 7.066344 7.180749 7.267314 7.256377 7.145701 7.011234 6.866231 6.752426 6.67604 6.612831 6.541978
6.172242 6.155814 6.14681 6.137315 6.124376 6.113608 6.093954 6.066354 6.050205 6.02813 6.023192 6.032692 6.048359 6.04651 6.033432 6.017619 6.017021 6.018539 6.02681 6.030717 6.020921 6.007421 6.01256 6.019497 6.022264 6.014217 6.002243 5.99009 5.990003 5.989455 5.996278 6.021854 6.046729 6.118561 6.156735 6.217917 6.284986 6.361063 6.420472 6.477333 6.53686 6.591311 6.650427 6.690673 6.758083 6.810781 6.833199 6.84149 6.837496 6.869758 6.958395 7.102271 7.245029 7.332776 7.346572 7.257641 7.132849 7.005594 6.853555 6.680339 6.540911 6.445822 6.393427
6.161545 6.144559 6.130514 6.120602 6.108741 6.097762 6.079094 6.066612 6.047738 6.03923 6.023277 6.012268 6.022401 6.024187 6.01157 6.00222 5.998023 5.996114 6.000486 6.006974 5.99526 5.98426 5.977149 5.968229 5.975298 5.970274 5.949549 5.949409 5.94891 5.947937 5.948627 5.972062 6.007616 6.048308 6.104791 6.159502 6.220473 6.28793 6.346587 6.411343 6.47353 6.541343 6.600276 6.657909 6.683835 6.68514 6.674599 6.687258 6.746434 6.849313 7.000547 7.155775 7.280026 7.312752 7.236847 7.087822 6.996978 6.94313 6.866695 6.769521 6.606018 6.419745 6.263899
6.15523 6.132593 6.11934 6.105944 6.094423 6.088352 6.072241 6.061835 6.04919 6.044233 6.03682 6.014842 5.995848 6.000031 5.998564 5.988394 5.986206 5.978632 5.966224 5.975207 5.969966 5.957611 5.945612 5.941759 5.931437 5.927299 5.919164 5.913154 5.910914 5.903093 5.913449 5.949653 5.993445 6.021762 6.065073 6.113038 6.161889 6.206238 6.258334 6.2981 6.345587 6.390245 6.432445 6.478981 6.484576 6.513945 6.574106 6.680959 6.818462 6.959985 7.089956 7.176288 7.208391 7.142976 6.980874 6.800571 6.736518 6.725202 6.748353 6.804768 6.72847 6.569633 6.370097
6.148571 6.131911 6.122843 6.116426 6.094994 6.088034 6.069548 6.060166 6.061305 6.056642 6.047989 6.0423 6.013748 6.002093 5.992323 5.984875 5.989347 5.989083 5.982024 5.973742 5.962173 5.953876 5.947222 5.950253 5.945699 5.934898 5.913816 5.898981 5.89309 5.880936 5.880183 5.895639 5.917881 5.942633 5.99187 6.038982 6.084085 6.115237 6.157263 6.192617 6.230167 6.272855 6.320551 6.369109 6.420322 6.510713 6.643319 6.792809 6.935942 7.042332 7.10153 7.098456 7.03317 6.905068 6.717628 6.567008 6.46721 6.456483 6.494934 6.646059 6.730934 6.694875 6.577155
6.134624 6.125864 6.117899 6.11412 6.093596 6.077643 6.066102 6.069568 6.069909 6.073332 6.06543 6.063056 6.03738 6.012389 6.001555 5.992415 5.99287 6.00545 6.003906 5.985936 5.97291 5.964325 5.962406 5.967996 5.965537 5.946917 5.924129 5.911905 5.889197 5.877782 5.861506 5.842586 5.842692 5.852454 5.901361 5.939192 5.97888 6.016897 6.06368 6.107275 6.150467 6.217205 6.285629 6.377653 6.474625 6.600621 6.733576 6.855851 6.949679 6.982865 6.967395 6.923376 6.812548 6.662018 6.549591 6.436978 6.302587 6.241545 6.256952 6.384106 6.560738 6.671258 6.679043
6.121671 6.108561 6.102454 6.10048 6.085834 6.07232 6.058078 6.063443 6.072799 6.077496 6.073818 6.062399 6.04941 6.025019 6.007065 5.993374 5.986197 5.992371 5.994048 5.987012 5.982135 5.978381 5.980358 5.987353 5.980467 5.964565 5.949818 5.941245 5.915621 5.891661 5.874364 5.857926 5.838335 5.840727 5.870082 5.892168 5.91707 5.973346 6.029079 6.064209 6.103262 6.160162 6.242024 6.349774 6.478462 6.591923 6.707947 6.793762 6.843427 6.845616 6.804955 6.743089 6.619875 6.472988 6.412737 6.367628 6.262983 6.163146 6.130248 6.169875 6.335625 6.494371 6.577681
6.109303 6.0989 6.094822 6.086785 6.078927 6.070298 6.061377 6.060797 6.072987 6.078388 6.077947 6.068802 6.054123 6.033211 6.019671 6.00349 5.991913 5.987335 5.987643 5.976971 5.985788 5.999353 6.002658 6.000916 5.994837 5.981264 5.974888 5.967024 5.943348 5.9171 5.900136 5.892313 5.891206 5.919174 5.953459 5.991291 6.024764 6.032283 6.082896 6.139814 6.148599 6.163182 6.220156 6.304817 6.412443 6.496196 6.583625 6.658163 6.701177 6.709177 6.670508 6.588975 6.463021 6.36253 6.300026 6.282356 6.26011 6.200025 6.138671 6.114045 6.190915 6.310552 6.394848
6.098898 6.089862 6.093143 6.086558 6.074867 6.067251 6.067116 6.065184 6.071716 6.07827 6.075442 6.068299 6.053423 6.038431 6.028926 6.026524 6.021717 6.005827 5.994266 5.976585 5.968776 5.974072 5.985837 5.998867 5.996294 5.996343 5.997357 5.992657 5.979882 5.9602 5.957101 5.954462 5.986964 6.038966 6.09431 6.169508 6.194402 6.201007 6.228335 6.281983 6.309618 6.296053 6.29951 6.320959 6.373476 6.411783 6.479299 6.548571 6.590282 6.583649 6.517556 6.415258 6.346321 6.26694 6.210212 6.197945 6.221429 6.22182 6.179492 6.139894 6.137953 6.197536 6.272202
6.09095 6.090854 6.09127 6.079891 6.066598 6.063385 6.066344 6.068376 6.071761 6.074399 6.071141 6.06618 6.053421 6.037532 6.030478 6.028351 6.0279 6.018294 6.000632 5.982682 5.970994 5.967022 5.976337 5.984916 5.992305 5.9921 5.998796 6.013628 6.027737 6.024576 6.048784 6.084536 6.137098 6.202027 6.263077 6.339439 6.381769 6.390102 6.405274 6.4437 6.470885 6.477489 6.455839 6.431933 6.416171 6.394315 6.415692 6.446509 6.458467 6.430033 6.346572 6.276077 6.238708 6.182435 6.132426 6.123685 6.144265 6.172426 6.163247 6.145835 6.149194 6.155897 6.20295
