py_wake/examples/data/AJ_ParqueFicticio/Rough survey   Sector 2   Height 30m   Orographic turn.grd
DSAA
73  159
 258469   265669
 6501692   6517492
-66.56977   67.29546
[rows 54 to 80 of 159, columns 0 to 61 of 73]
-.1263373 .02221899 -.2470508 -.02146192 .3554858 .7610437 .3997042 .1184958 -.2013259 -.5562409 -.8077555 -.9678513 -1.01582 -1.016006 -1.009554 -1.184995 -1.743658 -1.375542 -.492842 .1284976 .3915803 -.3909825 -1.32006 -1.091088 -.6529011 -.5680711 -.9391211 -1.233968 -1.203206 .546806 2.771259 4.559988 2.309937 1.76372 2.690868 3.450081 4.886515 5.832202 3.657155 3.694947 3.655985 7.044343 8.39718 9.317102 9.774131 10.40877 9.902797 8.029435 8.53911 9.363292 11.91108 14.0639 13.41296 6.616599 2.778432 5.62957 7.960944 7.850067 4.239907 1.216448 -.4394391 -.3389407
.07664146 -.1901619 -.1621454 .216502 .6235438 .8616236 .2744754 -.09707524 -.3102355 -.5030556 -.6525381 -.7468419 -.6802573 -.5551571 -.9179276 -1.209288 -1.284163 -1.149748 -.4753788 .378511 .704913 -.3847564 -.6513918 -.5756376 -.4094597 -.4397325 -.8936786 -1.972844 -3.106404 -1.028643 1.728399 2.860946 .5093918 .2350931 .7047639 1.727818 1.795963 2.247712 1.119155 .006454538 2.078018 1.357236 4.061841 5.899467 7.181607 9.758388 10.6048 9.829416 9.912723 10.83805 13.71715 16.4136 14.87697 7.12857 .6968842 4.993091 12.45553 12.38799 5.879496 -.2727082 -5.462811 -4.173073
.2950175 -.2656001 .2304803 .513721 .9733473 .3440859 -.02527299 -.3367745 -.3117343 -.5295632 -.6185492 -.8696042 -.9647766 -.7427989 -1.320535 -1.28218 -1.280502 -1.163915 -.9515387 -.5843351 -1.636665 -1.81067 -.8184159 -.4262374 -.470619 -.3790355 -.9882274 -2.652973 -3.554649 -2.516255 .9085269 .08364928 -1.466307 -2.421454 -.6239544 .8924351 1.659294 1.052047 -.9045439 -1.436575 1.783808 .8325706 1.259336 1.791176 4.017473 7.703941 10.03418 9.756922 10.47149 11.00511 13.3745 14.5385 13.24433 5.823005 -2.181979 4.591759 14.74184 15.64431 10.16465 1.479819 -7.388159 -4.77964
.3948042 -.2237248 .708832 .8873456 1.214185 .02801091 -.4284431 -.4951988 -.5123407 -.5017505 -.6228317 -.7892219 -1.005683 -1.659895 -1.816717 -1.512282 -1.419383 -1.242893 -1.064266 -1.065775 -1.316014 -1.296316 -.7610807 -.7171271 -.5166783 -.3220885 -.8362656 -2.638047 -2.46787 -.8719555 2.93018 -.2061039 -2.765826 -2.424563 -.5428151 .4001455 2.973172 1.253823 -.8285575 -.8804022 1.556203 2.39877 2.125485 2.472236 4.741788 7.762747 9.863994 9.201735 9.736639 10.64378 13.23689 13.62722 12.75746 3.495094 -4.744505 1.705482 10.58398 13.37083 9.901896 3.744233 -3.280366 -5.206775
.7926068 .6573293 1.6239 1.929103 1.980556 .3218141 -.5338615 -.5318863 -.4639933 -.388319 -.4709144 -.6746367 -.7162385 -1.056175 -1.173593 -1.248776 -1.241603 -1.172268 -1.241803 -1.067134 -.8544053 -.8751363 -.5926335 -1.023079 -.7365512 -.6339237 -.9363492 -.3778047 .1400952 3.279521 5.569154 2.522922 .2505908 -1.142038 .5119778 2.140868 4.559858 3.494383 1.168847 .7473174 2.323824 2.884194 2.839628 3.398283 6.541893 9.287408 10.8107 10.52011 10.18904 11.04901 13.42526 13.95542 12.53976 4.55516 -2.067384 2.972045 9.750176 11.08516 7.538061 1.719474 -4.169094 -7.624411
.1843641 1.15395 2.961954 3.439986 3.026937 1.635906 -.3801979 -.5203231 -.2552632 -.2143451 -.2219458 -.1311984 -.4906004 -.83535 -.7290528 -.8622114 -.9772933 -1.018974 -1.27913 -.8742365 -.7759917 -.8807037 -.9282362 -1.157914 -1.055024 -1.112417 -.6978917 1.140188 3.536218 7.966014 10.73424 8.602916 6.107701 4.373502 5.217864 6.441543 7.304945 5.660471 3.174305 2.484014 3.326047 2.958808 2.530056 3.973925 7.251408 9.277265 11.20011 11.71112 13.1523 14.4219 13.8327 13.48804 12.97332 6.997419 1.202405 3.883611 10.59257 12.05206 7.926422 .6856257 -4.433172 -9.002128
-1.130914 .6929008 2.647667 2.565996 2.185339 1.889313 .4010013 -.2874965 .03321109 .1353927 .1834117 .1979043 .06487106 -.4886992 -.4138587 -.5482321 -.9330004 -1.15048 -1.05537 -.5393221 -.2124979 -.2451987 -.549403 -.9613848 -1.320335 -1.981892 -1.057985 -.2162739 2.826191 7.622097 11.14164 10.34105 8.752353 8.030572 9.153372 10.29219 10.30417 9.162783 6.404472 4.905906 4.99438 4.075742 2.628629 4.311769 6.931901 8.265728 8.851186 10.32536 13.00914 15.0889 14.04647 13.12508 12.67293 9.18237 3.483548 3.242677 9.396936 11.50311 8.070654 1.17157 -4.799551 -8.06938
-.6190924 1.319872 2.000006 1.190499 .514614 .6608719 .5037749 .1436064 .5473699 .4225491 .3953709 .3285872 .01671937 -.1062949 -.113055 -.3304034 -.7664368 -1.262105 -.772478 -.4476424 .06773922 -.5309559 -.5311198 -.8729665 -1.499537 -1.810217 -1.557734 -.6967075 1.052573 4.294387 7.095818 8.419764 8.224247 7.379758 9.631184 11.36338 11.26884 10.31009 8.675018 7.218034 6.605552 5.429565 4.744107 5.229367 7.656498 8.086112 7.654528 8.433414 12.30672 15.16401 15.53468 13.77363 11.14611 9.352204 5.083611 5.193316 8.689985 10.23522 8.158983 1.856973 -3.66535 -4.903598
-.210241 1.327442 .562592 .03956321 -.7083287 -1.153435 -1.114354 -.05629844 .3610323 .4490016 .4257653 .3028973 -.08919729 .04881986 .046283 -.1173622 -.4099972 -1.097398 -.3188618 -.08350265 .283241 -.1147901 -.2592311 -.8250693 -1.729179 -1.345834 -1.648576 .06254467 1.14586 2.928227 4.052626 3.455243 3.779286 5.769799 8.356734 10.97247 11.44816 10.96162 9.765628 8.239074 6.812541 5.63866 4.778739 5.648996 7.823437 8.367749 8.056783 7.460782 9.327714 12.03567 13.03351 13.59917 12.11593 8.873718 5.933309 4.645937 7.859314 9.303647 7.357764 1.305532 -3.844632 -3.711053
.3206909 .882517 .01616728 -.6337098 -1.203163 -1.379701 -.9745401 -.04476535 .3557679 .3933689 .2143429 -.06892205 .07063795 .1799856 .2421533 .1577578 -.1294812 -.5605287 .04272342 .5066692 .5590745 .4473186 .4016386 -.1949122 -.7082955 -.2155343 -.4334435 .5275796 1.968223 3.288812 4.680607 3.066249 3.096143 4.812782 7.772612 10.65726 11.18233 10.92782 9.844193 8.921332 7.885453 6.734356 5.289849 5.685812 8.34081 8.529774 8.159238 8.552614 9.276043 9.855392 12.23164 11.94495 14.55395 10.79252 7.046064 5.898046 9.996606 10.10312 7.736465 2.343997 -3.184461 -4.712042
.6773011 .6233265 -.344667 -.8091269 -1.043886 -1.108818 -.4215235 .4132132 .7849769 .4388649 .3680055 .3092242 .2232139 .3625107 .3079695 .2296053 -.3742891 -.02197303 .5721721 .745323 .5309479 1.15908 1.255745 .8797111 .9042706 1.113285 .9664029 2.108152 4.09728 4.797217 4.748867 3.430579 3.110209 4.282121 7.227426 8.684098 10.37 10.2362 9.523365 9.178858 9.096575 7.96945 8.255032 8.836204 9.587794 9.583728 8.541185 9.232261 10.04825 8.586111 10.62612 12.06336 15.19633 14.71733 8.655444 6.424806 10.70607 15.04995 15.9942 9.917731 5.637735 4.930387
.7050046 .6554385 -.4515592 -.8638412 -.9579844 -.7701716 -.2587675 .7476976 1.212775 .3794807 .3664177 .4361877 .4192087 .4748321 .3237097 .235654 -.1754922 .4033894 .5640957 .4256738 .7016939 1.746868 2.065373 1.109028 1.661892 2.14842 3.237906 5.330319 7.156111 7.635296 7.869262 4.451023 3.906785 5.849439 8.110016 9.053261 10.0474 10.17471 9.49328 10.07813 9.398581 7.745211 8.534696 9.329912 10.43314 8.836696 8.264352 9.340756 9.213459 6.78517 7.265444 10.57758 13.12892 12.95074 11.1672 6.438781 6.10006 10.33693 14.51081 18.08567 16.08631 14.60861
.4066786 .5170828 -.5135843 -.9413416 -.7914492 -.5808344 -.1745108 .09992719 -.4301433 -.4605429 .1165211 .2102028 .2444926 .2730913 .1551634 -.08961715 .06331836 .5285341 .3879304 -.1599465 .4866959 1.762701 1.109448 1.129935 2.137082 2.810171 4.835513 6.929892 8.825721 10.25565 9.966456 8.073898 5.948806 8.034036 8.70253 9.27634 10.53237 10.60271 10.67709 10.96225 9.530502 8.503367 9.602967 10.61271 11.23795 9.660816 7.739692 9.880428 10.35726 6.879307 6.326032 8.843924 7.959683 8.310917 7.560637 3.664831 1.746962 4.161085 4.598243 7.435659 13.0772 14.47839
.3696436 .1648756 -.617281 -.8919381 -.8956108 -.2945111 .2559112 .04576362 -.2226052 -.3408604 -.03578024 .1369005 .143137 .1283431 .006457336 .4032885 .6546497 .662583 .3253238 .3420891 .7556336 1.469556 .8474835 1.167516 1.979754 3.025505 5.959322 7.626335 9.168923 10.67645 10.5082 9.27873 7.835564 9.451712 9.405207 9.204536 9.71571 10.08384 10.01365 10.83076 11.04902 12.18218 12.33543 12.63944 12.62932 9.234948 7.454542 9.343567 7.855527 3.97489 6.755402 8.22335 5.350921 2.898144 2.521763 .108343 .8244907 -.7151905 -.6125088 .8508016 1.188836 4.251324
.5288308 -.1319333 -1.056609 -1.004487 -.6511187 .2114148 .5259306 .2909729 .196538 .1196085 .1676407 .1959893 .02415034 -.2412774 .03094559 .8325031 1.163793 1.017994 .4916743 .6970622 1.048826 1.121775 .6205298 .9576782 1.269012 3.681543 5.171599 7.192927 9.525388 11.64836 11.79548 10.55239 8.97677 9.955365 10.98583 9.714195 9.459207 9.080777 8.028686 9.663163 9.343597 10.64755 12.51153 13.57555 13.3057 11.76445 12.17 11.90676 10.74173 6.597031 7.878988 9.355681 6.812677 1.790903 -2.02209 -4.557646 -4.072324 -.2197096 2.619201 3.247687 1.722832 1.692046
.9012057 .2198654 -1.322695 -1.313148 -.3677965 .782199 .4972807 .4956923 .5566188 .6727493 .7529836 .5610405 .05244299 -.4336476 .7081412 1.596468 1.875734 1.024512 .6201233 .5974633 .7037643 .2600596 .5508562 .9347577 2.214581 4.061621 4.652247 6.500014 8.696643 11.9064 13.21168 12.52021 10.87983 10.94062 11.85649 10.3626 9.39105 8.482155 6.729135 7.268552 7.00895 6.94151 8.628988 10.53024 10.56786 10.38963 12.56141 15.01499 14.9305 13.14099 12.95669 12.16006 9.113861 5.126724 .4698526 -6.293319 -4.044706 1.749915 5.395476 6.461263 5.456507 2.20819
1.68436 1.106312 -.9164754 -.959599 .3065191 1.110707 .3702058 .428772 .8212157 1.062283 1.320057 1.271594 .4755095 .1128963 .8022349 1.689694 .6393315 .4352249 .5039749 .5416007 .2175639 -1.195826 .5346258 .9423392 2.970516 3.556435 4.679246 5.511462 7.929345 11.42886 12.38422 13.41587 12.62282 12.46886 12.13378 10.77576 9.372989 7.721083 5.885801 5.077484 5.978876 6.666829 7.256416 6.681809 8.00793 8.270309 10.52339 12.69305 13.98397 16.48878 20.95317 20.74147 20.52435 18.46532 7.029601 -2.792736 -5.561558 .2750065 4.390432 5.001463 4.464922 1.552181
2.094004 1.703403 .7844518 .06487258 1.23145 1.28078 .08566231 .3168507 .8893752 1.42986 1.520409 .6105344 -.08808318 .384189 .7302958 1.564384 .5564582 .6325435 .7810662 .5170758 -.1305505 -.6632572 .8037261 1.312162 3.026133 3.071701 4.355524 5.00933 7.668013 10.1094 11.22907 11.10987 10.5625 11.95772 11.37442 10.46948 8.999947 7.080701 6.297103 6.250618 7.080226 6.582207 6.430979 5.443281 5.639797 5.727863 6.325806 8.337819 10.3274 13.60203 19.0451 21.92083 24.4311 23.54498 15.43162 3.663599 -1.929409 -.1894901 2.211012 1.997678 2.488009 .3207628
1.369796 .03319844 -.7406551 .6406986 1.63002 1.511087 -.2674131 .1397429 .9819677 1.48835 .6102367 .3961146 .6836469 1.049799 1.531711 1.823269 .9897093 1.12216 1.233287 .9663901 .1604874 .3825398 1.537164 2.559536 3.131334 3.259766 3.786272 4.711986 7.067871 10.63012 11.89874 11.11495 10.76381 10.99411 10.7953 10.43253 8.545279 7.379707 6.834762 7.13664 7.343014 6.39388 4.75199 5.488549 5.422116 4.726428 4.469895 4.440461 6.151253 6.767074 6.477248 5.243717 7.113673 12.28137 13.64961 4.777737 1.729094 1.199389 1.34596 1.153369 .551541 -1.290011
-.2815795 -.7320439 -.2667924 .9427088 1.804224 1.696904 -.4421088 .5214648 2.061206 1.635844 1.176661 1.047117 1.59705 2.174775 2.599954 2.328238 1.466199 1.747522 1.798567 1.669416 1.051947 1.734882 3.115973 4.260519 4.616984 4.370067 3.781374 3.975242 6.614237 9.82671 10.9221 10.15326 10.37838 9.71498 9.735264 10.0869 9.462262 8.539101 7.603967 6.923908 6.619225 5.344457 3.315776 4.592486 4.353912 5.140818 3.55063 3.76723 4.677091 3.874833 3.397692 1.82681 2.757715 4.847677 4.770117 1.249523 1.694699 3.921401 2.561984 2.251869 1.550898 -2.271857
-.3866996 -.4675845 -.01268917 .8919201 2.228676 1.967535 -.7744088 1.369703 3.227404 2.039977 1.803603 1.650364 1.946542 2.967252 3.3727 2.855902 2.029668 2.403836 2.398624 2.360816 1.804349 3.213697 4.17226 5.453557 5.867639 5.58139 4.55619 4.416593 6.851373 10.67242 10.13954 9.189959 8.3219 8.794863 9.357549 9.342962 9.620393 9.266461 9.07685 8.795533 7.700084 4.396217 3.251073 4.105472 2.821673 4.707553 3.730674 4.529537 6.313895 7.411994 7.37039 5.270011 3.843397 4.524817 3.464705 -2.151882 .5358707 5.405601 6.00855 5.277904 4.105532 1.728898
.07337143 .009759888 .03853105 .3722427 .8587614 .06612136 -.1208211 1.944178 3.453156 2.426456 2.095507 2.042021 2.130411 2.821836 2.21768 2.083143 2.361488 2.760486 2.504822 2.331593 2.290611 4.029688 5.225848 6.696704 6.87297 6.954032 6.241233 7.605222 9.753494 13.89111 13.11712 12.05231 11.00734 9.023857 8.947009 8.531376 8.479882 9.091559 9.15498 9.691764 10.4498 8.404113 7.315256 7.167549 6.685015 6.629002 9.425304 6.690432 10.52311 11.68567 11.13679 12.62311 15.70855 15.72665 9.246571 4.916778 4.66089 8.862281 8.662069 9.119606 9.347108 6.733767
.5423087 .4221691 .4031945 .3642911 -.04428754 -.3845641 .3237174 1.815365 2.989409 2.828089 2.523606 2.422226 2.575102 2.675534 1.657262 1.228095 2.161941 2.606337 2.255751 1.938988 3.045488 4.690774 5.835486 7.519769 7.795694 8.049794 7.982855 10.86451 13.98528 17.51954 16.31822 14.61271 12.70685 10.3972 9.212361 8.380681 8.363027 9.614444 8.813554 9.165106 10.0428 9.242305 10.257 12.06504 12.82657 14.20773 15.70016 14.22975 13.48689 11.72882 11.24 12.44105 15.64969 21.16446 19.2718 15.22673 14.41321 14.8051 16.38069 18.56057 15.87267 13.64799
.9714105 .86445 .8228428 .6907509 .3312064 1.121773 1.674361 2.555186 2.951915 3.231987 3.032729 2.887734 3.028165 2.9883 2.469229 2.665857 2.848212 2.925852 2.22784 2.764802 3.343526 3.561281 5.618125 6.742014 7.142414 7.962176 9.153383 12.24976 16.60921 20.74941 18.54075 15.6936 13.05174 11.10343 9.687569 10.07095 11.73146 11.25862 9.754648 12.303 11.64451 8.489552 8.792281 10.23046 7.730062 6.854955 7.583899 7.497039 9.014103 9.947193 9.110321 10.05894 11.40864 13.07491 11.21339 12.61707 12.90166 14.66809 12.00527 13.19073 14.55737 12.25719
1.286556 1.254411 1.201441 1.230103 .9475512 1.957345 2.666371 3.457237 3.501471 3.673265 3.441984 3.150503 3.007199 3.070249 3.220839 3.575538 3.861894 3.798702 2.969592 3.905597 4.12687 4.451008 6.355813 6.10867 6.282595 6.609477 8.542586 11.89202 16.63165 18.70695 17.85581 14.80233 12.30579 10.73046 9.271052 8.292238 8.972524 9.728097 7.508845 10.40695 9.911673 8.720769 9.571609 9.968093 7.645204 5.868783 3.253685 1.34905 2.642843 2.222732 6.888804 7.602817 6.894301 5.385388 3.802948 3.641782 2.439101 1.171525 1.309234 1.700886 .8622019 2.794164
1.436887 1.704767 1.591531 1.178207 1.195435 2.569898 3.371738 3.99643 3.876956 4.022635 3.966806 3.643634 3.354292 3.491193 3.770661 3.911758 3.946285 3.332917 3.312196 4.924471 5.043717 6.208069 7.218623 6.659397 5.894586 5.607132 6.564405 9.813078 14.65557 17.72815 16.84201 14.08767 11.91978 10.45386 9.689322 8.869968 8.752669 7.893318 5.835065 6.788427 6.592062 8.524107 9.215088 8.998365 7.460078 6.10394 4.536644 2.970305 -.4123658 -1.886973 -.8319004 .9097053 1.834863 2.423762 2.15976 1.979343 -.8581256 -1.66418 -2.449705 -4.227102 -6.054035 -5.742709
1.423533 1.807848 1.948615 .7724937 1.923457 2.828638 4.150397 3.897699 4.379715 4.70027 4.845496 4.421641 4.068377 4.409097 4.245431 3.882119 2.656256 2.224613 3.478386 4.869786 4.744725 6.954816 7.482431 7.423445 6.141539 6.303762 6.725219 9.592262 13.47765 15.5718 14.99495 13.51017 11.16261 10.78393 10.91572 11.01339 11.39433 8.092848 6.715984 6.16548 5.077728 4.578858 5.710774 5.663857 5.41374 4.221428 3.175322 1.617837 -.5461829 -2.611123 -3.200088 -2.597719 -1.000601 -.1268877 1.218719 1.485886 .3619177 -.1804839 -3.071396 -5.737452 -6.988389 -7.988555
