py_wake/examples/data/AJ_ParqueFicticio/Rough survey   Sector 9   Height 200m   Weibull-A.grd
DSAA
73  159
 258469   265669
 6501692   6517492
 6.482606   15.03804
[rows 112 to 139 of 159, columns 0 to 62 of 73]
10.82155 10.96658 11.1345 11.38312 11.71718 12.09033 12.48857 12.90389 13.31554 13.67225 13.9834 14.14561 14.0209 13.68077 13.23536 12.79178 12.55143 12.53614 12.50939 12.32237 12.01044 11.75424 11.51592 11.5317 11.79775 12.00974 11.90794 11.42961 10.7185 10.03414 9.508806 9.192281 9.074297 9.114284 9.243316 9.482697 9.912639 10.54026 11.2668 11.91096 12.36002 12.52983 12.34058 11.86741 11.29906 10.82734 10.48549 10.28667 10.2516 10.38544 10.4113 10.16889 9.692962 9.161667 8.727491 8.459623 8.297332 8.156172 8.005547 7.783979 7.543252 7.434889 7.501093
10.85735 11.05565 11.27987 11.56414 11.91717 12.34016 12.77429 13.19618 13.58167 13.88607 14.1272 14.21637 14.01977 13.59509 13.08669 12.67694 12.56671 12.62891 12.56434 12.31834 11.97913 11.69395 11.50838 11.55039 11.77081 11.89527 11.65265 11.06513 10.34303 9.75726 9.353775 9.20667 9.221166 9.292069 9.483976 9.820706 10.33829 10.99323 11.69582 12.27983 12.66494 12.71565 12.39165 11.83121 11.24203 10.76275 10.43028 10.17359 10.06489 10.05021 9.98462 9.725074 9.318496 8.894285 8.567026 8.37427 8.248133 8.145529 7.993138 7.80553 7.6454 7.570924 7.606012
10.93176 11.1848 11.46883 11.76458 12.14227 12.59144 13.06106 13.46758 13.80061 14.05576 14.24257 14.23944 13.93544 13.434 12.92944 12.63088 12.67347 12.74403 12.6176 12.33089 12.01862 11.70754 11.50402 11.4996 11.61979 11.64023 11.33278 10.71932 10.04645 9.583962 9.325609 9.285952 9.373591 9.510085 9.776482 10.20925 10.83214 11.51884 12.16064 12.63336 12.8568 12.77291 12.33308 11.72109 11.14759 10.684 10.33908 10.06733 9.874698 9.725515 9.560851 9.329493 9.014201 8.712996 8.492125 8.341343 8.224428 8.119269 7.995087 7.852264 7.734633 7.679619 7.693656
11.03727 11.32204 11.6258 11.95908 12.3619 12.8348 13.31184 13.68795 13.97931 14.2045 14.33086 14.20116 13.81075 13.28908 12.85503 12.70809 12.80791 12.84636 12.68032 12.39006 12.07786 11.76275 11.48221 11.35469 11.36331 11.30428 10.97552 10.39378 9.834129 9.506676 9.397315 9.42122 9.496936 9.680624 10.05637 10.66213 11.38439 12.06112 12.58415 12.88313 12.93821 12.70506 12.183 11.57247 11.01912 10.57611 10.21187 9.903701 9.643524 9.440454 9.245177 9.032096 8.776152 8.588969 8.450956 8.31936 8.22146 8.106284 7.995705 7.873665 7.791686 7.749603 7.748364
11.11983 11.41993 11.72906 12.10347 12.55825 13.05144 13.50708 13.85971 14.14605 14.34723 14.39094 14.14455 13.68183 13.19264 12.89336 12.8578 12.94228 12.9411 12.74128 12.45072 12.10796 11.73703 11.40602 11.17116 11.06019 10.94689 10.6396 10.14379 9.728646 9.566344 9.542868 9.560862 9.660748 9.941587 10.43857 11.11621 11.88027 12.54638 12.94583 13.00014 12.83146 12.46737 11.9241 11.34579 10.82773 10.3982 10.01919 9.692999 9.395499 9.163885 8.982449 8.825385 8.658513 8.50553 8.388721 8.287061 8.191097 8.087658 7.985192 7.874553 7.80123 7.759985 7.765151
11.18325 11.47956 11.79914 12.21224 12.72461 13.22163 13.66632 14.0318 14.30613 14.4723 14.38084 14.04621 13.5673 13.15063 12.94779 12.96841 13.02649 12.96912 12.74241 12.41007 12.01539 11.59572 11.22947 10.96756 10.78397 10.61607 10.34317 9.984931 9.741415 9.703676 9.68355 9.676146 9.870734 10.28113 10.83907 11.52513 12.25994 12.84089 13.03856 12.86659 12.51393 12.04479 11.50317 10.97741 10.51384 10.11613 9.752001 9.418591 9.128574 8.897538 8.748258 8.63985 8.541487 8.428767 8.333475 8.244763 8.15529 8.044679 7.916623 7.808842 7.75485 7.706932 7.714645
11.21725 11.52124 11.89063 12.35254 12.89782 13.41527 13.85963 14.21528 14.43108 14.46642 14.24789 13.87253 13.41267 13.04625 12.92492 12.95807 12.9658 12.8359 12.55597 12.17698 11.73927 11.31341 10.98195 10.74999 10.58106 10.37884 10.11796 9.905313 9.846116 9.844125 9.780218 9.807308 10.09472 10.54001 11.05276 11.73126 12.43668 12.94048 12.9681 12.58567 12.04911 11.49512 10.99251 10.54085 10.10367 9.743797 9.402543 9.092063 8.843169 8.666216 8.554783 8.507105 8.454477 8.376181 8.30181 8.212113 8.12978 8.013099 7.862825 7.695861 7.572614 7.542994 7.564703
11.2536 11.6179 12.07029 12.61497 13.18464 13.7038 14.12017 14.38764 14.49264 14.36786 14.04483 13.60591 13.18498 12.86607 12.77203 12.7955 12.75676 12.55437 12.22009 11.81993 11.38678 10.98433 10.68117 10.5609 10.44369 10.24766 10.02916 9.892779 9.902925 9.90274 9.815333 9.885261 10.22796 10.63673 11.12596 11.83597 12.51081 12.90223 12.7615 12.22904 11.55138 10.9607 10.50117 10.12333 9.708641 9.346165 9.03914 8.77197 8.586921 8.471453 8.409142 8.4068 8.372648 8.324778 8.263382 8.18929 8.092458 7.954094 7.742573 7.5092 7.355692 7.342622 7.407072
11.43787 11.88135 12.42096 13.00773 13.56848 14.04209 14.37899 14.54052 14.48384 14.1945 13.77458 13.30629 12.91184 12.6588 12.58601 12.56697 12.47804 12.22908 11.8703 11.47883 11.08434 10.72743 10.49423 10.41326 10.34791 10.17296 10.01108 9.89419 9.880099 9.866176 9.793164 9.935205 10.26815 10.63529 11.19922 11.94774 12.56417 12.81722 12.54084 11.87441 11.13626 10.5189 10.09777 9.771802 9.425911 9.074032 8.782584 8.572122 8.42616 8.347151 8.308693 8.292184 8.278123 8.244301 8.181401 8.106686 7.967679 7.753833 7.450659 7.225573 7.154261 7.230124 7.370659
11.7716 12.27333 12.85373 13.45359 13.97969 14.38893 14.64444 14.62011 14.32282 13.9087 13.47456 13.02671 12.65632 12.44279 12.36385 12.30396 12.14787 11.88072 11.55185 11.23382 10.89486 10.58786 10.37623 10.30688 10.2468 10.10218 9.990901 9.906259 9.836652 9.791378 9.790224 9.970807 10.25813 10.66528 11.35198 12.09723 12.62484 12.70378 12.26398 11.53046 10.78414 10.1606 9.753319 9.467828 9.201694 8.921993 8.683286 8.50808 8.397431 8.3179 8.281598 8.21962 8.176665 8.127625 8.046138 7.91821 7.726787 7.427306 7.149387 7.040287 7.113998 7.295898 7.53828
12.12551 12.67598 13.27659 13.87481 14.35872 14.68734 14.81334 14.5774 14.05846 13.55532 13.18094 12.79192 12.47992 12.29652 12.16873 12.02839 11.8242 11.5549 11.27861 10.99984 10.72805 10.48815 10.31575 10.21392 10.14224 10.02671 9.97231 9.932141 9.854197 9.757097 9.802285 9.977178 10.28417 10.84668 11.61187 12.29264 12.65534 12.49743 11.91616 11.14952 10.41494 9.834447 9.437517 9.210301 9.014286 8.817541 8.664003 8.536052 8.434952 8.361505 8.261967 8.179201 8.057034 7.958675 7.811959 7.655522 7.450916 7.172386 7.004211 7.079998 7.305254 7.558377 7.847945
12.49442 13.09928 13.71482 14.27136 14.69086 14.90028 14.82218 14.38927 13.73915 13.21784 12.90298 12.60408 12.35142 12.16568 12.00914 11.81364 11.5824 11.32951 11.06699 10.83587 10.63005 10.44363 10.32271 10.20002 10.07381 9.977679 9.929906 9.960748 9.926734 9.828249 9.827634 10.01417 10.44543 11.11352 11.84907 12.3839 12.51562 12.16692 11.46786 10.72271 10.0726 9.561 9.23017 9.027528 8.878201 8.74714 8.621114 8.541951 8.458643 8.369246 8.248295 8.105337 7.946834 7.767866 7.57462 7.392241 7.210529 7.057516 7.08569 7.323323 7.615339 7.910638 8.17522
12.88598 13.53819 14.13954 14.62137 14.92964 14.97029 14.65483 14.08486 13.39977 12.91437 12.64961 12.40535 12.21307 12.06375 11.88724 11.6781 11.46604 11.25081 11.04208 10.87288 10.70699 10.55455 10.40577 10.22922 10.04816 9.955955 9.967436 10.04843 10.04785 9.931471 9.882086 10.12686 10.63628 11.30961 11.93138 12.28055 12.21031 11.71901 11.04439 10.33853 9.747086 9.350496 9.108264 8.965092 8.83135 8.70001 8.605348 8.517778 8.43618 8.318007 8.180422 8.00066 7.771176 7.535239 7.332378 7.211174 7.096852 7.171284 7.338773 7.62901 7.935349 8.208279 8.423101
13.28113 13.929 14.46997 14.85814 14.99929 14.80476 14.35266 13.72303 13.07423 12.64364 12.42654 12.22076 12.06498 11.93993 11.77927 11.5866 11.3813 11.22364 11.07084 10.96534 10.83537 10.66426 10.43697 10.17033 9.987982 9.953622 10.07881 10.24908 10.26542 10.10135 9.992914 10.22661 10.74358 11.36094 11.85005 12.02549 11.80296 11.31001 10.67769 10.03379 9.515071 9.173384 9.007999 8.908756 8.813498 8.717093 8.624098 8.519682 8.386202 8.227479 8.033991 7.767048 7.476564 7.23922 7.130736 7.129068 7.211556 7.427348 7.689865 7.938953 8.17457 8.409418 8.616209
13.65996 14.25045 14.71195 14.96348 14.90486 14.5269 14.02056 13.429 12.86125 12.44183 12.20663 12.03698 11.90875 11.77441 11.61837 11.4712 11.29763 11.18661 11.12329 11.04241 10.87079 10.63285 10.32107 10.03622 9.925855 10.0011 10.23614 10.44302 10.43977 10.23834 10.07423 10.26227 10.74404 11.31761 11.67819 11.70534 11.39578 10.92631 10.35081 9.776446 9.346148 9.078862 8.91094 8.829985 8.758817 8.679254 8.609474 8.50962 8.313691 8.092971 7.800868 7.470147 7.158914 7.009424 7.055333 7.203421 7.44801 7.765225 8.086872 8.212576 8.350124 8.556158 8.716629
14.01091 14.52778 14.85212 14.94449 14.68833 14.21111 13.71214 13.19501 12.6787 12.27214 12.0011 11.84764 11.73184 11.57911 11.46408 11.3805 11.23379 11.15153 11.10579 10.96791 10.74179 10.45866 10.12942 9.894271 9.881249 10.06639 10.35452 10.54506 10.50967 10.28266 10.09882 10.23781 10.72697 11.22915 11.44601 11.32171 10.98485 10.54487 10.0291 9.525605 9.160562 8.978687 8.879015 8.806164 8.721306 8.635322 8.55784 8.476294 8.274083 7.970452 7.5654 7.189047 6.966359 6.972912 7.183328 7.467278 7.813989 8.152498 8.388976 8.41123 8.470131 8.63013 8.722856
14.28696 14.71638 14.90623 14.8062 14.39701 13.83272 13.36203 12.91186 12.47737 12.13379 11.87156 11.66424 11.53932 11.41376 11.34314 11.32309 11.19495 11.0852 10.99852 10.79006 10.51705 10.22877 9.926061 9.753961 9.848324 10.07587 10.31902 10.48014 10.4403 10.25927 10.08328 10.23813 10.68382 11.04117 11.13085 10.8939 10.53667 10.13345 9.710067 9.307584 9.032281 8.88902 8.822351 8.784922 8.747919 8.653081 8.545516 8.440406 8.2553 7.898634 7.431509 7.049452 6.937622 7.129291 7.490253 7.856772 8.195201 8.438338 8.550887 8.525733 8.538815 8.636694 8.691224
14.55645 14.86483 14.8597 14.54969 13.98989 13.38578 12.94918 12.57207 12.22551 11.96223 11.74597 11.53347 11.38518 11.30962 11.27302 11.24214 11.12907 10.96703 10.80761 10.58476 10.29637 10.03358 9.757234 9.63164 9.803264 10.0767 10.29561 10.35735 10.3473 10.23343 10.10996 10.2395 10.56902 10.75881 10.73577 10.45841 10.11604 9.767483 9.463766 9.165776 8.978669 8.861318 8.802433 8.763465 8.761035 8.704224 8.593227 8.420076 8.189372 7.815569 7.329979 7.007517 7.037225 7.401882 7.850016 8.20632 8.435485 8.561343 8.587528 8.593041 8.597867 8.630836 8.690462
14.83541 14.93544 14.69287 14.1742 13.52898 12.94935 12.63795 12.33115 12.04968 11.83808 11.67757 11.48677 11.30884 11.23508 11.18156 11.11666 11.04824 10.88258 10.63718 10.35592 10.0923 9.880575 9.64202 9.58672 9.795835 10.08823 10.30328 10.37797 10.3334 10.26613 10.15675 10.20746 10.39483 10.48603 10.3658 10.08645 9.778994 9.526879 9.349998 9.173009 9.015776 8.893302 8.839795 8.817726 8.804019 8.742236 8.64242 8.446662 8.118782 7.695079 7.262631 7.069984 7.229989 7.6872 8.120191 8.391275 8.542503 8.632749 8.6464 8.664791 8.712444 8.721746 8.75679
15.03486 14.84665 14.37941 13.75827 13.08519 12.61421 12.42301 12.22719 12.04851 11.85832 11.7161 11.5383 11.33655 11.13542 11.05697 10.98563 10.95314 10.79713 10.51768 10.19872 9.94523 9.767474 9.579994 9.583961 9.816377 10.10437 10.3716 10.48865 10.46429 10.31397 10.1775 10.18018 10.26224 10.2362 10.09645 9.828314 9.585959 9.409456 9.303961 9.210936 9.065722 8.974649 8.924652 8.926249 8.910591 8.832863 8.664367 8.417504 8.051466 7.598319 7.269653 7.223704 7.500981 7.919571 8.259727 8.463636 8.588434 8.690969 8.7119 8.715675 8.778153 8.804734 8.850819
15.03804 14.57175 13.95862 13.31556 12.71011 12.36405 12.22673 12.15421 12.07509 11.91315 11.73317 11.53048 11.2869 11.04474 10.89969 10.86282 10.80404 10.6697 10.4067 10.10107 9.829761 9.659462 9.537382 9.582581 9.865386 10.19917 10.51321 10.67908 10.55666 10.30898 10.12702 10.12074 10.16789 10.11583 9.933893 9.65556 9.473296 9.346553 9.271632 9.199995 9.11904 9.071712 9.037308 9.041488 9.008676 8.883732 8.686954 8.370477 7.946732 7.548386 7.387224 7.490324 7.774221 8.102117 8.343403 8.486567 8.599338 8.703941 8.756444 8.77836 8.800805 8.84332 8.905411
14.85691 14.19127 13.48064 12.86322 12.36564 12.14799 12.08979 12.08484 12.05021 11.90695 11.69105 11.4171 11.16002 10.91912 10.73604 10.69334 10.618 10.48517 10.26545 10.00967 9.757958 9.588369 9.508545 9.61711 9.921478 10.30286 10.62333 10.753 10.59251 10.31495 10.10211 10.0315 10.03102 9.967642 9.783602 9.548115 9.35895 9.255589 9.200072 9.143776 9.126038 9.094357 9.096654 9.107306 9.039753 8.864628 8.632298 8.30127 7.882412 7.580813 7.565512 7.707367 7.937313 8.190016 8.403219 8.521291 8.60231 8.68971 8.774541 8.831065 8.830699 8.881506 8.96493
14.582 13.79282 13.02388 12.45342 12.08928 12.0205 12.02488 12.03819 12.01184 11.88744 11.62918 11.30279 10.98397 10.7487 10.56612 10.48821 10.40584 10.2818 10.11007 9.921992 9.708785 9.538775 9.485566 9.62255 9.96573 10.36512 10.69355 10.76856 10.53886 10.23954 10.00626 9.916977 9.881588 9.798606 9.5887 9.39516 9.227454 9.130196 9.094762 9.088951 9.100964 9.101306 9.110122 9.087639 8.981625 8.791916 8.51028 8.197202 7.8519 7.656897 7.725645 7.872053 8.049986 8.267988 8.455616 8.576906 8.650604 8.699362 8.78117 8.840442 8.854414 8.887233 8.979853
14.27736 13.43043 12.6434 12.11198 11.92448 11.94764 11.97064 11.9397 11.91238 11.77652 11.51857 11.21159 10.88503 10.60647 10.40566 10.28753 10.20512 10.1116 9.988891 9.833611 9.665397 9.540154 9.504411 9.670743 10.03845 10.44972 10.72261 10.71182 10.45796 10.1678 9.921133 9.775029 9.694507 9.613295 9.446129 9.279524 9.125429 9.003557 8.995435 9.033792 9.093949 9.124683 9.104039 9.013389 8.86704 8.640281 8.367324 8.099413 7.878059 7.787863 7.879015 8.02254 8.166406 8.328705 8.50042 8.617633 8.690983 8.749003 8.778327 8.834384 8.868646 8.908379 8.970533
13.92214 13.07905 12.32008 11.83913 11.75376 11.8009 11.79016 11.76864 11.74551 11.59415 11.34769 11.07041 10.80328 10.52657 10.29862 10.16764 10.0557 9.949939 9.878271 9.758037 9.644032 9.583433 9.56438 9.754774 10.14241 10.55614 10.77493 10.64647 10.32979 10.01366 9.788343 9.638114 9.497478 9.378624 9.249999 9.132212 9.016807 8.945852 8.952612 9.002266 9.079732 9.139734 9.093937 8.926314 8.718787 8.498189 8.277138 8.100908 8.004067 7.988126 8.049996 8.160519 8.25399 8.385713 8.527806 8.641128 8.706931 8.762293 8.793375 8.813725 8.872629 8.923411 8.978145
13.50544 12.71173 11.99996 11.56951 11.51412 11.53765 11.53869 11.57811 11.5599 11.3898 11.13832 10.90613 10.68449 10.41528 10.20219 10.07514 9.934412 9.833298 9.773342 9.706472 9.646556 9.622612 9.623647 9.830904 10.21886 10.61092 10.77226 10.56144 10.1962 9.874019 9.653016 9.509636 9.388392 9.236286 9.129608 9.038044 8.957047 8.913183 8.928912 9.00527 9.084064 9.1133 9.035613 8.854821 8.654824 8.471652 8.324125 8.253615 8.21968 8.171357 8.177846 8.243329 8.331594 8.443975 8.548029 8.635957 8.698042 8.753258 8.784156 8.815521 8.851246 8.919185 8.972644
13.0395 12.31785 11.68691 11.27284 11.2112 11.23932 11.34883 11.43536 11.37923 11.17816 10.94433 10.73561 10.53978 10.28669 10.08415 9.978586 9.858693 9.773831 9.732448 9.723743 9.685872 9.676593 9.684176 9.9005 10.24663 10.56815 10.66319 10.43877 10.0643 9.707574 9.479843 9.39677 9.318051 9.203193 9.066623 8.993789 8.942328 8.934933 8.947324 8.987959 9.055993 9.067515 8.960277 8.79296 8.63559 8.52509 8.446061 8.403557 8.375303 8.282249 8.248725 8.308413 8.406816 8.498544 8.563055 8.621526 8.6741 8.722319 8.755436 8.807856 8.863091 8.915257 8.970798
12.62312 11.95955 11.38393 10.96551 10.88994 11.03742 11.25799 11.335 11.21823 11.03988 10.82647 10.60607 10.39641 10.17465 9.968827 9.88327 9.786406 9.726289 9.760184 9.806523 9.759553 9.740952 9.767176 9.960442 10.21782 10.45133 10.52073 10.31513 9.963136 9.626529 9.393086 9.267597 9.246713 9.161486 9.083055 9.027675 8.975527 8.975725 8.987773 8.970601 9.008594 8.999281 8.875354 8.720326 8.617848 8.562973 8.499867 8.478997 8.43378 8.339211 8.327313 8.413324 8.493312 8.537696 8.56288 8.58677 8.653641 8.715792 8.759515 8.802459 8.866417 8.919 8.975348
