py_wake/examples/data/AJ_ParqueFicticio/Rough survey   Sector 4   Height 200m   Power density.grd
DSAA
73  159
 258469   265669
 6501692   6517492
 133.8925   1624.552
[rows 56 to 83 of 159, columns 0 to 62 of 73]
555.8524 559.9648 566.8429 571.9206 575.7267 573.2614 570.2037 567.0642 564.8806 560.5516 557.575 553.7901 551.6215 547.6761 539.5558 537.4077 537.6763 539.0265 540.3805 542.9329 538.2383 533.0771 535.1799 539.9756 542.3818 544.91 545.2984 546.8333 561.9214 595.4885 629.0762 631.7135 613.2515 611.3525 626.9291 645.9644 653.3348 631.6616 592.6141 579.8699 599.0006 612.511 618.6455 626.1434 643.2924 676.3629 708.6959 734.2653 784.6412 860.64 950.8544 1009.97 975.1393 878.5585 810.6404 849.9161 934.2629 955.5647 866.7736 743.3841 660.4005 656.5011 717.0042
553.0349 558.7091 566.2358 570.9957 575.6822 572.356 568.624 565.3596 561.7443 558.6415 555.0109 551.7712 548.4523 546.4004 541.8386 538.5228 537.8839 539.2104 541.1782 543.1268 542.423 539.4822 539.0719 541.3132 543.6511 547.0359 549.3165 551.899 570.2058 611.7476 649.4478 651.7222 632.2147 627.4526 643.1039 660.972 671.4197 652.5303 618.0247 597.6818 606.1138 619.0112 627.5123 636.4576 660.1909 693.6006 712.2033 718.7964 755.4591 822.6633 905.4216 957.2078 927.4578 841.6105 783.7423 827.8541 914.0356 940.0443 855.4452 734.7062 645.232 624.9927 677.4269
550.186 557.442 565.119 569.9384 573.2999 570.5914 564.8908 561.3636 558.0724 555.3637 551.7302 548.4297 546.6555 545.7006 543.9058 541.01 539.4401 539.2178 540.0527 542.601 545.015 544.8781 544.3677 542.8283 545.73 549.0421 553.755 564.4631 587.1482 624.8546 664.8774 666.414 650.1264 642.4034 652.8696 672.3519 687.5184 670.6084 637.4023 613.2593 614.5433 618.7087 625.6665 645.2889 674.7311 704.6505 716.4083 716.8611 740.2842 790.4195 857.7199 900.4807 879.7261 809.1037 763.5897 808.1095 884.4338 914.2426 845.9487 735.21 639.691 602.0007 643.4938
551.6694 560.5922 572.4395 575.9059 570.7566 566.4281 560.7571 556.9249 554.5314 551.7267 549.5319 547.617 544.5997 543.6627 543.2562 542.4255 540.882 541.0955 541.1923 543.9124 545.7657 547.6801 549.0522 547.043 548.9189 553.8321 562.3397 580.352 605.346 641.1087 671.4977 675.4943 662.3138 651.2697 664.0236 682.598 695.4279 686.4749 653.45 624.8937 615.8228 614.2825 620.0919 647.5021 685.6339 714.1033 722.2657 721.277 731.6377 765.8162 808.7496 842.9469 835.7002 783.2117 746.9874 781.3343 847.7622 883.5217 831.2878 733.9606 639.7101 590.0899 617.9518
556.9081 566.9479 579.8611 581.927 571.6403 561.4285 554.9523 552.6841 551.4103 549.8474 548.4274 546.0242 543.3506 541.1547 541.316 541.1744 540.2171 541.0306 543.2316 547.2031 549.3135 548.1812 549.4453 549.1364 550.5681 556.1755 570.9894 595.438 626.8198 659.0662 683.9259 685.217 675.4583 668.1948 675.7279 692.1317 700.8322 693.0343 664.3535 633.7702 616.6332 610.6027 619.1831 648.9599 688.2908 716.3405 728.1783 731.7125 735.5837 745.6588 765.4199 786.5553 792.9326 762.3904 730.4087 753.3582 815.7917 853.3618 808.1644 722.8701 639.0658 589.4089 599.0146
565.3141 576.6927 582.4072 580.5428 571.2108 559.3169 550.9713 548.7822 550.8547 550.1064 549.0942 547.2342 543.6456 541.3038 540.538 540.097 539.8056 541.0883 545.4671 549.9481 555.098 553.232 551.4471 550.9548 551.5094 560.0827 580.642 611.9581 646.418 682.2138 704.0717 702.5894 693.5574 689.0419 692.4356 702.1582 705.8337 693.5687 666.673 640.1586 619.8232 605.9323 613.5764 643.8677 683.9603 712.6422 727.6562 742.7535 753.9046 744.142 733.6888 741.2979 756.2581 746.3156 714.5836 727.5355 781.3807 815.8034 780.7977 708.2053 637.6662 593.0323 583.0219
569.8259 581.4533 580.7495 577.0529 567.9139 559.0149 550.6429 548.6608 550.0263 551.0073 550.5087 548.3146 545.2615 542.6695 540.6705 539.3668 538.0779 539.7166 545.2607 551.1572 557.2303 556.6697 554.4657 552.8706 555.9305 566.3406 588.0178 622.8539 662.6195 700.3539 722.282 718.7365 708.3755 710.0503 712.0278 716.8439 714.1143 694.7839 666.0989 642.2557 620.2946 603.6688 606.4507 632.9261 674.3292 705.3424 724.7137 743.6609 764.5545 758.5536 726.6951 710.4323 723.644 722.9098 706.3096 703.499 743.2127 771.6523 749.1133 691.571 632.0616 595.1471 579.8235
571.0697 579.5716 578.618 574.4547 567.2047 560.6671 555.0709 553.3347 552.3019 552.6506 552.6979 549.4712 546.5078 544.6154 542.1913 540.4319 538.3219 538.6198 543.0715 549.6878 555.7858 557.376 557.1143 557.7963 562.9523 578.299 598.5936 630.267 672.0575 712.7942 735.5114 733.5925 726.5303 730.9471 738.3113 737.6296 727.4731 701.9084 671.8351 645.8218 620.3776 602.585 600.524 622.5433 660.2175 696.4033 714.7628 736.5398 760.7672 766.4774 737.9551 705.5481 697.3353 697.2614 688.1427 680.4024 702.8824 727.0844 712.6205 671.0756 622.9203 594.8411 581.5583
569.9332 575.8951 574.6743 571.9987 568.2091 563.5887 561.5762 559.9479 555.9347 553.1968 552.6204 550.9031 548.1801 546.7316 543.9581 541.42 539.4735 540.7448 545.1236 549.7971 553.1791 560.2747 562.708 564.0235 571.1636 585.2542 607.7944 640.7118 682.8699 721.9682 743.3834 743.6883 740.7883 747.2689 757.9651 757.5294 742.3088 714.2003 683.9506 654.1159 626.3056 603.1547 596.4561 613.9209 647.995 679.6566 698.8612 723.9274 744.9067 756.6987 749.9388 721.9376 688.0857 664.5225 655.7726 654.3509 663.2172 683.7402 680.0944 650.6321 619.7208 595.952 579.6256
565.9198 570.8967 569.8873 568.6076 567.9598 567.2745 566.1942 566.0896 560.5605 553.5424 552.2459 551.0354 549.5463 548.7184 545.6379 542.7059 541.3113 544.2752 547.4138 551.7288 558.7747 568.217 572.853 573.061 579.5914 591.9765 614.8513 647.979 687.517 721.5155 742.9023 743.0195 748.7847 764.0439 774.3336 771.4595 756.5413 724.3229 691.7739 665.1218 635.8336 610.3149 598.6313 608.2804 634.4543 657.8834 676.751 705.1337 725.1675 738.3655 750.9902 741.9777 700.5229 650.1139 624.3386 618.3369 625.2772 639.6696 645.0087 635.5657 620.623 598.8363 575.8847
561.2597 565.0818 565.4944 565.5544 567.35 568.8201 569.8292 569.1809 562.2018 553.8204 551.742 550.6133 549.2706 547.6934 546.9168 545.5628 544.3486 546.9525 549.1966 552.7562 562.5804 576.5016 580.2762 582.0502 590.4772 602.236 627.5497 659.7691 691.7307 718.8452 736.2294 740.7071 751.744 776.5093 785.7634 782.5315 768.0607 734.2855 699.7522 671.47 642.813 622.9735 606.6335 607.2576 620.0092 631.0546 653.6128 688.5112 706.2701 713.283 739.6611 751.6425 712.2668 647.3556 595.4449 576.0253 583.4909 601.4063 621.9647 633.9504 628.5838 607.8729 577.7646
559.1205 560.7921 561.2749 563.3281 565.8912 570.1474 571.3609 569.9554 565.0397 557.0616 553.5975 551.4351 549.8577 548.1277 547.0347 547.8552 548.4437 548.9521 550.1503 555.8615 565.4427 577.3907 582.8516 589.2248 600.6022 618.6141 641.3994 672.8141 701.8664 725.076 736.504 742.9407 752.5784 778.6107 790.3996 787.9495 778.7096 752.9132 717.048 683.4287 653.4473 635.1073 619.7025 608.7995 604.988 607.5539 631.4006 668.3462 689.1531 691.4282 723.9838 745.1915 712.6605 645.6581 578.7378 538.4536 545.0201 570.7317 605.6511 629.5662 633.452 618.3989 584.7641
556.9287 557.085 557.5021 560.8237 565.9916 570.9771 572.3907 570.8275 567.8635 561.2977 555.6307 553.0278 550.6014 549.5458 549.8408 552.0784 552.2166 551.5334 551.789 556.3516 563.0361 571.9225 580.2635 592.8365 609.7659 635.1317 661.0079 683.8564 710.5145 734.5943 745.0155 746.4758 753.0396 772.3439 789.5356 788.6092 783.041 763.5945 730.1981 702.4526 676.4548 655.4071 637.6788 618.9252 597.1504 593.4632 615.3477 648.3194 667.3667 671.403 705.0591 724.0294 696.959 635.8226 567.1717 517.5464 510.4753 544.0139 585.8367 619.5304 632.9705 624.2265 590.3737
554.0831 551.9633 551.7261 556.3741 565.0975 572.6566 572.95 572.8445 570.3063 566.358 560.3916 554.2646 550.0673 550.3378 556.2903 559.4936 558.3697 554.6992 554.0267 554.5886 557.4662 563.814 577.1276 596.5804 622.1745 648.4875 673.2295 698.7846 726.1618 749.5989 760.1639 753.9839 752.1171 765.094 782.6483 784.2955 780.2959 762.8707 737.7315 718.2567 697.4698 679.9871 658.5547 633.041 604.8749 588.839 600.4584 626.6891 646.1639 657.528 683.3863 695.1498 671.4734 618.305 556.2301 502.8093 488.1931 522.068 567.5302 601.7941 618.385 615.4033 591.0543
552.6199 549.1151 545.1976 551.7197 563.837 572.5059 572.7256 573.2236 573.057 569.6531 565.0092 558.7378 551.6096 552.2999 559.8486 566.688 562.6854 558.243 555.3671 555.5508 557.0482 561.549 581.6597 606.5735 633.5142 658.4429 684.5656 709.9686 741.9444 770.5615 778.5128 769.5096 755.3091 758.8744 772.5273 777.7657 773.2145 758.0667 740.5813 731.5541 718.4786 697.0246 674.2207 643.2607 617.0648 594.6116 593.6436 608.1796 625.6783 643.0422 660.872 663.0428 648.3341 606.7719 546.1724 496.5525 481.2313 508.2527 550.7783 582.6511 602.5858 600.417 581.5748
554.7922 548.7778 542.965 546.4858 559.1761 568.6221 569.5779 572.0411 574.5931 573.6113 568.6885 562.3671 555.8814 555.6438 560.8751 568.2563 565.4561 561.7645 558.748 556.0668 557.5403 565.8613 590.0352 616.7746 644.3008 666.6003 693.4106 719.3392 754.7803 786.2201 800.256 787.6227 766.7431 761.738 766.1638 766.7668 763.4817 750.9305 743.2944 736.294 728.985 706.8084 677.9244 650.6516 627.5613 605.035 593.7801 597.7252 611.4613 632.0491 640.9894 640.1796 631.7046 600.02 543.2617 491.118 476.7265 500.4089 535.2209 564.5129 583.9076 585.3737 568.2679
557.0103 549.1726 544.0492 545.7736 554.5266 561.0938 563.585 569.2349 575.7586 577.9937 573.2077 567.6378 563.2711 560.7582 563.3323 566.762 565.0369 563.0646 560.3039 557.4663 558.0598 569.4057 592.028 620.5892 646.8609 670.8862 696.9313 727.9133 766.4153 802.7559 822.285 808.8922 785.0159 771.8896 765.5998 761.7777 750.1835 740.4294 736.5612 734.2192 730.1429 710.1966 682.0223 657.5121 634.343 609.7829 593.5904 589.4722 603.0814 618.7319 625.5189 626.3018 625.8599 606.8967 554.166 491.3153 469.4994 489.8204 518.1157 545.6931 565.2264 567.3391 552.8508
557.0649 551.2602 549.7109 551.105 552.4421 554.7833 557.1032 567.4935 579.3046 580.5571 578.2982 574.343 572.2501 568.6992 565.3088 563.7344 562.7598 561.9976 559.857 558.043 559.4849 572.7812 595.1337 622.2091 647.9581 671.3389 696.8019 735.0463 782.3231 826.0676 841.6246 829.2149 805.8246 784.0724 770.322 755.2107 740.9099 730.8049 727.9883 727.9425 724.299 709.2309 686.0063 663.3625 637.885 613.135 587.3787 578.9564 587.9633 601.6984 609.382 615.4803 625.1313 617.0754 564.2076 500.4066 464.063 475.4241 501.969 527.4506 543.9347 544.105 529.4003
558.0533 554.7391 554.1209 556.533 558.0436 551.4275 549.4219 565.5717 580.6184 581.6783 580.8437 578.9922 577.7756 577.2966 569.4747 561.502 558.9534 560.5621 561.2051 560.7923 563.1035 578.371 600.6363 625.7928 649.4491 671.3368 697.6815 737.3734 794.8718 845.8186 862.3031 849.681 824.6356 797.54 775.1821 754.3719 737.8126 724.4391 719.2007 718.9785 712.9312 697.7839 682.5834 666.8432 642.3251 619.7408 590.9459 574.0461 576.6252 590.1901 596.2559 604.7528 615.6894 612.701 570.4427 512.2103 472.8228 468.062 487.1329 511.7651 522.9403 518.4443 500.9385
558.1962 556.5904 555.5005 557.8784 559.4621 552.1315 549.5127 564.1401 578.3981 580.1233 579.7755 579.877 579.5837 580.4284 570.9894 559.3405 558.1038 560.8461 563.1586 566.8145 571.4718 585.1901 607.7577 630.5326 652.2582 672.1256 698.0539 742.8138 803.0563 860.0488 881.3721 866.0612 835.7307 802.9919 775.8428 752.7642 737.3007 723.6994 712.0283 707.5712 697.1645 683.1862 672.4312 660.4116 635.6591 616.0645 597.3992 576.7896 574.5754 580.678 585.6312 594.9185 606.6302 601.4185 569.61 525.8184 491.3748 473.0939 476.6887 492.0133 501.276 488.3181 468.5769
555.4578 554.8536 554.6069 555.4965 557.4412 555.8669 555.1082 564.2468 575.209 578.8331 579.0949 578.5284 578.6078 578.0681 572.3676 562.322 559.9409 561.9998 565.1003 570.7839 581.9614 595.9989 613.1933 633.3096 652.7624 673.2983 700.6911 748.691 812.0095 871.1328 895.9359 877.1666 839.3419 801.3524 768.8638 746.6606 734.7113 721.8957 701.1649 696.9695 688.9709 667.5309 655.8116 645.2587 628.9509 616.1591 601.9079 584.7936 578.916 573.5626 573.0969 578.9739 587.9619 585.9183 565.6625 539.2317 512.8386 485.8044 471.0724 475.5872 476.5913 460.3142 437.5202
553.847 552.9814 551.8992 551.3862 554.6729 559.3121 561.6694 566.3069 572.2923 576.4263 578.6938 579.4243 578.7463 578.5092 575.8569 571.9512 565.6697 563.9423 565.608 574.6909 589.0342 606.8613 625.8694 642.1897 656.1589 676.8892 709.3629 762.4984 831.1198 888.6805 909.3976 887.4934 842.8903 802.9659 766.369 739.4786 728.7405 713.6522 688.8912 682.3558 671.598 653.2876 642.6337 638.9736 631.5493 622.3886 612.3278 595.5039 582.7238 568.1354 561.0904 565.6792 576.5929 580.3481 570.498 556.2091 533.4193 501.709 477.463 462.4685 449.4659 429.7447 405.6375
553.7281 551.3666 548.5256 548.8534 552.7348 559.2171 564.7628 569.5004 571.372 575.9135 578.783 579.9096 580.4372 579.8422 579.6766 578.4683 572.757 567.8207 567.0195 576.1149 590.993 611.0782 635.2899 649.3295 660.64 682.9689 723.9553 786.3788 859.4242 913.0858 928.942 892.0743 839.8112 799.3823 764.3618 741.5419 727.1603 710.2203 686.1934 670.0832 650.2314 639.0974 639.3862 643.3291 637.6519 629.9152 614.5908 599.7967 585.3966 562.4083 554.2411 558.4645 570.5023 578.4675 575.388 565.4398 539.869 507.2441 478.2996 451.0067 423.6665 405.3028 383.5821
554.6298 552.0032 548.0324 546.9493 550.0223 559.8792 568.7645 574.1803 574.7961 576.2346 578.6182 579.5065 580.3156 581.581 583.5228 582.4615 578.626 573.459 573.3251 582.1045 592.4175 612.1945 633.3394 649.1248 664.3276 691.8298 741.7798 815.5424 893.4131 943.6091 936.974 887.783 829.2538 786.3929 755.3551 732.6837 718.6005 698.9091 676.082 660.9822 641.8715 637.2908 642.5487 644.9364 642.75 632.366 614.946 594.2853 575.3478 558.3126 551.6932 555.1473 564.9039 578.2786 583.5843 573.1375 546.0406 513.0766 474.3723 436.6115 407.73 387.7007 363.7448
554.5677 553.2443 549.1102 545.4748 553.2891 563.1072 572.462 575.1901 578.5217 579.5842 579.4998 577.8902 579.6105 582.6534 584.7927 584.6368 582.6321 581.2867 584.2952 591.6042 600.9761 617.5062 632.1815 649.1753 667.5672 702.3634 761.756 843.3644 926.2899 968.6666 942.1287 880.7706 819.3091 775.6179 746.7778 719.0537 700.8482 674.6347 657.0208 648.6636 644.1772 645.6055 647.9009 644.7672 642.0031 627.3566 605.351 580.9302 566.889 554.4372 550.3595 551.5249 560.8124 573.2792 582.8088 575.1 546.2699 507.3395 462.6391 423.6747 392.7065 368.2885 343.4171
551.7649 552.2421 549.3742 547.3804 553.4193 564.5624 574.0939 577.9868 581.1332 583.756 584.1574 579.2969 578.9769 583.5845 587.1373 586.9061 586.2253 589.5484 595.1202 600.3118 610.3466 624.7705 639.2971 654.4719 676.4566 716.7577 780.6792 866.9465 944.6725 975.7267 938.3967 870.5388 808.1035 768.6581 738.0262 710.1246 683.2124 658.5237 646.1614 648.477 655.4355 659.1694 657.1625 648.3336 638.898 620.5833 595.4684 574.7955 561.1444 552.6647 549.7354 551.1714 559.9585 572.433 580.3301 570.6559 536.8528 493.7166 450.1202 410.3269 378.3041 349.5978 325.5132
549.4349 551.1533 551.3575 550.9967 554.2054 562.0178 571.6378 577.4419 582.0268 586.9914 589.2953 582.3499 579.7921 582.7254 584.3401 585.158 585.955 591.6916 599.7263 606.9088 618.4344 631.2607 648.2204 666.6033 693.3105 736.4155 802.964 884.834 953.0828 971.1545 924.8746 862.1186 804.4934 765.5953 734.0233 698.7213 670.0311 644.6079 642.0714 656.2766 671.4649 673.7963 663.4628 647.1742 633.2426 611.8586 585.1707 565.66 553.1563 546.7568 546.6628 552.8593 562.7303 573.3814 578.958 564.4788 526.9823 484.007 439.8568 399.1854 366.3516 336.2061 308.5963
548.2472 547.301 549.7328 552.8596 556.0385 562.0894 569.9175 577.1945 582.9976 589.0034 590.5032 589.0808 585.9589 586.9919 588.9001 587.4869 587.5582 593.1903 599.9274 611.0136 624.7564 636.9412 655.7043 680.5904 717.1903 771.2507 835.9189 904.8672 954.6836 957.3599 913.6987 858.9649 808.3019 766.9804 733.5734 688.3062 655.2767 638.3877 647.3206 669.0155 684.4037 684.1868 662.6904 640.1512 625.123 602.3419 575.2002 556.9871 544.1627 537.871 540.0693 550.0056 561.7119 571.3069 571.8129 554.3864 516.3446 474.3547 429.7606 387.6312 352.2553 321.9479 291.6317
