py_wake/examples/data/AJ_ParqueFicticio/Rough survey   Sector 2   Height 200m   Orographic turn.grd
DSAA
73  159
 258469   265669
 6501692   6517492
-11.08718   14.85206
[rows 27 to 53 of 159, columns 0 to 61 of 73]
-.7509317 -.7706293 -.7556309 -.7512152 -.7377299 -.7183783 -.7242789 -.7421872 -.77265 -.7794473 -.7326174 -.7017009 -.6710091 -.5984663 -.5760509 -.594664 -.6316018 -.627921 -.6301312 -.6439885 -.6766894 -.68593 -.6851922 -.7778378 -.9224703 -1.109358 -1.294584 -1.349383 -1.281164 -1.285135 -1.239864 -1.225825 -1.403015 -1.644004 -1.904101 -1.747342 -1.585603 -1.569582 -1.613117 -1.881506 -1.992325 -1.814027 -1.504907 -1.174318 -1.010472 -.9205599 -.8686652 -.631016 -.2118147 .4796561 1.33344 2.484612 3.830991 5.013359 5.964443 7.03196 7.90795 8.165362 7.573736 6.321257 4.863303 3.445394
-.7339729 -.7412501 -.7262655 -.7267469 -.7231019 -.7064379 -.7271971 -.7204102 -.7485314 -.737229 -.6996236 -.659995 -.627254 -.6258174 -.631168 -.665269 -.6667802 -.6456449 -.6650239 -.6762929 -.6884619 -.7030613 -.7379339 -.8460452 -1.0155 -1.199893 -1.37567 -1.376834 -1.410394 -1.371235 -1.352557 -1.406294 -1.557049 -1.762296 -1.952903 -1.855268 -1.762057 -1.773103 -1.849839 -2.044507 -2.11058 -2.043991 -1.918824 -1.643019 -1.504202 -1.492143 -1.530703 -1.350782 -.7450554 .03021307 .9951133 2.148295 3.499296 4.716044 5.770573 6.904086 7.731594 7.778668 6.887987 5.379432 3.787541 2.456709
-.7073815 -.7176377 -.6873114 -.6967111 -.6702247 -.674358 -.7064251 -.7002192 -.7106631 -.7190313 -.6791632 -.6524994 -.6419141 -.6607701 -.6912234 -.7320466 -.7179193 -.6943974 -.6976338 -.6969713 -.7366944 -.7849643 -.8453569 -.9428691 -1.094929 -1.276402 -1.430845 -1.465684 -1.494299 -1.519312 -1.565845 -1.650083 -1.818676 -2.014333 -2.203984 -2.21224 -2.106727 -2.14765 -2.174224 -2.249181 -2.336213 -2.307394 -2.266622 -2.059478 -1.921985 -1.95222 -1.995964 -1.826596 -1.31382 -.5528734 .41722 1.692734 3.099322 4.400984 5.557118 6.673469 7.399455 7.235319 6.103709 4.386553 2.709436 1.501155
-.6930671 -.697892 -.6538628 -.6720754 -.6539897 -.653771 -.6655242 -.6680715 -.6789035 -.6484673 -.6536238 -.6506824 -.6537644 -.6723208 -.7372628 -.7638637 -.7307926 -.7031505 -.7088942 -.690851 -.7764592 -.8677196 -.9695325 -1.047332 -1.208432 -1.352342 -1.468764 -1.552775 -1.626013 -1.695827 -1.772444 -1.889209 -2.10841 -2.269809 -2.411342 -2.391814 -2.358744 -2.41106 -2.534404 -2.578053 -2.563895 -2.637035 -2.490982 -2.362467 -2.234271 -2.165233 -2.078827 -1.888639 -1.405392 -.7472025 .09803414 1.274512 2.694694 4.132073 5.364634 6.475589 7.112991 6.760956 5.386615 3.595875 1.916265 .9810318
-.661509 -.677048 -.6650811 -.6750508 -.6336623 -.6377955 -.6436355 -.6571147 -.6426827 -.6369945 -.6325258 -.6364138 -.6554115 -.6905975 -.7548956 -.7640429 -.7393333 -.6776009 -.6537822 -.7165751 -.8417426 -.9242136 -1.065214 -1.169119 -1.285042 -1.432775 -1.536826 -1.601294 -1.729961 -1.845925 -1.903366 -2.065475 -2.322891 -2.52301 -2.6098 -2.558707 -2.602541 -2.723211 -2.814506 -2.786627 -2.747482 -2.757917 -2.665208 -2.50633 -2.378151 -2.191422 -1.887938 -1.440433 -.9910275 -.3364322 .4034124 1.432734 2.714087 4.089964 5.405696 6.44295 6.865307 6.252225 4.751336 2.945503 1.404769 .9354044
-.6514232 -.6537867 -.6333414 -.6466476 -.6232013 -.6363434 -.623587 -.6114233 -.6112825 -.6197299 -.6206061 -.6277086 -.638815 -.7183686 -.7554798 -.7379781 -.7120981 -.652691 -.6450774 -.7830837 -.9079789 -1.003546 -1.137755 -1.25181 -1.356814 -1.519098 -1.619933 -1.721817 -1.840323 -1.914449 -2.023258 -2.203073 -2.463105 -2.632263 -2.697747 -2.718435 -2.801928 -2.973854 -3.019371 -2.951248 -2.870498 -2.781704 -2.603298 -2.48796 -2.299988 -2.041546 -1.591875 -1.070183 -.4237918 .3499232 1.254781 2.274634 3.39339 4.598344 5.736648 6.5286 6.592504 5.662621 4.075205 2.327797 1.166647 1.076941
-.6441743 -.6100562 -.612322 -.5822349 -.5901367 -.5808165 -.6043079 -.5942586 -.5865799 -.5829442 -.5944573 -.5917811 -.6524044 -.7278804 -.7239697 -.7170131 -.6724429 -.6036559 -.6618751 -.7972239 -.9660676 -1.064758 -1.159316 -1.305997 -1.406995 -1.530872 -1.650526 -1.698598 -1.849472 -1.988768 -2.120022 -2.303522 -2.512077 -2.712149 -2.857771 -2.991807 -3.089776 -3.298527 -3.326506 -3.219605 -3.074274 -2.755222 -2.436503 -2.150711 -2.009495 -1.742228 -1.353821 -.8883075 -.2497419 .6583785 1.755659 2.952154 4.100738 5.14783 6.077536 6.554742 6.221183 4.995017 3.317388 1.731264 .8363467 1.224224
-.650673 -.5953267 -.584707 -.5484346 -.5491818 -.5142993 -.5395797 -.5513567 -.5325326 -.5375951 -.5183637 -.5661924 -.5892898 -.6678404 -.6694159 -.6305164 -.5723698 -.5613646 -.6916509 -.8698046 -.9991221 -1.125982 -1.227552 -1.353647 -1.458543 -1.571891 -1.616965 -1.73415 -1.877873 -2.013463 -2.205098 -2.38624 -2.563218 -2.756155 -2.968458 -3.21915 -3.38247 -3.567622 -3.651489 -3.614166 -3.348358 -2.791209 -2.238045 -1.739687 -1.521078 -1.358064 -1.158768 -.8252251 -.3151233 .4294607 1.466895 2.65102 3.884369 5.052687 5.894578 6.163824 5.543534 4.126043 2.361324 .9110755 .4657515 1.285334
-.6333695 -.5608375 -.5446807 -.5285426 -.5224838 -.5059236 -.4778336 -.4934661 -.4956327 -.4782528 -.4727676 -.5170788 -.5499133 -.6079238 -.5987628 -.5493537 -.4923277 -.5050102 -.7268586 -.9292092 -1.07867 -1.187929 -1.270686 -1.373697 -1.475277 -1.549387 -1.635259 -1.76166 -1.933811 -2.095726 -2.263199 -2.46922 -2.672873 -2.864341 -3.125766 -3.394696 -3.629534 -3.870746 -4.090919 -4.208858 -3.710131 -3.039703 -2.156311 -1.442096 -1.020229 -.9516475 -.8959173 -.6945359 -.4047403 .156104 .8854184 1.948541 3.049469 4.151564 5.060338 5.328901 4.705727 3.210993 1.417935 .1315818 .01973599 1.055578
-.6129906 -.5638899 -.5409409 -.481653 -.4599607 -.4685885 -.4625539 -.4625909 -.4348235 -.4324393 -.4010962 -.4239174 -.4743678 -.5440177 -.5080273 -.4526553 -.4241814 -.433008 -.6526092 -.9194053 -1.101716 -1.210685 -1.289606 -1.362658 -1.412143 -1.4954 -1.644492 -1.796896 -1.989203 -2.163169 -2.349781 -2.561346 -2.749013 -2.974047 -3.2196 -3.556871 -3.907972 -4.278794 -4.664458 -4.691027 -4.278111 -3.482111 -2.450297 -1.50504 -.8020193 -.5801057 -.5084813 -.3493481 -.1306133 .2123819 .8021749 1.592458 2.506804 3.424371 4.239439 4.591295 4.017441 2.550375 .8232862 -.3980099 -.3848689 .5287361
-.607253 -.5408047 -.5131107 -.4544856 -.399549 -.4296471 -.4335375 -.4102791 -.4033 -.3526648 -.3710402 -.3806581 -.4104316 -.4816438 -.4514222 -.4367581 -.4397529 -.4361704 -.5689495 -.8185099 -1.048492 -1.171115 -1.23981 -1.300504 -1.335916 -1.472959 -1.623781 -1.823529 -2.028206 -2.221582 -2.439097 -2.616994 -2.813895 -3.007413 -3.274659 -3.640012 -4.149745 -4.594215 -4.952852 -5.12499 -4.753157 -3.958657 -2.941693 -1.954953 -1.064415 -.5008575 -.2301098 .1696411 .5230678 .8449023 1.364241 2.015515 2.711686 3.390545 4.041409 4.275168 3.698951 2.302528 .6021696 -.4897112 -.5415418 .004601705
-.5610462 -.508573 -.4485443 -.4236994 -.3839513 -.3674122 -.3904465 -.3707683 -.3458026 -.3311553 -.3291761 -.3144268 -.3631394 -.4030091 -.4130503 -.4303712 -.4637294 -.49364 -.5756795 -.7209205 -.9829345 -1.083823 -1.157318 -1.212819 -1.277516 -1.428991 -1.629335 -1.827262 -2.006018 -2.236506 -2.451508 -2.572529 -2.785372 -3.003512 -3.299299 -3.731298 -4.351788 -4.813009 -5.23082 -5.34851 -4.943394 -4.228753 -3.326487 -2.419303 -1.699872 -1.081178 -.5028241 .2113389 .8544328 1.370814 1.990891 2.655163 3.285473 3.830957 4.276328 4.370183 3.713755 2.378323 .8542731 -.1044661 -.3261147 -.282531
-.4917879 -.4577488 -.3956243 -.3559429 -.3669719 -.3164791 -.330187 -.3130573 -.2931638 -.250539 -.2418466 -.2799036 -.3559994 -.402513 -.4117037 -.4648912 -.4616223 -.4999608 -.6022041 -.7677845 -.9471367 -.9788265 -1.032763 -1.083589 -1.215996 -1.403022 -1.593692 -1.781823 -1.988213 -2.219708 -2.385187 -2.545768 -2.71541 -2.972601 -3.204034 -3.737132 -4.31114 -4.904606 -5.390827 -5.326961 -4.87638 -4.204515 -3.455935 -2.77442 -2.278408 -1.943406 -1.470522 -.7112953 .1072752 .9156669 1.778553 2.516841 3.179201 3.837382 4.316403 4.394218 3.816068 2.668848 1.509227 .676823 .2291701 -.1872069
-.5150028 -.4599763 -.3550939 -.2962166 -.2923702 -.3058152 -.3018374 -.2679336 -.2103748 -.1848094 -.1904566 -.2300883 -.3642737 -.4053546 -.4276195 -.4167287 -.4433778 -.5249693 -.6020297 -.7626038 -.8720979 -.9074702 -.9370127 -.9961925 -1.165004 -1.362557 -1.549918 -1.747607 -1.936873 -2.109531 -2.291353 -2.484838 -2.675073 -2.853653 -3.116559 -3.546299 -4.131439 -4.84701 -5.213606 -5.020748 -4.613232 -4.032655 -3.412826 -2.926773 -2.621185 -2.584435 -2.435364 -2.004779 -1.219011 -.2348654 .7664158 1.723894 2.553687 3.313541 3.905323 4.185508 3.895847 3.108771 2.276847 1.603986 1.02591 .3908999
-.5265752 -.4140131 -.3518559 -.2755464 -.2464728 -.2596247 -.2925479 -.2584342 -.1684322 -.1047771 -.09609233 -.1296464 -.2866008 -.3753761 -.413999 -.4213995 -.4416776 -.467312 -.5683127 -.7192752 -.7787517 -.8009647 -.8592088 -.8774664 -1.004656 -1.289012 -1.458838 -1.646787 -1.783651 -1.98663 -2.156011 -2.340858 -2.520083 -2.70557 -2.943882 -3.300477 -3.886807 -4.568831 -4.678192 -4.457242 -4.05719 -3.62509 -3.169435 -2.755831 -2.579066 -2.706913 -2.869883 -2.702704 -2.116055 -1.134388 -.03468909 1.087489 2.024967 2.824082 3.616466 4.076464 4.110269 3.720572 3.107638 2.484076 1.873041 1.276325
-.5121 -.3975501 -.3081593 -.2236273 -.1598413 -.1721586 -.2369657 -.2098039 -.1211847 -.0883251 -.06945545 -.07039604 -.1403012 -.2863351 -.362327 -.3485812 -.3725512 -.4023824 -.5158145 -.6706416 -.7361845 -.7523342 -.730455 -.8233945 -.9787098 -1.202372 -1.340939 -1.491521 -1.641899 -1.830447 -1.996093 -2.210834 -2.322899 -2.518571 -2.740541 -3.05108 -3.543363 -3.954911 -3.972523 -3.704249 -3.324457 -2.868659 -2.468294 -2.057131 -1.914409 -2.017222 -2.306111 -2.295525 -1.768687 -.9283106 .1004522 1.119243 2.109027 3.054625 3.901349 4.524041 4.719286 4.36335 3.672369 2.943244 2.359999 1.846823
-.5017542 -.3791733 -.2641292 -.1667342 -.07018197 -.08790952 -.213648 -.1813732 -.06703737 -.0226993 -.03600207 -.05399215 -.1271085 -.2091064 -.2591235 -.2704733 -.3036891 -.3280277 -.4471334 -.602764 -.665345 -.6248745 -.5849822 -.7444604 -.9299875 -1.081364 -1.202686 -1.336076 -1.431158 -1.607739 -1.822494 -1.937997 -2.048491 -2.22178 -2.413329 -2.675241 -3.01425 -3.274342 -3.204081 -2.818239 -2.413863 -1.889259 -1.36111 -.9174443 -.6964747 -.7426781 -.8874759 -.8045124 -.2655889 .4701106 1.272133 2.190239 3.087222 3.988533 4.866162 5.483075 5.530294 4.949105 4.043624 3.070459 2.448665 1.996103
-.5407423 -.439732 -.3189422 -.1786373 -.180355 -.1900763 -.1997591 -.1464925 -.07735007 -.02279251 -.02030235 -.1046493 -.1665806 -.2245996 -.2390414 -.2707584 -.2473152 -.3041236 -.4095067 -.5253937 -.5605273 -.4992251 -.465346 -.5137091 -.781197 -.9078095 -.9952499 -1.055939 -1.177617 -1.353079 -1.530271 -1.590839 -1.702867 -1.870976 -1.98317 -2.180753 -2.440798 -2.605496 -2.477184 -2.122174 -1.608054 -.9813666 -.3464608 .094363 .4076491 .4781219 .5053099 .7112187 1.217156 1.879076 2.607399 3.362181 4.113135 4.946228 5.733346 6.279176 6.162066 5.352816 4.160795 3.022089 2.201424 1.788846
-.5239262 -.42707 -.3647349 -.2313106 -.2739721 -.2940032 -.2548125 -.09927843 -.02313649 .004967018 .01426322 -.08269516 -.1775635 -.2444711 -.2544132 -.251781 -.2136577 -.2696037 -.3503159 -.4267896 -.413676 -.3746891 -.3063647 -.357206 -.5108588 -.6865752 -.7349944 -.7529824 -.8554186 -1.063535 -1.154715 -1.08901 -1.294286 -1.460766 -1.518057 -1.675198 -1.914796 -2.038872 -1.908998 -1.649992 -1.152048 -.5296547 .06415259 .4449406 .7259933 .8591322 .8952798 1.094373 1.548756 2.151544 2.827666 3.576854 4.432899 5.279193 5.995823 6.412339 6.19511 5.338736 4.141166 2.906311 1.955352 1.377514
-.5127709 -.3906407 -.3576424 -.3104859 -.3038416 -.2858105 -.171132 .01471604 .08616374 .1004614 .0878896 -.007782717 -.1590437 -.2236793 -.2087371 -.1743188 -.1873529 -.2356555 -.3237811 -.3593682 -.3403332 -.250422 -.2011878 -.2596292 -.3583551 -.4865405 -.4852765 -.4705961 -.5222368 -.6654958 -.7178779 -.6443022 -.7632369 -.9123489 -.9057375 -1.110949 -1.366393 -1.485293 -1.501257 -1.290326 -.9433159 -.5191893 -.07413524 .1824375 .4472305 .6159236 .6887098 .8469778 1.234243 1.834675 2.569449 3.440366 4.394874 5.284184 5.802323 5.946976 5.602383 4.83933 3.848699 2.834558 1.966164 1.336738
-.5200507 -.3924035 -.3254535 -.3075066 -.2720417 -.1808897 -.07542607 .1019607 .2076678 .2443468 .1685389 .04188166 -.1591063 -.2452601 -.227852 -.1558491 -.158327 -.1811137 -.2399025 -.2936071 -.2232457 -.1163137 -.1127151 -.163131 -.3063599 -.3397231 -.3054788 -.2466985 -.2748431 -.2980728 -.2965762 -.2670316 -.2294576 -.3758732 -.3132029 -.438335 -.6666807 -.8694573 -.9195989 -.8289691 -.6695035 -.4343163 -.1691336 .1015804 .3277694 .5466411 .7263508 .9603854 1.419742 2.077586 2.869702 3.743296 4.602554 5.252995 5.526251 5.353386 4.769655 3.939123 3.044768 2.441486 2.035995 1.654187
-.4940746 -.4032689 -.3177237 -.2904324 -.2274125 -.1104946 .0299898 .1550995 .2833394 .2252414 .1557984 .08135998 -.1251436 -.2683091 -.2287792 -.1700888 -.1268563 -.1071648 -.1606378 -.2502181 -.1659423 -.0736016 -.01016362 .01132498 -.1588212 -.2262326 -.1100251 -.09115186 -.06034812 -.0241435 .07040045 .1976744 .1885499 .1387978 .2041044 .1469234 .009645098 -.1511528 -.2127247 -.2098032 -.0802101 .05013328 .2686926 .4718406 .6977339 .990263 1.224978 1.559033 2.062006 2.777066 3.616926 4.442039 5.049409 5.387671 5.441384 5.099536 4.289469 3.219073 2.116604 1.553981 1.439711 1.533085
-.4652451 -.3470442 -.29148 -.2434643 -.1619303 -.05682768 .08945383 .1930973 .2583941 .1857064 .04619084 -.009164653 -.0939361 -.2376397 -.2370003 -.1272715 -.09217493 -.07758112 -.07101495 -.1824275 -.1385542 -.04038232 .03690071 .02007273 -.00602623 -.07084825 .01426623 .1208597 .1733824 .2723141 .4220981 .5510892 .5052628 .5625071 .7118934 .726276 .6325935 .5591151 .4801931 .5817747 .7283438 .8659899 1.050724 1.194097 1.411643 1.569748 1.734478 2.084872 2.625126 3.386137 4.231475 4.99258 5.404206 5.556904 5.555904 5.208511 4.415807 3.238562 1.867966 .883258 .5748171 .647554
-.4614934 -.3499669 -.2761363 -.2457911 -.1206606 -.01854115 .1366529 .2182428 .1732527 .093741 -.04594338 -.2010874 -.2541502 -.2405463 -.161254 -.08570512 -.08236865 -.1084085 -.1725473 -.2065621 -.1308072 -.06124058 -.00558099 -.03855162 -.03973636 .02878507 .1473383 .2599577 .3330424 .5356664 .7097201 .8814043 .9717228 1.062291 1.265328 1.322388 1.212914 1.201344 1.215866 1.292632 1.42435 1.543276 1.622507 1.699287 1.797061 1.949152 2.168095 2.542479 3.073854 3.814572 4.654839 5.409136 5.676322 5.599569 5.491749 5.289647 4.741697 3.705276 2.311139 .9691709 .1279541 -.1095577
-.4397919 -.3451916 -.2406346 -.1816025 -.06191749 .07978376 .1786776 .15358 .1059985 -.01481822 -.1492853 -.3007153 -.3277962 -.2545597 -.1857975 -.1263545 -.1151822 -.1927709 -.241835 -.1642336 -.1067431 -.07615007 -.07892985 -.120243 -.07745338 .08703447 .2232496 .2869718 .4495148 .6828932 .9789655 1.173709 1.359073 1.565624 1.837816 1.982405 1.900257 1.883224 1.885167 1.935052 2.036802 2.030603 2.070424 2.048087 2.085329 2.290867 2.61426 3.013072 3.529982 4.301946 5.151691 5.790292 5.904652 5.549335 5.180314 5.000144 4.7965 4.140107 2.985222 1.644245 .480165 -.2112835
-.4085588 -.2706009 -.1835281 -.1100168 -.008885061 .1082677 .1981416 .1534195 .05768124 -.04430779 -.1721988 -.2514871 -.3196242 -.2582997 -.172789 -.1309502 -.1420933 -.2160193 -.2110722 -.125083 -.05658185 -.05119825 -.1196934 -.1658609 -.07535578 .07251064 .1776999 .2412701 .4321231 .712342 1.019899 1.194327 1.406702 1.739064 2.141273 2.349491 2.456804 2.424304 2.335432 2.429401 2.55767 2.5908 2.653314 2.628936 2.694806 2.940641 3.24616 3.585112 4.080737 4.773165 5.579482 6.065876 5.93865 5.342566 4.787233 4.52985 4.480296 4.174781 3.301608 2.216693 1.173455 .3588331
-.3207985 -.2134817 -.1335229 -.01632538 .0598695 .1331264 .1678846 .1370701 .02094168 -.06938788 -.1798213 -.2520381 -.2866467 -.2594971 -.2028822 -.1429955 -.1755954 -.2288928 -.2179459 -.09955063 -.07851595 -.1305628 -.1918816 -.1635641 -.07765245 .0659738 .09560955 .1841965 .402762 .689656 .9817043 1.190832 1.334793 1.636944 1.985641 2.220831 2.428574 2.599304 2.462497 2.526994 2.75603 2.988653 3.142481 3.25098 3.419916 3.723055 4.002308 4.233039 4.642857 5.196593 5.802241 6.126724 5.861748 5.039907 4.418445 4.149407 4.107067 3.903684 3.221509 2.229581 1.414127 .8659053
