py_wake/examples/data/AJ_ParqueFicticio/Rough survey   Sector 3   Height 200m   Power density.grd
DSAA
73  159
 258469   265669
 6501692   6517492
 72.52728   915.5396
[rows 84 to 111 of 159, columns 0 to 62 of 73]
172.483 171.5633 171.1984 171.657 172.5043 173.8853 175.6768 177.5715 179.1174 180.4925 181.564 182.7218 182.4377 182.3603 183.9335 185.2782 186.945 188.7402 191.2884 196.4944 201.7186 207.4946 214.8993 226.2771 243.4207 269.2206 298.3514 322.9466 334.433 329.548 314.8513 298.9318 284.6519 272.2287 254.6199 237.3128 226.3447 224.1403 231.6631 244.32 258.778 264.3627 267.5218 266.1435 260.3737 255.3623 252.64 250.0806 245.864 239.7372 232.823 228.136 224.4485 219.96 214.0905 206.3924 196.6335 183.4404 169.1048 153.9359 136.4754 117.9287 101.6221
169.8003 169.6172 169.3304 169.3244 170.3347 172.1294 174.0169 175.8982 177.2411 178.8582 180.5642 181.2899 181.7064 181.1428 183.3665 186.363 188.1952 189.0862 191.2869 195.2424 200.5167 207.6907 217.0241 230.8302 251.2449 279.6942 308.9548 328.8309 335.5833 325.2585 314.2054 300.9835 282.1694 266.4552 247.0845 232.3953 224.0778 227.1644 237.6728 251.0697 261.887 266.4271 266.9964 266.5791 264.8857 260.6795 258.0982 255.801 249.8523 243.3267 236.5945 229.7525 224.519 220.5045 215.3763 207.5228 196.7368 182.5157 167.6719 150.0058 130.2827 110.7493 95.99161
166.0376 166.2699 166.447 167.1103 168.3732 170.5271 172.6121 173.7736 175.9047 178.0081 179.4779 180.1093 181.1324 181.164 183.094 186.5397 188.1009 189.6639 192.3148 194.7751 200.1911 207.3623 218.2372 233.9566 256.7566 284.392 311.4167 330.5689 333.3541 324.0403 318.416 303.5397 285.2617 266.1753 246.9629 233.1343 224.1694 230.7817 246.5164 258.2396 263.4892 265.494 269.1985 269.2161 267.8972 263.2175 260.6432 257.7373 251.6031 245.517 239.8378 235.595 230.0578 226.0907 219.4933 210.8641 197.9903 181.5111 163.0047 143.3631 122.2477 102.9985 91.83521
162.5024 162.7811 163.2647 164.8179 166.2574 168.2989 170.624 172.3994 174.6701 177 178.1633 178.9846 180.1342 181.7218 183.2628 185.3834 187.424 190.1002 192.7753 195.4395 200.8208 208.9001 220.3378 237.1021 260.2819 287.8602 315.1407 334.6059 337.2442 338.3205 334.0144 318.5884 297.8087 275.0377 253.599 236.7759 230.4837 241.7435 252.9851 261.6609 267.2486 271.5037 274.2595 274.5447 271.3633 266.2382 260.5957 255.8721 249.8931 243.3665 239.4865 239.8522 237.7361 231.3153 224.9772 214.6192 198.4777 177.7117 155.8158 135.5177 114.822 98.24024 91.47594
160.1644 159.8842 160.6061 162.4295 164.3361 165.9314 167.8496 169.6301 172.22 174.8113 176.6979 177.7596 179.381 181.7252 183.088 184.147 186.2294 189.7676 192.6959 197.0027 203.2328 212.1278 226.084 245.1918 268.5188 296.257 325.3536 347.9678 352.7147 364.0666 355.6093 334.6657 309.2476 284.4055 261.8034 243.8277 239.5079 249.7618 259.6924 267.8188 274.6219 279.7784 280.9226 277.666 270.7273 263.7773 258.7899 251.79 243.5194 237.1433 236.0622 239.8611 241.1629 236.0829 227.2444 213.1514 194.2745 172.341 150.0762 129.1276 110.4477 98.13235 95.68206
157.9455 157.4836 158.3827 160.2961 162.5892 163.7891 166.217 167.3439 169.7621 172.6261 175.3957 176.9841 178.5199 181.606 183.6927 183.703 185.5009 189.0383 193.6949 199.0861 207.4306 219.0244 236.8036 260.3461 286.9343 314.1053 345.8768 372.2698 393.0473 391.7651 372.5627 343.6232 314.7276 287.1913 263.86 248.7701 248.3092 260.4959 269.0341 277.2273 283.232 284.5262 281.2903 273.4999 265.9069 259.3036 254.012 246.0131 235.7272 230.4277 231.4783 237.3509 239.0395 235.1228 224.9873 209.8971 188.5085 164.8973 143.7561 126.6041 110.5685 101.1437 100.7018
155.682 155.7622 157.079 157.7719 159.9327 162.6798 164.8708 166.5485 168.3354 170.6701 173.665 175.6969 178.362 180.9671 183.5395 184.5767 186.5149 190.3729 196.744 203.6827 214.8679 230.6675 253.5346 283.6595 313.4446 358.9218 398.2211 427.4874 433.0304 414.511 381.1611 346.8816 315.1196 287.4331 264.5652 258.2131 261.8817 269.9269 279.329 287.4736 291.8398 289.7955 280.3402 271.2595 265.8864 264.0929 256.751 248.1384 235.1922 228.8173 232.4527 238.0353 238.4757 235.055 223.5598 204.9803 181.1578 159.43 142.0092 128.7492 115.6269 107.7975 106.2177
154.4716 154.3892 155.3322 155.923 157.6024 160.7628 163.477 166.3592 168.6433 170.4179 172.687 175.0235 178.0245 181.0886 184.0398 185.7975 188.4039 194.4667 203.8707 213.9292 227.524 248.368 276.4776 311.8079 366.3323 409.5902 447.7293 469.2828 458.8776 425.0267 383.3457 346.3483 314.4478 286.5947 267.4778 271.9312 274.6433 281.3063 291.41 298.9597 299.7559 292.8242 284.1034 277.1575 275.6929 271.5172 261.8777 247.5162 235.7871 231.6542 236.7013 240.4525 237.6369 232.316 219.5813 197.6948 178.3554 162.9251 151.3109 138.8247 125.3871 116.1278 113.2994
152.1227 152.3542 152.9727 153.9977 155.7157 159.4553 163.4068 166.1757 169.1123 171.3075 173.3477 175.3781 178.3269 181.7641 185.4619 188.2339 192.8554 202.8271 216.9503 230.873 246.466 271.1129 311.8481 364.8977 417.438 456.093 484.9555 495.5621 471.8048 429.0726 383.6789 344.0025 308.5717 281.0611 270.9676 280.3456 287.4856 294.4976 303.6828 311.2937 308.1111 301.3155 294.9514 290.6732 285.9724 274.9373 260.0015 246.0461 238.3585 238.5026 243.2623 243.9031 236.6626 226.6222 213.6062 197.5682 185.4195 175.2927 165.6089 150.7449 134.3629 122.5241 118.6602
149.8433 150.2477 151.23 152.3085 154.8921 159.0119 163.1478 166.6505 169.7787 172.6749 174.7163 176.2802 179.6277 183.7437 188.2279 193.4753 201.2206 216.4489 236.3527 254.8112 276.0328 319.6461 367.653 419.4713 466.3867 494.0157 512.761 509.8048 473.3457 423.3477 376.3477 333.2016 299.3656 275.7144 277.8685 291.5316 299.4088 305.1458 317.3211 325.5631 322.6794 316.2003 307.3967 299.7501 287.7357 270.6125 254.9124 244.8665 243.5189 246.3166 248.1796 245.6221 235.4349 222.6203 210.0954 200.0743 192.5506 184.9267 174.1898 157.7713 140.0052 126.7025 122.7478
147.2601 148.6121 149.5833 151.5665 154.2968 158.6368 163.1455 167.3269 170.8468 174.0988 176.3353 178.5011 182.1756 187.6906 193.7342 201.3117 214.2912 235.3848 261.3065 284.5407 325.8692 370.6714 419.8944 469.8332 508.4857 525.8687 530.034 511.985 461.2016 406.8101 359.4282 320.4576 291.8149 277.069 286.9726 303.5249 311.7619 319.3116 332.9152 343.3453 341.1985 329.4112 315.8074 298.56 279.7217 260.2231 248.8053 245.4189 247.427 248.9428 248.3699 242.3264 232.7184 221.9949 211.5701 203.4345 197.2439 188.2217 176.5566 161.1214 143.2521 129.169 124.3956
144.8084 146.7907 148.7368 151.4023 154.7658 159.0162 163.8142 169.0124 172.9377 176.0017 179.0628 182.2979 187.1015 193.845 202.6803 213.9572 231.9162 258.2409 289.5815 316.5338 371.6552 416.4677 463.5533 512.8433 543.237 545.8644 530.3965 489.7293 433.9576 379.7775 339.7427 310.3583 290.5459 285.6042 301.4924 318.0251 327.0299 334.1025 347.1265 357.5296 350.7751 330.4778 309.5957 287.3505 268.828 253.4011 246.9545 245.8929 245.752 245.4939 242.6966 236.9993 227.1284 218.6731 211.2858 206.9956 200.1156 189.8737 177.9666 163.2233 146.192 131.2605 124.3688
142.6682 145.6293 148.917 152.5204 156.3353 160.6844 165.6603 170.8181 175.3909 178.6316 182.32 187.1295 194.3786 204.4016 216.7439 231.9095 252.9537 282.5336 318.6309 362.5043 418.3119 458.4319 500.2948 542.2071 559.0823 541.8887 498.5459 444.4679 391.0637 351.0894 326.2794 311.5003 302.8288 301.3051 317.8506 333.8583 342.6536 348.1232 356.1449 363.1808 344.8387 319.1421 293.5128 272.1779 257.968 249.0276 243.5657 239.8019 237.1742 234.4283 231.4162 225.9729 216.2556 208.2773 208.8983 208.1416 201.7292 192.1567 181.3569 165.8448 148.4513 132.7013 123.3248
141.3116 145.7364 150.1891 154.3123 158.5851 164.0599 168.5549 173.5038 178.7555 183.2045 188.2849 194.9602 204.7078 219.2001 237.2903 255.9249 277.4355 309.0037 360.4632 418.6926 463.3124 492.1721 524.248 553.6113 548.5695 503.5464 443.8668 391.1093 357.9349 342.4466 336.7458 331.5564 322.7546 318.8336 332.5344 349.451 355.1875 354.7164 352.0381 347.3522 326.1218 299.0627 274.8528 257.4527 244.8907 236.5295 227.7409 222.07 216.2263 214.1001 212.9823 206.2607 201.3788 203.5913 209.5149 209.4275 203.4452 193.9258 182.5754 167.36 149.4929 132.8613 120.6923
141.6631 147.0365 152.3383 156.903 161.1039 167.6065 173.4194 177.4745 183.2851 189.9508 197.1588 206.5151 219.9922 239.6928 262.9652 284.8872 309.9283 364.7138 421.3888 471.1013 503.8791 518.7056 536.6702 543.9177 511.1058 451.3649 396.7066 367.734 365.4688 368.9021 366.6142 355.2178 340.6785 331.9774 340.8432 357.0094 357.8064 345.3133 333.4447 322.0433 301.7569 276.865 255.3811 240.8033 230.9196 218.5168 205.7262 194.7296 189.2655 189.1481 188.5634 189.9252 196.9205 211.1475 219.2323 221.0117 212.507 200.5507 185.2857 168.1245 149.9469 131.6412 118.0836
143.4873 149.3448 155.7868 161.0401 165.4206 171.8627 179.5342 184.3509 190.9112 200.0947 209.9614 222.773 240.8091 265.5233 293.4421 317.8484 365.1293 421.5936 476.9109 518.2941 534.2394 536.58 533.6064 512.8526 461.5453 408.8125 382.2926 387.3016 400.7402 406.0801 392.2108 370.0411 346.7201 335.6468 341.6073 350.101 340.4946 321.9691 308.5263 295.4014 274.6101 251.6637 235.0158 220.5945 213.0004 200.0874 189.0391 181.4226 181.0967 183.2516 187.3048 196.4321 214.6355 231.5 238.098 236.4458 226.3032 212.3255 193.5214 174.436 154.7776 134.7782 118.6392
147.5606 154.3412 161.2231 167.3276 172.3569 178.3021 187.0266 194.9627 202.5089 214.2536 228.4666 245.1888 267.4188 296.5259 327.7732 368.5996 421.0053 473.5693 519.968 550.8007 553.0938 538.4233 512.2529 467.5231 421.608 398.6084 407.76 429.0109 442.307 431.2428 403.358 371.2387 344.1759 333.0401 335.0468 332.5209 317.8178 298.5813 280.8329 266.9843 245.8269 226.2817 214.7896 208.7622 202.8371 189.6026 180.9482 178.0921 183.3147 191.7177 201.025 225.7653 247.0216 259.933 261.7064 255.0918 241.0921 222.5723 202.4585 182.1508 158.6606 133.5952 115.7273
152.7488 160.8661 167.9171 175.96 182.2616 187.9721 197.1694 208.5302 218.1623 232.9957 252.3243 273.0954 300.2724 335.0181 387.0535 433.5734 477.5963 517.079 551.9148 567.8862 554.4972 520.4092 475.1834 434.0604 414.403 423.0492 449.2407 467.7194 463.2708 434.3032 396.8941 361.2002 335.8486 326.9373 324.6882 313.6353 296.9507 276.4099 256.9311 236.6232 218.5095 210.8958 207.8967 211.9433 207.3808 195.6537 178.5321 182.4838 193.6679 207.4474 232.3093 259.976 280.6404 288.6641 285.1708 272.7701 254.4256 233.3458 210.6972 184.0595 153.1818 125.9568 112.6511
159.1323 167.3762 176.2836 186.4238 195.4407 201.3084 209.7396 224.4469 238.664 256.8289 281.1337 306.5042 349.2013 407.0674 455.7759 495.5191 526.9871 553.5314 571.8668 569.0871 539.0093 494.1378 452.4752 430.1444 437.343 460.6755 481.5175 482.0154 457.9617 419.9048 381.6217 349.0912 326.8833 316.672 307.0074 291.2728 274.4908 253.9883 232.8555 215.1274 209.4049 213.7131 222.4243 228.1886 221.3983 206.1226 195.7136 198.6126 211.9672 234.4521 263.3459 291.9336 310.5165 313.9239 302.9306 283.3302 260.1774 236.3187 209.1373 178.3686 145.5002 121.7346 116.0556
166.3988 175.099 185.9559 199.0519 210.5692 216.4477 224.3721 241.4518 261.5031 283.5833 312.9146 357.4995 416.7461 476.0634 519.5566 549.9199 566.805 577.7266 579.8513 561.5989 523.492 482.2235 453.485 448.4604 464.9857 482.7119 485.2668 465.96 432.9028 397.8672 367.0469 338.736 317.4335 300.7065 286.1714 268.9022 250.2146 231.2009 214.2305 208.5292 218.8084 234.0176 245.7888 246.0707 232.8479 219.2698 215.7889 226.9371 243.4815 264.6437 291.5466 319.7746 334.7646 330.0218 309.2661 284.4547 258.6549 232.0201 203.6934 171.903 142.2637 122.5908 123.3047
172.7121 183.3611 197.0832 212.8429 225.5999 231.7608 240.901 260.1962 283.911 310.9264 357.3056 419.6903 484.12 541.6798 577.3851 593.9383 597.3939 594.0364 584.3184 558.6196 521.5313 486.6306 464.263 463.0949 474.7243 474.2288 459.9265 434.8355 408.4581 384.9352 361.0728 332.8796 306.6468 285.4307 268.5504 250.5783 229.9569 213.1533 206.6903 214.4935 233.9612 253.8888 261.2193 255.7256 241.6273 235.1942 240.1503 254.6116 273.7315 295.6913 320.5832 344.1127 351.7519 338.9218 312.7046 286.7019 260.2698 231.0224 200.5878 170.6921 143.4451 125.1579 126.2654
180.9169 192.506 207.6177 224.7814 239.0121 246.8671 259.0946 281.2514 307.5284 353.0734 412.4585 481.3362 550.9309 601.5557 626.0161 626.0071 616.2342 601.9838 586.4432 559.0762 522.2343 489.389 467.0883 459.2107 456.3753 443.9594 426.0627 409.9909 396.7307 381.5853 357.9437 326.1894 295.0745 271.2283 252.4058 230.9883 211.9533 199.6793 204.8253 222.8309 247.1495 266.6819 270.9755 265.9375 260.0413 262.9215 270.0091 281.9327 301.8659 326.7987 351.4204 368.482 368.0096 348.5995 320.0034 292.0259 261.6641 228.354 197.1109 169.367 143.5975 125.8289 125.2526
192.9733 203.0772 217.7676 234.4163 251.0946 264.7949 281.1789 305.1824 352.7662 407.0045 471.776 545.6063 611.4623 651.8812 661.6636 644.3207 621.3162 601.5801 581.68 554.3187 521.663 484.8014 457.2011 440.2737 426.9616 412.2611 402.7368 395.3575 390.7439 377.4414 349.202 312.8707 279.8761 254.5723 232.0166 210.736 193.7094 190.7434 207.0052 232.601 259.8165 278.6794 288.9763 291.0594 291.5663 297.342 302.5459 306.6625 324.6501 354.8333 382.3575 396.3098 388.0009 360.3351 327.5433 292.9045 255.5009 220.1259 190.3452 165.148 141.5741 124.822 122.9048
208.2179 217.5572 230.5314 247.2043 265.6411 286.0225 308.5281 347.2077 400.7091 458.572 529.7782 605.4369 664.5898 689.3392 680.9153 646.3139 611.8676 588.6826 567.2077 542.5696 509.3115 470.9726 436.4364 416.684 407.0337 395.7914 387.0689 387.2657 384.5702 365.6175 332.166 293.5459 260.3193 233.7101 211.9648 193.429 182.1333 188.2894 213.1023 246.6089 279.132 306.4322 325.1671 330.9365 331.8043 333.8993 331.6907 329.6564 341.8156 372.8277 404.9264 422.4195 405.9981 367.1981 323.3804 280.7904 240.7482 206.8819 180.6237 159.4544 138.8745 123.6132 120.627
226.8845 235.3306 247.9106 265.3029 284.8653 309.1792 344.4192 393.7473 445.9737 506.6274 579.7405 652.6268 700.6963 706.9202 676.837 632.7576 593.606 571.6044 550.4341 525.9752 497.8435 459.3101 422.631 403.1929 397.8276 391.3697 384.1039 380.388 372.7286 346.8759 306.6562 268.5443 235.7986 212.7726 193.3563 181.1782 178.6089 193.2264 226.2936 267.9003 310.2684 349.3525 373.5823 379.0525 372.3314 365.9418 354.6302 344.4008 353.5308 382.8377 416.6055 430.8706 404.1352 353.6086 300.4957 256.4889 220.4571 193.295 172.7449 155.0401 136.151 121.4361 119.2251
244.97 253.1098 265.3442 292.5602 319.6581 350.3608 387.3808 432.3501 481.6627 542.8255 615.0688 680.8065 713.1674 698.9478 654.7303 608.9426 572.1094 552.5018 536.1502 515.3869 486.3469 449.3086 410.6966 396.2361 393.5585 393.3113 392.5675 385.3326 356.5357 316.1308 270.8943 232.8444 204.534 185.7821 175.6774 173.4484 182.3714 208.2866 250.9381 301.9707 355.8228 400.6652 426.2211 425.0411 407.5205 387.6666 367.0154 353.0167 359.0154 386.6517 416.8001 419.9038 382.0213 322.89 267.0288 226.8481 199.8069 180.3596 165.7065 151.3355 133.5733 120.1578 119.2847
261.6999 270.2451 287.6888 315.7675 345.9056 378.7898 417.8262 460.3157 513.1139 572.3081 639.9974 694.2598 704.0779 677.4499 631.7313 586.8044 551.6188 533.6603 524.4749 508.9233 478.1842 441.3024 405.2565 392.8732 397.4818 404.9114 407.4359 385.231 334.6602 279.8789 233.2773 199.9165 178.3743 167.7877 165.5657 175.6877 195.635 232.0724 284.0983 344.8529 405.7228 455.1592 475.409 460.8302 427.6856 394.0515 365.6843 349.1411 354.4938 378.9302 402.282 392.1573 344.4049 285.3553 235.1167 201.7576 181.3412 168.7639 158.2753 146.1767 130.4988 120.2541 122.4285
273.2222 282.7946 300.6359 327.1405 359.2808 397.205 437.8014 485.8123 542.472 600.8261 659.2742 699.5656 695.0691 660.8979 615.7543 567.8745 533.6461 522.8137 520.6876 507.2791 474.7947 438.03 404.5286 396.0443 409.8107 423.3215 418.486 376.9834 303.8011 251.1483 210.0975 182.1943 170.1043 166.8229 170.5023 186.3024 217.2516 264.6536 326.0356 394.3666 457.3376 502.9923 510.4551 479.4171 432.6292 390.3181 358.5896 341.6157 345.4286 362.0624 373.4652 350.7759 300.5338 246.7725 207.1607 183.2084 168.1783 160.1509 153.4834 142.8842 129.9341 123.6034 128.2264
