py_wake/examples/data/AJ_ParqueFicticio/Rough survey   Sector All   Height 200m   Power density.grd
DSAA
73  159
 258469   265669
 6501692   6517492
 238.8899   1354.657
[rows 56 to 83 of 159, columns 0 to 62 of 73]
547.3112 551.1196 555.3832 558.7289 560.8986 559.5137 557.0857 555.2084 552.9028 550.5443 547.6796 544.7466 542.5694 537.8524 530.0106 527.608 527.0992 526.9541 526.5109 527.1589 523.1301 517.4909 517.1663 520.0716 520.9064 522.0706 522.2242 522.9077 534.5621 556.1061 576.4965 575.7613 558.8223 556.4247 564.7057 576.1279 579.9836 562.8297 533.2634 524.3471 537.0507 546.443 548.3989 550.0232 557.8427 577.5943 597.61 610.6432 639.842 685.9239 742.8058 782.2031 764.2126 705.8567 668.7651 705.2502 772.7983 792.754 735.9251 654.67 598.5796 602.7067 661.3943
544.4968 549.6469 553.5577 556.5861 559.9953 558.8181 555.9222 553.7189 550.6916 548.0876 545.1474 542.3521 539.2218 537.7576 532.3405 528.5184 527.3368 526.9675 527.0723 527.7873 526.5006 522.4661 520.3132 521.1038 521.674 522.1804 523.0599 523.9462 535.7148 561.7521 588.2962 587.8938 572.7237 567.8549 578.2902 587.9498 592.6816 579.7773 553.7679 538.5331 542.8369 550.6234 553.4816 554.9982 567.7945 587.6229 595.6545 594.718 614.7762 655.6291 708.5251 742.6541 729.2009 680.8638 650.601 689.9803 758.157 782.8209 730.9377 648.9138 587.3276 578.8402 630.9029
542.0336 546.8645 550.9961 553.5792 555.6921 555.5642 551.9139 549.9852 547.0231 544.4879 541.2585 538.5021 536.2473 535.674 533.0082 530.3123 528.065 526.5611 526.4312 527.6528 527.4919 526.7065 524.518 521.9835 522.7834 523.5137 525.4759 528.9439 538.8718 561.6221 588.8631 591.0729 578.6733 572.7753 578.266 591.3275 599.9438 587.3203 563.5259 545.9189 545.8162 546.8515 547.0039 557.345 573.1993 589.9929 592.0839 586.9916 598.9371 629.4691 671.3397 698.9639 693.4168 654.4718 631.5101 670.8683 734.9563 767.5953 730.0626 652.8932 584.299 560.5143 602.8655
544.2874 548.875 555.4893 556.4335 551.7514 550.0128 547.6302 545.4379 543.0465 540.5605 538.1979 535.7463 533.2767 532.4792 531.501 529.9308 528.5024 527.1653 526.6602 527.4424 527.638 527.8597 527.4037 525.5202 524.6982 526.926 531.1093 537.0151 545.2489 564.4138 583.8795 585.9069 575.9614 568.1239 576.3793 590.1234 598.4639 593.0103 570.5679 549.6799 542.4323 538.358 538.5816 553.925 576.2187 591.767 592.228 585.4573 588.537 608.3292 633.8788 655.1559 658.249 630.0167 611.2607 644.495 704.0792 742.295 719.9044 655.0336 587.7361 551.2546 577.8663
549.7914 554.6366 561.2317 562.4257 553.1429 544.8654 541.1381 541.0292 539.7023 537.9039 535.7697 533.0544 530.4156 528.9349 528.4292 527.6956 526.9794 526.4138 527.447 528.8452 529.1426 526.4243 526.8655 526.161 525.9922 529.7413 537.906 550.1481 563.2789 577.0544 589.5897 589.162 579.9484 572.785 576.8201 588.6302 594.8297 591.3737 571.4113 549.7721 535.7961 529.922 534.05 553.6726 577.764 593.1221 596.0411 593.2328 590.7047 591.3973 600.4232 612.9363 623.5339 609.4724 592.389 617.0389 674.4399 716.1715 700.4794 647.319 588.821 549.9406 557.7742
556.4716 562.0325 564.7386 563.8661 556.1376 545.9143 538.381 537.0344 537.9182 537.1699 535.4095 533.0803 530.195 527.5316 526.0402 525.4877 525.0605 525.3848 528.0017 530.1268 532.6434 529.5375 527.1763 525.8285 525.5421 531.8337 543.2404 561.5281 580.2759 598.6435 608.8 601.6056 591.7733 587.7627 587.1216 593.1014 595.7252 587.3281 567.4412 548.235 532.4402 521.8627 526.0645 545.6608 571.3447 588.0637 594.1576 600.1541 602.3295 590.2631 577.9386 580.8437 595.2856 596.101 578.3572 593.1301 644.5652 686.988 678.5122 635.5244 587.6711 551.7354 541.5571
560.1837 566.3261 566.1141 564.1232 556.6879 548.7561 540.6074 537.0171 537.2502 537.43 536.2399 533.4954 530.7054 527.2181 525.2188 523.4335 522.2805 523.0483 525.6093 529.2358 532.2216 531.5119 528.0762 526.6454 527.228 532.7312 545.6165 566.8364 592.6286 613.2635 624.121 617.815 606.9036 604.9503 602.0138 601.7112 598.2303 582.3417 561.2214 544.2025 527.7232 515.1213 517.6386 534.48 560.7291 580.2462 590.3381 600.3411 609.984 600.251 573.3248 558.4691 568.8295 574.9499 569.0164 571.8673 610.1409 648.8001 651.6052 620.3434 581.1739 553.0913 537.7409
560.436 565.5965 566.4904 564.163 558.0093 551.6343 545.017 540.9477 538.4862 537.8031 537.6674 534.0927 530.826 527.9399 525.1812 522.8975 520.6384 519.7262 522.3312 526.1359 529.6522 529.6168 527.9183 526.6919 528.4512 535.7173 547.1825 568.2739 595.1968 620.7221 635.5759 631.6324 622.9991 620.3323 621.1425 615.8561 605.5612 586.1484 563.2829 543.5311 524.2798 510.6443 508.1777 522.1746 546.8154 570.0173 580.5443 592.0934 606.1367 605.4078 581.5565 555.7452 548.7937 551.4165 552.3373 551.494 575.0154 609.1508 618.7881 599.1216 569.0228 548.4982 537.6936
558.2984 563.3297 563.7589 562.9854 559.4488 554.9203 550.1608 546.1491 541.009 538.0591 536.8067 534.4589 531.6198 529.0528 525.8546 522.9641 520.8657 520.4329 522.1581 524.5447 526.6737 529.8283 529.1628 526.5644 528.5533 535.3988 548.5614 569.5328 596.422 623.8773 636.5377 635.61 631.2488 631.7996 635.7501 629.4774 615.4417 593.1265 569.804 547.1308 525.2114 507.066 500.6817 511.6241 534.2842 555.3431 566.647 581.2728 594.0708 600.4482 592.5023 568.3494 541.3102 525.2451 524.7321 531.6121 545.4288 574.2706 588.3571 576.1418 557.4099 539.0369 528.9034
554.2441 559.0042 559.8121 560.2294 559.405 557.5219 554.4925 551.634 545.0229 538.3937 536.1101 533.9772 531.9735 529.8203 526.7784 523.5229 521.089 521.7986 523.1036 525.256 529.1026 533.1711 533.3179 530.9267 531.2511 535.5677 547.1546 567.0926 592.001 614.776 629.3699 629.7431 632.1409 640.4312 643.9758 637.6418 623.1569 597.7651 572.7195 551.0732 528.7672 509.2185 499.5222 505.2185 522.0488 537.1228 548.5207 567.0433 580.1427 589.0226 598.7422 587.0809 552.5012 515.5006 499.5056 506.1856 523.6451 546.9579 563.0998 560.3213 549.1085 530.5638 514.1423
550.5198 553.8278 555.8595 557.5386 558.087 558.3065 557.4171 554.7234 547.6516 539.2327 535.6677 533.942 531.5579 529.137 527.4584 525.1366 522.2806 522.4719 523.9367 525.9172 531.1841 537.7226 538.1826 537.3182 538.2275 541.3354 552.2172 570.26 588.6711 606.3813 618.35 623.0157 629.5688 645.4836 648.7025 642.9853 629.6024 602.8892 575.424 552.5634 530.6328 515.4043 502.5575 501.8121 510.2313 515.7642 530.3621 554.377 566.4055 570.7914 592.6562 601.0533 568.5317 519.6354 483.5033 478.7698 499.1851 527.929 553.4388 566.4725 558.5587 537.4063 511.317
548.3384 550.1043 552.3345 555.248 556.8823 558.2648 556.9921 555.3387 549.422 541.8453 537.1308 534.3748 531.8969 529.16 526.9998 525.6354 524.183 522.8709 523.0511 526.3337 531.4518 538.0505 541.2988 543.2071 546.0571 552.4985 561.1182 577.2634 593.8627 607.3389 614.5432 619.2074 625.9059 642.6401 648.9844 645.3218 636.3899 616.262 587.3241 560.3902 536.6825 521.4039 509.6783 501.606 497.2725 497.4739 513.48 539.3236 553.9792 554.8419 579.7163 599.1022 576.5906 528.7866 481.6441 457.4122 474.2865 508.4302 546.131 572.4396 575.6075 558.3184 526.9928
545.4583 547.1503 549.1877 552.2499 555.837 557.7798 557.2443 555.199 551.0582 544.5049 538.7783 535.1185 531.907 530.2864 528.6572 528.04 525.8484 523.7788 522.5887 524.8735 528.1372 532.9642 539.8622 546.0155 554.0988 565.0494 576.5416 586.3868 599.2845 611.6234 615.9841 617.2097 622.3094 634.8519 645.027 644.1766 638.9437 624.1346 598.2368 575.0062 554.7008 538.4399 523.8351 508.1702 490.0601 484.7813 498.2996 520.2595 532.9005 535.6329 560.6425 579.5226 564.8757 525.7037 480.4601 448.2631 451.5195 486.5529 527.2489 563.1956 579.309 573.8974 544.9222
542.1609 541.7395 543.1674 547.7182 553.0257 557.7361 556.9501 555.402 552.4547 547.4489 541.3422 535.0234 530.4196 529.8078 531.98 531.9547 528.3163 524.123 523.0626 522.4995 523.8931 528.1731 537.5925 548.3367 562.2836 575.2737 587.637 599.7715 612.681 623.71 625.1055 618.6934 616.6912 626.2255 638.416 639.6705 637.0751 624.5349 605.6962 589.8767 574.1832 559.2791 541.0547 519.4982 496.1927 482.037 486.9508 502.2509 512.6566 519.3822 537.2755 550.2485 540.3318 508.8899 470.5072 438.755 433.4966 465.3917 507.7244 543.0821 566.1811 570.4146 554.8387
539.3873 537.1378 535.9243 541.7454 549.6137 555.5135 556.1407 555.8505 554.0405 549.736 543.6462 536.849 530.0548 529.0869 532.6317 535.3809 530.9143 525.7646 523.2697 522.3972 523.1774 526.4557 539.0083 553.8933 568.7369 583.5964 596.7833 609.7415 626.4254 640.2062 640.9269 629.4614 617.3925 619.647 629.2051 634.0613 632.0091 621.9101 609.7745 602.8351 592.1899 574.7429 554.8979 529.2285 506.5746 487.4934 482.836 488.9301 497.5431 505.8541 517.404 521.3008 516.2482 491.3375 454.7357 426.8419 423.3807 451.2934 491.2582 524.8206 551.3229 559.7796 552.3812
540.8412 535.8501 531.3875 534.4573 542.877 550.743 552.4788 553.9111 554.3618 551.8707 546.1788 538.9266 532.2501 529.7289 532.0161 534.764 532.6979 528.2482 523.5923 521.293 521.2482 527.0544 541.5601 559.2089 575.3013 589.5754 603.3507 618.0823 637.8799 654.9106 658.9481 643.8483 627.3693 623.083 625.8965 626.7261 625.1542 618.307 612.7275 607.4108 600.6298 582.7018 559.3612 536.9315 517.022 498.3898 486.6299 485.0054 490.9953 501.5754 506.6577 505.8481 502.1236 481.5988 443.5715 412.4323 410.6922 438.4622 473.9305 506.3898 533.2791 546.6475 543.3306
543.4432 537.4449 532.5649 531.547 537.1316 542.6151 546.7677 550.6447 554.1437 553.9578 548.6973 542.5037 536.0402 531.7936 530.1755 531.5349 530.2942 527.4351 523.7082 520.0764 518.7475 525.4572 539.0211 557.5656 575.9859 590.6018 607.0488 625.3535 647.6369 668.0297 676.7539 660.7197 641.4977 631.9965 626.2565 623.4933 615.5889 609.7308 607.2461 605.8869 602.3197 586.3402 564.1505 544.0767 524.5013 504.1343 489.5851 483.6682 489.984 499.4684 505.8899 507.2144 507.5248 492.0549 452.94 410.0225 398.497 419.9113 452.0175 486.2448 514.0338 529.1455 531.9482
545.0781 540.0859 536.837 535.6486 535.0833 536.0533 539.8214 547.34 553.9949 554.3591 550.8082 546.3488 541.2509 535.7678 528.9366 526.6711 526.5632 524.2903 520.9865 517.1349 516.3615 523.1901 536.0878 553.7344 571.2197 586.7123 604.4805 629.365 659.6833 686.0567 692.7927 679.0918 658.8979 642.7573 632.0433 619.5086 609.0284 602.4684 600.9274 600.8724 597.8917 586.9422 568.9457 549.9606 529.0036 507.8988 486.8431 477.5866 481.6378 491.4716 498.9152 506.6044 514.2126 508.5985 466.7413 418.7799 393.2038 403.1706 428.0084 460.0102 488.0415 503.1179 507.9714
546.7497 543.1685 540.437 540.1832 539.1373 532.4768 532.2195 542.5789 552.0777 553.2221 550.905 547.8267 545.1044 541.3257 530.741 522.3772 521.2272 520.7955 519.6326 516.5852 515.7945 522.9372 535.5325 551.7292 567.0775 581.869 600.0025 627.6923 665.8294 698.7476 707.5079 694.2924 674.3871 653.2267 635.1956 618.9636 606.3286 596.2775 591.8098 590.8813 587.2023 576.5095 564.8834 551.6744 531.1179 511.7953 486.2274 470.396 470.052 479.0602 484.9106 494.4745 506.3029 506.0944 474.8341 429.6616 397.6481 391.9942 407.9625 432.4291 455.7202 468.7201 471.8095
546.2324 543.694 541.9181 542.2469 541.3761 534.555 530.577 539.3156 548.1391 549.5366 548.1685 547.119 545.2748 543.5659 534.0807 521.8032 518.6529 518.6978 519.309 520.0947 519.8576 525.3558 536.7822 550.6222 564.5509 577.5812 594.7022 624.2198 664.7502 702.8154 716.5102 703.0455 679.142 655.3212 634.8226 617.7362 605.5295 592.5668 582.3676 577.7852 569.183 558.9139 549.8704 541.4642 521.9047 505.8492 487.6616 469.1841 464.4953 469.1533 473.5291 482.0139 492.4181 491.5945 470.9423 437.7769 406.1015 389.6222 391.5432 406.4053 422.0163 429.591 431.407
542.8403 541.0184 540.14 539.9257 540.2914 537.2977 533.6432 538.0772 544.2649 545.9916 545.7781 544.6043 542.6293 541.6733 536.0085 525.329 518.9758 518.2588 518.9366 521.2786 526.0004 531.67 538.7088 550.0908 561.5135 574.5003 591.6475 622.1417 664.6379 704.8815 720.7394 705.8103 677.1893 650.3668 626.9659 610.0583 600.7354 588.0233 571.3977 566.2847 559.3057 544.6665 536.6799 529.5232 516.0309 505.0502 491.4532 475.2049 467.8116 463.1172 464.2279 470.0477 477.8063 477.9011 465.0349 444.5522 418.8643 395.5491 383.1704 387.3665 393.5193 395.8736 395.4391
540.056 538.5257 536.9644 535.4331 536.9767 538.1335 536.8788 537.8311 540.7165 542.5762 543.3431 543.3546 541.2253 539.6006 536.2878 529.2347 521.878 517.4127 517.5667 521.3618 528.8219 538.1619 547.5453 555.7392 563.0013 575.9933 595.8162 629.413 674.2181 713.2744 726.8377 709.5858 676.9976 648.8666 621.7731 601.1723 591.728 579.6848 560.0519 552.8488 545.9412 534.9833 527.3219 524.4926 519.4016 512.7505 505.1453 490.4452 477.7548 465.3281 460.5012 465.0761 476.0797 481.1879 473.5953 461.0374 439.8236 413.2704 394.9914 383.8968 377.1186 372.5981 368.3245
539.1942 536.382 533.238 531.9268 533.4604 536.8019 538.2108 538.8551 538.2048 539.673 540.5801 540.754 540.855 538.8743 536.3613 532.1807 525.0874 518.5652 516.0159 519.6411 526.7645 538.8539 552.7894 560.6132 567.0347 580.5599 606.3818 645.9614 693.7341 729.4171 739.1926 711.0734 674.6209 645.4354 619.7187 602.7685 591.2269 577.3905 559.1248 546.3857 532.1544 525.3646 524.855 528.2855 525.191 521.7711 513.7128 504.4566 492.5041 472.6924 465.1186 468.7495 480.2466 489.068 488.0172 479.9448 459.7601 435.6953 414.0407 393.9429 376.7774 367.1443 360.1941
540.303 536.3966 531.8613 530.1982 530.5477 535.6626 539.6608 541.1473 538.6511 537.9266 537.3774 537.3502 537.8275 537.5904 536.3488 533.4356 528.4751 522.0124 518.6634 520.7307 525.0218 535.9868 548.9727 558.9928 568.3686 586.4109 618.926 667.5501 719.0045 751.5651 745.024 707.8925 666.2485 635.1733 612.0779 595.5729 584.3716 569.8069 554.3464 543.9205 529.3291 524.5582 527.8804 529.8716 530.5463 525.6282 516.8682 505.3432 494.2375 481.7125 475.5931 476.9719 484.9341 496.6247 502.601 496.5162 478.6744 456.5191 429.8557 404.1223 383.7422 370.6784 357.4221
540.826 537.9534 532.6605 528.8734 532.2245 537.0641 541.2283 541.0634 540.3517 538.6046 535.478 533.0093 533.6636 534.2263 533.4238 532.1213 530.2969 526.7261 525.3217 526.2629 528.7977 537.2706 545.4093 556.1078 567.7725 590.2336 630.2203 685.9777 742.3199 770.3642 748.8013 703.0814 658.0883 626.1594 603.9404 583.3024 569.1232 552.2824 540.9758 535.011 531.4841 531.8236 533.1297 532.9838 533.3182 525.6262 512.2495 497.891 492.5939 487.5047 485.5697 486.3062 492.062 500.9387 507.7534 503.8622 484.7692 459.6598 430.9551 404.3655 383.0599 366.5987 352.2034
538.9142 537.9247 534.1232 529.8751 531.5521 537.0049 541.7169 542.3683 541.8423 541.0125 537.2205 530.3156 529.0575 529.6722 530.35 529.8338 529.0803 529.5936 530.848 531.0928 534.8637 541.6599 549.0049 556.8768 570.0762 595.3195 638.5561 698.0676 752.6177 774.231 745.3391 694.7477 649.2814 620.0316 597.1142 576.5525 557.037 541.0162 532.8668 533.6418 537.0619 539.0866 539.2953 535.4178 531.1193 520.8678 506.7439 496.4403 491.1318 489.5798 489.7975 491.4465 496.328 503.2707 507.5683 500.5713 479.6462 452.9504 424.4753 398.5478 377.6092 359.508 345.1315
536.1477 536.6638 535.1514 532.4974 531.978 534.8746 539.3509 541.4575 542.7697 542.8205 540.8043 532.6928 525.7727 525.3218 523.7919 522.0878 522.9214 525.3924 529.5661 533.2729 538.2684 544.8151 553.7859 564.2493 578.7516 605.4394 648.6455 705.9634 755.0072 768.631 734.8058 688.9607 646.2222 617.5154 594.3699 569.0052 549.4123 532.3629 530.0724 538.0706 545.9824 547.8906 542.13 532.5499 524.2878 511.9748 497.5442 488.1006 484.4588 484.609 487.9593 492.6468 498.2242 503.6089 505.1488 495.9572 473.3389 446.144 417.6848 392.1828 371.4096 353.2508 336.9316
534.9371 532.5665 533.079 533.4997 533.1455 535.108 538.3676 541.6895 543.135 543.4492 541.2324 535.069 528.9128 526.2461 523.4838 519.022 517.0068 519.5945 523.4601 530.5068 538.4545 545.5547 557.1833 572.6638 594.4572 627.5776 669.8527 717.9349 753.3083 755.892 724.8942 686.2334 649.5318 619.9594 595.7578 564.8669 542.5501 530.5103 534.3768 546.3544 555.2839 554.5732 539.3287 524.2414 514.6281 500.7638 485.2625 476.3432 471.617 473.0867 479.5048 488.4482 496.0279 500.4805 499.4123 488.3704 465.7745 439.13 410.5889 384.4655 362.8486 344.7581 327.2617
