py_wake/examples/data/AJ_ParqueFicticio/Rough survey   Sector 1   Height 30m   Weibull-k.grd
DSAA
73  159
 258469   265669
 6501692   6517492
 .5410156   2.638672
[rows 112 to 139 of 159, columns 0 to 62 of 73]
1.771484 1.783203 1.783203 1.767578 1.763672 1.759766 1.751953 1.748047 1.740234 1.732422 1.732422 1.736328 1.732422 1.720703 1.716797 1.716797 1.720703 1.705078 1.638672 1.486328 1.576172 1.673828 1.697266 1.705078 1.724609 1.736328 1.732422 1.751953 1.775391 1.724609 1.642578 1.595703 1.599609 1.681641 1.728516 1.755859 1.712891 1.720703 1.736328 1.740234 1.736328 1.720703 1.689453 1.654297 1.634766 1.611328 1.591797 1.572266 1.556641 1.599609 1.693359 1.744141 1.783203 1.767578 1.755859 1.755859 1.755859 1.740234 1.724609 1.697266 1.654297 1.650391 1.626953
1.775391 1.779297 1.783203 1.767578 1.759766 1.759766 1.751953 1.740234 1.732422 1.732422 1.732422 1.732422 1.728516 1.720703 1.728516 1.732422 1.732422 1.712891 1.689453 1.595703 1.521484 1.572266 1.634766 1.669922 1.705078 1.732422 1.744141 1.763672 1.771484 1.724609 1.662109 1.638672 1.654297 1.673828 1.697266 1.744141 1.720703 1.716797 1.716797 1.724609 1.728516 1.724609 1.705078 1.681641 1.669922 1.642578 1.615234 1.587891 1.560547 1.560547 1.666016 1.740234 1.783203 1.767578 1.755859 1.759766 1.744141 1.736328 1.736328 1.708984 1.662109 1.642578 1.630859
1.763672 1.779297 1.775391 1.763672 1.759766 1.755859 1.744141 1.736328 1.736328 1.736328 1.732422 1.732422 1.732422 1.732422 1.740234 1.740234 1.736328 1.728516 1.708984 1.681641 1.572266 1.505859 1.537109 1.587891 1.681641 1.728516 1.759766 1.771484 1.763672 1.728516 1.712891 1.712891 1.701172 1.697266 1.697266 1.724609 1.744141 1.716797 1.705078 1.705078 1.712891 1.724609 1.716797 1.708984 1.689453 1.669922 1.650391 1.626953 1.615234 1.615234 1.673828 1.724609 1.779297 1.771484 1.767578 1.751953 1.736328 1.732422 1.724609 1.705078 1.669922 1.662109 1.654297
1.763672 1.775391 1.771484 1.763672 1.755859 1.751953 1.744141 1.740234 1.740234 1.736328 1.728516 1.736328 1.740234 1.744141 1.744141 1.736328 1.724609 1.732422 1.724609 1.705078 1.669922 1.583984 1.568359 1.564453 1.615234 1.724609 1.775391 1.783203 1.744141 1.740234 1.751953 1.751953 1.740234 1.724609 1.716797 1.740234 1.759766 1.720703 1.701172 1.693359 1.708984 1.724609 1.728516 1.720703 1.705078 1.697266 1.681641 1.666016 1.658203 1.669922 1.689453 1.720703 1.740234 1.755859 1.751953 1.740234 1.732422 1.720703 1.712891 1.697266 1.685547 1.673828 1.673828
1.771484 1.779297 1.779297 1.783203 1.763672 1.751953 1.748047 1.744141 1.736328 1.736328 1.732422 1.732422 1.744141 1.744141 1.732422 1.720703 1.716797 1.724609 1.720703 1.708984 1.697266 1.685547 1.623047 1.564453 1.513672 1.697266 1.759766 1.779297 1.759766 1.767578 1.748047 1.736328 1.751953 1.748047 1.763672 1.767578 1.744141 1.724609 1.697266 1.689453 1.697266 1.720703 1.724609 1.716797 1.708984 1.705078 1.701172 1.693359 1.689453 1.693359 1.705078 1.716797 1.724609 1.728516 1.744141 1.736328 1.732422 1.716797 1.705078 1.697266 1.693359 1.677734 1.677734
1.783203 1.783203 1.783203 1.787109 1.783203 1.767578 1.755859 1.744141 1.732422 1.728516 1.724609 1.732422 1.732422 1.732422 1.728516 1.716797 1.712891 1.716797 1.712891 1.708984 1.708984 1.708984 1.708984 1.669922 1.576172 1.626953 1.728516 1.775391 1.771484 1.740234 1.724609 1.712891 1.720703 1.732422 1.724609 1.736328 1.740234 1.720703 1.701172 1.681641 1.701172 1.720703 1.740234 1.732422 1.716797 1.712891 1.705078 1.697266 1.693359 1.693359 1.701172 1.716797 1.724609 1.728516 1.732422 1.736328 1.736328 1.720703 1.708984 1.689453 1.689453 1.685547 1.689453
1.783203 1.787109 1.787109 1.783203 1.783203 1.771484 1.751953 1.740234 1.728516 1.720703 1.724609 1.724609 1.724609 1.724609 1.728516 1.728516 1.720703 1.712891 1.712891 1.716797 1.712891 1.712891 1.720703 1.732422 1.701172 1.642578 1.697266 1.720703 1.732422 1.728516 1.716797 1.697266 1.712891 1.720703 1.720703 1.740234 1.751953 1.736328 1.705078 1.673828 1.701172 1.728516 1.783203 1.779297 1.763672 1.767578 1.759766 1.728516 1.712891 1.697266 1.701172 1.720703 1.724609 1.732422 1.728516 1.736328 1.728516 1.728516 1.712891 1.701172 1.701172 1.701172 1.720703
1.783203 1.783203 1.783203 1.783203 1.779297 1.755859 1.740234 1.736328 1.732422 1.724609 1.720703 1.716797 1.724609 1.728516 1.740234 1.751953 1.748047 1.736328 1.732422 1.736328 1.728516 1.724609 1.736328 1.775391 1.751953 1.716797 1.677734 1.685547 1.701172 1.720703 1.708984 1.697266 1.720703 1.724609 1.736328 1.751953 1.771484 1.771484 1.744141 1.689453 1.681641 1.724609 1.783203 1.779297 1.779297 1.775391 1.755859 1.744141 1.748047 1.736328 1.712891 1.716797 1.728516 1.728516 1.728516 1.736328 1.724609 1.728516 1.712891 1.701172 1.724609 1.724609 1.724609
1.783203 1.783203 1.783203 1.763672 1.748047 1.736328 1.724609 1.716797 1.724609 1.736328 1.740234 1.724609 1.720703 1.720703 1.732422 1.763672 1.783203 1.783203 1.783203 1.767578 1.744141 1.720703 1.716797 1.755859 1.763672 1.744141 1.708984 1.677734 1.685547 1.712891 1.712891 1.708984 1.728516 1.740234 1.759766 1.763672 1.767578 1.783203 1.779297 1.732422 1.697266 1.701172 1.751953 1.783203 1.767578 1.759766 1.751953 1.744141 1.751953 1.759766 1.736328 1.724609 1.724609 1.728516 1.728516 1.728516 1.728516 1.720703 1.732422 1.685547 1.654297 1.701172 1.701172
1.783203 1.755859 1.748047 1.740234 1.728516 1.716797 1.705078 1.693359 1.708984 1.748047 1.783203 1.763672 1.736328 1.724609 1.716797 1.740234 1.783203 1.783203 1.787109 1.787109 1.783203 1.728516 1.712891 1.716797 1.748047 1.759766 1.744141 1.712891 1.677734 1.701172 1.708984 1.720703 1.740234 1.767578 1.771484 1.751953 1.748047 1.755859 1.783203 1.779297 1.736328 1.712891 1.724609 1.787109 1.763672 1.744141 1.740234 1.744141 1.755859 1.767578 1.740234 1.724609 1.728516 1.728516 1.728516 1.744141 1.748047 1.744141 1.607422 1.619141 1.564453 1.630859 1.712891
1.783203 1.755859 1.736328 1.728516 1.708984 1.677734 1.677734 1.658203 1.689453 1.736328 1.783203 1.787109 1.783203 1.740234 1.732422 1.740234 1.783203 1.783203 1.783203 1.787109 1.787109 1.783203 1.728516 1.724609 1.736328 1.767578 1.740234 1.740234 1.705078 1.693359 1.697266 1.724609 1.751953 1.779297 1.736328 1.728516 1.736328 1.740234 1.775391 1.787109 1.783203 1.748047 1.736328 1.787109 1.779297 1.759766 1.751953 1.748047 1.751953 1.767578 1.771484 1.732422 1.728516 1.736328 1.751953 1.767578 1.744141 1.619141 2.107422 1.564453 1.677734 1.740234 1.740234
1.783203 1.763672 1.736328 1.716797 1.689453 1.654297 1.630859 1.654297 1.677734 1.716797 1.783203 1.787109 1.783203 1.787109 1.783203 1.771484 1.783203 1.783203 1.783203 1.783203 1.783203 1.783203 1.759766 1.724609 1.728516 1.736328 1.751953 1.744141 1.720703 1.689453 1.685547 1.708984 1.728516 1.724609 1.720703 1.728516 1.740234 1.759766 1.783203 1.787109 1.775391 1.763672 1.779297 1.783203 1.783203 1.779297 1.767578 1.763672 1.759766 1.759766 1.763672 1.755859 1.740234 1.748047 1.763672 1.728516 1.662109 1.693359 1.595703 1.712891 1.751953 1.748047 1.716797
1.783203 1.755859 1.736328 1.716797 1.689453 1.662109 1.638672 1.654297 1.662109 1.685547 1.748047 1.787109 1.783203 1.783203 1.783203 1.787109 1.787109 1.787109 1.783203 1.783203 1.783203 1.783203 1.755859 1.716797 1.720703 1.751953 1.751953 1.744141 1.705078 1.662109 1.666016 1.693359 1.708984 1.708984 1.720703 1.736328 1.763672 1.783203 1.783203 1.783203 1.779297 1.759766 1.759766 1.779297 1.783203 1.783203 1.783203 1.783203 1.775391 1.763672 1.759766 1.763672 1.763672 1.744141 1.693359 1.576172 1.529297 1.669922 1.744141 1.708984 1.736328 1.732422 1.720703
1.771484 1.755859 1.740234 1.724609 1.705078 1.705078 1.708984 1.705078 1.646484 1.630859 1.712891 1.751953 1.787109 1.787109 1.783203 1.783203 1.779297 1.771484 1.767578 1.783203 1.767578 1.755859 1.744141 1.732422 1.732422 1.763672 1.783203 1.740234 1.708984 1.638672 1.619141 1.658203 1.689453 1.712891 1.732422 1.751953 1.783203 1.783203 1.783203 1.783203 1.779297 1.775391 1.767578 1.767578 1.775391 1.779297 1.779297 1.787109 1.751953 1.771484 1.767578 1.751953 1.716797 1.603516 1.595703 1.525391 1.587891 1.716797 1.728516 1.701172 1.712891 1.732422 1.720703
1.751953 1.744141 1.740234 1.732422 1.724609 1.732422 1.748047 1.736328 1.669922 1.576172 1.638672 1.720703 1.759766 1.783203 1.787109 1.787109 1.783203 1.771484 1.775391 1.779297 1.763672 1.759766 1.763672 1.763672 1.740234 1.732422 1.732422 1.728516 1.712891 1.662109 1.615234 1.619141 1.673828 1.705078 1.732422 1.763672 1.783203 1.783203 1.783203 1.783203 1.771484 1.771484 1.775391 1.779297 1.775391 1.775391 1.779297 1.783203 1.787109 1.759766 1.779297 1.716797 2.107422 2.107422 1.451172 1.517578 1.619141 1.767578 1.716797 1.681641 1.693359 1.716797 1.724609
1.740234 1.736328 1.732422 1.740234 1.740234 1.744141 1.767578 1.759766 1.724609 1.646484 1.607422 1.654297 1.732422 1.783203 1.783203 1.783203 1.759766 1.755859 1.787109 1.783203 1.779297 1.775391 1.759766 1.740234 1.755859 1.751953 1.732422 1.724609 1.724609 1.697266 1.634766 1.642578 1.669922 1.697266 1.724609 1.767578 1.783203 1.783203 1.783203 1.771484 1.763672 1.767578 1.775391 1.779297 1.779297 1.779297 1.775391 1.775391 1.771484 1.783203 1.775391 1.537109 2.107422 2.107422 2.107422 1.548828 1.763672 1.744141 1.724609 1.673828 1.669922 1.708984 1.728516
1.732422 1.724609 1.736328 1.736328 1.740234 1.751953 1.783203 1.783203 1.755859 1.728516 1.662109 1.619141 1.697266 1.771484 1.783203 1.783203 1.759766 1.728516 1.759766 1.787109 1.779297 1.767578 1.748047 1.720703 1.748047 1.783203 1.763672 1.748047 1.744141 1.724609 1.673828 1.615234 1.654297 1.693359 1.732422 1.783203 1.783203 1.783203 1.767578 1.751953 1.767578 1.779297 1.775391 1.779297 1.779297 1.783203 1.783203 1.779297 1.771484 1.755859 1.740234 1.634766 2.107422 2.107422 1.654297 1.751953 1.779297 1.755859 1.740234 1.689453 1.662109 1.705078 1.724609
1.673828 1.673828 1.705078 1.728516 1.751953 1.783203 1.783203 1.783203 1.783203 1.767578 1.728516 1.673828 1.650391 1.716797 1.783203 1.783203 1.783203 1.740234 1.740234 1.783203 1.783203 1.775391 1.744141 1.716797 1.740234 1.775391 1.783203 1.783203 1.783203 1.748047 1.662109 1.599609 1.615234 1.693359 1.748047 1.783203 1.783203 1.775391 1.751953 1.732422 1.771484 1.779297 1.783203 1.783203 1.787109 1.783203 1.783203 1.787109 1.779297 1.759766 1.689453 1.544922 1.755859 1.669922 1.740234 1.771484 1.775391 1.779297 1.783203 1.728516 1.673828 1.673828 1.697266
1.572266 1.591797 1.666016 1.724609 1.763672 1.783203 1.783203 1.783203 1.783203 1.783203 1.751953 1.697266 1.634766 1.650391 1.736328 1.783203 1.783203 1.783203 1.744141 1.767578 1.783203 1.783203 1.751953 1.744141 1.744141 1.767578 1.779297 1.783203 1.783203 1.744141 1.697266 1.576172 1.537109 1.619141 1.748047 1.783203 1.783203 1.775391 1.755859 1.751953 1.767578 1.775391 1.783203 1.787109 1.783203 1.783203 1.783203 1.787109 1.783203 1.759766 1.638672 1.583984 1.587891 1.751953 1.767578 1.767578 1.767578 1.763672 1.771484 1.783203 1.697266 1.666016 1.673828
1.517578 1.552734 1.666016 1.724609 1.751953 1.783203 1.783203 1.787109 1.783203 1.783203 1.759766 1.720703 1.654297 1.611328 1.697266 1.783203 1.783203 1.783203 1.783203 1.755859 1.771484 1.787109 1.771484 1.771484 1.767578 1.767578 1.775391 1.783203 1.783203 1.755859 1.728516 1.689453 1.638672 1.603516 1.720703 1.783203 1.783203 1.779297 1.767578 1.763672 1.744141 1.763672 1.767578 1.779297 1.787109 1.783203 1.775391 1.763672 1.759766 1.740234 1.634766 1.650391 1.666016 1.728516 1.775391 1.763672 1.759766 1.767578 1.755859 1.767578 1.736328 1.701172 1.681641
1.513672 1.552734 1.669922 1.724609 1.744141 1.775391 1.783203 1.783203 1.783203 1.783203 1.767578 1.736328 1.712891 1.658203 1.666016 1.732422 1.783203 1.783203 1.787109 1.783203 1.763672 1.783203 1.783203 1.779297 1.779297 1.783203 1.783203 1.787109 1.787109 1.767578 1.740234 1.744141 1.724609 1.716797 1.673828 1.724609 1.759766 1.783203 1.783203 1.763672 1.755859 1.759766 1.763672 1.771484 1.783203 1.783203 1.787109 1.763672 1.751953 1.701172 1.705078 1.646484 1.681641 1.716797 1.755859 1.763672 1.763672 1.763672 1.759766 1.763672 1.775391 1.728516 1.716797
1.529297 1.544922 1.646484 1.724609 1.751953 1.783203 1.783203 1.783203 1.783203 1.783203 1.783203 1.755859 1.736328 1.708984 1.673828 1.701172 1.783203 1.783203 1.783203 1.783203 1.787109 1.787109 1.783203 1.783203 1.787109 1.783203 1.783203 1.783203 1.783203 1.783203 1.740234 1.748047 1.767578 1.771484 1.732422 1.705078 1.720703 1.775391 1.783203 1.775391 1.771484 1.767578 1.775391 1.779297 1.779297 1.779297 1.779297 1.779297 1.767578 1.689453 1.697266 1.685547 1.685547 1.712891 1.755859 1.763672 1.767578 1.755859 1.751953 1.759766 1.767578 1.775391 1.740234
1.646484 1.587891 1.626953 1.720703 1.744141 1.751953 1.783203 1.783203 1.783203 1.783203 1.783203 1.783203 1.759766 1.728516 1.705078 1.697266 1.759766 1.783203 1.783203 1.783203 1.783203 1.783203 1.783203 1.783203 1.787109 1.783203 1.783203 1.783203 1.783203 1.787109 1.759766 1.755859 1.783203 1.787109 1.787109 1.744141 1.736328 1.755859 1.783203 1.787109 1.779297 1.779297 1.787109 1.787109 1.783203 1.779297 1.771484 1.751953 1.708984 1.697266 1.712891 1.705078 1.685547 1.697266 1.736328 1.744141 1.748047 1.767578 1.763672 1.755859 1.751953 1.771484 1.767578
1.712891 1.669922 1.638672 1.701172 1.728516 1.736328 1.740234 1.767578 1.783203 1.783203 1.783203 1.783203 1.787109 1.783203 1.724609 1.708984 1.740234 1.783203 1.783203 1.787109 1.779297 1.779297 1.779297 1.783203 1.783203 1.783203 1.783203 1.783203 1.783203 1.787109 1.787109 1.775391 1.783203 1.787109 1.783203 1.783203 1.787109 1.787109 1.783203 1.783203 1.787109 1.787109 1.783203 1.783203 1.787109 1.779297 1.744141 1.701172 1.685547 1.755859 1.724609 1.712891 1.697266 1.654297 1.712891 1.728516 1.732422 1.740234 1.771484 1.763672 1.755859 1.759766 1.775391
1.732422 1.716797 1.681641 1.681641 1.716797 1.736328 1.748047 1.779297 1.783203 1.783203 1.787109 1.775391 1.775391 1.779297 1.787109 1.740234 1.732422 1.783203 1.783203 1.783203 1.783203 1.783203 1.779297 1.783203 1.783203 1.783203 1.783203 1.783203 1.783203 1.783203 1.787109 1.787109 1.783203 1.783203 1.783203 1.783203 1.783203 1.783203 1.787109 1.783203 1.787109 1.783203 1.783203 1.787109 1.783203 1.767578 1.701172 1.697266 1.732422 1.779297 1.724609 1.708984 1.701172 1.677734 1.673828 1.708984 1.720703 1.728516 1.744141 1.771484 1.759766 1.759766 1.767578
1.744141 1.744141 1.708984 1.693359 1.720703 1.759766 1.783203 1.783203 1.783203 1.783203 1.783203 1.787109 1.779297 1.775391 1.771484 1.783203 1.783203 1.783203 1.783203 1.783203 1.783203 1.787109 1.783203 1.783203 1.783203 1.783203 1.783203 1.783203 1.783203 1.783203 1.783203 1.787109 1.787109 1.787109 1.787109 1.783203 1.783203 1.783203 1.787109 1.783203 1.787109 1.787109 1.787109 1.775391 1.763672 1.751953 1.751953 1.740234 1.767578 1.775391 1.740234 1.724609 1.705078 1.693359 1.666016 1.666016 1.697266 1.716797 1.732422 1.771484 1.771484 1.763672 1.763672
1.763672 1.771484 1.736328 1.708984 1.732422 1.783203 1.783203 1.783203 1.783203 1.783203 1.783203 1.783203 1.783203 1.783203 1.767578 1.771484 1.775391 1.787109 1.783203 1.783203 1.783203 1.783203 1.775391 1.751953 1.783203 1.783203 1.783203 1.783203 1.783203 1.783203 1.783203 1.787109 1.783203 1.783203 1.783203 1.783203 1.783203 1.787109 1.783203 1.775391 1.783203 1.787109 1.783203 1.771484 1.755859 1.751953 1.767578 1.771484 1.779297 1.771484 1.767578 1.783203 1.724609 1.693359 1.689453 1.685547 1.662109 1.681641 1.708984 1.736328 1.783203 1.775391 1.771484
1.783203 1.775391 1.751953 1.732422 1.771484 1.783203 1.783203 1.783203 1.783203 1.783203 1.783203 1.783203 1.783203 1.783203 1.783203 1.775391 1.771484 1.763672 1.779297 1.783203 1.751953 1.748047 1.736328 1.724609 1.783203 1.783203 1.783203 1.783203 1.783203 1.783203 1.783203 1.783203 1.787109 1.783203 1.779297 1.783203 1.783203 1.783203 1.783203 1.783203 1.783203 1.783203 1.787109 1.767578 1.759766 1.759766 1.779297 1.779297 1.775391 1.763672 1.771484 1.775391 1.748047 1.712891 1.689453 1.701172 1.708984 1.685547 1.626953 1.685547 1.736328 1.787109 1.783203
