py_wake/examples/data/AJ_ParqueFicticio/Rough survey   Sector 11   Height 200m   Orographic speed.grd
DSAA
73  159
 258469   265669
 6501692   6517492
 .6968251   1.35811
[rows 56 to 83 of 159, columns 0 to 62 of 73]
1.00303 1.005641 1.007544 1.009185 1.010496 1.009885 1.009146 1.008977 1.008163 1.007127 1.00562 1.004205 1.003487 1.000761 .995562 .9941962 .9938558 .993581 .9931762 .9937575 .9914068 .9875126 .9869502 .9888317 .9891135 .9902362 .9905389 .9918443 .9989911 1.010055 1.016877 1.010239 .9938242 .9879401 .9896636 .9935077 .9901657 .9709458 .9428673 .9303024 .9344894 .9390323 .936513 .9338446 .9355932 .945937 .9571966 .9703033 .9988667 1.040766 1.087923 1.123326 1.127 1.107536 1.097173 1.127339 1.171341 1.186622 1.158893 1.115295 1.084373 1.093524 1.140161
1.00085 1.005023 1.006316 1.007366 1.009722 1.009786 1.009157 1.008631 1.007499 1.005842 1.004173 1.002685 1.001219 1.001575 .9977778 .9947695 .994128 .9939806 .9938083 .994504 .9933738 .9904556 .9886646 .989136 .9889836 .9894172 .9901568 .9895755 .9935553 1.007033 1.019065 1.014845 1.000274 .99138 .9934721 .9967074 .9959524 .9809531 .9557893 .9389709 .9383151 .9423797 .9435119 .9438561 .94932 .9589598 .9632885 .9658019 .9852263 1.022361 1.06873 1.103108 1.110321 1.095719 1.087115 1.117776 1.163473 1.181888 1.158106 1.113632 1.078869 1.078568 1.121499
1.000325 1.003578 1.004756 1.004707 1.006183 1.007768 1.007119 1.006871 1.005586 1.003744 1.00172 1.00039 .9992062 .9999533 .9981727 .9961328 .9946176 .9937879 .9937084 .9946702 .9935393 .9928343 .9910359 .9888375 .9898205 .990139 .9903584 .9899274 .9909524 1.000852 1.01507 1.012294 1.000032 .9918047 .991022 .995625 .9977326 .9844961 .9627869 .9451202 .9407475 .9408678 .9439682 .9513772 .9608649 .9693698 .9701939 .9681997 .9798021 1.00696 1.046523 1.079337 1.09151 1.080248 1.074199 1.104676 1.149977 1.17512 1.160105 1.118564 1.078271 1.065853 1.10088
1.003167 1.004605 1.007106 1.006406 1.002897 1.00325 1.004364 1.004345 1.00332 1.00156 .9999325 .9982929 .9969839 .9974731 .9970834 .9959345 .9946879 .9942623 .9938573 .994189 .9936956 .9931122 .9922718 .9911427 .9903488 .9916814 .9935521 .994001 .9934592 .9995078 1.007108 1.005485 .9954232 .9847386 .9853993 .9901461 .9926751 .9853718 .9663304 .947934 .9400041 .9386213 .9408057 .9551272 .9713159 .9796389 .9793088 .9746937 .976726 .9939524 1.022869 1.052745 1.070681 1.064173 1.058356 1.085585 1.130458 1.16067 1.154837 1.122123 1.082217 1.059302 1.081953
1.006474 1.007606 1.010104 1.010709 1.004418 .9996177 .9998484 1.001925 1.00133 1.000002 .9985132 .9965605 .9950452 .9952301 .9947584 .9939208 .9936081 .9935249 .9941731 .9943819 .9943382 .9915312 .9916213 .991008 .9907063 .9934264 .9975891 1.002136 1.00581 1.008138 1.010205 1.005094 .9954143 .9854096 .9817801 .9850494 .9864131 .9806873 .9659311 .9488804 .9377951 .9348592 .9402714 .9565201 .9763236 .987062 .989807 .9874814 .9842877 .9864794 1.00254 1.025757 1.048236 1.04894 1.043025 1.065428 1.110955 1.144241 1.143276 1.11872 1.084917 1.059417 1.066826
1.009652 1.011766 1.012515 1.013023 1.009468 1.002996 .9993056 .9994984 1.000131 .9997204 .9983159 .9970654 .9951039 .9935163 .9926347 .9919909 .9918212 .9925585 .994003 .9947206 .9957833 .993048 .9911651 .9900721 .9896833 .9931222 .9992703 1.007951 1.016019 1.020689 1.021852 1.013789 1.00312 .9937352 .9868608 .9858869 .9839789 .9766831 .9624038 .948766 .9374409 .92948 .933432 .9523586 .9744784 .9888167 .9952369 1.000683 1.000968 .9925832 .98911 1.002182 1.026258 1.036565 1.030295 1.045745 1.088704 1.125767 1.129832 1.111126 1.084915 1.062397 1.056037
1.011735 1.014351 1.01508 1.015121 1.011765 1.007383 1.002228 .9996551 .9997073 .9996899 .9990805 .9974527 .9953068 .9927967 .9914814 .9903417 .9894167 .9908912 .9918634 .9936756 .9950703 .994423 .9913166 .9896946 .9894351 .991511 .9979343 1.00897 1.021394 1.031054 1.033288 1.024497 1.013165 1.006004 .9975596 .9923698 .9866295 .9753031 .9599022 .9470695 .9357308 .9259335 .9281358 .9439237 .968999 .9861897 .9961327 1.006303 1.015892 1.009556 .992714 .9870691 1.004316 1.018961 1.02226 1.030211 1.065071 1.102299 1.114443 1.103134 1.082358 1.065506 1.054585
1.011548 1.015087 1.016859 1.016779 1.013974 1.00992 1.005456 1.002428 1.000531 .9997436 .9998443 .9976634 .9951175 .9932764 .9912409 .9898041 .9885589 .9883825 .9896579 .9911248 .9938468 .993372 .9907848 .9883834 .9882898 .9907852 .995454 1.006576 1.020795 1.034557 1.039199 1.034123 1.025072 1.018483 1.01233 1.003297 .9941569 .9789102 .9620516 .9472812 .9337543 .923969 .92298 .9363599 .9593949 .9815305 .9925483 1.005388 1.020016 1.023287 1.007556 .9884913 .986902 .9986127 1.009458 1.017135 1.042664 1.078056 1.09526 1.09067 1.075701 1.063297 1.056356
1.009965 1.014551 1.016465 1.017028 1.015602 1.012698 1.009143 1.006361 1.002299 .999984 .999411 .9976584 .9959345 .9939423 .9921409 .9901344 .989003 .9882261 .9886249 .9901078 .9920554 .9933491 .9913464 .9875572 .9865984 .987793 .9935709 1.00393 1.018258 1.033496 1.040545 1.038098 1.032109 1.027699 1.023569 1.016194 1.004269 .9875522 .9696732 .9524159 .9368441 .9235114 .9187067 .9275529 .9497933 .9706503 .9850878 1.000971 1.015673 1.025359 1.02209 1.003084 .9832828 .9785715 .9903494 1.006479 1.026586 1.057687 1.077267 1.076474 1.067866 1.055129 1.048867
1.007496 1.012159 1.014515 1.016052 1.016339 1.014999 1.012756 1.010259 1.005295 1.000604 .999203 .9975806 .9961265 .9948084 .9930699 .9908383 .9886332 .9887236 .9890416 .9903125 .9926536 .9944297 .9931767 .9896123 .9874074 .9869868 .9910479 1.000162 1.012604 1.025512 1.034157 1.033826 1.033097 1.034515 1.032258 1.026166 1.014791 .9957603 .9766217 .9601377 .9437326 .9284876 .918723 .9220755 .9382989 .9569995 .9730613 .992742 1.007564 1.020172 1.03198 1.023269 .9972893 .9724761 .9708942 .9900383 1.015862 1.043153 1.06346 1.067365 1.060209 1.046362 1.034721
1.005688 1.009272 1.012616 1.015121 1.015832 1.016127 1.01509 1.012983 1.008011 1.001897 .9992102 .9980879 .9962904 .9949301 .9937683 .9917536 .9892244 .9882989 .9888778 .9901378 .99332 .9963863 .9958687 .99433 .9926485 .9916341 .9942887 1.001132 1.008842 1.017922 1.024788 1.026089 1.029401 1.038357 1.038672 1.034029 1.024825 1.005163 .9834567 .9662148 .9493797 .9360635 .9227701 .9197847 .9276357 .9386432 .9590841 .9831087 .9973779 1.007181 1.029542 1.038155 1.016411 .9829317 .9623212 .9717811 1.001313 1.033123 1.059587 1.072834 1.067153 1.050016 1.030057
1.004785 1.007093 1.01061 1.013877 1.015801 1.016264 1.015156 1.013904 1.009564 1.004407 1.000882 .9986418 .9971233 .9954693 .9933606 .9917172 .9898453 .9880979 .9873242 .9895509 .9923811 .9965357 .9993027 .9999206 .9995434 1.000166 1.000226 1.005892 1.011801 1.017491 1.01984 1.02141 1.024882 1.035678 1.040227 1.038491 1.032934 1.019248 .9968125 .9769424 .9572143 .9420946 .9293171 .9201089 .9180534 .9239534 .9439345 .9708111 .9876603 .9947982 1.01832 1.038033 1.027216 .997762 .9673616 .9574149 .9818063 1.019556 1.054661 1.077936 1.081248 1.068243 1.04537
1.002973 1.005691 1.008785 1.012038 1.015107 1.016101 1.015446 1.014048 1.010979 1.006552 1.002578 .999832 .9974806 .9965181 .9947188 .9933298 .9906527 .9879966 .98671 .9881692 .9902673 .9938074 1 1.003542 1.006204 1.008415 1.010827 1.012612 1.016774 1.020219 1.019796 1.01835 1.02086 1.029119 1.037159 1.037597 1.036051 1.027888 1.00968 .991478 .9748122 .9574763 .9416762 .9278169 .9153877 .9146766 .9302536 .9553158 .9720779 .9800732 1.003484 1.023911 1.021582 1.001412 .9735914 .9545442 .9650326 1.000713 1.037866 1.069092 1.084054 1.082423 1.063933
1.001493 1.002228 1.004985 1.009336 1.013106 1.015958 1.015148 1.014743 1.012512 1.008921 1.004499 1.000213 .9968978 .99619 .9959742 .9946167 .9912012 .9876049 .9866243 .9867457 .9882607 .9921167 .9993351 1.005205 1.010926 1.014929 1.019053 1.022905 1.026801 1.028952 1.025305 1.017695 1.015128 1.021031 1.030395 1.033343 1.034576 1.028958 1.017725 1.005372 .9914491 .9775034 .9607652 .9431987 .9256672 .9154615 .9223971 .9411954 .9567552 .9675515 .9856104 1.0041 1.006441 .9920309 .9699355 .9500843 .9498028 .9811953 1.019728 1.051334 1.072896 1.080127 1.072769
1.000145 .998908 .9998415 1.005 1.010078 1.01416 1.015094 1.015648 1.014138 1.011212 1.00649 1.001179 .9961931 .9950652 .9955391 .995647 .9922307 .9885463 .9871132 .986797 .988424 .9912488 .9991707 1.007255 1.014018 1.020904 1.026405 1.031404 1.037276 1.040354 1.036309 1.025062 1.013052 1.013973 1.021317 1.02748 1.029319 1.026948 1.02091 1.016394 1.007179 .9921185 .9770625 .9581419 .9414724 .9267186 .9245447 .9350078 .9487556 .9603739 .9740285 .9856233 .9912585 .9798006 .9568309 .938849 .939687 .9661608 1.003006 1.034272 1.059636 1.071057 1.070981
1.001867 .9986333 .9961067 .9990418 1.004198 1.010315 1.013264 1.01512 1.015222 1.013023 1.008428 1.002682 .997409 .994217 .9941524 .9945996 .9942896 .9910013 .9876368 .986464 .9867478 .9906928 .9987565 1.009574 1.017253 1.025338 1.031833 1.038608 1.0466 1.052234 1.048885 1.033365 1.01852 1.013135 1.015907 1.019277 1.022489 1.022026 1.021358 1.018578 1.014588 1.001925 .9857618 .9708157 .9561407 .9420121 .9345695 .9375585 .9485011 .9627731 .9728084 .9784082 .9817352 .9697438 .9423321 .9195178 .9218264 .9502501 .9851647 1.016768 1.043722 1.059359 1.06306
1.004645 1.00076 .9973795 .9961998 .9998085 1.004767 1.010146 1.013513 1.014946 1.014014 1.00992 1.004833 .9994688 .9952801 .9924477 .9933764 .9936064 .9917859 .9887746 .9861036 .9845422 .9886612 .9961268 1.007232 1.018119 1.026186 1.035221 1.044591 1.05422 1.060429 1.059306 1.043208 1.025586 1.017285 1.014644 1.014431 1.013144 1.014076 1.015894 1.016367 1.016483 1.007622 .994308 .9806548 .9670869 .9528633 .9434559 .9424326 .9532093 .9671124 .9783355 .9844122 .9881254 .9778088 .9457172 .9103388 .9028328 .9276534 .9608452 .9953789 1.024087 1.042467 1.0518
1.006341 1.003257 1.000062 .9995653 .9993531 1.000756 1.005436 1.010527 1.013867 1.014303 1.011394 1.007628 1.002993 .9982861 .9925752 .9905913 .9922686 .9906848 .9879755 .984779 .9833176 .986719 .9930225 1.003675 1.014034 1.022903 1.033722 1.047085 1.061673 1.071038 1.068316 1.055217 1.037066 1.024298 1.017674 1.011517 1.007246 1.006301 1.008375 1.012027 1.013532 1.010537 1.001757 .9897333 .9757756 .9615904 .9465664 .9428132 .9499626 .9627801 .974525 .9855099 .9952077 .9931242 .9605091 .9185575 .8948261 .9057725 .9330424 .9671593 .9972553 1.017461 1.030087
1.008359 1.005999 1.003305 1.003411 1.003118 .9986435 1.000282 1.006369 1.012194 1.013374 1.011542 1.009151 1.006582 1.003086 .9946353 .9888257 .9896373 .989166 .988004 .9852595 .9833847 .9859951 .9922048 1.00133 1.01013 1.018879 1.028996 1.044792 1.063294 1.076689 1.075842 1.063538 1.047893 1.032194 1.021229 1.012088 1.005347 1.001474 1.00159 1.004883 1.007162 1.005767 1.001995 .9953277 .9839449 .9710793 .9541175 .9438374 .9454041 .9560417 .9651461 .9765345 .9891185 .9920758 .9701317 .9323171 .9008666 .892898 .908842 .9367026 .9648865 .985158 .9996904
1.008834 1.007015 1.005498 1.006007 1.006292 1.001829 .9986785 1.003189 1.009107 1.011024 1.010337 1.009242 1.00776 1.00651 .9998869 .9908367 .9885076 .9882635 .9883613 .988508 .986226 .9877769 .9925396 .9996438 1.007314 1.014886 1.024125 1.039278 1.059445 1.076139 1.078618 1.066509 1.050446 1.035887 1.022748 1.012767 1.006272 1.001324 .9983075 .9994231 .9990065 .9982302 .9974402 .9965353 .9855666 .9764063 .962343 .9478345 .942911 .948568 .9561237 .9663181 .9779827 .9814776 .9702396 .9435322 .9108204 .8906751 .8913273 .9092289 .9315137 .9496654 .9644099
1.007497 1.006121 1.005305 1.00529 1.006945 1.004577 1.001248 1.003048 1.007537 1.008903 1.009108 1.00813 1.006893 1.006934 1.003032 .9949588 .9896064 .9882156 .9879955 .9894056 .9910612 .9926957 .9943181 .9995853 1.005584 1.012761 1.021858 1.036569 1.056384 1.073461 1.077724 1.066554 1.048542 1.033292 1.019743 1.010461 1.006221 1.001601 .9949342 .9965766 .9978485 .9942276 .994756 .9942747 .9874641 .9800546 .9688897 .9537732 .9461324 .9438801 .9491957 .958761 .969543 .9741359 .9675976 .9492296 .9214889 .8959407 .8819364 .8889522 .9034297 .91824 .9314581
1.006457 1.005481 1.00426 1.003705 1.005767 1.005943 1.004147 1.003777 1.005879 1.007012 1.00792 1.008227 1.007059 1.005959 1.003556 .9975677 .9922925 .9883216 .9878268 .9896784 .9925232 .9968168 1.000737 1.003756 1.007448 1.015004 1.025072 1.040712 1.059747 1.074212 1.076022 1.065697 1.047191 1.032095 1.01848 1.007828 1.003901 .9996677 .9927498 .9925378 .9934592 .9931204 .9921809 .992483 .9902202 .9850406 .9793227 .9670913 .9554347 .9470818 .9479907 .9566738 .9704026 .9775993 .9724985 .9602567 .9393395 .912344 .8941385 .8858607 .8879023 .8959337 .905156
1.006829 1.005445 1.003291 1.00258 1.00482 1.00642 1.00635 1.005792 1.005016 1.005591 1.006272 1.006323 1.007142 1.005945 1.0039 1.000556 .9953333 .989983 .9875364 .9885485 .9906081 .9971546 1.003799 1.00764 1.011827 1.019257 1.031987 1.049119 1.067506 1.077739 1.077978 1.062507 1.043687 1.030038 1.018695 1.010945 1.006605 1.002486 .9971727 .9931756 .9893793 .989725 .9908804 .9928383 .9900568 .9874292 .9834118 .9784876 .9710045 .9573966 .9539813 .9601769 .9721586 .9812485 .9801859 .9723767 .9547912 .9329352 .9146755 .8996269 .8911288 .8923132 .8984957
1.008864 1.0067 1.00417 1.003486 1.004151 1.006661 1.008335 1.007823 1.005566 1.004987 1.004597 1.004826 1.005484 1.005597 1.004416 1.001931 .9982352 .9935479 .9896016 .988862 .9896573 .9949757 1.001825 1.00778 1.012918 1.022234 1.037401 1.05902 1.076896 1.085026 1.078616 1.059475 1.038352 1.02492 1.014703 1.007874 1.005927 1.002662 .9988011 .9967174 .9907497 .9887249 .9894635 .9895961 .9887478 .9859324 .9823145 .9777167 .9738948 .9665664 .9629305 .9650171 .971961 .9811619 .9856973 .9805351 .9668291 .9496912 .9302161 .9132948 .9026287 .8997135 .8978316
1.011179 1.009691 1.006372 1.004004 1.00563 1.00793 1.009615 1.00887 1.00805 1.006769 1.004115 1.002187 1.003448 1.003565 1.002027 1.000966 .9999778 .9964971 .994218 .9924861 .9919578 .9959173 1.000078 1.005757 1.011286 1.021885 1.04019 1.06429 1.085467 1.093781 1.080741 1.058468 1.036091 1.021676 1.011509 1.00256 .9990484 .9950874 .9936599 .9926723 .9914082 .9894588 .9868456 .9852667 .9863209 .9831661 .9765905 .9699932 .9706802 .9698605 .968928 .9694459 .9733874 .9800484 .9845728 .982857 .9697714 .9531144 .9349039 .9184268 .9068328 .9000831 .8963572
1.011529 1.011606 1.009163 1.005664 1.006059 1.008549 1.01124 1.011225 1.010598 1.009859 1.006726 1.001402 1.000788 .9997514 .9991931 .9991537 .9989234 .9980752 .9974226 .995709 .9969613 .9995145 1.002318 1.0054 1.010991 1.020894 1.039266 1.064506 1.086959 1.095147 1.081852 1.057356 1.033585 1.020009 1.009961 1.001111 .9940701 .990103 .9897053 .9915935 .9914784 .9893021 .9860933 .9820786 .9806809 .9765217 .9703111 .9668335 .9661781 .9677728 .9693757 .9711116 .9744985 .9792531 .9830953 .980558 .9679734 .9517124 .9343932 .9183642 .9066167 .8978804 .8928168
1.010924 1.012003 1.010958 1.009031 1.008126 1.009558 1.011715 1.013254 1.013702 1.012814 1.01102 1.004915 .9988476 .9975167 .995144 .9937178 .9945886 .9944687 .9958972 .9978481 .999103 1.001856 1.005336 1.010277 1.014906 1.023881 1.039716 1.062633 1.083727 1.091074 1.077433 1.056682 1.034667 1.020396 1.010408 .9996319 .992708 .9868031 .9885959 .9929555 .9931654 .9896356 .9829159 .9758795 .9725127 .9669523 .9600375 .9565154 .9572906 .9607162 .9660095 .9708579 .9758617 .980221 .9828905 .9791884 .9662063 .9496303 .9320304 .9161304 .904092 .8948271 .8878713
1.011889 1.010827 1.011371 1.011349 1.011202 1.011921 1.013542 1.015596 1.01581 1.015148 1.013072 1.007227 1.0021 .999301 .9962105 .9921613 .9893152 .9894588 .9911955 .9950347 .9985281 1.001806 1.007604 1.014572 1.022895 1.033748 1.04679 1.064011 1.078572 1.082453 1.071976 1.055841 1.038169 1.023884 1.014599 1.000159 .9921562 .9884453 .9912024 .9939845 .9940916 .9902784 .9777055 .9673492 .9632105 .9564244 .9475394 .9439715 .9428309 .9482961 .9576874 .9678001 .9749373 .9797042 .9815956 .9761471 .9633703 .9465379 .9279684 .9112289 .8983601 .8897745 .881284
