py_wake/examples/data/AJ_ParqueFicticio/Rough survey   Sector 9   Height 200m   Orographic turn.grd
DSAA
73  159
 258469   265669
 6501692   6517492
-16.70535   11.8235
[rows 0 to 26 of 159, columns 0 to 60 of 73]
-.05068847 -.05748547 -.04323316 .006390001 .04419549 .09686367 .1631843 .2130084 .2537001 .2780375 .3104352 .309437 .3184662 .2785946 .2121451 .1676776 .1019873 .08555919 .0500478 .09526211 .2081855 .4916958 .6074629 .4344271 .03713156 -.5518275 -1.063917 -1.136714 -1.143612 -1.233164 -1.412503 -1.503502 -1.690304 -1.743829 -1.660697 -1.397846 -.9098837 -.3275071 .04573681 .315499 .5969085 .939648 1.248823 1.522687 1.600481 1.64326 1.632806 1.678796 1.707117 1.773652 1.825853 1.849378 1.869975 1.899249 1.831679 1.760547 1.696846 1.566215 1.433043 1.240897 1.019515
.2117151 .1003282 .06483474 .08792362 .1421887 .1995457 .2402571 .3008683 .3343781 .357848 .4012572 .4072221 .3992858 .3543409 .2627814 .1720147 .08276682 .005805159 -.1133217 -.1616539 -.1376424 .1302713 .4533219 .5043117 .1060375 -.5665957 -1.25995 -1.41529 -1.36708 -1.476286 -1.568653 -1.757615 -1.978537 -2.078256 -2.07823 -1.780958 -1.220879 -.5050383 -.04262585 .2765964 .6008105 .9437966 1.301036 1.539786 1.542822 1.583303 1.627201 1.683479 1.749028 1.808824 1.91542 1.966944 2.030318 2.032927 1.977398 1.922605 1.805049 1.658567 1.404924 1.181161 .9113997
.4665288 .2609445 .1618702 .1750854 .260809 .3200644 .3651651 .4036129 .4273842 .443483 .4863776 .5275521 .511749 .4718758 .3571382 .1921231 .04936792 -.08525867 -.266917 -.3940531 -.3849946 -.17705 .3171993 .5372708 .2906735 -.4899689 -1.222826 -1.504961 -1.539436 -1.613421 -1.709618 -1.923961 -2.132634 -2.2843 -2.365507 -2.13761 -1.557818 -.7093799 -.1404025 .2688829 .6177822 1.025279 1.379576 1.637769 1.651991 1.622142 1.628946 1.677384 1.78597 1.874933 2.020156 2.140524 2.171811 2.124533 2.08462 2.040367 1.917209 1.732361 1.476175 1.180072 .840588
.7885798 .5237878 .3533736 .3398985 .3872096 .4352461 .498583 .5315132 .5446729 .5533999 .558248 .6199278 .6392393 .6046423 .4631953 .2286151 .03207875 -.1470542 -.3625456 -.5583071 -.5750049 -.3615761 .08544298 .4121037 .3732501 -.2715992 -.9960291 -1.419754 -1.531809 -1.642208 -1.761172 -1.915291 -2.104572 -2.284 -2.361233 -2.141344 -1.666051 -.8393398 -.1094211 .3644398 .8524742 1.283058 1.593517 1.766968 1.835133 1.717209 1.726372 1.780696 1.866577 1.958138 2.090442 2.168938 2.211926 2.268807 2.294932 2.228162 2.094671 1.873567 1.578312 1.193755 .754664
1.084614 .843559 .6254874 .5383415 .5031152 .5803246 .6478771 .6871006 .6832068 .6687415 .6529531 .6378047 .7098204 .7092352 .551057 .312981 .03751448 -.2112341 -.4559174 -.7078333 -.7201209 -.467747 -.1185144 .253745 .3625204 -.104525 -.7010013 -1.089768 -1.303192 -1.454634 -1.612767 -1.76472 -1.853933 -1.952195 -1.914043 -1.755472 -1.30499 -.6205562 .1455077 .7227802 1.329752 1.729392 1.910843 1.839705 1.844713 1.79417 1.844552 1.89489 1.911685 1.98712 2.053757 2.181508 2.310689 2.463324 2.524559 2.493617 2.340821 2.082665 1.720542 1.263674 .756457
1.222381 1.114097 .9643109 .7873198 .663833 .7084265 .7952984 .7962793 .7643659 .7451079 .7415894 .6943638 .763254 .7662764 .6251774 .4412887 .1136103 -.2422388 -.5830113 -.8009868 -.7742377 -.5673219 -.2402373 .1182257 .3308015 .0988972 -.3329875 -.6902218 -.9306196 -1.104742 -1.235166 -1.226363 -1.11605 -.9770389 -.9523474 -.8859659 -.5907815 -.09619235 .4931745 1.104042 1.66439 2.106493 2.139247 1.964711 1.963137 2.07359 2.107307 2.069464 1.993683 1.996079 2.115132 2.314017 2.532036 2.747693 2.89341 2.896415 2.722707 2.411173 1.986552 1.448233 .851131
1.227867 1.207583 1.195228 1.125154 .9454285 .8429158 .83587 .8010607 .7658917 .7510024 .7629358 .7506149 .7661323 .7651018 .6902804 .5637009 .2994471 -.136852 -.5362552 -.8574201 -.8720756 -.6333822 -.335966 .03545566 .3597657 .3325201 .06404827 -.2453997 -.5085149 -.681761 -.7791242 -.7096802 -.3997409 -.3095596 -.3039977 -.2377235 -.08026611 .2633289 .6572917 1.08327 1.694376 2.132922 2.250716 2.189556 2.273122 2.399911 2.373605 2.247115 2.092192 2.090373 2.272855 2.56802 2.912403 3.206174 3.417943 3.429788 3.206092 2.862435 2.399102 1.773989 1.175699
1.172136 1.177749 1.139478 1.156826 1.057549 .9684842 .8650673 .7671753 .708623 .7101263 .7189612 .7745284 .8125226 .8750633 .8358961 .7624297 .5357569 .1481361 -.3346747 -.7946594 -.8987146 -.6727253 -.3149143 .05167137 .4165612 .5881985 .4006774 .1485404 -.0784522 -.2478006 -.295269 -.13594 .06017804 .1697986 .2169539 .2804225 .3917165 .6094736 .8239397 1.101066 1.678822 2.211968 2.508751 2.646522 2.791935 2.807272 2.620853 2.509549 2.329105 2.359761 2.562519 2.941348 3.412302 3.882663 4.114157 4.056692 3.786598 3.432853 2.925753 2.444045 1.940856
1.141254 1.163147 1.162424 1.233864 1.216061 1.117634 .9241285 .7529246 .6397479 .6346451 .7234965 .7886911 .8956679 .9179595 .9799673 1.012757 .8627487 .5039125 .01239737 -.4969267 -.8098184 -.5573304 -.1754068 .1487213 .5727024 .8764494 .8874383 .6296929 .4335447 .2844169 .2188075 .3643646 .5562621 .7049081 .7929975 .8737326 1.003162 1.098639 1.246338 1.445725 2.059103 2.69733 3.134029 3.372841 3.453305 3.376966 3.244879 3.252009 3.159406 3.206541 3.401718 3.742793 4.193106 4.548204 4.794858 4.684981 4.365157 4.054243 3.739736 3.393234 3.056588
1.098736 1.131984 1.184963 1.206006 1.153751 1.065621 .8070045 .590543 .5435026 .5918564 .7787281 .8788947 .9381809 .9792429 1.098161 1.193667 1.14641 .8604112 .4385157 -.03112878 -.418744 -.3697152 .06446739 .4073678 .7269109 1.075433 1.239111 1.127417 .9453225 .7703941 .7246232 .8602098 1.07729 1.216148 1.36011 1.461087 1.469567 1.58715 1.794218 2.105824 2.723471 3.375969 3.932167 4.136968 4.205983 4.227789 4.233821 4.316566 4.344597 4.316139 4.462105 4.698921 4.973797 5.156163 5.236006 5.163549 4.882752 4.755174 4.576319 4.526666 4.294597
1.058812 1.085889 1.119033 1.085843 .8950844 .7373729 .5905088 .4593363 .5009491 .6147569 .8551572 1.036357 1.013939 .966098 1.065386 1.295224 1.402302 1.189924 .8391999 .4769262 .1736357 .08067415 .3360846 .572331 .8846835 1.237463 1.560548 1.566516 1.436092 1.226515 1.280686 1.418891 1.58476 1.773186 1.89397 1.907229 1.968326 2.061018 2.3285 2.747116 3.345765 3.996654 4.513745 4.74362 4.975925 5.170593 5.421428 5.605432 5.622262 5.523629 5.509376 5.482611 5.499815 5.553437 5.616859 5.552081 5.487734 5.510423 5.596452 5.718412 5.571134
.9515667 .9822311 .9790651 .8765598 .8675464 .8265226 .7675837 .5920308 .45609 .6144388 .90595 1.050122 1.034528 .8678072 .9220339 1.209141 1.431776 1.348856 1.104946 .87639 .6615674 .5547975 .5831673 .7236805 .9538994 1.322166 1.746428 1.740958 1.720669 1.706431 1.829132 1.937189 2.118169 2.312885 2.39546 2.385439 2.427065 2.566212 2.829376 3.31273 3.865702 4.445514 4.937875 5.313375 5.658574 5.976494 6.316988 6.577605 6.72028 6.570151 6.286461 6.044351 5.986731 6.121206 6.231472 6.339564 6.527342 6.808693 7.065574 7.215105 7.0072
.8351375 .8428808 .8577197 .8256439 .8938164 .9657245 .963508 .8361845 .5428559 .5252984 .7212152 .9139873 .9767334 .8723624 .8868586 1.108776 1.353032 1.464817 1.33647 1.120335 .9243343 .7866061 .8307511 .9321965 1.10356 1.413366 1.784455 2.00454 2.117402 2.272709 2.359988 2.489502 2.63975 2.817142 2.937464 2.921355 2.908952 3.054104 3.357159 3.807239 4.352328 4.910032 5.440919 5.892716 6.260782 6.542253 6.941562 7.229415 7.36196 7.265636 6.945152 6.664445 6.735843 7.082861 7.479704 7.946285 8.517072 8.991575 9.252264 9.097906 8.492397
.7345735 .7835836 .8572002 .8860231 .9456547 1.02062 1.023796 .846566 .5348811 .3886713 .5316533 .7752278 .9115195 .8691474 .8449757 .9832144 1.276767 1.450088 1.356507 1.216461 1.135824 1.147476 1.12405 1.147496 1.301984 1.5413 1.937386 2.286289 2.47338 2.629201 2.725739 2.822106 3.035527 3.276528 3.415022 3.434318 3.378792 3.509722 3.788264 4.268004 4.857741 5.405489 5.927986 6.428816 6.787492 7.160871 7.473912 7.766117 7.829179 7.793417 7.550492 7.443849 7.7646 8.450382 9.281927 10.13467 10.72377 11.06852 11.00723 10.46205 9.417981
.6517838 .7482581 .8419899 .897212 .9568418 .9960698 .9730639 .8399487 .6032269 .4599706 .5884005 .739688 .8505153 .8325096 .8213937 .9124893 1.060052 1.137625 1.207728 1.189899 1.220404 1.322847 1.451597 1.523146 1.539734 1.705823 1.927568 2.192955 2.463155 2.672172 2.841206 3.067555 3.30991 3.669801 3.902111 3.9103 3.766212 3.811373 4.108991 4.692063 5.371742 5.989408 6.50558 6.937643 7.359987 7.680654 7.963036 8.171752 8.357725 8.34514 8.240633 8.364768 8.882657 9.700784 10.61518 11.38927 11.8235 11.80874 11.32819 10.45053 9.213034
.6261896 .7337753 .8180389 .8840725 .9516439 .9516572 .9076327 .8350479 .7150854 .6195553 .6416658 .7138433 .7729602 .7551168 .644316 .6175022 .7314126 .8423972 1.018931 1.144518 1.250363 1.438534 1.69323 1.781192 1.824428 1.816404 1.90952 2.127897 2.329503 2.609212 2.777768 3.058139 3.434791 3.921133 4.214589 4.176465 3.952925 3.932879 4.234303 4.868981 5.673213 6.284275 6.776805 7.349705 7.734375 8.034492 8.203809 8.342399 8.489055 8.578897 8.654153 8.88069 9.422862 10.19813 10.80393 11.15427 11.16936 10.78383 10.12671 9.234656 8.121617
.6130981 .7288648 .7922704 .8561124 .9051805 .9098883 .8893157 .7993633 .7254104 .6581113 .6558142 .6552723 .6479372 .6199362 .5770525 .5730807 .6364839 .811828 1.005026 1.173049 1.332155 1.529506 1.778387 2.004631 2.056065 1.999747 1.921637 1.970246 2.180328 2.348741 2.534787 2.782814 3.276953 3.817973 4.028108 4.021346 3.781037 3.690284 4.004229 4.868857 5.716243 6.388368 7.025746 7.492806 7.862671 8.010231 8.037252 8.105061 8.242995 8.295895 8.379416 8.577262 8.960302 9.321211 9.614332 9.627148 9.331969 8.989865 8.443608 7.845845 7.104921
.5928998 .6924471 .7865115 .8413831 .872229 .8756739 .8465726 .8032714 .7257872 .7005165 .6657777 .6431249 .578907 .6178745 .6710734 .7089479 .7672057 .8860769 1.045432 1.233237 1.376709 1.541703 1.722787 1.893146 2.003512 2.017951 1.811135 1.708369 1.742605 1.831089 1.870568 2.146796 2.646134 3.117394 3.431545 3.506586 3.258031 3.04455 3.231564 4.11233 5.213312 6.170964 6.827655 7.261082 7.496962 7.431355 7.348168 7.350783 7.405052 7.376127 7.312346 7.421404 7.616651 7.851714 7.927588 7.870457 7.77914 7.606365 7.382521 7.055551 6.586701
.5701982 .6599599 .7243052 .8197736 .8336429 .8517764 .8352026 .7773144 .7154511 .7147046 .6854191 .6363138 .5770623 .6647679 .7510137 .7887514 .8808722 .9901109 1.089814 1.23583 1.352385 1.470884 1.584239 1.70673 1.710989 1.622723 1.487713 1.341985 1.189172 1.103788 1.134155 1.336851 1.810413 2.343007 2.72841 2.998198 2.809887 2.388045 2.42428 3.285437 4.566835 5.459569 5.980626 6.234334 6.275057 6.220634 6.168481 6.160948 6.216277 6.238923 6.210126 6.290302 6.453365 6.642756 6.862565 7.029488 7.119125 7.15172 7.079836 6.864964 6.471511
.5346294 .6175749 .7029192 .8012852 .8161524 .8361949 .7927112 .7582545 .7183578 .7186924 .7277539 .6899587 .6426739 .7198555 .817434 .8946932 .9619852 1.086403 1.134302 1.24032 1.299784 1.399616 1.441679 1.543628 1.615055 1.548216 1.372113 1.141259 .9209605 .7929645 .7815835 .8021649 1.108001 1.729364 2.292 2.680254 2.555806 2.023502 1.732506 2.39641 3.474401 4.343741 4.76579 4.920127 4.974603 4.967777 4.949974 5.099486 5.23356 5.408076 5.570409 5.644051 5.868733 6.132147 6.502031 6.84243 7.059798 7.15466 7.140571 6.892292 6.463061
.554667 .5977037 .661418 .7355164 .7921284 .7761285 .7686589 .7573797 .7348066 .7479615 .7734931 .7704812 .7459592 .8084901 .8924406 .9624192 1.005133 1.11693 1.146634 1.167632 1.210717 1.293263 1.384689 1.487561 1.528933 1.501082 1.341662 1.181809 1.046628 .9224315 .8187988 .6811744 .6257908 1.36044 2.024353 2.451179 2.361202 1.655999 1.151372 1.41918 2.371763 3.216899 3.742412 4.00993 4.153841 4.323529 4.463972 4.617311 4.851112 5.211702 5.402831 5.638501 5.856528 6.230949 6.619551 7.038516 7.316735 7.409908 7.287139 6.821107 6.224576
.6073605 .6415069 .6813685 .7456543 .7781211 .7698298 .7479675 .7306678 .7221736 .788559 .8409382 .8556919 .8335131 .8887652 .95348 .9880047 1.03981 1.106505 1.14458 1.157792 1.186854 1.283729 1.356964 1.454988 1.497989 1.500737 1.411041 1.310471 1.239583 1.124892 .9344459 .7322867 .4976001 .835272 1.626456 2.348644 2.233181 1.489457 .7017152 .8056487 1.60336 2.543065 3.28705 3.766279 4.058372 4.342489 4.480733 4.634748 5.020282 5.459496 5.756497 5.918614 6.166743 6.512513 6.90413 7.278172 7.541165 7.49782 7.153017 6.509991 5.662557
.6065298 .6781999 .7215523 .709766 .7318171 .7307836 .715522 .7198189 .7186906 .7996682 .8845537 .9291108 .9267069 .9575595 .9923373 1.041136 1.032851 1.132614 1.178986 1.214074 1.22174 1.316832 1.390249 1.438362 1.480584 1.513972 1.505891 1.440587 1.326422 1.207911 1.023494 .7411404 .4604489 .4870188 1.1397 2.077952 2.157793 1.483942 .6390309 .4534004 1.209243 2.294593 3.246468 3.783787 4.176641 4.501988 4.789916 5.076299 5.530819 5.963901 6.259713 6.511958 6.665221 6.896581 7.120349 7.379581 7.427406 7.186876 6.637815 5.884574 4.864497
.6136685 .6799949 .6436552 .6347213 .6367996 .6631202 .6768138 .6927907 .7147902 .7947799 .8906632 .943599 .9615805 .9910247 1.012265 1.026673 1.063099 1.13828 1.193942 1.214551 1.260257 1.337716 1.397326 1.432679 1.478224 1.4995 1.487456 1.445296 1.253577 1.081069 .9529905 .8249618 .5293013 .3828914 .7770524 1.68214 2.014458 1.535622 .7997055 .519192 1.057833 2.123121 3.12548 3.813557 4.350585 4.832477 5.232294 5.632584 6.065692 6.495649 6.822974 7.014354 7.078741 7.149651 7.163524 7.196516 7.026852 6.61236 5.882774 4.968589 3.990247
.5819102 .6326813 .5995437 .5855501 .6020796 .6298999 .6321805 .6631261 .6939216 .8014361 .8671836 .9201218 .9446421 .9616706 1.000373 1.04894 1.074642 1.111109 1.188203 1.21494 1.24802 1.306704 1.383396 1.394156 1.427659 1.407938 1.35243 1.23631 1.036183 .8469483 .7190102 .854726 .8162142 .6287712 .6229238 1.323412 1.702868 1.498361 1.072982 .8281865 1.14158 2.027457 3.00358 3.781455 4.442589 5.050025 5.574101 6.05205 6.472732 6.874615 7.199901 7.383852 7.310207 7.144122 6.875226 6.721355 6.441971 5.821916 4.972606 4.113477 3.20238
.5976884 .5864053 .56602 .569202 .5755598 .619139 .648002 .645273 .6786476 .7586179 .8364976 .8735914 .9161959 .9699189 .9952008 1.035858 1.080071 1.112487 1.168667 1.18983 1.215301 1.235711 1.307735 1.326297 1.310345 1.196688 1.111865 1.057298 .9268293 .7803202 .8425668 .9876186 .9420874 .825011 .6954558 1.099722 1.460561 1.456295 1.220022 1.008835 1.123435 1.714384 2.766329 3.689603 4.459366 5.1156 5.64202 6.193411 6.689756 7.075344 7.303212 7.430798 7.310854 6.938099 6.438162 6.11482 5.773306 5.089056 4.240345 3.443577 2.725851
.5647343 .5104625 .4840052 .5214286 .5536772 .5920146 .6131201 .651765 .6581246 .6678795 .7295186 .7954189 .8695821 .931335 .9852183 .9926828 1.041979 1.095566 1.128665 1.158177 1.157487 1.173826 1.201329 1.201836 1.27407 1.193155 1.017299 1.006822 1.026679 .9257144 .98712 1.05516 .9978639 .8900153 .8544141 1.127588 1.310331 1.38842 1.298367 1.04184 1.072235 1.619415 2.579532 3.404181 4.249421 4.899745 5.551496 6.197471 6.741611 6.984263 7.205662 7.24125 7.063497 6.571024 5.907808 5.425139 5.117651 4.546472 3.833426 3.096514 2.499565
