py_wake/examples/data/AJ_ParqueFicticio/Rough survey   Sector 2   Height 200m   Weibull-k.grd
DSAA
73  159
 258469   265669
 6501692   6517492
 2.173828   2.544922
[rows 84 to 111 of 159, columns 0 to 62 of 73]
2.349609 2.349609 2.349609 2.349609 2.349609 2.349609 2.349609 2.349609 2.349609 2.345703 2.333984 2.326172 2.318359 2.314453 2.306641 2.298828 2.294922 2.287109 2.287109 2.279297 2.279297 2.275391 2.267578 2.263672 2.251953 2.240234 2.228516 2.220703 2.216797 2.216797 2.224609 2.232422 2.240234 2.244141 2.251953 2.259766 2.267578 2.271484 2.267578 2.255859 2.251953 2.248047 2.248047 2.248047 2.251953 2.255859 2.259766 2.263672 2.271484 2.283203 2.298828 2.306641 2.314453 2.318359 2.322266 2.333984 2.353516 2.357422 2.373047 2.388672 2.408203 2.423828 2.439453
2.349609 2.349609 2.349609 2.349609 2.349609 2.349609 2.349609 2.349609 2.349609 2.345703 2.333984 2.326172 2.318359 2.310547 2.302734 2.294922 2.291016 2.283203 2.279297 2.275391 2.271484 2.263672 2.259766 2.255859 2.248047 2.236328 2.224609 2.216797 2.212891 2.216797 2.220703 2.228516 2.236328 2.244141 2.251953 2.263672 2.271484 2.271484 2.263672 2.255859 2.251953 2.248047 2.248047 2.251953 2.251953 2.255859 2.255859 2.259766 2.263672 2.271484 2.283203 2.298828 2.310547 2.318359 2.326172 2.341797 2.353516 2.365234 2.376953 2.396484 2.416016 2.431641 2.447266
2.349609 2.349609 2.349609 2.349609 2.349609 2.349609 2.349609 2.349609 2.349609 2.349609 2.337891 2.330078 2.318359 2.310547 2.302734 2.294922 2.287109 2.283203 2.275391 2.271484 2.263672 2.259766 2.251953 2.244141 2.236328 2.228516 2.220703 2.212891 2.208984 2.212891 2.216797 2.224609 2.232422 2.244141 2.251953 2.263672 2.271484 2.267578 2.259766 2.255859 2.251953 2.251953 2.251953 2.251953 2.255859 2.255859 2.259766 2.259766 2.263672 2.267578 2.275391 2.283203 2.298828 2.310547 2.322266 2.345703 2.357422 2.369141 2.384766 2.404297 2.427734 2.443359 2.458984
2.349609 2.349609 2.349609 2.349609 2.349609 2.349609 2.349609 2.349609 2.349609 2.349609 2.341797 2.330078 2.322266 2.310547 2.298828 2.291016 2.287109 2.279297 2.275391 2.267578 2.259766 2.251953 2.244141 2.236328 2.228516 2.220703 2.212891 2.208984 2.205078 2.205078 2.212891 2.220703 2.232422 2.244141 2.255859 2.263672 2.271484 2.263672 2.259766 2.255859 2.251953 2.251953 2.251953 2.255859 2.255859 2.259766 2.263672 2.263672 2.267578 2.267578 2.271484 2.275391 2.283203 2.298828 2.314453 2.337891 2.361328 2.373047 2.388672 2.412109 2.439453 2.458984 2.462891
2.349609 2.349609 2.349609 2.349609 2.349609 2.349609 2.349609 2.349609 2.349609 2.349609 2.345703 2.333984 2.322266 2.310547 2.298828 2.291016 2.283203 2.279297 2.271484 2.267578 2.259766 2.251953 2.240234 2.228516 2.220703 2.212891 2.208984 2.201172 2.201172 2.205078 2.212891 2.220703 2.228516 2.240234 2.255859 2.263672 2.267578 2.263672 2.259766 2.255859 2.251953 2.251953 2.251953 2.255859 2.255859 2.259766 2.263672 2.267578 2.267578 2.271484 2.267578 2.263672 2.267578 2.279297 2.298828 2.326172 2.361328 2.373047 2.392578 2.419922 2.447266 2.466797 2.466797
2.349609 2.349609 2.349609 2.349609 2.349609 2.349609 2.349609 2.349609 2.349609 2.349609 2.345703 2.337891 2.326172 2.314453 2.302734 2.291016 2.283203 2.275391 2.271484 2.263672 2.255859 2.248047 2.240234 2.228516 2.216797 2.208984 2.201172 2.201172 2.201172 2.205078 2.212891 2.220703 2.232422 2.244141 2.255859 2.263672 2.267578 2.263672 2.259766 2.255859 2.251953 2.251953 2.255859 2.255859 2.259766 2.263672 2.263672 2.267578 2.271484 2.275391 2.267578 2.259766 2.259766 2.263672 2.279297 2.306641 2.357422 2.373047 2.396484 2.419922 2.451172 2.470703 2.470703
2.349609 2.349609 2.349609 2.349609 2.349609 2.349609 2.349609 2.349609 2.349609 2.349609 2.345703 2.337891 2.326172 2.318359 2.302734 2.294922 2.283203 2.275391 2.263672 2.259766 2.251953 2.248047 2.236328 2.224609 2.216797 2.205078 2.201172 2.197266 2.201172 2.208984 2.216797 2.224609 2.236328 2.248047 2.255859 2.263672 2.263672 2.263672 2.259766 2.255859 2.255859 2.255859 2.259766 2.263672 2.267578 2.267578 2.271484 2.275391 2.283203 2.283203 2.275391 2.267578 2.263672 2.259766 2.271484 2.294922 2.341797 2.369141 2.392578 2.423828 2.455078 2.474609 2.474609
2.349609 2.349609 2.349609 2.349609 2.349609 2.349609 2.349609 2.349609 2.349609 2.349609 2.345703 2.337891 2.326172 2.318359 2.306641 2.298828 2.287109 2.275391 2.259766 2.251953 2.248047 2.240234 2.232422 2.220703 2.212891 2.205078 2.201172 2.201172 2.205078 2.212891 2.220703 2.232422 2.240234 2.251953 2.263672 2.259766 2.259766 2.259766 2.259766 2.255859 2.255859 2.259766 2.263672 2.271484 2.275391 2.279297 2.283203 2.298828 2.306641 2.306641 2.298828 2.287109 2.283203 2.279297 2.283203 2.302734 2.341797 2.369141 2.396484 2.427734 2.458984 2.478516 2.482422
2.349609 2.349609 2.349609 2.349609 2.349609 2.349609 2.349609 2.349609 2.349609 2.349609 2.345703 2.337891 2.326172 2.318359 2.310547 2.302734 2.291016 2.275391 2.255859 2.244141 2.240234 2.232422 2.224609 2.216797 2.208984 2.205078 2.201172 2.201172 2.208984 2.216797 2.228516 2.236328 2.248047 2.259766 2.263672 2.263672 2.259766 2.255859 2.255859 2.255859 2.259766 2.263672 2.271484 2.275391 2.283203 2.291016 2.302734 2.318359 2.330078 2.333984 2.326172 2.322266 2.326172 2.326172 2.333984 2.353516 2.373047 2.384766 2.408203 2.439453 2.470703 2.490234 2.490234
2.349609 2.349609 2.349609 2.349609 2.349609 2.349609 2.349609 2.349609 2.349609 2.349609 2.349609 2.337891 2.326172 2.318359 2.310547 2.302734 2.291016 2.271484 2.255859 2.240234 2.232422 2.224609 2.220703 2.212891 2.205078 2.205078 2.201172 2.205078 2.212891 2.220703 2.232422 2.244141 2.255859 2.267578 2.267578 2.259766 2.255859 2.255859 2.255859 2.255859 2.259766 2.267578 2.275391 2.283203 2.291016 2.306641 2.326172 2.333984 2.341797 2.341797 2.341797 2.345703 2.361328 2.373047 2.380859 2.388672 2.396484 2.408203 2.423828 2.451172 2.478516 2.498047 2.501953
2.349609 2.349609 2.349609 2.349609 2.349609 2.349609 2.349609 2.349609 2.349609 2.349609 2.349609 2.341797 2.322266 2.310547 2.302734 2.294922 2.283203 2.267578 2.251953 2.236328 2.224609 2.216797 2.212891 2.205078 2.205078 2.201172 2.201172 2.208984 2.216797 2.224609 2.236328 2.248047 2.259766 2.267578 2.263672 2.259766 2.255859 2.255859 2.251953 2.255859 2.259766 2.267578 2.275391 2.291016 2.306641 2.326172 2.337891 2.341797 2.341797 2.341797 2.337891 2.345703 2.369141 2.380859 2.388672 2.400391 2.408203 2.419922 2.435547 2.458984 2.486328 2.505859 2.509766
2.349609 2.349609 2.349609 2.349609 2.349609 2.349609 2.349609 2.349609 2.349609 2.349609 2.349609 2.345703 2.326172 2.306641 2.291016 2.283203 2.271484 2.259766 2.248047 2.232422 2.224609 2.212891 2.208984 2.201172 2.201172 2.201172 2.205078 2.208984 2.220703 2.232422 2.240234 2.248047 2.259766 2.267578 2.259766 2.255859 2.255859 2.251953 2.251953 2.251953 2.255859 2.267578 2.279297 2.298828 2.314453 2.333984 2.341797 2.345703 2.341797 2.337891 2.333984 2.337891 2.361328 2.376953 2.388672 2.396484 2.408203 2.423828 2.439453 2.462891 2.490234 2.509766 2.517578
2.349609 2.349609 2.349609 2.349609 2.349609 2.349609 2.349609 2.349609 2.349609 2.349609 2.349609 2.349609 2.326172 2.302734 2.283203 2.267578 2.255859 2.248047 2.240234 2.228516 2.220703 2.212891 2.205078 2.201172 2.201172 2.201172 2.205078 2.212891 2.224609 2.232422 2.240234 2.244141 2.251953 2.259766 2.259766 2.255859 2.251953 2.251953 2.251953 2.251953 2.259766 2.271484 2.287109 2.302734 2.318359 2.333984 2.341797 2.341797 2.337891 2.333984 2.326172 2.326172 2.337891 2.353516 2.373047 2.384766 2.400391 2.419922 2.439453 2.462891 2.490234 2.509766 2.521484
2.349609 2.349609 2.349609 2.349609 2.349609 2.349609 2.349609 2.349609 2.349609 2.349609 2.349609 2.349609 2.326172 2.298828 2.275391 2.259766 2.248047 2.240234 2.228516 2.224609 2.216797 2.212891 2.205078 2.201172 2.201172 2.205078 2.212891 2.220703 2.224609 2.228516 2.236328 2.240234 2.244141 2.255859 2.255859 2.251953 2.255859 2.255859 2.255859 2.255859 2.263672 2.275391 2.291016 2.302734 2.318359 2.326172 2.333984 2.337891 2.333984 2.326172 2.318359 2.318359 2.322266 2.314453 2.318359 2.337891 2.376953 2.408203 2.431641 2.458984 2.486328 2.509766 2.521484
2.349609 2.349609 2.349609 2.349609 2.349609 2.349609 2.349609 2.349609 2.349609 2.349609 2.349609 2.349609 2.322266 2.294922 2.271484 2.255859 2.244141 2.232422 2.224609 2.216797 2.212891 2.212891 2.205078 2.205078 2.208984 2.212891 2.220703 2.224609 2.228516 2.228516 2.232422 2.236328 2.244141 2.255859 2.251953 2.248047 2.248047 2.255859 2.259766 2.263672 2.267578 2.279297 2.291016 2.302734 2.310547 2.322266 2.330078 2.337891 2.341797 2.330078 2.322266 2.314453 2.306641 2.294922 2.294922 2.306641 2.337891 2.380859 2.431641 2.458984 2.486328 2.509766 2.525391
2.349609 2.349609 2.349609 2.349609 2.349609 2.349609 2.349609 2.349609 2.349609 2.349609 2.349609 2.333984 2.310547 2.287109 2.271484 2.255859 2.240234 2.228516 2.220703 2.216797 2.212891 2.212891 2.212891 2.212891 2.216797 2.224609 2.228516 2.228516 2.228516 2.228516 2.232422 2.236328 2.251953 2.255859 2.251953 2.244141 2.248047 2.255859 2.259766 2.267578 2.275391 2.283203 2.294922 2.306641 2.314453 2.330078 2.345703 2.349609 2.345703 2.330078 2.310547 2.302734 2.294922 2.291016 2.298828 2.314453 2.345703 2.384766 2.439453 2.466797 2.494141 2.517578 2.529297
2.349609 2.349609 2.349609 2.349609 2.349609 2.349609 2.349609 2.349609 2.349609 2.349609 2.345703 2.318359 2.294922 2.279297 2.263672 2.251953 2.244141 2.232422 2.220703 2.216797 2.216797 2.216797 2.220703 2.224609 2.228516 2.232422 2.228516 2.228516 2.228516 2.232422 2.236328 2.244141 2.255859 2.259766 2.251953 2.248047 2.248047 2.255859 2.263672 2.267578 2.279297 2.287109 2.294922 2.302734 2.306641 2.330078 2.349609 2.349609 2.349609 2.330078 2.306641 2.291016 2.283203 2.287109 2.302734 2.330078 2.361328 2.412109 2.458984 2.482422 2.505859 2.525391 2.537109
2.349609 2.349609 2.349609 2.349609 2.349609 2.349609 2.349609 2.349609 2.349609 2.349609 2.330078 2.302734 2.283203 2.267578 2.255859 2.251953 2.244141 2.236328 2.228516 2.224609 2.224609 2.224609 2.228516 2.232422 2.236328 2.236328 2.232422 2.228516 2.228516 2.236328 2.240234 2.251953 2.263672 2.263672 2.259766 2.255859 2.255859 2.263672 2.271484 2.275391 2.283203 2.287109 2.291016 2.291016 2.306641 2.333984 2.353516 2.349609 2.349609 2.337891 2.306641 2.287109 2.279297 2.287109 2.306641 2.337891 2.373047 2.419922 2.466797 2.494141 2.517578 2.537109 2.541016
2.349609 2.349609 2.349609 2.349609 2.349609 2.349609 2.349609 2.349609 2.349609 2.349609 2.318359 2.291016 2.271484 2.259766 2.251953 2.248047 2.244141 2.240234 2.232422 2.232422 2.232422 2.236328 2.244141 2.244141 2.244141 2.236328 2.232422 2.232422 2.232422 2.240234 2.248047 2.259766 2.271484 2.271484 2.267578 2.271484 2.271484 2.279297 2.287109 2.291016 2.287109 2.283203 2.287109 2.291016 2.306641 2.345703 2.365234 2.361328 2.357422 2.345703 2.314453 2.291016 2.283203 2.291016 2.310547 2.337891 2.376953 2.419922 2.470703 2.498047 2.525391 2.541016 2.544922
2.349609 2.349609 2.349609 2.349609 2.349609 2.349609 2.349609 2.349609 2.349609 2.330078 2.302734 2.279297 2.263672 2.251953 2.248047 2.244141 2.244141 2.244141 2.244141 2.244141 2.248047 2.255859 2.259766 2.259766 2.251953 2.244141 2.240234 2.236328 2.240234 2.244141 2.251953 2.263672 2.275391 2.283203 2.283203 2.287109 2.294922 2.302734 2.306641 2.306641 2.291016 2.279297 2.279297 2.287109 2.314453 2.353516 2.376953 2.373047 2.365234 2.353516 2.322266 2.298828 2.287109 2.294922 2.318359 2.345703 2.380859 2.431641 2.478516 2.501953 2.529297 2.544922 2.544922
2.349609 2.349609 2.349609 2.349609 2.349609 2.349609 2.349609 2.349609 2.326172 2.306641 2.283203 2.267578 2.251953 2.244141 2.240234 2.244141 2.244141 2.248047 2.251953 2.255859 2.263672 2.279297 2.287109 2.279297 2.267578 2.259766 2.251953 2.251953 2.251953 2.251953 2.259766 2.275391 2.291016 2.302734 2.310547 2.314453 2.330078 2.333984 2.326172 2.310547 2.291016 2.279297 2.275391 2.283203 2.310547 2.337891 2.361328 2.373047 2.369141 2.353516 2.333984 2.310547 2.302734 2.314453 2.337891 2.365234 2.400391 2.458984 2.486328 2.509766 2.533203 2.544922 2.544922
2.349609 2.349609 2.349609 2.349609 2.349609 2.349609 2.349609 2.326172 2.302734 2.283203 2.267578 2.251953 2.240234 2.236328 2.232422 2.240234 2.248047 2.255859 2.263672 2.275391 2.291016 2.314453 2.326172 2.318359 2.298828 2.283203 2.279297 2.271484 2.267578 2.267578 2.275391 2.294922 2.318359 2.337891 2.349609 2.365234 2.369141 2.357422 2.341797 2.310547 2.287109 2.275391 2.271484 2.279297 2.302734 2.326172 2.337891 2.353516 2.357422 2.349609 2.337891 2.330078 2.333984 2.349609 2.380859 2.412109 2.455078 2.478516 2.498047 2.517578 2.533203 2.544922 2.544922
2.349609 2.349609 2.349609 2.349609 2.349609 2.349609 2.337891 2.306641 2.283203 2.267578 2.251953 2.240234 2.232422 2.228516 2.228516 2.236328 2.251953 2.263672 2.275391 2.287109 2.306641 2.333984 2.353516 2.357422 2.345703 2.330078 2.314453 2.306641 2.298828 2.298828 2.314453 2.337891 2.365234 2.388672 2.384766 2.384766 2.376953 2.365234 2.353516 2.306641 2.283203 2.271484 2.267578 2.279297 2.302734 2.322266 2.333984 2.349609 2.353516 2.345703 2.337891 2.341797 2.361328 2.400391 2.439453 2.458984 2.478516 2.494141 2.509766 2.521484 2.537109 2.544922 2.544922
2.349609 2.349609 2.349609 2.349609 2.349609 2.341797 2.314453 2.291016 2.271484 2.255859 2.240234 2.232422 2.224609 2.220703 2.220703 2.228516 2.244141 2.259766 2.271484 2.287109 2.306641 2.337891 2.373047 2.380859 2.369141 2.361328 2.353516 2.353516 2.345703 2.349609 2.373047 2.388672 2.400391 2.404297 2.400391 2.396484 2.388672 2.369141 2.353516 2.310547 2.279297 2.267578 2.263672 2.279297 2.302734 2.326172 2.345703 2.357422 2.357422 2.345703 2.333984 2.337891 2.369141 2.419922 2.451172 2.470703 2.486328 2.501953 2.513672 2.525391 2.537109 2.544922 2.544922
2.349609 2.349609 2.349609 2.341797 2.326172 2.314453 2.298828 2.279297 2.263672 2.248047 2.236328 2.224609 2.216797 2.216797 2.216797 2.220703 2.232422 2.244141 2.255859 2.275391 2.298828 2.330078 2.376953 2.384766 2.373047 2.365234 2.361328 2.361328 2.365234 2.376953 2.392578 2.408203 2.416016 2.419922 2.416016 2.412109 2.400391 2.376953 2.357422 2.318359 2.283203 2.263672 2.263672 2.279297 2.306641 2.330078 2.353516 2.373047 2.373047 2.353516 2.333984 2.333984 2.361328 2.427734 2.451172 2.470703 2.490234 2.501953 2.513672 2.525391 2.537109 2.544922 2.544922
2.353516 2.357422 2.353516 2.345703 2.318359 2.298828 2.283203 2.271484 2.255859 2.240234 2.228516 2.220703 2.212891 2.212891 2.216797 2.220703 2.224609 2.228516 2.240234 2.255859 2.279297 2.318359 2.361328 2.388672 2.376953 2.369141 2.365234 2.365234 2.373047 2.388672 2.404297 2.419922 2.427734 2.427734 2.427734 2.423828 2.408203 2.384766 2.361328 2.322266 2.283203 2.263672 2.263672 2.279297 2.302734 2.330078 2.357422 2.380859 2.384766 2.369141 2.345703 2.337891 2.369141 2.427734 2.451172 2.470703 2.482422 2.498047 2.509766 2.521484 2.533203 2.544922 2.544922
2.365234 2.365234 2.361328 2.357422 2.322266 2.294922 2.275391 2.263672 2.251953 2.236328 2.224609 2.216797 2.212891 2.212891 2.216797 2.220703 2.220703 2.220703 2.224609 2.240234 2.263672 2.298828 2.337891 2.369141 2.376953 2.369141 2.365234 2.369141 2.380859 2.400391 2.416016 2.431641 2.435547 2.435547 2.431641 2.427734 2.416016 2.392578 2.369141 2.322266 2.283203 2.263672 2.263672 2.279297 2.302734 2.326172 2.353516 2.373047 2.376953 2.369141 2.353516 2.357422 2.404297 2.427734 2.451172 2.466797 2.478516 2.490234 2.501953 2.513672 2.529297 2.541016 2.541016
2.376953 2.373047 2.369141 2.361328 2.337891 2.298828 2.275391 2.259766 2.248047 2.236328 2.224609 2.220703 2.216797 2.216797 2.220703 2.224609 2.224609 2.220703 2.220703 2.224609 2.248047 2.279297 2.318359 2.341797 2.345703 2.345703 2.365234 2.373047 2.388672 2.408203 2.427734 2.439453 2.443359 2.439453 2.435547 2.431641 2.419922 2.396484 2.373047 2.314453 2.279297 2.263672 2.267578 2.283203 2.306641 2.326172 2.345703 2.361328 2.365234 2.361328 2.353516 2.373047 2.412109 2.431641 2.447266 2.462891 2.474609 2.482422 2.494141 2.509766 2.525391 2.533203 2.537109
