py_wake/examples/data/AJ_ParqueFicticio/Rough survey   Sector 9   Height 30m   Orographic turn.grd
DSAA
73  159
 258469   265669
 6501692   6517492
-148.9397   100.5022
[rows 56 to 83 of 159, columns 0 to 60 of 73]
1.594004 1.771744 1.895109 1.841809 2.137608 1.467234 1.554844 1.641772 1.772114 1.662331 1.533276 1.352794 1.534892 1.535603 .690659 .7166511 .6922925 .5788332 .7686604 1.245554 .6987122 -.05019153 .2780485 .5786659 .5432602 .8255736 .4919736 -.5038062 -.2086609 1.72255 2.209301 -1.767729 -5.817495 -7.291472 -4.808859 -3.395537 -2.406216 -5.534662 -11.75789 -13.80326 -9.387868 -8.393878 -9.914801 -10.1194 -9.444452 -6.411856 -5.420875 -5.836048 -3.028997 1.387916 5.225432 8.436962 8.627695 4.92976 .9855724 7.044957 13.61348 14.22476 11.18018 5.641151 -3.062412
1.156703 2.227082 2.277056 1.679377 1.964924 1.584844 1.544205 1.758145 1.821466 1.70106 1.456677 1.172835 .9093931 1.382764 .6412096 .5183437 .5464839 .5096174 .5248983 1.186997 .5831749 .2337908 .3330463 .1887736 .3763369 .5346803 .3710564 -1.614297 -3.390907 -1.557057 .9006964 -1.938746 -6.189229 -7.747306 -6.036923 -4.597402 -2.862996 -4.990673 -10.41123 -12.60832 -9.838356 -8.443096 -7.12541 -7.405264 -6.579406 -4.72415 -3.985141 -5.000564 -4.048938 -.6989622 4.058118 7.367225 9.077853 4.711175 -1.800576 3.242891 11.66257 13.41327 12.97045 7.104416 -.327307
1.967276 3.108985 2.902041 1.951008 1.712143 1.899496 1.695135 2.016319 2.036943 1.827378 1.473024 1.083327 .9943 1.628919 1.253964 .8176056 .6732196 .6220012 .6493178 1.143986 .7725364 .5284804 .4969303 -.3747265 .08694194 .3763243 .01269653 -1.01131 -3.273666 -1.558357 2.781973 -.6673968 -3.92311 -5.952167 -4.564501 -3.43675 -1.126948 -3.473765 -7.661697 -10.46266 -9.146965 -8.342146 -6.970797 -5.338745 -3.660839 -2.352934 -1.378838 -2.669696 -3.302286 -1.279684 3.373135 7.21225 9.554029 5.823422 -2.055256 3.242195 10.52104 14.03946 13.51968 8.226048 -1.281798
2.821584 2.910245 3.67496 3.053807 1.786836 1.669326 1.772844 2.236006 2.289258 2.004298 1.634646 1.30477 .966675 1.647835 1.569697 1.104589 .7976071 .8091527 .689984 .99378 .7235171 .0852673 .1079272 -.337908 -.2300645 .2095759 .4092191 1.124848 .8474222 1.412367 4.037272 3.346581 .7532054 -2.637862 -1.583803 -1.394847 -.421595 -2.046617 -5.65499 -8.211974 -8.355807 -7.602238 -7.106965 -4.424662 -1.126836 -.6755178 .3673728 -.2456801 -1.560035 -1.040475 2.489393 6.554408 9.930568 6.258552 .03584597 2.556345 10.71242 13.77453 13.15456 9.632291 2.255672
1.660473 2.259561 2.977133 2.724586 1.512531 1.011156 1.238637 2.50842 2.532731 2.243657 1.948502 1.654237 1.394958 1.68114 1.493719 1.027864 .6424414 .6112238 .7891096 .9939111 1.142259 .4006427 .352728 -.2145881 -.5558502 -.247466 .59887 1.768722 1.917857 3.797978 4.302099 3.586407 2.497348 .5969022 -.7299411 -.2646289 .09629075 -.6767333 -3.083083 -5.68588 -6.647922 -6.601878 -6.413639 -4.188731 -.3778693 .05663268 .5835376 .6713336 -.0006008109 -.7467667 .2125852 5.075265 10.11109 7.96939 -.2693249 .5791056 9.557197 12.52188 12.46467 9.973798 5.740116
1.52714 2.285094 2.251641 2.727692 2.775811 1.875263 1.588266 2.35482 2.593069 2.314559 2.119711 1.990473 1.709896 1.237359 1.096764 .7236187 .2642478 .457544 .8519414 .9039285 1.092584 -.01653989 -.02846976 -.27997 -.7244051 -.6148056 -.4560355 .4981473 1.045604 1.764105 3.244935 3.261411 2.157736 -.4481157 -.8522173 .2968764 .3336962 -.4399988 -2.17641 -3.518005 -4.158618 -5.863561 -7.234671 -3.4097 -.4016735 .978554 .9782676 1.893681 2.677172 1.465793 .7068787 1.878303 7.521162 7.341474 2.406184 -.5096263 7.699395 11.77004 12.43171 10.93049 7.296299
1.386647 2.188271 2.230268 2.582971 2.551989 2.298762 1.557629 1.682212 2.061913 2.111626 2.147442 1.914114 1.259584 .9820761 .8862376 .6143115 .1529521 .5311986 .9458528 .5998306 1.233872 .777748 .1832387 -.4515265 -1.23439 -1.421477 -1.910131 -.4873007 .894971 2.323194 1.460692 -.3231596 -1.27085 -.6108543 -.1109072 .325119 .4046043 -.1671609 -1.62153 -2.54194 -3.988518 -5.920326 -7.194606 -5.21682 .4356821 .9440649 .7031747 1.204754 3.881461 4.204137 .8810617 .1729697 5.174563 6.289553 2.433823 -1.538288 4.156242 11.26913 12.16141 11.10056 8.148894
1.231871 2.542896 2.562005 2.454565 2.226292 1.863142 1.5562 1.77379 1.897474 1.798667 1.802021 1.307866 1.115317 1.027967 .9677102 .8541884 .6512696 .6276459 .8549422 .621092 1.735792 1.616763 .7605308 -.4504939 -.9851104 -1.43936 -2.325272 -1.278199 .4967074 1.784783 2.092397 .9946778 .09944363 .3511504 .6411344 .4834542 .4754664 .006043702 -1.440971 -2.504448 -3.811124 -5.496225 -6.606122 -4.802502 -.6717175 1.312417 .4381421 1.768479 4.236703 7.245615 6.975712 .06523267 .8471346 3.005017 4.05977 1.858013 3.660887 11.03764 13.07794 12.68023 10.46179
1.142449 2.677928 2.645983 2.553295 2.33557 2.102198 2.130249 2.309198 2.029682 1.564784 1.623749 1.505858 1.217329 1.188221 1.150332 1.044567 .7714099 .6265986 .8820865 1.141093 1.675259 2.197939 1.605705 .2995814 -.5494707 -1.78885 -1.425093 -1.101807 .6838838 2.012832 2.694064 1.680852 .9258202 .5516669 .8384328 1.145187 .9976578 .3512785 -.877431 -1.943449 -2.404974 -3.298296 -4.026812 -4.0583 -.1454403 1.025538 1.781778 2.86853 5.135866 6.755448 8.33297 3.224395 .6762559 1.709329 3.628755 4.873827 7.735147 13.85886 18.41845 17.46452 16.92893
.987707 2.503812 2.700257 2.668383 2.571883 2.466718 2.555468 2.75516 2.130215 1.287911 1.530392 1.452905 1.277155 1.302329 1.289371 1.253886 .7233467 .6910848 .7753092 .8995019 1.316181 2.272621 2.101337 .1998661 -.1998438 -.6311266 -.2519265 .2109885 1.567276 2.770423 4.323003 2.390763 1.890958 2.402792 2.455 2.722826 2.696116 1.142291 -.268807 .2433439 -.7558952 -2.799654 -3.611188 -4.236684 -1.689555 .05541767 1.440574 3.202898 3.294523 4.08018 7.985207 7.49169 3.70606 -1.292607 1.420839 5.379217 9.978098 14.20362 19.66341 22.99204 18.53347
.9947599 1.969234 2.620487 2.693954 2.756527 2.736094 2.670171 2.431058 1.875783 1.085392 1.170666 1.221398 1.215989 1.252796 1.2809 .9609202 .4765916 .4597535 .384438 .07740898 .6578941 1.576355 .857123 .6586058 1.13178 1.104338 1.284213 1.81223 2.380252 3.466455 4.247393 3.288448 2.306856 4.332779 3.774643 3.919116 4.722223 2.975179 1.596714 1.753735 -.3441991 -1.204376 -2.332477 -3.202247 -2.980563 -2.288972 .4168322 3.879236 3.234346 1.176807 6.765873 8.436874 5.228809 .445951 -3.968155 -.1100611 8.762569 13.32851 17.22029 19.57101 16.11843
1.187413 1.683964 2.297462 2.640969 2.778634 2.880554 2.920567 2.460086 1.845054 1.476633 1.302946 1.230727 1.24166 1.324026 1.194901 1.177883 .7473719 .3213681 -.2984925 -.1304997 -.07193775 1.083636 1.56802 1.833615 2.498412 2.368759 1.946942 2.727374 3.169057 3.889612 3.891457 3.059615 1.958126 4.365562 4.833288 4.383284 5.139565 5.081456 2.558359 2.831022 1.608086 .900349 -.4496779 -1.810956 -2.584711 -3.091797 -1.813334 2.330682 1.615479 -.6516692 2.894794 7.255928 5.879652 2.670751 -2.678674 -5.883708 1.931423 11.03747 12.64447 13.96262 13.2156
1.191716 1.330044 1.879688 2.481816 2.926902 3.207596 2.969239 2.571068 2.217279 1.91635 1.693657 1.441218 1.188959 1.362752 1.23108 1.390468 1.049721 .3688042 -.3928561 -.2865523 -.2424035 .7255129 2.566938 2.786638 3.167725 2.624975 2.487476 2.941842 4.109055 4.842672 4.418748 3.109502 2.053936 3.905047 5.769299 4.665785 4.955019 5.885943 3.832197 3.763294 3.139974 .8511009 -.6461354 -.7338522 -1.422836 -1.980889 -1.095232 2.54935 3.002976 .3857478 3.510035 6.392925 4.995742 3.270912 -.1136754 -8.021416 -2.811888 6.993363 10.5546 12.55686 12.94533
1.477867 1.059352 1.471167 2.307853 2.975621 3.582188 2.837924 2.835866 2.670363 2.485083 2.230322 1.775068 1.082264 1.228435 1.480214 1.586893 1.12837 -.1240207 -.4402491 -.3326982 .01224795 .7077203 2.854966 3.084614 2.994246 2.453254 2.652191 3.729187 4.64407 5.753996 5.35786 3.808452 2.31614 3.844858 5.097798 4.627716 4.607115 4.763924 4.054719 3.253008 .8277385 -.336845 -.4780753 -.7320142 -1.141445 -3.078425 -1.349557 2.535441 5.016519 3.552949 2.959238 6.497447 7.962266 7.513999 5.137877 .1576851 -2.926597 5.365332 9.955247 12.20338 14.01771
2.245352 1.462454 .6717668 2.143475 2.705841 3.463654 3.031095 3.151571 3.195685 3.058118 2.797032 2.200172 1.195391 .9898625 .7503989 .8249255 -.2464543 -.5836083 -.4097792 -.2185704 .1293379 .04727002 2.064562 2.122341 2.196339 2.523019 3.303545 3.876343 4.969271 6.240811 6.413363 5.437492 3.183137 3.384028 3.637719 3.964594 3.816759 3.642984 2.993828 2.285653 1.475125 -.2102346 .09910552 -.7766765 -.3799396 -2.940618 -1.31449 1.748062 4.67674 5.905979 7.453714 10.49817 15.25212 14.88808 9.017065 .7826499 -3.282424 2.316476 7.119719 10.19214 12.25351
3.063466 2.380198 1.340185 1.587912 1.710399 3.060419 3.213797 3.584162 3.76957 3.687321 2.99428 1.764527 .4230791 -.1392119 -.455645 .4626959 .4716133 .2884395 .1358624 -.05864667 -.4025544 -.2945592 .7579634 1.652285 1.752195 2.522916 3.525365 3.868309 5.949371 7.643336 6.837237 4.280777 2.080088 1.871883 2.144901 2.707414 2.34692 1.989077 1.907317 1.772777 2.459807 .8108006 -.001770103 -.128903 -.5917447 -2.184605 -2.892185 -.5835887 3.333451 6.63046 10.91276 12.67456 15.88724 14.36571 6.487665 -.9002885 -3.395403 -.09041034 3.926722 6.471343 9.56145
2.859651 1.856533 .7046002 .6374443 1.171624 1.993577 3.223386 3.834209 3.946952 3.323504 2.170712 1.353314 .7681916 .3116751 -.2413825 .5943795 1.394338 1.359272 1.00258 .4273687 -.5323552 .109887 .4867927 1.688521 3.025763 2.7374 3.919539 4.887771 7.321407 7.702845 7.033535 4.443719 1.60407 .9369696 1.07237 1.166677 .9336039 1.249948 1.628071 2.053121 2.855082 1.749766 .4795687 .2379478 -.6209264 -1.75739 -3.070313 -2.969995 .9014502 3.410829 6.271116 6.576778 7.186567 9.442826 3.717503 -6.490498 -8.609722 -2.450575 .9224189 3.528077 6.708098
1.694086 1.01992 .6273758 1.326772 1.788343 1.74355 2.482258 3.678863 3.981231 3.29529 2.52595 1.956618 1.732211 1.555016 .8867491 .6200498 2.148404 2.297935 1.866969 1.220068 .2367792 1.118057 1.261656 2.475672 3.452804 3.176685 3.929168 5.058398 6.69873 7.209265 6.032111 4.534244 1.946223 .3411284 .5068048 1.223259 1.174369 .7817919 .5942135 1.138689 1.591928 1.367811 .8814814 .7993553 -.297674 -.7727236 -3.892101 -2.929398 -1.354078 .7875785 1.961425 3.271475 4.279524 6.238098 3.697917 -6.966622 -9.411491 -6.116078 -1.915382 1.389586 2.591246
1.674745 1.248688 1.162262 1.92853 2.757738 1.639812 1.074896 2.934376 4.086657 3.549775 3.023958 2.582186 2.571541 2.839099 1.667615 1.066762 2.393564 2.919891 2.716576 2.417749 1.550633 1.751218 1.891253 2.958915 3.426736 3.384326 3.311725 3.988729 6.036099 6.868121 5.665811 4.049805 2.223837 .8479547 1.174391 1.414283 1.115458 .5290133 .6193164 .8902762 .9120476 1.109024 .7192625 .9534534 .01545227 .8717973 -1.847036 -1.759466 .9368145 3.004739 3.616435 3.430781 4.159719 5.041464 4.864332 -1.459735 -6.776818 -5.796288 -4.679236 -.01727245 1.553173
2.15871 1.666437 1.351795 1.835167 2.992296 2.337906 .7400194 1.85026 3.587496 3.724385 3.349865 3.031484 2.800951 3.917756 3.305657 1.759079 2.315327 2.737968 2.84903 3.204965 2.004062 2.295166 2.560113 3.347706 3.928005 3.896072 3.438065 4.191918 6.316155 9.045451 7.516327 5.410227 4.045994 2.523455 1.51943 1.098045 .9326358 .4313266 .7261348 1.96407 3.295454 3.053725 2.809331 5.634938 3.952825 7.141439 6.370758 4.259551 4.184717 5.3603 6.191984 6.366259 8.743989 10.50482 11.38628 10.61179 .9083313 -2.140914 -4.392913 -.6489646 2.847982
2.5304 1.949319 1.556876 1.57938 2.646947 1.931429 1.250556 1.82207 3.329185 3.859365 3.598794 3.356955 3.251679 4.319544 3.822784 2.479847 2.227962 2.386813 2.368567 2.763158 2.979925 3.885511 3.505368 4.161046 4.631396 4.84137 4.824616 6.236718 8.180868 10.29729 8.763379 6.860925 5.063859 3.303432 1.79674 .8252376 1.240455 1.438201 .917695 2.909216 4.307851 4.630675 8.553644 11.40526 13.57915 13.16397 12.26904 7.782247 5.324077 4.49823 5.830214 7.920906 11.40459 16.28484 18.48466 15.09319 7.05322 4.154725 1.806297 3.386423 5.439193
2.648926 2.276875 1.866743 1.6522 2.94134 3.188293 2.799431 2.799185 3.48824 3.955388 3.802128 3.807536 4.041598 4.267273 3.973521 3.49286 3.193105 2.780229 2.270782 3.104863 2.964869 3.184335 4.033705 3.767134 4.331574 5.877288 6.945888 8.700981 9.895328 11.24613 8.8369 6.844169 4.552379 3.19273 2.367852 2.540424 3.702097 3.803426 3.331403 5.161445 6.02111 7.356487 8.949521 10.91301 9.969546 6.746561 6.706535 4.603634 2.65652 1.560886 4.45562 7.75675 11.84359 15.09905 12.93141 10.9605 9.1177 6.087939 2.520365 .5631784 2.230239
2.832472 2.734923 2.411631 2.371795 3.536694 4.148384 4.035492 4.092459 3.916485 3.932329 3.76669 3.706266 4.266806 4.398664 4.470952 4.432745 4.322117 3.908463 3.282638 3.40677 2.415719 3.840142 4.400445 4.259031 4.932718 6.382899 7.509571 9.224641 9.660296 8.784093 7.065438 4.89216 3.181569 2.988379 2.697568 2.131457 2.596898 3.272179 3.625129 5.191601 6.833669 8.636331 9.28721 8.853933 5.001171 2.611423 1.560911 .5675088 2.114429 1.023936 3.795931 6.520957 7.664908 7.496991 4.826997 2.933851 1.407915 -3.049702 -5.434642 -5.882724 -5.757998
3.198595 3.34512 3.14719 3.15382 3.672493 4.505971 4.715611 4.482244 3.922183 4.010096 3.848601 3.760607 4.767592 5.031726 5.01415 5.01575 5.090731 4.742184 3.781733 3.831819 3.395658 4.12607 4.898557 5.528235 5.192647 5.623456 6.58282 7.460509 7.749598 7.130195 6.066629 4.332142 2.609999 3.099441 2.672463 1.872025 2.590089 3.310696 3.762687 6.83852 8.517825 8.920777 6.874937 5.020835 2.826757 1.179442 .5831809 .8099038 2.791743 1.402057 .1746875 -.1380487 .6201908 1.186581 .9549994 -.6056404 -3.37015 -5.439421 -7.06602 -8.37918 -9.537049
3.594213 3.959119 3.907943 3.205647 3.512111 4.11288 4.795915 4.465133 4.59744 4.786035 4.632226 4.18651 5.434348 5.526899 5.000294 4.79011 4.506876 3.811275 4.107171 4.300573 3.535396 4.712387 5.350144 5.741335 5.007322 4.877762 4.805769 5.881384 6.738983 6.449464 5.229963 4.495843 3.00978 3.726111 3.777514 3.616193 5.060988 4.988955 6.199298 7.211924 7.064574 3.802141 .7693912 .2961464 .6040817 -.2033648 -.6352075 -.4057059 .4468402 -.900641 -2.676742 -3.959121 -3.826264 -3.244247 -1.746603 -1.172486 -3.954533 -4.005024 -6.029561 -7.798927 -8.597832
3.669952 3.993817 3.555494 2.818447 3.101697 3.55983 4.994425 5.283712 5.525568 5.887248 6.09622 5.429263 6.020919 5.595803 4.577373 4.265784 4.729505 4.4108 4.074071 3.472621 4.056038 4.960579 5.432243 6.290726 5.889194 4.61437 4.73175 6.252689 7.388075 8.038596 7.082489 5.690928 3.835386 4.780389 4.627827 4.391934 5.00328 4.675383 6.042552 7.089314 6.188327 3.335839 1.748418 .4670083 .3841648 -.1651368 -2.104182 -2.656946 -3.039932 -3.299727 -3.716696 -3.833109 -3.396256 -2.243191 -.8741196 .277256 -2.073042 -2.211072 -3.662104 -6.026168 -7.052844
3.746869 4.332369 3.990195 3.650959 3.806499 4.338137 6.013766 6.298214 6.522019 6.835243 7.370251 6.583053 5.914021 5.896717 5.33735 5.290786 6.187467 4.803843 4.928519 5.028746 5.182299 5.422087 6.347262 7.392912 6.884074 6.847656 6.106649 6.88483 7.955558 8.768693 7.871823 6.821268 4.905306 5.160368 5.037506 4.04067 5.146188 4.10884 6.546446 8.583047 6.115831 3.198728 1.602508 .2875349 .2495862 -.3899416 -2.865846 -3.809114 -4.007834 -3.817219 -3.333259 -2.678102 -1.847653 -.8559912 .5011301 1.26771 .1270509 -.7895254 -2.91058 -5.545565 -6.932624
4.52648 4.471353 4.576625 4.489007 4.845712 5.518925 6.519721 6.962006 7.253952 7.757347 7.479405 6.689521 6.762914 6.999063 7.450952 7.531035 6.719999 5.302455 5.386416 6.247862 5.89778 5.952386 6.561772 7.007644 8.198447 7.879164 6.805915 6.532504 7.37623 8.302095 7.223519 6.285239 4.732541 2.833313 4.197103 2.223559 4.527078 6.058825 8.32287 4.989133 3.316791 2.949387 1.506379 .02567352 1.992753 1.327729 -2.061593 -2.696419 -4.008595 -4.214552 -2.751452 -1.550657 -.5569997 .5060833 2.546901 2.71456 1.866792 .07354198 -2.498694 -5.308906 -8.063509
