py_wake/examples/data/AJ_ParqueFicticio/Rough survey   Sector 2   Height 30m   Weibull-k.grd
DSAA
73  159
 258469   265669
 6501692   6517492
 .9785156   2.744141
[rows 28 to 55 of 159, columns 0 to 62 of 73]
2.111328 2.111328 2.111328 2.111328 2.111328 2.111328 2.111328 2.111328 2.115234 2.115234 2.111328 2.111328 2.107422 2.107422 2.107422 2.107422 2.107422 2.107422 2.107422 2.107422 2.107422 2.107422 2.107422 2.107422 2.107422 2.107422 2.115234 2.111328 2.111328 2.107422 2.107422 2.107422 2.107422 2.107422 2.142578 2.119141 2.111328 2.107422 2.107422 2.119141 2.146484 2.142578 2.130859 2.107422 2.107422 2.107422 2.107422 2.107422 2.107422 2.107422 2.107422 2.107422 2.107422 2.056641 2.005859 1.943359 1.865234 1.869141 1.919922 1.978516 2.017578 2.107422 2.130859
2.111328 2.111328 2.111328 2.111328 2.111328 2.111328 2.111328 2.111328 2.111328 2.115234 2.111328 2.111328 2.111328 2.107422 2.107422 2.107422 2.107422 2.107422 2.107422 2.107422 2.107422 2.107422 2.107422 2.107422 2.107422 2.111328 2.115234 2.115234 2.111328 2.111328 2.107422 2.107422 2.115234 2.146484 2.185547 2.150391 2.126953 2.126953 2.126953 2.130859 2.150391 2.162109 2.146484 2.111328 2.107422 2.107422 2.119141 2.123047 2.107422 2.107422 2.107422 2.107422 2.095703 2.052734 2.013672 1.943359 1.892578 1.896484 1.955078 2.013672 2.107422 2.166016 2.197266
2.111328 2.111328 2.111328 2.111328 2.111328 2.111328 2.111328 2.111328 2.111328 2.111328 2.111328 2.111328 2.111328 2.107422 2.107422 2.107422 2.107422 2.107422 2.107422 2.107422 2.107422 2.107422 2.111328 2.107422 2.111328 2.115234 2.115234 2.115234 2.115234 2.119141 2.123047 2.119141 2.146484 2.162109 2.173828 2.142578 2.134766 2.142578 2.146484 2.146484 2.146484 2.173828 2.158203 2.138672 2.119141 2.123047 2.146484 2.158203 2.154297 2.138672 2.130859 2.107422 2.107422 2.060547 2.009766 1.951172 1.900391 1.900391 1.970703 2.041016 2.119141 2.212891 2.185547
2.111328 2.111328 2.111328 2.111328 2.111328 2.111328 2.111328 2.111328 2.111328 2.111328 2.111328 2.111328 2.111328 2.111328 2.107422 2.111328 2.107422 2.107422 2.107422 2.107422 2.107422 2.111328 2.111328 2.111328 2.115234 2.115234 2.119141 2.115234 2.119141 2.130859 2.123047 2.123047 2.134766 2.158203 2.158203 2.142578 2.146484 2.158203 2.162109 2.146484 2.158203 2.169922 2.181641 2.162109 2.150391 2.142578 2.130859 2.123047 2.123047 2.123047 2.119141 2.107422 2.107422 2.107422 2.017578 1.966797 1.919922 1.931641 1.990234 2.107422 2.158203 2.216797 2.126953
2.111328 2.111328 2.111328 2.111328 2.111328 2.111328 2.107422 2.111328 2.111328 2.111328 2.111328 2.111328 2.111328 2.115234 2.111328 2.111328 2.107422 2.107422 2.107422 2.107422 2.111328 2.111328 2.115234 2.115234 2.115234 2.119141 2.123047 2.126953 2.130859 2.130859 2.130859 2.134766 2.146484 2.158203 2.162109 2.154297 2.146484 2.166016 2.158203 2.142578 2.138672 2.150391 2.162109 2.181641 2.169922 2.158203 2.126953 2.107422 2.107422 2.107422 2.107422 2.107422 2.107422 2.095703 2.017578 1.978516 1.943359 1.978516 2.029297 2.107422 2.181641 2.216797 2.072266
2.111328 2.111328 2.111328 2.111328 2.111328 2.107422 2.111328 2.111328 2.111328 2.111328 2.111328 2.107422 2.111328 2.115234 2.111328 2.111328 2.107422 2.107422 2.107422 2.111328 2.115234 2.115234 2.115234 2.119141 2.119141 2.119141 2.126953 2.123047 2.130859 2.134766 2.134766 2.138672 2.146484 2.154297 2.166016 2.173828 2.162109 2.177734 2.169922 2.166016 2.142578 2.134766 2.123047 2.146484 2.181641 2.154297 2.123047 2.107422 2.107422 2.107422 2.052734 2.001953 1.994141 1.998047 2.005859 1.982422 1.966797 2.009766 2.083984 2.107422 2.212891 2.208984 2.001953
2.111328 2.111328 2.111328 2.107422 2.107422 2.107422 2.107422 2.107422 2.107422 2.107422 2.107422 2.107422 2.111328 2.115234 2.115234 2.111328 2.107422 2.107422 2.107422 2.115234 2.115234 2.115234 2.115234 2.119141 2.119141 2.123047 2.123047 2.126953 2.130859 2.130859 2.138672 2.142578 2.146484 2.150391 2.162109 2.181641 2.169922 2.185547 2.185547 2.185547 2.138672 2.111328 2.107422 2.107422 2.150391 2.154297 2.119141 2.107422 2.107422 2.107422 2.107422 2.048828 1.994141 1.962891 1.955078 1.974609 2.009766 2.041016 2.107422 2.162109 2.232422 2.158203 1.970703
2.111328 2.107422 2.107422 2.107422 2.107422 2.107422 2.107422 2.107422 2.107422 2.107422 2.107422 2.107422 2.111328 2.115234 2.111328 2.107422 2.107422 2.107422 2.115234 2.119141 2.119141 2.119141 2.119141 2.119141 2.123047 2.123047 2.126953 2.126953 2.130859 2.134766 2.138672 2.142578 2.150391 2.154297 2.169922 2.181641 2.185547 2.189453 2.197266 2.205078 2.134766 2.107422 2.107422 2.107422 2.044922 2.126953 2.162109 2.142578 2.146484 2.130859 2.123047 2.107422 2.095703 2.025391 1.998047 1.994141 2.017578 2.056641 2.111328 2.220703 2.228516 2.060547 1.958984
2.111328 2.107422 2.107422 2.107422 2.107422 2.107422 2.107422 2.107422 2.107422 2.107422 2.107422 2.107422 2.107422 2.111328 2.107422 2.107422 2.107422 2.107422 2.107422 2.119141 2.123047 2.119141 2.119141 2.123047 2.119141 2.123047 2.126953 2.130859 2.134766 2.138672 2.142578 2.150391 2.158203 2.166016 2.177734 2.193359 2.212891 2.220703 2.236328 2.236328 2.208984 2.126953 2.107422 2.107422 2.013672 2.041016 2.126953 2.181641 2.181641 2.177734 2.169922 2.126953 2.107422 2.107422 2.052734 2.021484 2.021484 2.068359 2.150391 2.244141 2.228516 2.064453 1.970703
2.111328 2.107422 2.107422 2.107422 2.107422 2.107422 2.107422 2.107422 2.107422 2.107422 2.107422 2.107422 2.107422 2.107422 2.107422 2.107422 2.107422 2.107422 2.107422 2.107422 2.119141 2.119141 2.119141 2.123047 2.115234 2.123047 2.126953 2.130859 2.138672 2.146484 2.154297 2.158203 2.166016 2.169922 2.177734 2.189453 2.228516 2.232422 2.244141 2.240234 2.236328 2.193359 2.126953 2.107422 2.107422 1.978516 2.021484 2.013672 2.033203 2.072266 2.091797 2.087891 2.107422 2.107422 2.107422 2.041016 2.041016 2.087891 2.189453 2.251953 2.224609 2.099609 2.029297
2.111328 2.107422 2.107422 2.107422 2.107422 2.107422 2.107422 2.107422 2.107422 2.107422 2.107422 2.107422 2.107422 2.107422 2.107422 2.107422 2.107422 2.107422 2.107422 2.107422 2.115234 2.115234 2.119141 2.119141 2.115234 2.123047 2.126953 2.134766 2.138672 2.146484 2.158203 2.158203 2.166016 2.173828 2.181641 2.205078 2.236328 2.248047 2.255859 2.248047 2.248047 2.216797 2.158203 2.115234 2.107422 2.130859 2.041016 1.951172 1.943359 1.970703 1.986328 1.982422 1.994141 2.017578 2.037109 2.021484 2.025391 2.083984 2.185547 2.248047 2.142578 2.119141 2.099609
2.107422 2.107422 2.107422 2.107422 2.107422 2.107422 2.107422 2.107422 2.107422 2.107422 2.107422 2.107422 2.111328 2.111328 2.107422 2.107422 2.107422 2.107422 2.107422 2.115234 2.126953 2.119141 2.119141 2.119141 2.119141 2.123047 2.130859 2.134766 2.138672 2.150391 2.162109 2.162109 2.169922 2.177734 2.181641 2.212891 2.244141 2.259766 2.251953 2.251953 2.251953 2.224609 2.185547 2.130859 2.115234 2.154297 2.216797 2.072266 1.970703 1.974609 1.982422 1.990234 1.982422 1.982422 1.994141 1.998047 2.029297 2.048828 2.099609 2.103516 2.087891 2.095703 2.173828
2.111328 2.107422 2.107422 2.107422 2.107422 2.107422 2.107422 2.107422 2.107422 2.107422 2.107422 2.107422 2.115234 2.111328 2.107422 2.107422 2.107422 2.107422 2.107422 2.119141 2.123047 2.119141 2.115234 2.115234 2.119141 2.126953 2.130859 2.138672 2.146484 2.158203 2.166016 2.169922 2.173828 2.177734 2.181641 2.205078 2.236328 2.267578 2.255859 2.263672 2.263672 2.244141 2.224609 2.181641 2.146484 2.189453 2.248047 2.248047 2.228516 2.134766 2.041016 2.017578 2.013672 2.005859 2.001953 2.005859 2.009766 2.021484 2.021484 2.025391 2.044922 2.076172 2.134766
2.111328 2.107422 2.107422 2.107422 2.107422 2.107422 2.107422 2.107422 2.107422 2.107422 2.107422 2.107422 2.107422 2.111328 2.107422 2.107422 2.107422 2.107422 2.111328 2.115234 2.115234 2.111328 2.111328 2.107422 2.111328 2.126953 2.134766 2.142578 2.146484 2.158203 2.166016 2.173828 2.177734 2.185547 2.189453 2.201172 2.240234 2.275391 2.279297 2.279297 2.275391 2.263672 2.255859 2.224609 2.197266 2.224609 2.267578 2.275391 2.275391 2.263672 2.228516 2.119141 2.060547 2.033203 2.029297 2.021484 2.017578 2.005859 1.982422 1.966797 1.970703 1.982422 2.041016
2.107422 2.107422 2.107422 2.107422 2.107422 2.107422 2.107422 2.107422 2.107422 2.107422 2.107422 2.107422 2.107422 2.107422 2.107422 2.107422 2.107422 2.107422 2.111328 2.115234 2.115234 2.111328 2.107422 2.107422 2.123047 2.134766 2.138672 2.142578 2.146484 2.158203 2.166016 2.173828 2.177734 2.189453 2.193359 2.208984 2.251953 2.279297 2.291016 2.279297 2.267578 2.251953 2.244141 2.205078 2.193359 2.201172 2.255859 2.275391 2.263672 2.244141 2.220703 2.169922 2.087891 2.048828 2.041016 2.017578 2.001953 1.994141 1.990234 1.982422 1.966797 1.958984 1.962891
2.107422 2.107422 2.107422 2.107422 2.107422 2.095703 2.107422 2.107422 2.107422 2.107422 2.107422 2.107422 2.107422 2.107422 2.107422 2.107422 2.107422 2.107422 2.107422 2.115234 2.111328 2.107422 2.107422 2.119141 2.134766 2.134766 2.138672 2.142578 2.142578 2.158203 2.166016 2.169922 2.177734 2.189453 2.189453 2.208984 2.236328 2.259766 2.275391 2.201172 2.205078 2.185547 2.115234 2.068359 2.064453 2.103516 2.130859 2.173828 2.154297 2.119141 2.060547 2.025391 2.017578 2.005859 1.994141 1.966797 1.962891 1.982422 1.998047 2.013672 2.005859 1.978516 1.951172
2.107422 2.107422 2.107422 2.107422 2.107422 2.107422 2.107422 2.107422 2.107422 2.107422 2.107422 2.107422 2.107422 2.107422 2.107422 2.107422 2.107422 2.107422 2.107422 2.111328 2.107422 2.107422 2.107422 2.107422 2.126953 2.126953 2.130859 2.130859 2.138672 2.158203 2.162109 2.162109 2.173828 2.185547 2.177734 2.193359 2.216797 2.236328 2.244141 2.162109 2.115234 2.056641 2.009766 2.001953 2.009766 2.033203 2.091797 2.025391 1.986328 1.966797 1.958984 1.951172 1.974609 1.982422 1.943359 1.900391 1.919922 1.955078 2.005859 2.060547 2.091797 2.052734 1.986328
2.107422 2.107422 2.107422 2.107422 2.107422 2.107422 2.107422 2.107422 2.107422 2.107422 2.107422 2.107422 2.111328 2.111328 2.107422 2.107422 2.107422 2.107422 2.107422 2.107422 2.107422 2.107422 2.107422 2.107422 2.107422 2.115234 2.119141 2.119141 2.126953 2.150391 2.150391 2.138672 2.166016 2.181641 2.162109 2.177734 2.201172 2.220703 2.216797 2.201172 2.111328 2.017578 1.998047 2.013672 2.037109 2.087891 2.060547 2.052734 2.005859 1.990234 1.994141 1.990234 1.974609 1.955078 1.931641 1.900391 1.908203 1.943359 2.001953 2.107422 2.107422 2.107422 2.107422
2.107422 2.107422 2.107422 2.107422 2.107422 2.107422 2.107422 2.107422 2.107422 2.095703 2.091797 2.107422 2.111328 2.107422 2.107422 2.107422 2.107422 2.107422 2.107422 2.111328 2.107422 2.107422 2.107422 2.107422 2.107422 2.111328 2.111328 2.107422 2.111328 2.119141 2.126953 2.099609 2.111328 2.158203 2.134766 2.158203 2.185547 2.205078 2.216797 2.205078 2.185547 2.107422 2.095703 2.119141 2.126953 2.126953 2.166016 2.181641 2.177734 2.150391 2.123047 2.037109 1.986328 1.951172 1.935547 1.943359 1.962891 1.978516 1.990234 2.021484 2.107422 2.111328 2.123047
2.107422 2.107422 2.107422 2.107422 2.107422 2.107422 2.107422 2.107422 2.107422 2.072266 2.064453 2.099609 2.111328 2.111328 2.107422 2.107422 2.107422 2.107422 2.107422 2.107422 2.107422 2.107422 2.107422 2.107422 2.119141 2.111328 2.107422 2.107422 2.107422 2.107422 2.103516 2.076172 2.056641 2.095703 2.064453 2.091797 2.162109 2.185547 2.212891 2.205078 2.208984 2.212891 2.197266 2.181641 2.142578 2.123047 2.154297 2.162109 2.119141 2.099609 2.068359 2.013672 1.974609 1.951172 1.939453 1.962891 2.005859 2.087891 2.107422 2.044922 2.013672 2.025391 2.107422
2.107422 2.107422 2.107422 2.107422 2.107422 2.107422 2.107422 2.107422 2.107422 2.107422 2.083984 2.080078 2.107422 2.111328 2.107422 2.107422 2.107422 2.107422 2.107422 2.107422 2.107422 2.107422 2.103516 2.091797 2.107422 2.107422 2.107422 2.107422 2.107422 2.107422 2.072266 2.056641 2.056641 2.076172 2.044922 2.044922 2.072266 2.091797 2.119141 2.115234 2.126953 2.134766 2.130859 2.130859 2.123047 2.068359 2.087891 2.095703 2.068359 2.029297 1.982422 1.955078 1.943359 1.943359 1.947266 1.970703 2.029297 2.107422 2.107422 2.107422 2.107422 2.021484 1.998047
2.107422 2.107422 2.107422 2.107422 2.107422 2.107422 2.107422 2.107422 2.107422 2.107422 2.107422 2.107422 2.107422 2.107422 2.107422 2.107422 2.107422 2.107422 2.107422 2.107422 2.107422 2.107422 2.107422 2.107422 2.107422 2.107422 2.107422 2.107422 2.107422 2.091797 2.048828 2.037109 2.072266 2.068359 2.033203 2.025391 2.044922 2.048828 2.052734 2.041016 2.029297 2.021484 1.994141 1.990234 2.001953 2.037109 2.083984 2.091797 2.025391 1.994141 1.958984 1.931641 1.931641 1.939453 1.943359 1.958984 1.994141 2.103516 2.107422 2.107422 2.107422 2.107422 2.107422
2.107422 2.107422 2.107422 2.107422 2.107422 2.107422 2.107422 2.107422 2.107422 2.107422 2.107422 2.107422 2.107422 2.107422 2.107422 2.107422 2.107422 2.107422 2.107422 2.107422 2.107422 2.107422 2.107422 2.107422 2.107422 2.107422 2.107422 2.107422 2.107422 2.064453 2.037109 2.021484 2.021484 2.041016 2.013672 2.005859 2.025391 2.017578 2.009766 2.005859 1.990234 1.994141 1.986328 2.001953 2.017578 2.025391 2.017578 2.009766 2.005859 1.978516 1.962891 1.939453 1.916016 1.951172 1.978516 1.970703 1.958984 2.001953 2.107422 2.107422 2.107422 2.107422 2.107422
2.107422 2.107422 2.107422 2.107422 2.107422 2.107422 2.107422 2.107422 2.107422 2.107422 2.107422 2.107422 2.111328 2.107422 2.107422 2.107422 2.107422 2.107422 2.107422 2.107422 2.107422 2.107422 2.107422 2.107422 2.107422 2.107422 2.107422 2.107422 2.107422 2.064453 2.033203 2.017578 2.005859 2.009766 1.986328 1.978516 1.994141 1.990234 1.978516 1.974609 1.966797 1.986328 2.001953 2.033203 2.052734 2.033203 2.017578 2.005859 1.982422 1.970703 1.955078 1.923828 1.912109 1.955078 2.017578 2.021484 1.974609 1.951172 2.009766 2.107422 2.107422 2.107422 2.107422
2.107422 2.107422 2.107422 2.107422 2.107422 2.107422 2.107422 2.107422 2.107422 2.107422 2.107422 2.107422 2.107422 2.107422 2.107422 2.107422 2.107422 2.107422 2.107422 2.107422 2.107422 2.107422 2.107422 2.107422 2.107422 2.107422 2.107422 2.107422 2.107422 2.087891 2.052734 2.056641 2.052734 2.005859 1.986328 1.970703 1.962891 1.958984 1.970703 1.962891 1.939453 1.943359 1.951172 1.990234 2.013672 1.998047 1.990234 1.982422 1.970703 1.966797 1.943359 1.912109 1.919922 1.966797 2.021484 2.107422 2.080078 1.978516 1.958984 1.998047 2.107422 2.107422 2.107422
2.107422 2.107422 2.107422 2.107422 2.107422 2.107422 2.107422 2.107422 2.107422 2.107422 2.107422 2.107422 2.107422 2.107422 2.107422 2.107422 2.107422 2.107422 2.107422 2.107422 2.107422 2.107422 2.107422 2.107422 2.107422 2.107422 2.107422 2.107422 2.107422 2.107422 2.087891 2.064453 2.056641 2.033203 2.021484 1.994141 1.962891 1.939453 1.974609 1.958984 1.939453 1.919922 1.916016 1.923828 1.931641 1.935547 1.943359 1.958984 1.958984 1.955078 1.943359 1.947266 1.947266 1.974609 2.005859 2.107422 2.107422 2.080078 1.998047 1.998047 2.025391 2.107422 2.107422
2.107422 2.107422 2.107422 2.107422 2.107422 2.107422 2.107422 2.107422 2.107422 2.107422 2.107422 2.107422 2.107422 2.107422 2.107422 2.107422 2.111328 2.107422 2.107422 2.107422 2.107422 2.107422 2.107422 2.107422 2.107422 2.107422 2.107422 2.107422 2.107422 2.107422 2.107422 2.033203 2.048828 2.052734 2.041016 2.029297 1.998047 1.966797 1.994141 1.990234 1.990234 1.951172 1.927734 1.908203 1.904297 1.908203 1.916016 1.939453 1.947266 1.947266 1.943359 1.955078 1.966797 1.994141 2.029297 2.083984 2.107422 2.107422 2.107422 2.044922 2.095703 2.107422 2.107422
2.107422 2.107422 2.107422 2.107422 2.107422 2.107422 2.107422 2.107422 2.107422 2.107422 2.107422 2.107422 2.107422 2.107422 2.107422 2.107422 2.107422 2.107422 2.107422 2.107422 2.107422 2.107422 2.107422 2.107422 2.107422 2.107422 2.107422 2.111328 2.107422 2.107422 2.107422 2.041016 2.060547 2.068359 2.056641 2.041016 2.029297 2.017578 2.041016 2.064453 2.021484 2.037109 1.986328 1.955078 1.931641 1.912109 1.904297 1.912109 1.927734 1.939453 1.939453 1.935547 1.958984 2.005859 2.072266 2.083984 2.037109 2.033203 2.107422 2.107422 2.201172 2.126953 2.107422
