py_wake/examples/data/AJ_ParqueFicticio/Rough survey   Sector 7   Height 200m   Weibull-A.grd
DSAA
73  159
 258469   265669
 6501692   6517492
 4.516201   9.849567
[rows 0 to 27 of 159, columns 0 to 62 of 73]
6.977655 6.949297 6.927035 6.886527 6.819264 6.807757 6.772796 6.741524 6.725392 6.69838 6.683005 6.661099 6.641325 6.629739 6.62567 6.620555 6.620024 6.609838 6.590669 6.58262 6.602927 6.610141 6.615783 6.647186 6.672437 6.659006 6.694868 6.744159 6.78258 6.802776 6.82903 6.856536 6.903955 6.957196 7.008858 7.047132 7.065438 7.041397 7.006748 6.966003 6.910951 6.840185 6.784635 6.735069 6.712784 6.700843 6.690516 6.673021 6.661245 6.640619 6.621962 6.600502 6.581006 6.563717 6.556719 6.55307 6.550295 6.55459 6.566096 6.597964 6.633017 6.675167 6.719626
6.943019 6.921095 6.904102 6.873359 6.795582 6.783714 6.766038 6.721229 6.704335 6.680999 6.662652 6.639884 6.625498 6.612519 6.611985 6.612999 6.614311 6.616992 6.607972 6.619092 6.65524 6.671021 6.689552 6.721336 6.756213 6.752372 6.769766 6.805355 6.822489 6.850877 6.869477 6.905709 6.945876 6.99868 7.052935 7.088799 7.102733 7.076611 7.032284 6.983016 6.919423 6.862292 6.822607 6.781098 6.737438 6.719646 6.703959 6.688792 6.671256 6.650488 6.624873 6.599431 6.572804 6.556233 6.547166 6.54289 6.542738 6.55084 6.5769 6.611625 6.65446 6.700695 6.753399
6.953678 6.90939 6.889152 6.857512 6.765377 6.755104 6.736637 6.69698 6.681294 6.658139 6.647882 6.624024 6.605659 6.58857 6.590178 6.601585 6.612454 6.620066 6.622046 6.641388 6.675595 6.70421 6.718141 6.761452 6.803941 6.82218 6.83838 6.842381 6.853072 6.869372 6.89392 6.930473 6.970804 7.006757 7.052804 7.093916 7.102563 7.080724 7.043835 6.985323 6.917443 6.864171 6.826342 6.79912 6.761029 6.723901 6.704402 6.693917 6.67523 6.655771 6.628038 6.599582 6.574477 6.560255 6.548099 6.538575 6.53785 6.54443 6.568611 6.614177 6.665429 6.726468 6.786361
7.007564 6.921696 6.873724 6.832106 6.744216 6.722612 6.711202 6.674477 6.656252 6.632321 6.621811 6.608161 6.594735 6.575295 6.565585 6.584281 6.601484 6.615314 6.634198 6.653497 6.686852 6.723433 6.745511 6.781072 6.824447 6.868794 6.863876 6.873316 6.868172 6.882168 6.904003 6.925904 6.950866 6.960087 6.97048 6.976274 6.998487 6.99963 6.978575 6.928543 6.871535 6.826663 6.799178 6.792259 6.772418 6.74152 6.700757 6.680461 6.664228 6.646485 6.635609 6.621246 6.596673 6.56554 6.542696 6.529184 6.525055 6.529335 6.554435 6.611769 6.678737 6.746046 6.809863
7.067297 6.960031 6.873203 6.820123 6.731397 6.699915 6.696099 6.652291 6.631928 6.609415 6.59686 6.590298 6.578265 6.564933 6.548234 6.558632 6.586164 6.610582 6.638016 6.667579 6.70578 6.728483 6.760826 6.786814 6.81844 6.87031 6.875611 6.866502 6.856903 6.863958 6.875811 6.898816 6.874557 6.840903 6.799165 6.764899 6.760632 6.781439 6.769926 6.746773 6.739748 6.737077 6.736656 6.765486 6.784285 6.759153 6.706569 6.669485 6.659543 6.652736 6.663673 6.648305 6.617945 6.575634 6.541382 6.5159 6.503254 6.505149 6.529963 6.597036 6.671653 6.755466 6.823536
7.095097 7.015506 6.934797 6.839929 6.746718 6.686402 6.681229 6.643849 6.620249 6.598489 6.587184 6.572194 6.555752 6.550288 6.539526 6.530019 6.560489 6.59805 6.648058 6.682625 6.722291 6.759598 6.777487 6.794716 6.81299 6.84337 6.84038 6.83331 6.817854 6.807729 6.796166 6.769515 6.711173 6.626758 6.574801 6.527614 6.497862 6.503626 6.501555 6.492197 6.557349 6.627062 6.678818 6.719562 6.714357 6.692124 6.660018 6.643709 6.64526 6.652026 6.655182 6.64832 6.614358 6.568602 6.51992 6.482407 6.46357 6.46358 6.482759 6.560648 6.637654 6.707801 6.75543
7.12748 7.076353 7.029453 6.933979 6.760075 6.684691 6.695656 6.669877 6.642994 6.618075 6.598534 6.57253 6.548973 6.548903 6.540377 6.514708 6.520821 6.563619 6.611074 6.655009 6.710705 6.758653 6.791882 6.80533 6.802233 6.80418 6.78861 6.78024 6.756962 6.728568 6.697227 6.637151 6.546482 6.488579 6.429529 6.378336 6.342181 6.314883 6.308069 6.330447 6.41164 6.527931 6.603055 6.626031 6.600731 6.576054 6.583492 6.603633 6.603251 6.603134 6.604355 6.590796 6.562385 6.526432 6.474553 6.433215 6.412392 6.40543 6.410592 6.484162 6.541091 6.56641 6.541871
7.154226 7.11909 7.091675 7.022408 6.891048 6.742868 6.729403 6.708356 6.684855 6.653824 6.62589 6.594006 6.566988 6.553454 6.540368 6.505249 6.481685 6.50405 6.552407 6.603065 6.667205 6.723189 6.770273 6.785332 6.776508 6.753822 6.737459 6.72045 6.690117 6.650355 6.598526 6.529869 6.455033 6.391179 6.326828 6.269599 6.227408 6.191947 6.190389 6.228469 6.280042 6.371088 6.430701 6.445042 6.436187 6.461803 6.509415 6.520691 6.51378 6.497208 6.492442 6.466919 6.432249 6.402879 6.389405 6.362562 6.345712 6.331225 6.325901 6.332494 6.334941 6.288296 6.189053
7.173841 7.145938 7.120955 7.056222 6.949231 6.818917 6.783401 6.754107 6.731866 6.694228 6.649929 6.618372 6.584023 6.573994 6.55226 6.506489 6.460166 6.449099 6.480423 6.519811 6.580976 6.616544 6.649814 6.679945 6.683135 6.675117 6.663961 6.646006 6.610902 6.565046 6.51522 6.44339 6.364929 6.292192 6.221481 6.161141 6.099472 6.075287 6.076651 6.097559 6.086005 6.108851 6.138215 6.155126 6.215733 6.289492 6.323254 6.32405 6.295855 6.260136 6.267862 6.248215 6.216279 6.229476 6.257045 6.274902 6.274789 6.253457 6.21437 6.152325 6.04965 5.935782 5.814196
7.194254 7.166176 7.140995 7.096368 7.022743 6.894456 6.858156 6.817163 6.782731 6.74334 6.671499 6.638535 6.604964 6.590363 6.57455 6.537467 6.482677 6.430316 6.428041 6.435548 6.459954 6.468155 6.476041 6.495781 6.526572 6.557452 6.575312 6.548927 6.520322 6.482579 6.43223 6.358677 6.271279 6.198942 6.11882 6.056845 6.019615 5.978638 5.951516 5.92568 5.873732 5.838151 5.813076 5.840366 5.923649 6.000786 6.018058 6.022918 5.99869 5.962774 5.96816 5.97159 5.981732 6.043956 6.118978 6.178692 6.195784 6.164644 6.105659 5.990294 5.849735 5.696405 5.58096
7.213602 7.185113 7.165797 7.145152 7.142874 7.049607 7.018476 6.929977 6.845584 6.78761 6.724523 6.66757 6.626354 6.607612 6.604363 6.586746 6.538539 6.478113 6.422956 6.392225 6.365548 6.3408 6.326871 6.348289 6.36734 6.389881 6.422446 6.44655 6.432348 6.399813 6.342113 6.277288 6.210655 6.136 6.069343 6.012339 5.95899 5.90709 5.850908 5.807371 5.742821 5.676697 5.62266 5.611144 5.630581 5.667187 5.659572 5.666921 5.668356 5.650933 5.660828 5.70424 5.786874 5.886985 5.970817 6.035137 6.065657 6.039481 5.96062 5.828184 5.685676 5.5488 5.458051
7.232018 7.208122 7.193618 7.18275 7.168405 7.103046 7.061604 7.007363 6.924332 6.86269 6.788465 6.740262 6.676902 6.635262 6.621582 6.627695 6.62241 6.568505 6.493975 6.403149 6.338543 6.285855 6.265561 6.261876 6.265903 6.263913 6.271594 6.333652 6.343098 6.311485 6.257393 6.203853 6.149456 6.086573 6.033453 5.977401 5.926188 5.869102 5.803117 5.731638 5.663628 5.597543 5.529807 5.481471 5.439436 5.415539 5.392927 5.383329 5.384381 5.383861 5.407787 5.483877 5.594686 5.679795 5.735812 5.76898 5.764728 5.727525 5.654169 5.561153 5.465379 5.391034 5.350502
7.241666 7.241904 7.216713 7.194418 7.163177 7.109744 7.07474 7.043129 6.996644 6.955605 6.900746 6.864627 6.800011 6.708279 6.642749 6.624361 6.643275 6.635764 6.584707 6.506013 6.411758 6.360581 6.298338 6.240471 6.20526 6.179277 6.159228 6.18821 6.208347 6.181765 6.154803 6.114598 6.074843 6.025249 5.976593 5.931832 5.88726 5.832926 5.762599 5.682522 5.606207 5.536533 5.459762 5.392532 5.315853 5.270623 5.226101 5.204834 5.198728 5.196606 5.217556 5.267321 5.325289 5.363749 5.367136 5.312436 5.246053 5.178933 5.126374 5.108106 5.124614 5.158928 5.208232
7.242544 7.232792 7.20561 7.185429 7.154363 7.114581 7.091283 7.09246 7.062933 7.041286 7.011521 6.969777 6.919877 6.852995 6.771034 6.693411 6.666465 6.645044 6.663311 6.619502 6.536238 6.436371 6.357789 6.2698 6.187884 6.132371 6.089434 6.076086 6.088347 6.082355 6.069898 6.050463 6.01347 5.967824 5.916382 5.875406 5.844807 5.798417 5.737839 5.657587 5.566209 5.480811 5.400799 5.330293 5.24302 5.163833 5.118024 5.073447 5.07327 5.059462 5.071863 5.078697 5.050733 4.999444 4.92494 4.819053 4.73211 4.677231 4.666843 4.715188 4.812477 4.940423 5.059118
7.236902 7.221644 7.195092 7.175859 7.153491 7.144184 7.10441 7.103868 7.093021 7.077113 7.04314 7.012287 6.97824 6.943167 6.878558 6.801398 6.754188 6.74019 6.735827 6.712914 6.658949 6.576022 6.455477 6.313134 6.204206 6.125727 6.082794 6.064796 6.042503 6.034439 6.020936 5.998146 5.97703 5.927141 5.872607 5.829758 5.807112 5.773046 5.725623 5.647682 5.54901 5.450133 5.360109 5.295365 5.215572 5.123786 5.067232 5.020485 4.975174 4.969217 4.961259 4.929342 4.855885 4.763548 4.66189 4.580081 4.529762 4.516201 4.553651 4.62658 4.749988 4.891598 5.023821
7.222248 7.208181 7.185866 7.171871 7.144045 7.146398 7.11192 7.111279 7.101048 7.076171 7.062879 7.030622 7.011911 7.001792 6.982815 6.926547 6.871068 6.855481 6.84059 6.802033 6.740545 6.684317 6.587071 6.454305 6.314416 6.200946 6.125704 6.078463 6.048732 6.031668 6.023919 5.995796 5.964739 5.922741 5.881723 5.843179 5.803486 5.772838 5.731411 5.678491 5.590265 5.495462 5.395284 5.304079 5.224222 5.143082 5.086217 5.048384 5.008643 4.969647 4.944418 4.902417 4.836147 4.754632 4.702993 4.686059 4.703303 4.760004 4.829353 4.893874 4.966516 5.037259 5.118138
7.209466 7.189678 7.17239 7.164355 7.138411 7.142823 7.11302 7.116839 7.108345 7.089449 7.06769 7.050788 7.043551 7.037434 7.034716 7.005716 6.957782 6.899373 6.878192 6.841275 6.795069 6.750483 6.680668 6.583942 6.476553 6.344141 6.232052 6.151808 6.097142 6.08508 6.08019 6.056225 6.018981 5.998217 6.002317 5.979069 5.917405 5.86095 5.813906 5.733377 5.680033 5.591841 5.467078 5.370213 5.291742 5.237836 5.203759 5.172876 5.138721 5.105075 5.067784 5.039732 5.016974 5.010747 5.016053 5.055314 5.132012 5.203553 5.26324 5.30044 5.305685 5.295923 5.273009
7.201397 7.186906 7.159269 7.156611 7.129523 7.135773 7.11421 7.12606 7.111129 7.100776 7.085842 7.056941 7.049565 7.045017 7.032924 7.01143 6.979022 6.934721 6.907377 6.869576 6.833666 6.807465 6.771372 6.731904 6.652998 6.529333 6.428331 6.325963 6.246448 6.22534 6.22497 6.192313 6.176897 6.176291 6.190504 6.178861 6.117492 6.053933 5.997023 5.960391 5.904339 5.785695 5.664578 5.559186 5.486145 5.455478 5.428252 5.420294 5.409366 5.392572 5.366412 5.339471 5.346863 5.379452 5.424067 5.470665 5.51231 5.554475 5.582921 5.57653 5.546781 5.495159 5.428831
7.194506 7.181804 7.157836 7.148754 7.125404 7.127161 7.110438 7.123118 7.112264 7.105354 7.095277 7.063915 7.046892 7.039152 7.024955 7.015458 6.984484 6.951072 6.92592 6.893722 6.859948 6.848608 6.847234 6.846979 6.838212 6.785209 6.689528 6.574758 6.481225 6.44766 6.407162 6.387544 6.408882 6.389324 6.389421 6.369581 6.30944 6.265602 6.23253 6.207686 6.168026 6.128683 6.051102 5.961248 5.890802 5.839281 5.791411 5.77863 5.780043 5.754721 5.707999 5.656245 5.646087 5.668009 5.692279 5.705715 5.714517 5.71576 5.700851 5.685412 5.662624 5.618864 5.557799
7.190255 7.175734 7.152558 7.143167 7.114873 7.113475 7.104772 7.100671 7.106008 7.105505 7.094472 7.076365 7.052636 7.031672 7.022946 7.009659 6.993975 6.96403 6.942095 6.913082 6.892704 6.879683 6.879276 6.893559 6.896741 6.89453 6.869757 6.814262 6.729397 6.666874 6.590153 6.536124 6.562561 6.566803 6.558156 6.52999 6.518107 6.456385 6.432112 6.421205 6.43117 6.452779 6.457879 6.431247 6.372869 6.293529 6.188231 6.132433 6.115164 6.062896 5.973774 5.902959 5.847087 5.826931 5.809555 5.792033 5.776402 5.76826 5.733766 5.720924 5.716942 5.709534 5.684244
7.169607 7.163593 7.138393 7.131577 7.100708 7.100883 7.10411 7.087345 7.09292 7.093574 7.083224 7.070036 7.048652 7.032223 7.017509 7.009089 7.004585 6.977689 6.958483 6.942941 6.925003 6.906436 6.898463 6.897956 6.909889 6.917875 6.918149 6.903105 6.857075 6.763824 6.681752 6.623307 6.622016 6.636951 6.655479 6.683841 6.646478 6.597762 6.590262 6.619304 6.643557 6.67884 6.714187 6.719958 6.693979 6.624908 6.509399 6.393469 6.316929 6.233328 6.130159 6.042462 5.96288 5.893896 5.851541 5.806749 5.777246 5.761984 5.74905 5.763598 5.789972 5.824113 5.849008
7.144906 7.129799 7.129829 7.105344 7.084491 7.082269 7.083704 7.071815 7.078063 7.0712 7.064347 7.058162 7.046946 7.026814 7.017327 7.009757 7.003827 6.994192 6.97565 6.968317 6.960261 6.927892 6.910182 6.90098 6.909554 6.913658 6.911558 6.900436 6.876353 6.813068 6.763832 6.709655 6.641078 6.663521 6.706964 6.743402 6.735745 6.669942 6.67486 6.72332 6.760689 6.794693 6.804145 6.803429 6.796476 6.74818 6.668205 6.567412 6.441703 6.314291 6.187989 6.108795 6.026062 5.935397 5.884711 5.834223 5.797761 5.800087 5.821712 5.864458 5.920009 5.988493 6.041748
7.134137 7.11145 7.104921 7.085416 7.060576 7.069344 7.068135 7.053382 7.060081 7.052157 7.049325 7.040895 7.036232 7.021361 7.01383 7.006143 6.999191 6.988426 6.981199 6.972569 6.966815 6.937488 6.922469 6.91856 6.914197 6.906543 6.888823 6.873694 6.866693 6.862456 6.860305 6.823627 6.744351 6.705614 6.729795 6.768367 6.782588 6.737361 6.723512 6.740576 6.771606 6.790253 6.790078 6.799872 6.791157 6.766027 6.713837 6.62787 6.506094 6.365207 6.246796 6.125 6.053892 5.969011 5.928407 5.899921 5.892268 5.918306 5.981085 6.048481 6.123133 6.191761 6.224299
7.132002 7.117016 7.112317 7.080535 7.053291 7.060338 7.056464 7.045263 7.044824 7.039746 7.033647 7.032205 7.021622 7.01797 7.012343 7.009397 6.987795 6.974337 6.975556 6.979899 6.973746 6.95291 6.938101 6.93298 6.925031 6.906281 6.886169 6.865145 6.862979 6.885922 6.912298 6.894845 6.837039 6.77085 6.747955 6.775301 6.80647 6.82804 6.789513 6.740747 6.732403 6.727973 6.734097 6.744021 6.735818 6.717116 6.684494 6.620829 6.520513 6.400548 6.287533 6.178569 6.084885 6.018316 6.000048 6.014616 6.04994 6.102763 6.197425 6.301412 6.35412 6.388019 6.393398
7.130133 7.12365 7.11482 7.08111 7.051996 7.055536 7.048525 7.039363 7.032627 7.032115 7.023832 7.025346 7.020288 7.013736 7.009633 7.007533 6.996106 6.984965 6.978685 6.984063 6.986006 6.97138 6.954924 6.955941 6.940393 6.925945 6.911192 6.905734 6.904574 6.906748 6.949645 6.929886 6.8899 6.829342 6.805006 6.79838 6.818917 6.851922 6.819769 6.760078 6.712683 6.694403 6.687888 6.687945 6.682726 6.666498 6.644706 6.604574 6.543479 6.455149 6.361469 6.253354 6.153841 6.114843 6.121348 6.179991 6.249226 6.339878 6.452651 6.542388 6.56875 6.559166 6.507173
7.123222 7.112294 7.107891 7.074072 7.047651 7.049003 7.042335 7.032794 7.024394 7.027836 7.019566 7.021494 7.016695 7.00351 7.005277 7.001949 6.998466 6.994545 6.988557 6.992534 6.992431 6.9909 6.980345 6.981448 6.973682 6.970224 6.954855 6.957887 6.969547 6.946437 6.928147 6.921873 6.911698 6.876474 6.822074 6.830856 6.832276 6.862723 6.836648 6.790761 6.748099 6.746535 6.718235 6.695156 6.666856 6.644807 6.635968 6.618296 6.581496 6.517343 6.456171 6.38082 6.283369 6.257542 6.279978 6.365688 6.473452 6.577165 6.674118 6.718949 6.696129 6.635686 6.548118
7.13209 7.118231 7.111064 7.080779 7.048301 7.049393 7.041543 7.039586 7.025162 7.028482 7.021929 7.024129 7.017812 7.003395 7.002369 7.006929 7.006844 7.00293 7.001112 6.997808 6.999225 7.0006 7.002456 7.001931 6.993245 6.995042 6.983957 6.984339 6.981428 6.960787 6.92386 6.911999 6.911834 6.891696 6.85497 6.862897 6.852078 6.862493 6.853126 6.819169 6.791154 6.779343 6.757676 6.739765 6.71507 6.688617 6.664144 6.641059 6.623619 6.602891 6.569873 6.532979 6.470451 6.464893 6.477687 6.567631 6.685616 6.785192 6.814474 6.788833 6.730201 6.645702 6.55237
7.131237 7.118824 7.103682 7.081647 7.049309 7.043169 7.043621 7.040823 7.026317 7.033422 7.027176 7.025983 7.025221 7.008487 7.004939 7.009553 7.01595 7.012283 7.011261 7.007261 7.00284 6.999245 6.996279 7.001789 7.004442 7.001452 6.99178 6.978683 6.972915 6.953096 6.927418 6.91849 6.900957 6.872798 6.860363 6.874894 6.871553 6.87327 6.871469 6.821946 6.7934 6.775448 6.777259 6.77067 6.766317 6.749723 6.723889 6.715824 6.717623 6.716019 6.721105 6.714953 6.679829 6.702585 6.715597 6.765401 6.861607 6.926339 6.901859 6.836034 6.736697 6.640854 6.55059
