py_wake/examples/data/AJ_ParqueFicticio/Rough survey   Sector 3   Height 30m   Weibull-A.grd
DSAA
73  159
 258469   265669
 6501692   6517492
 .05429767   11.80528
[rows 84 to 111 of 159, columns 0 to 62 of 73]
3.722573 3.71186 3.699591 3.705468 3.700721 3.719034 3.767504 3.785586 3.795784 3.828151 3.856343 3.876902 3.837021 3.782298 3.769519 3.812101 3.860931 3.863586 3.835884 3.976752 4.021509 4.079222 4.104369 4.165539 4.413319 4.999161 5.708447 6.237882 6.490152 5.975091 5.585334 5.341605 5.22598 5.254373 4.951437 4.304087 3.948166 3.857348 4.297083 4.900629 5.234239 5.140809 5.147431 5.02626 4.751497 4.629481 4.720169 4.722624 4.679036 4.441466 4.333685 4.383685 4.44395 4.476332 4.480011 4.325969 4.197062 3.992775 3.748015 3.611526 3.290981 2.863633 2.187707
3.674066 3.694085 3.679801 3.651174 3.635343 3.708245 3.741376 3.754954 3.76773 3.807818 3.833627 3.823803 3.794441 3.698904 3.799485 3.889305 3.905192 3.833388 3.850145 3.935968 3.939918 4.077655 4.124529 4.259107 4.63189 5.284642 5.792894 6.142673 6.18404 5.718317 5.540085 5.352945 5.099604 4.896951 4.525124 4.076578 3.914687 3.981921 4.566613 5.049834 5.187399 5.161561 5.011101 4.914083 4.925096 4.768391 4.834952 4.937987 4.6516 4.535122 4.419075 4.266407 4.378263 4.451376 4.481494 4.469454 4.273617 4.074837 3.88998 3.631897 3.217345 2.520481 1.777556
3.583676 3.617503 3.612981 3.58226 3.635266 3.697468 3.722153 3.710659 3.765287 3.791386 3.796358 3.764066 3.776684 3.73685 3.789037 3.882578 3.874826 3.870519 3.903844 3.841349 3.902655 3.983574 4.10982 4.266831 4.652301 5.188756 5.662814 5.881312 5.786762 5.519754 5.390266 5.164551 4.928924 4.71786 4.429872 4.093074 3.870722 4.149735 4.951414 5.078039 5.077659 4.998927 5.054362 5.042515 5.075571 4.979413 4.866929 4.968646 4.832768 4.537245 4.437549 4.504688 4.442464 4.539464 4.525715 4.603048 4.417598 4.16891 3.781934 3.451474 2.862177 1.974565 1.406433
3.515527 3.528816 3.517892 3.557397 3.609857 3.646764 3.674932 3.713161 3.739855 3.769543 3.761052 3.747589 3.758894 3.780268 3.780051 3.831013 3.846372 3.850729 3.846786 3.819138 3.856737 3.872684 4.002501 4.180897 4.516805 4.983884 5.343548 5.622925 5.636404 5.659773 5.58836 5.56442 5.236194 4.904151 4.487085 3.97688 3.819788 4.668164 4.898146 5.053156 5.089232 5.077767 5.201765 5.315746 5.209764 5.108385 5.009366 4.987122 4.870798 4.483722 4.376803 4.66976 4.85867 4.656295 4.673198 4.814751 4.475885 4.038854 3.517916 3.156454 2.330048 1.518199 1.362083
3.483492 3.453805 3.433083 3.536771 3.575812 3.575712 3.610754 3.641148 3.657782 3.714273 3.729643 3.709384 3.709078 3.770219 3.802334 3.76193 3.741465 3.80515 3.805696 3.777505 3.777633 3.8404 3.905587 4.149191 4.480612 4.912822 5.286797 5.788148 6.058083 6.330228 6.194051 5.758339 5.475178 5.144508 4.694384 4.043427 4.044427 4.603152 4.902443 5.072993 5.172286 5.373403 5.505033 5.383721 5.174661 4.9527 5.012272 4.910167 4.681222 4.333536 4.299455 4.712941 4.960388 4.867505 4.817574 4.586928 4.373102 3.805411 3.309048 2.846458 1.877332 1.562718 1.59518
3.440492 3.373139 3.446092 3.504248 3.536622 3.546818 3.583157 3.540911 3.565381 3.634631 3.681207 3.685685 3.678368 3.739135 3.756635 3.654718 3.679074 3.708366 3.707253 3.735025 3.757356 3.830926 4.013722 4.411128 4.882089 5.235394 5.765476 6.467005 6.806434 6.971403 6.385611 5.816938 5.456968 5.063998 4.50148 4.077385 4.13906 4.779368 4.981719 5.199656 5.37236 5.443039 5.402733 4.953548 4.678379 4.556781 4.625504 4.39053 4.043554 3.966164 4.137469 4.549961 4.623384 4.667301 4.576488 4.470528 4.123003 3.433093 2.981421 2.693017 1.682598 1.696388 1.77838
3.391239 3.408709 3.467611 3.427358 3.479345 3.517409 3.516115 3.516768 3.539085 3.53876 3.613139 3.632987 3.642693 3.691229 3.733426 3.695188 3.627375 3.571204 3.694721 3.669916 3.809467 3.973252 4.299403 4.9413 5.502368 6.177718 6.736493 7.309392 7.57946 7.114468 6.288221 5.737394 5.373996 4.791975 4.21323 4.330067 4.719964 4.722954 5.07807 5.328573 5.439145 5.549628 5.007588 4.574675 4.435655 4.8576 4.734212 4.667714 4.15333 3.718765 4.100747 4.546703 4.548816 4.724049 4.625593 4.37367 3.64762 3.096983 2.740096 2.469969 1.961449 1.920676 2.056143
3.427406 3.405462 3.41523 3.39831 3.391992 3.424792 3.50025 3.535949 3.526324 3.5515 3.570643 3.572391 3.629088 3.661538 3.696452 3.626375 3.533201 3.502699 3.69474 3.817938 3.97188 4.268931 4.746597 5.542465 6.311665 6.755577 7.333168 7.883779 7.782051 7.015051 6.124468 5.688311 5.385891 4.603629 4.072141 4.805542 4.917912 4.929396 5.121979 5.530855 5.631989 5.284446 4.938347 4.655332 5.190315 5.375312 5.210595 4.576622 4.036842 3.970434 4.619298 4.920903 4.856031 4.741871 4.463843 3.768321 3.217633 3.028338 3.157273 2.909309 2.323927 2.015217 2.259195
3.376655 3.359957 3.370605 3.34259 3.294992 3.426202 3.505906 3.52224 3.575077 3.571984 3.58381 3.57966 3.6002 3.64872 3.675438 3.572232 3.469552 3.553278 3.924008 4.171711 4.360544 4.682541 5.394283 6.082126 6.963177 7.141537 7.716623 8.182767 7.70762 6.961616 6.158423 5.712648 5.266136 4.240115 4.051076 4.964113 5.148341 5.147558 5.30906 5.594067 5.468538 5.289488 5.132664 5.37977 5.643759 5.492746 4.960852 4.366241 4.121688 4.385148 4.949431 5.087614 4.888665 4.692617 4.201215 3.676876 3.700156 3.751272 3.743323 3.403379 2.139873 1.831744 2.250031
3.346308 3.333101 3.302322 3.278474 3.321757 3.407047 3.499756 3.52648 3.561541 3.609236 3.604349 3.546965 3.582289 3.635154 3.641273 3.617861 3.552853 3.807395 4.338876 4.684437 5.150122 5.457819 6.005872 6.732014 7.401694 7.459248 7.977241 8.311933 7.824687 6.909424 6.101303 5.53285 4.604887 3.744502 4.500546 5.234288 5.212287 5.036644 5.518319 5.703772 5.74018 5.806492 5.694219 5.67445 5.641261 5.210218 4.587698 4.306958 4.572543 4.841038 5.027978 5.025994 4.814134 4.413352 4.115015 4.002127 4.063672 4.289863 4.090406 3.514095 1.675218 1.250817 1.99179
3.277087 3.279357 3.262891 3.265617 3.277711 3.391078 3.481415 3.515656 3.55117 3.614413 3.604761 3.518826 3.564473 3.633825 3.686114 3.694057 3.761384 4.220784 4.922445 5.278804 5.795311 5.81993 6.6147 7.319057 7.833233 7.909125 8.125887 8.461129 7.640277 6.562825 5.756888 5.104309 4.260578 3.854706 4.571743 5.425141 5.372743 5.176916 5.694085 6.426013 6.255722 6.164425 5.911922 5.664443 5.236255 4.650126 4.389708 4.515005 4.812594 4.940538 5.015899 4.979925 4.638688 4.466023 4.142892 4.046328 4.224597 4.082059 3.877715 3.535819 2.175511 1.046465 .8185545
3.196576 3.23742 3.203406 3.258159 3.302509 3.361866 3.449875 3.561398 3.629933 3.616882 3.591033 3.552645 3.58985 3.652068 3.759535 3.803024 4.067912 4.742968 5.388445 5.740988 6.259676 6.324658 6.942628 7.971311 8.44507 8.478542 8.457679 8.086215 7.174183 5.997189 5.208451 4.702738 4.090219 3.985598 5.15602 5.558517 5.493455 5.359067 6.201187 6.669301 6.592605 6.245942 5.735373 5.248448 4.819231 4.431817 4.580273 4.705402 4.841162 4.894521 4.925372 4.910437 4.524155 4.33031 4.089515 4.166657 4.194836 3.91159 3.775381 3.548368 2.757469 1.096876 .8274429
3.134917 3.165558 3.24543 3.287479 3.350486 3.388756 3.470542 3.588199 3.64589 3.61376 3.576515 3.592396 3.65631 3.740045 3.926517 4.167548 4.502347 4.990181 5.704496 6.27303 6.773493 6.723293 7.205006 8.553331 8.828803 8.662608 8.074828 6.940222 5.652439 4.899519 4.455409 4.491441 4.358259 4.329036 5.438348 5.845929 5.907307 5.942617 6.2212 6.908796 6.397411 5.933042 5.269047 4.807091 4.697744 4.655422 4.781123 4.783235 4.776381 4.705057 4.809751 4.769172 4.279071 3.879413 4.021001 4.31466 4.11706 3.877336 3.866026 3.540333 3.030066 1.336909 .9483362
3.037627 3.177683 3.260148 3.337451 3.383852 3.491442 3.540455 3.568729 3.645898 3.640083 3.633212 3.68698 3.726624 3.935309 4.2771 4.663061 4.965613 5.224588 6.118134 6.765705 7.228573 7.062981 7.50911 8.640444 8.835732 8.064025 6.387294 4.980007 4.552607 4.476019 4.824588 5.153384 4.83492 4.665841 5.547647 6.254635 6.13775 6.134182 6.214472 6.472757 5.991032 5.420492 4.927779 4.657681 4.61101 4.712159 4.54431 4.44442 4.368634 4.315727 4.563822 3.946422 3.32699 3.368888 3.875177 3.898804 4.054159 3.726675 3.677956 3.540068 3.051366 2.308323 .6372041
3.038397 3.190143 3.296415 3.367432 3.333986 3.521334 3.640463 3.556579 3.633059 3.711391 3.7446 3.807198 3.9237 4.299656 4.834017 5.14497 5.409207 5.928981 6.858765 7.449433 7.604054 7.299019 7.9318 8.650316 8.13837 6.591245 4.850073 4.539516 4.964576 5.587262 6.125192 5.980296 5.229439 4.898432 5.567645 6.470453 6.394535 5.858412 5.753771 5.940572 5.654598 4.997808 4.623755 4.488773 4.459394 4.279457 3.991449 3.81145 3.61927 3.787863 3.518428 3.272739 3.192091 3.682355 4.049181 4.253457 3.980058 3.924022 3.725103 3.253246 2.851626 2.166876 .6264811
3.022347 3.172525 3.372493 3.437407 3.377434 3.530741 3.726123 3.638953 3.671453 3.838368 3.929807 4.039999 4.283302 4.843338 5.435482 5.577149 5.912434 6.700368 7.616049 8.178617 7.944483 7.755358 8.030765 8.237377 6.928815 5.133766 4.478163 5.31721 6.505595 7.064603 6.819638 6.169102 5.174444 5.044429 5.849091 6.442566 6.045465 5.495362 5.394738 5.469532 4.955496 4.54227 4.325229 3.980085 4.099399 3.912706 3.668019 3.218452 3.217382 3.095967 3.264665 3.365193 3.699425 4.418431 4.692124 4.717577 4.45412 4.106123 3.669256 3.354607 3.149024 2.382701 .7717098
3.158528 3.332954 3.483655 3.573 3.547696 3.561295 3.780216 3.892205 3.804487 4.041435 4.27025 4.434834 4.743941 5.282751 5.850307 6.045878 6.582061 7.337099 7.999959 8.481706 8.334867 8.182161 7.887208 6.753901 5.218928 4.78571 5.411702 6.968035 7.63176 7.474421 6.81921 5.906595 5.080373 5.084935 5.773236 5.974927 5.614083 5.037796 5.019142 4.988824 4.501669 4.093255 3.921476 3.807676 3.779937 3.529071 3.199073 2.893697 3.157157 3.398114 3.682307 4.128665 4.879911 5.184002 5.211604 5.093258 4.759742 4.3069 3.791374 3.569317 3.154437 1.780512 1.183263
3.339431 3.536896 3.580976 3.695344 3.779984 3.718886 3.882196 4.193187 4.073771 4.293464 4.690338 4.851431 5.278559 5.849002 6.382863 6.819791 7.284853 7.72485 8.2677 8.710538 8.496377 7.78128 6.718601 5.205001 5.062288 5.58259 7.107453 7.945373 7.974079 7.300019 6.421239 5.519712 4.942318 5.153961 5.741139 5.613099 5.360374 4.826062 4.677688 4.044359 3.827199 3.722331 3.647724 4.024335 3.916556 3.672846 3.005754 2.941625 3.785582 4.252195 4.542048 5.140617 5.54105 5.711479 5.58657 5.382024 4.917622 4.595862 4.186147 3.803599 2.505105 .5190078 2.057011
3.49243 3.594774 3.665479 3.850822 4.135773 4.070422 4.005323 4.463338 4.461016 4.654476 5.15802 5.414454 5.99883 6.676837 7.177546 7.576676 7.781144 8.038991 8.462276 8.561596 7.914624 6.814548 5.714899 5.202293 6.136551 7.346838 8.162501 8.152878 7.584023 6.704286 5.944923 5.329063 5.017275 5.257993 5.45255 5.210706 4.963396 4.479296 3.884948 3.603671 3.645028 3.802769 4.071842 4.633943 4.590763 3.606389 2.902608 3.546791 4.36022 4.710341 4.993849 5.673924 6.069264 6.076049 5.875066 5.469807 4.92958 4.655798 4.187088 3.48925 1.555141 3.192066 2.405577
3.600947 3.646338 3.779619 4.154189 4.568026 4.394707 4.103346 4.665723 4.936607 5.122967 5.643859 5.956221 6.609833 7.475375 7.793392 8.078742 8.103221 8.191747 8.320286 8.071473 7.27043 6.320563 5.866726 6.186901 7.353263 8.054437 8.210486 7.565213 6.594059 5.970232 5.628227 5.326083 5.114295 5.047047 5.056126 4.780804 4.436649 3.897772 3.4488 3.408458 3.97896 4.605127 5.370687 5.337859 4.47941 3.439866 3.277029 3.97628 4.546112 4.982704 5.309158 6.06846 6.470291 6.265072 5.666471 5.062571 4.689297 4.345124 3.890295 3.078762 1.307073 .7821258 .668376
3.616575 3.736356 4.013646 4.53838 4.886777 4.499273 4.271037 4.89781 5.192143 5.431158 5.927924 6.499133 7.342632 8.091214 8.306519 8.385204 8.19945 8.154571 8.310969 7.988172 7.333889 6.731329 6.419388 6.919988 7.807172 7.802155 7.350338 6.478616 5.953606 5.86329 5.824747 5.50786 5.004641 4.811936 4.762854 4.659276 4.063575 3.458225 3.357843 3.778325 4.618898 5.357677 5.407074 4.857103 3.675863 3.549626 3.637741 4.265715 4.733977 5.161839 5.682717 6.307505 6.587831 6.040476 5.267048 5.018792 4.799541 4.368721 3.784751 3.087164 1.621282 1.400387 1.363441
3.669789 3.8805 4.208307 4.679573 4.87682 4.55545 4.586406 5.200603 5.463727 5.78595 6.382472 7.170426 8.134741 8.609992 8.828068 8.478297 8.271686 8.118849 8.332802 8.110132 7.585544 7.15718 6.761464 7.006133 7.269114 6.927706 6.446298 6.015183 6.079726 6.252615 6.175558 5.532139 4.887792 4.656925 4.70371 4.298957 3.566847 3.087014 3.455491 4.065467 4.758674 5.223162 4.898131 4.261754 3.706089 4.107 4.36532 4.386516 5.01479 5.512801 6.077176 6.478455 6.70741 5.965701 5.422112 5.340664 4.950721 4.246716 3.565102 3.01772 1.721347 1.424267 1.264964
3.922626 4.002196 4.268286 4.617542 4.772035 4.753699 4.949331 5.462207 5.798129 6.299925 6.988614 7.975093 8.821741 9.137963 9.107781 8.519752 8.101814 8.195497 8.061862 7.863994 7.694354 7.163411 6.681946 6.403862 6.310666 6.429688 6.398394 6.266343 6.473396 6.711257 6.207399 5.361126 4.71554 4.467872 4.306125 3.609322 2.898637 3.039039 3.758167 4.297385 4.845401 4.831654 4.591616 4.471716 4.422025 4.976805 5.077281 4.503706 4.925371 5.979842 6.734654 7.116933 6.945508 6.405793 5.834737 5.580202 4.81167 3.864327 3.252778 2.882386 1.679632 .8748659 .939165
4.226973 4.269397 4.463682 4.642158 4.84025 5.135 5.479069 5.909935 6.361991 6.936357 7.73205 8.700517 9.453579 9.602217 9.271751 8.338557 7.721137 7.884232 7.820662 7.746979 7.399127 6.927334 6.054016 5.906683 6.134967 6.401938 6.490365 6.609967 6.865628 6.794999 5.937062 5.07636 4.519964 4.144317 3.769962 3.161084 2.709776 3.064086 4.013752 4.512934 4.867936 5.033091 5.288719 5.354136 5.205222 5.689058 5.54045 4.807761 4.806871 6.05615 7.233003 7.738619 7.672705 6.816665 5.978509 5.36149 4.429894 3.541403 3.064036 2.86078 1.81377 .632372 .3992386
4.572092 4.580897 4.85838 5.162903 5.31979 5.541498 5.969436 6.459788 6.877939 7.389929 8.203208 9.292803 9.794984 9.690497 9.157844 8.046926 7.292316 7.505236 7.660051 7.416176 7.310432 6.751663 5.799717 5.642505 6.148456 6.416492 6.505979 6.752065 6.968411 6.600672 5.651788 4.930565 4.309381 3.878938 3.434775 2.917047 2.55717 3.256257 4.264964 4.778046 5.170225 5.881232 6.413734 6.304698 5.870995 6.028948 5.727191 4.870386 4.754258 5.927883 7.52326 8.014343 7.99264 6.479188 5.340071 4.686385 3.960638 3.425479 3.111809 2.942059 2.135452 1.057021 .1855321
4.921043 4.914261 5.175948 5.670874 5.946056 6.142893 6.520398 6.880235 7.131094 7.604455 8.509398 9.497382 9.830992 9.487914 8.481169 7.678061 7.01685 7.275424 7.316064 7.366265 7.248839 6.682544 5.49774 5.557361 6.056398 6.334679 6.656293 7.173365 6.929974 6.279449 5.332241 4.544958 3.849593 3.195409 2.882418 2.594037 2.602036 3.487871 4.624787 5.311184 6.008917 6.844964 7.381376 7.082653 6.429766 6.191773 5.523054 4.745564 4.75639 5.979849 7.526208 7.896477 7.470155 5.800788 4.589085 3.967831 3.568558 3.338325 3.188789 3.016648 2.332078 2.708911 1.368858
5.293398 5.270307 5.429826 5.825367 6.079991 6.313932 6.791149 6.895863 7.275085 7.785994 8.701717 9.559493 9.379539 8.773203 7.973196 7.408904 6.963061 6.886261 7.084914 7.268948 7.077874 6.50941 5.499286 5.298205 5.909284 6.468333 7.241729 7.262208 6.760456 5.516032 4.273046 3.379891 2.865304 2.616578 2.710003 2.681112 3.017823 3.834574 5.056144 5.906288 6.76138 7.734021 8.154145 7.609827 6.583447 6.01625 5.269935 4.53933 4.600794 6.066769 7.386828 7.831206 6.571316 5.093592 4.02677 3.486118 3.22531 3.196675 3.17241 2.902068 1.949848 1.77784 .3073571
5.445194 5.354231 5.36617 5.654179 5.965268 6.327022 6.667861 6.857769 7.460066 8.11978 8.824957 9.506483 9.118259 8.541098 8.066493 7.287488 6.73341 6.791843 7.269707 7.321059 6.91097 6.313671 5.383235 5.201045 6.188245 7.345073 7.786769 7.639946 5.984629 4.53223 3.395903 2.788822 2.632783 2.756858 2.941918 3.121218 3.439522 4.397041 5.599893 6.603149 7.465261 8.444991 8.600665 7.622726 6.506816 5.739678 5.079156 4.445002 4.687213 6.062539 7.203764 6.946488 5.485406 4.158788 3.417622 3.082786 2.967733 3.06244 3.198172 2.872416 1.146335 .7518846 .8606575
