py_wake/examples/data/AJ_ParqueFicticio/Rough survey   Sector 9   Height 30m   Weibull-k.grd
DSAA
73  159
 258469   265669
 6501692   6517492
 .6074219   2.455078
[rows 56 to 83 of 159, columns 0 to 62 of 73]
2.423828 2.423828 2.423828 2.419922 2.419922 2.423828 2.423828 2.427734 2.427734 2.427734 2.427734 2.431641 2.427734 2.431641 2.431641 2.431641 2.431641 2.431641 2.431641 2.431641 2.435547 2.431641 2.431641 2.431641 2.435547 2.435547 2.435547 2.435547 2.435547 2.435547 2.427734 2.416016 2.392578 2.388672 2.396484 2.400391 2.400391 2.388672 2.330078 2.294922 2.345703 2.365234 2.345703 2.337891 2.337891 2.353516 2.341797 2.341797 2.349609 2.345703 2.345703 2.314453 2.322266 2.404297 2.447266 2.396484 2.236328 2.216797 2.318359 2.427734 2.451172 2.451172 2.333984
2.423828 2.423828 2.419922 2.419922 2.419922 2.423828 2.427734 2.427734 2.427734 2.427734 2.427734 2.431641 2.431641 2.431641 2.431641 2.431641 2.431641 2.431641 2.431641 2.431641 2.435547 2.431641 2.435547 2.431641 2.435547 2.435547 2.435547 2.435547 2.412109 2.423828 2.423828 2.416016 2.396484 2.384766 2.388672 2.392578 2.396484 2.388672 2.349609 2.314453 2.341797 2.357422 2.373047 2.369141 2.365234 2.361328 2.349609 2.349609 2.349609 2.349609 2.333984 2.333984 2.322266 2.419922 2.447266 2.431641 2.306641 2.251953 2.294922 2.404297 2.451172 2.451172 2.416016
2.419922 2.416016 2.416016 2.416016 2.419922 2.423828 2.427734 2.427734 2.427734 2.427734 2.427734 2.431641 2.431641 2.431641 2.431641 2.431641 2.431641 2.431641 2.431641 2.431641 2.435547 2.431641 2.431641 2.435547 2.435547 2.435547 2.435547 2.427734 2.400391 2.396484 2.408203 2.408203 2.396484 2.392578 2.392578 2.392578 2.388672 2.388672 2.369141 2.337891 2.349609 2.353516 2.369141 2.380859 2.373047 2.357422 2.349609 2.349609 2.349609 2.345703 2.326172 2.333984 2.314453 2.408203 2.431641 2.427734 2.326172 2.263672 2.306641 2.408203 2.451172 2.423828 2.451172
2.419922 2.416016 2.404297 2.404297 2.416016 2.419922 2.427734 2.423828 2.423828 2.423828 2.427734 2.427734 2.431641 2.431641 2.427734 2.431641 2.431641 2.431641 2.431641 2.431641 2.435547 2.431641 2.431641 2.431641 2.435547 2.435547 2.435547 2.431641 2.416016 2.373047 2.365234 2.384766 2.388672 2.388672 2.384766 2.376953 2.373047 2.380859 2.380859 2.357422 2.353516 2.361328 2.369141 2.384766 2.373047 2.361328 2.341797 2.341797 2.330078 2.318359 2.322266 2.341797 2.306641 2.388672 2.435547 2.427734 2.318359 2.259766 2.306641 2.404297 2.451172 2.423828 2.451172
2.427734 2.419922 2.408203 2.412109 2.419922 2.419922 2.427734 2.423828 2.423828 2.423828 2.423828 2.423828 2.427734 2.431641 2.427734 2.431641 2.431641 2.431641 2.431641 2.431641 2.431641 2.431641 2.431641 2.431641 2.431641 2.435547 2.435547 2.431641 2.423828 2.392578 2.361328 2.365234 2.373047 2.369141 2.357422 2.349609 2.349609 2.357422 2.376953 2.373047 2.361328 2.369141 2.373047 2.384766 2.376953 2.369141 2.361328 2.349609 2.330078 2.314453 2.322266 2.349609 2.306641 2.361328 2.408203 2.416016 2.341797 2.283203 2.318359 2.400391 2.447266 2.451172 2.423828
2.427734 2.416016 2.416016 2.416016 2.419922 2.419922 2.423828 2.423828 2.419922 2.419922 2.423828 2.423828 2.427734 2.431641 2.427734 2.431641 2.431641 2.431641 2.431641 2.431641 2.431641 2.431641 2.431641 2.431641 2.431641 2.435547 2.435547 2.435547 2.431641 2.416016 2.396484 2.388672 2.376953 2.373047 2.357422 2.341797 2.341797 2.349609 2.361328 2.369141 2.369141 2.369141 2.357422 2.380859 2.373047 2.373047 2.373047 2.373047 2.333984 2.310547 2.306641 2.322266 2.349609 2.365234 2.423828 2.392578 2.365234 2.306641 2.314453 2.384766 2.439453 2.451172 2.451172
2.427734 2.419922 2.419922 2.419922 2.423828 2.427734 2.427734 2.423828 2.423828 2.423828 2.423828 2.427734 2.427734 2.431641 2.427734 2.431641 2.431641 2.431641 2.431641 2.431641 2.431641 2.431641 2.435547 2.431641 2.431641 2.431641 2.423828 2.435547 2.431641 2.419922 2.416016 2.404297 2.396484 2.384766 2.365234 2.345703 2.341797 2.345703 2.353516 2.361328 2.369141 2.369141 2.357422 2.373047 2.373047 2.369141 2.369141 2.376953 2.384766 2.349609 2.330078 2.326172 2.365234 2.376953 2.412109 2.392578 2.400391 2.322266 2.326172 2.388672 2.435547 2.435547 2.443359
2.423828 2.419922 2.419922 2.423828 2.427734 2.427734 2.427734 2.423828 2.423828 2.423828 2.423828 2.427734 2.427734 2.427734 2.427734 2.431641 2.431641 2.431641 2.431641 2.431641 2.427734 2.427734 2.431641 2.431641 2.431641 2.419922 2.412109 2.416016 2.427734 2.419922 2.416016 2.423828 2.408203 2.396484 2.373047 2.345703 2.341797 2.345703 2.353516 2.357422 2.361328 2.365234 2.361328 2.373047 2.365234 2.369141 2.369141 2.369141 2.388672 2.361328 2.345703 2.337891 2.314453 2.357422 2.404297 2.400391 2.373047 2.318359 2.310547 2.365234 2.419922 2.439453 2.435547
2.423828 2.419922 2.423828 2.423828 2.427734 2.427734 2.423828 2.419922 2.423828 2.427734 2.423828 2.427734 2.427734 2.427734 2.427734 2.427734 2.431641 2.431641 2.427734 2.427734 2.427734 2.423828 2.427734 2.431641 2.423828 2.408203 2.416016 2.408203 2.404297 2.416016 2.412109 2.423828 2.419922 2.400391 2.376953 2.365234 2.349609 2.349609 2.357422 2.357422 2.357422 2.365234 2.361328 2.357422 2.357422 2.357422 2.369141 2.369141 2.376953 2.373047 2.345703 2.341797 2.310547 2.314453 2.392578 2.400391 2.353516 2.228516 2.123047 2.212891 2.271484 2.337891 2.412109
2.423828 2.419922 2.423828 2.423828 2.423828 2.423828 2.423828 2.419922 2.419922 2.427734 2.423828 2.427734 2.427734 2.427734 2.427734 2.427734 2.431641 2.431641 2.427734 2.427734 2.427734 2.419922 2.423828 2.431641 2.419922 2.412109 2.408203 2.392578 2.380859 2.388672 2.388672 2.416016 2.419922 2.408203 2.376953 2.369141 2.357422 2.349609 2.357422 2.353516 2.357422 2.365234 2.361328 2.353516 2.349609 2.361328 2.373047 2.373047 2.376953 2.404297 2.369141 2.353516 2.330078 2.330078 2.345703 2.400391 2.361328 2.267578 2.107422 1.958984 2.115234 2.236328 2.333984
2.423828 2.419922 2.423828 2.423828 2.423828 2.423828 2.423828 2.423828 2.427734 2.431641 2.427734 2.427734 2.427734 2.427734 2.427734 2.431641 2.427734 2.431641 2.431641 2.431641 2.431641 2.423828 2.427734 2.431641 2.423828 2.423828 2.408203 2.388672 2.369141 2.365234 2.376953 2.392578 2.404297 2.388672 2.388672 2.384766 2.369141 2.353516 2.349609 2.345703 2.357422 2.365234 2.353516 2.345703 2.341797 2.353516 2.373047 2.373047 2.361328 2.384766 2.384766 2.353516 2.388672 2.369141 2.369141 2.404297 2.400391 2.337891 2.275391 2.197266 2.205078 2.228516 2.337891
2.423828 2.423828 2.423828 2.423828 2.423828 2.419922 2.419922 2.423828 2.427734 2.427734 2.427734 2.427734 2.427734 2.427734 2.427734 2.427734 2.427734 2.427734 2.431641 2.431641 2.431641 2.427734 2.427734 2.427734 2.419922 2.419922 2.400391 2.388672 2.373047 2.361328 2.365234 2.369141 2.376953 2.376953 2.376953 2.380859 2.373047 2.373047 2.357422 2.349609 2.345703 2.333984 2.333984 2.333984 2.330078 2.357422 2.373047 2.365234 2.376953 2.400391 2.404297 2.369141 2.400391 2.431641 2.400391 2.392578 2.439453 2.400391 2.388672 2.361328 2.369141 2.365234 2.373047
2.423828 2.423828 2.427734 2.423828 2.423828 2.419922 2.419922 2.423828 2.423828 2.427734 2.423828 2.427734 2.427734 2.427734 2.427734 2.427734 2.423828 2.427734 2.431641 2.431641 2.427734 2.427734 2.423828 2.423828 2.419922 2.416016 2.412109 2.396484 2.376953 2.357422 2.353516 2.353516 2.365234 2.373047 2.357422 2.376953 2.373047 2.369141 2.392578 2.376953 2.369141 2.345703 2.333984 2.326172 2.326172 2.337891 2.337891 2.337891 2.353516 2.380859 2.400391 2.369141 2.400391 2.431641 2.447266 2.396484 2.435547 2.423828 2.384766 2.357422 2.365234 2.361328 2.376953
2.423828 2.423828 2.427734 2.427734 2.423828 2.416016 2.419922 2.419922 2.419922 2.423828 2.419922 2.423828 2.427734 2.431641 2.423828 2.423828 2.423828 2.427734 2.427734 2.431641 2.431641 2.431641 2.423828 2.423828 2.419922 2.416016 2.412109 2.396484 2.376953 2.349609 2.345703 2.333984 2.345703 2.357422 2.357422 2.373047 2.376953 2.384766 2.400391 2.400391 2.376953 2.376953 2.365234 2.349609 2.349609 2.349609 2.333984 2.306641 2.318359 2.330078 2.330078 2.349609 2.357422 2.392578 2.431641 2.447266 2.431641 2.423828 2.369141 2.333984 2.318359 2.345703 2.384766
2.416016 2.419922 2.427734 2.423828 2.419922 2.412109 2.419922 2.419922 2.416016 2.419922 2.416016 2.419922 2.427734 2.427734 2.427734 2.423828 2.431641 2.427734 2.431641 2.431641 2.431641 2.435547 2.427734 2.423828 2.419922 2.416016 2.408203 2.400391 2.380859 2.349609 2.341797 2.341797 2.333984 2.333984 2.337891 2.361328 2.380859 2.396484 2.408203 2.416016 2.392578 2.376953 2.373047 2.376953 2.369141 2.365234 2.349609 2.330078 2.326172 2.306641 2.255859 2.236328 2.146484 2.177734 2.365234 2.447266 2.439453 2.443359 2.400391 2.369141 2.349609 2.380859 2.408203
2.412109 2.416016 2.423828 2.423828 2.419922 2.416016 2.419922 2.416016 2.416016 2.412109 2.416016 2.423828 2.431641 2.431641 2.423828 2.427734 2.431641 2.431641 2.431641 2.431641 2.431641 2.435547 2.431641 2.427734 2.419922 2.419922 2.408203 2.404297 2.376953 2.345703 2.345703 2.361328 2.349609 2.333984 2.341797 2.353516 2.365234 2.384766 2.396484 2.392578 2.392578 2.380859 2.380859 2.388672 2.384766 2.380859 2.376953 2.365234 2.361328 2.341797 2.244141 2.193359 2.095703 2.142578 2.333984 2.400391 2.412109 2.447266 2.431641 2.419922 2.392578 2.408203 2.423828
2.416016 2.423828 2.427734 2.423828 2.419922 2.419922 2.419922 2.416016 2.412109 2.416016 2.423828 2.427734 2.427734 2.427734 2.419922 2.427734 2.427734 2.423828 2.427734 2.427734 2.431641 2.431641 2.427734 2.419922 2.416016 2.416016 2.408203 2.400391 2.369141 2.341797 2.337891 2.365234 2.345703 2.341797 2.345703 2.349609 2.365234 2.376953 2.384766 2.384766 2.392578 2.392578 2.396484 2.388672 2.384766 2.388672 2.388672 2.384766 2.388672 2.408203 2.392578 2.396484 2.380859 2.318359 2.326172 2.369141 2.361328 2.408203 2.443359 2.435547 2.423828 2.435547 2.447266
2.423828 2.427734 2.427734 2.423828 2.419922 2.419922 2.423828 2.416016 2.408203 2.416016 2.419922 2.423828 2.419922 2.419922 2.419922 2.423828 2.423828 2.419922 2.423828 2.423828 2.431641 2.427734 2.419922 2.412109 2.404297 2.408203 2.408203 2.404297 2.376953 2.349609 2.353516 2.373047 2.349609 2.353516 2.353516 2.353516 2.357422 2.365234 2.373047 2.380859 2.388672 2.400391 2.416016 2.400391 2.396484 2.388672 2.388672 2.388672 2.388672 2.412109 2.431641 2.431641 2.423828 2.400391 2.419922 2.376953 2.353516 2.376953 2.404297 2.439453 2.439453 2.451172 2.451172
2.427734 2.427734 2.427734 2.419922 2.412109 2.419922 2.427734 2.416016 2.400391 2.408203 2.416016 2.419922 2.416016 2.412109 2.416016 2.419922 2.419922 2.416016 2.416016 2.416016 2.423828 2.419922 2.416016 2.404297 2.400391 2.404297 2.408203 2.404297 2.380859 2.349609 2.365234 2.380859 2.373047 2.361328 2.357422 2.357422 2.353516 2.357422 2.361328 2.361328 2.373047 2.408203 2.416016 2.408203 2.412109 2.400391 2.396484 2.388672 2.384766 2.396484 2.404297 2.416016 2.419922 2.412109 2.416016 2.439453 2.384766 2.373047 2.376953 2.392578 2.419922 2.443359 2.451172
2.423828 2.423828 2.423828 2.423828 2.416016 2.423828 2.427734 2.419922 2.404297 2.408203 2.412109 2.416016 2.416016 2.408203 2.412109 2.419922 2.419922 2.416016 2.416016 2.416016 2.419922 2.412109 2.408203 2.396484 2.392578 2.392578 2.400391 2.388672 2.361328 2.302734 2.326172 2.353516 2.361328 2.369141 2.361328 2.365234 2.365234 2.357422 2.357422 2.357422 2.357422 2.380859 2.392578 2.384766 2.400391 2.380859 2.369141 2.400391 2.369141 2.365234 2.361328 2.349609 2.302734 2.279297 2.318359 2.365234 2.404297 2.361328 2.357422 2.361328 2.373047 2.408203 2.427734
2.419922 2.419922 2.423828 2.423828 2.423828 2.423828 2.427734 2.419922 2.408203 2.404297 2.408203 2.412109 2.412109 2.408203 2.412109 2.419922 2.419922 2.416016 2.419922 2.419922 2.416016 2.404297 2.400391 2.388672 2.380859 2.380859 2.380859 2.353516 2.314453 2.255859 2.287109 2.322266 2.349609 2.361328 2.361328 2.365234 2.365234 2.357422 2.361328 2.369141 2.376953 2.380859 2.337891 2.287109 2.248047 2.244141 2.248047 2.322266 2.341797 2.357422 2.365234 2.333984 2.263672 2.119141 2.083984 2.201172 2.333984 2.314453 2.298828 2.275391 2.310547 2.330078 2.322266
2.416016 2.419922 2.419922 2.423828 2.419922 2.416016 2.416016 2.412109 2.408203 2.400391 2.404297 2.408203 2.404297 2.404297 2.408203 2.412109 2.412109 2.416016 2.419922 2.412109 2.416016 2.412109 2.396484 2.392578 2.388672 2.373047 2.357422 2.318359 2.267578 2.216797 2.271484 2.314453 2.337891 2.349609 2.361328 2.357422 2.345703 2.353516 2.365234 2.357422 2.353516 2.361328 2.345703 2.310547 2.341797 2.380859 2.376953 2.392578 2.369141 2.353516 2.388672 2.349609 2.294922 2.224609 2.283203 2.294922 2.318359 2.341797 2.341797 2.330078 2.314453 2.361328 2.373047
2.416016 2.416016 2.416016 2.416016 2.416016 2.404297 2.404297 2.400391 2.400391 2.400391 2.404297 2.408203 2.404297 2.404297 2.404297 2.404297 2.400391 2.404297 2.412109 2.408203 2.412109 2.404297 2.392578 2.392578 2.388672 2.376953 2.357422 2.314453 2.271484 2.267578 2.298828 2.314453 2.337891 2.353516 2.369141 2.373047 2.369141 2.365234 2.396484 2.369141 2.357422 2.345703 2.333984 2.337891 2.388672 2.412109 2.431641 2.435547 2.427734 2.435547 2.404297 2.380859 2.376953 2.388672 2.416016 2.423828 2.435547 2.404297 2.388672 2.388672 2.388672 2.396484 2.427734
2.412109 2.412109 2.412109 2.412109 2.412109 2.400391 2.396484 2.392578 2.400391 2.396484 2.400391 2.404297 2.400391 2.400391 2.396484 2.396484 2.396484 2.404297 2.408203 2.400391 2.404297 2.396484 2.384766 2.384766 2.388672 2.388672 2.376953 2.349609 2.310547 2.294922 2.298828 2.322266 2.337891 2.357422 2.361328 2.365234 2.373047 2.392578 2.404297 2.376953 2.365234 2.345703 2.361328 2.380859 2.388672 2.388672 2.400391 2.419922 2.435547 2.443359 2.447266 2.427734 2.431641 2.435547 2.435547 2.416016 2.408203 2.400391 2.392578 2.392578 2.392578 2.404297 2.412109
2.412109 2.408203 2.408203 2.416016 2.408203 2.400391 2.392578 2.392578 2.392578 2.388672 2.392578 2.396484 2.392578 2.392578 2.396484 2.400391 2.408203 2.412109 2.408203 2.400391 2.404297 2.388672 2.380859 2.376953 2.388672 2.392578 2.388672 2.365234 2.330078 2.318359 2.314453 2.330078 2.349609 2.361328 2.357422 2.353516 2.365234 2.384766 2.384766 2.380859 2.388672 2.412109 2.388672 2.388672 2.388672 2.396484 2.404297 2.419922 2.443359 2.443359 2.427734 2.408203 2.404297 2.404297 2.412109 2.416016 2.400391 2.404297 2.400391 2.404297 2.404297 2.412109 2.416016
2.412109 2.412109 2.416016 2.416016 2.412109 2.404297 2.392578 2.384766 2.384766 2.376953 2.373047 2.376953 2.380859 2.380859 2.392578 2.404297 2.404297 2.408203 2.408203 2.408203 2.404297 2.388672 2.380859 2.369141 2.376953 2.380859 2.373047 2.337891 2.306641 2.291016 2.318359 2.345703 2.357422 2.365234 2.361328 2.365234 2.369141 2.392578 2.384766 2.376953 2.376953 2.384766 2.373047 2.380859 2.384766 2.396484 2.408203 2.412109 2.412109 2.412109 2.412109 2.408203 2.408203 2.408203 2.412109 2.412109 2.412109 2.416016 2.419922 2.416016 2.416016 2.416016 2.427734
2.408203 2.408203 2.412109 2.412109 2.408203 2.396484 2.380859 2.376953 2.373047 2.365234 2.357422 2.373047 2.373047 2.373047 2.376953 2.380859 2.384766 2.396484 2.396484 2.400391 2.392578 2.388672 2.373047 2.361328 2.357422 2.345703 2.333984 2.306641 2.279297 2.271484 2.310547 2.337891 2.361328 2.357422 2.357422 2.373047 2.376953 2.400391 2.380859 2.345703 2.357422 2.349609 2.357422 2.369141 2.376953 2.392578 2.400391 2.400391 2.404297 2.408203 2.412109 2.412109 2.416016 2.416016 2.416016 2.423828 2.431641 2.435547 2.423828 2.419922 2.416016 2.416016 2.423828
2.404297 2.404297 2.404297 2.404297 2.400391 2.388672 2.376953 2.369141 2.361328 2.353516 2.357422 2.365234 2.365234 2.361328 2.349609 2.349609 2.361328 2.376953 2.388672 2.380859 2.384766 2.380859 2.376953 2.369141 2.349609 2.326172 2.314453 2.283203 2.283203 2.279297 2.322266 2.353516 2.373047 2.376953 2.380859 2.396484 2.404297 2.396484 2.361328 2.376953 2.353516 2.349609 2.345703 2.361328 2.365234 2.380859 2.396484 2.400391 2.396484 2.404297 2.416016 2.423828 2.427734 2.423828 2.423828 2.427734 2.435547 2.443359 2.427734 2.416016 2.408203 2.419922 2.423828
