py_wake/examples/data/AJ_ParqueFicticio/Rough survey   Sector 8   Height 30m   Orographic speed.grd
DSAA
73  159
 258469   265669
 6501692   6517492
 .2408467   2.300954
[rows 56 to 83 of 159, columns 0 to 62 of 73]
.9474751 .9462298 .952568 .9610675 .9652337 .9703777 .9583244 .9513 .9462011 .9449275 .9445316 .9438522 .9356267 .9288728 .9241509 .923976 .928328 .9340254 .9309977 .9256883 .920185 .9136557 .9171138 .9253645 .931646 .9268717 .9236486 .9172094 .9260971 .9683108 1.089205 1.165096 1.135178 1.190474 1.202345 1.227366 1.265146 1.296004 1.314665 1.324719 1.368416 1.382163 1.420482 1.397737 1.388517 1.396765 1.433211 1.387551 1.318048 1.254951 1.287731 1.315613 1.246196 1.064912 .906101 .9476097 1.068471 1.117785 1.053815 .9571412 .8989503 .9104791 .862841
.9496769 .9297767 .9407294 .9618751 .9708382 .9634584 .9542732 .9445445 .9390505 .9385729 .9397209 .9412338 .9406185 .9253685 .9293793 .9280772 .9285144 .9313974 .9330727 .9252056 .9362381 .9316527 .9255514 .9347563 .9359651 .9336924 .9282867 .9360551 .9973119 1.075851 1.180087 1.17368 1.190269 1.227368 1.266649 1.26892 1.284666 1.282504 1.340198 1.349338 1.369766 1.394384 1.318168 1.302138 1.342917 1.380817 1.373699 1.295983 1.280882 1.274191 1.311421 1.290835 1.187604 1.018626 .9550973 1.051019 1.120821 1.130159 1.00041 .9037049 .8596072 .8453449 .8439566
.9224237 .9004428 .9236755 .9532791 .9693896 .9495821 .940776 .9297343 .9263461 .9274905 .9307234 .9342452 .9323574 .9168783 .9245355 .929584 .9283574 .9267335 .9246634 .9234274 .9367943 .9425234 .9397065 .944593 .9405755 .9338561 .9311737 .9629948 1.01832 1.096531 1.129295 1.142892 1.157914 1.183425 1.205746 1.239263 1.240958 1.255631 1.295597 1.327811 1.34755 1.341789 1.262167 1.234866 1.286018 1.325747 1.287053 1.225954 1.226225 1.266971 1.284845 1.218832 1.123626 .9848587 .9743297 1.062357 1.11142 1.087516 1.006683 .9354644 .9067299 .8780948 .8910908
.9013677 .9135731 .9282586 .9494249 .9610088 .9530069 .9294902 .9149706 .9123598 .9155718 .9205386 .9257253 .9276868 .9112232 .91624 .9245576 .9285117 .9247597 .9228153 .9241729 .9343241 .9509568 .9514759 .9512054 .9456279 .9339163 .9382558 .9433074 .9523812 1.029201 1.062665 1.054816 1.065137 1.100174 1.121959 1.203472 1.239629 1.247218 1.268606 1.286623 1.299399 1.259968 1.204715 1.201502 1.232024 1.267027 1.233154 1.182766 1.203964 1.242173 1.233693 1.144856 1.065108 .970611 .9474916 1.022277 1.04829 1.067848 1.009876 .9453975 .9077601 .8783632 .9178191
.9306543 .9409611 .9591389 .9696614 .9671812 .9497718 .9320291 .8992038 .9008406 .9058504 .9098265 .9128605 .9134396 .9019367 .9112624 .9213586 .9263225 .9235064 .9281138 .9334053 .9328584 .9410603 .9410892 .9498147 .9492515 .9371515 .946817 .9395059 .9872363 1.00174 1.049768 1.043016 1.02984 1.046071 1.118099 1.209977 1.231968 1.244694 1.235647 1.242192 1.239473 1.183912 1.163516 1.196986 1.212304 1.229934 1.197852 1.180868 1.184277 1.215904 1.180525 1.072904 1.002036 .9462912 .9785175 1.010032 1.029142 1.080307 .9998142 .9213835 .8672356 .8817132 .9479256
.9611181 .9702406 .982421 .9570103 .9288403 .9259353 .9100831 .8934153 .8973923 .9031772 .9053594 .9056439 .9049311 .9117312 .916277 .9233825 .9301396 .9235992 .930707 .9394045 .9458744 .9531994 .9472893 .9470193 .9425797 .9463648 .9657622 1.000534 1.049651 1.092342 1.090289 1.054541 1.043255 1.116673 1.15838 1.204282 1.218317 1.223876 1.219042 1.202676 1.17314 1.153999 1.175956 1.174056 1.196392 1.185663 1.155734 1.154045 1.179727 1.170693 1.10235 1.058366 1.002684 1.00753 .9487814 1.016116 1.051112 1.06024 .9840648 .8824123 .8425442 .8638842 .8569466
.9775191 .9884826 .9684053 .9493973 .9272639 .9094784 .9053671 .9042515 .903583 .9068557 .9060104 .9070344 .9142099 .9185773 .9188371 .9217642 .9271336 .9140609 .9251059 .94471 .9420889 .9452397 .9488865 .9509262 .9519041 .9712533 .9911932 1.04014 1.071833 1.099701 1.172976 1.159874 1.153344 1.17625 1.181612 1.21135 1.215902 1.202535 1.189171 1.166748 1.150738 1.146877 1.163154 1.172774 1.153544 1.165197 1.158691 1.158858 1.147207 1.143911 1.109833 1.021598 1.018073 1.015471 1.03293 1.035404 1.057949 1.019212 .9653322 .8750201 .8231698 .7923464 .8218855
.9842261 .9694996 .9556246 .9462478 .9332657 .923434 .9178123 .9107691 .9069962 .9109452 .9131823 .9177071 .919714 .9195501 .9178731 .9153798 .9119005 .9019486 .9155306 .9345624 .9216545 .9225931 .936797 .9516239 .9595622 .9906764 1.021598 1.049784 1.087105 1.126247 1.151565 1.134509 1.137768 1.15904 1.200283 1.233633 1.222937 1.194621 1.179507 1.156684 1.140854 1.131183 1.123313 1.121536 1.142202 1.154303 1.157015 1.134533 1.130951 1.070732 1.012234 1.041588 1.084404 1.055383 1.009641 .9705982 .9950488 .9477644 .8981578 .8185062 .7683647 .7840542 .7950567
.9821717 .9561418 .9444572 .9389631 .9335765 .9271068 .9206727 .9143515 .9118302 .9138466 .9145601 .9178214 .9212418 .9189894 .9149556 .9108644 .9052451 .9121537 .9176096 .9177701 .909618 .9120847 .9220203 .9363023 .9578418 1.000981 1.011267 1.05805 1.105676 1.139682 1.123642 1.116366 1.123226 1.15657 1.204085 1.204311 1.207004 1.185565 1.173585 1.158117 1.120916 1.076436 1.079555 1.101308 1.116299 1.143218 1.09717 1.088395 1.070567 1.041335 1.009745 1.042316 1.07189 1.000956 .9526595 .9197155 .8462551 .7991219 .7265857 .6813304 .6385051 .6940827 .762078
.973548 .9495059 .9335971 .9292618 .9277247 .9267006 .9220354 .9198768 .9228366 .9180355 .9142491 .9164696 .9193309 .918086 .9129118 .9046127 .9053062 .9190238 .9229217 .9222276 .9269326 .9237078 .9277011 .9464284 .9561549 .9696451 .9755973 1.030588 1.081598 1.097504 1.087816 1.076261 1.092284 1.136124 1.158525 1.15473 1.150971 1.147769 1.14304 1.110193 1.086986 1.073116 1.081013 1.117321 1.148335 1.118496 1.070668 1.06451 1.073549 1.041103 1.009576 1.040643 1.056579 1.024015 .9166654 .8548095 .7766815 .7371326 .6491749 .5655514 .6296843 .6931134 .7154922
.9612321 .9471623 .9260812 .9214841 .9206266 .9209045 .9241706 .9262433 .9187634 .9161665 .9171548 .9173499 .9161845 .9135162 .9089964 .9076732 .9181269 .9267102 .9319836 .9361849 .9445903 .9510145 .9549703 .9508681 .9422374 .9368239 .9673095 1.018111 1.046898 1.067605 1.058952 1.059471 1.082468 1.119748 1.124046 1.118583 1.104927 1.096458 1.078803 1.048957 1.057621 1.05271 1.073399 1.113597 1.147808 1.103703 1.036862 1.059019 1.081081 1.039969 1.010955 1.056891 1.067993 1.008498 .9525993 .8384315 .7625542 .7255123 .687618 .6647917 .7246348 .7380996 .7751371
.9524571 .9418315 .9255324 .9174761 .9152965 .916705 .9208694 .9239926 .9235111 .9142172 .9140158 .9148701 .9133943 .9075147 .9033124 .9099951 .9227174 .9307657 .94268 .9499744 .9625657 .95748 .9438654 .9361447 .9205059 .9267461 .9793636 1.008681 1.039139 1.057716 1.054718 1.066121 1.095037 1.110874 1.102046 1.099042 1.089659 1.06945 1.062672 1.018135 1.002778 1.032615 1.070157 1.096865 1.097855 1.045698 1.053833 1.099572 1.116557 1.033139 1.075661 1.109492 1.073953 1.020354 .943868 .8543705 .800253 .7446557 .76769 .7908084 .8134919 .8414411 .8040054
.9484883 .9413531 .9268702 .9166959 .9114009 .9131472 .918413 .9207466 .9208304 .914016 .9089879 .9094831 .9109541 .9020396 .9067782 .9149829 .9230895 .9353429 .9443361 .9503114 .9573665 .9400253 .9077172 .9105996 .9047351 .9667915 1.004986 .9975843 1.01375 1.039182 1.051002 1.072555 1.091618 1.093374 1.091225 1.09315 1.088185 1.059242 1.036611 1.010792 1.008761 1.06906 1.117813 1.112101 1.056271 1.025931 1.06029 1.079813 1.062406 .992457 1.055963 1.114869 1.107642 1.018254 .9246218 .8733295 .7755262 .7603204 .8015203 .8185427 .8304849 .8361508 .7698607
.9358381 .9382912 .9186116 .9094188 .9076134 .912246 .9196684 .9157297 .9152272 .91116 .9056237 .902993 .9069827 .8982775 .9205287 .9300187 .9345224 .9464607 .9475293 .942344 .932993 .9110427 .8885957 .8977848 .9386564 1.001155 1.006633 1.003935 1.01729 1.035771 1.056914 1.069141 1.084693 1.069863 1.090874 1.098211 1.092679 1.074466 1.031803 1.041457 1.107047 1.141709 1.14764 1.11211 1.048553 1.044834 1.043276 1.028733 .9660784 .9489873 1.064174 1.058112 .9780967 .8686851 .806011 .7202847 .7487719 .7572055 .7955213 .8138568 .8021975 .7969297 .7911298
.9156342 .9245597 .9180974 .899056 .9097486 .9132243 .9148042 .9090356 .907518 .9059701 .9021114 .9017916 .9010125 .9053511 .9374337 .9614207 .9610088 .9522252 .9447216 .9387832 .9237196 .9032472 .909446 .929933 .9837736 1.002917 .9976199 1.002572 1.029725 1.052124 1.046858 1.047561 1.063792 1.070969 1.108158 1.118054 1.108316 1.087768 1.079858 1.097326 1.141543 1.171278 1.143112 1.093511 1.04502 1.046807 1.020436 .9825177 .9268719 .9217038 .9499699 .8608173 .7624773 .7098522 .6889824 .7100298 .7582699 .8054194 .833315 .8330281 .8195868 .8267577 .8262262
.9054012 .905021 .9032643 .8950109 .9217337 .9105973 .8992625 .8940887 .8945925 .8972542 .9015474 .9046724 .915721 .93243 .9566405 .9617354 .9461862 .9392861 .9350772 .9316912 .9243015 .9260085 .9477425 .9761665 1.014587 1.003403 .9992247 1.004541 1.00814 1.028485 1.074003 1.088749 1.088052 1.115158 1.132831 1.14071 1.142791 1.123761 1.115757 1.127068 1.131528 1.142797 1.116907 1.072482 1.061045 1.058973 1.037571 1.000104 .929545 .9034103 .8320248 .7681732 .7272657 .7440785 .7615382 .725742 .7836018 .8627547 .8928995 .8863162 .863133 .8652723 .8506073
.9130883 .9077113 .9088689 .9134497 .9201111 .913587 .8818006 .8791502 .8880264 .9077043 .9138308 .9185118 .9242039 .9308989 .9496447 .9453945 .9179664 .9163497 .918286 .9208475 .9198617 .9218379 .9486833 .9754476 .9804888 .9951388 .986524 .9847015 .9709776 1.050109 1.106476 1.116466 1.147628 1.1793 1.176159 1.182271 1.156557 1.130318 1.118849 1.112123 1.112284 1.120151 1.086106 1.078717 1.07642 1.064108 1.056378 1.025351 .9792762 .9571155 .9041094 .8659294 .8957796 .8998936 .8894001 .8441225 .8717128 .89561 .918833 .928051 .9182112 .9224185 .9251773
.9279751 .9267231 .9277197 .914332 .9042538 .900646 .8746166 .8746407 .8958939 .9074237 .9145399 .9185318 .9220836 .9220034 .9258884 .9298999 .8919882 .8890498 .893659 .8979263 .8998927 .8970593 .9295098 .9485799 .9618719 .9750836 .9681262 .9728112 1.029772 1.106481 1.154388 1.149359 1.189856 1.217621 1.202447 1.159736 1.133643 1.132508 1.142287 1.13396 1.134897 1.145543 1.089801 1.080974 1.070696 1.0533 1.032179 .9816596 .9954754 .9831024 .9718844 .9537547 .9967543 1.031366 .9855633 .9109213 .8837302 .9054652 .9353074 .9631789 .9913721 1.009808 1.023155
.9305937 .9290423 .9258532 .9129272 .9026906 .8953795 .8755761 .883985 .9014509 .8988069 .9054135 .9116104 .9129949 .9148551 .9198569 .9059119 .8705732 .8698496 .8737547 .8719683 .8686531 .8903273 .9198267 .9407165 .9606807 .9662894 .9672484 .9905981 1.057364 1.164111 1.167199 1.175376 1.199772 1.215679 1.183948 1.145246 1.135041 1.133185 1.133601 1.145362 1.156223 1.106985 1.091599 1.098074 1.058939 1.042208 .985552 .9146323 .8947484 .9132681 .8933616 .9159017 .9842815 1.02472 .994351 .8617578 .8405174 .8848728 .9373691 .966762 1.002464 1.00492 .942596
.9173654 .9221273 .9236387 .91216 .8940284 .8721728 .8827732 .9002199 .902178 .8875578 .8918872 .8983282 .9055522 .8916127 .8787316 .8795784 .868104 .8696474 .868021 .856456 .871887 .8878931 .9101166 .9374868 .9471129 .9519081 .9554992 .9892858 1.040874 1.115044 1.144301 1.170461 1.165575 1.154374 1.158682 1.147054 1.139179 1.146184 1.114433 1.093832 1.05925 1.03333 1.019109 .9531153 .9430123 .8353177 .8359675 .7894803 .8425593 .8525901 .8332217 .8539789 .8649573 .8561929 .7777701 .6812977 .7526089 .8249667 .8890557 .9077131 .9242027 .8778511 .8045601
.9006915 .9092757 .914587 .9109167 .8855513 .8850399 .8875539 .8956606 .8916265 .878801 .8799042 .8840713 .8888415 .8713875 .8662607 .8636993 .8666497 .8700805 .8691534 .8622773 .883379 .879189 .8932183 .9129943 .9195023 .9202408 .9173334 .9407172 .9856295 1.087885 1.143565 1.149577 1.132643 1.121413 1.124893 1.132701 1.130798 1.125445 1.077366 1.035742 1.024825 .9491377 .8287424 .7816757 .7044944 .7181621 .7247506 .7761281 .8446448 .8555592 .8271421 .8009349 .7612747 .690261 .606979 .6349298 .7306342 .7551729 .7789029 .8082123 .7974598 .7215353 .645993
.8925893 .895586 .8997023 .8979488 .8664631 .8678364 .8736036 .8783146 .8755542 .8701268 .8736379 .874667 .8708078 .8658802 .8669727 .863138 .8569844 .8587192 .8613713 .8620011 .8908712 .9051741 .9187549 .9379389 .9182652 .8886632 .8739106 .8875161 .9648968 1.097399 1.183351 1.176694 1.157868 1.133349 1.102499 1.075104 1.075732 1.048731 .9884258 .9729824 .9471135 .8477749 .7992297 .7716979 .7859359 .8804362 .8834623 .8933509 .9475868 .8927167 .8267864 .7759225 .7252374 .6862854 .703324 .7709755 .7606872 .7554287 .8101046 .8515089 .7894828 .7133984 .6700988
.8864402 .880444 .8791519 .8730183 .8430431 .8455715 .855749 .8582999 .8605757 .863654 .868958 .8718015 .8647213 .8617612 .8597184 .857929 .8497377 .8405032 .8345156 .8528013 .892157 .8957179 .9376823 .9288701 .9047207 .8643205 .877434 .8991162 1.028384 1.1847 1.273175 1.232479 1.193533 1.136295 1.094878 1.084294 1.083576 1.059619 .982994 .9440479 .8484879 .7957655 .8008524 .8489493 .9437336 1.007944 1.017107 1.030687 .998698 .8835218 .8084083 .7749683 .7930116 .8491552 .924166 .9990538 .9766576 1.012828 1.046152 .9988493 .9035931 .8392287 .7689055
.8799232 .8681377 .8599163 .8475465 .8301818 .8357688 .8440707 .8568516 .8606762 .8577482 .8620304 .8652712 .8478888 .8478429 .8504748 .8497159 .8409248 .8233909 .8297479 .8500974 .8612294 .8783572 .9064365 .8912946 .8880348 .8844582 .8950337 .9913678 1.165935 1.30361 1.297253 1.221642 1.172401 1.105399 1.086945 1.085592 1.075777 1.030367 .9580325 .8759593 .7915969 .7924314 .8836728 .9533275 1.033337 1.065916 1.053912 1.011693 .9097352 .8873649 .9012238 .9199873 .949895 1.006042 1.062893 1.123108 1.134398 1.173447 1.133612 1.05751 .9865716 .9388967 .8644449
.8710662 .8569974 .8445027 .8331531 .8449592 .8482613 .8518724 .8534353 .8511198 .8449191 .8433923 .8484868 .8247605 .8347021 .8462449 .847833 .8478999 .8506119 .8492255 .8544361 .8656825 .8718258 .8763126 .8739473 .8753631 .9060132 .9690534 1.09073 1.246535 1.33629 1.300369 1.196151 1.12473 1.072485 1.052335 1.035673 .9898053 .9198532 .8691203 .836298 .8304078 .9251189 1.055821 1.079674 1.087064 1.088653 1.049959 .9965907 .9591603 .9689178 1.00546 1.049288 1.081661 1.122046 1.1263 1.143726 1.162423 1.122472 1.055391 .9914203 .954237 .9028428 .8614775
.8593779 .8475774 .8396226 .8413174 .8470142 .8576758 .8431421 .8376685 .8343184 .8289828 .8234067 .8205832 .8039091 .8272537 .8532707 .8522723 .8428037 .855545 .8684686 .8737454 .8727865 .8792802 .8769387 .8594181 .8571224 .9163129 .9988336 1.12644 1.25349 1.277035 1.207014 1.119609 1.069345 1.038534 1.029916 1.00828 .9540799 .8911971 .8520114 .8448817 .8977346 1.012701 1.070163 1.096772 1.091528 1.072072 1.055293 1.036046 1.03742 1.042991 1.059639 1.076571 1.088811 1.096149 1.100187 1.104431 1.072565 1.009445 .9526782 .9139014 .8929098 .8647098 .8313159
.8467192 .8330764 .8384362 .8352811 .830901 .8291836 .8107487 .81028 .811659 .8094194 .8018674 .7916245 .7983848 .8084133 .8231028 .8219196 .7976968 .839196 .8495553 .855994 .8614366 .8688938 .8642931 .8410975 .8600765 .8821882 .9961006 1.144719 1.247346 1.242281 1.137486 1.070603 1.046112 1.034867 1.033172 .9917746 .9245651 .8713259 .8309988 .8339248 .9719273 1.07594 1.099575 1.102741 1.084509 1.058776 1.054904 1.051227 1.051338 1.051682 1.052998 1.057089 1.061356 1.065728 1.070148 1.049872 .9975289 .9522853 .9182047 .8961511 .8795958 .8579573 .8224003
.8309604 .8195131 .8190974 .8214121 .8131818 .801621 .7957872 .7932296 .7922987 .788871 .7952088 .7989767 .78931 .7883459 .7834273 .7736014 .7811363 .8216587 .8222923 .8281388 .8529349 .8582405 .8523957 .8580582 .8486692 .9258621 1.054196 1.19741 1.260844 1.222932 1.131941 1.080374 1.079024 1.087927 1.06633 1.009803 .8873401 .807718 .7983184 .9621649 1.076569 1.092829 1.086699 1.07448 1.02994 .996174 1.012944 1.01069 1.042956 1.045205 1.032043 1.029348 1.032403 1.034069 1.023658 .976875 .9373026 .9189695 .892776 .8785076 .8783514 .8374371 .8012719
