py_wake/examples/data/AJ_ParqueFicticio/Rough survey   Sector 8   Height 30m   Weibull-k.grd
DSAA
73  159
 258469   265669
 6501692   6517492
 .9746094   2.455078
[rows 28 to 55 of 159, columns 0 to 62 of 73]
2.392578 2.392578 2.388672 2.388672 2.388672 2.388672 2.388672 2.384766 2.380859 2.380859 2.380859 2.380859 2.380859 2.380859 2.376953 2.376953 2.376953 2.376953 2.376953 2.373047 2.373047 2.373047 2.369141 2.369141 2.365234 2.365234 2.365234 2.365234 2.365234 2.361328 2.361328 2.361328 2.357422 2.357422 2.365234 2.357422 2.353516 2.353516 2.353516 2.353516 2.361328 2.361328 2.357422 2.349609 2.349609 2.345703 2.345703 2.345703 2.341797 2.341797 2.341797 2.337891 2.337891 2.326172 2.287109 2.169922 2.017578 2.021484 2.123047 2.240234 2.298828 2.330078 2.337891
2.392578 2.388672 2.388672 2.388672 2.388672 2.388672 2.384766 2.384766 2.384766 2.380859 2.380859 2.380859 2.376953 2.376953 2.376953 2.376953 2.376953 2.373047 2.373047 2.373047 2.369141 2.369141 2.369141 2.365234 2.365234 2.365234 2.365234 2.365234 2.361328 2.361328 2.361328 2.361328 2.357422 2.365234 2.376953 2.365234 2.357422 2.357422 2.357422 2.357422 2.361328 2.365234 2.361328 2.349609 2.345703 2.345703 2.349609 2.349609 2.341797 2.341797 2.337891 2.337891 2.337891 2.322266 2.294922 2.173828 2.068359 2.076172 2.189453 2.294922 2.330078 2.349609 2.353516
2.392578 2.388672 2.388672 2.388672 2.384766 2.384766 2.384766 2.384766 2.380859 2.380859 2.380859 2.380859 2.376953 2.376953 2.376953 2.376953 2.376953 2.373047 2.373047 2.373047 2.369141 2.369141 2.369141 2.365234 2.365234 2.365234 2.365234 2.365234 2.361328 2.365234 2.361328 2.361328 2.369141 2.373047 2.373047 2.361328 2.361328 2.361328 2.361328 2.361328 2.361328 2.365234 2.365234 2.357422 2.349609 2.353516 2.357422 2.361328 2.357422 2.349609 2.345703 2.337891 2.337891 2.326172 2.291016 2.185547 2.087891 2.083984 2.224609 2.314453 2.333984 2.353516 2.353516
2.392578 2.392578 2.388672 2.388672 2.384766 2.384766 2.384766 2.384766 2.384766 2.380859 2.380859 2.380859 2.376953 2.376953 2.376953 2.373047 2.373047 2.373047 2.373047 2.369141 2.369141 2.369141 2.365234 2.365234 2.365234 2.365234 2.365234 2.365234 2.365234 2.365234 2.361328 2.361328 2.365234 2.369141 2.369141 2.365234 2.365234 2.365234 2.369141 2.361328 2.365234 2.365234 2.369141 2.365234 2.361328 2.357422 2.353516 2.349609 2.345703 2.345703 2.341797 2.337891 2.337891 2.337891 2.298828 2.208984 2.115234 2.146484 2.255859 2.330078 2.349609 2.349609 2.333984
2.388672 2.388672 2.388672 2.384766 2.384766 2.384766 2.384766 2.384766 2.380859 2.380859 2.380859 2.376953 2.376953 2.376953 2.373047 2.373047 2.373047 2.373047 2.373047 2.369141 2.369141 2.369141 2.365234 2.365234 2.365234 2.365234 2.365234 2.365234 2.365234 2.365234 2.365234 2.365234 2.369141 2.369141 2.369141 2.365234 2.365234 2.369141 2.365234 2.361328 2.361328 2.361328 2.365234 2.369141 2.365234 2.361328 2.349609 2.345703 2.341797 2.337891 2.337891 2.337891 2.337891 2.333984 2.294922 2.228516 2.162109 2.228516 2.306641 2.330078 2.353516 2.357422 2.322266
2.388672 2.388672 2.384766 2.388672 2.384766 2.384766 2.384766 2.380859 2.380859 2.380859 2.376953 2.376953 2.376953 2.373047 2.373047 2.373047 2.373047 2.373047 2.373047 2.369141 2.369141 2.365234 2.365234 2.365234 2.365234 2.365234 2.365234 2.365234 2.365234 2.365234 2.365234 2.365234 2.365234 2.369141 2.373047 2.373047 2.365234 2.369141 2.369141 2.369141 2.361328 2.357422 2.349609 2.357422 2.369141 2.361328 2.349609 2.345703 2.341797 2.337891 2.326172 2.275391 2.255859 2.259766 2.271484 2.228516 2.205078 2.283203 2.330078 2.330078 2.357422 2.361328 2.283203
2.388672 2.384766 2.388672 2.384766 2.384766 2.384766 2.384766 2.380859 2.380859 2.380859 2.380859 2.376953 2.376953 2.373047 2.373047 2.373047 2.373047 2.373047 2.369141 2.369141 2.369141 2.365234 2.365234 2.365234 2.365234 2.365234 2.365234 2.365234 2.365234 2.365234 2.365234 2.365234 2.365234 2.369141 2.369141 2.373047 2.369141 2.373047 2.373047 2.373047 2.357422 2.349609 2.345703 2.349609 2.357422 2.357422 2.345703 2.345703 2.341797 2.341797 2.337891 2.322266 2.259766 2.201172 2.185547 2.212891 2.271484 2.314453 2.333984 2.349609 2.357422 2.349609 2.236328
2.384766 2.388672 2.388672 2.384766 2.384766 2.384766 2.384766 2.380859 2.380859 2.380859 2.380859 2.376953 2.376953 2.373047 2.373047 2.373047 2.373047 2.373047 2.369141 2.369141 2.365234 2.365234 2.365234 2.365234 2.365234 2.365234 2.365234 2.365234 2.365234 2.365234 2.365234 2.365234 2.369141 2.369141 2.373047 2.373047 2.373047 2.373047 2.373047 2.369141 2.357422 2.349609 2.349609 2.345703 2.330078 2.357422 2.361328 2.353516 2.353516 2.345703 2.341797 2.337891 2.333984 2.310547 2.271484 2.255859 2.291016 2.322266 2.333984 2.361328 2.357422 2.318359 2.208984
2.384766 2.388672 2.384766 2.384766 2.384766 2.384766 2.380859 2.380859 2.380859 2.380859 2.376953 2.376953 2.373047 2.373047 2.373047 2.373047 2.373047 2.373047 2.369141 2.369141 2.365234 2.365234 2.365234 2.365234 2.365234 2.365234 2.365234 2.365234 2.365234 2.365234 2.369141 2.369141 2.369141 2.369141 2.373047 2.373047 2.373047 2.369141 2.349609 2.345703 2.365234 2.353516 2.349609 2.345703 2.310547 2.306641 2.357422 2.365234 2.365234 2.361328 2.357422 2.341797 2.337891 2.337891 2.322266 2.298828 2.298828 2.326172 2.345703 2.345703 2.357422 2.318359 2.240234
2.384766 2.384766 2.384766 2.384766 2.384766 2.384766 2.380859 2.380859 2.380859 2.380859 2.380859 2.380859 2.376953 2.373047 2.373047 2.373047 2.373047 2.373047 2.369141 2.369141 2.365234 2.365234 2.365234 2.365234 2.365234 2.365234 2.365234 2.365234 2.365234 2.369141 2.369141 2.369141 2.369141 2.373047 2.373047 2.373047 2.369141 2.365234 2.349609 2.298828 2.333984 2.369141 2.353516 2.345703 2.345703 2.255859 2.279297 2.279297 2.314453 2.333984 2.337891 2.333984 2.337891 2.337891 2.337891 2.314453 2.314453 2.330078 2.357422 2.349609 2.365234 2.333984 2.294922
2.384766 2.388672 2.384766 2.384766 2.384766 2.380859 2.380859 2.380859 2.380859 2.380859 2.380859 2.376953 2.376953 2.373047 2.373047 2.373047 2.373047 2.373047 2.369141 2.369141 2.365234 2.365234 2.365234 2.365234 2.365234 2.365234 2.365234 2.365234 2.365234 2.369141 2.369141 2.369141 2.369141 2.373047 2.373047 2.373047 2.365234 2.353516 2.322266 2.302734 2.330078 2.365234 2.361328 2.349609 2.345703 2.353516 2.306641 2.216797 2.189453 2.240234 2.263672 2.248047 2.267578 2.294922 2.314453 2.298828 2.298828 2.330078 2.357422 2.365234 2.353516 2.345703 2.337891
2.388672 2.384766 2.384766 2.384766 2.384766 2.380859 2.380859 2.380859 2.380859 2.380859 2.376953 2.376953 2.373047 2.373047 2.369141 2.369141 2.373047 2.373047 2.369141 2.365234 2.365234 2.365234 2.365234 2.365234 2.365234 2.365234 2.365234 2.365234 2.365234 2.369141 2.369141 2.369141 2.373047 2.373047 2.373047 2.373047 2.365234 2.337891 2.275391 2.302734 2.337891 2.369141 2.369141 2.353516 2.345703 2.357422 2.373047 2.333984 2.251953 2.251953 2.259766 2.263672 2.248047 2.244141 2.259766 2.263672 2.306641 2.318359 2.337891 2.337891 2.330078 2.333984 2.357422
2.384766 2.384766 2.384766 2.384766 2.380859 2.380859 2.376953 2.380859 2.380859 2.380859 2.376953 2.376953 2.369141 2.369141 2.369141 2.369141 2.369141 2.369141 2.369141 2.365234 2.365234 2.365234 2.361328 2.361328 2.361328 2.365234 2.365234 2.365234 2.365234 2.369141 2.373047 2.373047 2.373047 2.373047 2.373047 2.373047 2.369141 2.330078 2.275391 2.306641 2.337891 2.365234 2.373047 2.365234 2.357422 2.369141 2.365234 2.369141 2.369141 2.357422 2.314453 2.306641 2.302734 2.294922 2.283203 2.283203 2.291016 2.302734 2.291016 2.275391 2.287109 2.318359 2.349609
2.384766 2.384766 2.384766 2.380859 2.380859 2.380859 2.380859 2.380859 2.380859 2.376953 2.376953 2.376953 2.373047 2.369141 2.369141 2.369141 2.369141 2.369141 2.365234 2.365234 2.365234 2.365234 2.361328 2.361328 2.361328 2.361328 2.365234 2.365234 2.369141 2.369141 2.369141 2.373047 2.373047 2.373047 2.373047 2.373047 2.373047 2.322266 2.314453 2.330078 2.349609 2.361328 2.365234 2.369141 2.369141 2.369141 2.349609 2.333984 2.341797 2.361328 2.373047 2.349609 2.322266 2.314453 2.310547 2.302734 2.298828 2.287109 2.255859 2.224609 2.212891 2.228516 2.298828
2.384766 2.384766 2.384766 2.380859 2.380859 2.380859 2.376953 2.380859 2.376953 2.376953 2.376953 2.376953 2.373047 2.373047 2.369141 2.369141 2.369141 2.369141 2.365234 2.365234 2.365234 2.365234 2.361328 2.361328 2.361328 2.365234 2.365234 2.365234 2.369141 2.369141 2.369141 2.373047 2.373047 2.373047 2.373047 2.373047 2.365234 2.341797 2.341797 2.357422 2.365234 2.373047 2.369141 2.369141 2.369141 2.369141 2.361328 2.333984 2.349609 2.365234 2.369141 2.361328 2.333984 2.322266 2.318359 2.298828 2.279297 2.267578 2.267578 2.259766 2.232422 2.201172 2.212891
2.388672 2.384766 2.384766 2.380859 2.380859 2.376953 2.376953 2.380859 2.376953 2.376953 2.376953 2.373047 2.373047 2.373047 2.373047 2.373047 2.369141 2.369141 2.365234 2.365234 2.365234 2.361328 2.361328 2.361328 2.365234 2.365234 2.365234 2.365234 2.365234 2.369141 2.369141 2.369141 2.369141 2.373047 2.373047 2.373047 2.373047 2.365234 2.365234 2.373047 2.373047 2.369141 2.349609 2.333984 2.333984 2.341797 2.349609 2.361328 2.353516 2.345703 2.330078 2.314453 2.302734 2.287109 2.263672 2.208984 2.205078 2.248047 2.275391 2.294922 2.291016 2.251953 2.205078
2.384766 2.384766 2.384766 2.380859 2.380859 2.380859 2.380859 2.376953 2.376953 2.376953 2.376953 2.373047 2.369141 2.369141 2.369141 2.369141 2.369141 2.369141 2.365234 2.365234 2.365234 2.361328 2.365234 2.361328 2.361328 2.361328 2.361328 2.361328 2.365234 2.369141 2.369141 2.369141 2.369141 2.373047 2.369141 2.373047 2.373047 2.373047 2.373047 2.365234 2.353516 2.330078 2.306641 2.294922 2.298828 2.318359 2.341797 2.314453 2.255859 2.220703 2.201172 2.185547 2.224609 2.236328 2.162109 2.087891 2.119141 2.193359 2.291016 2.322266 2.326172 2.318359 2.263672
2.388672 2.384766 2.384766 2.380859 2.380859 2.376953 2.373047 2.376953 2.376953 2.376953 2.373047 2.373047 2.369141 2.369141 2.369141 2.369141 2.369141 2.369141 2.369141 2.365234 2.361328 2.365234 2.361328 2.361328 2.361328 2.357422 2.357422 2.357422 2.357422 2.365234 2.365234 2.357422 2.369141 2.369141 2.365234 2.369141 2.373047 2.373047 2.373047 2.373047 2.353516 2.302734 2.294922 2.306641 2.322266 2.341797 2.333984 2.330078 2.294922 2.271484 2.271484 2.267578 2.236328 2.193359 2.150391 2.087891 2.103516 2.169922 2.279297 2.333984 2.330078 2.330078 2.330078
2.388672 2.384766 2.384766 2.380859 2.380859 2.380859 2.380859 2.376953 2.376953 2.373047 2.373047 2.373047 2.369141 2.369141 2.369141 2.369141 2.369141 2.369141 2.365234 2.365234 2.361328 2.365234 2.361328 2.361328 2.357422 2.357422 2.357422 2.357422 2.357422 2.357422 2.357422 2.349609 2.353516 2.365234 2.357422 2.365234 2.369141 2.373047 2.373047 2.373047 2.369141 2.349609 2.345703 2.345703 2.349609 2.349609 2.357422 2.361328 2.361328 2.353516 2.345703 2.322266 2.267578 2.197266 2.162109 2.177734 2.205078 2.236328 2.255859 2.302734 2.330078 2.330078 2.333984
2.388672 2.384766 2.384766 2.380859 2.380859 2.380859 2.380859 2.376953 2.376953 2.365234 2.365234 2.373047 2.365234 2.365234 2.369141 2.369141 2.369141 2.365234 2.365234 2.361328 2.365234 2.361328 2.361328 2.361328 2.357422 2.357422 2.357422 2.357422 2.357422 2.353516 2.353516 2.345703 2.341797 2.349609 2.341797 2.349609 2.361328 2.369141 2.373047 2.373047 2.373047 2.373047 2.369141 2.369141 2.357422 2.353516 2.357422 2.357422 2.341797 2.341797 2.333984 2.302734 2.248047 2.201172 2.173828 2.212891 2.287109 2.330078 2.333984 2.318359 2.287109 2.302734 2.330078
2.388672 2.384766 2.384766 2.380859 2.380859 2.380859 2.376953 2.376953 2.376953 2.373047 2.369141 2.369141 2.369141 2.365234 2.369141 2.369141 2.369141 2.365234 2.365234 2.361328 2.365234 2.361328 2.361328 2.361328 2.361328 2.357422 2.357422 2.357422 2.357422 2.353516 2.349609 2.341797 2.341797 2.345703 2.333984 2.330078 2.337891 2.345703 2.353516 2.353516 2.357422 2.357422 2.357422 2.357422 2.353516 2.330078 2.337891 2.337891 2.333984 2.318359 2.259766 2.205078 2.181641 2.185547 2.185547 2.232422 2.306641 2.333984 2.333984 2.333984 2.330078 2.294922 2.263672
2.388672 2.384766 2.380859 2.380859 2.380859 2.380859 2.376953 2.376953 2.376953 2.373047 2.373047 2.373047 2.369141 2.369141 2.369141 2.369141 2.365234 2.365234 2.365234 2.365234 2.365234 2.361328 2.361328 2.361328 2.357422 2.357422 2.357422 2.357422 2.353516 2.353516 2.337891 2.333984 2.345703 2.341797 2.330078 2.322266 2.326172 2.326172 2.322266 2.314453 2.302734 2.298828 2.283203 2.287109 2.294922 2.322266 2.337891 2.337891 2.314453 2.283203 2.224609 2.158203 2.158203 2.169922 2.169922 2.205078 2.271484 2.330078 2.333984 2.330078 2.330078 2.330078 2.330078
2.384766 2.384766 2.384766 2.380859 2.380859 2.380859 2.376953 2.376953 2.373047 2.373047 2.373047 2.373047 2.369141 2.365234 2.369141 2.365234 2.365234 2.365234 2.365234 2.365234 2.361328 2.361328 2.361328 2.361328 2.357422 2.357422 2.357422 2.357422 2.353516 2.345703 2.333984 2.322266 2.322266 2.333984 2.314453 2.306641 2.318359 2.310547 2.294922 2.287109 2.275391 2.283203 2.283203 2.298828 2.314453 2.314453 2.310547 2.298828 2.287109 2.259766 2.224609 2.173828 2.126953 2.193359 2.236328 2.216797 2.197266 2.279297 2.330078 2.330078 2.330078 2.330078 2.330078
2.384766 2.384766 2.380859 2.380859 2.380859 2.380859 2.376953 2.376953 2.373047 2.373047 2.373047 2.369141 2.365234 2.365234 2.369141 2.365234 2.365234 2.365234 2.361328 2.361328 2.361328 2.361328 2.361328 2.361328 2.357422 2.357422 2.357422 2.353516 2.353516 2.345703 2.330078 2.318359 2.306641 2.310547 2.279297 2.263672 2.291016 2.287109 2.267578 2.259766 2.244141 2.267578 2.287109 2.310547 2.322266 2.306641 2.291016 2.275391 2.263672 2.244141 2.201172 2.130859 2.115234 2.205078 2.298828 2.298828 2.220703 2.181641 2.291016 2.330078 2.330078 2.330078 2.330078
2.384766 2.384766 2.380859 2.380859 2.380859 2.380859 2.376953 2.376953 2.373047 2.373047 2.373047 2.369141 2.365234 2.365234 2.369141 2.365234 2.365234 2.365234 2.365234 2.361328 2.361328 2.361328 2.361328 2.357422 2.357422 2.357422 2.357422 2.353516 2.353516 2.349609 2.341797 2.341797 2.337891 2.302734 2.271484 2.244141 2.228516 2.224609 2.251953 2.236328 2.189453 2.205078 2.220703 2.263672 2.283203 2.267578 2.263672 2.255859 2.248047 2.232422 2.177734 2.107422 2.123047 2.228516 2.306641 2.333984 2.326172 2.232422 2.205078 2.275391 2.330078 2.330078 2.330078
2.384766 2.384766 2.380859 2.380859 2.380859 2.380859 2.376953 2.376953 2.373047 2.373047 2.373047 2.369141 2.369141 2.365234 2.365234 2.365234 2.365234 2.365234 2.361328 2.361328 2.361328 2.357422 2.357422 2.357422 2.357422 2.357422 2.357422 2.353516 2.353516 2.353516 2.349609 2.345703 2.341797 2.330078 2.318359 2.291016 2.228516 2.189453 2.255859 2.228516 2.181641 2.150391 2.142578 2.162109 2.177734 2.181641 2.193359 2.220703 2.216797 2.201172 2.177734 2.177734 2.181641 2.248047 2.291016 2.333984 2.333984 2.326172 2.271484 2.279297 2.302734 2.330078 2.330078
2.384766 2.384766 2.380859 2.380859 2.380859 2.380859 2.376953 2.376953 2.373047 2.373047 2.373047 2.369141 2.369141 2.369141 2.365234 2.365234 2.361328 2.361328 2.361328 2.361328 2.361328 2.361328 2.357422 2.357422 2.357422 2.357422 2.353516 2.353516 2.353516 2.353516 2.353516 2.330078 2.337891 2.337891 2.333984 2.326172 2.294922 2.248047 2.263672 2.279297 2.279297 2.212891 2.166016 2.123047 2.115234 2.111328 2.134766 2.185547 2.197266 2.193359 2.177734 2.189453 2.212891 2.279297 2.314453 2.333984 2.333984 2.333984 2.330078 2.314453 2.330078 2.330078 2.330078
2.384766 2.384766 2.380859 2.380859 2.380859 2.380859 2.376953 2.376953 2.373047 2.373047 2.373047 2.369141 2.369141 2.369141 2.365234 2.361328 2.361328 2.361328 2.361328 2.361328 2.361328 2.361328 2.357422 2.357422 2.357422 2.357422 2.353516 2.353516 2.353516 2.353516 2.353516 2.333984 2.337891 2.337891 2.333984 2.333984 2.322266 2.302734 2.302734 2.322266 2.294922 2.306641 2.251953 2.201172 2.166016 2.123047 2.103516 2.123047 2.154297 2.173828 2.166016 2.150391 2.197266 2.287109 2.330078 2.333984 2.310547 2.306641 2.330078 2.330078 2.357422 2.333984 2.330078
