py_wake/examples/data/AJ_ParqueFicticio/Rough survey   Sector 9   Height 30m   Mean speed.grd
DSAA
73  159
 258469   265669
 6501692   6517492
 .05389789   12.72243
[rows 0 to 27 of 159, columns 0 to 62 of 73]
5.23366 5.286298 5.296206 5.281229 5.262683 5.246896 5.233499 5.221883 5.206042 5.192793 5.184082 5.174664 5.161008 5.141063 5.120234 5.077257 5.025687 4.95414 4.847871 4.654823 4.282038 4.483004 4.907165 5.686785 5.680027 5.326171 4.91271 5.439577 5.631032 5.47502 5.413686 5.455585 5.498649 5.438812 5.352655 5.545889 5.858499 6.231199 6.086367 6.00376 5.935377 5.857559 5.790292 5.765018 5.720339 5.653139 5.587594 5.51859 5.486698 5.450452 5.432449 5.40431 5.377802 5.386565 5.412918 5.446174 5.489282 5.531695 5.565709 5.582073 5.596067 5.604044 5.593092
5.225417 5.272424 5.283071 5.26221 5.239126 5.220826 5.207845 5.201611 5.188162 5.168831 5.143878 5.142499 5.12737 5.116539 5.103946 5.064321 5.013596 4.936561 4.815635 4.565106 4.358708 4.630848 5.294607 5.787411 5.67682 5.309778 4.917792 5.586499 5.633059 5.571892 5.537968 5.540885 5.600171 5.580262 5.475391 5.610456 5.838972 6.161105 6.002207 5.906026 5.79237 5.711921 5.713429 5.758417 5.742661 5.675512 5.588032 5.503427 5.474247 5.420461 5.378256 5.368429 5.366789 5.39384 5.420726 5.458134 5.508989 5.562402 5.60298 5.635498 5.664428 5.671515 5.671651
5.231807 5.311364 5.248198 5.229145 5.210845 5.193815 5.182651 5.174271 5.173262 5.163712 5.143619 5.103588 5.095732 5.091676 5.094456 5.056548 5.000568 4.925947 4.806056 4.571289 4.495416 4.772664 5.3342 5.616906 5.930608 5.701161 5.284733 5.478724 5.609579 5.592359 5.582808 5.626902 5.697386 5.704771 5.58164 5.57905 5.675469 6.038924 5.913593 5.789665 5.632298 5.614988 5.646678 5.701046 5.65739 5.630754 5.548816 5.478088 5.424206 5.327486 5.281287 5.278427 5.323601 5.409823 5.445662 5.476017 5.53173 5.59882 5.658802 5.701009 5.74151 5.751653 5.768691
5.292776 5.251609 5.201228 5.194408 5.16287 5.161609 5.156777 5.154093 5.153242 5.151474 5.129062 5.088377 5.083037 5.105891 5.086627 5.051965 4.998895 4.911841 4.786038 4.574539 4.568788 4.868772 5.332198 5.618414 5.88698 5.642656 5.471556 5.559736 5.613848 5.617315 5.626099 5.7498 5.860076 5.726643 5.605282 5.469357 5.456507 5.860056 5.843824 5.615283 5.394555 5.469694 5.639906 5.705503 5.650957 5.632165 5.464955 5.408688 5.342458 5.258121 5.216902 5.369621 5.379294 5.419448 5.454932 5.506005 5.571373 5.653193 5.733536 5.795663 5.849806 5.884308 5.892313
5.254668 5.130886 5.086473 5.153486 5.156323 5.112129 5.109102 5.136778 5.13674 5.123451 5.129796 5.07811 5.066278 5.119746 5.095447 5.042713 4.995485 4.906456 4.757459 4.503107 4.701157 4.915778 5.411083 5.658665 5.975544 5.808352 5.646172 5.630759 5.662917 5.722346 5.768977 5.92172 5.885687 5.62878 5.447714 5.110274 5.166012 5.638234 5.805723 5.195093 4.819753 5.401206 5.710397 5.799594 5.776897 5.551786 5.337523 5.311095 5.285069 5.276399 5.279151 5.37502 5.389906 5.425067 5.45547 5.521178 5.612215 5.711884 5.825342 5.923232 6.012673 6.072666 6.090273
5.199162 5.018585 4.994852 5.117641 5.143927 5.067109 5.073666 5.138514 5.132884 5.128921 5.128309 5.089762 5.035112 5.140353 5.106313 5.046777 5.013718 4.930367 4.743006 4.765357 4.892992 5.142015 5.439378 5.741706 6.044769 5.918458 5.782279 5.71162 5.705531 5.763472 5.855697 5.957814 5.605048 5.20928 5.05824 4.984959 5.040982 5.283793 5.218292 4.454628 4.516102 5.527414 5.932647 5.954256 5.858583 5.459434 5.30617 5.328552 5.334698 5.305295 5.353845 5.312063 5.32337 5.346434 5.429036 5.52245 5.648539 5.782032 5.950124 6.111072 6.269291 6.395713 6.43846
5.132055 5.06318 5.008812 5.07317 5.056365 5.01264 5.202535 5.235142 5.182604 5.169219 5.131528 5.057576 5.052585 5.121136 5.120182 5.058591 5.045112 4.989861 4.891001 4.730278 4.922192 5.189202 5.606471 5.857701 6.079817 5.900651 5.87677 5.780675 5.704316 5.678372 5.691675 5.594309 5.315436 5.128741 5.046508 4.955001 4.963985 4.983776 4.715561 4.305313 5.037703 6.068203 6.200343 5.986538 5.50409 5.246984 5.312856 5.48098 5.460845 5.354907 5.30943 5.264685 5.174865 5.202241 5.348156 5.517607 5.704211 5.870946 6.112661 6.398173 6.699126 6.599793 6.183792
5.125687 5.085618 5.082861 5.039157 4.946447 4.971435 5.120405 5.227797 5.232768 5.172655 5.104283 5.050124 5.081997 5.107296 5.110654 5.075791 5.040209 5.04354 4.988278 4.841727 5.049635 5.381396 5.828303 5.932488 5.947556 5.805849 5.881155 5.772736 5.656036 5.555891 5.423962 5.309675 5.20791 5.103458 5.019554 4.912218 4.850207 4.783435 4.670775 4.638619 5.742807 6.409655 6.231879 5.534844 4.901551 5.166167 5.520199 5.737413 5.638293 5.314552 5.25193 5.222672 5.004689 4.916798 5.220353 5.550347 5.764008 5.978941 6.325487 6.832112 6.611992 6.189031 5.595125
5.113902 5.077116 5.083147 5.040328 5.015241 5.021323 5.133175 5.223693 5.228086 5.159773 5.080129 5.051278 5.060629 5.052327 5.05918 5.051934 5.060777 5.092881 5.092278 5.069005 5.134027 5.344544 5.7218 5.686463 5.761154 5.708309 5.801113 5.768599 5.584312 5.410682 5.261068 5.171952 5.096173 5.028942 4.97434 4.864831 4.762665 4.74017 4.838371 5.020238 5.786418 6.194809 5.669992 4.753254 4.864488 5.603411 5.751042 5.656108 5.297989 4.942739 4.972273 4.869739 4.399257 4.618522 5.214599 5.655572 5.855623 6.088413 6.496853 6.630241 6.163444 5.476366 4.649209
5.108143 5.065932 5.039539 5.036917 5.048615 5.148426 5.379307 5.454591 5.273898 5.083848 4.985029 5.026513 5.052991 5.010892 4.955773 4.977638 5.063579 5.114008 5.189673 5.204304 5.20883 5.322533 5.453597 5.495851 5.655313 5.690667 5.720673 5.689563 5.444697 5.25135 5.147232 5.061498 4.966183 4.88685 4.806249 4.664394 4.762312 4.866902 4.941855 5.106552 5.326305 5.270319 4.787508 4.437044 5.173053 5.705738 5.461088 5.174564 4.909636 4.520833 4.524757 4.207828 3.933771 4.686664 5.59913 5.890545 5.986641 6.187273 6.50384 6.143011 5.553432 4.63688 3.577143
5.089563 5.054681 5.00331 5.016136 5.111919 5.16722 5.388638 5.607007 5.243904 4.883162 4.859976 4.978407 5.066151 4.967177 4.868674 4.968112 5.057075 5.146501 5.181102 5.228476 5.239141 5.206049 5.317981 5.461822 5.531331 5.660374 5.709267 5.551483 5.373101 5.173074 4.972283 4.89812 4.857846 4.770918 4.65821 4.652864 4.732275 4.805907 4.902038 5.002305 4.992929 4.887395 4.707633 4.734642 5.190187 5.236599 4.651225 4.548072 4.497104 4.103527 4.014351 3.781885 4.249848 5.419912 6.047308 6.209554 6.167816 6.348403 6.170875 5.767562 5.057785 4.136679 3.728851
5.076165 5.051418 5.064075 5.100538 5.200628 5.228508 5.370473 5.287108 4.857614 4.588252 4.692315 5.117206 5.16541 5.015213 4.854944 4.943578 5.339211 5.255916 5.099294 5.047573 5.046284 5.146355 5.379591 5.435994 5.435157 5.459651 5.404697 5.412665 5.366723 4.99312 4.795705 4.738559 4.727259 4.705204 4.606753 4.585511 4.674342 4.716311 4.810385 4.818338 4.831032 4.748312 4.702852 4.731822 4.802062 4.572576 4.247607 4.099151 3.850819 3.77282 3.844746 4.067573 5.024234 5.859568 6.247686 6.335013 6.332839 6.155494 5.907138 5.304293 4.646923 3.933079 3.807292
5.06711 5.070435 5.124589 5.176887 5.205719 5.231869 5.225588 5.053815 4.470256 4.332863 4.910032 5.390128 5.230762 4.98128 4.840813 4.892969 5.421954 5.171757 5.106967 5.016419 5.003506 5.188262 5.464539 5.41953 5.360692 5.339851 5.355991 5.374179 5.109446 4.691659 4.621123 4.560799 4.565314 4.565946 4.51895 4.516618 4.607853 4.636128 4.64994 4.660208 4.658175 4.632836 4.55923 4.585598 4.604118 4.478781 4.274162 4.033053 3.903383 3.888571 4.086019 4.524717 5.200458 5.806855 6.125004 5.963361 5.406892 4.762136 3.980627 3.272819 3.413473 3.231463 3.893246
5.068065 5.12396 5.156029 5.169301 5.188978 5.179605 5.09466 4.878832 4.364083 4.580645 5.167626 5.214738 5.006763 4.764025 4.748988 5.139505 5.205696 5.18434 5.226891 5.148714 5.162661 5.34788 5.506628 5.371737 5.26711 5.208071 5.150421 4.987253 4.718723 4.590466 4.513005 4.482586 4.456308 4.414414 4.460661 4.482306 4.542486 4.545185 4.517441 4.483006 4.470334 4.436737 4.345784 4.387308 4.381165 4.228417 4.08871 3.847993 3.819969 3.824637 4.131215 4.410523 4.738261 4.891421 3.565594 2.704654 2.548754 2.54344 2.502566 2.426584 2.438397 3.259757 4.077577
5.103408 5.132803 5.146426 5.15254 5.14325 5.107739 5.020648 4.894529 4.669029 4.652239 5.001147 5.107252 5.00811 4.874185 4.95436 5.169532 5.205409 5.285775 5.344597 5.248051 5.227177 5.406001 5.455276 5.319232 5.176481 5.097767 4.992156 4.84671 4.714341 4.601134 4.521987 4.441703 4.412474 4.342982 4.36166 4.468402 4.528065 4.461819 4.355998 4.236371 4.184643 4.156916 4.135317 4.190576 4.07879 3.973241 3.827671 3.720613 3.471243 3.653696 3.899205 3.974176 3.732594 2.879287 2.640035 2.412629 2.377658 2.518371 2.351364 .05389789 2.724355 3.659961 4.443797
5.129055 5.121155 5.119566 5.120552 5.113661 5.061087 4.970433 4.856787 4.73715 4.72231 4.962861 5.041814 5.01716 4.993786 5.122042 5.238494 5.195539 5.277454 5.325707 5.20303 5.297582 5.3176 5.239302 5.145092 5.018339 5.011613 4.902906 4.739347 4.619826 4.537781 4.476605 4.37829 4.203272 4.027343 4.259225 4.528841 4.518872 4.401727 4.236517 4.025263 4.071883 4.175238 4.213633 4.08528 3.842519 3.633119 3.631852 3.678889 3.664239 3.573093 3.502423 3.273342 2.548936 2.397353 2.215945 2.064675 2.270028 2.778318 3.218065 3.966795 4.937163 5.338525 5.084671
5.131927 5.11969 5.097268 5.090748 5.084696 5.045493 4.964732 4.864241 4.785334 4.807323 4.890894 4.970111 5.036258 5.08262 5.207898 5.153255 5.136971 5.257259 5.252253 5.182228 5.20429 5.230527 5.147623 5.050507 5.01011 4.930623 4.802047 4.639012 4.49954 4.419518 4.443341 4.276762 3.925736 3.835044 4.75726 4.939833 4.674629 4.359926 4.004053 3.624723 3.867779 4.112459 4.050539 3.906934 3.655692 3.549559 3.559567 3.526158 3.097975 2.695703 2.692979 2.435889 2.166609 2.135781 2.358126 3.877926 5.003871 5.585368 5.998899 6.098677 6.100892 5.914451 5.361816
5.14999 5.112189 5.113883 5.096592 5.075914 5.033925 4.97388 4.908337 4.860133 4.86356 4.920679 4.96971 5.042071 5.174962 5.185271 5.15744 5.110568 5.155156 5.165205 5.148537 5.125168 5.14258 5.105113 5.058337 5.069865 5.015929 4.737799 4.472341 4.379509 4.614438 4.668753 4.042852 3.654173 4.242867 5.265208 5.287437 4.960979 4.444879 3.84085 3.458939 3.771011 3.900587 3.610666 3.292332 2.98523 3.326048 3.413845 3.660869 4.245224 4.614604 4.507905 4.212155 4.186263 4.527405 4.983788 5.481074 6.0017 6.286167 6.289549 6.18539 6.07468 5.894642 5.307787
5.128069 5.125908 5.122425 5.106834 5.083225 5.055768 5.007646 4.942539 4.9048 4.909511 4.995743 5.068545 5.065917 5.126148 5.160274 5.145851 5.120537 5.123954 5.129482 5.122211 5.09093 5.063543 5.031177 5.063121 5.09583 5.033706 4.906743 4.71511 4.740041 5.09648 4.70418 3.858237 3.889162 4.894507 5.460555 5.406108 5.263837 4.538055 3.581192 3.012362 3.854305 4.168812 4.210292 4.357524 4.46875 4.550296 4.295946 4.520583 5.108529 5.217195 4.88631 4.548583 4.57564 4.964803 5.37204 5.836328 5.951072 6.123178 6.104977 5.987811 5.936532 5.732982 5.239902
5.149412 5.106984 5.081572 5.055748 5.066303 5.055881 5.039924 5.013616 4.968923 4.957976 5.047879 5.034978 5.045993 5.094601 5.111817 5.132955 5.12505 5.113895 5.126583 5.124967 5.090588 5.044577 5.029381 5.149305 5.121263 5.001399 4.874929 4.857766 5.051432 4.989675 4.202864 3.876916 4.544268 5.321983 5.310954 5.389281 5.178286 4.311423 3.065254 2.799169 3.994837 4.632678 4.833861 4.884469 5.034953 4.990567 4.685058 4.97031 5.512452 5.366799 4.900705 4.645982 4.752669 5.050224 5.332141 5.546708 5.791577 5.943296 5.851259 5.870472 5.831331 5.679577 5.234401
5.178059 5.109763 5.041594 5.008173 5.000182 5.005988 5.037138 5.040426 5.033736 5.04332 5.09698 5.084428 5.060501 5.068922 5.091926 5.105321 5.110901 5.113497 5.143694 5.125152 5.08767 5.05285 5.083835 5.12047 5.105057 5.029508 4.965906 4.909489 4.973092 4.645589 3.986377 4.298863 4.470059 4.904415 5.021488 5.378586 5.179625 4.048527 2.714247 3.173082 4.416519 5.09551 5.068561 5.261102 5.093203 4.843113 4.824419 5.225865 5.444081 5.094382 4.680847 4.629146 4.854674 4.876887 5.196005 5.401836 5.588039 5.692936 5.724527 5.829424 5.856688 5.733479 5.431891
5.186481 5.158868 5.025633 4.961846 4.992437 5.014417 5.03227 5.024963 5.080824 5.082908 5.101096 5.110871 5.102254 5.090919 5.084176 5.097303 5.116093 5.140303 5.134178 5.069471 5.033391 5.032125 5.080401 5.098466 5.076609 5.03597 4.98701 4.924995 4.672678 3.837835 4.182028 4.716072 4.679698 4.892898 4.998583 5.132695 4.773961 3.830628 2.983606 3.842332 4.713205 5.059667 5.130088 5.07844 4.913366 4.797977 4.918556 5.103807 5.084017 4.779457 4.512408 4.596828 4.726183 4.758615 4.984176 5.206176 5.293148 5.542526 5.740466 6.001396 6.149763 6.050252 5.786335
5.137543 5.106915 5.046266 4.986624 5.004268 5.013527 5.032621 5.049491 5.063563 5.06361 5.051546 5.070488 5.107445 5.113997 5.10057 5.100739 5.139413 5.139287 5.119027 5.081237 5.034592 5.02055 5.045002 5.053551 5.050454 4.998379 4.921395 4.835514 4.35919 3.926023 4.512834 5.106711 4.945313 4.730371 4.720093 4.854158 4.471863 3.677341 3.576944 3.967728 4.621779 4.837721 4.99902 4.843274 4.781708 4.839683 4.869342 4.81773 4.653665 4.50048 4.360605 4.375443 4.612059 4.598483 4.821124 5.070003 5.380552 5.753292 6.138484 6.591011 6.704754 6.486381 6.043835
5.125187 5.074282 5.016756 5.019464 5.028255 5.030577 5.040586 5.045012 5.063633 5.053097 5.049678 5.054516 5.071618 5.084837 5.123736 5.12745 5.147301 5.127405 5.104516 5.08004 5.058102 5.029878 5.024153 5.03608 5.01063 4.932511 4.802422 4.652241 4.231488 4.183226 5.071406 5.115429 4.947155 4.700047 4.418026 4.668334 4.455598 3.960152 3.954975 4.08371 4.415383 4.623982 4.787004 4.602953 4.637222 4.729621 4.693673 4.602288 4.414042 4.250126 4.19733 4.316008 4.554712 4.576182 4.728914 5.182084 5.730435 6.166452 6.843446 7.402016 7.328177 6.707587 6.093896
5.121615 5.066198 5.077389 5.070936 5.05515 5.049021 5.050885 5.055353 5.066241 5.020801 5.045433 5.056896 5.073535 5.080964 5.104142 5.124506 5.101618 5.087358 5.06707 5.038492 5.049943 5.028348 5.015073 5.029102 5.002322 4.913631 4.73352 4.504328 4.327632 4.520823 5.095492 4.979406 4.813089 4.53608 4.106974 4.521288 4.540645 4.333076 4.218754 4.239308 3.962186 4.373671 4.544784 4.455785 4.511395 4.51818 4.489574 4.423304 4.299281 4.133617 4.031922 4.217083 4.594502 4.737874 4.882014 5.453649 6.264589 6.954425 7.789599 8.131332 7.609133 6.650967 5.912897
5.130312 5.076393 5.089231 5.112416 5.102291 5.082878 5.064902 5.062193 5.057326 5.006431 5.050631 5.063129 5.073651 5.095247 5.122654 5.136148 5.107151 5.071912 5.036408 5.012803 5.0274 5.002633 4.999528 5.00176 4.989786 4.90504 4.701142 4.516181 4.572694 4.717525 4.847196 4.863689 4.747457 4.343972 3.810712 4.426644 4.478706 4.420085 4.324992 4.092518 3.958007 4.300494 4.488903 4.484782 4.434543 4.351952 4.30734 4.232059 4.20625 4.055392 4.056533 4.300076 4.757385 5.088291 5.171804 5.899529 7.046779 8.033421 8.664063 8.446637 7.37885 6.342861 5.449565
5.126235 5.102431 5.097564 5.112818 5.117475 5.115173 5.096601 5.079277 5.05305 5.043171 5.065851 5.073072 5.089576 5.10901 5.121869 5.114974 5.094971 5.073441 5.040525 5.004456 4.988618 4.991133 5.004279 4.993021 4.936141 4.808317 4.666686 4.559052 4.697468 4.634706 4.757069 4.821503 4.727033 4.435051 3.945814 4.149483 4.355474 4.392137 4.476459 4.219198 3.974486 4.015049 4.39971 4.416546 4.412844 4.249784 4.1161 4.038578 4.053384 4.066616 4.131254 4.437843 5.096124 5.656024 5.699872 6.362932 7.900951 8.876907 8.965633 8.1703 6.820679 5.746707 4.658998
5.154346 5.15128 5.137658 5.131251 5.12432 5.123988 5.117307 5.096195 5.071635 5.098892 5.109619 5.102378 5.098162 5.133676 5.136732 5.103908 5.073021 5.056062 5.042173 5.022747 4.992013 5.004715 4.996039 4.945162 4.860578 4.70981 4.566376 4.549654 4.692843 4.625353 4.698065 4.762528 4.659304 4.407156 3.871623 4.162826 4.430948 4.443501 4.497715 4.084227 3.836221 3.836051 4.183862 4.299699 4.290017 4.172224 3.886524 3.898043 3.941924 4.074646 4.303559 4.707801 5.613634 6.276212 6.22138 6.903996 8.466589 9.289227 8.774909 7.421245 5.974973 4.934464 3.849293
