py_wake/examples/data/AJ_ParqueFicticio/Rough survey   Sector 11   Height 200m   Weibull-A.grd
DSAA
73  159
 258469   265669
 6501692   6517492
 6.682074   12.74126
[rows 0 to 27 of 159, columns 0 to 62 of 73]
9.435491 9.41479 9.411774 9.415779 9.418418 9.42245 9.430711 9.436612 9.44287 9.44454 9.442561 9.432616 9.421654 9.409173 9.392388 9.384553 9.380396 9.381675 9.389741 9.413915 9.464374 9.550941 9.594103 9.580579 9.456898 9.249314 9.139776 9.176788 9.219761 9.216018 9.19504 9.197031 9.208155 9.261645 9.354733 9.487944 9.663326 9.801747 9.838699 9.86627 9.900549 9.9097 9.91059 9.900681 9.881784 9.869841 9.845281 9.825507 9.807987 9.787547 9.766624 9.733431 9.703069 9.677242 9.641151 9.60849 9.579198 9.543777 9.517905 9.490363 9.457351 9.432797 9.415322
9.475471 9.433201 9.420707 9.421783 9.426011 9.428394 9.434175 9.436617 9.442825 9.44877 9.449105 9.441058 9.428156 9.412298 9.393169 9.378798 9.370008 9.37025 9.366099 9.38442 9.440823 9.555276 9.662636 9.713829 9.610771 9.383679 9.178796 9.168331 9.196788 9.200834 9.191806 9.171631 9.159256 9.194735 9.263906 9.408637 9.587405 9.778605 9.894629 9.927917 9.946372 9.961896 9.9879 9.979939 9.906067 9.883865 9.865276 9.851155 9.835229 9.813655 9.79606 9.764307 9.73378 9.701941 9.665666 9.636599 9.596486 9.561508 9.517031 9.477443 9.437363 9.40346 9.377752
9.561003 9.473757 9.435244 9.428351 9.428691 9.431989 9.435759 9.438936 9.440931 9.443176 9.453773 9.449429 9.433763 9.418183 9.394629 9.370479 9.356993 9.346257 9.331185 9.332135 9.390541 9.508574 9.668724 9.782044 9.744567 9.50592 9.283821 9.188106 9.182547 9.177389 9.171542 9.142557 9.121788 9.127939 9.134254 9.264412 9.473615 9.755039 9.896828 9.9573 9.975368 9.991329 10.0182 10.03822 9.974766 9.901755 9.866962 9.858043 9.853055 9.841599 9.831051 9.812838 9.775128 9.732264 9.695065 9.660698 9.61764 9.569929 9.517784 9.466194 9.411829 9.37032 9.332666
9.70495 9.567376 9.473702 9.442937 9.43758 9.438931 9.438631 9.437677 9.43587 9.433825 9.435753 9.452796 9.450842 9.433938 9.394743 9.355665 9.33232 9.315373 9.294717 9.28595 9.333101 9.456125 9.618874 9.765672 9.799281 9.628063 9.386349 9.256539 9.201741 9.180506 9.163944 9.131803 9.072502 9.033784 9.018377 9.121936 9.310993 9.595201 9.821321 9.929369 9.974084 10.01067 10.03805 10.06302 10.0416 9.95471 9.889335 9.867014 9.859519 9.851174 9.863183 9.853238 9.819511 9.778397 9.742433 9.695837 9.644529 9.581843 9.517761 9.447742 9.38231 9.328221 9.287541
9.829595 9.687145 9.550027 9.482326 9.452816 9.447947 9.450761 9.444726 9.436527 9.430859 9.425842 9.423023 9.446029 9.445345 9.393418 9.342792 9.307119 9.280939 9.261103 9.245102 9.297225 9.412383 9.551197 9.695296 9.766132 9.675564 9.492691 9.344423 9.250285 9.205219 9.163412 9.11644 9.050704 9.008747 8.955497 8.946933 9.068111 9.320801 9.578425 9.763125 9.905323 9.993178 10.02622 10.03905 10.06116 10.00423 9.9325 9.882619 9.866231 9.86445 9.897187 9.898732 9.878605 9.846053 9.801915 9.745283 9.67561 9.598926 9.512987 9.426686 9.346884 9.271786 9.214678
9.893607 9.811662 9.701306 9.58081 9.490738 9.465562 9.470176 9.461494 9.445974 9.435787 9.436949 9.412621 9.427929 9.435044 9.398121 9.339547 9.28569 9.240659 9.218582 9.220604 9.286543 9.404218 9.517578 9.643301 9.730085 9.690801 9.553602 9.418945 9.311812 9.208581 9.140393 9.094556 9.071116 8.994043 8.917321 8.85382 8.883987 9.044172 9.256906 9.479038 9.715059 9.92041 9.994135 10.00079 9.986137 9.977634 9.932105 9.890238 9.86628 9.871411 9.900713 9.93487 9.932873 9.911625 9.867797 9.801569 9.717132 9.622754 9.515916 9.40895 9.299142 9.203052 9.112145
9.934865 9.907413 9.86833 9.766121 9.602871 9.503227 9.505074 9.502164 9.482408 9.468771 9.462014 9.430414 9.419415 9.432101 9.416415 9.359746 9.27974 9.204563 9.15833 9.146845 9.221188 9.360679 9.487719 9.61785 9.71563 9.707988 9.604487 9.472967 9.341742 9.23174 9.168676 9.093212 9.05111 8.991962 8.903609 8.835386 8.811954 8.869252 9.000686 9.196413 9.489818 9.76868 9.904365 9.917966 9.897608 9.887814 9.880096 9.87501 9.826883 9.820488 9.864276 9.915062 9.953692 9.967829 9.936772 9.869989 9.769856 9.655256 9.523299 9.378537 9.238299 9.102403 8.989366
9.956153 9.955445 9.936045 9.881433 9.750665 9.617814 9.567029 9.556081 9.532405 9.514932 9.494339 9.472612 9.458751 9.46795 9.454346 9.396615 9.295299 9.193797 9.110993 9.06419 9.12451 9.26898 9.442954 9.583151 9.696375 9.725278 9.647779 9.52003 9.388813 9.285605 9.19022 9.132224 9.073599 9.004743 8.920425 8.838869 8.793926 8.799388 8.862067 9.004943 9.265257 9.542233 9.707408 9.763035 9.782913 9.814747 9.835103 9.815069 9.752361 9.730165 9.768967 9.822109 9.883871 9.954361 9.989382 9.929109 9.824476 9.696497 9.536909 9.370633 9.181127 9.006596 8.862421
9.975654 9.987097 9.980789 9.944399 9.853516 9.744566 9.661688 9.625791 9.586288 9.560071 9.535689 9.516222 9.507841 9.511058 9.511292 9.462424 9.359841 9.21765 9.091104 8.997839 8.99104 9.118748 9.283955 9.443011 9.601879 9.709346 9.695293 9.589313 9.470128 9.348927 9.251656 9.183444 9.116755 9.041753 8.956299 8.877182 8.802846 8.778269 8.807634 8.885518 9.056062 9.26434 9.42234 9.507086 9.614858 9.701272 9.71111 9.707055 9.633748 9.585932 9.641341 9.690921 9.750052 9.857876 9.964992 9.961984 9.872098 9.747958 9.593133 9.394095 9.141521 8.916174 8.756381
9.991674 10.00733 10.01302 9.991648 9.934002 9.831159 9.734325 9.675957 9.635086 9.600126 9.586695 9.574392 9.554272 9.553664 9.578107 9.55744 9.467805 9.316072 9.142029 8.996871 8.903178 8.923553 9.073004 9.218529 9.383656 9.580559 9.677441 9.625573 9.525849 9.410711 9.314539 9.241479 9.170772 9.091256 9.010625 8.931538 8.845808 8.786707 8.787782 8.829209 8.915798 9.023739 9.119729 9.2143 9.354363 9.473473 9.495863 9.5157 9.477236 9.406361 9.444406 9.503466 9.582788 9.727691 9.869273 9.944244 9.890887 9.804495 9.657442 9.458576 9.172695 8.886195 8.69258
10.00798 10.02417 10.02967 10.02754 10.02531 9.945078 9.876508 9.777205 9.691749 9.658261 9.658706 9.652063 9.609838 9.581279 9.616429 9.658803 9.621053 9.476326 9.28804 9.101118 8.940874 8.857617 8.911485 9.021475 9.158554 9.336596 9.525506 9.58807 9.538924 9.438518 9.363965 9.299298 9.233199 9.15883 9.077781 8.990086 8.908681 8.83678 8.80435 8.832109 8.87715 8.929566 8.976166 9.009335 9.094228 9.194916 9.236305 9.283054 9.279827 9.218167 9.223308 9.279962 9.416334 9.593161 9.744122 9.826528 9.854996 9.817327 9.710215 9.525208 9.248849 8.926301 8.687203
10.00733 10.03246 10.03442 10.03027 10.05399 10.03131 9.987557 9.887854 9.757343 9.734458 9.74052 9.742206 9.682768 9.600465 9.607224 9.699666 9.756754 9.658587 9.483914 9.287912 9.079405 8.931193 8.888969 8.927026 9.01471 9.151537 9.342397 9.461524 9.476323 9.429738 9.377081 9.32149 9.279034 9.221187 9.149413 9.0563 8.974072 8.907334 8.859887 8.862492 8.889448 8.925448 8.936651 8.948458 8.964997 8.998823 9.035784 9.073662 9.099889 9.053061 9.016715 9.077931 9.24355 9.42227 9.543845 9.625424 9.661875 9.674623 9.616364 9.488028 9.260362 8.967405 8.710501
9.9932 10.02326 10.03751 10.03606 10.0552 10.0643 10.0445 9.980298 9.840773 9.806786 9.839072 9.865469 9.816673 9.688111 9.625739 9.668396 9.767933 9.791383 9.684052 9.512949 9.326953 9.158353 9.039003 8.969015 8.973852 9.050821 9.177292 9.305086 9.37169 9.374926 9.353808 9.322772 9.29599 9.251981 9.195171 9.118581 9.034795 8.976275 8.933538 8.912913 8.922415 8.945154 8.949084 8.949871 8.914861 8.903394 8.920554 8.945912 8.9609 8.92587 8.880026 8.894944 9.012953 9.171589 9.285141 9.318854 9.353536 9.356592 9.321301 9.230815 9.08254 8.876242 8.663548
9.97097 10.00171 10.02527 10.04231 10.0601 10.07908 10.07524 10.03541 9.916145 9.875519 9.923109 9.960969 9.947075 9.857717 9.768852 9.733082 9.782949 9.802997 9.811095 9.713887 9.581657 9.430794 9.270575 9.117273 9.034936 9.036634 9.112058 9.205478 9.279082 9.311755 9.314992 9.306198 9.297501 9.274493 9.21868 9.158137 9.086828 9.038202 9.004251 8.988087 8.98141 8.974091 8.969317 8.976709 8.9211 8.877982 8.870859 8.861053 8.869671 8.838011 8.80264 8.789536 8.832191 8.933551 9.023231 9.058385 9.057975 9.04548 9.004575 8.932671 8.820118 8.677474 8.521642
9.946954 9.982742 10.01148 10.03642 10.06468 10.07771 10.07832 10.04799 9.976797 9.938636 9.971909 10.00469 10.00651 9.965911 9.900492 9.850801 9.845605 9.864209 9.883552 9.850109 9.791991 9.695858 9.542681 9.341588 9.178219 9.106022 9.102858 9.152428 9.205615 9.248248 9.267242 9.285727 9.306828 9.307817 9.270595 9.196735 9.123751 9.073044 9.061926 9.072297 9.072808 9.059925 9.037589 9.036507 9.006413 8.927951 8.896362 8.867271 8.838252 8.825397 8.792027 8.773372 8.788288 8.843801 8.903021 8.951429 8.975099 8.959242 8.907133 8.808567 8.689193 8.536975 8.395139
9.927296 9.964672 9.995598 10.0268 10.05498 10.07296 10.07045 10.05702 10.01992 9.980802 9.993023 10.01851 10.03276 10.02718 9.995442 9.939155 9.911634 9.934232 9.966597 9.951983 9.923014 9.895332 9.815135 9.635532 9.432081 9.25675 9.168767 9.158925 9.183212 9.230164 9.259797 9.282177 9.319961 9.362673 9.361121 9.281791 9.16292 9.09985 9.09789 9.155924 9.201524 9.193912 9.150027 9.138499 9.096657 9.029947 8.974894 8.946222 8.921863 8.884005 8.861063 8.846604 8.870504 8.928094 8.993205 9.059083 9.111177 9.125496 9.084189 8.961971 8.783864 8.57037 8.347679
9.912195 9.944123 9.975659 10.00907 10.04017 10.06289 10.06923 10.05747 10.03727 10.01518 10.01367 10.02613 10.04238 10.04324 10.04724 10.02427 9.990171 9.975822 10.0054 10.00361 9.999413 10.00189 9.97441 9.897757 9.748271 9.531607 9.341871 9.236354 9.223713 9.250675 9.290968 9.311809 9.367205 9.454728 9.502784 9.455531 9.295945 9.176453 9.168284 9.234145 9.343225 9.360263 9.312849 9.26761 9.224471 9.165854 9.113443 9.084102 9.069751 9.034145 8.992892 8.986987 9.039763 9.119829 9.211843 9.297381 9.370528 9.415142 9.375855 9.270344 9.071394 8.782471 8.432171
9.899713 9.93101 9.963466 9.998556 10.0256 10.05057 10.06022 10.05879 10.04838 10.04681 10.04209 10.03126 10.03391 10.05517 10.06583 10.0611 10.04384 10.03032 10.0431 10.04627 10.04992 10.06452 10.06671 10.05635 9.982344 9.826447 9.623059 9.444805 9.349546 9.342035 9.355766 9.372578 9.456851 9.561091 9.648376 9.637513 9.478481 9.320808 9.271084 9.379033 9.545206 9.600653 9.563965 9.501281 9.439928 9.370316 9.304199 9.295592 9.299792 9.268637 9.205821 9.182736 9.240206 9.355039 9.458093 9.535059 9.594315 9.624743 9.61111 9.507243 9.322667 9.028274 8.638603
9.886792 9.91785 9.951564 9.988426 10.01576 10.03874 10.05338 10.05404 10.0535 10.06224 10.06501 10.04265 10.03043 10.05837 10.07357 10.08207 10.07506 10.07049 10.07244 10.07216 10.07326 10.09167 10.12282 10.15379 10.14449 10.0553 9.899641 9.718795 9.578477 9.509289 9.456469 9.451603 9.579844 9.690935 9.78077 9.806957 9.666327 9.471805 9.38734 9.511155 9.744849 9.903311 9.928064 9.875203 9.781907 9.686593 9.594909 9.572859 9.591941 9.555934 9.469834 9.401806 9.425259 9.513413 9.618114 9.697171 9.745073 9.762064 9.718662 9.628641 9.47511 9.232529 8.868527
9.87543 9.907347 9.94414 9.980074 9.998605 10.02152 10.03624 10.04447 10.05352 10.06894 10.07984 10.07296 10.05359 10.06126 10.0825 10.09523 10.10376 10.10618 10.1009 10.09633 10.09661 10.10897 10.12649 10.17273 10.19511 10.17416 10.09949 9.974606 9.830985 9.717923 9.600517 9.524615 9.631397 9.791311 9.909778 9.950767 9.836118 9.627775 9.488951 9.602119 9.864654 10.10896 10.22612 10.23347 10.17286 10.06237 9.914726 9.862659 9.86848 9.82583 9.719624 9.62307 9.592785 9.63337 9.711315 9.783819 9.826899 9.846852 9.788416 9.693584 9.560684 9.355626 9.059536
9.863349 9.892113 9.923216 9.950524 9.973672 9.992886 10.01633 10.03255 10.0486 10.06756 10.08233 10.08742 10.07731 10.0814 10.0921 10.10786 10.12512 10.12759 10.12381 10.11374 10.11389 10.11391 10.13354 10.16293 10.18989 10.1928 10.15572 10.09824 10.0079 9.861265 9.722507 9.615562 9.601387 9.792477 9.96648 10.05514 9.951495 9.725239 9.560473 9.663609 9.921465 10.17997 10.35861 10.43236 10.42543 10.36208 10.23347 10.12698 10.08042 10.03447 9.915315 9.834816 9.768046 9.760897 9.805456 9.857109 9.897223 9.908014 9.856214 9.744574 9.612189 9.44172 9.212742
9.852483 9.870448 9.896129 9.925494 9.951014 9.972755 9.990817 10.01052 10.03059 10.05644 10.07714 10.09026 10.09157 10.09521 10.10568 10.11395 10.1317 10.14492 10.14262 10.14108 10.13932 10.13613 10.13924 10.15793 10.18083 10.18604 10.16152 10.12124 10.06873 9.960817 9.855583 9.744404 9.5999 9.701359 9.931502 10.09605 10.02815 9.779325 9.558132 9.655115 9.920433 10.19087 10.3776 10.48723 10.53692 10.52791 10.45171 10.35317 10.27151 10.19078 10.08163 10.00204 9.939941 9.892945 9.926318 9.962442 9.992253 9.996489 9.938994 9.822157 9.661056 9.507773 9.314736
9.841547 9.859509 9.880585 9.898011 9.925952 9.949287 9.96671 9.989252 10.01053 10.03727 10.06853 10.08407 10.09776 10.10567 10.11014 10.12063 10.12241 10.14277 10.15391 10.15744 10.15484 10.15505 10.15987 10.17284 10.18032 10.1768 10.14992 10.11075 10.06784 10.04277 10.00429 9.900477 9.727238 9.670484 9.83904 10.05235 10.06375 9.867198 9.617455 9.597672 9.846848 10.12219 10.34165 10.47331 10.5467 10.58402 10.57788 10.52046 10.44792 10.34324 10.24977 10.16144 10.10229 10.03776 10.05 10.09535 10.11698 10.10566 10.05449 9.939677 9.753057 9.55482 9.378535
9.843626 9.867897 9.874252 9.879415 9.897793 9.923782 9.946169 9.96957 9.992962 10.02031 10.0501 10.0743 10.08696 10.10792 10.11437 10.12417 10.11447 10.12331 10.14613 10.16604 10.17318 10.17625 10.17826 10.18811 10.19113 10.17022 10.13743 10.09585 10.04407 10.04768 10.06488 10.01452 9.852368 9.712622 9.766081 9.961686 10.06188 9.966542 9.750145 9.615179 9.749888 9.987242 10.22334 10.39003 10.49871 10.58136 10.62519 10.61953 10.56736 10.49024 10.41251 10.33061 10.2487 10.18042 10.1762 10.23437 10.26706 10.24727 10.18652 10.07129 9.856086 9.621545 9.429147
9.835742 9.864964 9.873079 9.875275 9.891506 9.911883 9.928564 9.95458 9.976049 10.01268 10.03309 10.0607 10.07948 10.09595 10.10892 10.12527 10.12619 10.1287 10.14668 10.16991 10.18524 10.19127 10.1944 10.20637 10.19747 10.17368 10.13534 10.10118 10.0504 10.01905 10.04765 10.05677 9.979155 9.830541 9.74832 9.907218 10.00994 9.993284 9.861397 9.716345 9.731339 9.91027 10.12236 10.29274 10.43265 10.54354 10.62641 10.6757 10.67673 10.63759 10.58797 10.51512 10.41635 10.33657 10.30126 10.37759 10.43075 10.40083 10.31744 10.18753 9.951921 9.692386 9.479206
9.83574 9.845547 9.859604 9.872882 9.887604 9.906466 9.929478 9.94232 9.963973 9.997728 10.0217 10.04577 10.0677 10.08651 10.10336 10.11536 10.12932 10.14062 10.15327 10.17259 10.18531 10.19971 10.20877 10.22121 10.21256 10.18228 10.13572 10.12534 10.10807 10.04199 10.04254 10.06717 10.02431 9.925442 9.804137 9.884686 9.970548 9.999319 9.924271 9.797829 9.765842 9.908017 10.1037 10.2741 10.40293 10.51259 10.6139 10.71203 10.7673 10.76288 10.74514 10.71473 10.62811 10.5241 10.44721 10.51438 10.60032 10.55592 10.4344 10.25161 10.00706 9.751084 9.532464
9.842982 9.8399 9.847727 9.86279 9.885337 9.905166 9.925574 9.945886 9.961958 9.9777 10.00178 10.03343 10.05893 10.07791 10.09796 10.11236 10.13038 10.14831 10.15921 10.17029 10.17869 10.19702 10.21287 10.21803 10.22742 10.21015 10.14838 10.14279 10.14787 10.08743 10.06306 10.06091 10.00596 9.952731 9.87666 9.922914 9.953906 9.98056 9.968867 9.842644 9.800881 9.924925 10.10821 10.26628 10.41495 10.51355 10.61742 10.72857 10.82964 10.86844 10.8984 10.90958 10.87156 10.77011 10.62557 10.64209 10.74108 10.71074 10.52087 10.2533 9.999408 9.757506 9.565394
9.839479 9.847609 9.847663 9.860838 9.884893 9.906215 9.92557 9.941151 9.956016 9.969089 9.99104 10.02419 10.05233 10.07522 10.09234 10.11458 10.13252 10.15021 10.16078 10.16776 10.17368 10.1764 10.1931 10.21161 10.22608 10.21575 10.18333 10.14793 10.14994 10.11502 10.08726 10.0716 10.02994 9.953226 9.901744 9.934217 9.959455 9.96353 9.965905 9.876266 9.813874 9.901003 10.0385 10.24249 10.41655 10.53084 10.64336 10.76493 10.89289 10.97672 11.0284 11.08392 11.10837 11.05863 10.88163 10.81121 10.86152 10.83473 10.5973 10.26927 9.987046 9.753346 9.576428
