py_wake/examples/data/AJ_ParqueFicticio/Rough survey   Sector 8   Height 200m   Orographic turn.grd
DSAA
73  159
 258469   265669
 6501692   6517492
-11.06624   14.65756
[rows 27 to 53 of 159, columns 0 to 61 of 73]
-.6939726 -.7128668 -.6978973 -.6969544 -.6862148 -.6724857 -.6845571 -.709755 -.7488825 -.7641672 -.7312966 -.7107165 -.6925069 -.6303852 -.6191379 -.6477296 -.6930544 -.700053 -.7098691 -.7309366 -.7706017 -.786287 -.7922302 -.8887304 -1.037882 -1.229034 -1.417684 -1.476198 -1.411409 -1.417694 -1.374819 -1.362506 -1.539926 -1.783444 -2.044579 -1.888567 -1.725724 -1.709915 -1.753097 -2.020653 -2.132742 -1.954911 -1.645141 -1.31231 -1.147932 -1.060542 -1.0083 -.7690405 -.3433147 .3477197 1.201096 2.352696 3.701438 4.887014 5.843749 6.917724 7.798911 8.064921 7.473538 6.219343 4.759729 3.34411
-.6741498 -.6818069 -.6682906 -.6709327 -.672133 -.660839 -.6887062 -.6904572 -.7267708 -.7241022 -.6977326 -.6723626 -.651364 -.6607251 -.673635 -.7198986 -.730315 -.7191415 -.7456259 -.7628514 -.7814233 -.8029957 -.8447654 -.9561441 -1.129278 -1.317595 -1.496044 -1.500992 -1.537691 -1.501787 -1.485071 -1.540737 -1.693016 -1.899002 -2.091096 -1.992222 -1.899276 -1.911061 -1.986952 -2.182704 -2.249072 -2.182655 -2.056894 -1.779869 -1.639388 -1.625444 -1.664693 -1.482569 -.8688944 -.09270095 .8716292 2.026078 3.379534 4.597651 5.655895 6.795587 7.626855 7.682667 6.791315 5.280849 3.687091 2.356724
-.6437247 -.6558297 -.6287665 -.6415641 -.6201067 -.6302246 -.668373 -.6722559 -.6914003 -.7086721 -.6795487 -.6686667 -.6686766 -.6980084 -.7365304 -.7858319 -.7835433 -.7689307 -.7799089 -.7846914 -.8306485 -.8852811 -.9515224 -1.054225 -1.208484 -1.393026 -1.549563 -1.587936 -1.619408 -1.647033 -1.695632 -1.780838 -1.950948 -2.146522 -2.336228 -2.344185 -2.238005 -2.280227 -2.307517 -2.382937 -2.469231 -2.441717 -2.400231 -2.193336 -2.054062 -2.081068 -2.122543 -1.951238 -1.429476 -.6670865 .3031944 1.579839 2.987492 4.29187 5.449613 6.569537 7.299124 7.136085 6.009437 4.291115 2.612114 1.402432
-.6288325 -.6318042 -.5955082 -.6165173 -.6054201 -.6111492 -.6301612 -.6405314 -.6624964 -.6429178 -.6586398 -.6647059 -.683164 -.7113033 -.7858433 -.8199891 -.7960355 -.7796038 -.7924063 -.7800309 -.8707265 -.9671005 -1.074628 -1.157692 -1.321168 -1.467744 -1.586479 -1.672893 -1.748814 -1.820612 -1.898675 -2.016736 -2.235895 -2.398417 -2.53997 -2.519977 -2.486828 -2.539283 -2.663577 -2.706374 -2.693092 -2.765812 -2.619802 -2.489562 -2.361847 -2.290309 -2.200387 -2.006284 -1.515042 -.8551627 -.009726682 1.16703 2.587896 4.027559 5.263811 6.376133 7.016038 6.663442 5.293708 3.501372 1.819491 .8842176
-.5977838 -.6108691 -.6068401 -.620342 -.5844978 -.5958187 -.6088729 -.6306708 -.6262317 -.6347886 -.6405813 -.6530078 -.6827219 -.7321738 -.8065013 -.8235379 -.8063467 -.7526808 -.7382019 -.8065866 -.9357314 -1.022645 -1.168316 -1.277442 -1.396523 -1.546901 -1.653619 -1.720043 -1.851079 -1.968526 -2.026733 -2.188944 -2.447774 -2.649404 -2.734219 -2.683064 -2.727503 -2.84782 -2.93946 -2.911415 -2.871892 -2.881861 -2.788376 -2.62913 -2.499239 -2.311969 -2.005941 -1.55456 -1.102735 -.4423351 .2982219 1.328672 2.610149 3.988032 5.3064 6.346299 6.769019 6.155969 4.659538 2.85263 1.311928 .842591
-.5871132 -.5918005 -.5721463 -.5935844 -.5747374 -.5952968 -.5903104 -.586527 -.5976364 -.6186112 -.6315721 -.6476045 -.668923 -.7594649 -.8097902 -.8004149 -.7813305 -.7282355 -.7281399 -.8723969 -1.001465 -1.101651 -1.240312 -1.358817 -1.466976 -1.630588 -1.733986 -1.837973 -1.959241 -2.034536 -2.143967 -2.32456 -2.58506 -2.755224 -2.819888 -2.839135 -2.924131 -3.096186 -3.141095 -3.073236 -2.992564 -2.902273 -2.723244 -2.607045 -2.417007 -2.157092 -1.706681 -1.182059 -.5327812 .2465391 1.15064 2.171485 3.290431 4.496831 5.63767 6.431855 6.497645 5.567537 3.979378 2.237949 1.076807 .9888165
-.5779627 -.5470252 -.5522066 -.5311334 -.5445548 -.5416501 -.5744835 -.5730816 -.5768167 -.5833666 -.6071227 -.6138439 -.6854253 -.7705997 -.7764315 -.7804121 -.7433143 -.6809769 -.7449774 -.886025 -1.059932 -1.162841 -1.262333 -1.412912 -1.516529 -1.641512 -1.76423 -1.814406 -1.965951 -2.106938 -2.23839 -2.421955 -2.631005 -2.831363 -2.97743 -3.109565 -3.208044 -3.417264 -3.445708 -3.339438 -3.193703 -2.875134 -2.555132 -2.267485 -2.124456 -1.85509 -1.464911 -.9974502 -.3560414 .5577466 1.654744 2.850492 4.000441 5.04845 5.980483 6.459448 6.127198 4.901483 3.224923 1.644824 .7514405 1.141741
-.5838993 -.5322943 -.5272036 -.4947189 -.5062535 -.4779476 -.5113373 -.5352945 -.5274668 -.5420015 -.5318792 -.5913322 -.6252906 -.713463 -.7228292 -.6920704 -.6434059 -.6383619 -.7751977 -.9586907 -1.092382 -1.224222 -1.330173 -1.45972 -1.567195 -1.68241 -1.729334 -1.847792 -1.991317 -2.128585 -2.321171 -2.501966 -2.679469 -2.871593 -3.085416 -3.334131 -3.49762 -3.68259 -3.767579 -3.730051 -3.464954 -2.90797 -2.353586 -1.854303 -1.634313 -1.468728 -1.266253 -.9305171 -.4182162 .3292542 1.372383 2.556115 3.789899 4.959051 5.801849 6.071534 5.451619 4.036319 2.273784 .8289022 .3857102 1.207871
-.5682877 -.4996362 -.4881986 -.4762 -.4764872 -.4722178 -.4531837 -.4814805 -.4945054 -.4866554 -.4908007 -.5439 -.5890369 -.6552352 -.6537097 -.6108615 -.5635922 -.5827363 -.8102267 -1.018163 -1.17136 -1.284804 -1.372143 -1.477928 -1.582669 -1.658716 -1.744679 -1.872113 -2.044007 -2.206516 -2.375895 -2.581954 -2.785977 -2.976768 -3.238569 -3.505496 -3.739564 -3.980105 -4.201704 -4.318928 -3.821225 -3.151879 -2.268671 -1.552873 -1.129368 -1.058787 -.9988112 -.794362 -.5022084 .06013324 .7956391 1.859263 2.960962 4.063704 4.973009 5.242346 4.618985 3.125898 1.335246 .05053503 -.0548525 .9832302
-.5495775 -.5050988 -.4873405 -.4343534 -.4175279 -.4384193 -.4412405 -.452132 -.437948 -.4457575 -.4240547 -.4558492 -.5162348 -.5949122 -.5664558 -.5171626 -.4958002 -.5115418 -.7368837 -1.008365 -1.195068 -1.306471 -1.388091 -1.465641 -1.517707 -1.603228 -1.751414 -1.904178 -2.096674 -2.271369 -2.459477 -2.670992 -2.857589 -3.082147 -3.327423 -3.663979 -4.013084 -4.38277 -4.768234 -4.795254 -4.382215 -3.586602 -2.555443 -1.608844 -.9052039 -.6815327 -.6077004 -.4455356 -.2240935 .1208348 .7152932 1.506409 2.421289 3.339998 4.156262 4.508798 3.93504 2.469203 .7436537 -.4733147 -.4530179 .4631318
-.5442019 -.4846474 -.4614089 -.410298 -.3655708 -.3992434 -.4178489 -.404828 -.4085529 -.3704419 -.3988352 -.4164606 -.4554145 -.5366387 -.512841 -.5038503 -.5123482 -.5158951 -.6543311 -.9084052 -1.142015 -1.266166 -1.33766 -1.40076 -1.439333 -1.57876 -1.730616 -1.928586 -2.133547 -2.326803 -2.544873 -2.723267 -2.918471 -3.111741 -3.378083 -3.742969 -4.250535 -4.693812 -5.050997 -5.222573 -4.849655 -4.055336 -3.038692 -2.052729 -1.161263 -.5962447 -.3245221 .07719987 .4319404 .7546515 1.274459 1.929958 2.627201 3.307985 3.960168 4.19563 3.620718 2.225194 .5266641 -.5604882 -.6075882 -.0552108
-.4990173 -.4542955 -.400609 -.3840928 -.3537 -.3442042 -.380446 -.3701929 -.3551327 -.3516026 -.3601139 -.3537675 -.4110824 -.4585493 -.4770482 -.5002427 -.5380865 -.574744 -.6620061 -.810703 -1.07525 -1.178497 -1.253932 -1.311347 -1.379262 -1.532437 -1.733255 -1.92983 -2.109367 -2.339774 -2.553946 -2.675852 -2.88778 -3.103925 -3.399029 -3.830627 -4.448125 -4.907736 -5.324262 -5.440135 -5.034645 -4.31875 -3.416774 -2.509036 -1.788165 -1.170181 -.5913926 .1231456 .766609 1.282658 1.902521 2.571105 3.203369 3.75078 4.197585 4.293133 3.638853 2.30468 .7834946 -.1710823 -.3885 -.3382545
-.4332885 -.4049048 -.351444 -.3207966 -.3407997 -.3007158 -.322737 -.3183132 -.3074296 -.2734295 -.2755884 -.322454 -.4059506 -.4596393 -.476171 -.5357907 -.5383914 -.582115 -.6885003 -.8562708 -1.037519 -1.071837 -1.127391 -1.180288 -1.314596 -1.50324 -1.694275 -1.88242 -2.089106 -2.3208 -2.485051 -2.646554 -2.815869 -3.070892 -3.301458 -3.83384 -4.405781 -4.995831 -5.480538 -5.415394 -4.963788 -4.291564 -3.541648 -2.858553 -2.361449 -2.025656 -1.55177 -.792733 .02497895 .8329232 1.695179 2.43838 3.102085 3.762101 4.242425 4.321137 3.744338 2.599041 1.44227 .6128972 .1688283 -.2413688
-.4594435 -.4113356 -.3172728 -.2651113 -.2705837 -.2942853 -.3000835 -.2773708 -.2283363 -.2112877 -.2259832 -.2743801 -.4151407 -.4633704 -.4925876 -.4879453 -.5204397 -.6063176 -.6870928 -.8508677 -.9620662 -.998835 -1.030282 -1.091389 -1.262499 -1.460372 -1.649747 -1.846423 -2.03528 -2.208203 -2.388382 -2.581596 -2.771602 -2.949272 -3.210189 -3.638652 -4.222106 -4.933692 -5.29841 -5.105122 -4.695436 -4.113821 -3.49336 -3.006211 -2.700081 -2.660873 -2.510837 -2.078991 -1.294818 -.3108689 .6900044 1.651452 2.482232 3.243358 3.835501 4.116682 3.827981 3.042903 2.212625 1.542808 .9665578 .3329555
-.4738463 -.3712001 -.3174577 -.2500876 -.229646 -.2525508 -.2956688 -.2685554 -.1905078 -.1353858 -.1343849 -.1764413 -.3400202 -.4350896 -.4792832 -.4920562 -.5185517 -.5482475 -.6533281 -.8071979 -.8684529 -.8931997 -.9508014 -.9708383 -1.100627 -1.385381 -1.555338 -1.744679 -1.879757 -2.082145 -2.250814 -2.434846 -2.613486 -2.797764 -3.03482 -3.39005 -3.974926 -4.653567 -4.75985 -4.537874 -4.136827 -3.70218 -3.245275 -2.8315 -2.654075 -2.778974 -2.940708 -2.772405 -2.185988 -1.205305 -.1061137 1.015853 1.957034 2.756455 3.548972 4.00975 4.044259 3.656325 3.045106 2.422888 1.81317 1.216712
-.4686362 -.3580655 -.2778684 -.2035238 -.149019 -.1700777 -.244069 -.2230403 -.1437591 -.1218664 -.1106806 -.1188044 -.1969977 -.3481718 -.4291887 -.4195931 -.4485999 -.4835108 -.5995416 -.7576895 -.8253889 -.842881 -.8207139 -.9145809 -1.071116 -1.295122 -1.434494 -1.584976 -1.735518 -1.922846 -2.088594 -2.301962 -2.413568 -2.607302 -2.828628 -3.135682 -3.626968 -4.036191 -4.050877 -3.780926 -3.401472 -2.944278 -2.541842 -2.130322 -1.987313 -2.088624 -2.375808 -2.365367 -1.838136 -.997943 .03043644 1.048859 2.041793 2.987061 3.834818 4.458535 4.654513 4.300238 3.609999 2.881916 2.299086 1.785957
-.4616496 -.3464905 -.2376988 -.1507937 -.06517547 -.09115317 -.2243792 -.2022658 -.09544425 -.06078828 -.08117892 -.1059109 -.1856383 -.2732636 -.3280639 -.3433914 -.3800551 -.4089324 -.5311048 -.6892612 -.7535796 -.7141734 -.6760156 -.8339691 -1.018917 -1.170658 -1.293455 -1.427004 -1.5222 -1.698192 -1.911582 -2.026704 -2.135764 -2.307876 -2.498418 -2.758986 -3.095098 -3.35373 -3.281153 -2.894105 -2.489303 -1.964368 -1.435472 -.9916361 -.7710088 -.8161406 -.9590219 -.8761464 -.3376929 .3987021 1.201165 2.118481 3.018926 3.920305 4.799051 5.417912 5.466582 4.886056 3.981306 3.008714 2.386467 1.933944
-.5031213 -.4089761 -.2953286 -.1665662 -.1794757 -.1977752 -.2161432 -.1712337 -.1103361 -.06268955 -.06862676 -.1587796 -.2258518 -.2893372 -.3084288 -.3439449 -.3239668 -.3846504 -.4930489 -.6101416 -.6476975 -.5875967 -.554915 -.6034917 -.868077 -.99462 -1.082852 -1.143843 -1.265659 -1.439672 -1.615416 -1.676266 -1.787466 -1.954075 -2.066122 -2.263008 -2.519241 -2.681957 -2.552814 -2.196478 -1.683084 -1.056489 -.4219704 .01913724 .3320211 .4029489 .4307986 .6382267 1.144175 1.806713 2.535749 3.291364 4.04289 4.879762 5.668161 6.216362 6.100086 5.291181 4.098958 2.960622 2.13965 1.726321
-.4891887 -.3990627 -.3437352 -.2226162 -.2761584 -.3054433 -.2751011 -.127617 -.05834564 -.03833663 -.03710143 -.1385305 -.2388733 -.3098457 -.323893 -.3248686 -.290466 -.3499001 -.4333289 -.5101553 -.4989173 -.4619066 -.3945516 -.4458777 -.5998284 -.771601 -.8206092 -.8393473 -.941226 -1.147698 -1.238369 -1.171724 -1.376232 -1.54284 -1.599532 -1.75601 -1.993265 -2.114205 -1.983997 -1.723086 -1.226337 -.604755 -.01179814 .3698164 .6518723 .7858503 .8232963 1.024049 1.479017 2.08171 2.758451 3.509643 4.366164 5.217002 5.934795 6.352272 6.135624 5.278375 4.080447 2.845158 1.894312 1.316562
-.4797324 -.3664074 -.3400728 -.3015579 -.3083411 -.3010202 -.1958519 -.0175491 .04756244 .05445291 .03452001 -.06617308 -.2219379 -.2900608 -.2787972 -.2479055 -.2645132 -.316065 -.4061829 -.4427885 -.4242738 -.3356165 -.2868744 -.3459161 -.4451751 -.571919 -.5691912 -.5551451 -.6065176 -.7491743 -.7999821 -.7248468 -.8432401 -.9929853 -.9867648 -1.19018 -1.443532 -1.559413 -1.574614 -1.362339 -1.015208 -.5920054 -.1476311 .1103802 .3769991 .5472242 .6212691 .7805837 1.168558 1.768425 2.503551 3.376391 4.332843 5.225224 5.74465 5.889698 5.544887 4.780215 3.788854 2.774236 1.905784 1.276815
-.4882861 -.3695031 -.3115492 -.3009128 -.2747271 -.1987678 -.1032381 .06682853 .1660699 .1960804 .1134387 -.01768767 -.2226322 -.3122479 -.297913 -.2295168 -.2355562 -.2612585 -.3216947 -.3770633 -.3059792 -.1996551 -.1965553 -.2473742 -.3901378 -.4235424 -.3894265 -.3296377 -.3571941 -.3802882 -.3778339 -.3469188 -.3082139 -.4534772 -.3917271 -.5158797 -.7423172 -.9420443 -.9909076 -.899219 -.7384495 -.5032703 -.2376596 .03335873 .2610976 .481588 .6626086 .8960099 1.356281 2.01375 2.806493 3.681393 4.542138 5.194624 5.47092 5.297938 4.713418 3.8822 2.986939 2.382444 1.976275 1.594742
-.4662694 -.3826209 -.3053846 -.2866036 -.2309027 -.1324871 -.0003131739 .1175118 .2394111 .1758068 .1013738 .02102813 -.1886211 -.3347614 -.2992024 -.2439344 -.2037138 -.1860186 -.2416368 -.3328842 -.2475901 -.1558179 -.0927968 -.0715012 -.2410446 -.3092386 -.1927179 -.1715877 -.1406003 -.1040904 -.00911853 .1185434 .1111673 .06247752 .1285809 .07276935 -.06294503 -.2213742 -.2812622 -.2779645 -.1471429 -.0158585 .2032296 .4066065 .6333913 .9271201 1.162495 1.496011 1.999505 2.715178 3.556316 4.383102 4.991982 5.330378 5.387298 5.044703 4.23379 3.163357 2.060136 1.497127 1.381289 1.4742
-.439594 -.3289746 -.2821189 -.2416633 -.1679606 -.07238312 .05680454 .1542845 .2131491 .1358777 -.009239498 -.06920681 -.1577221 -.3040641 -.3069289 -.2005476 -.1686861 -.1554851 -.1507906 -.2630708 -.2187731 -.1212931 -.04375564 -.05956479 -.08586738 -.1515129 -.06604597 .04062157 .09555119 .1949712 .3445649 .4741235 .4296716 .4885189 .6387913 .6547586 .5625418 .4910379 .4134891 .5159609 .6620825 .8010449 .9864051 1.130339 1.347693 1.507475 1.673586 2.024647 2.565996 3.328339 4.174561 4.936728 5.348846 5.500878 5.502342 5.153687 4.360315 3.183121 1.81383 .8287645 .519294 .5910485
-.4384514 -.3334517 -.2668543 -.2455727 -.1280309 -.03468677 .1115069 .1787559 .1278908 .0433582 -.1004432 -.2605025 -.3183114 -.3067429 -.2305547 -.1580421 -.1565327 -.1836843 -.2496826 -.2848115 -.209592 -.1386215 -.08374678 -.1147699 -.1162208 -.04818713 .06994443 .1837979 .2567091 .461117 .6347468 .8069288 .8980112 .9895715 1.19357 1.252473 1.145669 1.135395 1.150744 1.227507 1.359837 1.479918 1.56011 1.637362 1.736187 1.889927 2.110188 2.486687 3.018696 3.760902 4.601807 5.356172 5.622508 5.545088 5.438837 5.235583 4.686629 3.649927 2.257035 .9163055 .07508425 -.1632136
-.4195257 -.3299849 -.2339138 -.1830821 -.07289875 .06157984 .153511 .1216649 .06036981 -.06470138 -.2028031 -.3584757 -.3905066 -.3201836 -.2543899 -.197208 -.1876334 -.2674208 -.3163294 -.2404846 -.183751 -.1513193 -.1537831 -.1947506 -.1505492 .0136932 .1492777 .2142894 .3773099 .6100351 .9070181 1.101526 1.287593 1.494538 1.768032 1.913643 1.833073 1.818632 1.821413 1.871361 1.974446 1.969572 2.010435 1.989092 2.028663 2.234685 2.559204 2.959579 3.477283 4.249841 5.099464 5.737641 5.851141 5.495055 5.124905 4.947189 4.742626 4.085814 2.930845 1.591442 .4284971 -.2622183
-.3895684 -.2590771 -.178579 -.1133137 -.02155785 .08647338 .171208 .1200897 .01806497 -.09507634 -.2251144 -.3081954 -.3802894 -.323872 -.2402474 -.2008068 -.2129949 -.2887995 -.284209 -.1991015 -.1316556 -.1248019 -.1919651 -.2377173 -.1457122 .00198491 .1067184 .1707135 .3633452 .6424031 .9499736 1.12637 1.338957 1.67132 2.074279 2.283735 2.391481 2.3597 2.273079 2.367223 2.496449 2.530801 2.594825 2.572335 2.640139 2.887165 3.193393 3.533138 4.029763 4.721319 5.527411 6.013492 5.885447 5.288711 4.732216 4.477911 4.428158 4.121969 3.24851 2.164059 1.122287 .3089311
-.3048813 -.2042947 -.1310295 -.02193569 .04542585 .1099541 .1378794 .1029371 -.01863313 -.1146865 -.232366 -.3071415 -.3454324 -.3216206 -.2675002 -.2103255 -.2447518 -.2991284 -.2891056 -.1708589 -.1505519 -.2031105 -.2619695 -.2325416 -.1464919 -.002314593 .02745854 .1166646 .3360515 .6221462 .915309 1.12489 1.27069 1.573118 1.922158 2.1597 2.368011 2.538815 2.403349 2.469773 2.698815 2.931908 3.087072 3.196732 3.367348 3.670887 3.95066 4.18208 4.592155 5.146265 5.750894 6.075718 5.809275 4.986847 4.365073 4.098334 4.056264 3.853528 3.171169 2.179105 1.364267 .8173791
