py_wake/examples/data/AJ_ParqueFicticio/Rough survey   Sector 2   Height 30m   Power density.grd
DSAA
73  159
 258469   265669
 6501692   6517492
 .0001479314   389.8945
[rows 56 to 83 of 159, columns 0 to 62 of 73]
24.27673 24.18936 24.71546 25.44326 25.83266 26.31763 25.39315 24.89326 24.55849 24.51667 24.54105 24.54032 23.96321 23.47456 23.25719 23.24235 23.61783 24.08336 23.78617 23.38969 23.17543 22.96812 22.78627 23.39619 23.87651 23.50507 23.25801 23.58163 24.39932 26.93589 38.03959 48.85417 47.34578 54.21605 56.38686 59.30748 63.7986 71.29843 75.90427 77.48092 83.93043 87.24632 94.2248 89.14182 83.35182 74.57372 74.87255 68.23474 58.67805 52.91433 55.39994 60.28421 53.91063 37.22166 22.04659 25.27956 35.7177 40.44671 35.79827 25.59764 22.33849 23.38851 18.78061
24.46357 22.90534 23.76597 25.48223 26.27884 25.73466 25.05611 24.35276 24.00179 24.03679 24.18236 24.34365 24.35087 23.21888 23.84805 23.7335 23.74784 23.9393 23.99878 23.36918 24.32502 24.11864 23.41744 24.13687 24.22571 24.04504 23.62463 25.32099 30.94305 37.79016 51.22026 49.95841 52.84966 59.7236 66.72934 66.604 66.23079 68.72987 80.35912 82.06507 84.49094 87.80683 74.36448 71.31647 73.42911 72.97813 67.4393 57.35791 54.91629 54.35226 57.77361 57.70252 47.81794 31.77045 26.88631 33.83906 42.96788 43.28829 30.3386 21.58577 19.45236 18.76547 17.6147
22.31136 20.77583 22.45491 25.3908 26.90368 24.61511 23.98783 23.20721 23.02196 23.1975 23.5043 23.8295 23.72193 22.60229 23.20963 23.61459 23.58795 23.48748 23.37388 23.25425 24.28663 24.73816 24.52418 25.25988 24.64788 24.07007 24.04327 26.77017 33.76041 41.43864 44.89326 46.73215 50.16496 54.03064 57.06297 60.53032 59.15501 61.51392 71.8013 77.7459 79.56535 77.53865 64.58393 59.25132 61.84295 63.07621 55.35028 47.58954 47.83493 52.34383 53.39848 48.11737 41.14059 28.99025 28.37983 36.37134 42.00909 39.06948 29.73017 23.94203 23.04986 20.67487 20.85178
20.75546 21.68598 23.36639 25.567 26.75136 25.3421 23.12009 22.10886 21.98631 22.3002 22.74845 23.19314 23.3935 22.19568 22.60274 23.25168 23.57641 23.31632 23.2201 23.32378 24.11606 25.54604 25.60006 25.84199 25.29976 24.24315 24.41808 25.14981 27.14243 32.50642 34.16446 35.13044 37.09818 41.18855 43.34167 52.19234 56.21364 58.74085 64.89495 69.14198 69.96278 64.1975 56.55701 53.4192 54.68249 56.37316 49.17461 42.17743 40.99505 42.70509 45.71554 40.0795 34.98128 28.30037 25.90954 33.13757 35.1566 37.15619 30.06013 24.7238 22.60686 20.34489 23.23742
22.84048 23.66697 25.87932 26.80969 26.91951 25.50431 23.32495 20.97126 21.15919 21.59982 21.96754 22.25115 22.34217 21.53372 22.25718 23.03294 23.43125 23.23621 23.6092 24.03827 24.01611 24.67155 24.67345 25.63787 25.85474 24.95896 25.0957 24.50987 29.79719 30.84291 32.67049 32.50204 32.21775 33.72279 39.15742 47.93867 50.72794 53.87973 55.67449 57.89848 57.59874 51.69432 50.8464 52.42208 53.07592 53.60748 49.00398 44.87102 40.27599 38.90593 38.15071 32.64177 29.50281 25.97767 29.24857 32.14786 33.53731 38.53008 29.44132 22.9264 19.16769 21.1113 26.39298
25.17044 25.93542 27.54528 24.99076 22.88884 22.75534 21.67474 20.57 20.9244 21.41264 21.64168 21.73821 21.73449 22.26474 22.64263 23.20975 23.7452 23.34371 23.82056 24.52161 25.04414 25.64808 25.18234 25.41746 25.42089 25.79544 27.24714 29.60181 34.60441 40.86526 39.89784 35.18588 33.87129 41.25083 42.81104 45.82787 47.54826 49.38068 50.57669 50.0873 46.98197 45.6432 49.79991 48.869 50.15598 48.84855 45.71471 45.0794 42.85604 35.99546 29.14721 28.73232 29.64848 31.12602 26.63548 32.28468 35.71498 36.61462 28.2266 20.17429 17.5987 19.79459 18.97537
26.43976 27.39608 25.80049 24.36763 22.7357 21.51643 21.3165 21.34377 21.36899 21.68491 21.69785 21.83695 22.42628 22.79567 22.8521 23.10963 23.548 22.56513 23.41569 24.95973 24.75575 25.01437 25.32308 25.75204 26.42387 27.99669 29.95678 33.38227 37.02845 41.0915 50.56067 48.93814 48.01783 49.80444 47.68673 47.29534 47.04469 45.95613 45.60349 44.80548 44.17625 44.51936 48.17173 47.67989 45.2027 46.06841 45.57342 46.40086 44.28897 40.56144 33.63591 25.33008 29.06526 31.88518 34.11149 34.27986 35.99331 32.58202 26.40115 19.69937 16.43717 14.67985 16.40976
26.93171 25.77827 24.73376 24.05696 23.17052 22.51203 22.20513 21.79011 21.63305 21.98471 22.22538 22.62918 22.84549 22.88855 22.80008 22.64794 22.42163 21.72232 22.71546 24.18449 23.18678 23.26511 24.3733 25.5654 26.66233 29.56427 33.15315 35.53292 39.77977 44.50449 47.72322 45.55278 46.17081 48.45037 51.13942 50.66911 48.41403 45.27661 44.49916 42.71698 41.83595 41.53932 42.65015 41.90297 42.77272 44.82983 45.191 42.69175 42.69725 37.01842 29.31265 28.84386 29.32102 32.74503 31.73586 28.30736 28.39742 26.31339 21.31662 16.15652 13.3903 14.24055 14.85928
26.70849 24.67523 23.81641 23.47862 23.17937 22.76762 22.38698 22.04459 21.96947 22.21726 22.33363 22.65346 22.9721 22.8631 22.60528 22.3348 21.94677 22.48433 22.92474 22.91377 22.30406 22.48689 23.32967 24.77856 26.92469 31.35845 32.06274 37.22175 42.44424 46.34462 44.34665 43.39528 44.28859 48.35287 52.35722 50.70543 48.27698 45.6002 44.63675 42.80441 38.77922 35.32184 35.03688 36.45575 38.68978 42.14905 38.71531 37.5459 36.01188 34.70045 31.0035 30.2453 27.3342 23.27321 25.88227 24.28476 18.15671 15.15699 11.80614 9.347244 7.701401 9.899703 13.1047
25.95347 24.09134 22.96563 22.70494 22.7061 22.72657 22.47087 22.42009 22.78346 22.54215 22.33005 22.56209 22.8445 22.80168 22.46649 21.89547 21.97461 23.01719 23.33774 23.26319 23.62436 23.60702 24.27049 25.81647 27.15298 28.67276 29.33439 34.11279 38.55681 40.22156 39.45882 39.03896 40.77629 45.57409 46.48205 45.07102 43.36008 41.90793 41.63578 37.67673 35.70549 35.36533 35.01516 37.37608 40.05689 39.93239 36.16671 35.23041 36.30803 34.96051 31.92524 33.61126 30.47975 25.77075 20.73367 19.53387 13.95365 12.2186 8.094697 5.357412 7.71754 10.04184 11.43619
24.90501 23.8708 22.34788 22.09269 22.13123 22.29965 22.61493 22.87892 22.43347 22.38335 22.56406 22.64046 22.61204 22.47605 22.18406 22.13391 22.94577 23.62099 24.04518 24.38694 25.0273 26.10902 26.2253 26.0013 25.88068 25.73249 28.46582 32.37753 33.94484 34.97929 34.76381 35.98643 39.39574 42.77549 42.45663 41.37543 38.93434 36.99202 34.48209 31.48728 32.95078 33.22596 33.50203 35.66417 38.17025 36.38652 33.03207 34.54486 35.83076 34.1388 32.14211 36.53795 37.42739 29.90547 24.62858 18.57688 13.11481 11.31175 9.622728 8.694976 11.75837 12.21855 13.60821
24.16072 23.40735 22.27993 21.79327 21.71476 21.98182 22.37598 22.70242 22.7827 22.24094 22.32963 22.47665 22.41797 22.03434 21.78731 22.32345 23.31634 24.03165 24.98198 25.49808 26.99126 26.64731 24.97953 24.36319 23.49163 24.71125 29.31226 31.36733 33.18055 33.7686 33.65517 35.57616 39.42719 40.5645 39.84063 39.54436 38.40044 35.93925 34.14203 29.37471 27.35806 28.30778 30.64902 31.96805 31.71045 31.17689 34.13681 38.48019 41.53488 34.58514 38.35429 42.3242 38.43907 32.83293 26.65104 20.77713 15.1961 12.24486 13.39837 14.63148 15.9279 17.64223 15.4219
23.80563 23.33212 22.34601 21.69608 21.44224 21.64533 22.22479 22.4647 22.58233 22.19946 21.97371 22.10334 22.25945 21.64951 22.04932 22.71141 23.52993 24.74201 25.32597 25.98918 26.87212 25.09598 22.21968 22.4218 21.99072 28.27159 31.94218 30.62632 30.93814 31.57015 32.19571 34.93786 38.01041 37.94806 37.58574 38.48921 38.34572 36.07772 33.83314 30.19987 30.04215 33.22398 34.53324 32.42268 27.87358 27.12708 29.77138 33.57755 33.56162 29.75894 35.80115 41.95318 42.2948 31.32512 24.14901 20.87013 14.6732 13.0254 15.26901 16.24158 16.95284 17.30205 13.52585
22.77862 23.06843 21.69567 21.14933 21.16118 21.56981 22.29699 22.10029 22.17091 21.9974 21.70751 21.63918 21.99728 21.40296 23.09167 24.13326 24.97467 25.8545 25.7581 25.26935 24.46183 22.52388 20.90493 21.50242 24.90322 31.57528 32.14258 31.6593 32.00728 31.46403 31.59711 32.62255 35.25584 34.56371 36.15682 38.32989 38.77776 37.65708 34.14799 34.68905 41.00395 44.60767 43.24572 36.78868 30.68009 29.7986 27.80845 25.37164 22.16793 22.08631 31.02242 33.41466 28.95429 20.00045 15.53769 11.7052 13.23419 12.88892 14.91809 15.98776 15.29631 14.99307 14.67816
21.25841 22.0114 21.6417 20.39501 21.26739 21.68592 21.86065 21.64311 21.62514 21.62352 21.45901 21.54078 21.57931 21.9462 24.41746 27.14707 26.68872 25.98269 25.38861 24.89377 23.49214 22.08862 22.41517 23.95719 29.59294 31.57143 31.21062 31.67643 33.77724 33.69613 32.2611 30.55239 31.64952 32.57344 36.62548 39.59922 40.07101 39.25694 39.23493 41.34147 45.9579 48.47628 44.60759 39.33131 33.35934 32.32166 28.27219 24.21269 20.31333 18.22507 15.93101 13.4397 11.32172 9.818922 10.16161 10.96938 13.71948 15.53088 17.45842 17.16121 16.32874 16.75321 16.72732
20.47224 20.57378 20.57876 20.10606 22.14276 21.45754 20.8133 20.58491 20.71185 21.01604 21.4244 21.74942 22.65385 24.01637 26.43409 27.21378 25.20741 24.68654 24.63235 24.20937 23.55731 23.73473 25.4479 27.87318 32.64518 31.378 31.2651 31.83094 31.95881 33.16529 36.28531 36.46101 35.88841 36.53427 39.25283 41.66758 43.61744 43.18898 42.81318 44.10623 44.22649 45.47952 42.36662 38.15102 36.79694 36.07593 33.32005 28.9156 22.96764 19.88247 13.56663 9.687964 8.186085 8.605327 10.99225 12.10249 15.16638 19.22648 21.31793 20.65319 19.08554 19.21766 18.26193
20.96173 20.72512 20.92016 21.40762 22.32766 21.6812 19.61181 19.56497 20.30174 21.78071 22.32811 22.77871 23.31192 24.16952 26.42893 26.01584 23.03653 22.93942 23.33094 23.57228 23.24403 23.39077 26.31289 28.85109 29.16839 30.68281 29.78669 29.76091 28.67194 34.92724 39.06957 39.42965 41.4369 44.10484 44.1158 45.44668 45.03189 43.40963 42.7135 41.83622 41.94475 43.27646 40.05009 38.91056 38.51044 37.41211 36.48178 33.43434 29.01175 27.24472 23.19983 20.13534 22.53718 21.59803 17.88378 18.56363 22.07665 23.1375 23.82415 23.77101 22.96073 23.2968 23.50159
21.97136 22.02868 22.27278 21.43673 21.00144 20.76554 19.10713 19.27545 20.88407 21.76454 22.39854 22.79878 23.17833 23.88479 24.73552 25.03731 21.15802 20.96856 21.59529 22.09664 22.18541 22.18469 25.33947 26.98136 28.03923 29.18216 28.16022 28.27535 34.20249 41.28518 44.92952 44.351 47.00097 50.32836 48.54487 43.47353 41.40097 42.20531 44.31014 44.20524 44.77461 46.86065 40.7302 39.61198 38.53987 36.28955 34.5704 29.66149 30.74796 30.00915 28.86086 25.91879 29.96759 33.89856 30.15871 25.28525 22.99256 23.53451 26.00557 27.89095 29.26552 30.64881 33.43971
22.11265 22.1761 22.12153 21.32994 20.76556 20.67583 19.17896 19.89555 21.4624 21.23233 21.75894 22.30268 22.50661 23.36761 24.39583 23.30183 19.83129 19.87547 20.28243 20.26148 20.02661 22.24597 24.68155 26.3669 27.98144 28.46026 28.51325 30.39796 37.02257 46.97086 47.21673 48.35122 51.42438 51.9591 47.34521 42.95972 41.34452 41.2957 41.59312 43.40845 46.00484 42.57656 40.94795 41.71059 37.48085 35.59481 30.13109 23.93261 22.1036 23.40752 21.98665 24.226 29.65791 33.51708 30.12697 19.93276 19.98384 20.87814 24.49439 28.20252 31.84816 31.34235 24.92812
21.1411 21.63801 21.92585 21.27798 20.14641 18.82983 19.67985 21.19235 21.85306 20.46763 20.8076 21.36653 21.97001 21.04867 20.19724 20.72247 19.95554 20.21132 19.91166 18.91081 20.40428 22.17081 23.93757 25.89331 26.65345 27.02893 27.44688 29.96439 34.13376 38.94525 41.89581 44.72908 44.78236 45.0972 45.13603 44.09797 43.14893 42.84737 39.49208 37.355 33.69606 33.06961 32.43917 27.07054 26.18758 18.32726 17.82379 15.4252 17.24399 17.51238 16.8467 17.31806 16.77579 16.98386 14.70168 9.410088 13.47419 15.73484 19.34942 21.13223 23.17548 21.1965 15.51764
19.97105 20.71685 21.2814 21.18866 19.58347 19.6894 20.0373 20.74826 20.8842 19.85317 20.05848 20.38797 20.86117 19.65166 19.35767 19.2303 19.74798 20.27234 20.0122 19.20231 21.36427 21.46868 22.61379 23.8099 24.26311 24.2107 23.97453 24.60209 26.41549 32.20072 37.80949 39.52052 39.34303 40.18912 41.16294 42.54612 42.48389 40.4484 36.18484 32.57916 31.35794 25.63464 17.4651 14.62481 10.83496 11.15166 10.78987 12.63205 15.93246 17.42088 16.36249 14.78454 12.23971 8.460579 6.607275 7.782007 10.28119 10.49958 10.13459 10.27067 12.09602 10.43465 8.213624
19.42145 19.78675 20.235 20.30265 18.35312 18.5881 19.10843 19.70479 19.66455 19.41886 19.70861 19.76065 19.62486 19.3079 19.41676 19.29416 19.19142 19.57574 19.50318 19.62251 22.0726 23.20414 24.599 25.96941 24.30107 21.99576 20.70032 20.66883 23.2374 28.70194 37.54496 40.3895 41.11152 40.50041 38.56078 35.41073 34.06457 32.12875 28.03553 25.32756 24.24996 18.98088 16.00559 14.34835 15.15673 21.47513 21.60716 22.13363 25.09595 20.10846 17.01659 14.29266 11.84472 10.04281 10.85468 13.82919 12.77513 11.02433 14.17968 15.19197 11.69161 10.08783 9.093531
19.00602 18.79162 18.86377 18.62602 16.90864 17.21516 17.99389 18.45304 18.8582 19.31389 19.70907 19.85623 19.1947 19.05836 19.01275 19.21149 18.96353 18.45644 17.87913 19.49412 22.52272 22.67531 26.12006 25.3677 23.41696 20.38538 21.16776 21.84516 27.88111 37.22662 46.07832 46.25222 45.21804 41.18644 38.36704 37.96841 37.38671 34.50307 29.21053 24.62606 18.50088 15.77429 16.00309 18.8881 26.08185 32.02592 33.13622 33.79547 31.03406 21.61145 16.4889 14.61854 15.6714 18.88854 24.41788 31.27909 29.17028 33.78518 38.02327 33.05803 24.7137 19.02543 14.30484
18.59855 18.01274 17.65755 17.04279 16.16627 16.65749 17.30693 18.57362 19.11361 19.10032 19.54849 19.72966 18.16714 18.1818 18.57945 18.68558 18.14857 16.87063 17.60499 19.51209 20.32721 21.49446 23.48441 22.41197 22.14545 21.79928 22.60471 29.87586 42.02622 49.76765 50.01503 45.95185 43.12096 38.34335 37.05559 37.41226 36.8442 33.24953 27.62712 21.11013 15.463 15.61001 21.17826 26.19003 33.69109 37.40359 36.81153 32.68351 22.39877 21.02901 22.09937 24.0774 26.75127 31.88262 37.4885 44.64507 46.87962 52.65513 47.48496 37.24902 29.71615 25.87159 20.29597
18.03589 17.34249 16.7307 16.21297 17.09032 17.46908 18.10843 18.33136 18.55767 18.403 18.51826 18.87789 16.86547 17.70968 18.61349 18.65706 18.28053 18.47432 18.88064 19.74551 20.59576 20.99548 21.23474 21.0707 21.26171 23.51598 28.64841 39.25748 52.52709 58.64679 54.03857 44.24157 39.34579 34.96958 32.8847 31.19032 27.47161 23.9614 20.60481 18.30199 17.69424 24.91797 36.5136 38.9728 39.92586 40.51844 36.62 31.03292 26.39048 28.28595 31.98342 36.4656 40.82909 45.77942 45.39289 47.05264 51.56118 46.37413 37.26157 30.42936 26.75599 22.49349 19.27372
17.31506 16.7742 16.45619 16.73916 17.27432 18.09757 17.34522 17.31202 17.47573 17.42093 17.36176 17.34319 16.05044 17.8402 19.62034 18.97202 17.98121 18.95599 20.3048 20.82602 21.04493 21.59715 21.31042 19.97434 19.83635 23.72437 29.63659 39.17268 48.74346 49.5824 45.27681 38.1647 34.2876 31.32268 30.60843 29.07573 25.27468 22.03936 19.42205 18.91882 22.50355 31.23433 36.68368 39.99257 39.96506 38.7799 37.61187 35.53667 35.14002 35.67416 37.43829 39.25778 41.37801 42.25397 42.0223 42.56452 39.50837 32.5538 27.33334 23.86584 21.97631 19.34687 16.75155
16.52971 15.94534 16.43761 16.41298 16.33895 16.38957 15.46382 15.56174 15.96561 16.15905 15.94268 15.24586 16.06664 16.78318 17.77252 17.66721 15.62809 18.60529 19.22111 19.53673 20.2448 20.85081 20.47262 18.82355 19.76449 20.50034 26.24925 35.06564 42.67705 43.88257 39.12127 34.37603 32.24393 30.65986 30.53086 28.32397 23.82821 20.78362 18.02122 18.01137 26.34459 34.79396 37.87416 39.40448 38.57173 37.07764 37.98842 37.99433 37.44395 36.59591 36.62634 37.20101 37.8737 37.98676 38.72802 36.51145 30.7649 26.41899 24.44965 22.5596 20.93264 18.65306 15.65679
15.60131 15.16335 15.35719 15.67335 15.33268 14.83698 14.65601 14.64682 14.85731 15.01868 15.44031 15.91671 15.5594 15.58267 15.33071 14.74974 15.18009 17.64923 17.70718 18.04059 19.73406 20.09596 19.66173 20.01995 19.29525 23.10577 29.01501 36.97081 41.55564 41.95066 38.98266 36.83574 36.64233 38.2701 35.73197 31.80366 21.92046 16.2043 15.95417 26.47122 34.91719 36.3712 35.23036 35.49421 31.98327 30.0988 32.82461 33.16303 37.32436 36.82674 34.33265 33.79838 33.94833 34.76779 33.83474 29.36641 25.37404 23.44481 22.39791 21.35996 20.72905 17.11957 13.77232
