py_wake/examples/data/AJ_ParqueFicticio/Rough survey   Sector 12   Height 200m   Mean speed.grd
DSAA
73  159
 258469   265669
 6501692   6517492
 4.438185   8.475414
[rows 112 to 139 of 159, columns 0 to 62 of 73]
7.86343 7.774555 7.649248 7.517382 7.367404 7.200868 7.100821 7.053026 7.041817 6.999538 6.948891 6.914637 6.837583 6.736795 6.619701 6.468411 6.319049 6.210117 6.08216 6.001914 6.161119 6.424319 6.690983 6.951576 7.17966 7.358445 7.538243 7.73451 7.953722 8.125326 8.251404 8.290121 8.220978 8.075529 7.865173 7.64011 7.449983 7.338601 7.284991 7.239541 7.186319 7.098092 6.988375 6.85522 6.701997 6.542982 6.417145 6.337384 6.333802 6.451601 6.608616 6.747186 6.835679 6.86886 6.878961 6.847744 6.805199 6.735411 6.621133 6.448949 6.228981 6.035835 5.919749
8.125468 8.018316 7.89502 7.762393 7.626032 7.46331 7.31457 7.277227 7.221022 7.168703 7.121522 7.079761 7.002763 6.902146 6.783934 6.655223 6.544418 6.414031 6.243289 6.093181 6.112521 6.236205 6.454314 6.722768 6.979183 7.199817 7.382132 7.563327 7.776108 7.974079 8.137873 8.301689 8.409971 8.390617 8.25788 8.049403 7.813498 7.629116 7.531864 7.479444 7.45436 7.393296 7.275893 7.109661 6.905502 6.694057 6.508202 6.368901 6.284078 6.293123 6.398061 6.536568 6.650653 6.744658 6.779968 6.788567 6.773448 6.732208 6.665774 6.525986 6.308966 6.078053 5.900444
8.339361 8.222679 8.100559 7.981637 7.835377 7.696695 7.561668 7.473558 7.412572 7.348682 7.302624 7.260425 7.179218 7.076457 6.961708 6.90915 6.794853 6.67262 6.501642 6.364697 6.265537 6.236006 6.295419 6.480672 6.746973 6.986337 7.203664 7.403156 7.595419 7.781835 7.956487 8.153142 8.344775 8.456092 8.475414 8.375921 8.172801 7.964134 7.831692 7.779999 7.788454 7.752474 7.641685 7.462501 7.218968 6.964198 6.726654 6.527213 6.387914 6.305718 6.327547 6.417741 6.522342 6.634854 6.693513 6.716058 6.723421 6.706243 6.675986 6.593381 6.44386 6.218325 5.995453
8.363394 8.29213 8.199341 8.081002 7.952469 7.804355 7.686256 7.607134 7.555408 7.501821 7.46197 7.430449 7.366722 7.282191 7.299424 7.25495 7.169854 7.075947 6.947106 6.817999 6.662647 6.492465 6.351197 6.351649 6.507452 6.731489 6.979059 7.206247 7.400671 7.551472 7.723036 7.915534 8.11081 8.277644 8.397264 8.432148 8.35194 8.200767 8.072196 8.045091 8.074244 8.086171 8.019012 7.859583 7.613812 7.330741 7.035243 6.782683 6.59516 6.472806 6.42095 6.427395 6.484957 6.560791 6.623058 6.65933 6.660618 6.666289 6.646506 6.609227 6.51166 6.338824 6.134705
8.122618 8.112676 8.056691 7.983881 7.866634 7.7612 7.678852 7.640666 7.611621 7.58503 7.578088 7.566135 7.566882 7.648873 7.645917 7.589247 7.524621 7.470815 7.405518 7.298228 7.13843 6.910382 6.658473 6.440107 6.387964 6.546141 6.776326 7.00392 7.185626 7.34581 7.509079 7.666837 7.846708 8.019573 8.170053 8.264357 8.267702 8.202179 8.118005 8.081992 8.12752 8.193869 8.203979 8.106795 7.917195 7.649661 7.358775 7.073171 6.839872 6.674608 6.577323 6.529454 6.525039 6.546825 6.579464 6.601687 6.607659 6.604783 6.595942 6.571209 6.514827 6.391772 6.233838
7.621608 7.648221 7.656134 7.620741 7.609792 7.606815 7.589817 7.577077 7.561392 7.570169 7.586665 7.608725 7.766023 7.860783 7.872646 7.804898 7.714019 7.65598 7.608809 7.536196 7.424388 7.267412 7.019625 6.730633 6.504791 6.473085 6.643039 6.857388 7.041872 7.201784 7.339108 7.470704 7.643447 7.800998 7.928896 7.99886 7.985913 7.897168 7.814108 7.805139 7.875023 7.978228 8.052857 8.03309 7.931233 7.761648 7.529692 7.272198 7.035637 6.849082 6.721456 6.650756 6.60569 6.586258 6.576109 6.570992 6.569014 6.543984 6.515031 6.49252 6.462075 6.379208 6.245502
7.075195 7.15275 7.227341 7.288832 7.357045 7.397583 7.423551 7.42472 7.442293 7.448714 7.452302 7.488875 7.690277 7.805088 7.846882 7.794698 7.670171 7.552505 7.500161 7.449164 7.399814 7.319053 7.199156 6.991818 6.736867 6.562211 6.57611 6.726228 6.926737 7.079978 7.19664 7.294812 7.440137 7.55163 7.617417 7.620771 7.545336 7.413039 7.312828 7.309748 7.39323 7.531868 7.657001 7.697471 7.66434 7.585892 7.462706 7.285338 7.105817 6.932543 6.815192 6.732495 6.683472 6.652909 6.621445 6.600112 6.570436 6.535854 6.476384 6.407726 6.352981 6.287419 6.169456
6.7122 6.806512 6.905898 7.017769 7.098875 7.170344 7.220327 7.280388 7.327291 7.320323 7.284894 7.301839 7.359083 7.480921 7.546527 7.552016 7.457624 7.337167 7.23108 7.15681 7.124003 7.089296 7.080901 7.042621 6.901141 6.742817 6.643186 6.657544 6.793211 6.940955 7.040126 7.12407 7.209722 7.261571 7.272329 7.207299 7.171772 7.155496 7.005828 6.863705 6.919676 7.050056 7.204999 7.308999 7.320683 7.289115 7.237806 7.152949 7.035564 6.909093 6.808322 6.745356 6.713566 6.690779 6.668516 6.643973 6.602314 6.557428 6.490975 6.401356 6.291321 6.199448 6.100115
6.576944 6.637957 6.730562 6.811963 6.893224 6.967553 7.043802 7.133977 7.223433 7.25611 7.231569 7.152077 7.086636 7.068666 7.119261 7.189934 7.210825 7.140412 7.013871 6.938721 6.861044 6.819581 6.813962 6.865498 6.884305 6.81912 6.708163 6.626991 6.647853 6.750741 6.851497 6.932676 7.001833 7.001752 6.9613 6.900196 6.977619 7.013023 6.916138 6.754928 6.690879 6.727704 6.844823 6.985315 7.051524 7.049668 7.031743 6.980745 6.910285 6.831278 6.745611 6.689882 6.678507 6.671176 6.656947 6.630584 6.594832 6.537948 6.484263 6.405212 6.296469 6.191723 6.103749
6.650036 6.657348 6.669394 6.705952 6.75145 6.818918 6.892772 6.981359 7.08409 7.222893 7.262942 7.168573 7.025007 6.91156 6.889841 6.937487 7.001147 7.012436 6.972291 6.840725 6.738759 6.657101 6.595774 6.612479 6.671436 6.705975 6.662804 6.573568 6.516874 6.561524 6.655786 6.75726 6.813739 6.809529 6.736741 6.770762 6.857041 6.914931 6.889597 6.779288 6.688137 6.632523 6.644639 6.744985 6.839359 6.903436 6.91778 6.900204 6.850123 6.783739 6.705133 6.646475 6.60947 6.603796 6.590648 6.578342 6.537837 6.492738 6.443692 6.39151 6.331087 6.251719 6.20783
6.802925 6.75462 6.703749 6.678253 6.686417 6.710961 6.768665 6.83299 6.949356 7.120985 7.282492 7.288779 7.165483 7.011456 6.870418 6.807405 6.823343 6.86485 6.855672 6.797871 6.670323 6.575264 6.481048 6.428756 6.444576 6.493663 6.522119 6.501785 6.435273 6.422289 6.499904 6.613213 6.688266 6.709842 6.632973 6.720445 6.800259 6.825369 6.834288 6.781646 6.73589 6.661465 6.58438 6.575995 6.646292 6.748602 6.8105 6.84743 6.828338 6.775726 6.718607 6.639839 6.582655 6.536045 6.509043 6.47591 6.442874 6.423011 6.40583 6.398237 6.391037 6.371878 6.359454
6.974794 6.901143 6.805766 6.734587 6.684161 6.661606 6.654317 6.678095 6.755362 6.92699 7.169449 7.3153 7.332205 7.234739 7.086614 6.951914 6.898001 6.846257 6.805763 6.752801 6.670527 6.564081 6.487303 6.418778 6.386257 6.375916 6.357635 6.355381 6.344018 6.335355 6.393215 6.521278 6.619205 6.645882 6.612664 6.702635 6.752608 6.755784 6.743521 6.699686 6.690194 6.677043 6.588003 6.516385 6.517482 6.576277 6.662566 6.724746 6.772157 6.770833 6.741987 6.67903 6.613015 6.52973 6.450335 6.382575 6.330998 6.327219 6.348577 6.395267 6.447169 6.464631 6.452533
7.064245 7.019337 6.933886 6.839993 6.753124 6.674242 6.57007 6.527413 6.524274 6.644721 6.903604 7.144578 7.306477 7.350851 7.309279 7.245267 7.166269 7.091368 7.015293 6.934313 6.86934 6.819054 6.729905 6.625134 6.539523 6.443915 6.351831 6.279855 6.233933 6.237317 6.294811 6.435058 6.550104 6.563451 6.574214 6.668828 6.709924 6.705573 6.658692 6.589827 6.564629 6.609597 6.595825 6.53279 6.490423 6.495034 6.50402 6.553454 6.610631 6.69056 6.711966 6.680803 6.625892 6.538478 6.449646 6.351847 6.27052 6.249325 6.267138 6.334141 6.417788 6.466767 6.481891
7.016044 7.046058 7.01892 6.936042 6.838244 6.724409 6.599578 6.456582 6.347191 6.372848 6.572265 6.83012 7.073704 7.237229 7.323184 7.377648 7.423009 7.447687 7.434722 7.386958 7.335439 7.262562 7.137002 6.985094 6.819728 6.665978 6.548511 6.420545 6.314799 6.241467 6.235296 6.325218 6.408082 6.416556 6.488129 6.604647 6.659806 6.658346 6.603814 6.531644 6.470562 6.498977 6.508852 6.507668 6.491628 6.469431 6.449172 6.425488 6.427864 6.499156 6.565351 6.596096 6.568988 6.497105 6.41113 6.311693 6.236092 6.20421 6.194962 6.214658 6.305505 6.400979 6.448959
6.903646 6.981738 7.008559 6.982946 6.916846 6.842421 6.700814 6.511211 6.318045 6.203288 6.274323 6.479516 6.744694 6.976047 7.107304 7.165866 7.279707 7.444864 7.572403 7.630078 7.615406 7.553865 7.449121 7.293766 7.098645 6.922835 6.769467 6.629387 6.478288 6.330406 6.230602 6.219989 6.247895 6.217628 6.36848 6.513662 6.601514 6.614945 6.557488 6.479209 6.415092 6.40015 6.387441 6.388277 6.395207 6.404745 6.393905 6.364358 6.338591 6.316452 6.383812 6.441869 6.468491 6.440656 6.360749 6.293702 6.239376 6.19524 6.146195 6.120779 6.178539 6.276013 6.352451
6.735904 6.854087 6.94378 6.989955 6.981424 6.931633 6.829335 6.653436 6.424323 6.204623 6.106997 6.196826 6.43039 6.659358 6.830628 6.91823 6.952306 7.101136 7.300109 7.452702 7.521301 7.53428 7.500543 7.417481 7.245709 7.036959 6.840658 6.669185 6.523091 6.358484 6.207628 6.12361 6.108094 6.077189 6.245553 6.395959 6.503788 6.548087 6.509085 6.418866 6.34407 6.290781 6.275866 6.260899 6.272861 6.285729 6.313275 6.331878 6.331903 6.300783 6.323936 6.386656 6.453514 6.481726 6.445415 6.395229 6.335215 6.261905 6.166082 6.073435 6.060628 6.125108 6.196183
6.492382 6.662723 6.812374 6.931832 6.969413 6.96944 6.907099 6.758724 6.541584 6.298738 6.10096 6.053882 6.1691 6.38207 6.594369 6.713223 6.708962 6.739397 6.849846 7.033755 7.186639 7.296033 7.334385 7.317533 7.19337 6.971547 6.72639 6.50901 6.362277 6.233134 6.087553 5.978886 5.922029 5.934666 6.091362 6.239075 6.357935 6.426003 6.422978 6.353882 6.270381 6.205064 6.172517 6.150306 6.166999 6.187796 6.228272 6.282262 6.363184 6.396161 6.419228 6.463127 6.553523 6.627103 6.643015 6.615428 6.552263 6.440514 6.263269 6.080993 5.984606 5.98632 6.03679
6.247333 6.43136 6.64244 6.799139 6.912828 6.960872 6.93098 6.806664 6.608828 6.374817 6.16685 6.016726 6.001471 6.161074 6.398504 6.571638 6.582793 6.531238 6.553396 6.640983 6.784688 6.966684 7.067318 7.101158 7.061604 6.884866 6.635991 6.419086 6.189562 6.042248 5.909102 5.761548 5.64323 5.732647 5.884972 6.051292 6.180056 6.285681 6.331261 6.297237 6.238323 6.17113 6.121287 6.082609 6.066573 6.108809 6.166404 6.236784 6.335069 6.431103 6.493829 6.550427 6.641864 6.74222 6.811338 6.809749 6.760402 6.648518 6.449728 6.212471 6.009761 5.931495 5.96453
6.122417 6.268455 6.466204 6.636579 6.793626 6.926023 6.967733 6.875043 6.700927 6.496223 6.26618 6.067013 5.96277 6.022393 6.227897 6.444279 6.524512 6.470029 6.398618 6.41531 6.500556 6.648 6.801693 6.887242 6.902044 6.821445 6.723619 6.534276 6.307365 6.047588 5.86815 5.63925 5.521975 5.556065 5.690466 5.864927 6.020395 6.173291 6.282493 6.307673 6.271649 6.207069 6.147928 6.088417 6.03365 6.035887 6.109278 6.190901 6.282822 6.392229 6.481848 6.552884 6.654153 6.770776 6.861891 6.898898 6.88193 6.813065 6.662165 6.446821 6.205077 6.021526 5.941386
6.102433 6.208414 6.349031 6.515692 6.675892 6.847546 6.992795 6.992386 6.88734 6.704081 6.467997 6.233273 6.059093 5.984862 6.099107 6.322202 6.48425 6.484618 6.401861 6.333897 6.344218 6.423204 6.562601 6.657948 6.711657 6.772585 6.797657 6.707643 6.527496 6.312138 6.11491 5.838198 5.62831 5.539082 5.587093 5.734266 5.903008 6.090147 6.250916 6.33426 6.344743 6.305007 6.26227 6.207113 6.139421 6.095512 6.105579 6.155497 6.226938 6.317028 6.401468 6.490168 6.600093 6.731216 6.84219 6.91253 6.941061 6.938109 6.879161 6.709243 6.44228 6.184504 6.008188
6.121978 6.145179 6.26257 6.424614 6.568768 6.740929 6.925987 7.029648 7.011263 6.861862 6.661561 6.424617 6.2026 6.047468 6.035398 6.20117 6.400091 6.485949 6.443345 6.351672 6.292599 6.310834 6.392313 6.462769 6.541923 6.66786 6.764306 6.785872 6.658895 6.54256 6.422749 6.199827 5.945833 5.780217 5.680121 5.703848 5.836697 6.002751 6.162952 6.298326 6.363315 6.375871 6.353069 6.322645 6.27639 6.242856 6.197497 6.175239 6.191017 6.225791 6.284472 6.351233 6.476073 6.629644 6.763638 6.874305 6.945021 6.983465 6.989503 6.889036 6.675212 6.414425 6.186433
6.164356 6.116297 6.17812 6.321876 6.459069 6.629895 6.832566 6.973061 7.032559 6.94925 6.778103 6.552521 6.319108 6.125026 6.018429 6.083829 6.258074 6.377003 6.416377 6.369956 6.296314 6.263719 6.282146 6.314663 6.40922 6.518773 6.617654 6.656752 6.620595 6.539614 6.517612 6.423465 6.258869 6.069876 5.916186 5.824291 5.823782 5.904283 6.036043 6.18146 6.274423 6.310829 6.327239 6.334263 6.326239 6.297745 6.271461 6.232449 6.192855 6.157389 6.150544 6.174317 6.252348 6.416868 6.59764 6.745658 6.869483 6.969809 7.032386 7.017205 6.874132 6.655192 6.408529
6.275434 6.156734 6.143375 6.238019 6.370292 6.550532 6.740835 6.910214 7.031783 7.038762 6.927008 6.714979 6.464445 6.228261 6.050292 6.004317 6.10008 6.219345 6.30744 6.325082 6.285897 6.238555 6.213834 6.233054 6.295639 6.365903 6.444929 6.485243 6.480149 6.441098 6.381523 6.358719 6.300087 6.218645 6.093899 5.966494 5.878718 5.872948 5.939956 6.055948 6.162147 6.203377 6.224463 6.242103 6.23953 6.226597 6.248391 6.229825 6.188198 6.102957 6.03761 6.014928 6.033315 6.146853 6.349309 6.537327 6.704129 6.858681 6.982442 7.047957 7.011887 6.866136 6.65872
6.446642 6.286752 6.193485 6.222495 6.353 6.492245 6.628034 6.771061 6.914937 7.001366 6.998363 6.876144 6.664423 6.416841 6.184465 6.028411 6.020242 6.090104 6.176682 6.235568 6.243144 6.22006 6.193545 6.201417 6.244812 6.291358 6.331277 6.331758 6.338197 6.328319 6.28003 6.221882 6.190753 6.179318 6.130532 6.031114 5.944328 5.887863 5.895348 5.97435 6.065839 6.123621 6.132099 6.13481 6.137189 6.115404 6.133285 6.143857 6.127659 6.047484 5.958193 5.903847 5.876723 5.919466 6.071646 6.264932 6.461747 6.653229 6.827885 6.959654 7.023237 6.979404 6.83499
6.606058 6.451073 6.307318 6.268094 6.343998 6.443441 6.506087 6.58258 6.691494 6.795839 6.868255 6.876611 6.779563 6.612694 6.404304 6.203105 6.070688 6.036903 6.081964 6.127349 6.159777 6.183525 6.180957 6.207683 6.259355 6.303478 6.306209 6.240922 6.214269 6.206749 6.202489 6.165624 6.110489 6.08855 6.074866 6.026019 5.96534 5.917972 5.898015 5.940392 6.027427 6.088022 6.096648 6.083267 6.070681 6.05265 6.059865 6.103767 6.100885 6.050888 5.960274 5.862266 5.794056 5.767975 5.828171 5.968498 6.15519 6.358737 6.578895 6.775505 6.915763 6.957301 6.901713
6.666073 6.546169 6.403875 6.309346 6.332674 6.390276 6.418346 6.453798 6.503774 6.554464 6.620399 6.689602 6.714153 6.651925 6.541548 6.37942 6.217664 6.103447 6.05395 6.050884 6.071223 6.106854 6.128796 6.192144 6.268166 6.32848 6.319918 6.220977 6.137981 6.09116 6.09579 6.10181 6.074556 6.032319 6.008268 5.990603 5.961907 5.926017 5.89571 5.92444 6.011335 6.075566 6.10413 6.104005 6.086576 6.064003 6.103294 6.181746 6.19736 6.153934 6.036243 5.891734 5.760791 5.676758 5.656168 5.695091 5.819422 5.995465 6.223471 6.467388 6.686852 6.823679 6.863792
6.608891 6.545503 6.449467 6.340419 6.318667 6.351309 6.374039 6.403852 6.421685 6.416413 6.413672 6.460326 6.519804 6.532365 6.507021 6.461939 6.353366 6.235051 6.13497 6.052794 6.012532 6.031023 6.049891 6.124795 6.235086 6.317092 6.320045 6.228925 6.120814 6.031644 6.007673 6.028037 6.049881 6.036004 6.007612 5.973597 5.947239 5.911685 5.878532 5.88109 5.957069 6.031112 6.072106 6.094705 6.112807 6.105414 6.164868 6.21863 6.235747 6.206506 6.117885 5.987715 5.82488 5.681421 5.597291 5.554222 5.564845 5.655531 5.827565 6.070121 6.341244 6.565952 6.715111
6.508217 6.485861 6.433424 6.350254 6.324157 6.338571 6.369338 6.390361 6.416884 6.420539 6.37169 6.331425 6.349985 6.37682 6.387105 6.406756 6.386774 6.333162 6.276457 6.16532 6.052248 5.995151 5.996929 6.07042 6.171722 6.275078 6.309678 6.24721 6.138159 6.03864 5.981494 5.973068 6.007999 6.033092 6.017977 5.994903 5.958591 5.917396 5.875948 5.852246 5.890335 5.946894 6.004446 6.042581 6.071241 6.076796 6.10855 6.148428 6.186255 6.185841 6.161747 6.110504 6.0008 5.846755 5.699517 5.571584 5.489031 5.45975 5.52074 5.699361 5.955516 6.232863 6.448411
