py_wake/examples/data/AJ_ParqueFicticio/Rough survey   Sector 12   Height 30m   Power density.grd
DSAA
73  159
 258469   265669
 6501692   6517492
 .01056863   660.7155
[rows 112 to 139 of 159, columns 0 to 62 of 73]
262.1858 269.878 245.2814 215.8105 196.22 164.7128 141.8794 136.8008 138.4324 138.1711 131.5077 133.2443 130.9821 123.528 114.945 91.70592 69.30034 57.89894 37.71059 18.57794 25.21698 61.94134 93.65272 125.6947 194.0194 197.6865 203.3156 265.0264 337.745 389.639 479.7987 552.8887 515.4705 367.6413 254.8401 173.9972 117.7835 129.6922 160.0171 182.0936 196.4613 174.9025 126.5854 105.3179 75.84659 49.57312 34.85089 24.94584 21.01579 47.77994 98.78278 140.79 164.7331 154.1846 137.9744 133.2124 131.1991 126.1765 110.9064 77.34435 20.77625 15.75998 11.0754
331.3841 322.4465 301.8945 272.3713 259.0218 248.5641 214.4669 192.4143 183.147 174.9623 165.2256 162.6473 156.8418 140.091 133.1527 134.6253 101.1142 79.28869 60.29544 31.22862 23.17332 30.25872 47.23442 86.97289 159.4237 199.9465 201.565 211.7293 257.8411 322.3805 377.8096 509.4219 625.8698 626.4083 499.513 345.3622 204.5667 153.2015 167.8624 179.4262 211.9828 210.8086 168.9345 132.2093 93.22715 59.98987 41.52856 30.98887 23.47863 25.75953 43.15996 78.6452 114.3936 127.9302 126.1934 123.1592 124.6226 124.9823 126.4993 109.6095 56.38491 11.32183 9.923089
460.1519 421.6886 390.2327 354.7218 328.2394 317.6861 305.5828 266.1302 238.9201 215.1563 197.0398 203.0373 176.6345 156.3456 154.4745 149.4948 135.2186 116.2623 77.55738 51.62498 23.92988 19.98213 22.05691 42.76734 109.5708 164.4592 194.6382 218.8521 222.503 254.7696 287.8312 365.4882 509.8746 600.6823 660.7155 609.2702 434.4469 281.3412 250.0063 260.5612 292.5396 300.5578 270.196 195.4761 130.3239 88.88445 60.53112 42.53274 34.13499 30.17539 34.66623 50.47493 76.49476 106.4375 112.8369 113.3099 115.0102 117.3545 123.4136 125.5738 111.1987 53.38662 14.16629
543.6146 511.1808 479.4206 439.6136 400.1676 375.0853 350.6982 317.5073 285.2961 259.4621 243.1215 252.1899 223.0002 203.1245 203.2326 190.5389 175.4436 177.0298 143.1362 116.893 82.69387 44.07055 19.6272 18.97975 49.32161 101.0487 146.4409 176.8581 192.6116 191.3405 205.1116 255.6369 323.4831 415.2223 511.8036 622.5694 605.4107 472.2042 383.0324 387.3004 447.3729 494.9274 466.9814 370.1279 243.2291 166.6083 104.6266 66.95137 51.89962 48.53015 49.70142 56.07598 68.92599 85.79613 100.618 105.9502 106.022 109.7767 111.5895 117.1314 109.2181 82.56046 59.74677
480.4756 480.3691 468.863 450.6703 412.1076 378.19 336.9702 321.6758 307.4725 296.0206 288.6019 288.476 327.0427 340.6478 297.5254 276.0275 282.9129 300.8789 312.8511 280.3748 218.5334 148.4731 58.87823 19.64937 19.47629 52.79295 107.1612 143.4805 151.8174 160.2931 178.7007 187.0546 223.4299 277.8092 351.538 458.8236 532.3953 516.8234 439.8529 405.4501 451.2011 587.7392 631.3913 559.4636 438.1278 313.4807 205.2248 129.8527 87.33676 71.5144 71.69423 74.13293 75.4697 78.1925 88.90255 95.06049 97.02885 96.52987 98.89774 106.4867 106.943 91.48201 76.85011
330.8372 352.9503 355.1402 351.6129 326.6418 297.9115 288.7722 283.0779 276.013 277.6411 288.375 367.1974 424.7998 438.201 410.2838 343.7074 328.6992 345.5402 363.5504 350.2786 324.8595 285.7402 207.2874 76.94233 27.01348 30.87829 74.64407 129.2493 145.2863 140.4438 150.3712 169.09 218.7257 257.0017 300.449 398.1131 420.8328 357.2961 324.4333 318.1878 349.6075 429.0093 509.2724 486.0006 464.2584 409.3901 306.4316 215.6241 145.6572 103.808 92.4715 93.71289 89.02867 87.12613 84.8221 87.79955 87.90337 83.99603 77.86887 86.12893 95.87183 99.18931 81.12174
148.175 167.8072 183.9284 195.9431 210.0845 221.5029 230.8545 233.9139 221.9362 214.1639 232.504 307.608 378.4439 401.0764 417.0215 393.1245 326.1254 277.6551 280.4995 274.0113 270.1307 266.7664 295.9208 236.8628 89.70988 35.35286 42.80973 75.26884 137.6678 141.4431 145.0591 143.435 184.9353 218.3385 235.6575 285.348 270.4584 236.4877 152.5367 130.8569 165.8484 233.6632 308.0086 298.4287 272.1923 305.0707 290.9162 231.4583 179.9256 129.5487 112.591 112.2581 107.3314 106.5524 99.24956 97.19255 91.30765 89.29443 72.39755 56.88679 70.96897 83.75241 72.49255
70.72359 81.57144 100.9819 125.7064 147.2143 164.6125 180.3198 200.761 203.1833 182.865 159.7023 160.0195 216.8615 259.6411 313.6683 338.3265 268.7985 191.1779 144.7519 130.9561 133.0486 134.0478 185.0248 264.8979 216.2441 108.0694 52.72033 56.12252 88.10235 145.5777 136.411 136.1962 149.2247 160.7889 167.3183 161.4003 193.0109 205.4648 133.6138 63.75899 55.02544 97.28384 171.0169 190.8783 172.2261 158.0577 177.5504 174.7045 156.7083 127.1914 110.7002 112.1065 119.5038 117.447 116.5611 115.588 108.9374 108.1275 95.73746 72.15078 54.99897 54.90051 53.23213
55.95072 66.75182 80.82761 96.63223 113.2766 130.7481 143.1476 169.3855 202.5568 210.5183 172.2437 108.1399 95.43062 106.0864 155.6535 222.5502 251.6636 216.3573 153.249 110.0379 78.67056 72.95972 79.26899 158.3453 220.1596 195.4297 106.302 54.50675 62.7849 100.2213 116.8461 110.5791 134.7277 132.6647 131.0005 127.293 154.7162 188.3623 176.5836 100.4765 53.53286 48.45249 86.86677 148.6227 166.1715 140.8188 128.0529 124.7582 119.5664 108.4643 95.56984 92.41182 108.0327 115.1897 117.8305 115.8649 113.6181 104.3947 98.78154 84.20725 68.22411 58.04689 51.77699
90.1994 78.63728 82.38751 90.52191 97.74645 112.1171 118.4089 135.2254 165.2104 243.0337 250.1939 161.0894 91.21282 67.01648 62.62069 105.4619 174.0084 211.6236 210.1565 168.7174 117.0333 78.61263 58.20883 67.75873 121.7278 159.5122 145.3506 80.61912 46.34485 58.3551 82.36386 100.7901 113.5706 110.2271 104.9948 114.6981 127.0168 166.9905 209.1678 170.8191 106.8231 61.7304 59.98635 95.77153 146.0559 162.5371 151.1682 137.5003 122.0615 107.9859 90.20391 81.42724 83.44534 99.44797 105.2315 114.1286 110.8216 96.3997 82.19282 80.39392 70.07572 59.21699 65.21552
136.7509 105.1846 86.22175 87.80444 90.13538 91.99883 109.3612 116.9692 137.735 217.7471 315.813 291.5742 194.6807 106.2785 62.26877 51.47619 72.36565 104.6051 131.8465 151.8453 128.8196 86.5994 55.61227 41.08828 47.43542 72.57996 100.7646 111.4306 63.96402 47.23898 54.50343 87.43208 105.6539 127.5181 111.7292 119.0665 136.8337 146.9389 180.3362 195.926 176.6699 100.7054 63.93594 62.14883 91.31951 134.196 157.8461 164.9357 152.7141 129.3294 110.2525 86.87478 77.86683 75.33787 83.92812 89.30059 91.94846 85.81832 79.04462 92.38042 98.28996 95.86669 94.79016
185.3808 149.6121 118.7158 100.6949 91.58195 89.4033 86.30076 91.77859 115.7917 172.4947 294.5963 366.1796 354.9459 278.4679 163.1096 101.2501 76.06032 68.06673 69.86334 80.97754 87.88712 73.33524 50.46104 39.8071 45.2631 46.13263 52.03098 66.48931 67.48607 50.53215 48.57023 76.17948 108.1274 131.9183 131.7275 137.0841 140.4801 143.4809 131.6042 136.3874 175.4204 152.8607 99.9159 70.94373 67.4029 81.768 113.1679 139.3481 161.036 159.3257 139.6501 115.4076 97.21148 83.3218 74.99572 65.76218 60.9274 72.6402 76.83569 94.25216 118.8365 120.1962 106.2724
241.0747 221.2069 174.0449 140.0983 114.5906 97.52841 75.37331 67.17648 68.26653 91.80899 177.6201 295.599 360.6166 388.9858 361.1556 311.9858 241.621 167.6122 129.6078 104.8506 106.7945 103.7491 83.58353 61.73156 60.41521 59.73845 48.67865 41.92511 32.25272 31.71324 32.82943 71.57633 112.5725 137.4692 131.0858 143.3589 147.1446 144.1299 123.2244 95.03674 102.2422 139.6969 141.6546 109.981 87.86646 81.49127 76.27554 87.63 112.1515 153.6942 162.6517 143.5111 124.3339 107.554 95.59399 80.79733 67.98244 63.47902 60.02806 71.84431 112.7424 122.9394 112.6221
213.8452 229.161 219.0948 173.5397 136.2551 111.8661 85.12494 54.73249 36.96918 39.69162 81.86813 151.4213 245.384 331.6082 384.0371 409.7035 428.2172 454.1087 429.4594 342.5317 288.9743 266.5411 214.0025 152.257 102.7722 90.64768 92.35034 65.9716 47.52369 32.98365 19.50566 42.66316 88.71477 114.022 122.2797 136.9639 143.7558 139.302 123.0268 106.8226 102.9899 100.4524 121.6637 132.3864 123.0394 106.5172 94.30241 73.87441 62.70411 91.18511 130.813 139.2995 126.6989 105.4863 90.30843 78.45286 71.82604 64.04929 47.64238 43.81601 77.74376 114.7825 107.2416
184.1698 192.7499 205.6803 183.9523 156.4202 151.8486 129.8108 83.64753 43.55043 25.28396 33.73597 72.75886 136.643 193.0667 220.9495 223.3799 277.2012 418.3111 457.6497 472.5715 437.0214 383.4981 342.8459 274.8693 202.2688 168.6079 170.8044 169.2037 130.5519 59.70095 16.22803 24.847 57.95117 70.11397 98.40076 128.3997 148.8101 151.4501 128.4445 107.5247 116.6354 103.8543 89.00138 87.7584 99.07468 105.4484 99.25868 81.77555 60.90633 40.11092 59.74424 79.94471 87.30125 89.55847 73.41093 63.45052 57.73163 52.00825 45.0127 33.87279 46.72673 87.35306 100.2528
175.3265 184.8962 185.748 200.1687 187.4778 183.0879 185.7342 153.4933 87.13995 36.96817 22.75566 33.06961 74.19777 120.1576 149.0036 140.3576 120.0149 184.081 306.3301 369.0696 385.0395 367.8959 341.8375 318.9691 258.3084 202.0471 166.1856 153.638 160.2247 100.2891 25.85341 27.40051 58.01106 68.25729 85.55376 113.2901 143.499 161.0607 140.7023 103.1078 89.25891 90.83353 91.04237 79.08824 74.68456 75.1236 85.45576 87.80202 80.77654 50.27304 37.72052 56.74594 86.14777 95.23383 51.85655 49.85011 63.87968 57.28233 53.78659 30.10732 30.63983 59.32198 77.57851
106.3084 137.3582 176.4586 191.9139 189.729 196.0871 199.7632 180.7699 129.7213 78.34559 35.31439 23.32958 39.47003 80.43247 125.6813 135.8757 93.6668 76.02682 125.9236 178.7004 232.3224 264.4704 268.412 275.0205 254.8995 179.5654 106.2356 83.43011 88.28709 84.10359 36.16079 23.91304 54.46208 62.13921 80.02664 95.11909 112.7185 129.1971 122.4428 94.54705 71.20238 64.29832 67.05754 72.97363 76.34259 70.18481 69.72629 84.65341 111.0195 112.4198 73.88747 67.2039 94.00732 158.3094 160.9852 146.2659 124.5103 98.25519 64.72873 30.61989 23.61009 38.03888 44.26294
48.75851 72.87749 116.5336 162.415 202.8836 195.5067 173.3523 148.4067 112.5361 82.31865 51.19772 28.80005 23.85595 47.4306 100.6909 141.0854 107.9388 58.97406 55.78804 89.20072 124.9497 165.9599 202.0104 224.3671 235.5336 172.8505 109.8701 63.20831 45.37043 37.09466 25.41646 20.14252 25.0678 35.23426 54.51292 70.8772 80.01446 94.10298 97.69038 86.81097 68.29703 58.02625 55.63521 55.86082 58.40458 68.82748 66.65133 70.72416 90.21445 118.5054 105.7824 77.62347 90.54958 172.0574 206.4354 192.2552 176.2938 157.9338 94.58174 46.78021 20.51129 20.84159 33.28031
40.05167 54.83065 81.56133 106.2361 149.3997 195.1555 196.3943 157.1456 106.8802 75.14055 50.57837 28.53447 22.13791 26.31874 65.96652 127.2339 136.2698 84.25255 46.59951 51.46497 77.17175 111.9536 147.8921 166.66 218.1238 194.9433 172.2254 103.8949 61.98822 36.777 20.26458 10.5546 6.710474 8.683183 27.20769 47.76532 62.6998 81.73046 104.1961 106.2687 87.533 68.34351 59.42659 50.47941 43.99695 48.16964 56.50028 67.06486 72.73264 91.2203 95.09548 80.92621 88.35883 149.0575 185.9221 189.6533 193.0193 186.3225 149.6447 100.2418 41.83819 25.25431 26.74488
49.13605 57.66959 77.96785 94.37553 115.0947 155.3715 234.1484 245.5471 200.5572 153.8039 98.90253 63.6935 39.03079 26.4651 38.99694 94.808 154.8821 136.1653 78.91539 52.69367 54.79321 80.19975 108.0961 117.031 154.397 187.6738 213.0531 204.6402 157.3516 117.0906 76.68466 26.02928 10.76599 5.368428 10.61105 27.90017 50.98047 82.88615 112.9016 126.3079 126.9352 106.0977 101.6323 88.1643 70.7168 51.20156 46.7317 53.1898 64.20538 70.8865 74.29465 76.00312 93.45581 132.0164 171.085 189.1554 204.9641 204.4387 222.5944 192.3365 97.50365 43.31799 28.71194
48.81803 48.77505 74.14471 101.7848 115.4231 131.6573 208.9597 242.3854 247.2396 208.0048 154.1583 111.8233 75.5417 43.73326 38.05997 67.9897 137.0508 163.5331 135.1364 83.91371 66.37363 65.43282 83.87206 92.99942 116.1327 154.7381 205.1752 251.3654 213.2823 209.4866 168.1601 130.4895 66.0181 30.73068 13.90705 18.80451 35.55146 62.58174 98.09182 134.9413 145.5518 150.8272 153.9863 143.5687 127.3215 110.9821 80.75282 56.99337 47.86911 54.37659 60.70992 52.38541 88.16531 136.3818 159.142 186.5371 198.529 208.2099 226.3099 201.625 153.6802 85.25739 57.44545
46.64474 37.63024 49.00201 79.16864 91.46916 111.0842 149.4097 194.623 224.3081 199.2313 140.5868 99.28067 76.2586 53.49517 38.45075 43.73005 90.92101 134.4342 148.1219 115.7422 86.9043 78.8459 83.77679 87.13109 89.46219 113.7398 156.2711 169.9892 175.6664 189.0209 178.0408 181.1153 178.9476 124.2033 61.09716 36.27419 30.13178 40.99782 60.29456 98.02888 119.0072 122.7574 131.2547 135.6615 152.2335 143.3565 125.3278 96.22861 57.65511 45.61005 49.48007 37.32545 38.1116 95.46027 140.9527 158.9854 183.1256 221.085 248.8981 244.0724 190.0626 138.5726 92.81189
65.06693 38.01077 37.21445 61.25137 78.27241 98.61205 135.1016 200.6488 248.4342 257.2761 221.8042 137.1929 76.2197 47.41785 34.085 27.57288 49.25488 81.95422 112.8862 120.1535 97.20563 83.7818 76.34093 72.26275 74.29491 77.64661 92.88173 112.293 124.0032 119.4158 113.7232 117.5729 158.5115 159.2127 130.1758 75.35729 51.23689 39.12937 47.12536 66.10519 86.01659 90.17786 89.12492 96.16745 109.1508 116.0804 117.6094 109.9101 85.74183 43.98813 44.10578 38.34872 25.26225 37.38171 90.98856 123.4201 147.3943 186.5375 222.0094 256.6334 255.2133 194.1555 152.9817
110.6587 63.33709 49.98671 63.46583 92.38982 97.84369 113.3209 148.987 215.6615 282.3878 303.479 255.1549 159.9129 83.8875 40.38471 23.85083 29.03981 49.21332 75.82565 97.46255 98.66941 89.19217 88.06501 81.45855 75.52562 75.37148 79.063 81.4379 98.53337 102.8675 89.26013 70.12888 73.87134 103.5625 114.9947 93.37733 67.59919 47.93409 44.04073 53.97413 70.52477 76.59556 71.86771 68.81231 76.27724 77.81419 72.55602 67.81972 75.7153 46.19999 36.44804 34.78768 29.22424 17.90301 48.57565 79.51205 107.5416 138.341 187.2052 221.5094 248.3957 233.7073 195.77
174.5264 119.0133 79.39647 68.65406 90.74417 103.2731 91.66109 91.63004 118.9026 167.3746 224.9857 274.5919 249.4827 203.0046 133.8069 62.65052 33.36504 37.4629 53.15855 69.88833 81.66096 91.48419 97.00716 97.92646 92.3628 95.28466 87.77916 68.83648 67.81808 84.64598 94.42814 81.97771 62.29897 63.40742 78.72971 77.7924 64.22999 62.6074 50.93621 54.7207 67.24514 75.86786 72.41947 63.84074 59.32775 56.14424 60.68658 58.81903 56.17225 51.60049 40.35219 30.34247 29.25686 22.16492 24.81414 46.03609 69.88902 96.8018 137.8133 192.7146 233.65 229.1305 207.7469
193.6209 160.7449 106.9033 74.46172 84.08266 96.74437 88.52443 80.89503 79.85531 81.15684 106.5958 161.184 210.3396 210.9568 207.0593 131.8164 73.06358 46.52486 42.22912 49.41916 56.3022 71.52316 88.78311 101.7477 99.5742 112.7137 111.7244 81.31357 54.41831 52.31991 68.26139 81.7944 74.38537 61.89337 59.59853 63.77872 62.99335 60.55473 52.57227 55.45004 73.35847 81.56335 85.27225 87.0677 79.60168 70.91121 77.25698 106.8689 107.853 95.10052 62.00645 38.68947 27.31782 24.68423 17.84315 18.01337 31.43634 51.45097 81.23298 130.0232 190.2854 221.6526 215.1573
150.0252 150.2435 126.7653 82.55167 74.29218 89.64043 88.38715 88.23528 84.88277 71.03712 56.43181 73.24796 121.365 138.559 159.7513 165.2823 127.8997 82.62473 53.47117 41.66282 41.3499 57.16895 65.52679 75.40385 93.04032 122.7441 115.3829 92.72893 60.00833 45.14191 48.45235 62.95854 78.51292 73.81599 67.46338 61.0862 59.69799 53.30628 45.82193 47.16101 66.3249 82.59764 89.96684 92.29953 96.03286 96.18078 100.5855 107.5448 105.3033 101.0026 85.61359 61.94335 28.12824 20.0347 20.69862 18.17414 12.1735 15.52156 29.82231 62.69838 114.8616 165.7581 193.9648
116.4646 117.555 115.4545 92.63478 77.92439 82.64063 91.3378 90.33238 106.1702 108.7056 72.78564 48.12953 62.61464 82.60619 91.40704 133.3474 143.0577 134.8717 110.0559 59.29698 37.37634 41.53431 53.38003 66.82533 84.2401 106.9336 118.0859 96.36575 65.54012 50.58513 44.60861 50.73973 64.57012 79.23384 75.88758 71.34963 65.02827 53.20361 46.06601 42.09518 46.24898 58.8265 66.96861 73.82419 75.71677 77.10809 67.02485 68.92012 71.82865 85.7081 90.02099 100.0901 87.03008 49.36769 25.22356 22.60901 17.77316 11.85571 9.142228 19.47746 53.84656 102.0436 144.7238
