py_wake/examples/data/AJ_ParqueFicticio/Rough survey   Sector 2   Height 30m   Orographic speed.grd
DSAA
73  159
 258469   265669
 6501692   6517492
 .2405694   2.345622
[rows 112 to 139 of 159, columns 0 to 62 of 73]
1.368105 1.340237 1.327679 1.355939 1.3946 1.429869 1.465864 1.538927 1.660386 1.747228 1.816708 1.895813 1.852584 1.7975 1.693827 1.470157 1.348081 1.458045 1.558281 1.551853 1.430662 1.409464 1.358532 1.414968 1.573785 1.674341 1.715218 1.562354 1.339418 1.176557 1.10819 1.101575 1.074128 1.078311 1.067412 1.069235 1.134476 1.266531 1.431415 1.571457 1.733258 1.844809 1.862983 1.736136 1.614566 1.519535 1.463771 1.463125 1.476903 1.528687 1.481468 1.314729 1.127702 .9971145 .9527974 .94932 .9593737 .9691137 .9652048 .9205209 .8965375 .9562944 1.024136
1.393203 1.382662 1.40345 1.443537 1.484896 1.532468 1.603899 1.710415 1.800222 1.830269 1.881729 1.965533 1.921593 1.816442 1.606235 1.387937 1.388906 1.551282 1.59338 1.516868 1.454269 1.404874 1.393306 1.510877 1.639421 1.686228 1.588361 1.363142 1.1978 1.125456 1.083343 1.152478 1.259379 1.319253 1.269198 1.257448 1.296581 1.404168 1.571169 1.708673 1.856011 1.927335 1.865999 1.682785 1.538266 1.456903 1.429005 1.417167 1.409899 1.360367 1.262889 1.113077 .9764159 .9142738 .900854 .9479164 .9628059 .9815088 .9644191 .9323481 .9303734 .9537013 .9861847
1.473248 1.503619 1.527871 1.546969 1.576559 1.64325 1.754791 1.845734 1.870213 1.870886 1.970379 2.010045 1.906893 1.699873 1.458269 1.348786 1.4885 1.622039 1.574169 1.456193 1.427085 1.463849 1.47737 1.554207 1.610842 1.598668 1.475437 1.292617 1.136556 1.070828 1.100798 1.213544 1.265516 1.346936 1.404012 1.434171 1.512067 1.664747 1.837008 1.955622 2.040936 2.018483 1.857159 1.648604 1.537793 1.484684 1.439124 1.395601 1.343928 1.254343 1.112777 1.007517 .9054782 .8962061 .9204296 .9445665 .968048 .9733579 .9732449 .9773226 .9934962 1.037419 .9991463
1.552489 1.597803 1.61904 1.632655 1.664108 1.751333 1.844462 1.879009 1.895998 1.950841 2.055509 1.994516 1.847895 1.595023 1.445622 1.482853 1.664973 1.707715 1.647985 1.577973 1.568178 1.558495 1.501905 1.511968 1.495812 1.432331 1.31398 1.144788 1.007943 1.00069 1.095222 1.189969 1.219807 1.259646 1.320156 1.474939 1.697085 1.937659 2.149768 2.239498 2.196742 2.116012 1.928844 1.76282 1.653447 1.56931 1.469128 1.389279 1.312207 1.211338 1.103897 .9868811 .9068938 .915686 .9468588 .959063 .9692389 .9785812 .9806054 .9907354 1.001814 1.034432 1.035578
1.498103 1.560194 1.577596 1.611483 1.682169 1.775012 1.834699 1.873642 1.964346 2.014662 2.086591 2.017148 1.851214 1.680773 1.641448 1.764074 1.879238 1.886344 1.866736 1.850964 1.80611 1.69522 1.546148 1.461683 1.373199 1.307918 1.21454 1.037196 .9637328 1.023034 1.123461 1.148624 1.121846 1.159677 1.323711 1.562224 1.839093 2.061366 2.296425 2.307923 2.281009 2.156347 1.981228 1.851926 1.731605 1.625536 1.519422 1.413917 1.306301 1.196038 1.09348 1.015411 .9721646 .9485244 .9302616 .9485842 .9499328 .9695634 .990648 .9978679 .992782 1.026932 1.015087
1.389553 1.430821 1.450535 1.494769 1.601594 1.698839 1.776946 1.890523 2.019748 2.113487 2.121151 2.022954 1.912941 1.825618 1.821565 1.896718 1.979844 1.997016 1.999875 1.960322 1.881611 1.737587 1.57362 1.425564 1.346017 1.250338 1.119324 .984753 1.019891 1.130794 1.181816 1.165702 1.197304 1.349692 1.539578 1.711473 1.874184 2.078456 2.161252 2.219635 2.066404 1.892258 1.742018 1.669389 1.630653 1.555108 1.477598 1.372512 1.253173 1.148255 1.064375 1.012511 .9875689 .9490198 .9398669 .9271558 .9210692 .9376646 .9407848 .9786789 1.014486 .9941141 .9831994
1.181958 1.203552 1.253818 1.359574 1.505502 1.644733 1.770656 1.910972 2.028906 2.096333 2.025017 2.000804 1.905688 1.840689 1.842882 1.880438 1.920507 1.918381 1.847021 1.776676 1.693443 1.60827 1.487842 1.353238 1.289053 1.223703 1.060562 1.038035 1.132137 1.222178 1.228192 1.222504 1.295356 1.47229 1.518176 1.583998 1.749781 1.915899 1.958487 1.836979 1.681649 1.530483 1.390002 1.324786 1.292749 1.295497 1.261451 1.189794 1.131957 1.077209 1.041051 1.019246 1.009809 .9761428 .9705262 .9427458 .9470386 .9371437 .9301202 .9118942 .8599859 .8772231 .8320352
.9827958 1.047143 1.16596 1.344969 1.529615 1.687577 1.834094 1.958329 2.01832 2.031535 1.926969 1.790163 1.705717 1.660813 1.669255 1.706122 1.732071 1.641922 1.522718 1.426165 1.343683 1.267816 1.22904 1.271949 1.267575 1.232382 1.198308 1.184495 1.248814 1.298247 1.214407 1.191467 1.306053 1.359203 1.310652 1.432641 1.654992 1.793352 1.725142 1.557567 1.376247 1.234994 1.144179 1.122175 1.061543 1.018688 .9841481 .9641183 .9630309 .9660818 .9942241 1.019735 1.013441 1.004405 .9995618 .9888288 1.001521 .9931638 .9672111 .8669752 .7089408 .6137682 .5961434
1.032436 1.150912 1.305977 1.480102 1.639219 1.788524 1.940327 2.060324 2.057281 1.958378 1.742451 1.604895 1.503024 1.470213 1.526163 1.570762 1.56394 1.452669 1.340217 1.240856 1.16594 1.126116 1.122392 1.185871 1.285741 1.23757 1.215502 1.223544 1.232377 1.202046 1.100053 1.183735 1.267587 1.180286 1.189575 1.407966 1.645124 1.748105 1.668634 1.437204 1.264029 1.116185 1.061627 1.053424 .9728813 .8923132 .8344122 .8229924 .8393074 .8779042 .9199588 .9506023 .9853548 .9975652 1.003348 1.016385 1.001934 .9977553 .8685663 .6982821 .6001602 .5880802 .5436066
1.269225 1.340771 1.468666 1.62569 1.773443 1.926285 2.074711 2.135404 2.036456 1.795474 1.61343 1.500282 1.393539 1.353801 1.434132 1.463184 1.415835 1.356077 1.285531 1.223124 1.168297 1.116274 1.088319 1.156456 1.167736 1.141177 1.130387 1.143466 1.15282 1.09925 1.069383 1.137522 1.123294 1.04613 1.195323 1.487454 1.739146 1.789534 1.619833 1.374047 1.219074 1.094848 1.024107 .9797305 .915255 .8803632 .8530645 .851375 .8658389 .8923382 .9279966 .928123 .937278 .9640659 .9859528 .95854 .951586 .8038412 .6073113 .5291747 .5106551 .508109 .6165192
1.36179 1.42834 1.57313 1.739059 1.897959 2.085296 2.169634 2.195485 1.92138 1.686149 1.600655 1.458116 1.405253 1.411034 1.358974 1.310306 1.22185 1.179035 1.134971 1.113201 1.075666 1.015641 1.040005 1.028022 1.032133 .9779398 1.086754 1.101884 1.121755 1.068492 1.089975 1.080095 1.015269 1.10455 1.394032 1.701759 1.830585 1.779424 1.53574 1.309166 1.157609 1.038152 .9525836 .8925548 .851029 .8697313 .9077995 .9196959 .9265551 .9394688 .9367667 .9409168 .9120095 .8968412 .8726813 .8417065 .7583818 .6002036 .5489762 .557767 .6739745 .7865988 .8938566
1.422281 1.534716 1.721244 1.883897 2.060494 2.180005 2.239663 2.092792 1.78589 1.635427 1.583981 1.535497 1.471395 1.460268 1.377661 1.277839 1.185375 1.052372 .9465883 .8934208 .8824969 .9046631 .9831319 1.03718 .9973092 .9810306 .9511375 1.023888 1.08272 1.105762 1.114668 1.071684 1.121444 1.356511 1.623277 1.780516 1.789896 1.61961 1.358695 1.153363 1.044143 .9474163 .89871 .8485973 .8195168 .8394852 .8656138 .9288232 .9695313 .9688013 .9572697 .9505355 .9326505 .8721117 .7687064 .6306086 .535204 .4918312 .5895746 .7586611 .8924212 .9468638 1.024904
1.558335 1.732875 1.885817 2.022007 2.163868 2.244908 2.163747 1.894279 1.619079 1.54565 1.54019 1.514134 1.49038 1.498914 1.484875 1.418068 1.305295 1.189435 1.082743 1.0428 1.021173 1.073936 1.132935 1.136721 1.053578 .9582121 .9413127 .9827846 1.056457 1.099309 1.113636 1.164123 1.329603 1.538534 1.670883 1.730816 1.649446 1.41772 1.190842 1.009163 .8918719 .8863501 .9012063 .9035326 .8837626 .8476243 .8434076 .880573 .9306638 .979876 .9856159 .9758722 .9437147 .8457293 .6952538 .5357051 .4750974 .5800554 .7138625 .8602164 .9499944 1.021443 1.072423
1.639986 1.812083 1.973723 2.086526 2.183045 2.076609 1.886125 1.630321 1.46122 1.452243 1.481616 1.42108 1.432834 1.510336 1.498048 1.52302 1.477839 1.436557 1.381657 1.408903 1.415995 1.425727 1.365942 1.225094 1.06527 .9769466 .9950936 1.118408 1.186846 1.217932 1.224698 1.260234 1.38196 1.501616 1.59838 1.618899 1.470628 1.251448 1.089608 .9602972 .8826163 .8477191 .8812642 .9097204 .9229446 .9107708 .8809822 .8803864 .8800616 .9081848 .9495557 .9164494 .8110959 .6274847 .5001076 .5000942 .5207193 .6248581 .7800055 .9295433 .9817679 1.041598 1.135248
1.749361 1.888695 2.029621 2.119815 2.106369 1.917545 1.70242 1.560553 1.475269 1.432705 1.417155 1.350054 1.381309 1.374082 1.328577 1.339182 1.365521 1.39989 1.493575 1.570593 1.57363 1.523574 1.41512 1.251389 1.170363 1.171943 1.295458 1.377902 1.420169 1.362087 1.288652 1.278854 1.312995 1.443995 1.536988 1.514312 1.333058 1.169781 1.043637 .9314169 .8811622 .8444574 .8197415 .8350992 .8469491 .8697051 .8683493 .8418239 .8313023 .7817535 .7557397 .6505557 .4621954 .428851 .4365214 .4479399 .4829663 .6592574 .9536109 .9955792 1.019837 1.092392 1.119143
1.847409 1.982759 2.093251 2.106551 1.989395 1.807268 1.657746 1.570165 1.464735 1.399654 1.337768 1.347059 1.318973 1.219757 1.171278 1.234887 1.2421 1.333185 1.431712 1.478876 1.434956 1.365874 1.256047 1.185807 1.17595 1.226617 1.322039 1.411227 1.408483 1.33558 1.281099 1.19983 1.333726 1.483217 1.516837 1.413435 1.243275 1.113441 .9669263 .8397539 .7788011 .7990757 .8224728 .8038597 .7974961 .804897 .820287 .8170509 .7800313 .7567598 .6409724 .4652493 .4647861 .4220864 .3625383 .4323769 .6868207 .9665302 1.024649 1.010065 1.037187 1.062954 1.03866
1.85095 2.020776 2.092628 2.084684 1.948074 1.696876 1.603923 1.51492 1.407634 1.348902 1.362025 1.288675 1.246951 1.154738 1.145158 1.222254 1.221845 1.266154 1.303315 1.261112 1.176827 1.143083 1.080585 1.031333 1.071389 1.123621 1.189226 1.196 1.184147 1.155644 1.097795 1.247053 1.396709 1.466754 1.420901 1.275358 1.097284 .9349101 .7931139 .7037641 .7032095 .7227899 .7338824 .7773985 .8028727 .8053765 .8051865 .8352171 .8566868 .8113306 .7441812 .6340249 .5813943 .5852619 .7378561 .8921962 1.027557 1.066804 1.00925 .9411993 .9780497 .9645483 .9187117
1.931534 2.0943 2.125255 2.032429 1.79808 1.495139 1.402841 1.340363 1.246878 1.238024 1.246167 1.214647 1.20763 1.182258 1.194765 1.202278 1.17808 1.182662 1.174989 1.104457 1.021793 1.022761 .9539962 .931707 .9833731 1.031749 1.046602 1.005454 .9816303 .957354 1.018767 1.14802 1.287556 1.291127 1.218978 1.081457 .8945506 .7329552 .6518143 .6161553 .6748376 .6909332 .7014439 .7125299 .7708149 .8094321 .8345457 .8532075 .8633431 .8598058 .7679009 .7054243 .6987087 .8120863 .9835696 1.108556 1.09247 1.014946 .9210164 .8693697 .9047022 .9139963 .9396161
2.133339 2.203378 2.099784 1.857507 1.553009 1.324696 1.310452 1.22134 1.161924 1.16898 1.176616 1.194022 1.208752 1.243883 1.21917 1.168931 1.126925 1.151435 1.092862 1.00403 .9598256 .9627761 .8795994 .9187421 .9707908 1.001496 .9917969 .9852665 1.00643 .9961755 .9639028 1.049327 1.105269 1.127183 1.043622 .9142078 .7532155 .7064649 .7086529 .705744 .7332704 .725857 .711625 .7342277 .7540488 .792457 .857418 .8852036 .8616065 .8028516 .7058225 .7270494 .7709534 .9588237 1.055327 1.058094 1.040593 .9899209 .9442424 .9476801 .9926036 .987385 .9786754
2.345622 2.226709 1.969013 1.704579 1.398622 1.338023 1.335593 1.260027 1.277161 1.305825 1.300218 1.31399 1.330022 1.253301 1.200431 1.149746 1.165026 1.126981 1.090364 1.00282 .9568368 .9366641 .8526589 .898618 .93938 .9814591 1.046371 1.120345 1.203114 1.165147 1.079055 1.03462 1.066141 1.026758 .961919 .8751929 .7987373 .7912507 .8068666 .8106877 .7992258 .805436 .8208756 .8290004 .8534833 .899402 .8835506 .8844053 .8574113 .7317473 .6715146 .771197 .9264615 1.060759 1.068815 1.044029 1.053096 1.055491 1.035666 1.031778 1.034176 .9919552 .9906706
2.324975 2.07352 1.815617 1.614344 1.356196 1.325804 1.287483 1.291591 1.342026 1.362748 1.402941 1.381546 1.319971 1.277736 1.2073 1.189397 1.171912 1.17661 1.063749 1.01808 .9491702 .9174163 .8594222 .862855 .9363854 1.02654 1.15647 1.286148 1.320321 1.262749 1.191608 1.142384 1.152403 1.081526 1.032933 .9036869 .8960583 .8994879 .8871691 .8675027 .8707579 .8998977 .9175473 .9383669 .9902877 .9770133 .9371014 .8882433 .7718979 .6407172 .7263841 .8673836 1.046585 1.095131 1.074104 1.053801 1.068493 1.046655 1.047495 1.012597 1.011003 1.004759 1.002717
2.224297 1.896147 1.652492 1.452852 1.228898 1.248357 1.262279 1.274895 1.309474 1.323299 1.311375 1.274493 1.233233 1.192562 1.166075 1.198277 1.161781 1.09524 1.018332 .9618118 .9591432 .9076976 .87424 .8924161 .9444332 1.067537 1.192022 1.286097 1.253798 1.21195 1.201432 1.224688 1.228518 1.145087 1.068204 1.013682 .9381474 .8691015 .8380834 .8275283 .8598544 .8636512 .9269725 .9926062 1.021747 .9966841 .9477086 .8671821 .7229841 .6951345 .7637258 .8593696 .9698348 1.020016 1.038142 1.061627 1.073595 1.048457 1.069831 1.068264 1.037107 1.031861 1.030194
2.040776 1.742839 1.51661 1.30646 1.192745 1.285914 1.366279 1.384282 1.379165 1.379052 1.301614 1.227293 1.153706 1.096101 1.056214 1.108188 1.059251 .981364 .9373416 .9348955 .9120356 .8967269 .8440973 .8576693 .9075398 1.058415 1.171333 1.235341 1.132885 1.081541 1.07574 1.116092 1.122349 1.126916 1.057265 .9911947 .9108038 .8585231 .8272354 .7875425 .7810119 .8146627 .8827829 .9293879 .9473079 .9240972 .8711957 .7901086 .6711484 .7050155 .7668142 .8298421 .8859826 .9375426 1.000735 1.040231 1.069498 1.079511 1.10205 1.073216 1.072329 1.079449 1.092177
1.914141 1.664944 1.47252 1.280076 1.285084 1.401166 1.454502 1.430092 1.425632 1.395871 1.331427 1.235281 1.148214 1.075516 1.061657 1.015968 .9985778 .9534341 .9222706 .914053 .8771777 .8612099 .859339 .8736107 .9046653 1.088954 1.196543 1.226213 1.124831 1.036781 .9957851 .9933923 .9769 .9981827 .9549332 .8979615 .8789253 .8207198 .7805342 .7776496 .7918597 .8283076 .8584585 .8713796 .8341002 .7714067 .6554282 .5867608 .5888252 .6432218 .7532936 .8228327 .8736036 .9303855 .9794969 1.008929 1.047474 1.08427 1.096752 1.085153 1.068056 1.087412 1.098781
1.837087 1.618698 1.438437 1.331716 1.348452 1.403851 1.355134 1.293255 1.319102 1.305819 1.256113 1.202622 1.164436 1.131227 1.073768 1.051285 1.000885 .9033217 .9217749 .8839973 .851009 .8784619 .8960477 .9154824 1.004894 1.163728 1.242063 1.2205 1.069794 .9964822 .9760201 .9515302 .8979262 .8664368 .8218702 .8171122 .8116206 .7861223 .8102674 .8291444 .824227 .8505116 .8579076 .7913695 .7116776 .6194294 .5419275 .5382271 .5946879 .7218633 .8076007 .8489356 .8686818 .9036567 .9579014 .9902983 1.018363 1.054815 1.079938 1.079222 1.072645 1.06465 1.072041
1.715807 1.512787 1.380525 1.286328 1.316923 1.269891 1.178167 1.19905 1.240981 1.190986 1.103355 1.07362 1.1199 1.109654 1.070468 1.005974 .956057 .9068877 .8688135 .8220757 .8729375 .915768 .9139675 .9502237 1.085313 1.19944 1.245073 1.152909 1.017247 .9148101 .8940558 .8795415 .8553191 .7918432 .7774457 .7527768 .7775042 .7992629 .8301605 .8740301 .8736376 .8829961 .8838826 .780863 .715954 .6713473 .6953185 .7462066 .8521034 .8761038 .8465425 .8286356 .8418254 .8745855 .8957174 .9188859 .9486299 .9844165 1.002311 1.021716 1.046158 1.052779 1.048261
1.524025 1.370368 1.270862 1.198345 1.171436 1.082552 1.100423 1.189019 1.180223 1.082703 1.001912 .9958346 1.018328 .9880886 .962348 .9930991 .9359145 .891596 .8570462 .8726414 .8841702 .895709 .8999706 .9905142 1.124294 1.162214 1.198474 1.059569 .9472997 .8643173 .8262432 .8327762 .8247219 .8177141 .7646635 .7706282 .7717456 .805542 .8405733 .8633969 .8902753 .9127353 .8535128 .7988555 .7729825 .7552575 .8171793 .8644599 .8908798 .8741497 .8188629 .7807457 .79409 .8494263 .8768775 .8708387 .8563585 .8654282 .8846356 .9343902 .9791338 1.011905 1.034777
1.384669 1.271654 1.207453 1.083907 1.011859 1.03169 1.153789 1.242202 1.161 1.034326 1.002295 .9885238 .9446307 .9113445 .8798288 .9434249 .9370168 .8854564 .8851625 .9260566 .9318792 .9269271 .956377 1.058377 1.108945 1.097266 1.061572 .9754655 .8819627 .8546158 .8453347 .8121671 .8373961 .8177925 .7867202 .7886489 .7775937 .8115088 .8399397 .8441774 .8486161 .8491352 .8070539 .7122011 .6905358 .7096775 .7560184 .7792397 .772467 .7788388 .8257751 .9017348 .9398901 .9747453 .9068238 .8492664 .8233744 .8333545 .8481424 .8778425 .9224796 .9723306 1.021261
