py_wake/examples/data/AJ_ParqueFicticio/Rough survey   Sector 3   Height 30m   Orographic speed.grd
DSAA
73  159
 258469   265669
 6501692   6517492
 .05140821   2.584912
[rows 84 to 111 of 159, columns 0 to 62 of 73]
.8739074 .874834 .8747751 .8784484 .8798757 .8899226 .9075117 .918223 .9268579 .93536 .9409764 .9462619 .9390458 .9245496 .9265895 .9297059 .9452989 .9446746 .927343 .9628207 .9730952 .9837372 .9857697 1.000241 1.062371 1.218003 1.39914 1.515478 1.582617 1.503003 1.375641 1.293226 1.258362 1.224464 1.185471 .9973965 .9222338 .9059113 1.012574 1.179219 1.252825 1.231367 1.184482 1.125514 1.091373 1.06376 1.039098 1.029822 1.008154 .9611461 .9621453 .9913524 1.019722 1.038653 1.051322 1.012884 .9755217 .9078448 .8372912 .7918548 .7189552 .6309281 .5023671
.8690231 .8748805 .8725804 .8683245 .868359 .8910929 .9041075 .9152789 .9210129 .9334974 .9426639 .9438543 .9423247 .9142748 .9334916 .9532915 .9638414 .9476038 .9419827 .9619703 .9625154 .9930487 .9990504 1.022749 1.11676 1.298738 1.447281 1.558396 1.553884 1.445552 1.352596 1.278021 1.250276 1.183112 1.092677 .9517162 .9128057 .9387215 1.092093 1.215742 1.255738 1.226095 1.183897 1.113782 1.114492 1.09479 1.072756 1.081862 1.009578 .976591 .9569162 .9680627 1.009518 1.029484 1.041312 1.038862 .9813585 .9168868 .8619255 .796388 .7030507 .5602466 .4081835
.8541353 .8601358 .8588306 .8553896 .8718539 .8905252 .9045942 .9045444 .9201904 .932786 .93916 .929414 .9306507 .9208774 .9311153 .955405 .9525605 .9505103 .9658509 .95487 .9707429 .987596 1.01822 1.04519 1.150522 1.318967 1.478133 1.551102 1.523525 1.424309 1.341321 1.268427 1.213056 1.145277 1.068584 .9601066 .9013095 .9842896 1.193027 1.22586 1.231201 1.205452 1.175622 1.134852 1.123423 1.099416 1.081738 1.086136 1.046405 .9824646 .9573312 .9765574 1.020187 1.030239 1.044353 1.065468 .9976293 .9291753 .8417292 .7669482 .6331008 .4534231 .3229618
.8365936 .8402789 .8380713 .8553695 .8712515 .8825527 .8970695 .9039472 .9141501 .9297078 .9293604 .9286201 .9329616 .9427897 .9414772 .9500109 .9493964 .9536127 .9550622 .9503158 .9730828 .9873012 1.028242 1.071273 1.158252 1.318012 1.494477 1.563201 1.540966 1.492176 1.364794 1.289822 1.22344 1.14715 1.061587 .9218758 .8827931 1.091957 1.186243 1.230502 1.240599 1.227472 1.215569 1.177066 1.142586 1.113728 1.095615 1.095304 1.052016 .9702181 .9476892 1.005982 1.054297 1.038253 1.050132 1.091535 1.0015 .9002234 .7946442 .7193574 .5307209 .3486268 .3127776
.8303396 .8253291 .8248557 .8553706 .8699934 .8759968 .8872313 .8924931 .9040987 .922952 .9275979 .927359 .9289217 .9436576 .9540655 .9446827 .9335568 .9539513 .9516166 .9502779 .9600565 .9922895 1.031344 1.114306 1.195789 1.31316 1.480875 1.615765 1.623922 1.550349 1.422002 1.291854 1.229887 1.153015 1.048396 .915673 .9318957 1.090181 1.183878 1.2365 1.260308 1.276421 1.256624 1.196952 1.136774 1.091498 1.095419 1.09737 1.021268 .9363326 .9264087 1.017929 1.069117 1.053086 1.073769 1.056175 .9879958 .8506444 .7528271 .6536373 .4310952 .3588498 .3663041
.8239432 .8104787 .8302447 .8477257 .865479 .8721274 .8896503 .8839679 .8969799 .9092605 .9261507 .9233708 .9252847 .9442713 .9546298 .9352494 .9370584 .9403523 .9409663 .9433335 .9544345 .9853835 1.051744 1.167834 1.284412 1.348376 1.529371 1.715214 1.735473 1.612987 1.419694 1.283149 1.206039 1.117011 .984277 .9178382 .9609396 1.130603 1.194534 1.259288 1.294888 1.293193 1.235866 1.127796 1.056163 1.056642 1.051135 1.02217 .9284906 .8845915 .9205272 1.004025 1.012037 1.021894 1.0311 1.041543 .9492627 .787774 .6846292 .6184025 .386378 .385982 .4083727
.8079162 .8158548 .8367386 .8325346 .8523951 .8697305 .8821937 .8819662 .8968214 .8979949 .9206357 .9185842 .9266739 .9439682 .9557022 .9474154 .9371418 .9298841 .9532276 .931976 .9594355 1.007266 1.095886 1.264662 1.392073 1.442483 1.598203 1.802948 1.808891 1.612641 1.383662 1.253391 1.175864 1.048941 .9163572 .9614973 1.032019 1.102435 1.213478 1.280028 1.312558 1.299329 1.166483 1.06178 1.04627 1.103919 1.072449 1.035393 .9178072 .8614861 .946106 1.050599 1.010536 1.03487 1.02299 .9975184 .8629258 .723356 .6292134 .5671836 .4400472 .4288459 .4619668
.817463 .8164648 .8234199 .8230847 .8297463 .8538892 .8781234 .8938073 .898521 .9049184 .9118623 .9136404 .9244407 .9394322 .9518856 .9366361 .9188568 .9272919 .9756613 .9758136 .9850747 1.0599 1.186234 1.388386 1.513868 1.53431 1.669206 1.853322 1.822838 1.572091 1.34122 1.233552 1.167458 .9947065 .8914778 1.043175 1.064403 1.0912 1.216622 1.331952 1.344769 1.247761 1.124008 1.068778 1.145178 1.16468 1.12993 .9998363 .8884749 .8841017 1.018588 1.0817 1.064554 1.032137 .9730112 .8548682 .7846839 .7233555 .7081799 .6332533 .5354926 .4812119 .5021968
.8040783 .8062155 .8147343 .8135842 .8105281 .8503445 .8805642 .8894697 .9069946 .9140379 .9158791 .9099743 .9214844 .9328916 .9406765 .9228464 .9020708 .9390531 1.039433 1.069186 1.039028 1.135021 1.323337 1.505569 1.621748 1.602847 1.733541 1.87636 1.788382 1.54127 1.335966 1.230276 1.135397 .9196584 .9003814 1.096825 1.110045 1.109499 1.207814 1.345123 1.312249 1.225572 1.139984 1.169047 1.220491 1.189347 1.078621 .9493061 .9016837 .9549836 1.075298 1.10742 1.064999 1.028032 .9109925 .8034971 .8096128 .8263101 .8121934 .7500418 .6152555 .5309058 .5234179
.8000355 .8036861 .8018225 .7983946 .8121236 .846603 .8787507 .8922216 .9052896 .9202752 .9210979 .9063395 .9142522 .9323167 .9284689 .916133 .9015048 .9845954 1.132778 1.183932 1.152345 1.205887 1.416756 1.611673 1.701524 1.66314 1.772739 1.868478 1.761602 1.513182 1.319168 1.191273 .9964699 .8163645 .977166 1.153885 1.132448 1.085455 1.225636 1.348191 1.349761 1.283172 1.233195 1.226893 1.221816 1.132086 .9981185 .9388937 .9929208 1.05122 1.089704 1.092181 1.047866 .9791294 .9006538 .8735208 .8923929 .935746 .8930968 .7902279 .6377353 .5775357 .5493615
.7844221 .791175 .7933846 .8006406 .8084882 .8415028 .8761374 .8943938 .9085767 .9239701 .9244431 .9066152 .9184986 .9355224 .9374817 .9233381 .9280037 1.055458 1.249471 1.313567 1.283087 1.266019 1.47614 1.712523 1.786799 1.747662 1.789972 1.872629 1.710492 1.438116 1.248538 1.101655 .9230621 .8382898 1.006227 1.194408 1.158243 1.118118 1.235326 1.417051 1.381939 1.339228 1.278278 1.225142 1.141516 1.022326 .9608746 .9824392 1.043338 1.071101 1.086082 1.079052 1.008998 .9752222 .906338 .8855307 .9234031 .8903303 .8456797 .7821447 .6596231 .622658 .5998538
.7724423 .7876174 .7863824 .8030269 .8216789 .8411993 .8682271 .9003993 .9226561 .9230099 .9181861 .9111229 .9264982 .950116 .9639527 .9478406 .9887995 1.164949 1.347499 1.423577 1.40268 1.373528 1.516758 1.80619 1.894761 1.856791 1.844813 1.778868 1.5892 1.336484 1.160581 1.026156 .8864834 .8650026 1.119647 1.226653 1.190174 1.157941 1.334897 1.458323 1.43467 1.351377 1.239552 1.139824 1.058637 .9879398 1.003358 1.022117 1.050111 1.060643 1.067211 1.062823 .9829153 .9423059 .8955805 .9106417 .915251 .8551737 .8266654 .7802836 .6955269 .6621667 .6506246
.7602544 .7764748 .7957557 .8085359 .8293064 .8493719 .8719748 .9071155 .924166 .9182104 .9095989 .9156889 .9375997 .9695008 1.01124 1.039721 1.087046 1.214276 1.42593 1.554026 1.528593 1.456694 1.564713 1.897534 1.955519 1.904122 1.765272 1.558159 1.369302 1.191551 1.070092 .9988106 .9459417 .953835 1.173263 1.271609 1.272931 1.297876 1.352412 1.493708 1.381202 1.283666 1.143567 1.049607 1.0329 1.023208 1.044751 1.040521 1.039029 1.023343 1.048451 1.036459 .92774 .84936 .879567 .9379653 .8974626 .8517558 .8473645 .7779117 .6982384 .6454377 .6555298
.7390568 .781637 .8056117 .8213181 .830125 .8676218 .889844 .899843 .9201847 .9199727 .9160482 .9286187 .9420084 1.006257 1.091855 1.16289 1.159716 1.237618 1.532206 1.67999 1.641437 1.531201 1.630855 1.900921 1.961971 1.791398 1.463654 1.260951 1.205126 1.158809 1.173611 1.129809 1.057551 1.053146 1.211735 1.347052 1.327317 1.345241 1.348265 1.398234 1.313724 1.187391 1.078808 1.022648 1.013784 1.030163 1.005318 .9761623 .9697867 .9589795 1.010968 .9212177 .7709956 .8071638 .8867726 .8904275 .8757697 .8083965 .8007969 .7835417 .6868865 .6083528 .5989757
.7338248 .785625 .8214591 .8356073 .8216184 .8739117 .914327 .8943815 .9135047 .9354995 .9346188 .9437507 .9663352 1.068808 1.20639 1.264639 1.230906 1.329176 1.635909 1.781106 1.715565 1.587211 1.725919 1.898466 1.841409 1.526311 1.194217 1.173836 1.293042 1.31946 1.339479 1.289978 1.171157 1.124699 1.23513 1.39513 1.383048 1.275553 1.244597 1.285768 1.251707 1.119804 1.024768 .9925805 .9965422 .9724328 .9284006 .8860887 .8542062 .9000362 .8435461 .8009064 .7848532 .9040877 .9237732 .9467353 .8713373 .8464054 .8092825 .711039 .6293418 .5347945 .5219152
.7310984 .7870215 .8417271 .8561385 .8308932 .8658592 .931398 .9091561 .9104455 .956955 .9710866 .9839686 1.030659 1.169232 1.320166 1.344714 1.330852 1.474247 1.717379 1.870016 1.777827 1.685997 1.746809 1.808561 1.611899 1.262785 1.104462 1.303065 1.500178 1.545021 1.473175 1.339855 1.159957 1.142346 1.288128 1.395231 1.305559 1.184305 1.163759 1.203869 1.14954 1.058089 .9990281 .9216574 .9552216 .9075084 .8650755 .7596206 .7983984 .8017332 .8343847 .8410385 .8902555 1.024065 1.022988 1.017069 .9643024 .9061465 .8109351 .7703569 .7560441 .6795407 .603323
.7622243 .8138875 .8579809 .882638 .8675906 .8568259 .928399 .9579827 .9241965 .9860109 1.037353 1.060751 1.128278 1.259607 1.40337 1.435858 1.472196 1.60467 1.768305 1.903519 1.845391 1.780296 1.71732 1.515956 1.282946 1.193245 1.296511 1.552893 1.676045 1.621973 1.469346 1.284968 1.135553 1.131726 1.255322 1.292279 1.216268 1.092753 1.100734 1.119718 1.062572 .9842985 .9383641 .9087261 .8986779 .8293597 .751618 .6916254 .8039396 .8670732 .8944018 .9769259 1.078102 1.130359 1.123683 1.107215 1.054113 .9929029 .9464903 .9439716 .9369041 .7857513 .563359
.7970145 .8467128 .8632521 .9001185 .9152409 .8819087 .9215891 1.011473 .9675032 1.020646 1.122821 1.145739 1.24159 1.367226 1.483183 1.558689 1.608169 1.689922 1.815964 1.927634 1.872969 1.702936 1.47726 1.245971 1.243977 1.346493 1.566702 1.726562 1.732044 1.580221 1.382157 1.196221 1.093525 1.14454 1.24429 1.208736 1.158617 1.047142 1.028879 .962015 .940124 .9270388 .9131101 .9940226 .9381953 .8266178 .6902169 .6793336 .8917474 1.006081 1.064085 1.132106 1.198721 1.230206 1.213716 1.187527 1.119486 1.084871 1.055632 1.037589 .8943267 .5841882 .4723553
.8182859 .8487025 .8707174 .9271509 .9924065 .9496896 .9234121 1.051728 1.039997 1.08167 1.210371 1.263383 1.353552 1.492818 1.586667 1.670907 1.698159 1.754508 1.855833 1.898105 1.766566 1.506405 1.291213 1.215865 1.40181 1.623212 1.777422 1.769796 1.645669 1.45443 1.284818 1.151311 1.098082 1.148507 1.178114 1.122524 1.074008 .9805666 .9086062 .8540793 .9004924 .9534165 .9994373 1.075156 1.012194 .7877242 .6665312 .814456 1.003771 1.094424 1.160932 1.242093 1.307892 1.317083 1.291489 1.212898 1.126034 1.080159 1.018308 .9070654 .6673391 .5611625 .5523972
.8327123 .8462171 .8846197 .9883145 1.087116 1.021332 .9422589 1.084481 1.14218 1.176396 1.306201 1.373058 1.454726 1.633724 1.688833 1.749947 1.753143 1.77851 1.833807 1.814583 1.636532 1.403505 1.285524 1.345773 1.602714 1.755569 1.802656 1.65675 1.451827 1.319817 1.229221 1.14854 1.108907 1.095228 1.090336 1.032843 .9671538 .8655065 .7950926 .7947708 .9397545 1.09944 1.193407 1.183634 .9780671 .752784 .7189612 .8788138 1.043932 1.148341 1.23419 1.347169 1.397708 1.354037 1.241022 1.114334 1.047508 .989266 .9128223 .7874502 .6565346 .6637262 .7328292
.8359421 .8611621 .9270607 1.063199 1.154884 1.039524 .9807662 1.131567 1.20368 1.25369 1.373144 1.483397 1.607527 1.75161 1.788022 1.807518 1.768582 1.760239 1.815228 1.765866 1.612507 1.464609 1.392867 1.497296 1.68626 1.717673 1.669807 1.472799 1.352103 1.312201 1.270108 1.186318 1.086434 1.042419 1.029103 1.012625 .8928382 .7941187 .772366 .8785819 1.080175 1.211984 1.205787 1.085515 .8238479 .7708423 .8113635 .9380901 1.057098 1.185323 1.314355 1.436593 1.432999 1.303261 1.147118 1.104353 1.077015 1.013829 .9157056 .8167853 .7395942 .7480832 .7872726
.8583164 .8989409 .9745392 1.099533 1.154998 1.05923 1.053185 1.185863 1.252622 1.329796 1.449045 1.608817 1.778182 1.859594 1.905822 1.844082 1.793005 1.754985 1.803799 1.763819 1.646168 1.555463 1.476106 1.521045 1.596244 1.583068 1.522126 1.417654 1.372431 1.37784 1.331124 1.196177 1.066499 1.013964 1.019355 .937322 .7925558 .7088767 .7934909 .943251 1.131561 1.23361 1.150159 .9559639 .8259884 .8892116 .9835323 1.033286 1.093703 1.230328 1.395513 1.492577 1.463141 1.294113 1.200589 1.214249 1.170333 1.056636 .934249 .8484848 .7757657 .7529632 .7401099
.9274154 .936713 1.000535 1.095229 1.139812 1.115543 1.152507 1.241197 1.295789 1.40825 1.560185 1.761585 1.928158 1.974013 1.9711 1.877746 1.774503 1.775213 1.743708 1.706884 1.667663 1.557553 1.460426 1.402116 1.44913 1.485485 1.488022 1.456726 1.444365 1.458344 1.339755 1.165536 1.03076 .9760337 .9345252 .7952458 .6656194 .6978603 .8664231 1.010859 1.165921 1.180628 1.09898 .9893102 .9570022 1.08284 1.147289 1.109502 1.161472 1.295889 1.478706 1.569418 1.522418 1.41576 1.345999 1.312582 1.188818 1.024485 .8988602 .833573 .7550628 .7039712 .7050423
.9900098 .9770026 1.031354 1.095833 1.146874 1.205644 1.274807 1.331143 1.385251 1.511815 1.700349 1.91519 2.064327 2.080423 2.006279 1.852229 1.735895 1.718233 1.693931 1.682277 1.609691 1.503561 1.320614 1.29741 1.408784 1.470089 1.490394 1.517859 1.528683 1.480916 1.28621 1.103917 .9868239 .9026857 .8242667 .7096041 .6222509 .7036118 .9311104 1.07241 1.175143 1.217307 1.202592 1.154779 1.153186 1.268536 1.269222 1.214407 1.219611 1.3536 1.560877 1.678138 1.660867 1.511679 1.38788 1.248107 1.069831 .9130781 .8287725 .7936102 .7347632 .6880998 .6423473
1.057666 1.033482 1.07323 1.155139 1.20611 1.28834 1.389166 1.448172 1.48764 1.597022 1.796414 2.04953 2.138371 2.105294 1.98541 1.758732 1.629253 1.643693 1.652596 1.621974 1.59755 1.465884 1.270161 1.233172 1.410914 1.473431 1.49398 1.550489 1.579402 1.454638 1.233994 1.076269 .9436069 .8494824 .7608433 .6522124 .5872077 .7477403 .9896423 1.128497 1.22574 1.342365 1.394064 1.382264 1.361092 1.402684 1.373291 1.271828 1.263158 1.373351 1.629898 1.727208 1.725591 1.432086 1.211176 1.054532 .8956348 .8094811 .7767502 .7630085 .7174798 .6685234 .6246969
1.130028 1.117992 1.13022 1.238426 1.293893 1.343175 1.47282 1.540678 1.557144 1.647831 1.867941 2.111842 2.171907 2.074635 1.840582 1.662259 1.531168 1.591651 1.57769 1.597309 1.582004 1.449892 1.202535 1.214923 1.36806 1.454644 1.528497 1.647233 1.591343 1.410019 1.181884 1.005453 .8514774 .7334136 .6618951 .5956735 .5975103 .8009262 1.065177 1.240728 1.353191 1.500338 1.590854 1.573578 1.537617 1.507318 1.408709 1.314941 1.303872 1.416281 1.642547 1.704934 1.61289 1.267684 1.016152 .8741235 .7868958 .7480869 .7502098 .7639565 .7061877 .6220522 .6290565
1.215533 1.197484 1.187951 1.270272 1.325109 1.372727 1.502836 1.554484 1.615853 1.704872 1.924073 2.149626 2.120084 1.944734 1.741606 1.608073 1.510147 1.498674 1.538419 1.572017 1.53321 1.41205 1.197098 1.155666 1.317915 1.485335 1.631367 1.667634 1.552416 1.266657 .9812276 .7761306 .657965 .6008497 .622303 .6156687 .6712088 .8805403 1.161052 1.371629 1.500538 1.676335 1.758721 1.689535 1.56516 1.498669 1.37075 1.284824 1.28768 1.418006 1.610281 1.693813 1.423652 1.10947 .8822195 .7653047 .709972 .7031604 .7139777 .71034 .6077477 .55074 .6424022
1.25039 1.229502 1.199202 1.25018 1.322465 1.39308 1.488446 1.554401 1.67832 1.79606 1.967535 2.147417 2.075167 1.900928 1.761671 1.576366 1.456248 1.475165 1.586037 1.595484 1.49189 1.363379 1.174875 1.139718 1.352184 1.607653 1.711703 1.677745 1.374262 1.040744 .7798074 .6404023 .6045709 .6330624 .675558 .6990308 .7549071 .9638967 1.265504 1.505947 1.653196 1.831892 1.857227 1.688884 1.521746 1.41424 1.31666 1.239556 1.306455 1.432787 1.567972 1.503757 1.205786 .9279166 .7649494 .697466 .6686264 .6793551 .7020653 .6603103 .5166367 .583433 .686963
