py_wake/examples/data/AJ_ParqueFicticio/Rough survey   Sector 6   Height 30m   Power density.grd
DSAA
73  159
 258469   265669
 6501692   6517492
 .01172314   731.492
[rows 112 to 139 of 159, columns 0 to 62 of 73]
305.6323 317.1551 288.2215 255.0869 234.5399 200.7022 174.6867 168.4575 168.7586 168.3794 160.2047 162.2519 158.4118 149.5735 139.1821 109.9883 84.12419 68.89972 44.88595 22.12593 30.03739 71.83309 106.8881 143.0341 222.6535 235.1875 237.5004 303.8662 380.385 433.7834 530.1513 609.766 568.8515 408.2508 283.3246 193.7327 131.5798 145.0282 183.6053 212.7102 229.4936 204.31 147.869 119.602 85.98247 56.12405 39.62415 28.38905 24.14564 54.20551 111.9802 161.5996 185.8862 172.2301 153.4508 148.0493 146.1263 140.1729 123.2675 85.89774 21.8004 16.54019 11.63682
384.1123 376.2704 353.2488 319.7653 306.2507 295.8052 259.94 234.5231 223.175 213.1352 201.211 197.9888 190.0781 169.7916 161.3158 157.989 120.3633 94.39303 71.79166 37.20009 27.24643 35.27355 54.71356 99.88321 183.1262 233.5647 235.4555 241.4188 289.1967 358.3555 417.1125 561.9327 691.7264 692.625 553.2532 383.9484 228.377 171.6948 191.1357 209.5942 247.6249 246.2534 197.3942 149.3115 105.0019 67.62508 47.03355 35.20825 26.89956 29.23395 49.11908 90.84565 130.0714 143.2973 140.5508 137.088 138.4728 138.9361 140.6891 121.4268 62.00218 11.82048 10.35316
528.4398 487.8468 454.4214 413.5679 384.0315 374.8322 361.79 320.2618 291.0204 262.0028 239.8826 246.2382 214.2468 189.5796 183.6633 173.3104 161.0079 138.4437 92.37197 61.50033 28.51262 23.45139 26.01337 50.0983 124.5033 192.1109 227.3638 247.6282 248.2074 283.1002 318.9374 404.3571 564.4181 665.539 731.492 674.4439 483.861 315.3351 281.9327 296.2119 336.6715 350.7982 308.922 220.2357 146.294 99.91407 68.06286 48.00446 38.6081 34.01252 39.22523 57.69821 86.59035 119.2413 126.0113 126.3877 128.2509 130.8716 137.3684 139.4717 122.8116 57.71451 14.79945
622.7442 589.7819 554.5023 509.639 466.0704 441.0236 415.2641 379.2579 347.4168 315.8667 295.006 306.0311 270.5803 242.5028 234.304 219.4541 206.1913 210.8339 170.4747 136.2371 95.96362 51.19607 23.24895 22.12154 56.27011 118.0386 171.063 199.9768 214.354 212.9117 228.2444 284.8755 359.7208 461.6017 566.851 693.6292 676.9471 528.6469 431.1799 435.9087 504.3373 560.7885 525.9804 413.9644 271.8595 186.3611 117.2584 75.01886 58.60177 54.59711 55.85981 63.03086 77.25127 96.03501 112.2826 118.2829 118.2304 122.1886 124.1883 129.5968 120.7369 91.01723 65.67113
554.337 557.3287 543.2748 524.022 483.0787 445.3836 403.1098 387.1504 374.3512 359.2833 350.3639 350.1832 389.0427 389.794 340.3941 315.7793 325.2631 346.9795 358.067 320.1479 249.719 169.9519 67.35437 22.92431 22.43818 61.61622 125.1789 162.0681 169.821 179.299 199.5941 208.67 248.9342 309.2939 391.3728 514.1768 599.3789 580.9606 495.0047 456.7865 508.2565 660.0394 705.57 623.9429 487.9865 349.0161 228.7891 145.2199 97.8409 80.04316 80.13833 83.02259 84.28838 87.54091 99.47593 106.3364 108.307 107.444 109.8114 118.0283 118.2496 101.0359 84.89542
389.714 413.304 417.7065 414.7444 388.7874 363.0755 351.8396 344.7858 335.0543 337.1241 350.1313 434.751 487.6136 499.2143 467.6449 393.3435 377.0089 396.1573 414.8985 398.6078 369.2799 320.8267 233.3085 87.41349 31.12018 35.32436 85.24319 145.1812 162.6244 157.187 168.2618 187.9957 242.6015 286.6446 336.1032 446.7895 479.2294 409.9314 370.05 358.486 392.8502 481.9077 570.6091 541.9203 517.1088 455.8568 340.7223 240.1878 162.0773 115.6404 103.397 104.7293 99.6752 97.49379 94.89545 98.19281 97.96023 93.38181 86.58487 95.13265 106.007 109.5529 89.77113
184.7178 207.3464 227.4323 242.2885 256.714 270.0345 281.3215 283.9113 269.5021 260.05 282.2651 362.5742 433.4453 457.1856 475.3115 449.8533 374.5503 319.5916 321.9565 313.0743 303.5281 299.5624 330.6831 265.0473 101.2484 40.29941 48.44056 84.6648 154.3302 158.4935 161.6093 159.4874 206.1486 244.7707 264.22 322.6691 315.9325 276.2498 178.1837 150.2482 187.387 263.1814 347.7345 337.0321 304.103 340.3254 324.2264 257.6767 200.2202 144.3415 125.5069 125.13 119.9139 119.0429 110.7284 108.0689 101.4209 99.09811 80.3263 63.06911 78.35558 92.35304 80.10651
88.0938 101.3546 125.2633 153.8685 179.6704 200.7575 218.788 243.7445 246.6929 222.0109 193.8747 190.707 251.9207 298.0643 359.4602 392.4868 319.0286 227.7106 172.1829 154.0555 151.3832 151.1112 207.7539 297.4496 242.6499 121.6138 59.62766 63.35154 99.03512 163.087 152.043 151.6726 166.7959 180.5858 188.3277 188.5376 225.4631 240.0108 156.0791 74.47918 63.80618 110.7434 195.0797 223.3623 195.1496 178.153 199.4353 195.135 174.472 141.9483 123.2986 125.2 133.3923 130.6531 129.5958 128.397 120.9172 119.8279 105.9271 79.56206 60.44499 60.70051 59.11465
69.33648 82.56555 98.78104 118.093 138.3102 158.5492 173.7617 205.625 245.8933 255.5325 205.2873 128.9046 113.7612 125.1544 182.8529 265.1376 300.5714 258.3139 182.5322 128.5393 91.89797 82.91963 89.65737 178.2093 247.5544 218.7492 119.3801 61.58457 70.67529 112.3591 130.3622 123.2516 151.6421 149.2765 149.6305 148.6956 180.7296 220.6499 206.2737 117.3702 61.73901 55.0112 99.57093 174.7573 191.6367 159.9814 145.2458 140.6172 134.2826 121.1262 106.6218 102.9914 120.1251 128.0066 130.721 128.613 125.967 115.3987 108.8871 92.25033 74.76108 64.11411 57.84097
110.9733 96.25693 100.7714 110.6351 118.4463 136.0419 143.7001 164.1416 200.5506 290.6725 298.6573 192.02 108.7545 79.9064 74.65566 125.6819 207.6464 253.1372 246.5547 197.8934 136.7109 89.48271 65.95148 77.28609 137.9006 179.4822 163.2521 90.33193 52.2583 65.5281 92.08938 112.8616 127.7343 124.6432 122.6483 133.9829 148.373 195.0676 244.9593 199.54 122.1208 69.65514 68.05399 111.8311 169.1319 184.9295 171.1839 154.7174 137.2114 121.1495 101.0284 90.425 92.79651 110.2762 116.5453 126.306 122.7868 106.5099 89.76957 87.87971 77.30383 65.90367 72.36623
168.191 128.657 105.446 106.3693 109.3539 111.6172 132.6869 141.9386 164.7722 256.1554 377.372 349.1926 232.4467 126.6933 74.2377 61.36776 86.46287 122.9771 154.8613 178.4729 151.6089 100.7155 63.7727 47.80757 55.41106 83.57259 113.4626 125.1936 71.83914 52.95884 61.18384 97.89461 118.5664 145.3234 130.515 139.086 159.8403 171.6447 210.6573 229.4243 201.5508 113.2431 72.28798 72.60291 106.1603 152.3267 177.8205 185.0241 171.2231 144.5134 122.661 96.54366 86.46466 83.80135 93.14993 98.97975 102.1396 94.07256 86.50999 100.903 108.4822 105.7074 104.9162
226.9684 182.8432 143.9094 122.207 111.1227 108.4634 104.6985 109.8056 136.1665 200.3564 350.7222 431.5068 416.6563 327.023 194.3859 120.6733 89.1343 80.17576 82.80605 96.4706 104.2836 86.34272 58.94538 46.50013 52.30306 53.63614 60.32435 76.25806 76.15092 56.78219 54.59771 85.38038 121.3927 149.7977 153.8757 160.1329 164.0999 167.6053 154.1625 159.7503 200.5801 172.8177 112.9163 81.25875 78.58723 94.07462 128.0185 156.4527 179.4186 177.5905 155.2708 127.9911 107.8341 92.26982 83.10034 73.35435 67.92971 79.33936 83.51739 103.3973 131.3884 133.0515 119.1407
295.1115 268.3078 211.345 170.0711 139.0728 118.3356 91.45003 80.39563 80.87074 107.3915 211.7805 346.275 421.999 452.6764 418.9057 355.4772 279.2213 196.866 152.3873 123.3117 125.7297 121.7034 97.63699 70.46805 68.54774 68.63137 56.86332 48.97426 37.39158 36.04649 37.32374 80.55281 126.4566 156.4212 153.1261 167.4627 171.885 168.8244 144.7819 111.3999 119.0555 159.5113 160.4319 125.1343 100.2102 92.67794 87.04146 99.05547 125.1347 170.627 180.7914 159.6884 138.5448 119.5702 105.256 89.47465 74.51485 69.63029 65.88506 79.01105 124.6335 136.7152 125.6316
259.4319 278.3555 266.0854 210.7268 165.4142 135.7952 101.8893 65.53266 44.12643 47.07088 97.64652 180.5291 293.0066 388.5076 436.7791 461.9446 481.6148 511.6418 484.3621 386.9163 326.4502 301.2746 241.7955 171.4302 115.4891 102.3796 105.6137 77.06383 55.29216 37.6484 22.46201 48.57866 100.0716 131.4081 142.8394 159.9925 168.4986 164.0862 144.9824 125.7846 118.545 115.2558 138.2129 150.491 139.7903 120.3022 107.05 84.02123 70.45956 102.1216 146.2073 155.2695 140.7406 116.6036 99.56142 87.18101 79.4062 70.89553 52.72869 48.75111 86.47783 128.0011 119.8572
223.6882 234.1643 249.8377 223.4317 189.9933 181.7561 155.3951 100.1648 51.98407 30.1821 40.25874 86.77728 162.9047 226.036 259.343 258.7802 313.7428 470.5484 516.3788 532.8281 491.5398 431.7044 384.7725 306.9272 225.974 189.2559 191.9333 191.0582 147.7452 67.88676 18.45925 28.56161 65.59966 81.9027 114.9455 149.9885 174.8658 178.4937 151.375 126.5487 133.656 119.639 102.8305 102.3943 113.6396 119.861 113.2904 95.46163 69.23752 45.74889 67.43267 89.46409 96.30228 97.58819 82.9436 72.60822 65.99461 59.35574 50.51817 37.81873 52.13046 97.58797 112.177
212.8592 224.5469 225.6415 243.182 224.4322 219.1917 222.3664 183.7667 103.9708 44.1215 27.16375 39.45985 86.67311 140.7998 175.2315 164.6343 139.8999 209.9234 349.4743 418.0562 434.4544 414.3614 382.3141 356.2326 288.8529 226.5615 187.2418 174.2199 181.1712 113.2654 29.45551 31.20997 65.62035 79.73384 99.93849 132.3383 168.7716 190.2442 166.3698 122.0154 104.3943 106.3999 106.3083 93.19728 87.89926 87.59438 98.13423 103.1279 95.52978 57.04437 42.15327 62.53986 93.4715 103.5414 63.17289 59.84406 73.79781 65.98157 61.18286 33.7355 34.31142 66.57381 86.9366
129.0219 166.7734 214.3292 229.7705 227.1783 234.799 239.1009 216.2454 154.752 93.47175 42.14355 27.25214 46.10639 93.95611 147.6673 159.4926 109.4157 88.80972 147.096 209.391 266.9091 302.0712 302.067 307.6736 286.4505 204.8815 124.0978 97.45775 103.1314 95.3936 40.98178 27.47128 61.98798 72.5871 93.48206 111.0994 132.7144 153.4262 146.8072 112.8821 84.49087 75.91169 79.32888 86.03888 90.08271 82.60738 80.91798 96.95393 127.383 126.1393 81.45058 73.89735 103.2498 171.8358 180.0178 163.5747 140.157 112.1296 74.25964 34.32178 26.54208 42.64258 50.10382
59.15083 88.47542 139.553 194.5075 242.9701 234.5728 208.511 178.7466 134.5487 98.21711 59.80592 33.6424 27.86702 55.40542 117.8797 166.4521 126.7787 68.88976 65.16807 104.4975 146.816 193.8581 228.7277 252.0634 268.266 203.5602 129.4006 74.17373 53.12038 43.33162 28.82464 23.02912 29.17765 41.15842 63.67852 83.13908 94.94989 112.8998 118.3408 104.7986 81.22173 68.80148 65.88829 65.9945 68.90437 80.84264 78.09902 80.90271 102.1519 132.0869 115.5535 88.102 102.7111 190.5587 230.3263 215.0045 197.2787 180.0437 109.3701 52.45099 23.04092 23.4007 37.36629
48.57208 66.58865 97.71712 127.2946 178.9786 234.5453 237.2767 190.1477 128.7649 88.05025 59.08245 33.33218 25.8601 30.74387 77.05793 149.518 160.9808 98.61805 54.43459 60.11811 90.41634 131.5388 167.8483 187.1609 251.0507 230.4814 204.7547 122.8981 72.75232 42.96056 23.67181 12.32923 7.838751 10.14314 31.78231 56.29767 74.52654 97.88348 125.0202 127.4856 104.2905 80.91789 70.48454 59.71471 51.87426 56.61609 66.18482 76.96734 81.62705 101.3229 104.0863 91.64409 100.7969 165.4236 208.3656 212.474 216.4681 211.6888 173.2239 112.9392 46.94703 28.43223 30.15154
59.6395 69.09796 93.4454 113.119 137.8968 185.8571 282.3512 296.9041 235.986 180.3037 115.5317 74.40273 45.19232 30.68841 45.55377 110.9738 182.4826 160.7808 92.40104 61.55339 64.00594 94.04279 123.2962 132.1631 178.5329 222.5836 253.2288 242.1045 184.4414 134.2234 86.99101 30.17155 12.57615 6.271056 12.39516 32.65818 59.95631 98.15255 134.0833 150.66 150.9234 125.5921 120.0709 104.1094 83.19506 59.92641 54.58901 61.38898 71.82944 78.10206 82.14518 85.30332 102.6153 146.9014 191.3113 212.1285 229.3305 230.9994 251.8147 217.4904 109.6493 48.74293 32.43122
58.50587 58.47548 88.89185 121.9823 138.2906 157.7077 252.4779 286.1598 291.7051 244.6596 180.0779 130.625 87.16052 50.49966 43.89065 79.4213 161.1704 192.5235 158.8184 98.33189 76.21378 76.57053 95.75039 105.4786 134.1946 182.838 242.5207 296.2298 249.8323 235.9887 188.462 146.9266 76.34071 35.89763 16.24533 21.96624 41.52895 73.26662 115.7562 159.581 172.1341 175.8884 176.6295 166.9251 147.9118 127.7669 93.10304 65.40993 53.33978 59.50177 66.50921 56.55946 97.43607 151.5662 177.4492 208.2405 222.4596 234.9027 256.2167 230.4953 173.7296 95.62034 64.76246
55.93636 45.14433 58.76237 94.8969 109.6127 133.079 175.3833 229.9548 264.9525 234.8624 164.7185 115.9734 89.08047 61.76864 44.34426 50.6796 106.545 158.4726 175.016 136.308 99.52181 90.02197 95.19299 98.72146 104.9977 133.6018 184.0195 199.7362 205.827 213.9066 199.6487 203.5259 202.5676 142.6652 70.374 41.30701 35.1195 47.89103 70.9385 116.1216 140.9217 144.9098 152.6806 157.4918 176.0067 164.1507 142.5795 109.57 63.99043 50.1027 54.48333 41.12014 42.15077 106.2768 157.6293 177.8913 204.6185 248.1078 280.751 277.4864 215.1003 155.9769 105.213
78.05134 45.59695 44.63482 73.43416 93.81066 115.1923 157.7787 235.5796 292.1382 302.6879 261.0889 160.8073 89.03501 55.39051 39.30671 32.20889 57.53641 96.53037 133.3341 142.1118 113.8601 95.70678 86.86114 82.38238 87.25525 91.38171 109.2252 132.2019 145.8595 138.817 128.8149 133.1757 179.6304 182.3423 148.0221 84.92567 57.74405 45.67262 55.19769 78.03269 102.2694 106.968 104.8376 112.9599 128.2203 134.5607 134.0988 125.1862 95.24561 48.38998 48.81737 42.57551 28.18163 41.81227 101.9248 137.9825 164.9429 209.1679 249.6798 290.659 289.2376 220.0482 173.3251
132.6718 75.9468 58.79173 74.05196 106.0932 114.2948 132.3743 174.0372 252.9741 331.9563 357.8535 300.7941 187.7334 97.99199 47.17487 27.86102 33.92246 57.61151 89.4006 114.8426 116.2907 103.0415 100.1401 92.82552 88.6803 88.63812 93.00526 95.54138 115.5195 120.5822 103.7748 81.92009 86.53344 121.4043 133.9548 107.2305 76.71166 55.51359 51.63154 63.69715 83.42553 90.66041 84.7689 81.06636 89.99389 92.05482 86.24612 80.74413 85.75583 51.30358 40.56023 38.82455 32.65503 20.16938 54.54343 89.15057 120.407 155.103 211.2874 251.4811 282.7279 265.5526 222.2937
209.1765 142.6509 92.56124 79.23324 103.988 120.6371 107.0727 107.0363 139.2762 196.8966 265.0762 324.1696 294.1088 232.4613 153.049 72.39215 38.97491 43.85266 62.42094 82.15276 96.16005 105.889 109.8625 110.6575 108.3912 111.9015 102.8857 80.65771 79.42763 99.19461 110.6338 96.15649 73.08889 74.66025 92.83749 91.67187 75.46493 71.82953 59.6545 64.20083 79.46014 89.72858 85.64116 75.37627 70.33928 66.86685 72.66291 70.30554 66.04585 58.18987 45.08475 33.99392 32.81783 24.93082 27.95033 51.78358 79.00069 109.4318 155.373 217.8296 266.0135 260.8483 236.7039
232.057 192.649 123.5694 85.43881 96.58623 113.0106 103.7934 94.84444 93.77035 95.4781 125.7549 190.3723 248.396 243.3741 236.6112 155.1915 85.55556 54.48191 49.49374 58.27143 66.03235 83.31165 100.4666 114.7231 116.6853 132.3401 131.6622 95.51714 63.54711 61.26599 80.13493 96.27223 87.66475 72.89394 70.30817 75.37175 74.15538 70.46674 61.24456 64.95124 86.28022 96.10447 100.6947 102.908 94.26701 84.09466 90.35941 122.6505 121.71 106.4064 69.42731 43.44508 30.70758 27.75078 20.1016 20.45036 35.69583 58.20458 91.91393 147.2909 216.3965 253.279 245.6896
179.849 180.0812 144.036 94.29913 85.09826 105.125 103.9766 103.765 99.86575 83.87423 66.52319 86.37692 143.1718 163.4148 183.8782 192.1357 150.8905 97.30976 62.89464 48.84644 48.43192 66.96329 74.6614 85.801 108.9532 144.5094 136.2599 109.6272 70.46198 52.88124 56.88467 74.02386 92.6264 87.03564 79.59844 71.94846 70.28582 62.54681 53.69544 55.03801 77.73982 97.04303 106.0102 108.9777 113.3623 112.7632 114.4416 121.6305 119.6517 113.1498 96.04579 69.89471 31.78886 22.76064 23.52674 20.67453 14.04279 17.79599 33.85727 71.24362 130.8208 190.0652 222.7684
139.6485 137.3203 131.8602 105.0609 89.12659 97.09792 107.1336 105.8997 124.6443 128.9293 85.94745 56.47844 74.03664 97.35716 107.681 157.1932 166.1301 155.8664 129.8812 69.75827 43.66066 48.51774 60.85841 75.81667 98.61335 126.0061 140.746 114.6081 77.36908 59.28765 52.23999 59.68085 76.02056 93.53275 89.70469 84.00641 76.47063 62.61171 53.93769 49.32437 54.22788 69.41514 79.11366 87.44466 89.7495 91.51348 78.96157 81.00768 84.38572 96.43734 101.1208 112.7542 98.0613 55.80107 28.57109 25.64619 20.54986 13.84908 10.5076 22.19908 61.52279 117.4689 168.0574
