py_wake/examples/data/AJ_ParqueFicticio/Rough survey   Sector 5   Height 200m   Power density.grd
DSAA
73  159
 258469   265669
 6501692   6517492
 236.2846   1634.063
[rows 56 to 83 of 159, columns 0 to 62 of 73]
728.7468 734.3981 737.2916 740.1803 742.5938 740.9636 739.2115 738.8886 736.7558 734.355 731.3231 728.8406 727.283 721.3836 711.0431 708.5491 708.0718 707.6832 706.6984 707.3483 703.0278 695.5212 694.0527 697.3842 697.6896 699.3682 699.9336 702.8683 716.8352 737.2827 749.1165 735.9385 704.0115 692.1684 694.1689 700.378 692.5413 654.1591 599.8322 576.2594 582.8016 590.4232 585.2902 580.2942 579.8409 593.5091 609.0938 630.4722 681.0023 760.3909 857.3402 936.345 950.4687 915.8267 900.371 967.5789 1070.271 1108.964 1046.857 951.7148 886.2437 905.9716 1010.376
724.2968 732.5099 734.6005 736.5131 740.6636 740.5753 739.2513 737.6962 735.2082 731.1981 728.0172 725.2573 721.9659 722.6526 715.3084 709.7371 708.6879 708.4175 707.719 708.9688 706.9659 701.2809 697.3867 698.2093 697.4589 697.5423 698.8607 697.8497 705.9817 729.9541 752.9044 744.886 716.1531 698.4324 701.4839 706.1528 703.3904 674.2597 624.0538 591.924 589.7725 596.7337 598.9794 598.1468 604.0989 616.4644 619.8504 621.6794 653.9254 722.4293 815.4064 890.5287 912.3568 891.006 878.8659 947.1705 1052.655 1098.267 1045.439 947.623 873.3134 873.6556 967.9969
723.0531 728.9155 730.5717 730.1874 732.7799 736.0433 734.4316 733.5968 730.6174 726.9234 722.5069 720.22 717.6837 719.0283 715.6797 712.1257 709.4918 707.9164 707.7273 709.2235 706.9311 705.7869 702.0279 697.687 699.0752 699.1565 699.1614 697.6025 697.2155 714.4304 740.032 735.4101 711.8029 696.3601 693.751 701.3453 703.3586 678.4324 637.6671 603.4304 594.5665 594.6326 599.8062 610.4091 623.2397 633.9497 630.8337 624.0641 642.2036 690.3298 767.1229 837.5925 870.8929 855.3757 849.3773 916.946 1020.116 1083.533 1052.555 958.8599 871.5402 846.7259 922.7106
728.7125 730.8235 734.7572 732.7966 725.8735 726.3585 728.3388 727.8466 725.3685 721.8502 718.2096 714.9535 712.8534 714.0357 713.5515 711.2057 709.1581 708.0768 707.4265 707.8682 707.0839 706.0594 704.2548 702.157 700.02 702.0463 705.0217 703.394 699.0744 706.8538 719.2845 716.1395 696.8356 676.6661 676.6947 684.9093 688.7561 675.0776 640.9588 608.0695 593.4019 590.628 592.7853 615.8116 641.2288 651.9845 647.33 634.3208 634.7875 663.985 718.3652 780.7516 823.5698 818.1536 812.2678 872.3242 973.4721 1047.538 1039.6 967.0393 880.5888 832.5369 880.7097
736.0422 737.2496 740.7801 741.4476 728.9968 719.0038 718.8678 722.5168 720.871 718.0302 715.0012 711.5174 708.3467 708.8718 708.197 707.0555 706.3624 706.4907 707.7116 708.4504 708.2285 702.1852 702.5109 701.6113 700.7415 705.8189 712.6975 719.5701 722.607 722.8664 723.2383 711.7802 692.2916 672.6597 664.2889 669.2016 671.5048 661.2933 635.3391 606.0486 586.2556 580.8469 589.6755 616.6932 649.6725 666.2415 667.5019 659.6148 649.146 649.5716 679.2643 726.2486 776.4518 783.7725 777.1711 826.9424 927.6495 1007.333 1011.198 958.1972 885.6351 831.6287 847.1807
742.4562 745.3032 746.2551 746.9797 739.0331 725.8834 717.6609 717.4416 718.4197 716.9738 714.278 711.8538 708.3309 704.9641 703.3137 702.5742 702.5011 704.3713 707.4252 708.6119 710.3141 705.1993 701.0876 699.1957 698.563 704.9063 715.5416 730.3904 743.5917 748.4673 747.504 728.9117 706.5876 687.1575 671.3959 667.4306 663.1158 649.8505 624.9379 601.2014 581.8976 568.5538 575.1902 607.0331 645.0602 669.5035 679.1364 686.1295 681.7393 662.3274 654.2224 679.8832 731.0805 757.3923 749.1808 783.119 875.8435 962.6726 978.428 938.9277 883.405 835.3425 821.1517
746.4072 750.5992 751.9734 751.6609 744.6223 735.2608 723.9793 717.6362 717.6421 717.3649 715.4144 712.2631 708.3807 703.0012 700.6785 699.0902 697.7945 700.4406 702.3676 705.844 708.4716 706.9392 700.9875 697.8311 697.5139 700.7405 712.1055 731.5944 754.3805 770.5643 771.7905 752.2499 727.9608 710.5327 690.8635 678.3198 665.8102 644.6985 617.135 595.2026 576.7483 560.3312 564.0004 590.2229 633.0175 663.6393 680.343 698.2598 712.946 696.8718 663.632 652.7433 687.1134 720.7064 731.8986 750.4885 823.2537 907.2827 940.3042 917.6002 874.1863 838.0714 814.7215
745.7056 752.2501 755.8237 755.7804 749.2189 740.184 730.3444 723.5327 719.169 717.2036 717.1754 712.5674 707.5421 704.161 700.3646 697.2396 695.2274 694.9382 697.3662 700.2889 704.8633 703.7967 698.9223 693.9409 693.7886 697.6588 705.3079 725.5719 751.3787 776.7897 783.9027 772.392 752.2081 735.6296 719.6319 698.5231 678.7343 649.6137 619.3466 593.5208 571.0771 554.6446 553.0697 575 613.9058 653.3337 673.3704 695.913 722.8798 726.0182 693.4006 657.0675 654.3442 680.068 705.1048 722.9371 774.0895 850.339 891.874 884.7272 854.9991 829.8633 816.2184
742.0931 751.0214 755.0146 756.1248 752.8992 746.2308 737.8948 731.0826 722.393 717.6198 716.1296 712.7081 709.0182 704.9526 701.6581 697.8094 695.6746 694.0453 694.9121 697.3767 700.7542 702.9132 698.4728 690.3909 687.8785 689.5622 699.0766 716.9217 742.4429 771.4106 784.5827 779.2331 765.2428 753.5526 741.2579 723.3144 697.5726 665.0104 631.9066 601.3598 574.0442 551.7513 543.2961 557.261 594.6835 631.7037 658.2 687.2612 714.9723 733.1989 724.6439 686.5815 648.6821 642.6363 668.0529 701.1818 740.5712 804.3094 847.6501 847.9335 831.3504 807.119 796.4341
736.8656 746.0171 750.842 753.8995 754.0138 750.4825 744.9636 739.0963 728.1901 718.9506 715.5799 712.2285 709.1635 706.1682 703.0377 698.4946 694.8817 694.788 695.3553 697.4571 701.6858 704.0123 700.4172 693.3423 687.7749 685.5226 690.7391 705.5763 726.6888 750.188 767.0811 766.6934 764.2225 764.0622 756.4735 741.4535 717.0764 679.4683 643.2605 612.5954 584.3197 558.4799 541.3903 545.8335 572.4684 605.5309 634.9681 671.6154 699.9998 725.0798 747.7675 727.6083 677.2819 632.9413 632.2696 670.7936 721.8827 776.3203 818.268 824.8845 811.3734 784.8415 764.1328
733.2358 740.0501 746.7526 751.6249 752.329 752.6614 749.8121 744.6667 733.9538 721.5797 715.541 713.1052 709.4222 706.524 703.9395 700.4001 695.5813 693.4987 694.7582 697.1935 702.5839 706.8268 704.9729 701.5976 696.3629 692.3446 694.2604 704.1757 715.3029 730.9143 743.6631 746.5079 752.5036 768.715 767.0958 755.803 735.9398 696.9753 654.7401 622.2234 592.6909 569.7433 546.1558 540.2178 553.2059 572.2832 609.2297 653.035 680.8759 701.1215 745.0287 761.351 717.7606 656.232 621.2414 640.9394 697.5522 760.9699 814.2813 841.106 828.368 793.2608 754.3329
731.3709 735.5563 742.5865 748.6555 752.0057 752.1983 749.0137 746.2208 737.3238 726.1016 718.614 713.8453 710.8497 707.524 703.4153 700.0894 695.9939 692.8381 691.5791 695.2148 699.9515 706.9247 711.7415 711.8781 708.6351 707.4513 703.8519 710.5255 718.1589 726.64 729.7281 732.8322 739.5687 759.3151 767.4675 763.5639 751.3876 724.1639 680.0676 642.0928 605.7542 577.8928 555.3777 539.366 535.8413 546.5571 581.2603 629.6505 661.512 677.0278 723.0495 762.7357 742.7917 688.3132 635.1211 619.2414 665.0718 737.4014 808.1423 858.136 864.4678 836.0175 787.8369
727.1205 732.7646 738.9219 744.5709 750.3968 751.6165 749.5813 746.5329 739.4559 730.2681 722.0731 715.8107 711.2031 709.3157 705.5847 702.5928 697.3908 692.5182 689.4745 692.2472 695.3057 701.0268 712.4548 717.8811 721.3619 722.3651 722.8771 722.7444 726.5715 729.2437 726.1596 723.3708 728.0883 743.6513 758.4831 759.9388 757.3181 741.1949 705.7132 670.075 638.962 606.362 577.2902 552.318 531.6937 529.9486 555.4964 598.9612 629.3506 646.1174 690.6942 732.272 730.8809 696.2226 648.2725 616.4249 636.7184 702.9374 775.4078 841.4633 874.0933 870.6326 829.523
723.2695 725.2823 730.7753 738.7627 745.447 750.3555 748.47 747.0598 742.2258 734.5205 724.8909 716.298 709.6176 708.3444 707.7524 704.9025 697.4252 690.8848 689.0547 688.9666 691.2168 697.8906 710.8126 720.7516 729.5858 734.212 739.3085 742.4868 745.5944 745.0179 734.2616 717.9838 713.657 724.7532 743.1512 750.2277 753.9373 744.6237 723.7801 699.1849 672.2939 645.5142 613.254 580.8282 550.6744 533.0215 542.6037 572.5894 599.1647 618.8797 651.7929 687.924 696.4442 674.2836 638.8406 608.2974 609.7971 666.3665 739.8248 804.9781 851.6594 868.7537 853.0319
719.5267 717.2907 719.8901 729.7711 739.0375 746.5991 747.8115 748.9337 745.1512 738.3141 728.3007 717.7684 708.0027 705.8503 706.5085 706.2102 699.3589 692.193 689.3272 688.207 690.8699 696.2414 710.0299 723.4281 734.6886 745.8506 753.4095 759.8351 766.9796 767.7266 756.0983 731.3513 706.6602 709.2977 724.1558 737.4509 743.7692 741.6863 731.0273 722.6716 704.8588 675.3104 645.9258 610.3976 579.9958 554.2582 548.2939 563.9783 586.1363 604.3444 627.0279 648.1395 661.4286 645.4056 611.0074 586.2579 591.4835 639.3565 709.009 771.342 825.9393 852.2401 853.0514
722.527 716.176 711.3328 717.2333 726.8059 738.4777 744.1567 747.1981 746.4766 741.5028 732.1089 720.344 709.97 703.7006 703.483 703.4487 703.0401 696.1616 689.2288 686.9802 687.0477 693.9131 707.4493 726.9203 739.9658 754.0415 763.8956 774.3549 785.6835 791.8041 781.176 747.8191 718.1959 707.1277 713.3396 721.1192 730.1946 732.571 732.7535 728.1118 719.9626 695.1906 664.2394 636.1512 608.7828 582.8907 569.1707 572.4246 589.2242 612.0491 627.6133 635.9425 642.5142 624.8856 582.8068 551.2342 559.2509 610.9818 676.256 738.3843 795.2288 830.5536 840.178
728.1451 720.6567 714.2542 711.1201 717.5764 727.0606 737.4863 743.2782 745.6204 743.2155 734.6206 724.6418 713.3464 705.0344 698.8611 700.1425 700.3787 696.4556 690.1682 685.0765 681.754 688.0789 700.8548 720.1917 740.1376 754.413 770.4152 786.0919 800.8658 808.833 803.2798 767.9953 731.6794 715.8813 710.9489 711.7147 711.6983 716.0873 721.4105 722.6074 723.6678 707.2154 681.7839 655.7129 630.3695 604.3579 587.1069 584.5248 601.884 625.8232 645.3738 655.539 662.0687 643.4612 590.0518 535.8301 527.0378 570.1456 630.7198 698.3574 756.9693 797.2248 819.3724
731.7255 725.8548 719.1885 717.5131 716.0437 718.6914 727.7438 737.0805 742.6379 743.4568 737.0258 729.5079 719.7483 709.815 697.3203 693.3984 696.3155 692.5897 687.0054 680.6031 677.3152 682.2312 692.2542 710.6915 729.2728 745.4955 765.7871 789.8154 815.7401 830.6982 822.3762 793.8591 755.3061 730.3851 717.7336 706.1491 699.3555 699.275 704.9055 713.5758 718.1517 713.4241 697.4016 673.6677 647.6198 620.7747 594.2893 586.9116 597.9666 620.7649 641.9982 663.2858 681.7918 677.8853 619.718 550.6791 513.6309 532.2881 579.8514 643.3557 703.9551 746.7507 774.9381
735.6021 730.8917 725.5722 724.6196 723.0906 714.2374 717.6058 728.0201 738.4969 740.7845 736.3544 731.4879 725.8141 717.6626 700.5349 688.6791 689.9297 688.6915 685.8401 679.9272 675.5446 678.4593 688.2099 703.3816 718.7906 734.0327 752.7803 782.3647 816.0452 840.4477 837.1872 810.4191 778.0911 745.8692 724.3945 707.2951 694.7629 688.9799 689.8911 697.6508 703.5477 703.0152 696.6064 683.9909 661.9724 637.4014 606.6177 587.6302 589.0844 607.3947 624.1981 645.9147 670.222 676.2324 637.3086 573.4694 522.299 508.9853 535.6592 584.7488 638.9088 680.3524 710.62
736.2922 732.4777 729.2779 729.9565 729.3156 720.4391 713.8378 721.4885 731.3845 734.6935 733.1345 730.6086 727.121 723.4799 710.392 692.2612 686.8267 685.4617 685.3881 684.688 678.925 679.9083 686.2028 697.3872 710.1508 723.3802 739.7477 766.1508 802.2108 832.6961 836.6882 812.2167 780.1478 751.9922 726.4058 708.6166 696.2994 687.3813 682.0505 684.6077 684.8417 685.0075 684.2017 682.0594 662.0269 644.4871 618.2896 591.9609 582.0637 591.8696 605.3875 623.9727 645.3606 652.7856 634.2151 589.2117 534.7883 502.1423 503.2826 533.6528 574.0527 610.2819 639.7317
732.8728 730.2462 728.5306 727.9915 730.8817 725.4999 718.0033 720.1966 728.0414 729.5764 729.7479 727.4861 724.342 723.8317 716.1797 699.6957 688.0696 684.403 683.2523 685.3694 686.6891 687.6594 687.5302 695.4299 704.3353 715.9126 730.6648 754.6204 789.2983 819.3652 827.742 806.1915 772.1564 744.3712 719.5385 703.0117 695.4991 686.8536 674.6467 677.4507 680.7672 675.3365 676.2979 675.4914 662.4149 649.2311 628.7003 601.4777 587.579 583.6561 593.4139 610.0432 628.7914 636.7382 626.1943 596.4544 549.586 508.5027 486.4121 497.7744 523.6689 552.3511 577.9689
729.6581 727.7166 725.2386 723.5808 727.1489 726.577 722.5198 720.8279 723.4553 725.0821 726.3664 726.4783 723.6016 720.7666 715.6724 702.8586 692.1468 683.1439 681.8358 683.9777 687.5721 693.9843 698.7588 701.8126 706.6659 718.0695 734.2339 759.4877 790.4512 814.6636 818.4793 800.3986 767.026 739.6259 715.5215 696.1859 689.0954 681.5781 669.9002 668.7682 671.3677 672.3329 670.9426 671.3378 668.6201 660.8282 651.4232 629.5357 608.2534 593.6194 595.1252 609.5838 634.4656 648.0651 639.8693 619.2566 582.957 538.35 509.2205 496.705 501.4078 517.0884 534.3698
730.0262 726.677 722.4271 720.8665 724.0006 726.1155 725.3406 723.2096 721.1872 721.2421 721.8184 721.5183 722.6202 719.6218 714.6289 706.8863 695.9958 684.9853 679.7772 679.9103 682.4865 692.5834 702.4169 708.039 714.2635 726.0435 746.751 774.6404 804.3195 820.1567 820.2423 791.5175 758.8064 735.1908 715.4929 702.2018 694.5524 687.6476 678.8568 671.1633 664.3998 665.7594 668.173 673.2369 670.5986 668.7911 664.4865 656.8788 643.0314 618.3194 611.9747 622.375 644.7566 662.4551 662.6049 649.395 619.1125 581.5402 550.7955 526.5134 512.7106 514.8951 523.4125
733.7012 728.4399 722.9861 721.1187 721.8828 726.1682 728.3206 726.428 721.0439 718.8553 717.0905 716.9833 718.0903 717.561 714.1915 708.644 700.6793 690.4638 681.8798 678.7258 678.5344 686.1775 697.1124 706.46 715.3892 731.0502 756.6407 793.7037 822.8332 833.6701 821.0845 785.36 747.3174 724.5332 707.2799 695.9006 693.2166 688.9853 682.9827 679.7564 668.6938 665.1454 667.431 669.2477 670.5736 668.3225 664.6055 658.8541 653.7601 640.8624 634.3847 638.448 651.498 669.7465 679.5953 671.356 647.3221 615.7045 579.7584 549.694 530.3998 524.2866 518.5065
737.4445 733.8306 726.7876 721.8922 724.1786 727.4309 729.7122 727.278 724.6494 721.1557 714.4735 710.2347 711.7891 711.2223 707.4513 705.0364 702.9423 694.91 689.5761 684.3083 681.3148 686.1252 691.5121 700.8102 709.9085 727.4872 759.9819 802.1221 838.7584 852.5907 825.3024 783.3945 742.7582 717.7123 699.2878 684.3938 679.3842 674.8278 673.6813 672.3735 670.5583 668.3622 664.9387 664.0567 668.4141 665.1191 655.574 646.2744 650.5116 651.3176 650.5009 652.1627 659.3838 671.6838 681.0905 678.5767 654.66 622.4433 588.1652 557.2172 535.6911 522.0174 513.0676
738.1136 737.5741 732.0066 724.8375 724.407 727.8864 732.2225 730.9599 728.5216 725.1719 717.5488 706.1667 704.3118 701.2874 699.5994 699.0807 698.4848 696.0994 693.684 689.0315 689.0562 691.6213 694.2181 697.7858 706.192 721.6698 752.6565 797.227 837.7562 852.7436 827.1195 781.4496 738.3177 714.0218 696.7107 682.0922 670.7059 666.0422 665.5835 669.0774 669.3594 666.9565 662.6426 657.5904 657.6497 652.9507 645.1051 642.1357 643.3792 649.0427 652.983 656.486 663.3607 671.9053 679.0797 674.366 651.4293 620.154 586.4839 556.1853 533.3026 515.7554 504.2984
736.2217 737.5513 734.752 730.4589 727.5068 728.8312 731.5983 733.3235 733.1042 729.5132 724.5219 711.9793 698.4903 694.3455 688.7283 685.2294 686.8057 685.8546 687.8039 690.8516 690.8463 693.8829 697.6234 704.6369 709.853 722.7816 747.7059 786.4545 824.4279 839.9063 816.9365 780.026 740.6999 714.8009 697.6458 680.5983 669.7252 660.4144 663.8533 670.6804 670.663 664.96 654.6923 644.2364 640.9873 634.2877 625.7735 622.5381 626.8672 635.3792 645.9191 655.6917 665.8003 673.2761 677.5475 671.6938 648.1667 615.7631 581.3879 551.0305 527.8345 508.8802 493.5007
737.2144 734.5699 734.5536 733.7829 732.259 732.7775 734.1868 737.1779 736.0966 732.7975 727.1909 714.4596 702.4257 695.7154 687.734 678.6396 672.6584 672.7445 675.0624 681.3637 686.7708 691.097 700.348 710.6267 722.8574 737.5584 756.1808 783.6188 809.4509 818.9649 804.4447 778.4622 747.0607 723.2292 707.7891 684.5254 671.395 665.3882 669.257 672.5002 671.996 664.6729 643.0177 626.3829 621.3243 612.5814 600.5138 597.6152 598.3857 611.1832 629.3822 649.5162 663.363 671.5602 674.9393 665.7592 642.739 609.5464 573.5464 541.6227 516.671 498.8653 480.5948
