py_wake/examples/data/AJ_ParqueFicticio/Rough survey   Sector 6   Height 200m   Orographic turn.grd
DSAA
73  159
 258469   265669
 6501692   6517492
-15.24533   14.5797
[rows 108 to 134 of 159, columns 0 to 60 of 73]
-1.21607 -.7173835 -.4844348 -.5474901 -.6654549 -.697434 -.5289329 -.04054229 .4477133 .6459996 .692462 .9031219 1.509413 2.420398 3.461684 4.418213 4.90445 4.593565 3.928082 3.434204 3.406392 3.694638 3.801882 3.283158 2.250468 1.362514 .9439874 .9326044 1.373889 2.013592 2.802005 3.424976 3.642275 3.62128 3.316525 2.969557 2.329565 1.433776 .7821389 .5339351 .8245565 1.686978 3.285406 5.396367 7.32028 8.533848 9.35723 9.812482 9.392131 8.00868 6.543168 5.722795 5.874805 6.591425 7.320505 7.81788 8.312492 8.977429 9.795594 10.74244 12.01586
-.3748068 .06806519 .387381 .379328 .2679949 .1179216 -.02052061 .1570773 .4434588 .6142744 .5814713 .5679538 .9690209 1.806001 2.837202 3.838894 4.447557 4.442823 3.991624 3.57472 3.521957 3.814634 3.993894 3.553629 2.514885 1.653492 1.238437 1.226789 1.506621 1.974021 2.554809 2.951353 3.221627 3.158918 3.109597 2.999495 2.621641 1.921889 1.242429 1.091774 1.582411 2.61704 4.354552 6.483778 8.445879 9.708097 10.39342 10.66689 10.09734 8.728267 7.146422 6.088476 5.842722 6.210579 6.672521 6.997539 7.40887 8.037634 8.943886 10.12369 11.41889
.4328497 .7632302 .9750533 .9739712 .7995455 .5546781 .29999 .1979843 .3415416 .4130234 .3225622 .2178158 .4152894 1.206559 2.27331 3.233787 3.89465 4.083981 3.941069 3.797091 3.825974 4.036668 4.195718 3.887707 2.865403 2.037601 1.619505 1.516723 1.65516 1.816173 2.060615 2.32934 2.487643 2.662936 2.818855 3.042848 2.977752 2.448457 1.813071 1.676153 2.2179 3.316134 4.945934 7.010163 9.019286 10.35414 11.00178 11.12975 10.50316 8.988523 7.278435 6.068708 5.570462 5.618424 5.905466 6.205686 6.596619 7.200079 8.172915 9.426255 10.84525
1.129156 1.149273 1.227897 1.18616 .9834698 .7238619 .4330659 .2914859 .2890187 .2825047 .1609098 .02056216 .2111365 .9250705 1.913428 2.782823 3.33285 3.60459 3.930966 4.244333 4.379026 4.551573 4.716268 4.360249 3.41358 2.483852 2.044989 1.905948 1.778752 1.735771 1.772699 1.881939 2.033055 2.312563 2.672573 3.14579 3.342986 3.086709 2.494917 2.288374 2.6712 3.65901 5.166085 7.09214 8.971286 10.26994 11.03991 11.28312 10.66302 9.156081 7.14341 5.745039 5.041158 4.98499 5.214278 5.497645 5.857616 6.414673 7.311677 8.680862 10.30193
1.586937 1.388133 1.330493 1.307961 1.170136 .9821706 .747872 .5786201 .5209945 .440559 .2986197 .2064232 .4129685 1.103545 1.875111 2.564309 2.941139 3.205753 3.836667 4.575183 5.120524 5.329138 5.507242 5.095265 3.954444 2.90475 2.399316 2.152354 1.989529 1.888238 1.870964 1.898413 2.067082 2.408886 2.826801 3.309042 3.691852 3.648639 3.253017 3.00376 3.15819 3.828889 5.134712 6.883157 8.528628 9.845572 10.68046 10.97216 10.53604 8.999722 6.998348 5.364822 4.556105 4.41003 4.68663 5.009855 5.38261 5.861601 6.615206 7.932332 9.718764
1.82559 1.624521 1.550498 1.544864 1.436825 1.30204 1.178716 1.033262 .9336073 .794769 .6153109 .5617051 .7646031 1.352958 2.023358 2.482119 2.676572 2.892909 3.569796 4.612707 5.633072 6.233816 6.480388 6.019887 4.689785 3.276007 2.608901 2.338922 2.228653 2.194239 2.244054 2.287644 2.390093 2.715319 3.058966 3.500632 3.944487 4.179153 4.080499 3.795368 3.772561 4.092536 5.086774 6.551515 7.989667 9.215603 10.006 10.37061 10.04338 8.663683 6.777636 5.169257 4.267931 4.111572 4.327484 4.710284 5.089219 5.541676 6.178273 7.214248 8.838525
1.851955 1.753802 1.730501 1.727213 1.69335 1.580218 1.450946 1.397256 1.31688 1.144231 .993097 .9529351 1.144908 1.664425 2.220905 2.595277 2.677541 2.888489 3.551145 4.578222 5.774012 6.883447 7.376269 6.891771 5.369563 3.733243 2.798875 2.5483 2.491844 2.569772 2.753958 2.855466 2.858894 2.974159 3.204171 3.572197 4.097429 4.599513 4.827913 4.785474 4.561026 4.53143 5.139814 6.260088 7.426589 8.4923 9.195264 9.568892 9.321242 8.25661 6.694093 5.250268 4.365641 4.08037 4.236861 4.567669 4.966812 5.373489 5.930241 6.734444 7.871614
1.522078 1.547205 1.609131 1.642423 1.613725 1.520541 1.495057 1.468527 1.455995 1.430964 1.369676 1.341183 1.565158 2.103172 2.615858 2.997807 3.126255 3.287857 3.815645 4.764285 5.799999 6.92747 7.704454 7.516957 5.961864 4.197301 3.050612 2.762292 2.77032 2.940197 3.23931 3.40711 3.289637 3.296061 3.352915 3.528117 4.042456 4.748849 5.342379 5.569959 5.312981 5.088069 5.313526 6.02292 6.891551 7.682227 8.286327 8.652661 8.534959 7.811301 6.651985 5.473348 4.665977 4.325242 4.348521 4.568723 4.877425 5.333956 5.786929 6.435083 7.221601
.8153545 .9557309 1.021682 1.086057 1.132507 1.113368 1.190709 1.298518 1.439861 1.584291 1.683668 1.833777 2.127922 2.657847 3.15346 3.543989 3.680441 3.850271 4.323843 5.026589 5.809825 6.548126 7.203896 7.349721 6.341709 4.691411 3.535414 3.075236 3.142813 3.390744 3.69041 3.873943 3.811459 3.597636 3.519345 3.519354 3.778565 4.453604 5.275066 5.756603 5.68421 5.321454 5.269234 5.615705 6.137035 6.720899 7.212922 7.587812 7.637777 7.26139 6.424169 5.551978 4.91675 4.593496 4.466794 4.577383 4.828593 5.22759 5.673003 6.170521 6.67301
-.1306082 -.01071318 .07686517 .2092037 .3269636 .5063727 .6842812 .9901811 1.312694 1.625418 1.948534 2.237067 2.631593 3.122609 3.472149 3.708281 3.826671 4.026335 4.4064 4.985329 5.547326 5.972198 6.234914 6.411015 6.060416 5.133037 4.16686 3.716423 3.770944 3.951437 4.252169 4.41771 4.256799 3.931931 3.68824 3.347569 3.161966 3.543992 4.382069 5.181825 5.282726 4.934344 4.638927 4.72998 5.125823 5.542584 5.936071 6.323861 6.524736 6.391646 5.973947 5.384158 4.918398 4.644674 4.546432 4.551983 4.711982 5.036635 5.446613 5.872386 6.129256
-1.280122 -1.152892 -.9861351 -.7649711 -.497259 -.1501393 .210436 .5876967 .9886289 1.409642 1.829006 2.30679 2.802337 3.193933 3.289016 3.218624 3.27523 3.404825 3.784021 4.222893 4.758318 5.11841 5.12666 5.126596 5.180243 5.184849 4.850371 4.607888 4.502074 4.511714 4.727014 4.858821 4.486042 4.013996 3.479774 2.626544 1.956083 2.044231 2.861345 3.833512 4.250149 3.9853 3.547678 3.416249 3.685836 4.020927 4.432843 4.841588 5.212321 5.397585 5.318923 5.01662 4.765021 4.557782 4.5 4.476017 4.599892 4.780428 5.082435 5.312319 5.255576
-2.218497 -2.017949 -1.733009 -1.395105 -1.013995 -.5080408 -.01381824 .4060994 .7815735 1.11041 1.419496 1.838948 2.294502 2.578627 2.526528 2.257189 2.081315 2.133888 2.376803 2.796847 3.368896 3.902597 4.10855 4.11983 4.245121 4.691139 5.169869 5.310628 5.16024 5.00206 5.055981 4.926649 4.367391 3.664338 2.83549 1.73647 .7552605 .5269488 1.186566 2.335811 3.049721 2.981651 2.501605 2.161789 2.313257 2.60964 2.941189 3.384884 3.880908 4.320772 4.621519 4.614565 4.502367 4.435183 4.382056 4.347757 4.392611 4.471735 4.573024 4.525782 4.258986
-2.454371 -2.194119 -1.889861 -1.53819 -1.064258 -.4871287 .07560814 .5677167 .8679472 .8775178 .8521235 1.140213 1.564476 1.734978 1.633082 1.249456 .8754884 .7399459 .9603341 1.391231 2.054428 2.842326 3.350611 3.382139 3.576835 4.065804 4.757471 5.387588 5.464783 5.236875 5.119597 4.762391 4.005149 3.133246 2.068381 .8231646 -.07944597 -.4442244 .05541497 1.129304 2.075691 2.356594 1.949613 1.409824 1.326337 1.499276 1.873239 2.300789 2.834632 3.448429 3.925571 4.142979 4.22817 4.177768 4.131961 4.086345 4.035798 3.979045 3.796959 3.539561 3.249305
-1.965784 -1.807917 -1.607389 -1.279594 -.8420258 -.2113314 .3597369 .9784839 1.205346 .843936 .4386408 .5257612 .7685733 .9569839 .7816916 .3652355 -.077652 -.3089769 -.1759278 .2511096 .9436142 1.889828 2.61718 2.888067 3.005512 3.419011 4.005205 4.718883 5.289871 5.342477 5.16201 4.637194 3.685334 2.730325 1.522278 .3474647 -.5086416 -.7653605 -.462828 .3910497 1.343838 1.812914 1.625037 1.063144 .7971767 .9656665 1.276589 1.739466 2.284366 2.828804 3.365684 3.723086 3.823923 3.804851 3.717415 3.538769 3.385347 3.204382 2.963269 2.723636 2.720964
-1.579271 -1.482285 -1.2731 -.9843485 -.5150166 .08644459 .706977 1.416016 1.604083 1.168868 .4937753 .1770841 .2702794 .4206925 .2114733 -.2308922 -.7728 -1.075811 -1.012422 -.6957349 -.05045066 .9260657 1.846375 2.339056 2.563057 2.847559 3.36921 4.001349 4.794957 5.345332 5.352898 4.718615 3.710385 2.57363 1.395056 .2171743 -.654236 -.8879119 -.7403175 -.1193073 .6015235 1.120362 1.162577 .7575803 .5496093 .7106109 1.03884 1.513498 1.976208 2.45191 2.900988 3.289118 3.398426 3.311885 3.051587 2.763965 2.560961 2.509414 2.483103 2.571868 2.911112
-1.349935 -1.264568 -1.044427 -.715598 -.3075922 .2253905 .8878093 1.458367 1.860301 1.565807 .819226 .302685 .1366333 .07482497 -.05389254 -.3417613 -.8364188 -1.278767 -1.415404 -1.184498 -.6542947 .2671979 1.329781 2.084622 2.4098 2.590284 2.842391 3.455383 4.448235 5.382426 5.727906 5.163436 4.04082 2.753378 1.383878 .05849801 -.9018579 -1.252586 -1.136446 -.6244753 -.07976147 .3306491 .5196465 .4346258 .3745275 .5698218 .9228714 1.392188 1.812871 2.170618 2.557506 2.803879 2.920111 2.738094 2.28743 1.902813 1.8332 1.952938 2.461668 3.051619 3.492272
-1.206429 -1.123432 -.8986294 -.6582929 -.3173153 .03233134 .5401172 1.205546 1.842999 1.793401 1.140895 .562606 .1920941 .02915497 -.05421067 -.1322493 -.4108707 -.7024699 -.8075957 -.6795653 -.2412377 .4790362 1.310694 2.163787 2.528738 2.472819 2.6256 3.107853 4.215029 5.55115 6.265898 5.730375 4.457497 2.906072 1.22079 -.2396549 -1.282573 -1.793879 -1.694845 -1.152176 -.6679388 -.2947399 -.02207083 .1243165 .21752 .4327383 .7150672 1.162384 1.639943 1.98311 2.223491 2.378809 2.300176 1.997814 1.573881 1.241628 1.311413 1.879351 2.852802 3.659 4.050832
-1.106813 -1.084861 -.9873835 -.8209006 -.5970403 -.3997612 -.09991729 .5435106 1.454075 1.867045 1.416537 .786258 .2509423 -.002084895 -.0339579 .09172681 .09717039 .01104125 .02741375 .2323844 .6285836 1.116533 1.652139 2.190576 2.585521 2.534285 2.618996 3.08458 4.205317 5.780333 6.792939 6.317067 4.681633 2.800056 .9216368 -.6429675 -1.760889 -2.288227 -2.144849 -1.591848 -1.068378 -.729535 -.4764377 -.2495934 -.02823923 .255055 .5259891 .8803135 1.334112 1.676602 1.853641 1.7935 1.536012 1.075312 .7546971 .6301366 .9414956 1.859202 3.122376 4.161867 4.558352
-1.066178 -1.123362 -1.107411 -1.084346 -.9992003 -.8918277 -.7989144 -.1515902 .9058834 1.659083 1.5442 .9605581 .3338089 -.2153169 -.417806 -.2470549 .09512848 .3326679 .4988532 .735724 1.071683 1.369451 1.668476 1.988974 2.280228 2.469656 2.568971 3.056695 4.044405 5.615154 6.823363 6.475904 4.73735 2.597426 .6046642 -.9764411 -2.096315 -2.69474 -2.595737 -2.06214 -1.532041 -1.187435 -.9583258 -.7308844 -.4076982 -.09548051 .1480811 .4187062 .9233017 1.304502 1.399765 1.182137 .6998888 .2290014 .02078791 .1505683 .7445939 1.858533 3.259335 4.522912 4.997483
-.9680381 -1.116956 -1.225901 -1.249701 -1.258109 -1.278808 -1.282454 -.7994661 .1482558 1.073475 1.389497 1.119542 .4327597 -.4146911 -.877715 -.7443763 -.2478116 .1941766 .3937081 .5929473 .7598914 .9528735 1.223189 1.468701 1.612969 1.754449 2.01524 2.462007 3.347 4.808029 6.136585 6.022103 4.441502 2.367224 .4397735 -1.193388 -2.342892 -3.058641 -3.117259 -2.71656 -2.173007 -1.776488 -1.498619 -1.242227 -.8767334 -.5100185 -.1572155 .114239 .5403627 1.058684 1.402363 1.18291 .6749251 .1848845 .02034431 .2972023 1.01048 1.947984 3.159665 4.545816 5.185983
-.9041339 -1.047201 -1.152786 -1.255482 -1.427591 -1.591925 -1.851452 -1.637446 -.854188 .09902564 .8857178 1.060557 .6152077 -.2808873 -1.003235 -1.190099 -.801133 -.3163345 -.1067156 -.003510231 .0550865 .2275878 .4554521 .6287462 .5901571 .531706 .7026528 1.143904 1.976861 3.355823 4.872344 5.180723 3.869086 1.955906 .1115728 -1.513317 -2.74334 -3.565731 -3.811162 -3.470889 -2.908718 -2.402487 -2.016652 -1.686898 -1.259727 -.8041784 -.297857 .1117999 .5892426 1.199154 1.827727 1.930932 1.437972 .9161339 .7669603 1.090125 1.565349 2.047817 2.819019 4.121525 5.004751
-.5844977 -.6694453 -.8124517 -1.044167 -1.501411 -2.064334 -2.54304 -2.511774 -1.870123 -.9879558 -.04703155 .7405609 .7563794 .1657064 -.743441 -1.410079 -1.363153 -.9931172 -.7088879 -.6244622 -.5415771 -.4174815 -.2824942 -.2095925 -.3885568 -.6882145 -.6978924 -.3318391 .5460007 1.887119 3.426632 3.914352 2.979548 1.285456 -.4016337 -1.902433 -3.086466 -3.924644 -4.249319 -3.960078 -3.388989 -2.806373 -2.390411 -2.0016 -1.523373 -.9452081 -.3209354 .3314875 .8833503 1.587258 2.318968 2.713605 2.453344 1.944252 1.667355 1.791975 1.901679 1.915564 2.340515 3.43432 4.45683
.1073134 .04999472 -.2330618 -.7941173 -1.449843 -2.24729 -2.960349 -3.116757 -2.663643 -1.814571 -.7693436 .2797773 .9376763 .7230915 -.2297209 -1.255319 -1.757798 -1.520525 -1.16304 -.9664984 -.924496 -.8156272 -.6249804 -.640061 -1.024294 -1.521644 -1.756405 -1.37363 -.3824746 .9407803 2.170087 2.652165 1.939966 .6939783 -.7759377 -2.061679 -3.026495 -3.716877 -4.005086 -3.917347 -3.408734 -2.819173 -2.466074 -2.101103 -1.621647 -.9406155 -.2362518 .5153644 1.259396 1.970223 2.782375 3.395156 3.315176 2.790255 2.281464 2.0881 1.942018 1.76204 1.928291 2.781645 3.930234
.922353 .8931057 .3942163 -.3533266 -1.140978 -2.032183 -2.907938 -3.28176 -2.992234 -2.230213 -1.211563 -.02111785 .9665143 1.188623 .3786993 -.817774 -1.703625 -1.869577 -1.460587 -1.144323 -.9482749 -.879779 -.7890899 -.7954874 -1.304739 -1.939075 -2.224128 -1.798683 -.7699179 .4936022 1.517143 1.79168 1.317451 .3317144 -.6682532 -1.635482 -2.409382 -2.930766 -3.32935 -3.39288 -3.086775 -2.671793 -2.288396 -1.956261 -1.47749 -.8050377 -.1185976 .6681651 1.5238 2.429231 3.294781 4.007204 4.037355 3.43909 2.748803 2.308984 2.04624 1.791025 1.806933 2.279092 3.208257
1.352005 1.399472 .9801109 .1697466 -.6972266 -1.68823 -2.702451 -3.177323 -3.086951 -2.578949 -1.622704 -.4872081 .5365145 1.159208 .8165814 -.3299659 -1.441892 -1.900912 -1.767447 -1.292726 -.9387414 -.8541637 -.7691146 -.8831074 -1.400392 -2.104505 -2.390452 -1.989157 -.9419657 .2091524 1.04364 1.23309 .9353284 .3896201 -.1490016 -.8009425 -1.454309 -2.057921 -2.59303 -2.877356 -2.766707 -2.467886 -2.095138 -1.756888 -1.325205 -.7714049 -.1724506 .6694418 1.731593 2.759635 3.705375 4.48201 4.541614 3.918941 3.139554 2.626944 2.24187 1.846292 1.692181 1.813065 2.483735
1.396188 1.672971 1.407045 .5768557 -.340818 -1.362365 -2.384761 -2.988897 -3.115169 -2.870341 -2.137498 -1.163782 -.1916926 .5404914 .657908 -.1216452 -1.242773 -1.943763 -2.024617 -1.64582 -1.115954 -.8675818 -.787939 -.9669213 -1.588176 -2.290089 -2.566424 -2.261153 -1.322325 -.1906413 .6532392 .8381896 .5618094 .1961886 -.02121915 -.2061849 -.7267491 -1.501728 -2.165193 -2.578303 -2.656387 -2.470728 -2.078778 -1.743591 -1.371259 -1.016415 -.4357604 .3692832 1.569875 2.812951 3.80619 4.648356 4.903453 4.313711 3.501791 2.963864 2.541537 2.062803 1.724277 1.6222 2.001879
1.17545 1.766757 1.758306 1.002475 .08935227 -.9440765 -1.844915 -2.555672 -2.90748 -2.936125 -2.577347 -1.848411 -1.003833 -.2532063 .083905 -.3527144 -1.309749 -1.962955 -2.175899 -1.983479 -1.485427 -1.079766 -.9093809 -1.099409 -1.823337 -2.549074 -2.938566 -2.597728 -1.882586 -.8419859 -.06872785 .180877 -.02377258 -.2580224 -.3854123 -.36813 -.6016637 -1.132601 -1.845679 -2.488064 -2.731267 -2.663001 -2.350939 -2.032535 -1.762633 -1.360412 -.86216 -.1544485 1.028985 2.480218 3.559499 4.390526 4.936395 4.681368 3.890799 3.323549 2.96077 2.448089 1.968872 1.581821 1.665118
