py_wake/examples/data/AJ_ParqueFicticio/Rough survey   Sector 9   Height 30m   Orographic turn.grd
DSAA
73  159
 258469   265669
 6501692   6517492
-148.9397   100.5022
[rows 0 to 27 of 159, columns 0 to 60 of 73]
-1.20685 -.6757035 -.4993759 -.3233665 -.2047949 -.06260306 .1096569 .2466884 .3727015 .4947289 .5758086 .5458155 .5431613 .4607037 .2785619 .1437308 -.01203527 -.07788923 -.242784 -.2669808 -.2338954 1.55648 2.981566 2.408862 .2530496 -5.075524 -7.105843 -3.793376 -3.37654 -4.611423 -5.675111 -5.450828 -6.384083 -6.377508 -6.854194 -6.308325 -3.902134 -.715527 -1.085825 -1.009222 -.4683637 .714745 1.692952 2.623679 1.949023 2.010822 1.81964 1.902891 1.942468 2.026387 2.121628 2.183139 2.258958 2.387975 2.2007 1.979132 1.745586 1.379845 1.05425 .5384988 -.02853378
-.3787764 -.3658461 -.3643905 -.2215721 -.03839907 .1282787 .2444399 .3892543 .4837498 .6181029 .8191363 .7838678 .7542782 .6666349 .3875349 .1055541 -.125785 -.3296099 -.8127303 -1.450307 -2.396138 -1.516553 1.486824 2.920584 2.127982 -2.908318 -9.147385 -6.43549 -4.335403 -5.054703 -5.52273 -6.162756 -7.022274 -7.633048 -8.704195 -7.955459 -5.445517 -.845291 -1.229465 -1.226975 -.7242776 .1402664 1.24915 2.081721 1.160794 1.270048 1.405421 1.595022 1.858363 1.970089 2.373636 2.585475 2.810136 2.842665 2.59871 2.381399 2.038967 1.625026 .9897001 .4271809 -.2095438
.3655294 -.6368944 -.5097077 -.1498131 .1761299 .3767406 .5137957 .5932903 .6284248 .7367482 1.115927 1.292229 1.266062 1.194023 .6661423 .1092704 -.264033 -.6259049 -1.310086 -2.626875 -3.284483 -2.86372 1.671239 4.087326 3.406388 -2.868623 -8.005844 -7.33143 -5.700812 -5.9603 -6.028948 -6.601653 -7.253112 -8.430961 -10.39046 -10.09794 -8.305182 -2.226643 -1.556252 -1.674398 -1.295877 -.1695056 .9685236 2.641622 1.414983 .9233664 1.022988 1.332477 1.81662 2.169606 2.950543 3.630742 3.375521 2.927866 2.767403 2.603067 2.257547 1.777949 1.143847 .4326783 -.375649
2.261196 .3739083 -.560766 .1111474 .4179778 .6398628 .8689622 .9559216 .9413416 .9679506 1.075684 1.567075 1.852946 1.848364 1.346762 .1713829 -.377569 -.8451374 -1.615543 -3.108793 -3.581132 -3.330678 .167346 1.70168 3.184864 -2.286573 -6.942079 -7.800653 -6.852478 -6.884982 -6.811275 -6.668827 -7.572025 -9.27899 -10.91942 -11.59841 -10.46977 -4.732636 -1.995258 -2.758842 -1.193683 .829348 1.702767 2.383136 3.23478 .8520834 .7890133 1.408399 1.998181 2.328451 3.08619 3.193955 2.894922 3.015069 3.130129 2.970292 2.620164 2.065336 1.332548 .4044408 -.6767879
4.129197 2.048934 .3804638 .6606676 .6099707 1.018627 1.450508 1.581927 1.451158 1.422755 1.371879 1.316773 2.353138 2.646666 1.91559 .4495499 -.4063765 -1.123166 -2.022666 -4.038208 -3.90272 -2.826513 -1.229599 .851526 2.590943 -1.263994 -5.343382 -6.346182 -6.3651 -6.626232 -7.341667 -7.124972 -8.057885 -9.147986 -9.282588 -9.461878 -8.954796 -4.184183 -1.525133 -.3557159 2.945487 4.376468 3.160917 1.812092 1.918237 -.02634046 1.034987 1.70262 1.661387 1.637628 1.811488 2.581132 2.82106 3.270744 3.530736 3.502773 3.130351 2.479135 1.584648 .4130849 -.9046526
4.366234 3.7389 2.863884 1.344055 .5325789 1.274348 2.64791 2.390029 2.010549 1.898173 1.841715 1.315232 2.42179 2.862834 2.236485 1.221154 -.2145422 -1.47103 -3.619787 -5.129147 -4.310703 -3.5637 -1.837387 -.1855854 1.98372 .03808126 -3.313622 -4.683987 -5.15336 -5.529894 -6.066439 -5.237601 -3.624443 -2.244875 -2.2963 -3.650372 -4.467364 -1.745505 1.827645 4.386662 6.189471 7.708774 4.067935 1.635524 1.195518 1.901461 2.527961 2.220816 1.435977 .7321351 .8562497 2.02223 2.919415 3.779895 4.332083 4.381483 3.922587 3.105416 1.982968 .5300484 -1.314038
3.79156 3.765494 4.11231 3.203602 1.468533 1.105875 2.26598 1.628411 1.317625 1.278295 1.577316 1.636247 1.730385 2.195018 2.360919 1.970662 .603131 -1.197828 -3.099045 -5.797517 -5.279944 -3.315868 -2.143407 -1.357309 1.468529 .610045 -1.569124 -3.103498 -3.977249 -4.425757 -4.741281 -3.498584 -1.138548 -1.4479 -2.150426 -2.767236 -3.011303 -1.557986 .7264698 .8168026 2.839337 4.738761 2.990646 .8530698 1.698408 3.62278 3.868874 2.430854 .6063168 -.06888267 .5637899 1.760188 3.100336 4.678038 5.790347 5.712087 4.961886 3.967379 2.677542 .6368402 -1.989079
3.311071 3.379347 3.429769 4.003412 1.503292 .6053506 1.099662 .9777108 .6979329 .7856094 .9886245 1.232693 1.642078 2.318803 2.708871 2.872921 2.120229 -.09015272 -2.216003 -5.986433 -6.021799 -4.979191 -2.790139 -2.185048 .8652413 1.212706 -.214911 -1.912357 -2.824059 -3.229844 -3.314919 -1.790493 -1.053199 -1.003967 -1.384662 -1.891552 -2.086908 -1.22368 -1.361931 -4.818061 -.07120352 3.155754 2.728582 3.031999 5.477886 4.614776 2.689412 1.443162 -1.27246 -1.5997 .03039597 1.225479 3.079739 6.941587 8.848829 7.538222 6.209169 5.084177 3.62145 1.484613 -.4522417
3.148344 3.376833 3.677934 4.501659 4.103619 2.170044 1.70237 .9608219 .2200281 .1742018 .8010249 1.258286 1.845378 2.3411 3.129581 3.90007 3.577931 1.734802 -.8403817 -3.821622 -6.479828 -4.867395 -2.887745 -2.863802 .4083894 2.329634 1.876946 -.5395256 -1.319786 -1.489927 -1.841272 -.8769562 -.09789941 .324205 .2406992 .09303862 .7773566 .4775781 .101423 -2.225152 -.06791101 3.447911 4.855165 6.777935 6.231571 5.370936 3.031212 3.858163 2.716072 1.736119 3.625115 4.95369 8.245031 10.44031 11.21306 9.369673 7.292311 6.212901 5.189108 4.494831 3.264857
2.964411 3.267974 3.804713 4.426386 4.729391 3.660309 1.571252 .02366241 -.6153945 -.259221 1.063764 1.742041 1.98784 2.201448 3.440315 4.848565 4.756186 3.017996 .745799 -1.29881 -3.781836 -3.5807 .4641181 .6903405 .1967485 2.896473 3.287447 1.068075 .6375715 -.04823605 -.7276405 .1428086 1.177835 1.879011 2.372005 2.557585 1.791368 1.226381 2.14145 2.374873 4.230886 8.447769 11.56312 8.787856 7.794615 6.889345 5.904226 7.906026 7.69897 5.799247 7.627903 11.13543 12.61779 10.82279 10.34871 9.769228 7.825014 7.246445 6.852007 8.194063 7.5128
2.712292 2.99948 3.400534 3.372465 2.310331 1.236407 .8259252 -.5783683 -1.030582 -.1873924 1.89752 3.142136 2.269729 1.353501 1.951821 4.901248 7.062381 4.492185 1.927824 .6413972 -.867917 -1.593761 1.290959 1.570948 .8542638 3.27721 5.75307 4.682167 3.088503 .7363207 .6789578 1.695447 2.556532 3.511507 4.034861 3.035604 2.950918 2.694287 3.206643 4.756452 6.613629 9.15231 10.76962 9.038004 9.136073 10.57243 12.56894 13.74148 13.24029 11.93718 12.48541 13.21223 10.85264 8.740486 8.467957 7.820815 7.233875 6.82657 8.629675 10.57603 11.35656
2.149044 2.357127 2.373514 1.232694 1.744836 1.398161 1.848817 .9196713 -2.066777 .7440187 3.90714 4.838884 3.654101 .323148 .1158531 3.579682 4.635418 4.266602 2.942783 1.834149 1.384634 .5015023 .2735564 .5163059 .7114061 1.370228 5.688806 4.844578 3.194031 1.759795 2.592745 3.20731 4.026402 4.908322 5.199083 4.179363 4.024249 4.054202 4.225239 5.881834 7.578494 9.278336 10.43784 10.80878 11.55784 13.84825 15.38963 16.84858 19.23817 18.15195 14.5993 10.09945 9.065235 8.543895 7.391796 6.392434 7.28668 8.886885 9.559992 12.58576 15.19541
1.517971 1.495868 1.469812 1.239098 1.919446 2.403885 3.225493 4.121374 -1.615314 1.063363 1.621679 1.930985 3.049816 .9126539 .5816456 1.208863 4.262068 4.987269 4.844494 3.050074 1.689274 -.01728392 .1548434 .4527668 .8544481 1.686186 3.060033 4.96735 5.188929 5.600045 5.156716 5.36282 5.761683 6.143678 6.341592 5.847304 5.242285 5.370468 5.908153 6.961261 8.524964 9.835852 11.56973 12.86535 13.07285 13.17862 14.61312 16.66758 18.27242 17.5319 14.06508 8.762623 8.755571 9.848561 9.417415 9.708454 13.70403 18.61718 22.67321 25.2182 25.03248
.9618276 1.133204 1.825418 1.849399 2.200604 2.735037 3.224928 3.127939 -1.802955 -3.273974 -1.161742 1.95879 3.33508 1.5243 -.5833023 .246896 3.381918 5.060049 4.838298 3.538501 2.632829 2.200422 1.483802 .3056103 1.11315 2.057721 3.613633 6.009682 7.800165 7.276113 6.919611 6.559492 7.015034 7.677026 7.648535 7.448466 6.562438 6.588373 7.183517 8.331812 9.934809 11.32246 13.12356 14.98454 14.9822 15.6369 16.40417 17.99993 18.57466 18.43699 15.57788 13.03619 12.7656 15.65403 20.42604 28.3418 32.67457 33.99036 33.66537 31.66996 27.50567
.6559594 1.284779 1.840538 2.08187 2.344528 2.69083 2.929937 2.615445 -.265107 -2.074159 .7975782 2.108128 2.755987 2.416813 1.204915 1.185851 2.031084 2.39379 3.474245 2.936903 3.130951 3.494555 4.179234 2.285214 1.353041 2.350268 3.354112 4.621475 5.74012 6.323762 6.610139 6.973938 7.377373 8.97796 10.04109 9.295753 7.573201 7.440257 8.249136 10.59507 12.85037 14.55594 15.5015 16.57584 17.79822 17.4238 18.30767 18.86071 20.43565 19.62509 18.11004 17.64569 19.10278 23.03583 28.14347 31.83316 33.93205 34.55185 32.64388 28.75011 24.33729
.6314117 1.377915 1.856331 2.105157 2.359011 2.483007 2.524816 2.371053 1.500809 .3334488 1.24169 1.74277 2.020588 1.929755 .8993682 -.2387829 -.1852782 -.0924575 1.687148 2.021373 2.031439 3.302273 5.367521 5.127034 3.764832 2.371704 2.957221 4.053429 5.112646 6.122009 6.568042 7.002119 8.422929 12.28377 14.90794 12.63697 8.806654 7.78895 8.567165 11.36487 14.68299 14.75209 15.1022 17.60387 19.4601 20.12352 19.65849 19.30865 19.87125 20.13504 20.36841 21.09684 23.50831 27.46512 31.69956 36.24081 34.80516 28.38714 23.71221 19.64146 15.68003
.6912113 1.313809 1.768758 1.977003 2.150375 2.23323 2.206369 1.930898 1.392876 .8268473 1.033819 1.099603 .9165769 .5261599 .5620334 .244899 -.2011184 .6192381 1.973264 2.436299 2.796532 3.713625 5.160648 6.493805 6.722567 4.629032 2.840576 3.607839 5.263109 6.595092 7.112056 6.559666 9.097365 14.0796 12.76575 11.60924 7.324266 5.921272 7.753502 13.4952 17.37929 16.2599 17.27726 18.9291 20.78775 20.84708 19.89296 20.55409 22.51341 22.42111 22.01212 23.58183 26.85914 27.90661 25.91348 21.61408 17.0386 14.86444 13.06137 11.2632 9.997617
.723659 1.239065 1.673764 1.892298 2.012444 2.04084 1.929067 1.737242 1.349868 1.20817 1.137107 .8619373 .1330755 .8580365 1.298044 1.301387 1.204907 1.507046 2.167486 2.740289 3.163406 3.717502 4.641758 5.767594 6.601811 6.633526 3.679362 2.114456 4.087889 4.020599 2.443972 3.62682 6.995015 8.146901 8.839993 9.29488 6.05837 .8543912 1.429039 6.511255 16.66477 20.54009 21.8086 23.1155 24.0145 22.09069 20.4157 19.74537 17.7565 15.36288 13.49218 13.02287 13.34766 13.08925 11.91119 10.55355 10.26958 9.70295 10.25515 10.81671 10.62835
.6591706 1.107799 1.386336 1.782409 1.829752 1.896605 1.7977 1.529294 1.284664 1.257875 1.269799 .7799331 .069547 1.245251 1.567144 1.602275 1.776631 2.067738 2.367568 2.72477 2.983601 3.217466 3.556493 4.137767 3.915614 3.791539 2.974813 .2114494 -1.264778 -1.195872 -1.583308 -2.566619 1.309018 3.967704 5.259623 6.654853 5.36506 -.2683263 -3.745298 3.133413 15.22594 18.20991 17.39621 15.67232 13.83628 11.75378 9.796906 10.38828 10.69532 9.921173 8.234823 7.704513 7.688145 8.172312 9.197474 9.699809 11.17263 11.77115 12.03789 12.31362 12.51426
.5083475 .8398998 1.23167 1.673308 1.75919 1.796467 1.593609 1.374799 1.152504 1.106516 1.084682 .9043031 .5564243 1.214932 1.634613 1.863759 2.071119 2.449326 2.517555 2.658512 2.590079 2.601534 2.236468 3.055361 3.495295 3.324654 2.318046 .45389 -1.975541 -2.297516 -2.886842 -6.397295 -4.893645 2.150047 4.616517 6.939905 7.285506 1.015843 -7.855619 .2910066 9.227802 11.1711 9.521749 8.607427 7.624949 6.300627 4.231205 4.831225 6.568347 7.19331 6.141532 6.153258 6.385697 7.432288 9.419167 11.57436 12.26463 13.18833 13.8392 13.46258 13.09466
.5261912 .7174303 .9561005 1.448519 1.698599 1.588047 1.472611 1.283709 1.046388 1.084427 1.45554 1.367984 1.156937 1.434028 1.759493 1.96046 2.052847 2.522919 2.452033 2.218187 2.101306 2.064945 2.403408 3.0902 3.360156 3.253257 2.471411 1.525711 1.455903 -.8698878 -.8360258 -2.888186 -7.087705 4.175861 5.653604 6.682975 5.649459 -.800769 -11.74258 -7.916631 1.824607 4.665794 5.559511 4.230704 4.806622 5.987077 4.593215 3.716813 5.554827 8.051372 6.93425 7.516382 7.096095 8.740993 11.00331 13.09445 14.49611 15.38689 15.5839 14.42928 13.28264
.8450785 1.103141 1.00706 1.563941 1.696666 1.537237 1.322818 1.106677 .9087306 1.271442 1.783858 1.755014 1.578813 1.708129 1.880086 1.89432 1.925895 2.265973 2.166035 2.089623 2.10865 2.283387 2.599445 3.092754 3.408738 3.471842 3.148941 2.675678 3.824411 2.814054 2.191947 1.255427 -4.303182 -2.239322 2.744347 7.598051 7.786382 1.496285 -11.46272 -8.398867 -1.659622 2.913674 4.938109 6.256236 7.128845 8.245025 7.187073 5.981535 7.287523 9.388186 10.01031 9.386755 9.87138 10.58486 12.90281 14.97915 16.62416 16.87286 16.19675 14.25022 11.46267
1.052988 1.48106 1.548146 1.413001 1.491701 1.362555 1.161639 .9986382 .8480185 1.343819 2.017529 2.059451 1.916643 1.931366 1.951498 2.0453 1.612979 2.582 2.528556 2.47883 2.409667 2.629224 2.939357 3.218003 3.505598 3.815082 4.010298 3.721448 3.367125 3.120957 3.074545 1.882771 -4.444708 -5.954934 -1.108602 8.49952 9.408516 3.16093 -8.739942 -11.98558 -2.661741 3.285742 7.166627 7.619851 8.093157 8.568951 8.838285 9.607279 11.2202 11.41221 12.41976 13.05059 13.08218 13.44448 14.27053 16.46906 16.67164 15.80723 14.66072 12.03544 7.936903
1.146446 1.490416 .932008 .8032267 .9893305 1.072081 1.014638 .9277967 .9208507 1.412672 2.051512 2.125618 2.063549 2.056016 2.001364 2.073519 2.040908 2.498252 2.67782 2.579757 2.665312 2.903342 3.1724 3.368955 3.60031 3.9414 4.264046 4.654223 2.612758 1.585282 .8657156 1.66394 -.6692576 -5.252656 -4.069054 6.342794 8.483079 4.726031 -3.242949 -9.306472 -5.691853 3.862844 7.295854 8.797911 8.950283 11.07626 11.75278 12.78264 14.46049 15.26195 15.63923 15.60848 15.46202 15.28967 15.07003 16.17871 15.64922 13.8892 11.58497 8.474937 5.037504
.9818174 1.065725 .7249291 .6494847 .7998641 .9198093 .9188582 .9199321 .9510041 1.506614 1.912526 2.021988 1.968694 1.903202 1.892337 2.15223 2.031104 2.212025 2.573467 2.625898 2.665876 2.896966 3.268878 3.380715 3.544983 3.474257 3.358347 3.290817 1.101186 -1.814966 -.6987652 2.163507 2.44253 -1.132667 -5.671237 3.789155 6.263293 4.194618 1.075692 -3.345836 -3.933684 2.927354 7.444204 9.274062 9.83804 12.61375 13.69777 14.92921 16.39807 16.98185 18.27118 18.18595 17.13163 15.24409 13.19276 14.40621 14.01822 10.96551 7.428139 5.464804 2.414197
1.224191 .87761 .7392545 .680814 .7220776 .8974602 1.01098 1.017937 1.047619 1.411028 1.711206 1.753208 1.780285 1.854894 1.89197 2.190611 2.245856 2.295732 2.507635 2.571118 2.598462 2.618474 2.991967 2.990196 2.723597 2.044081 1.527662 1.541265 .7462603 -1.633176 -.0710265 2.691394 2.709317 2.044834 -6.000259 .3909447 4.714842 4.467748 2.796553 -.2669371 -4.472218 -1.259797 6.41348 7.995874 10.75136 12.83726 13.70148 15.64077 16.85185 18.20735 18.49826 18.66426 17.97201 14.74614 10.67176 11.21345 11.81487 8.212769 4.169984 2.944524 1.380498
.8271815 .2910926 .3581597 .5323961 .6659853 .8495894 .9957808 1.157993 1.133686 .890855 1.154522 1.370976 1.597343 1.78587 2.009791 2.031893 2.134326 2.284149 2.394018 2.490565 2.350735 2.224291 2.319034 2.195368 2.875654 2.684666 .7467497 .8435443 2.099361 .5750519 1.720659 2.87306 2.741678 1.153066 -2.749717 1.390015 3.802955 3.57747 2.522713 -2.162457 -4.090516 -1.777664 5.115733 7.819126 10.30795 11.53183 13.45643 16.94385 18.31804 18.38323 18.23087 18.08914 17.54398 13.85505 8.142159 7.592576 9.326755 6.796782 4.159994 2.609858 1.642889
.516064 .3311305 .3251601 .3986151 .6032074 .7679456 .9316273 1.043249 .6687867 .490329 .7035511 1.017048 1.333869 1.67912 1.799416 1.952212 2.005011 2.228542 2.289897 2.2738 2.167677 1.781375 2.457418 2.555344 2.827927 3.013611 2.578901 1.892452 2.698064 2.554947 2.492556 3.103174 3.48543 1.955679 .0009400501 3.18135 3.241842 2.625932 3.677697 .06029484 -2.068903 -.8661166 2.207306 7.486039 10.18438 12.1428 15.03555 16.65904 19.1423 19.35896 16.89347 15.68276 15.42344 13.25098 7.625022 5.791822 7.654511 6.939542 5.283877 2.799478 3.203833
