py_wake/examples/data/AJ_ParqueFicticio/Rough survey   Sector 2   Height 30m   Mean speed.grd
DSAA
73  159
 258469   265669
 6501692   6517492
 .0483088   7.25462
[rows 0 to 27 of 159, columns 0 to 62 of 73]
2.879694 2.873576 2.879232 2.873575 2.868897 2.863115 2.857978 2.854683 2.850145 2.84562 2.842332 2.841109 2.835394 2.829822 2.82776 2.815128 2.800288 2.772155 2.736145 2.685083 2.583484 2.622671 2.721541 3.100783 3.127021 3.081002 3.096076 3.153026 3.236958 3.275023 3.306725 3.297657 3.412956 3.429968 3.452053 3.547657 3.57388 3.540482 3.486482 3.446555 3.394216 3.309733 3.244327 3.16717 3.179372 3.164094 3.146777 3.11423 3.099704 3.079201 3.060518 3.042536 3.029741 3.026329 3.04227 3.062582 3.084207 3.10967 3.131902 3.158681 3.188282 3.220336 3.248796
2.814234 2.855566 2.864429 2.85922 2.849919 2.843539 2.842423 2.841102 2.838964 2.832497 2.818694 2.819823 2.815273 2.813734 2.817255 2.809498 2.796625 2.770905 2.753074 2.717158 2.722228 2.833547 2.95932 3.136379 3.113176 3.115267 3.202851 3.369144 3.281745 3.331083 3.351185 3.399934 3.508055 3.580138 3.63637 3.690702 3.680503 3.545545 3.47816 3.431422 3.358405 3.292004 3.255719 3.228756 3.218085 3.194116 3.167975 3.129456 3.099883 3.074339 3.038045 3.017695 2.999712 3.007444 3.028361 3.05063 3.080336 3.112296 3.148767 3.181334 3.216612 3.253455 3.293089
2.802976 2.858862 2.856477 2.843334 2.828431 2.821931 2.819753 2.820518 2.82592 2.824843 2.811856 2.786068 2.781319 2.781943 2.802275 2.804932 2.793612 2.777855 2.772278 2.762143 2.795934 2.911057 2.94749 3.008535 3.192366 3.293767 3.379057 3.414664 3.354463 3.386939 3.405113 3.463673 3.563703 3.690179 3.802308 3.826255 3.79768 3.626416 3.503173 3.442658 3.336944 3.262718 3.23292 3.200067 3.207561 3.186785 3.152962 3.124148 3.085707 3.027354 2.966433 2.941759 2.963383 3.010293 3.030129 3.05136 3.08302 3.11859 3.15913 3.199844 3.246538 3.296587 3.350505
2.811601 2.831564 2.824267 2.811522 2.803352 2.798888 2.794102 2.79563 2.801223 2.805761 2.797691 2.769205 2.758214 2.767322 2.770101 2.796173 2.792089 2.776784 2.771135 2.77248 2.809317 2.93447 2.99315 3.09805 3.183918 3.302977 3.445636 3.501687 3.44631 3.469508 3.488082 3.519735 3.650363 3.746713 3.818113 3.820873 3.787133 3.687851 3.59179 3.519448 3.307045 3.162444 3.200489 3.21153 3.150091 3.215298 3.136884 3.083102 3.037319 2.984438 2.936531 3.002071 3.018034 3.024205 3.029831 3.051237 3.085034 3.125806 3.173015 3.22726 3.29369 3.362766 3.432796
2.763098 2.742537 2.743599 2.767366 2.783817 2.765391 2.753875 2.759631 2.769053 2.768893 2.775852 2.761894 2.728378 2.745101 2.751074 2.775653 2.785571 2.78272 2.776112 2.786294 2.873949 2.910056 3.046951 3.125581 3.223148 3.308436 3.443886 3.456587 3.443819 3.492792 3.575056 3.636046 3.68275 3.642322 3.526201 3.320436 3.353922 3.380883 3.395028 3.134772 2.826398 2.994586 3.172794 3.274352 3.280621 3.246292 3.081245 3.03555 3.024275 3.025372 3.028397 3.045071 3.039611 3.026121 3.025694 3.043233 3.08045 3.127054 3.184816 3.260399 3.352686 3.468353 3.58882
2.728497 2.671845 2.655283 2.74115 2.768522 2.725971 2.690338 2.730411 2.741211 2.742484 2.750831 2.755419 2.70079 2.735585 2.741516 2.738031 2.776307 2.797482 2.848629 2.965875 3.005323 3.083816 3.09388 3.1802 3.254029 3.278394 3.35142 3.380075 3.377649 3.406171 3.461876 3.403305 3.167268 2.889282 2.807829 2.789724 2.761007 2.798906 2.803382 2.455429 2.479799 2.896354 3.226052 3.34694 3.327907 3.11331 3.001798 3.02757 3.062316 3.08056 3.100749 3.056083 3.00983 2.985142 2.9883 3.014689 3.062463 3.122559 3.198147 3.303869 3.449337 3.648058 3.908522
2.728673 2.718839 2.695445 2.716872 2.721373 2.699759 2.756456 2.808945 2.806783 2.803154 2.774477 2.730525 2.721824 2.744468 2.74418 2.723836 2.741828 2.788963 2.857343 2.95369 3.056281 3.104021 3.215019 3.293597 3.283011 3.240441 3.297817 3.300197 3.282325 3.270729 3.270312 3.124813 2.905819 2.845957 2.818566 2.774952 2.750854 2.644683 2.466785 2.456047 2.803258 3.243636 3.406453 3.397154 3.143062 2.931739 2.948009 3.091624 3.155312 3.136555 3.094651 3.024791 2.955553 2.910275 2.908526 2.96837 3.037568 3.110352 3.202275 3.364667 3.614737 3.692866 3.567085
2.746794 2.741353 2.746895 2.709389 2.739332 2.713963 2.778689 2.844137 2.853752 2.834081 2.794583 2.756136 2.74614 2.737603 2.73073 2.702431 2.687224 2.745197 2.803588 2.973608 3.13321 3.283974 3.377565 3.400421 3.289776 3.195264 3.254101 3.244341 3.212974 3.161997 3.095225 2.970082 2.88407 2.822681 2.778367 2.726863 2.6906 2.623292 2.588432 2.728926 3.097538 3.367351 3.385034 3.095997 2.689458 2.841869 3.115065 3.259075 3.308306 3.194726 3.092881 3.022274 2.856998 2.672497 2.742439 2.917486 3.011794 3.090303 3.199607 3.398222 3.367763 3.245183 2.983649
2.75411 2.741222 2.735662 2.689493 2.677335 2.710392 2.768615 2.846565 2.883422 2.849784 2.789262 2.758461 2.741286 2.722625 2.69449 2.660399 2.656123 2.668605 2.744462 2.848855 3.085271 3.150681 3.251806 3.329142 3.229306 3.133364 3.167077 3.202917 3.136239 3.046639 2.988743 2.894748 2.813423 2.746881 2.695506 2.627475 2.520003 2.531462 2.598693 2.712855 2.900603 3.030697 2.929825 2.534188 2.628893 3.014332 3.166942 3.099406 2.955409 2.81237 2.775512 2.67644 2.342052 2.38758 2.626501 2.89026 3.003892 3.077155 3.174888 3.116103 2.870827 2.605616 2.273828
2.765 2.745668 2.720194 2.697997 2.68305 2.731454 2.901082 2.989299 2.929486 2.838386 2.738093 2.723125 2.729431 2.704628 2.643966 2.597565 2.631916 2.676754 2.706165 2.727143 2.81274 2.850203 2.768902 2.793536 3.07678 3.103165 3.104872 3.149611 3.038178 2.955709 2.916682 2.830944 2.734238 2.653587 2.576844 2.505807 2.531153 2.515805 2.520666 2.533603 2.379134 2.09698 1.990196 2.114699 2.601967 2.885316 2.84143 2.690785 2.56198 2.423038 2.387512 2.125704 1.971122 2.37468 2.792618 2.962165 3.042977 3.090502 3.134477 2.863234 2.561337 2.138278 1.709805
2.776053 2.759585 2.731501 2.748279 2.875108 2.922613 2.996238 3.111898 2.944633 2.787637 2.661962 2.651119 2.72101 2.70819 2.674486 2.634644 2.560067 2.661945 2.721268 2.715319 2.663822 2.650334 2.55524 2.610765 2.657517 2.865098 2.945215 2.963272 2.928524 2.908469 2.810872 2.729432 2.664852 2.574949 2.492728 2.509391 2.510766 2.492656 2.43958 2.428963 2.328288 2.166378 2.041124 2.036473 2.066731 2.26605 2.092037 2.12495 2.158567 2.015293 1.962792 1.851627 2.144201 2.679617 2.94961 3.133574 3.186383 3.236118 3.07728 2.789443 2.425503 2.040724 1.866407
2.810541 2.803427 2.798998 2.893674 2.905119 2.943602 2.956969 2.931821 2.868533 2.650319 2.523899 2.65723 2.7126 2.758794 2.710935 2.699769 2.848985 2.778405 2.694594 2.66357 2.57724 2.517165 2.537403 2.608895 2.643718 2.618506 2.737025 2.878512 2.917538 2.797707 2.663431 2.606796 2.566667 2.516165 2.457494 2.459796 2.472764 2.45366 2.404223 2.341041 2.281661 2.192277 2.104 2.036752 1.896206 1.775457 1.734712 1.67731 1.641782 1.647489 1.70857 2.023304 2.469006 2.785933 2.945673 3.102576 3.14154 3.09778 2.988335 2.627048 2.226518 1.894568 1.87815
2.849778 2.86841 2.887116 2.904257 2.876389 2.875736 2.83645 2.73263 2.725348 2.567155 2.750342 2.947998 2.819429 2.713276 2.658257 2.668926 2.846397 2.752856 2.726403 2.693182 2.642879 2.689658 2.661653 2.634633 2.62296 2.607213 2.551361 2.708474 2.70256 2.501141 2.482275 2.444196 2.432424 2.415632 2.384297 2.38504 2.415604 2.398442 2.349178 2.259945 2.196954 2.152076 2.047968 1.946699 1.831195 1.829802 1.766985 1.699042 1.650815 1.657555 1.733319 1.89657 2.234933 2.470961 2.631805 2.511123 2.233118 1.957177 1.776186 1.632595 1.578281 1.462031 1.75378
2.878251 2.886433 2.852592 2.861783 2.854264 2.833136 2.788723 2.750131 2.755859 2.901592 3.04904 2.884063 2.765942 2.768137 2.75313 2.816989 2.759738 2.702652 2.759474 2.785396 2.814916 2.856526 2.73012 2.653688 2.605497 2.567805 2.523316 2.428909 2.35075 2.360815 2.352478 2.356387 2.330724 2.292207 2.302594 2.307382 2.345802 2.333336 2.288143 2.211758 2.101694 2.020772 1.930225 1.824602 1.71283 1.650458 1.620734 1.530753 1.558639 1.528072 1.595522 1.597817 1.289888 1.313792 1.084923 .8363028 1.732946 1.731259 1.703656 1.397111 1.070581 1.302102 1.564778
2.899894 2.872199 2.845608 2.846651 2.838088 2.813318 2.773323 2.760855 2.839121 2.899418 2.873771 2.834833 2.780936 2.769876 2.825394 2.853563 2.8339 2.865537 2.866317 2.858028 2.854129 2.915304 2.870824 2.67603 2.5573 2.532062 2.497163 2.45556 2.407833 2.373003 2.347372 2.312644 2.300749 2.218652 2.177771 2.210005 2.295267 2.267965 2.209732 2.089682 1.976043 1.874807 1.793755 1.737269 1.672519 1.593 1.570714 1.496733 1.346438 1.358922 1.406807 1.365324 1.123144 .7000929 .8134993 1.4084 1.616202 1.714166 1.853903 .0483088 .381445 .8343667 1.391624
2.899477 2.855588 2.834204 2.832138 2.824732 2.805243 2.778389 2.763788 2.780243 2.819383 2.823751 2.83089 2.825777 2.843089 2.946176 3.014163 2.966684 3.025233 2.96333 2.908342 2.942583 2.914001 2.808016 2.728547 2.587428 2.455827 2.468733 2.432308 2.38778 2.349464 2.324131 2.279376 2.169995 1.973361 2.005564 2.064876 2.137039 2.196643 2.147535 2.011163 1.941232 1.938909 1.863366 1.728878 1.635068 1.560344 1.526249 1.502083 1.418569 1.295017 1.282732 1.252475 1.145011 1.049123 1.218159 1.40394 1.543018 1.141912 1.187019 1.118925 1.182691 1.371691 1.465861
2.887769 2.849245 2.825147 2.823194 2.820148 2.8102 2.796157 2.792774 2.802639 2.8271 2.830023 2.857018 2.905871 2.95557 3.000397 3.002593 3.008002 2.962081 2.913229 2.870625 2.865768 2.854944 2.775642 2.69817 2.650429 2.596926 2.394307 2.371986 2.321819 2.276521 2.273105 2.242229 2.018846 1.854585 2.29898 2.389477 2.332281 2.218457 2.07061 1.76193 1.789289 1.892637 1.782562 1.673411 1.579045 1.552691 1.555205 1.505478 1.33634 1.158987 1.079065 1.144646 1.186284 1.247593 1.38561 1.659915 2.063986 2.337286 2.509605 2.605802 2.543635 2.318416 1.998769
2.881579 2.846759 2.826212 2.821218 2.818139 2.81822 2.815486 2.811926 2.821613 2.830177 2.84691 2.868422 2.946985 2.944244 2.92283 2.919704 2.904632 2.89169 2.872253 2.845599 2.823605 2.818959 2.779767 2.73403 2.710524 2.677945 2.590067 2.443612 2.316199 2.449358 2.573809 2.256453 2.001164 2.222696 2.667785 2.693184 2.620386 2.515193 2.233462 1.955118 1.783834 1.735418 1.614801 1.471013 1.398083 1.443204 1.489468 1.631386 1.838306 1.976805 1.991741 1.946614 2.0091 2.196076 2.430988 2.660897 2.795262 2.906394 2.894067 2.815021 2.690865 2.529557 2.295651
2.880317 2.852798 2.84425 2.823843 2.825277 2.822342 2.826014 2.832395 2.839682 2.844659 2.869149 2.901398 2.945805 2.890885 2.890955 2.894731 2.875993 2.863453 2.855779 2.839323 2.819794 2.811802 2.804621 2.821323 2.873159 2.849226 2.800186 2.812476 2.798388 2.932328 2.76563 2.51086 2.450766 2.72491 2.950458 2.882181 2.850419 2.655745 2.39048 1.999531 1.904767 1.951979 1.982796 2.073663 2.168148 2.255677 2.185464 2.281178 2.507828 2.564747 2.474892 2.347958 2.377968 2.541737 2.686179 2.807254 2.764692 2.737085 2.682385 2.631847 2.614052 2.518291 2.35299
2.888603 2.869112 2.850875 2.822984 2.817079 2.818104 2.83536 2.84883 2.859099 2.868195 2.898711 2.906522 2.918439 2.883971 2.871803 2.875985 2.868962 2.851807 2.854449 2.847977 2.838347 2.828917 2.851566 2.87984 2.8705 2.852724 2.910981 2.977845 3.0964 3.06106 2.725323 2.642374 2.981115 3.03339 2.92846 2.862685 2.740045 2.569235 2.272891 2.014683 2.200466 2.443905 2.619366 2.689296 2.753253 2.747584 2.637028 2.734888 2.927052 2.841684 2.646395 2.503746 2.515367 2.592618 2.628411 2.612168 2.642435 2.637029 2.543403 2.504414 2.50202 2.479666 2.390953
2.885779 2.868286 2.849504 2.811527 2.798713 2.814857 2.832851 2.853285 2.873562 2.881795 2.871527 2.882832 2.886171 2.867791 2.859461 2.865104 2.872686 2.85336 2.870976 2.873082 2.86658 2.857881 2.864325 2.854205 2.854352 2.841011 2.858212 2.91526 2.943014 2.863448 2.573343 2.697295 2.959299 2.74165 2.791698 2.898974 2.814453 2.612666 2.176241 2.422459 2.735041 2.908617 2.907332 3.058115 2.972809 2.823867 2.799488 2.937327 2.965716 2.698489 2.535131 2.474552 2.570583 2.501152 2.514996 2.480155 2.453143 2.438128 2.397669 2.419875 2.453734 2.533556 2.572386
2.850503 2.830593 2.816197 2.774951 2.780569 2.804007 2.83013 2.855711 2.880736 2.867068 2.841764 2.855057 2.868297 2.856481 2.848794 2.860991 2.879365 2.882365 2.887431 2.869988 2.856969 2.847532 2.853202 2.845421 2.834937 2.824663 2.819062 2.812445 2.680043 2.454284 2.543652 2.713213 2.846739 2.899143 2.863623 2.754211 2.595988 2.420963 2.303492 2.777052 3.060881 2.976826 2.936651 2.86132 2.775524 2.689155 2.746894 2.824002 2.731979 2.506909 2.359898 2.402856 2.432863 2.404759 2.402411 2.372428 2.302265 2.335945 2.368788 2.421288 2.563488 2.760584 2.874419
2.81808 2.788332 2.767118 2.771984 2.783509 2.805279 2.830153 2.852742 2.874034 2.850839 2.814039 2.826827 2.844116 2.851165 2.850749 2.848223 2.885427 2.857843 2.863271 2.856699 2.846699 2.83295 2.831714 2.828535 2.817682 2.786475 2.742977 2.715672 2.584266 2.510524 2.694464 2.936738 3.101821 3.024319 2.854304 2.594345 2.433267 2.367694 2.569273 2.906247 2.961298 2.841776 2.76451 2.696473 2.663717 2.667378 2.656661 2.584568 2.430545 2.324379 2.212729 2.186222 2.272251 2.2539 2.318665 2.32496 2.373557 2.463489 2.595162 2.754592 2.948168 3.097509 3.114893
2.808894 2.780943 2.807629 2.815577 2.813582 2.818718 2.832787 2.847591 2.858037 2.830427 2.801231 2.811112 2.827406 2.84151 2.856046 2.861133 2.867259 2.841858 2.838283 2.848619 2.84224 2.824793 2.816771 2.818774 2.802236 2.75154 2.681247 2.594941 2.542044 2.630664 3.011654 2.992408 2.983341 2.996516 2.81345 2.559453 2.457919 2.496513 2.713872 2.843401 2.872665 2.629237 2.610087 2.52204 2.533893 2.485653 2.452622 2.373702 2.221951 2.103852 2.047776 2.077689 2.172667 2.191309 2.265952 2.413031 2.569757 2.699274 2.962452 3.294648 3.419931 3.406654 3.311652
2.818413 2.809299 2.844231 2.845924 2.83445 2.829962 2.835878 2.8434 2.849643 2.815577 2.803316 2.810872 2.825756 2.840938 2.856487 2.862545 2.864007 2.846571 2.831766 2.835873 2.838622 2.826669 2.807514 2.815067 2.799949 2.761425 2.690151 2.608347 2.67175 2.864395 3.063439 2.885527 2.820994 2.823776 2.738694 2.558156 2.535235 2.573652 2.686686 2.781753 2.610044 2.495052 2.45304 2.392772 2.406849 2.322397 2.283061 2.221297 2.11274 2.014423 1.919027 1.967758 2.146587 2.270568 2.395076 2.602305 2.857987 3.112283 3.517494 3.806886 3.798918 3.607315 3.374796
2.797708 2.814653 2.837638 2.853146 2.852114 2.839707 2.833297 2.834001 2.834766 2.812796 2.810264 2.822349 2.832494 2.843362 2.858732 2.857188 2.854034 2.845611 2.830174 2.82935 2.836972 2.841398 2.8185 2.826372 2.834707 2.824011 2.777011 2.735532 2.810564 2.938485 2.910634 2.79215 2.757892 2.698595 2.66114 2.663532 2.548604 2.568121 2.624047 2.641072 2.686441 2.714925 2.491647 2.450429 2.326265 2.236026 2.205349 2.125347 2.079375 1.967122 1.941924 2.007839 2.203257 2.446796 2.592761 2.907808 3.278023 3.619969 4.002722 4.074255 3.870273 3.556928 3.189513
2.835202 2.864021 2.866114 2.862567 2.861925 2.852598 2.842515 2.831952 2.831682 2.852224 2.848955 2.847821 2.844586 2.849818 2.856185 2.858017 2.853818 2.846342 2.836228 2.826913 2.835013 2.853109 2.862001 2.852818 2.810923 2.77216 2.827521 2.801678 2.773577 2.822181 2.767461 2.749504 2.731311 2.723234 2.670509 2.580073 2.53125 2.576391 2.686568 2.772262 2.708457 2.659597 2.514484 2.45258 2.358343 2.251802 2.139122 1.9965 1.970392 1.973744 1.993433 2.103771 2.380228 2.752187 2.883137 3.190824 3.666528 4.090079 4.091527 3.917073 3.614304 3.254712 2.737057
2.868443 2.884885 2.880494 2.878776 2.870889 2.864011 2.85603 2.845946 2.870507 2.898966 2.894432 2.881257 2.86647 2.863406 2.868698 2.858905 2.854892 2.846368 2.844485 2.843178 2.83888 2.865219 2.840057 2.82786 2.794535 2.734289 2.715656 2.733037 2.719413 2.699441 2.716374 2.718684 2.654944 2.611069 2.533297 2.484997 2.570778 2.615622 2.600684 2.625103 2.567779 2.516572 2.5322 2.418104 2.339285 2.217403 2.012522 1.965292 1.898203 1.934771 2.102626 2.311308 2.698832 3.09339 3.188356 3.409597 3.809161 4.183017 4.000523 3.677827 3.172406 2.748314 2.271243
