py_wake/examples/data/AJ_ParqueFicticio/Rough survey   Sector 8   Height 200m   Power density.grd
DSAA
73  159
 258469   265669
 6501692   6517492
 130.2234   1114.954
[rows 28 to 55 of 159, columns 0 to 62 of 73]
403.9791 405.0642 404.8826 404.3293 404.0834 403.5672 403.5887 402.7164 402.9934 403.0453 402.7641 401.855 400.2825 398.3011 396.5604 394.3777 391.9525 389.8291 388.3126 386.3452 383.3505 380.7227 376.5549 371.9507 366.697 360.3449 354.7973 349.6243 349.3652 346.5635 342.6012 339.1179 330.9926 320.6187 316.5413 321.5573 322.4885 315.4611 309.8452 299.987 292.6381 289.5666 284.8711 281.6611 276.9344 271.3529 266.8101 265.2565 270.8024 282.8187 301.3818 328.6129 364.4658 398.8275 429.4145 466.1439 501.2013 505.2574 477.5944 433.3743 386.5488 348.7677 324.1104
402.5305 403.5832 404.1202 404.3345 404.2902 404.3468 404.2734 402.9736 403.3194 404.0074 403.9502 402.1097 400.9351 397.7855 395.9707 394.6826 391.6621 390.2064 388.7239 386.6033 383.9872 380.1965 375.4016 371.1208 366.2557 361.2689 356.4188 351.4538 349.1535 347.7454 345.6173 341.8676 334.5139 326.8625 327.0509 330.4121 325.1295 317.877 311.8673 303.1208 296.3254 292.9615 288.8535 283.5637 281.2371 280.2776 282.4279 290.0418 302.3441 320.8505 342.9624 370.9355 406.0652 440.2158 473.2487 507.3042 529.527 518.0706 473.9781 424.6252 379.5432 347.2341 336.3449
402.3939 403.0391 402.7508 403.8786 404.2901 403.8551 403.7075 402.2491 402.2216 402.96 403.2878 402.751 399.7533 395.3234 393.9885 393.7617 392.1105 389.9453 388.2555 386.2249 383.5326 379.2194 375.3263 370.1901 366.7939 362.5645 357.9719 354.5936 350.7171 349.9819 348.3462 345.6639 339.5691 331.9982 328.2107 326.9563 324.515 320.4767 314.5084 308.5113 300.2975 295.4961 294.3699 292.6311 289.2221 291.4857 299.3444 315.3138 334.7907 359.658 384.266 413.0407 447.2294 477.6622 509.7423 534.3309 537.5585 508.2447 456.6634 406.8063 367.2175 346.429 356.3269
401.9312 401.9471 402.1515 403.1067 403.4524 402.8098 402.7308 401.4205 401.868 401.9027 401.974 401.5598 400.4651 394.331 392.2018 391.9475 391.9047 390.5194 388.2635 385.0444 382.7403 378.4622 375.0571 370.8236 366.9881 362.9458 360.3456 356.6491 354.0836 352.2386 349.3855 344.4503 336.8237 331.8254 328.4246 326.5874 322.7871 319.0167 313.6119 308.557 302.8473 298.7906 299.8377 301.5765 303.1504 306.3815 315.2985 332.5342 355.843 378.1292 404.2688 436.6731 470.9992 499.2322 526.5273 538.3378 525.507 486.1824 433.992 388.9876 361.1899 355.666 387.0934
401.7544 401.9485 401.8234 402.499 402.4187 402.3323 401.019 400.8471 400.8939 400.7806 400.6227 400.1982 398.6324 396.1773 392.5831 391.36 391.5168 389.9742 388.5094 384.0334 381.5779 377.8216 374.4209 371.2173 366.5552 364.4122 361.5304 359.1601 357.3951 353.1977 349.9468 345.6381 338.3973 333.407 331.2336 329.141 324.1877 317.1174 310.9115 307.3188 304.7151 300.9879 301.4473 306.9808 313.228 321.7531 331.793 345.5601 361.3939 379.7715 404.0097 433.7459 465.8252 495.6004 521.2746 527.6454 507.177 467.0487 422.0613 385.2857 370.1421 382.2221 428.1423
403.1143 401.8696 401.7659 401.6158 401.75 402.0793 401.1298 400.695 400.306 400.5791 399.8393 398.5546 397.4607 396.0406 394.7823 392.3167 391.5146 389.3035 387.6904 383.5218 380.1 376.3177 372.751 370.3219 367.055 363.8629 362.0742 360.385 358.2869 354.7805 350.1314 346.4002 340.7241 335.9974 333.621 332.2731 326.3944 317.5321 310.8115 307.5896 304.2524 302.1566 301.471 308.7343 321.0727 333.3056 344.7069 358.5114 371.97 385.5883 406.7765 431.9633 459.9254 488.4879 510.7731 519.4564 495.6574 461.1675 426.5721 401.5056 397.1476 421.7199 472.4738
403.0226 401.6378 401.3099 400.9514 400.8617 400.2375 399.7361 399.3832 399.3951 399.4825 399.3802 398.7881 397.2177 396.4932 396.0408 393.1553 390.8363 389.1963 385.6966 383.4776 377.8663 374.2499 370.5872 369.1331 367.124 365.0766 362.788 361.3457 358.2346 354.7022 350.5882 347.2653 342.8613 339.2812 334.435 332.3548 328.47 320.9882 312.734 306.2059 301.9929 301.8279 304.72 313.9589 328.2057 346.2355 360.5426 375.1736 393.5141 414.2787 436.0761 461.5611 486.1011 506.4651 520.8374 525.5009 504.6251 480.9692 454.3063 436.0552 438.3107 470.0874 521.9766
401.181 399.694 399.8366 399.6289 399.424 398.9798 398.3796 398.6125 398.5382 398.5331 398.9866 398.0235 396.5356 395.2054 395.0713 392.6027 391.0255 387.4001 384.2828 379.7682 374.4103 371.4359 368.585 367.6416 366.8217 365.7896 364.0133 361.2766 359.0176 355.6308 352.3607 348.4655 345.6005 342.5902 338.2033 334.0942 332.3347 327.6156 317.4978 308.4213 304.2454 305.5645 313.5424 326.3093 344.1635 366.5635 388.1453 408.6925 431.1052 458.1179 484.2441 510.8039 533.3189 546.0638 552.5495 551.885 536.3713 517.2188 495.6214 481.1607 497.2593 534.2969 581.3981
398.107 397.015 398.2917 398.9062 398.7869 399.4048 399.4288 398.6263 397.6101 397.571 396.7544 396.3009 395.0308 393.1567 392.2521 391.5647 388.7088 383.694 377.7184 374.705 370.2096 368.4266 367.9366 367.0227 366.5316 365.9034 363.6447 361.5655 359.9183 357.0477 354.0353 351.023 348.7844 348.4721 346.2385 342.3912 338.577 335.5926 327.2085 321.6062 322.2411 326.4294 336.0838 351.9608 370.3138 393.1517 418.8573 443.3653 469.5446 496.2691 519.9937 542.5138 560.8469 574.3109 581.5441 581.0778 570.2368 553.8714 538.172 542.6961 577.9268 627.4805 660.2535
395.6864 395.2677 396.4855 397.1421 398.2732 398.6774 397.2243 396.9636 396.833 396.1335 395.1489 394.0254 393.0435 390.3748 389.438 388.1175 384.2358 379.7033 372.9094 368.4115 366.5382 365.9481 366.8872 367.2603 364.8819 365.6026 363.613 362.0266 360.4875 358.2495 356.6678 355.5697 354.0659 354.7572 354.8904 351.9801 345.9461 342.2517 339.6024 338.6312 344.7193 357.7474 373.0042 389.8603 407.8164 424.159 441.3941 461.5924 480.5037 499.228 518.857 536.6956 554.2703 572.0093 589.3704 599.8612 595.1305 588.1077 588.6877 621.561 680.3188 734.2463 758.1253
395.4417 394.8779 395.3473 395.809 396.1416 396.0356 394.6914 395.3089 395.7258 395.1546 393.7207 392.3092 391.114 390.2307 387.4705 385.2139 380.4015 376.0535 371.1704 365.5777 365.6861 366.7188 367.2613 367.4536 365.4913 365.1668 364.202 362.3811 360.6732 359.0739 357.8554 358.4341 360.0682 360.9441 362.2671 360.832 353.9195 351.289 353.9595 357.6916 370.1805 390.6538 413.3435 435.0551 450.884 463.5282 470.7232 477.5352 481.123 490.1794 503.7937 519.9709 542.3854 566.8487 592.0489 613.9595 621.5986 628.4136 646.5396 707.9485 773.4447 820.6523 826.8068
395.3198 395.5853 395.2582 395.8474 395.7985 394.9372 395.1563 394.7875 394.4799 394.5692 393.7762 392.8733 392.334 390.3406 387.0597 383.0541 379.7814 375.4767 371.9861 370.5165 369.1436 368.2064 368.0016 367.8187 366.1166 365.1299 364.339 362.9346 361.5383 361.7502 361.515 362.8747 365.6035 366.9657 369.0309 370.4359 367.2889 364.9507 368.7663 379.2838 399.5303 426.6829 454.7063 480.2574 499.7682 510.6764 517.1739 521.1895 517.7946 512.8668 523.0498 541.6182 565.8621 592.4189 618.8886 644.549 659.1375 674.7851 705.8519 768.5981 824.8268 845.5645 829.9114
395.2379 395.359 395.1368 395.7954 396.4555 396.4018 395.7851 394.0512 393.6453 394.055 394.1033 394.1347 391.8166 387.8926 385.1601 381.5111 378.9519 375.6967 373.7881 372.6628 371.621 368.4784 367.9397 366.7273 364.3637 363.8401 363.817 363.8498 364.5058 365.7776 366.9682 368.8623 371.2333 373.9337 376.9653 380.6142 379.4352 380.742 389.6037 409.7374 436.8554 469.0642 499.8736 525.5251 547.8125 562.6802 571.002 577.9981 578.6724 577.4692 582.3976 597.8439 622.903 645.4583 666.8152 683.6351 699.9061 717.5411 748.017 783.0916 802.2975 795.579 763.4605
396.5303 395.0322 394.0539 394.0307 395.0521 393.7996 392.5198 391.2275 390.8154 391.6575 392.3626 390.1919 386.4052 382.6283 381.0721 379.0609 376.9407 374.9269 372.9779 372.5212 370.7917 369.269 366.2936 364.0013 362.5063 362.6347 364.6551 367.2362 368.5046 369.5185 372.008 374.6625 377.9182 381.718 385.7632 390.3449 393.9086 397.6722 414.0867 440.2433 471.6417 505.4685 534.9558 559.569 582.2028 600.0382 608.9113 615.4058 624.5209 636.36 645.4625 650.0586 665.6974 681.9398 692.8552 707.252 722.2621 736.8087 748.7747 742.5546 727.5035 699.7938 667.1323
396.7476 394.9116 393.9571 392.0172 391.4903 392.0427 389.295 387.183 386.7708 387.4579 387.0799 385.2821 381.0675 378.5677 377.6775 376.3822 375.8112 373.6451 371.3041 369.8508 368.656 367.6557 365.6766 364.4063 364.8493 365.8532 367.2454 369.4879 370.5099 372.0156 374.5311 377.9717 381.9352 387.9497 394.2894 399.7166 405.2584 414.487 434.5143 458.9086 485.5473 512.017 535.942 559.0856 577.4032 588.0378 591.1008 593.7021 607.7308 626.3697 639.6282 645.1284 653.7615 663.7458 676.5226 697.9119 720.2791 731.6195 722.972 694.1824 650.3819 607.1357 572.9327
395.8343 394.3302 393.1768 391.0915 390.0957 388.9606 386.2404 383.9904 383.3864 384.664 384.5425 382.7955 381.0632 378.4197 376.8589 374.7957 373.1271 371.4299 368.7326 366.3493 365.8086 365.8427 366.6798 367.0534 366.9479 367.1465 367.8836 369.6925 371.9162 373.0327 376.1947 379.8304 385.7853 391.5909 398.139 405.6729 411.3005 421.3704 437.3389 457.0674 476.9174 493.6789 510.7436 523.1927 527.1458 524.005 518.5632 525.2346 539.4825 553.4594 571.8347 585.7767 596.7353 613.1719 641.9536 679.3615 710.2111 712.2112 683.8724 642.9681 589.1559 541.2989 500.4101
394.1923 392.9008 391.8661 389.917 387.6715 384.8176 382.8209 381.9561 382.9235 383.1247 384.7193 384.4118 382.5055 378.55 375.1382 372.8554 370.0609 367.5438 365.0697 363.488 362.8039 363.5589 364.3418 364.2036 362.4059 363.2704 365.6556 368.8661 371.5255 374.3148 375.8996 380.3521 387.1178 392.8054 398.9611 405.9035 413.1502 421.6394 434.6939 446.426 458.2393 469.0586 475.0585 472.9303 462.2365 454.11 454.0164 463.3799 483.3841 503.5828 520.1144 535.6819 558.2879 591.6794 637.3599 680.606 701.3977 683.7068 642.8344 589.7299 538.1041 492.579 458.8939
392.581 391.6932 390.6234 388.2937 386.6628 384.5728 383.1736 382.0236 382.8116 382.5222 384.7533 384.4322 381.5611 377.7375 373.5045 370.3297 367.3491 364.8282 362.9066 360.3654 360.4771 360.261 359.8145 357.4621 356.5834 357.1624 360.789 364.0076 367.6525 369.1771 372.552 377.2503 383.3055 389.4151 395.8196 402.3197 411.9962 420.5365 431.0026 438.6171 445.2987 450.6475 449.2952 441.925 436.7948 441.7027 455.7511 472.5445 490.4942 505.8602 520.8644 541.7926 577.2123 625.4188 674.4732 703.2195 691.4517 649.4686 592.0655 541.4464 498.5413 463.6434 437.7032
390.7986 390.1278 389.3715 387.6134 387.2228 385.1641 384.5901 382.9072 382.9967 382.9629 382.8283 381.6154 378.4515 374.8167 370.1704 367.0431 364.7909 362.9635 361.7672 360.8228 359.0717 358.5707 357.5966 355.0952 353.9668 354.736 355.4161 357.5755 360.0034 361.5069 364.2635 369.4564 374.5399 382.2109 389.3358 397.2068 407.6292 417.145 427.3766 437.2871 445.3213 449.9998 452.4445 458.4246 466.9702 481.4228 496.4464 511.9268 522.8558 536.2258 554.1586 587.2453 633.1305 682.7936 719.0738 720.3034 675.5323 610.2508 545.2785 494.683 460.5136 438.1273 421.7585
388.7305 387.739 387.1766 384.7272 384.0569 385.2355 384.7523 384.1045 383.3466 382.8432 380.8466 378.2474 374.5972 369.4576 365.0071 362.7113 361.8466 361.3613 361.4222 360.0193 357.5927 356.6004 356.1612 355.7833 353.3199 350.634 348.9634 349.222 351.3857 353.3128 356.6408 362.1402 367.2878 374.5427 381.5187 391.5807 402.2211 415.2207 425.7416 437.7702 450.2664 462.7446 475.4469 487.0034 499.0402 507.508 510.3259 513.5262 519.7197 538.3829 574.9916 628.7834 686.7296 726.2936 733.8975 702.9269 645.4993 576.0143 512.8317 460.6604 426.2844 403.8691 391.334
386.7132 385.1285 383.9987 382.3782 382.6071 383.6557 384.1318 384.1658 383.1703 380.877 379.2532 373.8672 369.2069 363.4835 359.8351 358.668 357.8851 358.1178 357.9394 354.8083 352.6281 352.1337 351.438 348.8081 345.3495 342.8675 341.5848 342.5752 345.0822 348.2336 353.41 357.5692 362.4618 369.4516 376.0974 386.0904 397.3212 410.3218 421.8297 434.4558 447.1278 460.8327 473.4233 483.4359 489.0017 485.3073 484.1082 491.7632 512.0977 548.6491 602.3175 661.3724 709.5521 725.5002 699.509 651.6641 594.6893 538.6266 486.447 439.5444 405.9065 380.747 361.5364
385.3497 383.6863 381.6148 380.9328 382.2145 383.1888 384.2697 383.1445 381.196 378.1207 372.888 368.0787 363.0684 357.8175 356.0722 356.0045 355.5247 353.5957 351.7547 349.6964 347.787 346.6917 344.4855 341.3574 337.7251 336.1949 337.0314 339.3793 341.5192 345.2299 351.0146 356.66 361.8623 366.2423 372.1149 381.5699 391.4093 401.5441 413.5378 422.3126 433.4142 441.8344 448.9829 455.5369 454.6287 459.3572 472.0889 499.6942 539.9063 587.6017 640.239 682.7438 700.3043 682.0412 633.9427 577.8264 530.632 489.0129 449.8847 418.5044 390.3643 367.9296 350.3273
383.9985 383.1692 382.5987 383.668 384.5699 384.7265 384.9113 382.8864 380.0121 375.9008 370.1786 364.6184 358.5204 357.318 356.3787 355.6389 355.1346 352.1758 349.87 347.7995 345.9551 343.7726 342.4762 339.896 338.9949 339.7943 338.3053 338.3503 340.1938 343.5953 347.1902 351.3612 354.457 357.8635 364.881 373.3422 380.5204 388.8108 400.042 409.3477 418.0191 426.385 432.5878 439.2146 448.6758 466.7659 496.7943 535.0503 578.3738 619.9717 653.548 670.5736 657.4003 619.1755 567.4946 513.7249 471.2512 440.341 414.3286 392.8104 376.3941 361.7753 349.1856
381.6903 382.7581 383.822 385.446 385.829 385.9583 385.266 382.6086 378.8885 375.2914 369.83 365.2088 360.8647 357.8204 356.683 355.2993 354.8294 353.2748 350.7974 349.9406 347.6045 344.213 342.5004 341.2127 341.3963 342.6098 340.9903 339.5758 340.9731 343.8277 345.1555 345.673 346.4844 349.0163 356.0809 364.0687 369.8555 376.5165 386.2889 397.8652 408.3594 421.3129 433.2049 448.7138 468.9507 496.6939 529.8101 563.4391 594.8092 617.0646 629.1964 631.0006 604.1014 558.8298 514.7816 467.9252 430.1656 404.3256 384.6755 370.723 360.1465 355.2043 351.2674
380.9493 382.2947 382.7115 384.7323 385.3325 385.4919 384.0396 381.5533 378.312 374.7054 370.5076 366.4433 362.1602 358.2804 356.4538 354.0334 351.8434 349.7195 349.0912 350.2906 349.953 346.9739 344.6516 344.3054 344.3372 344.8466 344.1014 343.7347 343.4248 344.6894 346.1713 346.5361 346.3155 348.8486 354.1649 359.7677 366.116 376.6934 385.83 395.0489 406.4792 419.349 436.1885 457.021 483.8727 513.1318 541.5571 564.9698 581.8195 592.8185 596.5605 590.5515 556.9229 512.285 471.8257 437.471 407.6899 384.9422 369.1526 357.0102 347.4935 342.6866 341.505
381.6382 382.2874 383.5273 385.4561 386.0255 385.1491 383.8609 381.3457 378.4908 374.6251 370.9671 366.8122 362.8297 359.5013 356.016 353.4512 350.4202 347.539 347.435 348.1328 350.5931 349.4205 346.4197 346.8361 347.5584 347.7019 346.4225 346.2447 345.6739 346.6493 348.4774 351.878 353.5962 360.5386 366.7825 375.0671 384.9889 389.885 399.0235 411.7268 418.599 427.8828 444.7971 464.8844 490.2119 513.4807 532.9662 549.0618 560.476 567.4203 567.4559 554.5884 520.2761 476.7867 439.5584 411.4602 394.6134 381.3371 367.4546 352.0082 339.8321 330.6685 326.871
382.9803 384.5178 385.9661 386.8277 386.7092 386.7653 384.2921 381.8311 378.6129 375.3317 370.4789 367.1763 362.6362 359.2589 355.9514 353.5858 351.3472 348.9174 348.0686 346.9409 346.331 344.8308 343.1903 346.1381 348.8974 348.7507 347.6153 346.7125 346.3069 349.684 356.2987 362.8564 368.3684 377.0804 389.104 402.1387 411.8569 418.9817 425.7678 438.5347 447.3951 454.2927 463.1738 477.3344 494.5591 509.8994 524.0154 535.9296 542.1835 543.0069 533.6511 516.2672 486.3601 447.6201 413.411 394.5306 384.8708 379.3589 366.9595 351.8565 332.6186 321.0265 316.361
384.7596 387.0023 388.0075 388.3931 387.3527 386.1095 384.7488 381.2908 378.7481 375.0275 371.9503 367.0123 362.823 359.1769 356.5896 353.478 352.5294 350.6492 349.2856 347.4497 345.1324 342.4041 342.7723 345.3061 348.1452 348.1524 348.143 347.8598 350.289 359.4875 372.1956 384.8859 391.7289 402.8571 415.5551 430.1431 443.2194 451.4371 462.9467 474.7932 484.8265 491.0261 494.9613 496.9496 503.1671 509.2792 518.6953 522.3199 519.8998 510.8253 497.5154 483.8118 457.6918 421.9987 391.8944 379.6506 374.4054 373.7477 362.3407 346.1967 327.0589 313.4403 306.7002
