py_wake/examples/data/AJ_ParqueFicticio/Rough survey   Sector 10   Height 200m   Orographic turn.grd
DSAA
73  159
 258469   265669
 6501692   6517492
-10.04178   11.79341
[rows 108 to 134 of 159, columns 0 to 60 of 73]
2.14172 1.226501 .536037 .09352631 -.1526601 -.4421585 -.9884032 -1.923433 -3.006693 -4.013697 -4.971136 -5.931633 -6.799199 -7.441695 -7.841393 -7.958007 -7.726381 -6.881167 -5.613463 -4.446847 -3.633803 -2.950399 -2.122563 -1.185011 -.3694872 .2397365 .5106998 .4571851 .2041892 .0805186 .1959006 .3803611 .7057794 .9744555 1.411067 1.691955 1.79772 1.37368 .3549414 -.883675 -2.170955 -3.445322 -4.745386 -6.09707 -7.08714 -7.526204 -7.635003 -7.562532 -7.176809 -6.332488 -5.50423 -4.791275 -4.227574 -3.596945 -2.86131 -2.09775 -1.471788 -1.249273 -1.350869 -1.650493 -2.157675
2.040381 1.213209 .3527186 -.3046742 -.8169814 -1.253814 -1.731045 -2.439682 -3.357221 -4.387371 -5.335668 -6.128635 -6.768669 -7.343675 -7.666971 -7.883595 -7.8712 -7.47362 -6.485666 -5.329124 -4.290271 -3.442384 -2.521974 -1.593344 -.6428231 .01681754 .4148013 .6402901 .9886156 1.409889 1.935474 2.355291 2.623592 2.744948 2.682027 2.482731 2.093858 1.31744 .1750629 -1.138038 -2.65696 -4.144283 -5.670487 -7.133293 -8.235876 -8.645586 -8.551392 -8.225399 -7.581854 -6.688676 -5.79843 -4.942677 -3.993951 -2.951197 -1.847639 -.8694867 -.2836702 -.1482412 -.4354584 -.9486908 -1.3499
1.870995 1.211745 .4321066 -.3381574 -1.00798 -1.607414 -2.197638 -2.789143 -3.63755 -4.592661 -5.471814 -6.112829 -6.480208 -6.897348 -7.265874 -7.554478 -7.721975 -7.75329 -7.304417 -6.392165 -5.265522 -4.202676 -3.212106 -2.316537 -1.36772 -.6983337 -.1734101 .5423551 1.544207 2.782896 3.899237 4.469429 4.607769 4.254582 3.605886 2.831843 1.954285 .9106774 -.2679301 -1.588012 -3.149259 -4.758936 -6.271886 -7.688745 -8.822834 -9.365018 -9.269128 -8.825211 -8.083977 -6.902129 -5.700148 -4.501083 -3.162964 -1.829913 -.6173666 .2466466 .6789007 .6302681 .1947681 -.4627532 -.9707765
1.822691 1.372841 .7007151 -.05285587 -.8076996 -1.582588 -2.289546 -3.016505 -3.846652 -4.668027 -5.421269 -5.885264 -6.119672 -6.387157 -6.659602 -6.873045 -7.139431 -7.473253 -7.781413 -7.506946 -6.503416 -5.314058 -4.214256 -3.249695 -2.360269 -1.635468 -.9036368 .2197674 1.991257 3.905867 5.516326 6.387297 6.296863 5.551969 4.41108 3.020885 1.597382 .2104131 -1.004801 -2.227907 -3.572277 -5.053775 -6.434511 -7.679443 -8.693092 -9.274112 -9.432758 -9.284645 -8.591382 -7.215391 -5.531989 -3.818257 -2.113745 -.5704159 .5624245 1.228495 1.543002 1.36416 .8128792 .0298185 -.8917788
2.094115 1.689984 1.060952 .2674797 -.6046741 -1.466789 -2.336687 -3.19167 -4.007163 -4.713157 -5.329827 -5.6566 -5.783333 -5.8826 -5.905131 -6.008501 -6.312595 -6.875814 -7.63731 -8.014555 -7.594619 -6.618024 -5.555956 -4.455907 -3.360888 -2.410715 -1.408257 .1690653 2.294607 4.495023 6.284041 7.273907 7.258324 6.426919 5.035927 3.299376 1.361272 -.4426053 -1.836809 -2.957473 -3.976634 -5.023396 -6.095722 -7.111087 -7.925904 -8.591217 -9.01013 -9.122416 -8.726771 -7.408906 -5.385713 -3.17385 -1.202785 .3473813 1.407704 1.886133 1.998993 1.885505 1.47762 .6776705 -.6854057
2.63434 2.047466 1.319805 .4427577 -.4516563 -1.420543 -2.36138 -3.265773 -4.074423 -4.687513 -5.145895 -5.396756 -5.399485 -5.305318 -5.15664 -5.103644 -5.450571 -6.143238 -7.005037 -7.786326 -8.115397 -7.821474 -7.057055 -5.928566 -4.481734 -2.996584 -1.550114 .2631568 2.44032 4.534091 6.126111 7.03581 7.235719 6.730329 5.505516 3.619059 1.337952 -.8864169 -2.535092 -3.524227 -4.21802 -4.733608 -5.336238 -6.024252 -6.694313 -7.407781 -7.988297 -8.275856 -8.103354 -6.965336 -5.007503 -2.738801 -.7297232 .8068057 1.717359 2.093095 2.198962 2.094942 1.952102 1.379408 -.0805362
3.098207 2.285314 1.405052 .5468076 -.44228 -1.432189 -2.40742 -3.283487 -4.013279 -4.558278 -4.933265 -5.016637 -4.868399 -4.605347 -4.368971 -4.380114 -4.801764 -5.435654 -6.215539 -7.04549 -7.861574 -8.380915 -8.269577 -7.291296 -5.497613 -3.527201 -1.62435 .34852 2.431303 4.133516 5.26519 5.945615 6.296676 6.160191 5.278185 3.598708 1.195735 -1.272812 -3.090936 -4.056431 -4.25319 -4.214828 -4.269497 -4.54473 -5.066638 -5.757201 -6.383225 -6.785368 -6.668701 -5.839496 -4.192455 -2.254293 -.467319 .9282276 1.668919 1.998688 2.151246 2.176505 2.137898 1.800527 .8323076
3.18528 2.357304 1.458215 .5515271 -.4391436 -1.480429 -2.487046 -3.282987 -3.932779 -4.455617 -4.727232 -4.603704 -4.262809 -3.891958 -3.714552 -3.921878 -4.391756 -4.82091 -5.351901 -6.046137 -6.842629 -7.747067 -8.330883 -7.986766 -6.255472 -4.055249 -1.805544 .2891891 2.160882 3.331251 3.985862 4.434935 4.885399 4.879474 4.175473 2.710001 .5585366 -1.771066 -3.569648 -4.359249 -4.20266 -3.626036 -3.0642 -2.878249 -3.116246 -3.655395 -4.284489 -4.735378 -4.704746 -4.111949 -2.961463 -1.556389 -.153996 .8557292 1.460292 1.848783 1.962299 2.078335 2.091001 1.955401 1.333132
2.854843 2.10481 1.335483 .4448203 -.6125159 -1.644171 -2.616277 -3.397744 -4.032711 -4.484837 -4.620704 -4.326985 -3.748484 -3.355807 -3.310027 -3.708407 -4.114011 -4.385888 -4.628696 -5.017191 -5.520777 -6.135886 -6.876124 -7.246464 -6.391574 -4.358755 -2.133436 -.01447982 1.501204 2.266559 2.668675 3.012825 3.336552 3.242704 2.482254 1.207999 -.5412219 -2.451107 -4.008818 -4.588054 -4.159019 -3.082461 -2.000216 -1.34992 -1.162589 -1.4399 -1.854108 -2.314609 -2.43624 -2.171666 -1.464556 -.635006 .2184777 .9247162 1.418783 1.7241 1.88014 1.941847 1.970758 1.941411 1.646076
2.069092 1.514216 .8888696 .006295854 -1.036409 -2.034216 -2.94912 -3.74444 -4.367333 -4.754159 -4.713744 -4.236117 -3.579994 -3.130176 -3.056196 -3.447708 -3.867262 -4.083904 -4.147579 -4.249218 -4.310881 -4.364711 -4.623381 -5.166167 -5.260479 -4.296346 -2.423988 -.5807474 .5860383 1.099178 1.408782 1.749233 1.878683 1.534122 .7646962 -.2705033 -1.577665 -3.110165 -4.288767 -4.676188 -3.987637 -2.606142 -1.136817 -.1718358 .3017978 .4468481 .3310209 .05449527 -.1493513 -.1140347 .08521166 .4899409 .875043 1.280252 1.560912 1.785342 1.93177 1.95837 2.00459 2.013328 1.907619
1.050357 .6104146 -.0223921 -.8762953 -1.83647 -2.762293 -3.594155 -4.31325 -4.785225 -5.021111 -4.86155 -4.359573 -3.691874 -3.172579 -2.946915 -3.076094 -3.452952 -3.661137 -3.6551 -3.502206 -3.308754 -2.996571 -2.695254 -2.872287 -3.391789 -3.547348 -2.670085 -1.4736 -.5537939 -.03719952 .3599503 .5216734 .5047839 .09483074 -.4935274 -1.22643 -2.146227 -3.324172 -4.284678 -4.515549 -3.7514 -2.169315 -.5172672 .6372197 1.351854 1.757069 1.969752 1.950922 1.784133 1.533304 1.444761 1.42886 1.527852 1.745243 1.860402 2.033975 2.080579 2.194448 2.260939 2.385989 2.599562
.04344092 -.511007 -1.242115 -2.105497 -2.992502 -3.841904 -4.537996 -4.956419 -5.144035 -5.123488 -4.859844 -4.333179 -3.780502 -3.246808 -2.894566 -2.698498 -2.740422 -2.788055 -2.740661 -2.613731 -2.421043 -2.146699 -1.693849 -1.561578 -1.858228 -2.278313 -2.470462 -2.193559 -1.623693 -.9999574 -.4976287 -.3222238 -.5113654 -.8055619 -1.212975 -1.878134 -2.556353 -3.274779 -3.831023 -3.975191 -3.330221 -1.85267 -.1566813 1.15735 2.015386 2.60173 3.021774 3.206335 3.028997 2.647651 2.270099 2.017493 2.040184 2.106188 2.215966 2.344963 2.439293 2.64116 3.000468 3.442067 3.64361
-.8031132 -1.649631 -2.544147 -3.438077 -4.300807 -5.030765 -5.55309 -5.733709 -5.497043 -4.940475 -4.377439 -3.967644 -3.678532 -3.346425 -3.001771 -2.526078 -2.115532 -1.808528 -1.66124 -1.616798 -1.656234 -1.694677 -1.609707 -1.289017 -1.221692 -1.398765 -1.900369 -2.363075 -2.313241 -1.75236 -1.1555 -.9984286 -1.047237 -1.248576 -1.702661 -2.379153 -2.958285 -3.187337 -3.231703 -2.996565 -2.525917 -1.516978 -.04827311 1.399562 2.495099 3.255099 3.710225 3.822112 3.619213 3.209309 2.73208 2.422639 2.341377 2.419991 2.560882 2.694154 2.998014 3.475732 4.340021 4.944798 4.907633
-1.481466 -2.553913 -3.626978 -4.647097 -5.488976 -6.167623 -6.565145 -6.530465 -5.850299 -4.627352 -3.582108 -3.139391 -3.046777 -3.115056 -2.957576 -2.495422 -1.79312 -1.13791 -.7216314 -.6726365 -.8421232 -1.220742 -1.531114 -1.528845 -1.295262 -1.160628 -1.471631 -2.100537 -2.556836 -2.329981 -1.873903 -1.605945 -1.41654 -1.614647 -2.193331 -2.927208 -3.310832 -3.189008 -2.602386 -1.893719 -1.356164 -.7102218 .276142 1.582674 2.739012 3.542747 4.004554 4.09986 3.847048 3.453356 2.96355 2.710014 2.620819 2.732055 2.949364 3.370834 3.874577 4.81884 5.776121 6.10018 5.535625
-1.787157 -3.076172 -4.363614 -5.509649 -6.422598 -7.092404 -7.368918 -7.150085 -6.12301 -4.520429 -3.03088 -2.166541 -2.028552 -2.259334 -2.407684 -2.17094 -1.508359 -.7620748 -.1976214 .08721242 -.06461036 -.5704547 -1.20417 -1.528693 -1.491895 -1.291354 -1.456081 -1.890189 -2.527256 -2.758273 -2.607218 -2.175127 -1.895862 -2.154971 -2.865849 -3.423113 -3.503795 -3.072895 -2.025751 -.8982463 -.01351981 .5281364 1.08306 1.875967 2.741963 3.470851 3.843447 3.977823 3.859372 3.529608 3.300887 3.037352 3.110133 3.256015 3.722793 4.283501 4.968057 5.912147 6.475169 6.069124 4.954115
-2.048692 -3.408522 -4.811874 -6.05461 -7.00876 -7.61604 -7.830854 -7.446549 -6.37494 -4.774556 -3.042977 -1.78174 -1.175408 -1.111633 -1.250151 -1.208952 -.8138917 -.232107 .2931614 .5381187 .4664748 -.04326519 -.8206807 -1.346842 -1.430696 -1.393763 -1.533716 -2.0557 -2.757021 -3.269839 -3.336018 -2.920434 -2.714659 -2.963309 -3.406572 -3.590597 -3.318456 -2.564125 -1.316613 -.03389978 1.060205 1.777718 2.089609 2.387442 2.791264 3.164869 3.51566 3.598452 3.684783 3.674815 3.650945 3.671047 3.824661 4.183973 4.79652 5.387403 5.852646 6.306871 5.940404 4.846364 3.754552
-2.509796 -3.784992 -5.121843 -6.253866 -7.124566 -7.587328 -7.701003 -7.359483 -6.591013 -5.319491 -3.626607 -2.081191 -1.014585 -.5096292 -.2633001 -.08262237 .2436786 .6093346 .8730884 .9133427 .7844079 .3335977 -.2321769 -.8094698 -.9687005 -1.042104 -1.476461 -2.239325 -3.22902 -3.994097 -4.240012 -3.90955 -3.650375 -3.670394 -3.639372 -3.385749 -2.751719 -1.701451 -.4428359 .74383 1.849315 2.554217 2.847106 2.845647 2.941697 3.109546 3.150472 3.212409 3.273539 3.65676 3.970542 4.294879 4.86721 5.505908 6.118299 6.353606 6.365923 5.600199 4.40534 3.220449 2.335897
-3.357801 -4.343871 -5.319883 -6.225173 -6.831392 -7.000372 -6.926728 -6.724179 -6.472812 -5.834412 -4.502815 -2.906734 -1.527108 -.6265089 -.06920815 .3465663 .8360863 1.274463 1.517319 1.417228 1.200902 .9615144 .6945195 .4268134 .03182656 -.3548326 -1.06728 -2.178163 -3.412306 -4.540597 -5.122448 -4.972655 -4.499916 -4.109301 -3.66217 -2.973727 -1.991433 -.7495843 .4484057 1.522599 2.402253 2.96541 3.164656 3.198636 3.183739 3.106977 3.046664 2.949882 2.969925 3.429761 4.125349 5.127589 6.163821 7.008012 7.249052 6.905271 6.054884 4.507414 2.778854 1.501583 .8767216
-4.369678 -5.037079 -5.662902 -6.12359 -6.276712 -6.057557 -5.783671 -5.750187 -5.945258 -5.981554 -5.233754 -3.88025 -2.396221 -1.160737 -.3166962 .1502524 .5848354 1.070542 1.42523 1.565995 1.614038 1.707098 1.847745 1.805477 1.266545 .412154 -.6514981 -1.880423 -3.110914 -4.406054 -5.352447 -5.53734 -5.068146 -4.455307 -3.626076 -2.558065 -1.22685 .1565368 1.298267 2.249283 2.928651 3.250657 3.391278 3.376537 3.288727 3.252594 3.179766 3.104 3.146655 3.405687 4.487692 5.956394 7.477803 8.20626 7.829285 6.904467 5.382947 3.35968 1.330819 .06134309 -.4421887
-5.513881 -5.865611 -6.021601 -6.003748 -5.703698 -5.13195 -4.674555 -4.598628 -4.89994 -5.382069 -5.390384 -4.629463 -3.278893 -1.792828 -.7874391 -.3272661 -.1013194 .2567872 .7542193 1.306111 1.841625 2.341239 2.784162 2.893151 2.258505 1.098009 -.2838737 -1.522573 -2.584648 -3.789675 -4.960289 -5.480528 -5.242823 -4.591051 -3.547508 -2.139634 -.5641612 .9881182 2.188975 3.014277 3.488869 3.586962 3.564535 3.430636 3.343073 3.275931 3.26548 3.313104 3.522693 3.896636 5.025976 6.735163 8.158011 8.553557 7.719154 6.29143 4.388999 2.363371 .6063324 -.7264246 -1.397477
-6.761713 -6.78037 -6.537139 -6.028113 -5.235191 -4.286351 -3.623721 -3.426862 -3.702518 -4.333913 -4.925021 -4.841116 -3.949522 -2.514703 -1.325831 -.7745315 -.6734395 -.510594 -.002295423 .9070657 1.868356 2.678804 3.312882 3.54005 2.942784 1.756881 .3541045 -.9129185 -1.931339 -3.058368 -4.380227 -5.321154 -5.300005 -4.554431 -3.331106 -1.708277 .1064112 1.777486 3.024374 3.723132 3.901938 3.783332 3.628958 3.453922 3.243918 3.127777 3.101294 3.227654 3.652869 4.385366 5.581572 7.086689 8.185484 8.061306 6.910401 5.318746 3.653857 2.148319 .7394683 -.7375438 -1.771528
-8.095987 -7.893529 -7.198013 -6.15352 -4.75042 -3.406145 -2.607193 -2.365957 -2.624408 -3.282586 -4.077312 -4.573598 -4.343904 -3.31385 -1.983472 -1.036829 -.7517335 -.7531781 -.4192228 .4395003 1.591374 2.609122 3.446557 3.791673 3.407716 2.492139 1.205173 -.03115889 -1.257368 -2.495681 -3.916097 -5.05131 -5.257973 -4.445773 -3.0919 -1.310553 .6009706 2.353702 3.534934 4.123121 4.142118 3.901412 3.631405 3.360065 3.03123 2.850933 2.784292 2.942571 3.51588 4.511496 5.931497 7.135516 7.532474 6.862638 5.722188 4.456247 3.475812 2.663763 1.606204 .0385032 -1.455921
-9.17913 -8.822891 -7.769986 -6.214926 -4.411973 -2.71351 -1.734878 -1.394831 -1.667444 -2.363737 -3.270723 -4.084536 -4.423613 -3.936037 -2.626543 -1.308288 -.6152858 -.5496099 -.4168537 .2635061 1.288909 2.266738 3.131819 3.558408 3.453189 2.924342 2.053805 .88072 -.4340526 -1.819815 -3.146842 -4.377894 -4.81514 -4.319459 -2.92538 -1.121248 .7784142 2.453221 3.561107 4.123821 4.178777 3.959772 3.661186 3.252328 2.783647 2.489822 2.379312 2.563187 3.254422 4.488698 5.837444 6.509871 6.333525 5.414972 4.615163 4.011726 3.57602 3.169089 2.441525 1.109204 -.6518978
-9.865989 -9.308258 -7.969433 -6.14193 -4.174487 -2.45018 -1.228993 -.6664335 -.8727779 -1.502355 -2.44624 -3.419638 -4.111662 -4.086462 -3.108197 -1.641112 -.5763848 -.1260298 .03711057 .4147378 1.037581 1.829059 2.62631 2.939473 3.043261 2.884188 2.362436 1.458176 .3148173 -.761602 -1.901429 -3.004978 -3.769866 -3.680992 -2.789637 -1.233526 .497405 2.055284 3.245577 3.899064 4.214723 4.070699 3.818844 3.37254 2.85154 2.354655 2.207665 2.38962 3.047941 4.213384 5.180935 5.277984 4.688323 4.055228 3.781353 3.687605 3.580412 3.431117 3.127681 2.180065 .5122679
-10.04178 -9.368747 -7.899688 -5.959386 -4.053696 -2.463418 -1.153274 -.4745662 -.4179093 -.862493 -1.645211 -2.505337 -3.265556 -3.633739 -3.212122 -2.00639 -.683121 .214328 .6407151 .8222893 1.132206 1.645466 2.138625 2.373302 2.321749 2.27223 1.956267 1.409949 .6326661 .08378129 -.5516784 -1.333596 -2.072753 -2.419331 -2.225939 -1.253794 .06546745 1.429956 2.593377 3.522496 3.976218 3.999762 3.788378 3.426476 3.027023 2.711809 2.520116 2.586744 3.077541 3.794896 4.033733 3.547107 3.027371 2.865519 3.019658 3.262357 3.426375 3.513423 3.473284 2.948252 1.707409
-9.680551 -9.052527 -7.646323 -5.731273 -3.957593 -2.558289 -1.408634 -.6145158 -.2688261 -.3872845 -.8974699 -1.558413 -2.247976 -2.78169 -2.853701 -2.170327 -.9092212 .2386483 1.010393 1.316365 1.434501 1.64611 1.856396 1.838193 1.691437 1.457504 1.146594 .8226019 .6203514 .4280691 .1054581 -.2469603 -.5647593 -.8248374 -.9424497 -.6988998 -.01900502 .9779251 2.02454 3.018579 3.497394 3.638676 3.483719 3.284227 3.16961 3.150046 3.134284 3.221454 3.393655 3.358342 2.838111 1.976326 1.36967 1.560501 2.058504 2.522865 2.936346 3.350776 3.54821 3.388944 2.594999
-8.831637 -8.366609 -7.193062 -5.501235 -3.937432 -2.797428 -1.829124 -.9376985 -.2752257 .02835702 .01089339 -.4053063 -1.034106 -1.682996 -2.101543 -1.934093 -1.016089 .1027235 1.027698 1.520068 1.703568 1.781021 1.743369 1.53304 1.176633 .7292286 .417877 .2295013 .4424123 .5348945 .4238951 .3047529 .3403663 .3757906 .366336 .3120581 .5525053 1.022821 1.740031 2.563981 3.096985 3.220865 3.110374 3.074063 3.226149 3.396218 3.724027 3.912063 3.855691 3.089581 1.991441 .922295 .07700887 .02115317 .745782 1.426107 2.010116 2.664268 3.178315 3.496511 3.27107
