py_wake/examples/data/AJ_ParqueFicticio/Rough survey   Sector 3   Height 200m   Weibull-A.grd
DSAA
73  159
 258469   265669
 6501692   6517492
 4.956281   11.62519
[rows 28 to 55 of 159, columns 0 to 62 of 73]
6.878364 6.882933 6.886141 6.888639 6.891551 6.895948 6.898419 6.900976 6.903306 6.910413 6.921256 6.930947 6.935621 6.935158 6.935055 6.934267 6.932919 6.933779 6.931647 6.929323 6.924982 6.916571 6.9073 6.888952 6.859805 6.815542 6.77231 6.753316 6.750801 6.746864 6.738528 6.717494 6.655541 6.572217 6.528689 6.578735 6.608859 6.584641 6.559716 6.482905 6.43516 6.443257 6.470191 6.513767 6.542175 6.549181 6.548633 6.591213 6.715078 6.879264 7.08795 7.358116 7.688901 8.002012 8.25557 8.558219 8.831595 8.87087 8.606728 8.179977 7.727236 7.352114 7.118097
6.876723 6.880711 6.889831 6.892938 6.899463 6.902669 6.902697 6.904811 6.910473 6.917616 6.927911 6.934273 6.939366 6.936728 6.931947 6.93011 6.931276 6.934829 6.936266 6.933867 6.928797 6.912456 6.895086 6.877467 6.85112 6.814124 6.776217 6.755219 6.745891 6.739831 6.72943 6.702753 6.642685 6.573706 6.548653 6.578497 6.581236 6.553321 6.532753 6.482837 6.434395 6.428615 6.446047 6.483534 6.520352 6.556309 6.605835 6.704081 6.869557 7.078303 7.311728 7.591563 7.914959 8.236401 8.513355 8.787232 8.971181 8.883313 8.523547 8.046144 7.596999 7.266257 7.162983
6.873857 6.878901 6.88793 6.892869 6.900234 6.903347 6.905183 6.906161 6.910655 6.921359 6.927553 6.931564 6.931715 6.924179 6.922313 6.925476 6.931176 6.936519 6.939718 6.939677 6.927326 6.906975 6.884628 6.86522 6.841283 6.811237 6.782382 6.760351 6.74153 6.731977 6.717389 6.694249 6.63251 6.567193 6.53957 6.544819 6.548782 6.534719 6.503682 6.476353 6.436366 6.407942 6.441234 6.485525 6.527713 6.585975 6.682393 6.835197 7.041128 7.281559 7.529561 7.813043 8.126482 8.437618 8.722438 8.944749 9.010615 8.794059 8.363124 7.872472 7.449745 7.220347 7.30746
6.874017 6.877173 6.882516 6.888137 6.897371 6.900223 6.902912 6.902831 6.909992 6.916909 6.922243 6.925506 6.925581 6.915743 6.913349 6.921067 6.931622 6.941999 6.945646 6.937909 6.92171 6.901828 6.877045 6.853407 6.831406 6.805256 6.784003 6.767913 6.741319 6.724228 6.708344 6.671957 6.601918 6.546024 6.52603 6.526764 6.511076 6.490627 6.468579 6.460219 6.43831 6.418493 6.445573 6.501192 6.565823 6.648064 6.768641 6.946449 7.160919 7.397335 7.655329 7.956936 8.272979 8.575364 8.847434 9.000546 8.953015 8.645219 8.182277 7.709878 7.366177 7.276947 7.547888
6.873178 6.877518 6.883923 6.888334 6.894774 6.897911 6.900599 6.904568 6.908316 6.91196 6.916573 6.918636 6.919147 6.908736 6.911081 6.920479 6.934876 6.94589 6.947697 6.932152 6.913659 6.893773 6.868622 6.845443 6.822517 6.797672 6.778943 6.764124 6.742606 6.719958 6.697133 6.659367 6.594438 6.547386 6.531062 6.524996 6.495752 6.448647 6.430884 6.438128 6.445053 6.435828 6.462428 6.519783 6.607452 6.729163 6.880512 7.03648 7.218623 7.439694 7.696064 7.991353 8.30978 8.616694 8.879705 8.98675 8.857793 8.505486 8.048206 7.635901 7.399021 7.454081 7.895557
6.879699 6.882419 6.886037 6.893249 6.897513 6.903722 6.904058 6.907156 6.909498 6.914337 6.915747 6.917024 6.911541 6.903413 6.912767 6.925664 6.940565 6.949281 6.945607 6.926936 6.904402 6.882844 6.862103 6.837739 6.816491 6.796313 6.777453 6.770191 6.747149 6.714988 6.68787 6.651356 6.600426 6.553275 6.524832 6.511097 6.480383 6.413527 6.393888 6.40923 6.42865 6.463566 6.496373 6.561188 6.656484 6.796167 6.962147 7.120171 7.2874 7.48979 7.739523 8.028599 8.332668 8.625814 8.868186 8.97067 8.788512 8.433806 8.019548 7.68327 7.529958 7.733291 8.281824
6.881962 6.886186 6.889238 6.895258 6.898479 6.904557 6.90448 6.906648 6.912117 6.915438 6.921014 6.92166 6.919669 6.914956 6.923592 6.936335 6.949438 6.95447 6.939141 6.91603 6.889503 6.866339 6.845227 6.826584 6.809172 6.793489 6.7845 6.766318 6.743519 6.715317 6.679846 6.6469 6.606993 6.565376 6.516803 6.485311 6.461195 6.406656 6.365531 6.35924 6.396688 6.478735 6.562398 6.650338 6.734732 6.872308 7.030321 7.203055 7.390386 7.614044 7.877704 8.163103 8.450647 8.709501 8.904034 8.975594 8.792568 8.47868 8.102245 7.809795 7.734519 8.103417 8.635691
6.876757 6.884711 6.889847 6.892804 6.897682 6.900407 6.904168 6.907812 6.910996 6.915808 6.921937 6.922837 6.921873 6.919253 6.930595 6.94277 6.954843 6.951651 6.927723 6.892835 6.862335 6.841744 6.829809 6.817158 6.805726 6.798276 6.785556 6.764245 6.739202 6.709904 6.677915 6.6426 6.607614 6.570648 6.518538 6.469301 6.444414 6.408198 6.342613 6.309103 6.376931 6.490071 6.64551 6.780846 6.879655 6.990549 7.148521 7.347102 7.558775 7.797312 8.057991 8.352859 8.62126 8.837208 8.992996 9.039816 8.886696 8.590015 8.231103 7.968762 8.056391 8.500575 8.966522
6.865683 6.872317 6.881251 6.892631 6.901532 6.907992 6.911237 6.910764 6.91271 6.915788 6.920835 6.923642 6.922093 6.91783 6.928322 6.941919 6.948238 6.940685 6.904879 6.868179 6.834813 6.822431 6.816907 6.81533 6.81294 6.803824 6.784031 6.761687 6.734945 6.707382 6.6759 6.64066 6.611712 6.584723 6.544153 6.485509 6.437138 6.397316 6.332449 6.327257 6.412509 6.564893 6.759729 6.942418 7.06707 7.186946 7.388069 7.562955 7.736354 7.961588 8.202146 8.462236 8.706015 8.913182 9.067063 9.119336 8.991324 8.704326 8.373582 8.195828 8.453681 8.907623 9.295588
6.851471 6.86196 6.874249 6.888419 6.902925 6.907669 6.905352 6.909295 6.912429 6.91828 6.917635 6.918611 6.918749 6.913052 6.922459 6.92772 6.925343 6.913515 6.884888 6.847826 6.818153 6.811404 6.813792 6.818152 6.817906 6.804191 6.783967 6.758831 6.731103 6.703061 6.674509 6.651295 6.627903 6.608551 6.577466 6.517306 6.434186 6.382214 6.354783 6.35807 6.471083 6.676074 6.909217 7.11479 7.264652 7.408186 7.59797 7.798902 7.969738 8.077653 8.221737 8.448874 8.679662 8.895093 9.086019 9.182669 9.079588 8.833988 8.57093 8.629803 8.945287 9.315742 9.539027
6.853899 6.862173 6.876139 6.884879 6.893543 6.898979 6.895271 6.903516 6.911912 6.918664 6.919375 6.920578 6.917794 6.917446 6.918663 6.915879 6.906602 6.892087 6.86988 6.843516 6.81347 6.814664 6.820998 6.82591 6.822302 6.806443 6.782694 6.758489 6.731727 6.700294 6.673077 6.66683 6.652475 6.636746 6.607798 6.547946 6.442158 6.390375 6.376568 6.413102 6.558468 6.790545 7.058949 7.297188 7.437956 7.550248 7.731712 7.910193 8.051889 8.133086 8.190646 8.405217 8.647798 8.888309 9.108276 9.247681 9.201162 9.017852 8.958056 9.142773 9.406149 9.629842 9.649248
6.862602 6.871452 6.882091 6.892596 6.896096 6.899869 6.902421 6.906562 6.91409 6.924786 6.932235 6.931402 6.929631 6.922906 6.917176 6.909173 6.902673 6.893371 6.876149 6.856531 6.832333 6.830871 6.836304 6.840725 6.827174 6.805664 6.784895 6.762293 6.736426 6.709603 6.692799 6.684012 6.679476 6.663674 6.645048 6.586171 6.498976 6.432328 6.415809 6.501473 6.681099 6.930873 7.203386 7.450602 7.609088 7.68054 7.844282 8.00301 8.129407 8.250167 8.353265 8.481067 8.723145 8.981608 9.213037 9.37346 9.367297 9.245549 9.404359 9.571037 9.71286 9.737126 9.585757
6.860156 6.871665 6.886085 6.898595 6.906999 6.909722 6.910896 6.913223 6.921055 6.93076 6.93935 6.945165 6.931495 6.917628 6.910969 6.907631 6.903258 6.894921 6.885811 6.868259 6.853815 6.84502 6.84532 6.843183 6.821267 6.799 6.781642 6.7654 6.750917 6.737397 6.725002 6.714516 6.705294 6.699721 6.686025 6.646993 6.599153 6.573169 6.605309 6.753251 6.955338 7.189333 7.409212 7.59382 7.759004 7.871738 7.990766 8.117599 8.238959 8.400187 8.61484 8.791327 8.952266 9.150974 9.362374 9.507415 9.542539 9.487342 9.736197 9.833932 9.770348 9.622408 9.375901
6.868627 6.875991 6.882721 6.893042 6.902968 6.900648 6.898309 6.904927 6.915094 6.928217 6.938022 6.936563 6.91397 6.896221 6.892925 6.894378 6.895163 6.89558 6.885208 6.871073 6.866286 6.863056 6.853203 6.844813 6.823818 6.792894 6.787884 6.782839 6.780221 6.765047 6.758996 6.753754 6.74937 6.746939 6.739348 6.753875 6.752339 6.743261 6.85483 7.039133 7.25942 7.488938 7.682721 7.844503 7.97037 8.067601 8.121935 8.203181 8.344125 8.546836 8.786414 9.025975 9.18159 9.273137 9.432401 9.587513 9.659291 9.671611 9.833844 9.810767 9.634746 9.380551 9.093641
6.875195 6.881006 6.88881 6.890973 6.893613 6.897579 6.889954 6.890577 6.902202 6.91271 6.917741 6.915623 6.900687 6.884679 6.883864 6.888265 6.891921 6.890884 6.881144 6.864463 6.861089 6.865574 6.872189 6.860458 6.835975 6.810248 6.804987 6.802629 6.79934 6.789611 6.784609 6.778574 6.785889 6.792228 6.827653 6.864829 6.880388 6.92567 7.067798 7.245732 7.433921 7.630947 7.800646 7.963955 8.0694 8.112164 8.10845 8.144327 8.300204 8.523119 8.782193 8.996949 9.129128 9.204813 9.3859 9.584975 9.715637 9.705128 9.72089 9.596893 9.353439 9.06933 8.782113
6.874449 6.885248 6.893816 6.89749 6.899499 6.891534 6.875017 6.876452 6.896004 6.910809 6.916278 6.911377 6.903089 6.895278 6.891219 6.888594 6.886187 6.883018 6.873576 6.853703 6.853574 6.871272 6.889463 6.879783 6.85527 6.833931 6.823143 6.81788 6.818734 6.811657 6.806561 6.81274 6.831174 6.868431 6.909205 6.954678 6.988809 7.049552 7.170151 7.335288 7.495763 7.657147 7.821616 7.946545 7.990773 7.958863 7.913491 7.979848 8.163626 8.392033 8.606423 8.771659 8.89135 9.056243 9.32433 9.595365 9.754767 9.69428 9.492231 9.263007 8.9648 8.689765 8.441878
6.865372 6.875413 6.886881 6.894754 6.888487 6.875602 6.863454 6.868989 6.891543 6.911868 6.926517 6.923225 6.912001 6.898944 6.889244 6.883235 6.878259 6.867772 6.85671 6.846465 6.848302 6.869412 6.886308 6.886882 6.852377 6.838677 6.83775 6.844935 6.844115 6.838363 6.834002 6.851639 6.90164 6.934084 6.981111 7.023344 7.071806 7.128287 7.234353 7.357298 7.491667 7.646534 7.780389 7.837104 7.803927 7.716635 7.732031 7.817474 8.030097 8.240763 8.417641 8.570068 8.750864 9.04818 9.38122 9.673555 9.769713 9.601917 9.27521 8.876393 8.510383 8.260521 8.096706
6.859976 6.871937 6.878774 6.88471 6.882999 6.873736 6.87042 6.88059 6.897491 6.916341 6.93383 6.930031 6.915668 6.897937 6.887011 6.878098 6.872807 6.861927 6.850695 6.843893 6.85203 6.864824 6.876175 6.869059 6.850045 6.835774 6.846154 6.857425 6.857724 6.8413 6.851647 6.916512 6.944921 6.979504 7.027596 7.070971 7.128714 7.190548 7.280549 7.369399 7.484298 7.612021 7.696811 7.710241 7.685214 7.690199 7.787043 7.942224 8.126008 8.288136 8.444805 8.651776 8.950052 9.326054 9.663661 9.824803 9.723519 9.435983 9.034317 8.646806 8.310217 8.036998 7.845613
6.851663 6.868138 6.875052 6.877903 6.881966 6.885118 6.892888 6.905749 6.916622 6.923367 6.93528 6.92637 6.906786 6.890851 6.877995 6.872122 6.866112 6.8595 6.852197 6.853717 6.857457 6.869159 6.877933 6.867571 6.854905 6.84705 6.853918 6.862134 6.861382 6.846244 6.864488 6.93244 6.972215 7.018849 7.078543 7.120297 7.17304 7.241928 7.312931 7.412853 7.520329 7.615664 7.700213 7.77865 7.878472 7.996427 8.097126 8.213522 8.321569 8.463606 8.646824 8.945341 9.334517 9.729597 9.958744 9.904393 9.591504 9.207708 8.778148 8.40362 8.123408 7.919417 7.770476
6.839364 6.855239 6.865115 6.863364 6.872629 6.892561 6.910416 6.926775 6.940831 6.942152 6.932435 6.918158 6.890822 6.864995 6.851365 6.854207 6.856028 6.85882 6.861443 6.85597 6.862509 6.874808 6.883539 6.883577 6.861834 6.84794 6.846052 6.854259 6.855888 6.85667 6.877311 6.939864 7.004434 7.054524 7.125382 7.190941 7.242345 7.31183 7.387281 7.483403 7.593966 7.7096 7.832944 7.948218 8.061769 8.154948 8.206697 8.248835 8.327105 8.512599 8.823677 9.253573 9.693029 9.987167 10.03622 9.765837 9.362476 8.971593 8.560183 8.207426 7.954507 7.766409 7.642484
6.832399 6.840973 6.84943 6.850926 6.866242 6.891675 6.917448 6.939238 6.952886 6.943439 6.925288 6.902502 6.868643 6.834051 6.825796 6.832081 6.840836 6.850023 6.851004 6.835986 6.843484 6.856977 6.866628 6.86135 6.833986 6.81737 6.825084 6.837794 6.854938 6.875863 6.913991 6.98426 7.045641 7.107056 7.182231 7.25675 7.325007 7.39464 7.47156 7.560026 7.669268 7.7803 7.895529 7.9968 8.076696 8.115916 8.114511 8.18201 8.36285 8.672634 9.107098 9.55862 9.898351 10.00675 9.84382 9.442004 9.062106 8.716765 8.356645 8.062587 7.838104 7.65595 7.509194
6.83108 6.840704 6.842169 6.84692 6.86903 6.89643 6.92497 6.941078 6.94654 6.932455 6.900548 6.873696 6.842155 6.811151 6.808758 6.8266 6.834826 6.833491 6.828728 6.814829 6.819935 6.830025 6.834979 6.82559 6.809828 6.797012 6.813942 6.839657 6.860478 6.89002 6.935901 7.028724 7.094407 7.164817 7.246593 7.331164 7.395987 7.459505 7.529836 7.615547 7.715008 7.800318 7.88671 7.961313 8.007658 8.033565 8.117093 8.322395 8.634361 9.022058 9.430798 9.761864 9.901448 9.783178 9.454208 9.034915 8.742194 8.44 8.132792 7.913555 7.735919 7.575364 7.447532
6.82617 6.840413 6.850913 6.862501 6.885412 6.90899 6.935765 6.946663 6.938632 6.920185 6.885662 6.84834 6.817554 6.813634 6.822402 6.833572 6.840377 6.833817 6.818817 6.807731 6.811546 6.819548 6.824184 6.819111 6.819989 6.832397 6.837619 6.852749 6.871635 6.91042 6.94777 7.018908 7.086598 7.153984 7.258159 7.360537 7.429774 7.491657 7.574215 7.653231 7.741993 7.825025 7.892665 7.958446 8.039693 8.158726 8.366234 8.64502 8.961511 9.284462 9.566854 9.743237 9.69425 9.402517 8.995196 8.720574 8.447699 8.193967 7.93629 7.748483 7.629447 7.530251 7.427511
6.818282 6.838593 6.859203 6.878184 6.90107 6.924829 6.942761 6.942121 6.932603 6.912478 6.880589 6.848153 6.827993 6.823147 6.828058 6.834242 6.840437 6.835167 6.827439 6.83194 6.830717 6.828016 6.825063 6.822118 6.836838 6.86145 6.867909 6.871714 6.893818 6.931523 6.972172 6.990297 7.052633 7.126056 7.244023 7.35809 7.430124 7.509427 7.602537 7.698126 7.793364 7.884552 7.977751 8.083425 8.226486 8.421006 8.659073 8.902188 9.132032 9.333728 9.479003 9.540332 9.377567 8.990211 8.680558 8.46049 8.225103 8.004121 7.783048 7.617127 7.520462 7.481041 7.439738
6.814201 6.8411 6.858222 6.881342 6.905293 6.926618 6.938818 6.935473 6.926026 6.91075 6.886914 6.861863 6.839901 6.836101 6.836596 6.832611 6.826244 6.816084 6.822789 6.843868 6.856798 6.852031 6.840124 6.839349 6.858487 6.879589 6.889944 6.897327 6.917779 6.95102 6.991876 7.009836 7.037495 7.130681 7.247072 7.354388 7.455432 7.567612 7.653019 7.746053 7.856632 7.96304 8.093361 8.228889 8.408688 8.620287 8.824894 8.994394 9.138909 9.250822 9.319994 9.293503 9.04845 8.637271 8.402982 8.251206 8.086728 7.898458 7.69147 7.524427 7.436977 7.407922 7.40591
6.824463 6.846893 6.866117 6.892148 6.914952 6.930695 6.936279 6.932731 6.920091 6.908831 6.891559 6.870055 6.850738 6.843252 6.84205 6.838295 6.822897 6.807922 6.815056 6.839781 6.860957 6.861115 6.851136 6.859611 6.878212 6.900914 6.902681 6.915324 6.939704 6.974937 7.013539 7.049584 7.087169 7.208115 7.316822 7.455512 7.599769 7.688402 7.76205 7.878284 7.965022 8.071595 8.211511 8.360771 8.542164 8.727508 8.878605 8.99448 9.093244 9.160449 9.156177 9.034753 8.750449 8.414499 8.173111 8.054602 7.991563 7.877991 7.682884 7.467837 7.353538 7.321256 7.341069
6.842203 6.865225 6.882418 6.902279 6.924466 6.941913 6.939397 6.93188 6.92029 6.909117 6.896162 6.880048 6.859905 6.844586 6.841253 6.838702 6.825815 6.818656 6.82539 6.834749 6.841071 6.835551 6.836728 6.860611 6.890582 6.904061 6.908144 6.915876 6.939633 6.996703 7.065349 7.124332 7.203415 7.323244 7.464817 7.618987 7.764332 7.869286 7.925912 8.019795 8.116888 8.22832 8.337384 8.471631 8.626796 8.781194 8.901487 8.991923 9.047737 9.05772 8.954998 8.756984 8.547432 8.225681 7.967251 7.900309 7.91001 7.873423 7.684683 7.445969 7.259417 7.225124 7.277194
6.859183 6.881551 6.898512 6.921335 6.936298 6.942338 6.941722 6.930002 6.918809 6.908368 6.89846 6.886922 6.870258 6.851515 6.840655 6.836752 6.840855 6.836833 6.846156 6.851132 6.840195 6.821928 6.832527 6.863061 6.889194 6.90303 6.910561 6.917808 6.953462 7.053179 7.165518 7.265692 7.37381 7.506298 7.641371 7.787961 7.94066 8.04286 8.06932 8.136217 8.271597 8.364083 8.474822 8.56762 8.671081 8.80298 8.918098 8.967573 8.965702 8.887228 8.735174 8.562567 8.377287 8.055759 7.797563 7.774035 7.842871 7.85058 7.670341 7.41411 7.185071 7.129285 7.191884
