py_wake/examples/data/AJ_ParqueFicticio/Rough survey   Sector 2   Height 30m   Power density.grd
DSAA
73  159
 258469   265669
 6501692   6517492
 .0001479314   389.8945
[rows 84 to 111 of 159, columns 0 to 62 of 73]
15.668 15.17786 14.73164 14.58434 14.28773 14.0371 14.17522 13.96406 13.89237 14.41362 15.02074 15.54193 15.04438 14.43063 14.00898 15.02264 15.38177 15.42058 15.9335 17.56635 18.22805 19.29199 19.9401 20.78255 24.48376 32.90117 40.95025 42.98547 45.03082 41.66678 40.31153 40.18062 39.34832 39.01624 33.66401 26.90894 19.70397 17.28476 25.1601 32.41358 34.785 31.58663 30.72844 29.05537 26.00093 25.04876 27.33224 28.37935 30.86952 34.04692 32.485 31.20947 31.20772 30.98401 29.23156 26.63582 25.4979 22.76307 22.04422 21.66453 19.18989 14.78268 9.33559
14.32591 14.49867 14.23588 13.65769 13.1607 13.6059 13.64303 13.29623 13.29203 13.87205 14.39327 14.25881 13.76323 12.93019 14.43409 15.67929 15.39173 14.44819 15.11861 16.07117 16.31367 18.21367 19.44268 22.32313 28.06817 36.75616 41.63412 42.1623 39.9562 35.52955 34.79333 35.97331 32.72336 31.71213 25.6929 22.80005 19.69032 18.6192 28.0087 35.63405 36.7798 34.45473 31.28177 29.92883 28.22813 27.39236 28.08839 28.14808 25.93894 27.62993 28.89816 27.83053 29.58231 30.70157 30.21389 30.05336 28.48427 27.92883 26.12455 23.37572 18.80913 11.43648 5.873067
12.73189 13.28808 13.24253 12.56131 12.87817 13.32366 13.07522 12.76947 13.23506 13.43117 13.54875 13.23341 13.6533 13.41151 14.26663 15.33126 15.30536 15.27782 15.01606 13.9386 14.29744 15.26302 16.54045 19.40191 23.84492 29.12345 32.1869 31.85011 28.47761 27.4147 27.5372 27.72495 28.15959 27.67868 24.28363 22.48488 19.40595 21.87214 33.212 35.52299 34.75152 34.18473 34.36235 35.14674 36.00618 35.68282 33.76816 33.40252 32.01182 32.94984 30.28245 30.13285 30.96422 32.63345 32.79552 33.44451 34.73489 32.69194 27.64549 22.67525 15.55325 7.384735 2.950428
12.11376 12.19681 12.01218 11.85457 12.21457 12.47601 12.30456 12.85198 12.91698 12.86733 12.76113 12.70271 13.02291 13.39356 13.54125 14.29858 14.72819 14.55455 14.33687 13.79928 13.11863 12.45318 12.65372 13.55392 16.50189 20.45244 21.65536 23.52682 22.5087 23.30042 26.95278 29.50647 30.21852 30.50666 28.05997 21.31215 19.19287 29.52883 31.25926 33.32813 33.78354 35.01269 37.81604 41.8014 41.3322 40.32084 38.76556 38.39142 37.12073 34.5319 31.4463 32.88905 37.47589 36.07281 35.57603 38.91039 36.5373 31.87427 25.05494 20.47788 11.28445 3.533716 1.621685
11.6291 11.15587 10.61148 11.32115 11.42814 11.11496 11.35203 11.76553 11.54362 11.88159 12.01443 11.87989 11.98376 12.9752 13.43295 12.95363 13.02121 13.42715 13.5493 12.89111 12.32003 11.87352 11.13294 10.98531 11.92925 16.25193 20.08614 24.82362 28.90949 34.68595 34.5679 36.38625 33.84298 33.43697 30.68851 23.16029 23.027 30.12231 32.22745 33.57921 35.23523 39.14903 41.29171 41.29376 38.57991 35.13082 35.53542 33.31051 32.00416 28.12093 26.2544 28.23517 35.92139 36.9985 38.88644 34.44005 32.50348 27.76487 22.1262 16.46681 6.908283 2.71039 3.511049
10.84571 9.992808 10.59654 10.96188 10.73106 10.62893 10.66512 10.13069 10.11326 10.89588 11.20854 11.29817 11.28868 12.20512 12.41223 11.2589 11.54459 11.95083 11.90292 12.33231 12.28857 12.40708 12.95905 14.82167 16.87093 19.49082 26.52865 38.25877 48.41522 50.71828 46.93598 40.70838 35.95325 32.27296 28.19756 22.97136 24.32047 33.78405 35.35096 37.41302 40.05758 40.49283 39.51515 33.30399 28.50947 25.70199 24.39121 21.78152 19.85764 18.35295 17.88833 18.66067 17.58688 21.93772 27.5919 30.61136 24.80051 20.2448 16.16427 13.4817 4.999282 3.961255 5.507458
10.56972 10.51531 10.6911 9.991966 10.08299 10.0906 9.636346 9.686323 9.797482 9.773065 10.49605 10.55756 10.63389 11.18273 11.81492 11.55443 10.6653 9.913212 11.01323 11.42473 13.1458 14.53894 17.58702 24.08739 31.17514 35.60168 43.96943 56.03927 64.92488 60.93258 51.507 43.12114 37.9296 30.97641 24.8014 25.41412 31.99195 33.70255 38.29395 42.33609 43.11553 42.50177 35.79453 29.02849 27.60188 31.03216 31.48922 29.33736 23.41786 17.77561 20.67858 19.54918 18.37222 17.66125 17.29133 20.34353 15.02432 9.364062 8.824734 9.176116 6.938876 5.702737 8.137047
10.83351 10.34023 10.14929 9.776143 9.292157 8.908652 9.397676 9.576179 9.373244 9.883917 10.11563 9.932606 10.46159 10.68645 11.05556 10.50408 9.729895 9.136856 10.16937 11.80651 15.31985 19.13712 24.92859 36.1052 47.19347 53.70098 62.15135 68.96297 71.08675 64.65697 54.14669 48.40818 43.05103 37.33982 26.09923 35.05657 35.31751 36.07769 40.51513 46.89504 48.47342 41.38924 36.0194 33.0398 43.84296 50.50578 47.93311 37.6851 27.94562 25.46824 35.00788 38.1308 34.82988 27.40693 18.64493 10.84417 9.036351 7.993698 10.87311 12.00416 10.68418 7.399971 9.948707
10.36384 9.78384 9.544624 9.001197 8.189329 9.000146 9.355991 9.37372 9.789001 9.741873 10.24401 10.25815 10.2167 10.50955 10.69272 9.354256 8.62413 9.550609 12.06455 13.88791 18.64304 26.83064 37.85151 48.38724 60.66295 65.53075 75.58958 80.89758 74.51219 70.28147 61.23318 55.76669 48.3079 33.6189 24.51561 36.96647 41.54193 43.2719 43.57652 48.35711 46.38459 43.96703 42.54676 51.47941 61.42463 59.17091 46.27887 36.37884 32.29436 38.25125 50.01645 51.24417 47.58802 40.22686 29.35179 18.24112 17.11498 18.3998 22.10946 20.87023 15.05042 8.266474 10.04446
9.767451 9.223444 8.667311 8.365343 8.592285 8.745212 9.216949 9.281852 9.52202 9.947784 10.17392 9.881232 10.1885 10.56432 10.25957 10.09045 9.402952 11.878 17.26274 20.9792 24.88658 35.3929 46.92866 59.83665 70.92848 73.91221 86.77926 96.28767 88.4558 75.29605 61.77197 51.61648 39.44351 25.2808 34.4168 41.41751 41.44315 41.2004 45.42537 51.43108 55.75204 59.97321 66.34732 71.37798 66.18089 53.70283 41.08588 35.96075 43.3856 51.62659 54.60802 52.85717 50.37438 41.90265 38.56877 35.76015 38.12803 39.54446 34.20808 26.58404 16.17955 10.19356 8.758705
9.016358 8.6448 8.200269 7.948299 7.883739 8.613015 8.934362 8.957038 9.19952 9.845554 9.763386 9.14581 9.975275 10.65605 11.35477 11.32006 12.28302 17.41839 27.37607 33.33572 37.39006 41.50983 55.19014 69.39525 82.57931 89.16021 97.72968 110.3154 89.88441 71.17679 53.89638 42.18847 33.07561 26.36263 33.30601 46.35891 47.51386 50.59407 54.27647 68.70947 70.91096 74.62621 77.17066 71.44432 54.76234 42.24069 36.78238 39.3997 48.54581 52.96434 52.65883 50.68607 45.74037 43.50792 39.80832 38.05737 41.94069 37.04832 31.57549 26.8118 18.34359 10.20092 10.63278
7.855775 7.873062 7.302824 7.645783 7.760947 8.133362 8.628098 9.426706 9.955845 9.795421 9.559434 9.252871 9.927688 10.68232 12.08055 13.50621 17.9085 27.50317 37.34007 44.34424 50.40173 55.41674 64.86832 80.29103 99.57035 112.1542 118.5698 105.6772 85.40716 59.58406 41.77462 33.30963 27.96152 27.98143 42.43516 49.74154 48.42099 54.53352 71.95054 76.42364 78.81355 74.52071 71.24158 57.50163 45.41943 38.97209 40.72108 46.74881 48.37761 50.11632 47.72327 47.83403 42.54581 39.58927 36.72676 38.35407 40.71383 35.52651 31.96873 29.18479 22.36631 9.951663 .3551716
7.214505 7.005692 7.613691 7.870835 8.199404 8.215532 8.889688 9.66486 10.07217 9.753744 9.432931 9.554535 10.11813 11.42447 13.40752 17.14209 24.7097 32.80794 43.02111 57.01367 67.28143 72.63085 81.10159 95.9137 111.3684 111.6849 97.54205 64.48243 41.78238 30.42692 24.96145 26.22485 34.31608 41.08913 55.95266 60.22491 64.95073 81.72337 89.95528 90.17819 78.81113 65.80836 54.2823 43.91805 41.52874 42.81706 46.92277 47.57137 44.77924 42.78864 42.03851 39.57222 30.73506 23.9534 30.731 38.02741 37.15964 35.49379 36.33225 30.74948 24.05239 14.19985 .5347013
6.35424 7.003881 7.483323 8.233329 8.705741 9.184219 9.433558 9.610983 10.1382 10.02381 10.09665 10.63 10.89902 13.11487 17.71597 22.54202 26.81568 33.57481 48.4263 65.87665 76.59977 81.33003 91.38412 107.9814 107.2543 81.63773 46.62914 25.11059 16.74504 16.82318 24.17497 33.40901 44.44011 53.30393 69.31416 75.93365 87.61309 97.46136 88.41115 78.39817 63.19758 51.47153 43.38334 38.14335 37.13361 39.71252 35.17723 35.7445 32.94963 31.15657 32.72678 19.81389 12.21587 11.04976 14.74147 16.93868 24.01694 23.1417 25.33685 29.02631 22.79252 14.72092 5.892187
6.584085 7.027921 7.500459 8.245027 8.156429 9.398582 10.15196 9.549464 10.17085 10.75406 11.45009 12.37633 13.88804 18.01644 27.42472 32.97755 34.07924 41.9561 58.34183 73.91277 82.85043 84.13741 100.3695 108.1853 84.02003 53.81733 27.21761 18.86241 22.36221 34.92239 51.21569 59.07555 64.70604 63.53779 73.69448 76.52505 86.13673 83.88035 73.90629 64.70137 54.09814 41.14311 35.0886 33.10676 31.33615 27.18827 21.23657 18.29193 13.77364 16.37181 11.67748 8.470154 7.973382 13.05861 15.69859 15.4485 14.93786 18.7709 20.67386 18.07293 15.38898 10.60628 7.476605
6.284417 6.60734 8.003421 8.678843 8.65145 9.976158 10.90202 10.32469 11.01548 12.409 13.8566 16.01778 20.32255 30.21763 43.06738 47.69308 50.82669 61.99613 77.10419 91.22511 93.42595 100.8297 107.0317 99.68566 60.5527 32.81865 22.31543 36.49104 60.80242 78.75774 82.71857 78.43002 68.8851 63.43394 70.0429 70.2171 58.6306 53.94588 54.38857 50.71214 39.70444 31.50967 27.43311 21.50863 23.2108 19.61411 14.38812 9.556719 7.651698 6.308129 8.011905 9.360291 14.37495 26.93476 31.53671 35.77586 34.31766 31.89638 24.44701 24.35201 24.52209 20.53914 10.27204
7.238362 8.216688 9.252699 10.02919 10.42632 11.3516 12.11857 13.25759 13.31151 15.77767 19.27793 23.49237 31.05568 43.15182 56.58139 65.6073 77.97139 91.58281 98.18813 108.5425 110.5774 115.4036 101.7174 64.80026 34.95443 25.99468 38.57539 68.67478 95.20908 101.0333 89.90852 76.20605 64.97028 60.34735 62.0043 55.30711 43.74448 33.95988 32.41404 34.41862 28.45652 19.02143 17.41655 16.26785 16.36072 13.12875 9.546855 6.113703 6.429567 8.509359 13.59634 21.03845 31.62194 40.5251 47.87919 54.92056 55.58699 52.84904 48.789 49.00098 50.24063 27.90328 9.436833
9.329895 10.9524 10.98536 11.65147 13.18264 14.20846 15.8217 18.1106 18.29631 21.49271 27.49483 34.53233 46.26663 59.33294 73.8752 90.36413 107.546 118.6896 123.401 128.9716 121.7749 101.7278 69.57472 39.47466 32.34985 46.30381 80.17008 111.6035 116.1136 99.85355 78.90981 64.50022 58.13209 62.74367 62.40173 51.38238 42.06574 32.9162 27.17948 19.71252 14.50772 12.50969 11.68515 16.09048 17.40476 17.07707 11.09956 8.420309 15.45472 22.00054 30.81165 38.98781 47.68394 57.35635 68.60922 73.71326 71.84677 70.61227 68.82582 67.37121 43.41023 10.51494 5.564815
12.34491 12.60988 12.76972 13.86093 18.08317 20.83199 21.77461 25.19585 27.11612 31.76162 40.56177 51.90963 66.56252 84.15575 99.54935 116.6578 129.7935 139.7435 144.8214 137.0778 109.0547 77.24397 52.15679 43.02337 62.27319 92.67117 120.8981 123.2765 104.054 80.55315 63.3513 56.65496 56.46123 59.60984 54.40204 45.04529 37.31997 28.77351 19.26605 14.10163 12.24314 13.28928 17.58461 30.02745 30.60254 21.17865 15.29596 22.44373 28.60257 33.41996 42.36676 52.97813 64.13683 76.16911 83.62747 78.66898 72.211 66.6276 59.96451 44.01974 17.47509 .001989568 36.77937
15.32296 15.23705 15.62797 18.68942 25.55841 26.95456 27.35183 32.05275 39.18787 47.00662 58.45549 71.93952 88.57767 116.6699 133.5644 148.4681 150.6555 152.3317 150.0863 132.0882 102.9012 77.93919 68.02594 78.69479 106.9662 126.2188 119.4798 93.27823 66.61977 53.29544 49.57344 49.96193 52.73553 50.46248 43.25932 34.14384 27.80983 21.28957 13.99864 12.25436 19.08928 28.3872 42.24289 44.18193 33.47126 22.93718 21.84155 31.63729 36.90403 42.15822 48.93771 64.92084 73.60817 74.28394 70.48734 58.47756 54.07217 49.25787 41.77313 28.34916 13.21584 .2992669 .1864605
15.72115 17.69026 21.32438 27.26876 32.47063 30.11283 31.92042 39.59062 45.10043 53.20045 70.56646 88.85202 116.1119 146.1254 168.1019 188.9138 182.2734 168.714 165.6459 151.1018 128.1931 117.2101 110.1624 130.1634 141.0237 125.3674 96.21943 68.78223 52.53598 48.61298 51.13016 52.06768 50.5654 45.24394 40.0874 33.79675 25.32335 17.02401 13.17222 17.17476 31.8723 42.09135 42.04316 33.29675 20.6455 20.24909 27.00541 40.52988 46.83053 51.58716 60.66603 77.89416 79.32233 69.74506 57.1799 54.6874 57.18282 54.72438 43.46617 32.87429 21.1482 42.54121 1.583526
15.23552 19.13302 24.20127 29.43371 31.57389 29.40087 34.7705 47.80916 54.42603 63.10767 78.80951 103.6735 141.2482 169.8703 203.9977 224.6036 218.7021 199.3458 195.8857 182.4929 173.1651 163.9128 152.0777 147.3496 133.9307 103.4281 81.30516 66.97239 63.9919 66.81544 68.45259 62.52894 52.46018 46.27539 42.98264 32.89395 22.1917 14.80267 16.52274 22.69811 32.10065 36.66361 30.62826 24.40495 19.23468 28.62021 43.36259 57.71493 60.0378 68.8958 81.40863 94.50083 97.30026 89.60143 82.29311 89.34676 86.81435 67.71198 49.42928 38.83852 25.83715 46.78625 1.265157
18.63599 21.05987 24.9936 27.35399 28.22618 31.07081 37.69439 52.05271 61.03479 74.92242 93.98618 123.6269 158.5517 193.8216 222.5745 239.4992 226.0459 221.1784 195.5059 179.6045 183.9381 164.6492 148.0257 123.3197 108.2577 85.94923 81.33538 80.1427 85.58402 90.6395 84.35956 67.0041 50.22741 42.78858 33.98622 24.04302 15.54676 13.91401 18.02763 25.27813 31.17248 28.84263 27.53329 27.81141 35.01071 53.61952 67.87685 69.09592 82.02598 91.33492 111.0991 132.3268 135.4115 138.5815 130.2164 122.2959 95.186 65.66593 46.41169 37.38126 23.34812 .4183252 .5177276
23.02272 25.57837 27.65367 30.98903 31.69684 39.38528 51.22844 65.52879 78.02709 96.85625 121.498 149.9507 178.0018 203.8654 209.4272 225.3209 213.7359 203.1338 181.8441 172.0002 156.5846 140.7047 112.9359 103.8817 105.2439 108.1781 100.604 99.21083 110.4535 108.1406 84.38943 59.46855 45.47978 35.22611 27.1518 19.3065 13.69615 14.46789 20.77698 27.53108 31.19068 34.11827 40.00487 52.37392 68.78704 93.10426 102.2603 98.20936 98.65708 112.2831 129.394 159.0918 182.8178 170.922 149.4649 114.8857 77.70807 50.4422 37.72647 32.92916 20.82086 .1578765 .03974734
31.3496 33.96861 38.92631 43.14552 47.59596 56.24899 68.39801 86.83334 100.9969 115.6328 137.2067 168.103 190.6927 192.9186 186.405 166.0437 152.7561 156.7758 148.0031 136.8815 141.122 128.5636 104.7265 98.16118 110.5443 110.2915 111.6312 115.6876 127.711 113.8941 86.11057 64.5619 47.26809 35.73987 26.25535 18.4803 14.12132 19.26518 24.72995 32.97561 41.52812 53.40619 69.82836 96.08797 117.8384 135.9588 140.2884 119.5903 118.579 131.7066 154.3873 166.9358 180.2975 142.1447 98.93378 71.9116 49.00363 37.29861 32.21642 30.03409 19.37554 .08157153 .003987394
45.26814 50.89255 54.70211 65.71806 70.3968 74.39977 86.4265 100.3866 107.1787 119.9384 140.4462 165.3369 174.741 156.599 132.7668 112.1329 106.5218 112.4797 113.149 116.9492 123.2531 117.3148 87.74921 91.66838 104.8193 106.8054 119.365 143.397 141.84 121.5402 86.07427 58.90889 39.08382 25.81776 19.39419 15.57641 15.81891 25.38324 33.51765 47.00351 64.12367 84.53578 111.903 145.8437 167.7116 171.2953 158.3192 133.7761 127.0452 154.6789 176.8762 171.4088 151.2214 94.37315 57.5763 40.79742 32.96286 29.60958 29.55781 30.46259 18.46832 28.03928 .007370363
64.57339 70.34716 70.73803 76.90907 80.25879 82.32657 91.23437 95.05243 106.0073 117.6665 136.752 149.0135 138.7281 121.8234 98.69286 88.20149 83.84051 75.65031 81.02972 96.37206 103.8427 100.8184 78.13646 74.18537 83.72469 100.5982 134.2067 149.2807 142.7715 97.55683 54.78197 30.34019 19.56691 15.03418 15.77171 16.46066 20.69348 34.19811 47.93808 67.69645 91.87488 122.5486 151.215 174.3368 171.4937 163.3244 141.626 126.7542 127.0825 152.8373 177.7285 180.5971 116.8339 67.06202 40.60865 28.50723 23.7689 23.4051 24.44029 24.16529 11.79278 8.798923 .01812434
75.42171 73.65389 70.44616 72.42079 74.71645 79.42984 84.21939 88.13152 104.3002 123.7049 137.9137 149.6596 134.5242 119.1822 113.141 94.36114 75.18013 67.52073 73.06184 79.83861 86.55264 89.71132 74.49759 72.91812 90.17381 126.8026 153.5029 160.5539 104.5194 61.86529 35.34103 23.45442 17.7503 17.88687 19.8043 22.17129 26.6937 43.5996 64.38435 93.96724 120.7422 154.0528 168.1813 170.9086 154.3713 136.3528 119.4979 107.5641 125.2882 152.3534 159.1755 125.4406 72.40244 42.72511 28.76261 22.88217 20.59815 20.86058 22.03523 18.88212 7.261873 9.956705 9.879307
