py_wake/examples/data/AJ_ParqueFicticio/Rough survey   Sector 3   Height 30m   Orographic turn.grd
DSAA
73  159
 258469   265669
 6501692   6517492
-148.7593   101.2295
[rows 81 to 107 of 159, columns 0 to 60 of 73]
5.839905 6.195957 5.800977 5.044167 5.280009 5.658615 7.065626 7.259619 7.418896 7.694037 7.80115 7.050983 7.55676 6.998016 5.879591 5.507444 5.878778 5.466817 5.035356 4.364875 4.840016 5.617785 5.99445 6.758737 6.305181 4.977436 5.006994 6.421354 7.486135 8.093358 7.122126 5.723058 3.865922 4.770731 4.592535 4.33569 4.913821 4.558734 5.894498 6.91092 6.014776 3.186353 1.601239 .314721 .2213507 -.3366718 -2.283367 -2.844778 -3.230925 -3.492635 -3.908896 -4.025327 -3.584336 -2.427593 -1.050599 .1091881 -2.251992 -2.402867 -3.866085 -6.249536 -7.286211
6.040989 6.653264 6.274796 5.91741 6.033983 6.543076 8.172086 8.382516 8.454793 8.665062 9.089962 8.245646 7.444978 7.293055 6.626156 6.492668 7.312572 5.833317 5.847483 5.85012 5.906578 6.052529 6.869524 7.811746 7.236062 7.133759 6.324525 7.018316 8.027111 8.799998 7.889243 6.820908 4.902617 5.125019 4.979701 3.964998 5.028611 3.969049 6.363787 8.376587 5.942233 3.044538 1.446651 .1230403 .07406622 -.5768908 -3.058293 -4.008887 -4.212046 -4.027861 -3.543693 -2.886059 -2.051782 -1.053755 .3105564 1.078122 -.075445 -1.002036 -3.139949 -5.786008 -7.180814
6.935824 6.894119 6.957568 6.823282 7.146914 7.764796 8.669827 9.078083 9.261187 9.650161 9.199787 8.319386 8.275933 8.37618 8.689827 8.683228 7.797143 6.296037 6.28838 7.010242 6.566286 6.539295 7.057243 7.409163 8.491837 8.097737 6.974249 6.648541 7.439856 8.325691 7.233113 6.276251 4.713912 2.810022 4.130592 2.146629 4.383932 5.86158 8.094924 4.808752 3.154004 2.782041 1.333046 -.1557437 1.791663 1.112193 -2.2772 -2.919187 -4.227773 -4.44236 -2.984133 -1.77655 -.7757948 .2952905 2.341426 2.501957 1.641963 -.1615707 -2.749804 -5.572657 -8.333116
6.622721 6.926231 7.357464 7.599312 7.95875 8.582332 9.068404 9.688258 10.27694 10.1472 9.746462 9.354712 9.358498 9.33635 9.877118 8.615112 8.235157 7.78918 6.815422 6.754642 7.172005 6.934727 6.693292 6.822503 6.850677 6.567844 5.867622 6.202833 6.526686 7.224686 6.080344 4.943734 4.716155 3.042554 4.104331 1.448387 3.485554 5.243272 3.879227 4.363987 4.649006 4.83369 3.088443 1.298703 2.742339 2.614953 -.5613844 -1.776327 -4.243657 -5.479781 -3.070091 -1.080671 .2621676 1.571573 3.289032 3.013347 1.651414 -.3592749 -2.993439 -6.049486 -9.464035
7.973089 7.764287 7.838919 8.315202 8.84492 9.184519 9.591333 10.44386 10.63434 10.63863 10.54372 10.65322 10.99643 10.57528 9.601938 8.878967 9.118993 9.23363 7.61869 7.080291 7.531035 6.914847 6.729403 5.791343 6.215153 7.140241 7.412166 7.658128 7.431908 7.630861 5.960908 4.653951 6.377695 5.053834 5.782448 2.01689 2.867406 5.474224 5.386764 4.701066 4.84195 4.212788 4.012562 1.814117 1.943689 2.565376 .3108061 -.9577301 -2.647085 -4.839659 -3.552624 -.5174027 .7345079 1.213246 2.301773 2.272629 -.01237824 -2.339772 -4.400639 -6.93694 -10.536
8.908879 8.425995 8.46842 9.176887 9.350166 9.492593 10.31458 10.69641 10.76842 11.09682 11.33226 11.20112 10.71722 10.40807 9.638115 9.230343 9.216142 8.796897 8.724759 9.001604 8.576254 8.032784 7.641235 6.310411 7.223424 9.676917 10.95412 10.84619 10.1407 8.781549 7.037234 6.224383 6.169092 5.608992 5.726619 2.456885 2.364528 4.798297 4.593851 4.898242 5.536722 4.850646 3.010988 1.027272 -.2330501 -.6270075 -.1370095 -1.46506 -3.031098 -7.359682 -6.109988 -3.214927 .4518124 -.06823636 .7384956 1.595355 -1.880763 -4.088729 -5.871016 -7.230255 -11.52225
8.759051 8.884766 9.172161 10.06268 10.11915 10.15145 10.99554 10.59579 10.94738 11.5541 11.67826 11.77906 11.62201 11.35785 10.72527 10.06314 9.66807 9.726089 9.724864 9.506885 10.01644 10.43566 10.2311 9.15444 8.891465 11.55414 14.56518 13.7705 12.34628 9.374859 6.744022 4.262722 4.073299 3.388442 3.331919 1.821097 1.285701 2.875066 5.251248 5.873173 5.941804 4.917041 3.192054 -.2471301 -1.31439 -2.079422 -1.800457 -1.408921 -3.728437 -7.314345 -7.459935 -5.393132 -2.994105 -1.426931 -.7161505 -.1274574 -2.649915 -4.97672 -6.238897 -7.466189 -14.97632
9.302201 9.757454 10.59341 10.72392 11.08148 11.68033 11.71913 11.3778 12.20334 12.57068 12.52575 12.73171 12.68971 12.1041 11.44129 11.16322 10.71561 10.82049 10.51755 10.81252 11.26834 11.85588 12.66439 12.27152 10.69532 11.07096 14.37466 13.82275 11.01485 7.105729 4.096398 1.880446 1.795855 1.136275 .1227896 -.4379266 .7828739 3.677026 5.306399 6.006672 5.705247 4.170421 2.295865 .2665346 -.9798188 -.7984509 -1.582518 .4429392 -2.114958 -4.357476 -5.245635 -4.385962 -5.94869 -3.333297 -1.173095 .3879738 -1.521757 -5.247132 -6.557305 -7.29654 -21.58914
10.38153 11.13987 10.78633 10.93044 11.96331 12.33638 12.73839 13.0802 13.62221 13.11805 13.49618 13.21585 13.36552 13.10978 13.0068 13.06757 12.14628 11.71873 11.76207 11.28605 11.71771 12.3377 12.8241 12.08331 9.941955 8.594726 10.4704 10.6216 8.059216 4.476181 1.148753 .0640356 .1786697 -.2646375 -1.857784 -.3074663 1.540691 3.086146 4.800119 5.328669 4.661571 4.191318 2.366132 1.740587 1.167415 2.779329 2.067815 3.215261 1.800294 .11453 .5063421 .1749362 -1.361028 -1.032958 .9137581 1.688091 .585884 -3.061865 -4.994335 -5.929183 -22.8022
10.68614 10.72619 11.03817 11.80379 12.55261 13.1274 14.10663 13.88588 14.10217 14.18121 14.29559 13.97453 14.32866 14.4196 14.04525 13.47061 13.36862 13.67232 12.4584 11.56819 10.9893 11.44641 11.13581 10.0308 7.596512 4.936337 5.776104 7.22729 5.934056 2.910877 -.2630793 -1.413295 -1.188859 -1.404532 -2.876101 -.593134 -1.796672 2.197724 4.609046 4.627083 4.582902 3.578882 2.758431 2.268298 2.793873 1.69314 1.067163 -.2347216 -1.211141 1.258226 2.060541 3.582473 .961925 -1.280808 .5955616 2.351253 4.936852 4.602294 1.549989 -3.683352 -19.88102
10.791 11.21637 11.64012 12.09913 13.05872 14.55758 14.60083 14.65286 14.87102 14.39072 14.40238 14.72005 14.44582 14.8659 14.92732 14.90319 14.86828 15.2041 13.70238 10.67885 8.583606 9.139913 9.027626 7.759758 5.533027 2.983169 3.356831 5.401371 5.071376 1.808189 -1.039795 -2.771298 -2.810718 -6.521688 -3.977071 -2.793485 -3.099954 -.6275662 3.645094 5.111994 4.067219 3.447321 1.283606 1.175106 -1.114888 -3.25979 -3.480909 -4.384675 -4.633781 -3.04454 -2.138259 -1.505588 -1.489851 -2.040928 -2.149288 2.581307 7.611988 7.012814 -.5673376 -8.478927 -23.08298
11.31993 12.06807 12.50403 13.17527 14.43276 14.4885 14.89616 15.07289 14.87339 14.94707 14.39042 14.06049 14.67358 14.74135 14.84017 15.87889 16.0805 16.0539 13.93594 9.60372 4.73149 5.123756 6.151751 6.251299 4.347848 2.013484 2.273871 3.968684 4.406224 .4524774 -2.687482 -4.362921 -4.851314 -8.340237 -2.17164 -.8004113 -3.924498 -4.388694 1.378723 4.573458 4.909814 2.256349 -.6238316 -2.999229 -4.130933 -4.3393 -4.367641 -6.973855 -6.602166 -7.198195 -5.956763 -4.562694 -5.400342 -3.929241 -5.282714 -3.220126 -2.262561 -1.943107 -6.355038 -12.3788 -30.27279
12.41501 13.14871 13.74292 13.96709 13.94675 14.91066 15.30322 15.50223 15.42155 15.11166 14.67132 14.41464 14.34229 14.64078 14.74158 14.83401 15.39436 15.2508 13.49222 8.544509 1.745918 .1724418 4.386887 5.316194 3.711841 1.442139 1.164703 2.283889 2.197902 -1.012758 -3.464844 -4.584351 -6.484625 -8.113875 -4.551992 -.8040267 -2.459674 -4.70739 .08594334 3.527956 2.991061 -.8760684 -4.421968 -6.196567 -4.686963 -4.513189 -6.412914 -6.876341 -8.769515 -8.878062 -7.339121 -6.213823 -7.248737 -5.624648 -9.815414 -11.5422 -13.23102 -10.80741 -10.97621 -15.72186 -34.91717
13.30305 14.04076 14.60088 15.01772 15.13709 15.04574 15.78421 16.29097 16.1701 15.55818 15.45596 15.45886 14.7783 14.56105 13.7658 13.06289 12.70926 12.59802 11.63682 7.765975 .5950381 -2.891754 1.400862 4.6043 3.27963 .4204837 -.02069885 .6072655 1.544669 -1.055274 -2.706699 -3.925454 -7.586808 -8.016166 -2.204389 -.947571 -3.945762 -6.549682 -2.692472 -.4165168 -.648609 -2.757076 -5.357964 -6.122124 -4.196842 -4.72488 -5.691986 -6.458704 -7.728566 -8.031411 -6.828352 -6.221249 -7.705996 -7.867457 -10.22642 -10.70529 -12.19128 -10.9575 -11.08377 -14.76081 -31.34636
14.91739 15.52524 16.3119 15.90009 15.99551 15.72232 16.061 16.00866 15.79749 15.82875 15.84428 15.74325 15.24976 14.88201 13.40803 11.21636 8.859585 9.441174 10.1034 7.882579 1.582096 -4.149015 -1.618866 3.009161 2.145746 -1.089533 -2.071395 -.2769073 .2814069 .2276558 -.07371734 -2.294564 -6.258263 -8.298866 -2.688387 -.7320729 -2.914104 -6.769773 -5.114707 -1.358743 -2.127409 -3.20249 -5.731647 -5.389853 -4.400548 -4.127119 -5.25503 -7.875946 -7.057412 -7.228829 -5.726489 -6.211901 -9.106492 -8.921379 -9.060559 -9.25908 -11.21251 -12.29805 -11.31521 -15.32368 -26.7847
15.69389 16.75687 16.28371 16.01583 15.91592 16.14478 15.55926 15.82749 15.90876 15.98924 16.00658 15.88999 15.47751 14.99006 12.91352 9.107413 5.097806 6.688657 9.228933 7.447094 1.95672 -4.817004 -3.934933 1.100014 .8352537 -.3697364 -1.54626 1.87659 5.223898 5.887804 5.125699 -.1072489 -8.345821 -11.78756 -5.389073 -2.395429 -4.532116 -9.184943 -8.326055 -3.449494 -3.599283 -3.31551 -4.426179 -4.725413 -4.146445 -4.876624 -5.804928 -6.813431 -5.8415 -5.842395 -3.982166 -3.889851 -5.22497 -4.803738 -6.94629 -8.651106 -10.65662 -14.19195 -14.09028 -15.8701 -23.9729
16.88219 16.86126 16.66671 15.84897 15.47163 15.79509 15.46214 15.42991 15.77572 15.92973 15.45147 15.11954 15.16888 14.65843 12.25837 7.800429 3.893101 4.273582 7.868948 6.513508 2.546062 -3.896013 -3.881671 -.2103618 1.192247 1.247462 3.458251 8.939595 12.49895 10.76304 5.64267 -.936772 -9.420937 -13.6779 -9.348994 -4.792363 -7.081924 -10.04201 -7.914016 -3.527357 -1.3979 -1.968609 -3.094815 -3.399362 -3.322109 -3.809293 -2.706365 -4.412392 -3.047868 -2.766845 -1.526388 3.312674 2.915913 4.441113 2.385906 1.772046 -4.916343 -8.136005 -10.1718 -16.07751 -21.6033
16.46014 17.03721 17.09589 15.98659 15.82588 15.96272 15.86123 15.33971 15.3068 15.44439 14.40205 13.53452 12.81614 12.49604 10.57697 6.809783 2.532557 1.660679 5.385602 5.503715 2.291042 -2.676839 -3.259425 -.7091798 2.929889 3.902361 6.912726 11.67628 11.17787 4.678495 -1.237076 -5.445822 -12.3787 -14.91524 -11.30421 -5.738048 -7.024009 -9.000484 -7.189633 -3.163255 -.6254621 -.3858023 -1.871649 -2.411076 -1.287467 -.05948647 2.307124 2.529633 6.537264 5.456694 8.355104 11.56724 11.03386 8.298672 2.457366 1.102415 -1.074071 -6.193612 -8.354661 -11.58853 -16.02378
17.87529 18.20588 17.00475 15.99883 14.86929 14.7125 16.0575 15.26974 14.00832 14.11745 12.83139 11.04826 8.984074 8.442659 7.894366 5.809557 1.374235 -.2799039 2.426464 3.479264 1.6663 -2.779474 -2.968508 -.5755239 4.221299 7.144047 8.45119 6.316647 3.190419 -1.224201 -4.887315 -7.913766 -12.91083 -13.59869 -9.964049 -6.307514 -4.378258 -5.576418 -5.385096 -1.291159 1.698566 1.936545 1.166617 1.562109 2.028348 2.691216 6.334163 8.034561 12.66851 15.56681 13.04193 11.401 7.169476 2.039112 -2.10397 -5.302905 -7.480996 -11.0482 -11.61595 -16.20124 -20.56075
17.82142 16.91174 16.11149 15.36441 13.40473 11.93371 14.79235 14.24574 11.99631 11.78758 10.14255 7.680943 5.966623 5.125493 5.611629 4.087183 .4929739 -1.235301 .3760695 1.99753 .5728171 -2.578422 -2.396962 1.621211 7.432935 9.523878 4.58773 1.127956 -.5735058 -2.793442 -5.553139 -8.438317 -12.67991 -11.91764 -8.03896 -5.564911 -3.343944 -2.699248 -.9757286 .7576612 3.916679 7.629145 6.473156 5.809045 4.523034 5.459945 8.812055 14.07313 16.3841 14.56563 8.231482 3.252851 -.3599218 -1.947782 -5.073343 -8.644389 -12.18711 -16.88083 -22.30155 -24.94786 -29.15779
15.34642 14.90379 15.00548 14.68824 12.29445 8.827879 10.15446 12.28864 9.47953 8.543643 7.848799 4.753399 3.170672 2.604522 2.533104 1.634288 -.6307514 -1.336891 -.580657 .478213 -.003984039 -1.105437 -.5086762 4.199444 7.860412 4.865488 -.1707983 -2.743137 -2.72063 -3.302354 -4.895895 -7.788905 -11.70063 -11.72348 -7.485081 -5.575687 -3.557201 -2.665727 -.7335849 3.622326 9.557924 11.62041 11.82629 8.02572 4.959206 -.5308294 3.623147 11.09858 9.396648 6.455828 2.30675 -.8538779 -3.234001 -5.548967 -8.350796 -11.23289 -15.22176 -18.47528 -22.46968 -25.51259 -32.60543
11.90232 13.30534 14.03284 13.99496 11.00268 5.347353 4.051423 8.510517 6.829295 4.719245 5.115825 2.260307 .4325453 .311067 -.3886909 -.5923467 -1.793458 -1.729556 -.9055924 .4481092 1.038574 -.08363146 1.053071 2.388235 1.87752 -.02638516 -2.085383 -2.992598 -2.847028 -2.648671 -3.403744 -6.460513 -10.11614 -9.406292 -6.758283 -5.113425 -3.180957 -1.967159 2.522751 5.236202 10.25574 11.28561 8.995615 2.249376 -1.228591 -6.59674 -5.961715 -.965924 3.966062 4.271562 1.573547 -1.499788 -4.634678 -7.548401 -10.1889 -11.7856 -15.32738 -16.79128 -20.17576 -24.00328 -37.97951
8.802596 10.5975 12.13383 12.35445 9.470932 4.248262 .2833852 4.353034 3.996702 1.539009 1.994419 .7087655 -1.359532 -1.651097 -2.865813 -2.936637 -3.169359 -2.53424 -.578907 1.138457 .9746601 -.7169595 -2.521765 -3.176676 -1.906831 -1.802546 -.6246639 -.996691 -.3738049 -.1292638 -1.688973 -4.91964 -7.977492 -8.138624 -5.888517 -3.561369 -2.364222 -1.932443 2.631395 6.050082 5.02732 4.019016 .08882234 -.3366689 -3.677859 -12.70576 -14.35495 -6.667298 1.018075 2.965748 2.511948 -.2612952 -3.837231 -6.755835 -9.512062 -10.71704 -12.92779 -15.12763 -17.98546 -23.73318 -41.0592
5.925311 7.613287 8.511075 9.318701 8.680715 4.339202 -.3661733 1.2686 2.27115 1.376807 1.103267 .6917003 -1.649452 -3.0592 -4.877941 -5.630579 -5.171021 -4.049779 -1.870087 -.8708579 -1.963895 -5.139081 -7.480594 -6.673953 -3.516067 -.7236183 1.961076 1.859577 1.876501 1.007858 -1.771433 -5.274142 -8.330271 -7.794921 -5.647332 -3.137969 -3.405133 -1.201323 2.674495 3.747409 2.170276 1.316844 .4522929 .2466958 -2.845021 -8.362869 -14.35606 -12.51586 -3.878316 1.012732 2.170485 1.036252 -2.20507 -6.279357 -8.762544 -10.4907 -13.13678 -16.72077 -20.54661 -25.74446 -39.2458
4.217823 3.745582 5.537917 8.687811 9.56206 6.465123 1.054419 .1845836 .7066539 1.053836 .8798124 .53844 -1.488654 -3.804978 -6.466439 -8.476562 -7.917867 -6.128976 -4.285135 -3.623307 -6.27023 -9.246762 -11.25603 -8.050769 -2.778026 1.025488 3.239278 2.881043 .9019462 -.7138091 -4.102973 -7.037783 -9.778573 -9.631893 -6.696249 -5.772116 -5.711994 -1.305988 .4791766 1.735246 3.786163 3.812217 3.505473 .03123715 -2.343623 -6.798269 -13.50614 -17.64269 -10.4299 -3.161195 .03557979 .5363755 -2.397136 -8.284559 -12.30658 -14.91523 -18.19489 -22.04189 -25.65874 -29.29592 -38.6263
4.428743 2.23984 3.128634 7.080099 10.19525 7.877134 3.656551 .5961241 -.3138856 -.03165434 .293229 -.1705277 -1.337225 -4.467832 -7.072968 -10.39874 -10.08988 -7.743689 -5.864814 -4.890584 -6.915754 -9.515711 -11.57965 -7.479406 -1.506472 2.889215 2.895159 1.989986 -.5264565 -2.575112 -5.851489 -9.007729 -10.70525 -10.70741 -7.416586 -7.445191 -4.964077 .5382206 2.377306 2.792404 4.618976 6.788532 4.169343 -.8884274 -6.555855 -9.06776 -13.68513 -19.72979 -17.7543 -7.870516 -3.039284 -2.864411 -4.78856 -13.15863 -17.75549 -18.94868 -22.16592 -26.32912 -29.10429 -31.14127 -39.49343
4.267736 .8823451 1.800968 3.43386 6.378705 6.314708 3.428621 .08933456 -2.369306 -2.098326 -.8200831 -.3881475 -1.521405 -4.34212 -6.565845 -11.23272 -12.9309 -9.270802 -5.784963 -4.849184 -5.422445 -7.967453 -11.25393 -8.18332 -1.42728 .2232413 1.32602 .8162144 -1.495112 -3.310677 -6.58857 -9.586453 -11.10043 -10.45247 -8.651996 -8.352089 -5.370642 2.02851 4.002652 4.590165 5.245887 5.481931 1.662601 -5.828241 -11.8884 -12.63946 -15.54533 -21.39445 -21.49789 -12.81649 -5.03503 -3.830951 -6.726561 -13.70117 -18.95745 -20.11161 -23.72751 -28.29469 -30.91182 -31.54022 -39.62663
