py_wake/examples/data/AJ_ParqueFicticio/Rough survey   Sector 10   Height 30m   Orographic speed.grd
DSAA
73  159
 258469   265669
 6501692   6517492
 .01663157   2.175921
[rows 56 to 83 of 159, columns 0 to 62 of 73]
.9964485 1.000942 1.012286 1.020669 1.035122 1.019989 1.009986 1.005008 1.003264 .9989724 .9963427 .9918727 .9901165 .9837084 .9545678 .9551158 .9587723 .9608394 .9622123 .9692655 .9465826 .918063 .9285905 .9435619 .9470863 .9482145 .9343189 .9000311 .9162918 1.014782 1.158369 1.098733 .9466055 .9492031 1.034872 1.103131 1.172245 1.092889 .918142 .869845 1.031548 1.071349 1.053962 1.032693 1.052278 1.161465 1.230149 1.177492 1.208697 1.307339 1.499436 1.687423 1.611418 1.236901 .9348475 1.175241 1.616776 1.722826 1.483187 1.137737 .8224986 .8567637 1.319699
.9858519 .9973699 1.01155 1.01686 1.036228 1.016956 1.006024 1.002061 .9983746 .9948964 .9900348 .9844398 .9775221 .9762753 .9591696 .9541461 .9551583 .9565715 .9576691 .9673165 .9599323 .9435371 .9382842 .9421638 .9469203 .9470266 .935303 .8881546 .8961237 1.021141 1.206117 1.100971 .9813226 .9649279 1.050094 1.099798 1.174404 1.099499 .9746179 .9194156 1.018722 1.082182 1.062944 1.042313 1.105035 1.203057 1.225378 1.123602 1.141038 1.248186 1.476033 1.604066 1.558553 1.175981 .9061058 1.16071 1.600529 1.702096 1.491081 1.123454 .8531453 .8010707 1.14123
.9807368 .9928747 1.012724 1.016619 1.027395 1.012737 .9971864 .9951878 .9920974 .9880755 .9820748 .9755108 .9721996 .9754775 .9730547 .9651967 .9593601 .955659 .953619 .9651733 .9667254 .9638483 .958209 .9363462 .9436458 .9430905 .9283063 .9295233 .9171813 1.040375 1.221147 1.114097 1.023047 .9832537 1.045365 1.112569 1.195368 1.1279 1.025832 .9674482 1.024056 1.045292 1.023579 1.051369 1.153451 1.237075 1.235905 1.135359 1.11569 1.220811 1.416681 1.507924 1.497078 1.176037 .9168194 1.173001 1.531734 1.675729 1.528313 1.202903 .8742279 .7313511 .9937805
.9835742 1.001418 1.042625 1.047475 1.021649 1.010562 .9888863 .9874074 .9860628 .9815773 .9770234 .9738689 .9672517 .9710582 .9742457 .9689603 .9633409 .9590318 .9532697 .9620949 .9631962 .9598999 .9592289 .9444311 .9401854 .9389765 .9470759 .9715371 .9714096 1.066498 1.190096 1.158483 1.08311 1.011254 1.064762 1.149445 1.21926 1.169869 1.068628 1.004974 1.012614 1.002934 .9726313 1.051555 1.189927 1.240684 1.244744 1.173367 1.15185 1.206179 1.324836 1.388666 1.435082 1.173393 .9495507 1.105216 1.452257 1.629481 1.514803 1.268114 .9728101 .7139578 .9519479
.9799714 1.010769 1.054926 1.05982 1.020374 .9878193 .9768139 .9797081 .9822491 .9797612 .9764843 .9720593 .9660498 .9630405 .9676104 .9644243 .9578615 .9531579 .9616516 .9715891 .9739254 .9592109 .956103 .9468563 .9350153 .9299958 .9616665 .9871777 1.040767 1.115842 1.184457 1.152465 1.102052 1.058493 1.088458 1.194774 1.229955 1.216052 1.124986 1.047725 1.017435 .9717982 .9589491 1.055431 1.197817 1.231168 1.218085 1.203925 1.184253 1.190231 1.18673 1.244618 1.358723 1.20428 .9714757 1.028694 1.376194 1.583964 1.467073 1.249533 1.030622 .8003867 .8816569
1.007644 1.042214 1.057015 1.047013 1.019495 .9898995 .9653014 .970313 .9815524 .9802222 .9777327 .9755386 .9675166 .9612216 .9619329 .9584408 .9514785 .9493693 .9666915 .9755157 .9860253 .9597369 .9512197 .9420631 .9236563 .9285063 .9504414 1.012245 1.078726 1.146167 1.195088 1.155613 1.106081 1.095765 1.123665 1.208458 1.224605 1.203704 1.140671 1.08222 1.036057 .9694692 .949455 1.059881 1.181381 1.220066 1.189433 1.220585 1.274928 1.219827 1.124505 1.117654 1.257342 1.258557 1.021523 1.002264 1.328422 1.521043 1.443965 1.23422 1.050276 .9063679 .8634237
1.02057 1.058621 1.040865 1.033824 1.010521 .9860646 .9604506 .9635108 .9739239 .9794224 .9803866 .9753556 .9646576 .9616606 .959173 .9541362 .945752 .942129 .9636117 .971976 .986111 .9743602 .9588528 .9411321 .918585 .9300421 .9337564 1.021294 1.096485 1.173926 1.219534 1.142696 1.104479 1.149278 1.171774 1.21662 1.224393 1.191699 1.130547 1.080324 1.021433 .9625032 .9402708 1.00495 1.167518 1.197589 1.182754 1.200977 1.287566 1.294049 1.138409 1.027181 1.186835 1.228255 1.11252 .9902596 1.199831 1.439897 1.40447 1.229635 1.052335 1.003048 .929094
1.022794 1.050021 1.037881 1.026611 1.007914 .9877788 .974252 .9738402 .9742335 .9757093 .9789343 .96983 .9671373 .9648247 .9611967 .9550531 .9449384 .9331151 .9514606 .9624489 .979537 .9752731 .9634656 .9420014 .9330809 .9477046 .9499631 1.00627 1.098661 1.182824 1.220037 1.163136 1.135505 1.165567 1.217383 1.245096 1.234259 1.189862 1.127296 1.072347 1.0188 .9622324 .9243088 .9725479 1.118537 1.198608 1.170911 1.194391 1.281705 1.329971 1.245387 1.043926 1.111281 1.153744 1.141765 1.027349 1.110258 1.328143 1.345132 1.20914 1.053698 1.005679 1.002646
1.018284 1.040858 1.029331 1.022671 1.012517 .9997871 .9950168 .9948652 .984409 .9734833 .9761978 .9767068 .9724516 .9694399 .9640985 .956239 .9418806 .9436113 .9549537 .9602894 .9648987 .9807057 .972598 .9473068 .9425731 .9472486 .9661021 1.019322 1.12335 1.204842 1.212369 1.168432 1.149289 1.170152 1.228397 1.239817 1.23702 1.192778 1.139785 1.091091 1.042581 .9758102 .9592795 .9787118 1.110085 1.17688 1.15572 1.184154 1.24677 1.275717 1.296893 1.144523 1.092307 1.050536 1.061901 1.065971 1.068034 1.218868 1.289318 1.177474 1.083367 1.040912 1.00845
1.005547 1.029202 1.020232 1.016632 1.014505 1.011703 1.010627 1.015333 1.000523 .971404 .9748095 .9751534 .9734027 .972398 .9663791 .9560562 .9406351 .9524407 .9572988 .9579484 .9724056 .9952758 .9921217 .9535972 .9499034 .9491296 .9643516 1.032172 1.127303 1.185418 1.231191 1.150269 1.150254 1.214708 1.239788 1.245586 1.240349 1.18166 1.12977 1.114162 1.060095 .98642 .97215 .9885812 1.092368 1.118967 1.116282 1.169558 1.182861 1.176249 1.285617 1.30214 1.175997 .9880517 .9556534 1.005895 1.054149 1.142581 1.204248 1.175999 1.121304 1.058754 .983568
.9937209 1.011209 1.010895 1.010753 1.013317 1.015279 1.017828 1.013644 .989373 .9645149 .9687856 .9706454 .9691793 .9670231 .9625544 .9511622 .9468019 .9529107 .9543762 .9482381 .9711823 1.00306 .9835438 .9710582 .9741738 .9660303 1.001106 1.068969 1.11701 1.175485 1.193906 1.161864 1.153665 1.268266 1.25124 1.250384 1.264747 1.191165 1.125595 1.099725 1.043584 1.013397 1.00129 1.01518 1.053741 1.032001 1.048579 1.186779 1.188057 1.076238 1.240076 1.363226 1.248935 1.021987 .849591 .8361537 .9953454 1.093543 1.174779 1.231044 1.193152 1.143919 .9929025
.9910314 .9976776 1.001819 1.006688 1.010286 1.016957 1.023371 1.013245 .9948144 .9751856 .9704953 .9695383 .9679728 .9636012 .9547163 .9600499 .9593623 .9535289 .945705 .9558205 .9680983 .9946154 .9929885 .9906789 .9917647 .9929526 1.033649 1.08833 1.135009 1.179161 1.175874 1.160186 1.153982 1.258316 1.266458 1.246307 1.264245 1.238665 1.141102 1.102083 1.046999 1.056166 1.053608 1.040429 1.020068 .9554898 .9982308 1.177149 1.170938 1.012898 1.17294 1.381394 1.283609 1.106612 .871245 .715591 .8484331 1.041091 1.127793 1.212797 1.219327 1.182321 1.077954
.9883052 .988187 .9917954 1.001851 1.011758 1.023116 1.024086 1.0146 1.004501 .9890407 .9779775 .9713286 .9647374 .9597694 .9599205 .9717585 .9687166 .9594892 .9445639 .9513354 .9574848 .9663565 .9841413 .992003 .994974 1.043695 1.078641 1.083644 1.138792 1.191165 1.188937 1.167785 1.153008 1.22061 1.288304 1.249645 1.255579 1.258291 1.157874 1.125921 1.10336 1.092285 1.094398 1.086791 1.013209 .968614 1.026502 1.161209 1.159564 1.003489 1.172331 1.350315 1.287535 1.124327 .9216253 .6844283 .7125074 .9392162 1.106741 1.203489 1.234745 1.256455 1.164461
.9853742 .97853 .9727253 .9898692 1.010037 1.035135 1.022319 1.018716 1.01345 1.003996 .9909032 .9751423 .9585761 .952714 .9817405 .9932464 .9825494 .95648 .9464437 .9423128 .9407508 .9361878 .9722716 .9865023 1.026748 1.075289 1.086339 1.117691 1.162427 1.220207 1.228255 1.186628 1.153099 1.190706 1.260054 1.252635 1.246981 1.233487 1.160818 1.143696 1.13081 1.126966 1.128585 1.086188 1.012587 .9558083 1.003035 1.103497 1.114708 1.050521 1.157802 1.281218 1.243652 1.09146 .9413217 .7234299 .6853437 .8905511 1.077754 1.184049 1.236462 1.233533 1.178028
.9885028 .9775175 .9501095 .9759354 1.005993 1.034456 1.022733 1.022602 1.022741 1.017162 1.005216 .9868485 .9561822 .9536116 .9779681 1.002926 .9692801 .9489497 .9444585 .9418501 .9348386 .9104338 .9712844 .9929832 1.04985 1.079344 1.097736 1.121694 1.189082 1.258869 1.25717 1.219488 1.158449 1.173816 1.224714 1.249491 1.234774 1.20712 1.176421 1.1709 1.188801 1.160134 1.143023 1.065824 1.031071 .9594086 .9810798 1.031471 1.059729 1.089809 1.166509 1.160882 1.199726 1.108901 .9053736 .7269279 .6874059 .8635393 1.03481 1.137637 1.193952 1.185754 1.143158
1.002643 .9857232 .9563843 .9567806 .9894599 1.020509 1.014291 1.020892 1.027498 1.028064 1.011461 .9777602 .9495166 .949127 .9623552 .9924135 .975288 .9609531 .9500081 .9390935 .9203351 .923131 .9725488 1.027002 1.067912 1.079657 1.10664 1.123295 1.199244 1.286205 1.308529 1.226762 1.148283 1.168995 1.198051 1.227875 1.218421 1.186497 1.175853 1.183503 1.21311 1.166598 1.113256 1.065351 1.039878 .9905145 .951271 .9816241 1.023968 1.096102 1.141327 1.105441 1.153842 1.126291 .9179119 .7060822 .7072043 .860334 1.005827 1.077968 1.154786 1.148253 1.11702
1.006546 .9743171 .9447651 .9496706 .9737411 .9924887 .9964732 1.013255 1.027513 1.029473 1.000558 .98086 .9687674 .960535 .961593 .9797933 .9731294 .9681815 .9576073 .9416106 .9118155 .9295239 .9649411 1.026426 1.072516 1.077162 1.10572 1.13557 1.204712 1.314883 1.35512 1.264051 1.19375 1.203165 1.20531 1.215679 1.182021 1.166944 1.168929 1.177493 1.206874 1.175856 1.098119 1.083099 1.053822 1.007521 .9623486 .9371917 1.004537 1.05872 1.091425 1.05524 1.112167 1.193426 .9892557 .6975071 .6749018 .8320724 .9447267 1.032581 1.12437 1.110126 1.083674
.9888229 .9709216 .9634114 .9718665 .9764022 .9725784 .9678417 1.00497 1.038723 1.029258 1.01292 .9993892 .9951422 .9881009 .9705833 .9648916 .9674193 .9661576 .9563128 .9401811 .9127695 .931839 .9668655 1.021187 1.064848 1.06907 1.084881 1.127437 1.253952 1.366331 1.373536 1.306958 1.251388 1.221616 1.212486 1.194394 1.166389 1.15251 1.156945 1.168089 1.185622 1.18953 1.115717 1.104109 1.058447 1.026919 .9171072 .8978106 .9546189 1.005433 1.030078 1.051831 1.133189 1.244786 1.101304 .7392656 .6686066 .7561567 .8831487 1.004546 1.072015 1.077409 1.035311
.9927561 .9820717 .9786425 .9899923 1.005478 .9657789 .9304187 .993544 1.049448 1.029548 1.01914 1.011407 1.011054 1.019022 .9868075 .9527253 .9513611 .9628075 .958636 .945396 .9154818 .9411709 .973708 1.026164 1.061089 1.064767 1.063028 1.110918 1.261545 1.421496 1.374254 1.318496 1.274172 1.238559 1.217608 1.186383 1.16558 1.1443 1.148401 1.170249 1.182959 1.140205 1.111783 1.126833 1.05671 1.067333 .9304522 .8661924 .9185182 .9973984 .9938381 1.014068 1.114835 1.192196 1.151404 .8239772 .685417 .7470403 .8176276 .9661183 1.050463 1.043779 1.009798
.9958953 .9889123 .9837181 .9882636 1.00474 .9632858 .9296526 .9801003 1.034654 1.023521 1.014753 1.010914 1.010004 1.026793 .9914036 .9445453 .9455793 .9564801 .955339 .9505477 .9306806 .9533523 .9822172 1.033271 1.060802 1.063997 1.052722 1.113557 1.248415 1.448525 1.421155 1.364802 1.305239 1.236217 1.203949 1.177259 1.163735 1.153609 1.1318 1.152532 1.161249 1.126383 1.103671 1.125372 1.058445 1.033936 1.009161 .895283 .9515375 .9969273 .9995908 1.028586 1.116089 1.167459 1.100027 .9405853 .7726134 .7751141 .7841129 .8905093 1.005424 .9877284 .9294496
.9920149 .9861881 .9822734 .9811152 .988242 .967012 .9504097 .9757614 1.016544 1.017842 1.010555 1.005162 1.005164 1.015781 .9927224 .9482024 .9413027 .9464663 .9424874 .9439075 .9703799 .9896529 .9912493 1.030599 1.050867 1.057099 1.052505 1.123489 1.244617 1.459878 1.46703 1.395095 1.304774 1.227777 1.178163 1.152934 1.165532 1.166461 1.100076 1.122451 1.158295 1.084115 1.067076 1.099431 1.061738 1.066335 1.043327 .9731763 .9841764 .9745185 .9815419 1.01169 1.067716 1.121017 1.067699 1.005524 .896875 .8495996 .8181676 .8858395 .9310674 .9131823 .8734257
.9892803 .9839324 .9784492 .9721758 .9780537 .9875504 .9819975 .9866393 1.004327 1.011214 1.009471 1.008459 1.008962 1.007528 .9970523 .9757292 .9574805 .9448553 .9307125 .9523653 .9770242 .9969704 1.035352 1.045948 1.039739 1.053202 1.068383 1.141428 1.278942 1.504834 1.514412 1.424118 1.31222 1.235324 1.173484 1.150054 1.190315 1.164703 1.083466 1.124933 1.125275 1.052547 1.042672 1.069985 1.060192 1.075812 1.078246 1.022765 1.022657 .9324305 .9423453 .9779509 1.037206 1.088917 1.042227 1.072319 .99731 .9003345 .8706276 .8646367 .8400931 .829179 .8080436
.9912984 .9843192 .9748806 .9684164 .9712944 .993353 1.000943 1.005072 1.001292 1.004132 1.003269 1.002553 1.008466 1.006286 1.003015 .9962758 .9807616 .9555616 .9288567 .9496163 .9613574 1.005404 1.066863 1.050664 1.043446 1.040324 1.090978 1.174637 1.35228 1.510601 1.545708 1.408364 1.29919 1.230887 1.176668 1.146592 1.161915 1.159195 1.088336 1.094205 1.034627 1.027485 1.054911 1.103573 1.092035 1.086243 1.062829 1.045639 1.061949 .909005 .9038163 .9414484 .9986297 1.064214 1.068068 1.090451 1.018331 .9231884 .8879303 .8367121 .7590186 .756072 .7701165
.9977997 .99196 .9785123 .9665014 .9629816 .9944798 1.010036 1.016158 1.002082 .9998795 .9976913 .9960988 1.004384 1.008642 1.007808 1.003431 .9923549 .9593695 .9360311 .9568822 .9540317 .9920499 1.045527 1.046625 1.03093 1.039493 1.082221 1.22919 1.451067 1.584293 1.529255 1.373205 1.254288 1.200914 1.166475 1.138382 1.153034 1.129213 1.065441 1.069871 1.018491 1.032004 1.080588 1.102409 1.119732 1.100158 1.068978 1.03361 .9868432 .923133 .9037992 .9142529 .966146 1.041032 1.092718 1.101856 1.023718 .9945658 .9141236 .8187101 .736827 .7376897 .7188466
1.002416 1.000558 .9860189 .9541109 .9766611 .9979039 1.021987 1.012977 1.012527 1.008708 .9996487 .9891501 .9967399 1.00731 1.001255 .993331 .9822546 .9623195 .9664405 .9745471 .9617022 1.000274 1.022882 1.030982 1.00936 1.039703 1.109217 1.288121 1.506053 1.596023 1.498456 1.350288 1.216961 1.185863 1.165457 1.141735 1.139464 1.059154 1.039487 1.032666 1.021736 1.031487 1.074843 1.084232 1.102221 1.077877 1.026372 .9811332 .9691487 .9403618 .9251927 .9289447 .9618008 1.01576 1.067158 1.102851 1.030791 .9936958 .878101 .781414 .7340814 .7086738 .6775699
.9942027 .9921512 .9722874 .953683 .9687353 .9933777 1.02033 1.020241 1.021586 1.023905 1.020421 .9932404 .9881258 .9995191 .994877 .9814762 .9812732 .9835805 .9851607 .9709262 .9843561 1.015937 1.025288 1.029074 1.012866 1.040459 1.137054 1.339739 1.537917 1.595461 1.469544 1.30981 1.184638 1.183438 1.168748 1.136789 1.096137 1.015896 1.013285 1.038096 1.073648 1.111462 1.120912 1.106529 1.099014 1.062298 .9866247 .9526914 .9432754 .9412907 .9446298 .9565414 .9806047 1.022642 1.069959 1.112245 1.006222 .9429442 .8516106 .7607722 .7207621 .6760549 .6462793
.9837205 .9880238 .9848317 .9715491 .9713851 .9856329 1.014029 1.020656 1.025126 1.029487 1.033463 .9930155 .9766681 .9842253 .981091 .974243 .9697245 .9748055 .9875545 .995417 1.003759 1.01745 1.03797 1.040735 1.045083 1.068201 1.175677 1.378649 1.54854 1.582676 1.418558 1.295706 1.195577 1.191596 1.185759 1.106309 1.066991 .9758322 1.002604 1.070834 1.156506 1.174376 1.146012 1.106323 1.087336 1.041872 .9637535 .9334847 .928196 .9341242 .9494736 .972554 1.00157 1.036565 1.084557 1.089096 .9997727 .9282805 .8393314 .756744 .71263 .6583132 .6161711
.9909518 .9781647 .9821557 .9827276 .982928 .9883767 1.010239 1.020843 1.025861 1.034089 1.027378 1.00362 .9901987 .9915976 .9945969 .9803636 .9620045 .9661388 .9662312 .99606 1.012444 1.018687 1.028861 1.048786 1.073892 1.155055 1.26688 1.422485 1.534226 1.534728 1.383538 1.287613 1.227806 1.170729 1.19543 1.068064 1.006235 .959412 1.016264 1.106541 1.178081 1.18363 1.128372 1.069164 1.086627 1.031191 .9480712 .9281931 .921032 .9171986 .9469359 .9797473 1.012845 1.047745 1.103081 1.058138 .9895369 .9191445 .8262277 .7469383 .6873669 .6367173 .5753126
