py_wake/examples/data/AJ_ParqueFicticio/Rough survey   Sector 12   Height 30m   Weibull-k.grd
DSAA
73  159
 258469   265669
 6501692   6517492
 .6542969   2.220703
[rows 56 to 83 of 159, columns 0 to 62 of 73]
1.615234 1.611328 1.611328 1.611328 1.607422 1.607422 1.607422 1.603516 1.603516 1.603516 1.603516 1.599609 1.599609 1.599609 1.591797 1.591797 1.591797 1.591797 1.591797 1.595703 1.587891 1.587891 1.587891 1.591797 1.591797 1.587891 1.583984 1.580078 1.580078 1.583984 1.587891 1.580078 1.599609 1.611328 1.587891 1.576172 1.576172 1.583984 1.638672 1.650391 1.611328 1.603516 1.615234 1.615234 1.599609 1.576172 1.576172 1.576172 1.576172 1.576172 1.572266 1.572266 1.572266 1.576172 1.572266 1.568359 1.533203 1.525391 1.552734 1.568359 1.599609 1.583984 1.533203
1.615234 1.611328 1.611328 1.607422 1.607422 1.607422 1.607422 1.603516 1.603516 1.603516 1.603516 1.599609 1.599609 1.595703 1.591797 1.591797 1.591797 1.591797 1.591797 1.595703 1.587891 1.587891 1.587891 1.587891 1.583984 1.587891 1.583984 1.583984 1.587891 1.580078 1.583984 1.580078 1.603516 1.615234 1.595703 1.583984 1.576172 1.580078 1.626953 1.642578 1.615234 1.599609 1.587891 1.587891 1.576172 1.576172 1.576172 1.576172 1.576172 1.572266 1.572266 1.572266 1.568359 1.576172 1.583984 1.576172 1.548828 1.533203 1.537109 1.568359 1.572266 1.583984 1.552734
1.615234 1.611328 1.611328 1.607422 1.607422 1.607422 1.603516 1.603516 1.603516 1.603516 1.603516 1.599609 1.599609 1.599609 1.599609 1.591797 1.591797 1.591797 1.591797 1.595703 1.591797 1.587891 1.591797 1.583984 1.583984 1.583984 1.583984 1.580078 1.580078 1.583984 1.583984 1.583984 1.580078 1.595703 1.583984 1.576172 1.576172 1.576172 1.595703 1.623047 1.603516 1.595703 1.583984 1.576172 1.576172 1.576172 1.576172 1.576172 1.572266 1.572266 1.572266 1.576172 1.564453 1.572266 1.576172 1.572266 1.556641 1.529297 1.533203 1.560547 1.580078 1.615234 1.568359
1.611328 1.611328 1.611328 1.607422 1.607422 1.607422 1.603516 1.603516 1.603516 1.603516 1.599609 1.599609 1.595703 1.599609 1.599609 1.599609 1.595703 1.591797 1.591797 1.595703 1.591797 1.587891 1.587891 1.580078 1.580078 1.583984 1.583984 1.587891 1.583984 1.583984 1.583984 1.583984 1.583984 1.580078 1.580078 1.576172 1.576172 1.576172 1.576172 1.595703 1.591797 1.587891 1.587891 1.576172 1.576172 1.576172 1.576172 1.572266 1.572266 1.572266 1.572266 1.572266 1.564453 1.572266 1.572266 1.572266 1.556641 1.529297 1.537109 1.556641 1.568359 1.623047 1.568359
1.615234 1.611328 1.611328 1.607422 1.607422 1.607422 1.603516 1.603516 1.603516 1.603516 1.599609 1.599609 1.599609 1.599609 1.599609 1.599609 1.595703 1.591797 1.591797 1.595703 1.591797 1.591797 1.591797 1.580078 1.580078 1.580078 1.583984 1.587891 1.583984 1.583984 1.583984 1.583984 1.583984 1.580078 1.576172 1.576172 1.576172 1.576172 1.576172 1.576172 1.576172 1.576172 1.583984 1.576172 1.576172 1.576172 1.576172 1.572266 1.572266 1.572266 1.572266 1.572266 1.564453 1.568359 1.572266 1.568359 1.560547 1.541016 1.541016 1.556641 1.564453 1.603516 1.576172
1.611328 1.611328 1.611328 1.607422 1.607422 1.603516 1.603516 1.603516 1.603516 1.599609 1.599609 1.599609 1.599609 1.599609 1.599609 1.599609 1.591797 1.587891 1.595703 1.595703 1.591797 1.587891 1.583984 1.580078 1.580078 1.580078 1.580078 1.583984 1.583984 1.583984 1.583984 1.583984 1.583984 1.580078 1.576172 1.576172 1.576172 1.576172 1.576172 1.576172 1.576172 1.576172 1.580078 1.576172 1.576172 1.576172 1.572266 1.572266 1.572266 1.572266 1.572266 1.572266 1.572266 1.572266 1.572266 1.568359 1.568359 1.548828 1.541016 1.548828 1.560547 1.572266 1.568359
1.611328 1.611328 1.607422 1.607422 1.607422 1.603516 1.603516 1.603516 1.603516 1.599609 1.599609 1.599609 1.599609 1.599609 1.599609 1.595703 1.591797 1.591797 1.595703 1.591797 1.591797 1.591797 1.583984 1.580078 1.580078 1.580078 1.580078 1.580078 1.583984 1.583984 1.583984 1.583984 1.583984 1.576172 1.576172 1.576172 1.576172 1.576172 1.576172 1.576172 1.576172 1.576172 1.580078 1.576172 1.576172 1.572266 1.572266 1.572266 1.572266 1.572266 1.572266 1.572266 1.572266 1.572266 1.572266 1.568359 1.572266 1.552734 1.544922 1.544922 1.556641 1.556641 1.568359
1.611328 1.611328 1.607422 1.607422 1.607422 1.603516 1.603516 1.603516 1.603516 1.599609 1.599609 1.599609 1.599609 1.599609 1.599609 1.595703 1.595703 1.595703 1.595703 1.591797 1.591797 1.587891 1.587891 1.580078 1.580078 1.580078 1.580078 1.580078 1.583984 1.583984 1.583984 1.583984 1.576172 1.576172 1.576172 1.576172 1.576172 1.576172 1.576172 1.576172 1.576172 1.576172 1.576172 1.576172 1.572266 1.572266 1.572266 1.572266 1.572266 1.572266 1.572266 1.572266 1.572266 1.572266 1.572266 1.568359 1.568359 1.552734 1.533203 1.537109 1.548828 1.556641 1.560547
1.611328 1.611328 1.607422 1.607422 1.607422 1.603516 1.603516 1.603516 1.599609 1.599609 1.599609 1.599609 1.599609 1.599609 1.599609 1.595703 1.595703 1.595703 1.595703 1.591797 1.587891 1.587891 1.587891 1.583984 1.583984 1.580078 1.580078 1.583984 1.583984 1.583984 1.583984 1.583984 1.576172 1.576172 1.576172 1.576172 1.576172 1.576172 1.576172 1.576172 1.576172 1.576172 1.576172 1.576172 1.572266 1.572266 1.572266 1.572266 1.572266 1.572266 1.568359 1.572266 1.572266 1.572266 1.572266 1.572266 1.568359 1.525391 1.466797 1.494141 1.501953 1.533203 1.552734
1.611328 1.607422 1.607422 1.607422 1.603516 1.603516 1.603516 1.603516 1.599609 1.599609 1.599609 1.599609 1.599609 1.599609 1.595703 1.595703 1.595703 1.595703 1.591797 1.591797 1.587891 1.587891 1.587891 1.583984 1.583984 1.583984 1.583984 1.583984 1.583984 1.583984 1.583984 1.580078 1.576172 1.576172 1.576172 1.576172 1.576172 1.576172 1.576172 1.576172 1.576172 1.576172 1.576172 1.572266 1.572266 1.572266 1.572266 1.572266 1.572266 1.572266 1.568359 1.572266 1.572266 1.572266 1.572266 1.572266 1.552734 1.521484 1.455078 1.392578 1.466797 1.525391 1.552734
1.611328 1.607422 1.607422 1.607422 1.603516 1.603516 1.603516 1.599609 1.599609 1.599609 1.599609 1.599609 1.599609 1.599609 1.595703 1.595703 1.595703 1.595703 1.591797 1.583984 1.587891 1.587891 1.587891 1.587891 1.583984 1.583984 1.583984 1.583984 1.583984 1.583984 1.576172 1.576172 1.576172 1.580078 1.576172 1.576172 1.576172 1.576172 1.576172 1.576172 1.576172 1.576172 1.576172 1.572266 1.572266 1.572266 1.572266 1.572266 1.572266 1.572266 1.572266 1.568359 1.576172 1.572266 1.572266 1.568359 1.556641 1.533203 1.501953 1.478516 1.501953 1.521484 1.564453
1.611328 1.607422 1.607422 1.607422 1.603516 1.603516 1.603516 1.599609 1.599609 1.599609 1.599609 1.599609 1.599609 1.599609 1.595703 1.595703 1.595703 1.591797 1.591797 1.587891 1.587891 1.587891 1.587891 1.587891 1.587891 1.587891 1.583984 1.583984 1.583984 1.583984 1.576172 1.576172 1.576172 1.576172 1.580078 1.576172 1.580078 1.580078 1.576172 1.576172 1.576172 1.576172 1.572266 1.572266 1.572266 1.572266 1.572266 1.572266 1.572266 1.572266 1.572266 1.572266 1.572266 1.572266 1.568359 1.587891 1.568359 1.544922 1.537109 1.529297 1.533203 1.544922 1.556641
1.607422 1.607422 1.607422 1.607422 1.603516 1.603516 1.603516 1.599609 1.599609 1.599609 1.599609 1.599609 1.599609 1.595703 1.595703 1.595703 1.595703 1.591797 1.583984 1.587891 1.583984 1.587891 1.587891 1.587891 1.587891 1.587891 1.583984 1.583984 1.583984 1.580078 1.576172 1.576172 1.576172 1.576172 1.580078 1.576172 1.580078 1.580078 1.576172 1.576172 1.576172 1.576172 1.572266 1.572266 1.572266 1.572266 1.572266 1.572266 1.572266 1.572266 1.572266 1.572266 1.576172 1.576172 1.572266 1.619141 1.587891 1.560547 1.548828 1.537109 1.537109 1.533203 1.533203
1.607422 1.607422 1.607422 1.603516 1.603516 1.603516 1.599609 1.599609 1.599609 1.595703 1.599609 1.599609 1.599609 1.595703 1.595703 1.595703 1.595703 1.591797 1.583984 1.583984 1.587891 1.587891 1.587891 1.587891 1.587891 1.583984 1.583984 1.583984 1.580078 1.580078 1.576172 1.576172 1.576172 1.576172 1.576172 1.576172 1.576172 1.580078 1.580078 1.576172 1.576172 1.572266 1.572266 1.572266 1.572266 1.572266 1.572266 1.572266 1.572266 1.572266 1.572266 1.576172 1.572266 1.564453 1.568359 1.580078 1.587891 1.568359 1.552734 1.541016 1.529297 1.529297 1.537109
1.607422 1.607422 1.607422 1.603516 1.603516 1.603516 1.599609 1.595703 1.595703 1.595703 1.599609 1.599609 1.595703 1.595703 1.595703 1.595703 1.591797 1.583984 1.583984 1.587891 1.587891 1.580078 1.587891 1.587891 1.587891 1.583984 1.587891 1.583984 1.580078 1.580078 1.580078 1.576172 1.576172 1.576172 1.576172 1.576172 1.576172 1.576172 1.576172 1.576172 1.572266 1.572266 1.572266 1.572266 1.572266 1.572266 1.572266 1.572266 1.572266 1.572266 1.572266 1.568359 1.505859 1.513672 1.556641 1.572266 1.595703 1.568359 1.564453 1.552734 1.541016 1.541016 1.548828
1.607422 1.607422 1.607422 1.603516 1.603516 1.603516 1.599609 1.595703 1.595703 1.595703 1.595703 1.599609 1.595703 1.595703 1.591797 1.595703 1.587891 1.587891 1.587891 1.587891 1.580078 1.580078 1.587891 1.587891 1.583984 1.587891 1.587891 1.580078 1.580078 1.576172 1.580078 1.576172 1.576172 1.576172 1.576172 1.576172 1.576172 1.576172 1.576172 1.572266 1.572266 1.572266 1.572266 1.572266 1.572266 1.572266 1.572266 1.572266 1.572266 1.572266 1.564453 1.544922 1.494141 1.521484 1.568359 1.568359 1.583984 1.568359 1.568359 1.564453 1.552734 1.552734 1.556641
1.607422 1.607422 1.603516 1.603516 1.603516 1.599609 1.595703 1.595703 1.595703 1.595703 1.599609 1.599609 1.595703 1.595703 1.591797 1.595703 1.587891 1.587891 1.587891 1.587891 1.580078 1.587891 1.583984 1.587891 1.587891 1.587891 1.580078 1.580078 1.576172 1.576172 1.580078 1.576172 1.576172 1.576172 1.576172 1.576172 1.576172 1.576172 1.576172 1.572266 1.572266 1.572266 1.572266 1.572266 1.572266 1.572266 1.572266 1.572266 1.572266 1.572266 1.568359 1.568359 1.564453 1.560547 1.568359 1.572266 1.599609 1.568359 1.568359 1.568359 1.564453 1.564453 1.564453
1.607422 1.607422 1.603516 1.603516 1.603516 1.599609 1.599609 1.595703 1.595703 1.595703 1.599609 1.595703 1.595703 1.595703 1.595703 1.587891 1.587891 1.587891 1.587891 1.587891 1.587891 1.587891 1.583984 1.587891 1.587891 1.587891 1.580078 1.580078 1.576172 1.576172 1.580078 1.576172 1.576172 1.576172 1.576172 1.576172 1.576172 1.576172 1.572266 1.572266 1.572266 1.572266 1.572266 1.572266 1.572266 1.572266 1.572266 1.572266 1.572266 1.568359 1.568359 1.568359 1.568359 1.568359 1.568359 1.591797 1.607422 1.572266 1.568359 1.568359 1.568359 1.568359 1.576172
1.607422 1.603516 1.603516 1.603516 1.599609 1.599609 1.599609 1.595703 1.595703 1.595703 1.595703 1.595703 1.595703 1.595703 1.595703 1.587891 1.587891 1.587891 1.587891 1.587891 1.587891 1.587891 1.583984 1.587891 1.587891 1.580078 1.580078 1.580078 1.580078 1.580078 1.580078 1.576172 1.576172 1.576172 1.576172 1.576172 1.576172 1.572266 1.572266 1.572266 1.572266 1.572266 1.572266 1.572266 1.572266 1.572266 1.572266 1.572266 1.568359 1.568359 1.568359 1.568359 1.568359 1.568359 1.568359 1.572266 1.591797 1.568359 1.568359 1.568359 1.568359 1.568359 1.568359
1.607422 1.603516 1.603516 1.603516 1.599609 1.599609 1.599609 1.599609 1.595703 1.595703 1.595703 1.595703 1.595703 1.595703 1.587891 1.587891 1.587891 1.587891 1.587891 1.587891 1.587891 1.587891 1.587891 1.587891 1.583984 1.580078 1.580078 1.580078 1.580078 1.576172 1.580078 1.576172 1.576172 1.576172 1.576172 1.576172 1.572266 1.572266 1.572266 1.572266 1.572266 1.572266 1.572266 1.576172 1.572266 1.572266 1.576172 1.576172 1.568359 1.568359 1.568359 1.568359 1.568359 1.556641 1.544922 1.548828 1.568359 1.568359 1.568359 1.568359 1.568359 1.568359 1.568359
1.607422 1.603516 1.603516 1.603516 1.599609 1.595703 1.599609 1.599609 1.595703 1.595703 1.595703 1.595703 1.595703 1.591797 1.587891 1.587891 1.587891 1.587891 1.587891 1.587891 1.587891 1.587891 1.587891 1.587891 1.580078 1.580078 1.580078 1.580078 1.576172 1.572266 1.576172 1.580078 1.576172 1.576172 1.576172 1.576172 1.572266 1.572266 1.572266 1.572266 1.572266 1.572266 1.568359 1.556641 1.537109 1.541016 1.548828 1.568359 1.568359 1.568359 1.568359 1.568359 1.552734 1.490234 1.458984 1.513672 1.568359 1.568359 1.568359 1.568359 1.564453 1.568359 1.556641
1.603516 1.603516 1.603516 1.599609 1.595703 1.595703 1.595703 1.595703 1.595703 1.595703 1.595703 1.591797 1.591797 1.587891 1.587891 1.587891 1.587891 1.587891 1.587891 1.587891 1.587891 1.587891 1.587891 1.583984 1.580078 1.580078 1.576172 1.576172 1.572266 1.568359 1.580078 1.580078 1.576172 1.576172 1.576172 1.576172 1.572266 1.572266 1.572266 1.572266 1.576172 1.572266 1.568359 1.556641 1.560547 1.572266 1.568359 1.568359 1.568359 1.568359 1.568359 1.564453 1.544922 1.513672 1.537109 1.552734 1.564453 1.568359 1.568359 1.564453 1.564453 1.564453 1.568359
1.603516 1.603516 1.603516 1.599609 1.595703 1.595703 1.595703 1.595703 1.595703 1.595703 1.595703 1.595703 1.591797 1.587891 1.587891 1.587891 1.587891 1.587891 1.587891 1.587891 1.587891 1.587891 1.583984 1.580078 1.580078 1.576172 1.576172 1.572266 1.572266 1.580078 1.576172 1.576172 1.576172 1.576172 1.576172 1.576172 1.572266 1.572266 1.572266 1.572266 1.576172 1.568359 1.568359 1.568359 1.576172 1.568359 1.568359 1.568359 1.568359 1.568359 1.568359 1.568359 1.564453 1.564453 1.568359 1.568359 1.568359 1.568359 1.576172 1.580078 1.580078 1.564453 1.564453
1.603516 1.603516 1.599609 1.595703 1.595703 1.595703 1.595703 1.595703 1.595703 1.595703 1.595703 1.595703 1.587891 1.587891 1.587891 1.587891 1.587891 1.587891 1.587891 1.587891 1.587891 1.587891 1.583984 1.580078 1.580078 1.580078 1.576172 1.576172 1.580078 1.576172 1.576172 1.576172 1.576172 1.576172 1.576172 1.576172 1.572266 1.572266 1.576172 1.572266 1.568359 1.568359 1.572266 1.576172 1.568359 1.568359 1.568359 1.568359 1.568359 1.568359 1.568359 1.568359 1.568359 1.568359 1.568359 1.568359 1.576172 1.591797 1.603516 1.619141 1.630859 1.619141 1.611328
1.603516 1.599609 1.599609 1.595703 1.595703 1.595703 1.595703 1.595703 1.591797 1.591797 1.591797 1.591797 1.583984 1.583984 1.587891 1.587891 1.587891 1.587891 1.587891 1.587891 1.587891 1.583984 1.580078 1.580078 1.580078 1.580078 1.580078 1.580078 1.580078 1.576172 1.576172 1.576172 1.576172 1.576172 1.576172 1.576172 1.572266 1.576172 1.576172 1.572266 1.572266 1.576172 1.572266 1.568359 1.568359 1.568359 1.568359 1.568359 1.568359 1.572266 1.583984 1.587891 1.580078 1.576172 1.568359 1.568359 1.572266 1.576172 1.599609 1.619141 1.626953 1.626953 1.630859
1.599609 1.595703 1.595703 1.595703 1.595703 1.595703 1.595703 1.591797 1.587891 1.587891 1.587891 1.587891 1.583984 1.587891 1.587891 1.587891 1.587891 1.587891 1.587891 1.587891 1.583984 1.580078 1.580078 1.580078 1.580078 1.580078 1.580078 1.580078 1.580078 1.580078 1.580078 1.576172 1.576172 1.576172 1.576172 1.576172 1.576172 1.576172 1.576172 1.572266 1.576172 1.572266 1.572266 1.568359 1.568359 1.568359 1.568359 1.572266 1.576172 1.583984 1.583984 1.583984 1.580078 1.568359 1.568359 1.564453 1.564453 1.568359 1.587891 1.611328 1.619141 1.630859 1.634766
1.599609 1.595703 1.595703 1.595703 1.595703 1.595703 1.591797 1.587891 1.587891 1.583984 1.583984 1.583984 1.583984 1.583984 1.587891 1.587891 1.583984 1.587891 1.587891 1.587891 1.580078 1.580078 1.580078 1.576172 1.580078 1.580078 1.580078 1.576172 1.580078 1.580078 1.576172 1.576172 1.576172 1.576172 1.576172 1.572266 1.576172 1.576172 1.572266 1.568359 1.576172 1.572266 1.568359 1.568359 1.568359 1.568359 1.568359 1.576172 1.583984 1.583984 1.580078 1.576172 1.568359 1.568359 1.564453 1.564453 1.564453 1.564453 1.580078 1.607422 1.619141 1.634766 1.642578
1.595703 1.595703 1.591797 1.591797 1.591797 1.591797 1.587891 1.583984 1.583984 1.580078 1.580078 1.583984 1.583984 1.583984 1.580078 1.580078 1.583984 1.587891 1.587891 1.580078 1.580078 1.580078 1.576172 1.576172 1.572266 1.576172 1.580078 1.576172 1.576172 1.580078 1.576172 1.576172 1.576172 1.576172 1.576172 1.572266 1.576172 1.576172 1.572266 1.572266 1.572266 1.568359 1.568359 1.568359 1.568359 1.568359 1.568359 1.568359 1.576172 1.583984 1.576172 1.572266 1.568359 1.564453 1.568359 1.568359 1.568359 1.564453 1.576172 1.603516 1.626953 1.638672 1.654297
