py_wake/examples/data/AJ_ParqueFicticio/Rough survey   Sector 2   Height 30m   Orographic turn.grd
DSAA
73  159
 258469   265669
 6501692   6517492
-66.56977   67.29546
[rows 81 to 107 of 159, columns 0 to 61 of 73]
1.102465 1.034631 .40353 .7121148 1.849018 2.992466 3.902333 4.316951 4.869893 5.434482 6.146604 5.974147 5.286596 5.767656 5.212162 3.54099 2.897249 3.157548 3.619406 3.462264 4.642419 6.267913 7.29698 8.221932 7.70949 8.358507 9.855801 13.03143 15.98709 17.07034 14.89604 12.83792 11.10515 11.63696 11.50369 11.01824 10.52312 7.171751 6.733691 7.047573 7.938206 8.413733 7.86927 6.760968 6.020003 4.097627 1.296588 -.4203668 -1.402188 -2.209348 -2.406408 -2.017874 -.9324911 .703986 2.15326 3.43746 .755469 -.5265849 -3.331748 -6.429533 -7.551103 -9.660606
1.3878 1.113776 1.186092 1.3322 2.07103 3.101823 4.494556 4.775086 5.220358 5.811421 6.569616 5.539142 6.24842 6.662644 6.759467 6.470285 4.744586 4.809691 4.54419 4.303489 5.384952 5.986582 7.340453 7.890606 9.224145 11.03432 13.94433 16.98205 18.54807 18.23734 14.5915 12.6128 11.47066 12.13283 12.03312 10.09824 9.216656 6.013218 6.728139 9.253701 11.4446 10.84301 9.553351 7.986775 6.832905 4.736597 1.418931 -.2175892 -1.228365 -1.948673 -1.870169 -1.112508 .0587509 1.483223 3.249506 3.608018 1.19748 -.3962134 -3.003798 -6.206474 -7.893773 -10.38136
1.951934 1.570213 1.748823 2.021868 2.574735 3.305589 4.529634 5.131192 5.6982 6.565869 6.239587 6.158987 6.92204 7.474875 8.253027 8.72932 8.128936 7.42497 6.091879 6.16098 6.415263 6.372816 6.687298 7.145458 8.559159 12.37288 15.83473 18.28133 19.25498 17.94594 13.94326 10.97445 10.25517 8.662621 9.584653 6.610245 4.851049 4.302372 7.38993 9.632224 10.85843 10.77854 10.64385 8.829029 8.820659 7.035918 3.331349 2.018933 .9088425 -1.375248 -1.503053 -.684847 .6446307 2.327361 4.444109 3.933438 1.876194 .244872 -2.615093 -5.584988 -7.888893 -11.11898
.5775569 1.362983 1.791023 2.236944 2.613846 3.570803 4.664671 5.611145 6.463806 6.770066 6.952609 7.504143 8.140609 7.885767 8.506204 8.229403 9.655439 9.882511 8.249137 8.697679 8.043792 7.466479 6.700283 6.49432 7.10217 10.52379 14.59356 17.54097 18.6993 17.45123 13.86871 10.86603 9.691959 8.911354 9.521839 3.457612 2.37104 2.153539 4.591518 9.919518 12.01306 12.78027 11.74466 10.57467 10.41368 9.693835 7.775281 6.943548 4.768368 .1004816 -2.127719 -.664981 .8562241 2.179679 3.989874 3.594639 2.672924 .2014285 -2.805925 -4.907792 -8.430624 -12.24609
1.216038 1.788109 2.037206 2.283395 2.818473 3.927824 4.829329 5.846058 6.272739 6.925096 7.736452 8.462571 9.373077 8.871639 8.745057 9.104795 10.43396 10.64799 10.2555 10.67263 10.00165 9.985834 8.840202 7.696434 8.261958 11.9656 15.58864 18.80979 19.48356 18.03402 15.57697 12.41586 12.33909 10.19078 9.171 3.722552 2.456153 3.00701 7.069508 9.665688 10.95725 11.11587 11.04391 9.161573 10.34519 9.635232 8.824841 9.712719 7.878311 5.336176 2.452656 .09284034 .828107 1.424473 1.910512 2.045863 -.307711 -2.474836 -4.115917 -6.214625 -9.575977 -15.12542
2.184261 2.106853 1.982711 2.359185 3.259023 4.135662 5.315215 5.558314 6.051245 7.158124 8.075942 7.830557 8.00086 8.409247 8.745457 9.586559 9.372765 9.662119 11.51439 12.24686 12.9737 12.91756 13.27611 12.21006 13.39009 16.35456 19.98022 22.16449 22.92379 20.90569 18.59717 16.10208 13.56302 10.76752 8.96796 4.744329 2.538034 5.468527 10.00642 10.15676 10.55578 9.922449 9.103988 7.256074 6.687057 5.622732 5.527046 6.720853 5.896424 3.662146 3.211514 2.607601 1.340208 1.291066 1.117706 1.335906 -2.027365 -4.39275 -7.024096 -8.786559 -13.46056 -21.1509
1.956525 1.971093 1.775129 3.061719 3.908008 4.51522 5.504891 5.36649 5.871703 7.122798 7.373718 7.856968 8.421754 9.82299 10.38171 10.28273 9.735723 10.42101 11.00485 11.80278 14.22177 15.87816 17.81532 18.85404 19.4088 21.5625 25.74401 26.23752 26.04827 24.34008 19.64128 16.31276 13.39042 9.824521 6.355096 1.600309 1.099849 7.575749 10.58591 11.25134 11.43058 10.49618 9.100792 6.420112 5.150459 4.3167 3.932076 3.910937 3.250877 1.867941 2.486355 4.07489 2.685057 .3264315 .7685801 1.264383 -2.394715 -5.833603 -9.127689 -11.53168 -19.62251 -30.17357
1.766731 1.881955 2.269129 3.674038 4.640334 5.467881 6.087563 5.960503 6.760905 7.420166 7.670639 8.489334 8.918605 9.584013 11.02463 11.57936 10.79373 11.69355 11.53862 12.45624 13.99835 16.54215 19.5015 23.20063 24.59424 24.28606 26.28449 26.73866 24.87838 21.19466 18.22499 13.57202 12.33345 9.212591 5.235294 .4559591 .5196462 6.277624 9.758586 11.32169 11.61746 10.91745 9.695533 7.537776 6.254568 5.54525 5.93106 6.530905 3.643682 2.221646 3.602944 7.272795 5.897405 3.148743 .8799901 .6570479 -1.404244 -6.599289 -10.17777 -13.79175 -25.7357 -30.46118
1.719994 1.644319 2.694298 3.495689 4.872665 5.456689 7.031227 7.722103 8.577277 8.106329 8.757059 8.272993 8.903769 10.05835 11.46863 12.78719 13.18009 12.87616 13.01472 12.64668 13.24152 14.90073 17.78729 20.92019 23.08722 23.01535 23.83528 23.57523 21.16314 18.06667 14.12536 11.76031 10.66666 8.529897 3.746137 1.80929 2.4072 6.590394 8.460896 10.49741 11.104 10.98874 9.523211 7.652353 7.07314 8.615367 9.732605 9.87055 6.180425 5.590281 8.653152 12.71103 14.40226 11.18564 6.417542 3.403545 .4249482 -5.536218 -10.05468 -13.30264 -27.70447 -28.63557
.08498275 1.179922 2.774672 3.40046 4.382469 5.648758 7.372185 7.582814 9.355803 9.519795 10.1573 9.095928 9.797992 10.68407 11.4201 12.57066 14.2134 15.24907 15.32373 13.40276 12.46164 13.21488 14.8143 17.3138 18.26277 18.28303 19.43039 20.80998 19.1333 15.5868 11.62958 9.879818 8.664256 5.898118 2.210555 3.759413 4.110294 5.200528 7.747312 9.158023 10.43816 10.54497 7.741244 6.291079 6.056235 7.863941 5.795741 5.759201 2.609748 2.85298 6.418096 13.33582 13.09781 15.33129 14.77155 10.19936 4.581772 1.186669 -5.226056 -10.67743 -22.51089 -25.94238
.249633 1.035108 1.873136 2.382322 3.429825 5.507156 6.685445 8.101012 9.340175 10.01876 10.44149 10.26245 9.888874 10.65766 11.25944 11.85319 13.17612 15.84459 17.81975 16.06045 12.27342 11.78625 13.45325 15.73738 16.07826 15.23818 16.73483 19.3154 18.28303 13.66182 9.235273 7.166531 6.21319 1.037901 -1.29689 3.124139 4.67194 4.580472 7.144573 9.260255 9.717328 8.604204 5.714561 3.80071 3.513629 2.723036 2.075918 -1.503292 -3.424199 -2.485089 .6385306 3.103739 4.374315 7.899118 11.75077 13.17712 9.463157 4.896143 1.570459 -5.93258 -16.76673 -23.5428
-.7400606 .2474877 1.443097 2.197788 2.910612 4.672083 6.517121 7.334116 8.501094 10.04057 10.59766 10.03528 10.48237 10.17712 10.22809 10.444 11.28956 14.18475 18.00558 18.24353 13.10251 10.97268 12.78487 15.24 15.58807 14.29536 15.66524 17.84208 16.87076 11.54939 7.155867 4.565615 3.05973 -2.15858 -.646934 4.44062 4.175692 3.622677 6.212749 9.487573 8.539902 6.518184 3.565107 2.238061 2.120293 1.291216 -.2014527 -3.83002 -5.220444 -4.727516 -2.255886 -.8392118 -2.371962 -1.363151 -.6020679 .4159502 1.881322 1.187798 -2.214305 -4.694131 -15.08101 -22.30342
-1.001845 .1304722 .9822952 1.352332 2.224511 4.367766 5.910759 7.103966 8.099712 9.126308 10.18595 10.53411 10.40307 10.91421 9.658973 8.195922 7.807583 11.56076 16.03379 16.69371 14.16602 10.88127 13.11941 15.26461 15.48308 14.23241 14.76215 15.36513 13.9562 9.743869 6.457143 4.328962 -.7096878 -6.211062 -.03486577 5.368038 4.874804 3.477845 6.957484 8.796613 7.287841 4.028951 1.098245 .1004848 .6862558 -.2269716 -3.384843 -4.642 -4.052076 -3.141142 -2.322141 -2.68326 -4.609093 -6.238142 -9.388037 -9.156421 -8.495213 -5.630308 -5.311482 -7.573142 -16.02963 -21.46602
-1.726544 -.7779882 .2648116 1.501786 2.593102 3.923949 5.703465 7.04567 8.261796 8.973918 9.715505 10.57153 11.60151 11.75242 10.55118 8.001643 5.712794 8.723063 13.20647 14.15739 13.00015 11.39706 13.22546 15.92254 15.44994 13.82248 13.56415 13.66736 12.32532 7.880783 5.532637 3.334891 -1.869555 -5.056823 .8338464 5.196031 3.942176 2.100904 4.720444 7.587867 5.276246 2.738337 .6921828 -.1415318 -.6696004 -3.373227 -4.019744 -3.493267 -2.637534 -2.344797 -1.376387 -1.390845 -4.847609 -6.43607 -9.684019 -10.28966 -8.642742 -8.617925 -8.262153 -9.419677 -15.07054 -20.19228
-1.451242 -.7220016 .1671804 1.48025 3.2227 4.677428 5.336797 6.272844 7.57011 8.26932 8.606807 9.309548 11.19563 13.22178 12.67101 9.867333 7.130018 8.882582 12.12472 13.16459 12.10939 10.86767 12.57716 16.40151 15.48019 13.32336 12.33356 11.99466 9.634924 6.420173 5.008678 2.585184 -1.555482 -3.751898 3.510642 5.277182 4.892877 2.86292 4.734838 7.502708 6.118436 3.813097 .6749015 -1.345773 -2.695035 -4.477977 -3.511107 -4.301107 -2.786889 -2.168721 -.8342072 -.6948892 -4.149705 -6.140341 -8.674371 -8.338039 -8.948419 -10.8783 -11.04113 -12.7296 -15.61185 -19.37591
-1.592756 -.5326716 -.03571584 .9104887 2.30406 4.448913 5.69327 6.50845 6.900086 7.23548 7.386479 7.964989 9.671943 12.39318 14.28406 12.94286 9.956899 10.05435 13.22534 13.51277 11.37852 9.320178 10.86785 16.25877 15.42995 14.42754 13.2583 13.14395 13.03509 10.89382 8.531106 5.488938 .2783534 -2.941649 2.332957 4.081309 3.7002 2.614312 2.805775 6.33493 4.193554 3.162569 .2934441 -1.925653 -2.442005 -3.567779 -3.780818 -3.847005 -2.552134 -2.498637 -.2912209 .7024096 -.4646246 -2.675533 -5.671413 -5.327537 -8.071451 -10.67702 -12.09005 -14.88068 -17.86267 -20.41932
-2.32568 -.1084259 1.03395 1.234949 1.063054 3.241347 5.888558 6.554048 6.26774 6.316059 6.513578 6.759787 7.38913 10.31399 13.48096 14.62643 12.55594 11.8412 15.52912 15.31933 12.61643 9.652327 10.88844 14.80339 16.04212 16.0711 14.98122 16.54402 20.22215 18.61703 14.49403 8.582602 2.625337 -.4980475 1.762108 4.049188 1.473977 1.384023 2.779335 5.140325 4.756837 2.390067 .2415053 -.8890538 -1.009814 -.7061232 -.9454726 -2.687487 -2.07085 -1.706873 1.075904 2.340166 .3923873 8.657294 9.530371 7.102783 1.702295 -3.159502 -6.717314 -11.9284 -17.34392 -21.17847
-3.358492 -.09501198 2.110127 2.715465 1.544627 2.771235 5.21836 6.156738 6.178252 6.467121 5.926431 5.65575 5.198157 7.601163 11.02221 12.43337 11.83612 12.4067 16.27197 16.46607 13.57466 10.61887 12.01491 14.79583 16.52863 14.54463 12.72521 16.97254 19.19558 14.401 10.16762 6.593231 2.103673 .4065808 2.399094 6.259471 4.333206 .630948 1.017007 3.552744 4.59912 2.405932 .3300494 -.3299044 .308933 1.142696 2.241785 1.843095 2.180817 5.230667 4.314835 5.366231 7.09459 10.24368 10.67968 12.70912 9.50028 5.225889 1.772729 -6.619508 -12.68383 -20.95006
-4.670456 -.1531568 2.521284 3.423132 2.39143 1.928752 4.043895 4.980601 5.119211 6.076629 5.897555 4.924209 4.500005 5.949713 8.111543 8.752226 8.985407 11.45727 14.72846 15.83304 13.46413 10.58681 11.42152 13.75442 15.16381 12.17523 11.13168 12.31099 11.76019 10.00994 7.530743 4.627591 .005892827 1.215228 5.443126 8.062175 7.170229 3.733013 2.406479 3.589206 4.204015 3.098248 2.919932 1.507872 3.0995 .9111357 2.191328 .5656585 7.004466 11.34278 12.57374 10.22338 6.643853 5.602081 4.15987 2.983975 1.662105 .6124768 -.9665918 -4.353549 -8.521353 -16.56011
-5.095988 -1.614594 1.070009 2.606102 2.944545 1.037107 2.132409 3.26634 3.181409 4.412512 5.418305 4.485674 4.921989 6.555424 7.624891 6.611515 6.521071 9.211854 12.65266 14.20922 12.72848 10.97153 11.23824 11.54761 11.65629 12.24545 11.59275 12.00032 10.71628 8.513944 5.9373 2.996137 -.2386253 1.14565 5.451904 8.017797 8.418721 6.932066 7.72173 6.738015 5.046789 5.920848 5.976923 6.032355 6.428744 2.119016 -1.525973 -2.936425 7.088161 10.04368 7.712158 7.50033 6.865573 5.206913 2.930582 .7887017 -2.133386 -5.491949 -8.271955 -9.477614 -12.1494 -18.31872
-4.689569 -3.502434 -2.076173 .5374908 2.080821 .9651871 -.2291626 1.222262 .6382389 1.923171 4.515776 4.286996 4.809291 6.573234 7.18827 6.360388 5.681766 7.094693 10.23654 12.28458 11.94309 10.40936 9.440228 8.688137 11.01855 9.961724 10.00072 10.03082 9.490797 7.356055 4.646807 1.599777 -.7563485 .9160843 4.619106 5.593496 6.420601 4.847209 7.098068 7.578853 8.758431 9.166108 9.988235 12.04453 8.007279 1.106455 -6.385402 -9.046758 -1.427752 2.955218 4.506389 5.583695 5.963356 4.778625 1.836174 -.2416757 -3.419436 -5.64087 -7.635319 -8.638595 -13.28293 -28.09326
-5.539281 -5.046499 -4.336456 -1.181535 1.479211 .08072206 -2.543902 -.3957513 -1.698087 -.5152743 2.041845 3.307643 4.048029 5.764683 6.39885 6.392624 5.575273 6.086226 8.475492 10.33535 10.45752 8.331616 6.343723 5.752876 7.528771 9.14935 9.896268 9.601908 8.684279 6.459739 3.886893 1.14837 -.3618176 1.481608 3.814479 3.800686 3.859557 2.660336 3.76269 4.767649 9.173699 11.06586 9.289539 6.270432 3.247233 -4.81773 -10.729 -7.618039 -2.998615 -.1358441 2.810719 5.165914 5.70745 4.294103 2.329402 -.06890815 -2.869772 -3.916399 -5.816514 -8.60814 -18.54286 -30.54532
-6.274282 -6.96201 -6.076272 -2.118999 1.175086 -.02392472 -2.875831 -.08427101 -1.249632 -1.610194 .8859639 1.6707 3.307999 5.370738 5.074765 5.071592 4.942844 5.35122 6.8211 8.144897 6.950164 3.239854 1.091998 1.647533 6.108953 8.272795 10.44294 10.47868 9.263694 8.005655 5.692668 2.871077 1.111386 1.434991 3.320759 3.385093 2.742727 -.0627774 -1.141519 -.8345121 4.007824 8.161519 6.784426 5.381417 -.1940006 -9.164657 -11.86482 -7.235804 -3.26225 -1.592107 1.83918 5.343267 6.619579 5.75151 3.186659 .6002733 -1.425664 -3.085704 -5.286839 -9.357656 -18.19572 -26.34412
-3.533115 -6.229456 -6.386231 -2.8635 .2152195 -2.075658 -3.173673 1.007001 1.168988 .5849119 2.075939 2.970892 4.207695 5.533407 4.603803 3.457634 2.565643 3.098959 4.363119 3.937937 1.480593 -1.60204 -3.301761 -.6765801 3.886342 6.577518 9.272064 8.585476 8.927914 9.048271 7.147858 4.13886 .7806391 .1106004 .9193921 1.965315 -1.034291 -2.333758 -2.021788 .6639591 4.851005 7.243731 7.337558 5.588701 -2.935727 -4.364047 -6.203703 -5.96856 -4.272634 -2.353595 .4822574 4.595928 5.956214 4.674389 2.262313 1.468383 -.5161172 -3.627655 -7.53437 -11.14145 -16.26455 -23.0533
2.00121 -.579996 -2.508422 -1.37607 -.1798757 -2.138802 -1.70428 1.425599 2.377131 3.21244 4.577798 5.815282 6.548571 6.343724 5.276337 2.522118 .8530806 .3278712 1.483386 .9358686 -2.198925 -4.682073 -6.501936 -4.041047 .1926012 3.984925 5.882095 5.710771 5.88466 6.086522 4.822453 1.84232 -1.162228 -2.490928 -1.894516 -3.150473 -6.575987 -7.533838 -3.21919 1.989789 7.297252 10.17006 9.706401 3.739727 -1.342409 -1.300404 -.4579483 -3.435945 -4.233185 -2.981374 -.7692102 1.203862 2.321275 -.4574487 -2.61547 -2.754803 -4.541032 -7.985395 -11.58136 -14.39491 -17.76027 -24.39724
4.957135 4.290989 3.826069 2.941601 1.275458 -.8684068 1.218227 3.353251 3.233963 4.309535 6.149951 8.228212 8.995034 7.429629 5.766599 3.059561 .2664784 -.6253501 .02430722 -.4347523 -2.153597 -4.613771 -6.587777 -6.624478 -4.095628 -.6254346 1.577241 2.378858 2.792986 3.697416 1.904333 -1.20026 -3.481889 -3.915035 -3.373884 -7.835048 -12.18727 -8.566257 -.8671509 5.22902 9.617974 10.98677 8.684137 3.6065 -.8325105 -.539355 -.1008007 -1.802969 -3.580722 -1.773933 -.2516516 -.7173908 -2.895849 -5.823891 -7.586768 -7.431143 -9.01513 -12.13592 -14.77432 -16.12976 -19.77289 -27.91595
2.367197 3.24614 5.156592 5.595783 3.434431 .9402928 1.185527 3.10008 3.440305 4.432103 6.640829 9.369799 10.63412 9.348484 7.423588 3.723639 1.200887 .1381405 -.7070026 -.5348746 -1.983697 -3.778166 -7.816767 -8.252422 -5.708406 -4.51076 -2.894912 -.9060969 .392768 .8995274 -1.596832 -4.397678 -5.855935 -6.495582 -7.753578 -11.41016 -14.26108 -10.15935 -.3667862 6.21863 9.743004 9.960656 7.584563 2.89095 -.9047082 -1.056116 -2.845773 -4.099013 -3.801615 -.8037131 2.269745 1.503285 -1.092272 -6.16413 -9.307752 -11.21193 -13.87757 -16.56778 -17.95951 -17.89839 -20.59894 -27.62978
