py_wake/examples/data/AJ_ParqueFicticio/Rough survey   Sector All   Height 200m   Elevation.grd
DSAA
73  159
 258469   265669
 6501692   6517492
 17.93852   840
[rows 56 to 83 of 159, columns 0 to 62 of 73]
79.01897 84.17564 89.01157 93.85354 98.50439 101.1883 103.3074 105.772 108.3158 110.8553 113.5214 116.1799 118.6103 119.8812 119.7853 123.0966 127.5002 131.8177 135.7475 139.9867 142.7627 143.5344 148.112 154.9873 161.3292 166.8814 172.0351 177.3331 188.5103 207.8988 230.2721 236.2891 228.2673 238.8159 251.6523 263.9784 276.5292 274.7067 263.9125 264.1977 283.0233 296.8766 301.0791 302.9532 305.9452 316.5425 326.8576 329.2126 339.2541 357.0468 380.3105 401.5562 394.7957 363.7053 336.9459 352.4037 382.9856 390.3675 365.9471 332.3559 300.0495 295.0422 320.8108
78.42756 83.57679 88.43311 93.73481 99.5135 102.1542 104.2112 106.27 108.4921 110.9322 113.5176 116.1533 118.8695 122.0106 123.5498 125.6496 129.297 133.5139 137.9777 142.9247 147.5169 149.817 152.7705 158.7452 164.7408 170.3321 175.8177 180.8048 193.2771 216.1081 240.5959 243.9109 242.7369 248.0541 261.3969 271.7936 280 280 275.5911 272.9962 284.7151 295.7722 296.859 298.4676 307.7999 318.4749 321.2314 314.85 322.4862 339.8052 365.9045 381.8682 376.2408 347.678 327.6144 348.7949 380.259 383.106 356.8681 317.0557 288.0371 277.7512 300.9851
76.53711 81.01845 86.96072 92.25474 97.65576 101.0742 103.1614 105.3478 107.6066 110.0494 112.6344 115.4224 118.3824 121.8233 125.6057 128.5823 131.5972 135.0818 139.2226 144.7032 150.291 155.1034 158.6012 162.4297 168.1922 173.7779 179.1342 187.1434 196.2976 215.343 240.0987 242.4969 243.7095 248.5621 258.8207 270.641 280 280 277.3217 275.179 282.8181 287.5601 287.0718 292.9846 304.4188 313.3345 312.6955 304.4307 308.382 324.882 346.1268 356.5438 356.2353 332.3295 315.1565 337.7943 364.2623 373.9794 355.4218 320.169 285.4035 266.3217 284.7754
78.39502 83.75407 90.30092 94.50197 95.59705 99.11739 101.8342 104.0542 106.3757 109.046 111.942 115.0496 118.2648 121.9429 125.959 129.8855 133.7579 137.4918 141.4494 146.5398 151.9965 157.8584 163.2242 167.1369 172.0302 177.9009 185.0564 192.3884 197.5734 210.5652 227.2767 234.1525 236.4773 238.812 249.4985 264.8775 277.1332 280 277.0642 273.1804 274.98 276.8978 276.6312 287.5543 301.5473 308.327 306.5255 298.5073 296.5628 304.7647 322.7132 330.7927 335.3563 315.3459 300.7939 316.9938 342.5539 357.2075 345.1411 319.8575 286.9432 258.9041 272.6895
84.34481 89.45631 96.07039 100.4773 98.67609 97.04693 99.72409 102.5713 105.6516 108.7323 111.7842 114.6846 117.5603 121.0392 125.7609 130.374 134.8001 139.0669 144.6874 150.2716 154.7917 158.6166 164.2904 169.9621 175.3531 181.8562 191.576 200.2812 211.4349 219.5318 229.2661 233.0252 235.2002 237.5654 245.5113 261.7946 271.2289 276.2474 273.5483 269.0396 266.4871 264.4619 269.6193 282.9923 298.0278 304.0041 303.3293 299.6664 293.2112 291.2529 295.4296 303.7403 314.5294 303.2597 289.108 298.487 325.2418 343.263 330.2477 307.4145 281.9734 257.4922 257.4238
90.73462 95.88264 100.611 102.6651 101.4647 99.28311 98.28745 101.3681 105.8629 109.7294 112.9954 116.1559 119.0114 122.3534 126.6223 131.202 135.9321 140.9482 147.1847 153.3421 159.3029 162.8161 166.8368 172.002 177.0905 185.207 196.2161 211.2378 225.9274 237.2662 244.6787 242.403 241.404 248.1383 250.9044 261.5944 268.0302 270.2965 267.4573 264.0461 259.8111 256.1008 259.7322 275.8085 289.7046 296.8107 296.4367 300.3849 299.7746 286.9693 274.6573 277.3914 295.83 299.0464 279.8846 281.3199 310.5026 327.2393 316.5095 293.5684 272.5554 254.3162 241.0491
94.47578 100.7552 102.6466 104.5316 104.026 102.9235 101.9733 103.4462 107.4949 111.8127 115.4062 118.3752 121.4999 124.5732 128.0573 131.9908 136.2646 141.0728 147.904 154.8201 161.2389 165.9818 170.1405 174.8992 180.5088 189.3068 199.3219 216.8531 233.166 247.7368 260.222 257.8459 256.5497 262.2951 263.1182 266.0179 268.4706 266.253 261.4178 258.104 254.4315 250.9677 253.927 264.342 281.3407 288.1187 289.9943 295.1753 301.3554 295.2852 273.7779 259.1339 277.8661 286.925 280.3467 270.5174 288.332 307.0906 301.6649 283.1599 262.3235 249.2846 236.5073
95.86077 101.3361 104.1836 106.3766 106.8623 106.6762 106.6389 107.6106 109.9851 113.9415 118.3653 121.2887 123.9337 126.9093 130.0108 133.2725 136.6458 140.1338 147.1968 154.1867 160.9332 166.1852 171.3692 176.7121 183.7011 193.5201 204.1123 218.2741 235.9512 252.5906 262.3004 264.4059 265.4215 270.0916 274.3728 273.8979 272.2422 266.631 259.8542 254.0129 249.0102 244.9264 245.42 253.6435 269.128 281.5881 282.7578 286.085 294.8004 296.1033 279.507 257.2286 257.2522 267.8303 270.4695 258.9279 261.452 280.8363 280.8004 265.9878 248.8179 241.2419 235.0155
95.98403 101.1931 104.28 107.227 109.1899 110.2211 111.1047 112.319 113.2366 115.9262 119.9441 123.5741 126.6114 129.4419 132.2985 135.3901 138.7691 143.5179 149.1992 154.8144 160.689 167.4846 172.6682 177.3142 184.4903 194.2974 205.6052 219.7862 238.0779 255.0829 262.9042 266.3585 269.6997 275.0467 280 280 275.9203 269.2672 262.7325 255.1152 246.9772 239.6346 237.7977 242.3028 259.4821 270.9689 272.3085 275.9392 282.2685 286.7936 282.1692 262.601 247.072 239.5895 248.5315 249.3741 240.2328 248.0497 249.0648 238.973 228.1074 222.5183 223.6961
95.05444 100.3063 103.776 107.2099 110.5139 113.232 115.1922 117.1235 117.6044 118.2396 121.8049 125.1612 128.6368 131.9511 134.9633 137.5284 140.9792 146.7466 152.338 158.0944 165.2806 171.9857 177.1389 181.3982 186.7269 193.63 202.1878 216.2606 233.2035 247.6504 258.5062 262.0399 268.5916 277.4202 280 280 276.639 268.0161 261.2307 254.4536 246.7366 239.3951 235.4982 238.2488 251.1926 259.5303 261.3559 267.5381 271.1772 273.7183 282.1266 276.3268 255.263 229.282 223.4682 230.996 231.5497 233.5547 230.5932 219.2358 214.1658 207.2884 202.4224
94.35558 99.04017 103.2051 107.2032 111.117 114.8825 118.3292 120.9899 121.5328 121.2064 123.9583 127.3264 130.5921 133.8984 137.3446 140.7057 144.646 149.9002 155.6682 161.5547 169.427 177.6052 182.6977 186.7444 191.2377 196.0211 205.6542 219.0721 229.5919 241.4086 250.4204 256.199 265.5934 279.3113 280 280 277.7234 267.8264 257.2273 249.7672 243.6853 239.9824 234.7957 235.0395 240.395 242.2562 248.2144 261.9811 263.9851 258.2539 273.9371 281.9973 267.6575 236.235 211.3035 208.5759 221.0623 226.1421 231.9209 232.4557 223.7824 213.1762 197.9555
94.70366 98.80853 103.2929 107.7042 111.9574 116.0888 120.0858 123.0933 124.597 124.6178 126.6147 129.6809 132.9818 135.9862 139.1623 143.7385 148.3133 152.7907 158.1945 165.1872 172.6213 180.511 186.4863 191.3786 196.114 202.2174 210.6844 222.4355 232.9451 242.3786 248.4439 254.9826 263.2988 275.7278 280 280 280.5092 274.4406 261.9695 251.1149 240.9374 237.2816 234.765 231.0139 227.8896 227.7139 237.8979 256.6391 260.9954 249.7918 263.9137 280.8849 270.9807 248.3041 215.7912 194.8591 203.1503 220.2341 231.5123 240 240 231.1774 212.721
94.92969 99.13693 103.9039 108.5485 113.1298 117.4798 121.4836 124.7179 127.1335 127.976 129.311 131.9007 135.2484 138.7217 142.7809 147.4117 151.4272 156.0063 160.6052 166.7476 173.2094 179.5676 186.6748 193.8676 200.5397 211.9658 222.0243 225.9656 234.8987 244.0229 249.4071 254.9605 261.8048 271.0526 279.3517 280 281.6742 280.1384 268.3246 258.1827 252.6571 247.7422 241.5657 234.5408 223.4039 220 226.656 243.1824 246.1466 235.9624 253.3237 269.3421 263.0696 245.0175 219.8628 191.8915 187.2141 205.0827 222.7374 234.5333 240 239.2325 223.5931
93.84578 97.89857 102.576 108.1167 113.7718 119.6094 123.3781 126.6598 129.4583 131.2108 132.2813 133.8985 136.7775 140.8135 147.9165 152.7488 155.6487 159.1871 163.5623 168.1337 173.0019 178.4236 187.2812 196.1989 208.0871 220.3254 228.2193 235.4413 243.8261 250.4892 254.2983 255.1202 258.8998 266.3701 275.4427 280 282.2415 280.7729 272.7684 268.2686 266.4836 263.5571 256.2029 242.8395 228.5546 219.0151 218.7496 225.4525 226.1434 222.0225 235.2737 247.0128 242.0969 223.3204 205.9105 182.7514 176.7056 192.5044 211.1077 224.3834 231.5824 233.3269 226.1436
92.91427 96.49253 99.94445 106.4163 113.686 120.8696 125.0578 128.7578 131.9524 134.2761 135.5764 136.8615 138.1603 143.0192 151.2937 158.6482 160.9884 162.7816 166.3314 170.7534 175.4566 180.0132 191.6164 202.2619 215.0441 225.8695 233.5098 242.0987 252.912 261.0351 263.5915 260.0731 258.0986 263.2016 272.8742 280.386 282.696 281.5274 279.9643 279.9033 278.8053 271.6756 262.856 249.1408 236.1002 223.7361 217.6648 216.7082 215.5665 213.5185 213.1908 210.9257 210.3116 196.8817 184.39 172.7935 172.9601 188.6351 205.2784 217.5728 225.8696 229.0773 224.7868
95.02866 96.75123 98.26242 103.6083 112.3179 120.4727 125.1955 129.6699 133.8308 137.0518 138.7495 140.1808 142.2755 146.418 153.3891 160.5946 163.8887 166.0396 168.8568 172.7776 177.3622 185.1536 196.7415 210.7923 221.97 230.9371 239.3132 247.5359 258.1246 269.8782 276.2421 271.1165 265.7548 267.3918 274.0194 280.9124 284.0027 283.4727 282.6274 282.3085 280.908 273.2554 262.0738 251.927 243.1765 232.5489 222.8738 217.6469 214.9016 215.0064 208.1163 197.7624 195.3122 188.7438 172.6669 160.1871 168.1253 186.9692 203.1005 214.0926 223.005 226.3827 223.2651
99.21244 100.5463 101.9024 104.6563 111.1372 117.919 124.0096 129.8902 135.6231 140.5529 142.887 144.7673 146.8391 149.3514 154.0757 159.9932 163.5499 167.1248 170.4487 174.1624 178.2515 186.5231 197.3791 211.4384 223.8017 233.2834 243.1994 252.5627 262.826 276.9699 286.0882 281.2 276.1159 277.9573 279.4305 282.4883 281.9417 281.1916 281.5375 280 280 274.6828 263.7066 254.959 246.3935 236.6211 227.4171 219.9167 220.2228 222.243 221.3701 214.7918 216.2457 211.8979 183.5023 159.6135 159.623 179.3166 194.4826 208.0132 220.4189 223.7499 223.9768
103.1446 104.8936 106.9625 109.2464 112.0438 116.1604 122.212 130.016 137.8213 142.7218 146.2724 148.8633 151.4727 153.1411 154.3172 158.4508 162.7142 166.4223 170.1901 173.9512 178.0746 185.8087 196.6462 209.4309 222.2169 232.3818 243.2921 256.1672 274.6313 290.5061 295.9885 293.3519 289.063 288.067 286.6083 281.6838 277.8477 277.1616 278.7612 280 280 279.3013 268.6574 259.1845 248.8778 237.002 222.5868 213.5406 215.6143 220 220.8297 222.7026 229.3595 233.3994 209.9668 171.7422 157.0756 163.7452 181.9168 199.1344 211.5003 220.1464 220.5344
106.2065 108.4006 110.9418 114.0991 117.2498 116.5685 119.9971 129.9612 139.8669 144.0184 148.0177 151.786 155.2543 158.2425 157.237 157.1516 160.8932 166.2071 171.0145 174.8654 178.4423 186.8835 197.9247 210.2053 222.2151 231.9945 242.6795 257.7229 280.3023 300.3298 303.0785 302.3305 300.7411 295.7268 290.0682 283.747 278.3968 274.9984 274.1845 275.4137 276.4946 273.022 267.3203 261.993 249.9587 240.8143 221.076 205.3757 204.2021 209.1983 206.7428 210.6853 223.6351 227.864 216.9275 181.3662 157.6023 155.2601 164.8166 184.0214 197.9931 202.2143 200.831
107.007 110.3082 113.6962 117.2741 121.5443 120.7288 122.0216 130.6694 139.973 144.272 148.5616 152.8467 157.1074 161.0714 160.8233 158.7981 162.1901 167.7857 173.2899 178.1906 183.0201 189.9747 199.8295 211.7265 222.7586 231.6224 240.7896 255.7329 276.5314 299.0028 304.9594 304.7379 300.602 295.7021 290.7007 286.1394 282.3241 277.2096 270.9954 268.8432 263.6575 258.5542 253.5979 249.4981 237.2641 225.9712 214.0074 199.8409 198.1312 199.1322 197.817 197.7368 199.973 201.614 195.8502 175.1283 156.8175 148.5912 150.1448 162.3664 174.4201 175.3349 171.6295
106.3722 110.4348 114.4757 118.502 122.7507 124.9552 126.4721 132.4299 140.1077 144.7489 149.0816 153.1918 157.4137 161.6411 164.0903 163.0938 165.0223 170.0359 175.6773 182.0801 190.1533 196.2882 202.7479 212.3448 222.1212 230.8604 239.4046 252.822 270.7207 294.841 306.1057 304.7504 297.8664 292.7744 287.5479 284.23 282.8584 276.8634 266.5029 263.5498 261.4922 248.4809 237.4009 232.0744 220.7141 215.4911 207.4019 199.4495 198.699 196.7419 194.5113 193.1453 191.7231 185.7204 176.9521 170.9789 158.2693 147.563 139.1118 141.4848 149.4145 147.7384 142.0683
106.7704 110.4638 114.2152 117.9374 122.0877 126.5927 129.9108 134.1414 140.1831 145.2828 150.2324 154.895 158.6475 162.7302 166.6366 167.8559 169.0012 172.2578 177.3539 185.1253 194.7823 204.4093 212.866 220.4623 226.1073 233.4867 242.0718 255.3649 273.7943 297.9696 310.5592 309.3726 301.8615 294.6066 286.7485 278.9205 277.0626 271.1498 259.2508 254.8748 251.5893 242.2108 234.55 231.22 230.5788 233.4001 229.3162 220.1848 215.8499 199.3992 195.8139 193.8983 194.9177 194.5791 189.6527 189.2078 176.1477 158.3069 154.2648 148.1129 138.7747 135.6861 131.8055
108.3877 111.0589 113.9526 117.255 121.273 127.0401 132.2172 136.4021 140.5863 145.8251 151.1373 156.4006 161.3863 165.3815 169.1659 172.2132 173.7845 174.9688 178.3868 186.116 195.7585 207.5106 220.5 226.3584 232.0807 238.5326 250.9619 265.955 288.2755 309.5934 321.4446 314.1786 305.6054 297.0874 289.5845 284.6576 281.427 274.5984 264.3004 254.2729 241.8554 237.1099 235.9883 239.9821 243.5039 245.4074 243.8852 241.3711 235.7596 212.1291 199.5101 198.6981 204.6214 212.9257 215.6814 217.5039 205.7152 193.7253 185.1182 170.8746 154.684 144.6978 139.7173
111.1305 113.1998 115.1451 118.0434 121.5064 128.4731 134.5691 140.0461 143.4072 147.3332 152.0383 157.1146 162.4032 167.3107 171.838 175.8564 178.6577 179.5753 182.776 189.4746 196.1857 206.6302 219.3102 227.7915 235.7864 246.3837 259.9401 283.9196 310.747 327.8377 327.5306 315.2459 303.545 295.1817 288.5904 283.4656 281.2383 274.6347 264.6901 256.0509 243.8589 239.6978 245.8291 248.8248 254.0907 253.0095 248.5153 241.7453 232.7803 223.6487 218.2475 215.8142 219.7929 227.6107 233.4035 233.8524 225.9115 219.9118 203.608 185.8753 169.4936 160.4322 149.5144
113.9521 116.3219 117.6392 119.4372 125.8892 132.4092 138.6207 142.8885 146.6913 149.8702 152.9135 157.0172 162.1682 168.2828 173.6863 178.456 183.8392 187.5103 191.3952 196.406 202.6462 210.5567 219.6815 228.7991 237.7271 251.9195 271.89 299.8938 327.7444 340 333.2064 316.9714 302.6405 293.8858 286.3383 278.6528 272.4493 263.5458 257.2546 252.6221 250.1821 254.1288 260.8883 261.0757 261.8858 258.4985 249.4926 240.5755 237.2619 234.8157 233.7361 233.7588 234.6094 240 240.9182 240.5616 230.8014 218.6448 200.6339 183.491 170.4962 159.2948 149.3549
115.5643 119.1891 121.4901 123.3027 128.5205 135.5341 141.9539 145.9552 149.8036 153.419 155.9822 157.1191 161.5339 168.3994 175.3208 181.7063 186.9267 193.0928 199.1811 204.3564 210.4436 218.6867 225.7638 232.3754 240.4912 255.2418 276.7406 305.9427 331.6768 341.4026 332.6352 315.4265 299.8997 293.276 287.0225 279.2939 269.6378 260.3352 255.3493 254.8586 257.7424 264.4561 266.6925 265.9587 263.8971 259.2255 251.4684 246.0515 243.7321 242.5562 242.0385 241.9069 241.7021 242.0205 241.765 239.1073 225.2563 210.0333 193.8131 178.2393 166.5448 155.7154 146.468
116.0332 120.8396 125.0791 127.5591 131.1331 136.3437 142.1219 147.4909 152.3349 156.6981 160.1472 160.6615 162.4095 168.0003 173.3288 178.1641 184.6341 192.9827 201.7811 209.518 216.2205 224.4567 232.6351 239.6868 248.4464 259.5449 279.9307 308.3531 331.9865 340.9854 330.0128 316.2596 303.2049 296.2399 290.7517 279.7003 270.1518 259.5467 256.4993 258.9665 268.3319 272.5841 270.3112 266.4245 262.6783 256.6985 250.2357 246.0858 244.5633 244.3142 244.2437 244.1012 243.6707 242.7794 241.1103 234.7397 220.8941 205.8252 190.2743 176.3329 165.0793 154.144 144.0216
118.2066 121.0912 126.0705 130.7136 134.538 138.7805 144.575 150.0667 155.0311 159.6183 164.1424 166.3429 167.4408 171.3663 175.3492 177.8595 182.4491 191.5104 200.307 210.5655 220.588 229.3894 238.3967 249.2557 259.5648 275.6407 294.5932 317.0951 334.0011 340.3404 331.2549 322.7666 313.3638 306.1889 301.0536 286.1833 272.2608 261.2025 260.1197 271.6588 279.1245 278.2044 268.9191 261.9149 257.8625 250.0429 243.9484 240.2251 239.5642 241.1619 242.545 243.4665 243.4823 241.5615 239.2493 228.5605 215.9471 202.326 186.7317 173.0179 161.8554 150.8788 140.021
