py_wake/examples/data/AJ_ParqueFicticio/Rough survey   Sector 9   Height 200m   Power density.grd
DSAA
73  159
 258469   265669
 6501692   6517492
 168.9136   2068.485
[rows 28 to 55 of 159, columns 0 to 62 of 73]
565.6755 565.7966 565.5726 565.2724 565.6008 565.7115 565.2108 564.853 564.3721 565.6377 567.0056 568.0978 568.4524 567.0412 565.575 564.1818 562.2001 561.1184 558.5151 555.9709 552.8506 549.694 545.728 539.5662 531.3203 518.0135 504.4428 497.1766 493.7963 490.8267 481.0413 474.7837 464.6339 445.2681 435.1688 443.3316 447.148 436.0464 429.3123 412.5284 401.6658 401.5627 405.2694 413.823 418.8334 419.6331 418.8074 426.9787 451.5839 485.5824 531.2028 594.5312 678.662 764.4653 839.3412 934.5645 1023.658 1033.209 937.4452 797.6521 667.0145 570.8853 516.3971
565.3246 565.3234 567.152 566.312 567.5052 567.3378 566.4061 565.7982 566.0115 566.6274 568.574 568.9533 569.5289 566.9574 564.2026 562.6444 561.327 561.0486 559.5342 557.0889 553.6121 548.0472 542.1715 536.2014 528.6109 517.7692 505.9302 498.5873 494.0963 490.1472 484.4184 475.4409 456.4814 445.0193 438.4002 441.5967 440.629 433.6719 424.0439 412.6328 402.0956 398.7308 399.7514 405.9446 412.114 417.8265 426.0923 444.2256 477.3447 521.9355 575.572 645.3464 732.736 825.9218 912.4482 1003.171 1064.955 1030.093 903.6702 753.1926 628.379 546.2104 522.8257
565.3172 565.5614 566.7606 567.0018 567.6924 567.6359 566.9991 566.2203 566.9013 567.4252 568.2662 567.8948 567.412 564.233 561.9879 561.0944 560.9062 560.5416 559.9365 558.1437 553.1025 546.789 539.0827 532.4902 525.4324 515.9701 507.4929 500.0788 493.1214 489.0324 482.9974 474.8202 459.3832 443.3309 431.687 434.6287 433.8011 428.9172 421.1028 414.6758 401.6394 395.0404 398.9972 405.1167 411.6031 421.2911 438.303 467.0384 509.2677 561.831 621.3392 695.0307 784.6168 880.7888 974.4962 1052.003 1074.685 995.4539 850.202 702.0659 589.6339 534.1105 552.3966
565.4614 565.2505 565.5501 565.9458 567.2482 567.5609 566.4863 565.5313 566.7466 567.2644 567.364 566.3018 565.4626 561.8557 559.6582 560.3478 561.2288 561.5427 560.6682 557.3925 551.1854 544.9399 536.9453 529.5264 523.1537 514.3947 507.1472 501.0883 493.2273 486.3195 480.5934 470.2523 453.8063 440.1002 433.6444 430.9931 425.4655 420.0493 413.9204 410.769 404.8269 399.5024 399.4542 407.9518 417.888 431.308 454.3844 489.6174 534.3292 588.1597 651.1042 731.0476 823.8057 920.4599 1013.661 1070.156 1052.097 943.9707 793.6918 657.0928 567.4521 544.7236 607.2479
565.3276 565.3968 565.9719 566.0663 566.7261 567.1705 566.7888 566.0604 566.479 566.1229 565.9058 565.6721 564.2963 559.5753 558.4548 560.0458 561.6972 563.334 561.963 555.3926 548.6324 542.3903 534.6832 527.5073 521.0519 513.7741 507.1857 500.4009 493.0375 485.8148 477.8927 467.0453 451.3018 439.9621 434.8873 431.3662 423.6045 412.5168 406.1013 405.7748 405.2251 401.9111 405.3998 411.0433 425.3745 446.6917 475.7595 508.0009 548.5195 600.5665 665.0711 744.6652 838.1685 936.1171 1027.517 1066.076 1019.09 896.7283 752.1008 634.8375 572.7102 582.6482 684.6231
567.6135 566.6226 566.5062 567.9132 567.3608 568.5997 566.9874 567.404 567.0161 566.6578 565.7522 565.2939 562.3782 558.7948 558.619 560.6236 562.7752 563.9165 560.996 554.2406 546.9626 539.5488 532.8293 525.5089 519.5166 513.0374 506.7253 502.6783 495.5728 485.2602 475.6243 465.2284 452.0831 440.6239 433.1199 428.0978 420.2968 405.9724 400.1151 400.8043 401.58 405.6714 410.8069 421.8682 437.9594 459.8224 491.9121 524.8519 562.3793 612.2204 677.0695 758.0112 849.1052 944.0007 1026.549 1061.378 994.0905 870.7801 739.1982 641.4875 598.8036 642.3942 768.7015
568.1396 568.1818 567.3669 568.5974 567.931 569.2202 567.5632 567.5327 567.8961 567.5512 567.4799 566.2958 564.2776 561.3589 561.6647 563.8484 564.8995 564.36 558.447 550.8496 542.6132 535.884 529.1313 522.7235 517.6755 512.2656 507.9593 501.3012 494.55 485.9354 475.3444 465.0147 453.3871 442.5583 431.1069 422.6213 416.0549 404.114 394.4226 391.5648 396.1522 409.1838 423.1756 438.1709 453.003 474.9355 509.3338 542.0002 584.3397 638.3536 707.8813 790.2217 879.6993 967.443 1035.278 1058.591 989.724 876.8368 754.2265 666.3363 644.8046 716.8403 850.0452
566.9334 567.9764 568.3502 568.282 567.9349 568.4553 568.4791 568.1113 567.7125 567.7853 567.9374 567.1168 564.6725 562.3151 563.2533 565.4836 566.702 564.7163 555.1843 545.1207 536.0686 529.9894 525.3859 521.3619 517.0991 512.8934 507.9609 500.769 493.0822 483.7917 474.6777 464.4743 454.4801 444.5727 431.3939 419.0408 412.4549 403.4193 389.7781 382.161 392.1959 410.9067 438.9124 464.2545 482.7372 503.5536 534.6516 571.4489 619.9066 679.0933 748.32 834.3538 920.475 996.6446 1054.132 1069.89 1009.971 900.0665 781.1105 700.9521 708.7571 804.1224 929.2825
564.191 565.1913 566.4637 568.5277 569.754 570.3 570.1927 569.1039 568.4376 567.8269 567.8461 567.5249 565.4719 562.1901 563.0989 565.3344 565.1465 562.0424 551.1627 539.7086 529.6068 525.416 522.2546 520.1565 518.4457 515.2889 508.8052 499.8565 491.9032 482.796 473.6422 463.6726 455.1549 447.3723 437.1758 423.148 411.2183 400.7921 387.2433 384.2769 397.6309 424.3503 460.7253 496.6335 521.6902 542.108 575.6443 617.5018 665.734 723.4075 784.2261 861.4214 939.7808 1012.1 1068.996 1087.761 1035.926 928.4462 814.9467 753.9368 794.166 899.2445 1006.184
560.9855 563.4366 565.0292 567.6293 571.0355 570.4711 568.9351 569.0306 569.305 569.5599 567.0883 566.4152 564.8128 562.2263 562.2723 561.8054 559.4751 555.4886 546.6143 535.1835 526.6647 522.6913 521.446 520.6268 519.2927 515.1017 508.3955 500.4735 492.3396 481.5828 472.4285 465.2583 457.8553 451.8662 443.5438 429.1865 411.2013 399.3367 391.4989 389.4192 407.667 444.6475 490.016 531.8915 564.1793 585.8099 610.8452 654.1526 702.6808 747.5383 799.0318 865.8386 939.1939 1004.743 1071.258 1104.177 1060.183 963.5231 867.3792 845.6403 905.4623 998.8386 1065.682
561.6981 563.7234 566.2975 567.0014 569.0361 568.8667 567.483 567.7455 569.3754 569.91 568.7701 567.1743 564.6155 562.7166 561.2782 559.4002 555.127 550.0633 542.8151 534.3531 524.9991 523.7895 523.3574 522.2202 520.1323 514.8369 508.0988 500.241 492.0779 482.6722 473.9159 467.5729 462.3217 456.9104 449.1239 434.8888 412.6311 400.8961 395.7474 400.0341 424.651 467.4671 520.8563 571.276 602.5803 621.7636 641.0715 674.7194 713.4736 750.8854 794.6006 858.3024 934.4958 1013.723 1088.838 1124.6 1098.022 1020.418 961.3448 963.7446 1016.361 1077.754 1087.942
564.0407 566.0804 568.1063 569.8718 569.7876 570.0717 569.7293 569.4797 570.0634 571.5189 572.0458 570.2976 568.1357 563.77 560.6478 557.4274 554.1249 550.5219 543.2133 536.5015 529.1192 527.3853 526.713 526.366 521.4454 514.4984 508.6435 500.9982 492.9688 484.4141 477.7581 472.9022 468.8715 461.9642 455.572 441.7586 423.1138 408.2107 403.147 416.4417 448.5956 497.2135 554.021 607.3661 642.2937 654.5926 670.0498 696.6702 727.1016 766.3433 818.539 877.0544 954.1169 1042.333 1123.003 1177.178 1163.782 1104.009 1077.758 1077.265 1096.997 1099.462 1058.709
563.4277 566.2641 569.2143 571.6451 572.7988 572.3729 571.7844 571.5682 572.2144 573.1635 573.7673 573.5652 568.6907 563.4742 559.041 557.0449 553.9883 550.3534 545.9903 539.2451 533.6912 530.3577 528.668 526.9438 520.1084 513.8341 508.1239 502.1707 496.6581 489.7422 484.4001 479.0382 474.1729 470.4324 465.2951 453.67 438.6211 425.693 427.4632 452.5763 491.6126 542.3786 596.1357 642.6746 681.0726 697.4107 704.5629 722.0297 748.9147 793.3138 861.0622 934.1507 1010.216 1090.083 1166.91 1220.126 1226.178 1191.398 1190.147 1165.824 1113.434 1060.32 992.5944
566.0767 567.4648 568.5934 570.4288 572.0626 571.1653 568.8401 569.6309 571.4272 573.8323 573.8569 571.7923 564.8607 558.7076 555.9648 553.8813 551.9018 550.4958 545.6338 539.8706 537.3061 534.2543 530.1525 526.5933 520.7148 512.5527 509.539 506.3354 502.6035 496.0959 491.3922 487.2254 483.2868 480.2375 476.1308 471.6002 460.0591 446.79 461.1809 492.7218 537.974 589.2719 639.2206 685.9532 721.1937 737.8007 735.6942 744.1137 773.3013 825.7217 895.6142 980.158 1054.864 1120.028 1187.058 1246.309 1270.411 1258.633 1241.851 1177.087 1088.644 1002.177 915.5038
567.8212 568.8882 570.8648 570.3362 570.9609 570.9195 567.3224 567.1459 568.524 570.5438 570.2076 567.2448 562.2396 556.3156 553.9239 553.036 552.0023 549.3155 544.5706 538.3877 536.1459 535.1199 534.6067 529.7934 523.1848 516.3072 513.1126 510.425 507.5528 502.9536 497.5147 493.1096 490.922 490.1729 490.6553 488.1627 479.6353 476.1024 494.6232 524.5495 565.2144 612.1653 657.1174 704.1453 736.8263 746.4915 737.4927 736.7426 772.8998 829.3345 901.6094 974.8572 1040.58 1100.203 1173.262 1249.511 1297.339 1283.825 1232.67 1137.859 1027.94 925.1591 842.7856
568.4488 570.0527 572.4227 572.2955 572.7816 569.8983 564.6056 564.1183 567.1857 570.2196 570.1073 567.2902 562.8766 558.7447 555.7848 553.265 551.0696 547.978 542.8111 535.7598 534.2511 536.3749 539.2379 535.1055 527.2838 520.7314 516.7651 513.5648 511.5787 507.558 503.564 501.94 501.8605 503.297 503.4733 503.0321 498.7398 497.974 512.4813 541.471 575.7991 614.331 659.1263 698.5768 719.1529 717.3008 705.186 713.9101 754.5836 812.4869 874.8171 935.9659 993.8423 1061.028 1159.843 1262.225 1318.352 1283.591 1184.219 1066.413 947.8256 848.189 772.573
566.2927 567.7285 570.7249 571.7198 569.9315 565.8117 562.0121 562.5412 566.7938 570.3862 572.3914 569.7422 565.0163 559.595 555.1916 551.8021 549.3762 544.7089 540.2842 534.134 532.912 536.1079 538.8585 536.7576 527.0813 522.6995 519.7198 519.3195 516.9232 513.2747 509.4651 511.6287 514.3055 513.4194 515.7636 515.9355 514.9503 515.2681 526.9524 546.7612 575.1517 613.2079 652.1183 674.9536 682.736 673.0572 674.5375 693.749 740.3609 794.9788 847.5943 901.7112 969.1179 1069.139 1189.897 1298.493 1329.196 1252.601 1120.291 976.4655 857.5065 770.8588 712.8156
565.1764 566.9925 568.7193 569.1843 568.4112 565.1356 563.4142 565.3612 569.1179 571.6216 574.0751 571.1227 565.6191 560.1489 555.4815 550.4999 547.9741 543.2452 539.0623 535.1123 534.5624 535.4124 536.9889 533.5216 526.5945 522.1669 522.6215 521.8875 520.5128 513.9335 513.596 521.8442 521.3197 521.6272 525.7094 525.5203 526.5585 528.9911 539.8665 552.3431 575.0326 606.384 634.2676 648.5432 658.1196 666.8914 688.7152 720.9237 763.2883 808.121 856.7804 922.349 1018.218 1147.145 1274.484 1348.621 1313.035 1193.703 1041.029 906.5128 800.2198 721.6721 670.2314
563.3659 566.2905 567.9485 567.9291 568.0309 567.8964 569.0681 571.7217 574.012 573.7291 575.4764 571.1231 563.4788 558.2984 553.6476 550.3638 546.447 542.587 539.2271 537.3479 536.2825 537.1823 537.5493 533.3156 528.1332 524.6261 524.3003 524.6185 522.2538 515.2641 516.1896 524.4628 525.6531 527.364 534.8901 535.7302 537.025 539.8037 548.3325 563.5806 584.0434 606.1476 630.6504 655.5988 686.0498 717.3833 743.9306 770.0093 801.3249 844.1509 901.5044 993.1357 1116.385 1253.482 1349.179 1357.79 1256.883 1111.3 960.4938 837.5744 751.7216 692.2596 651.246
560.5511 563.3569 565.644 564.6135 566.0728 570.1245 573.6384 577.8003 580.2122 579.2417 575.0475 569.4392 559.7775 552.145 547.3666 546.8302 544.549 542.6204 541.2648 537.8533 537.6285 539.3965 539.4169 536.9167 529.7208 525.2692 522.8843 522.7213 521.1639 519.3849 519.2848 525.6729 531.612 534.1674 543.0204 548.2595 549.6652 554.7532 563.3447 578.0662 598.7516 623.3324 652.4543 683.2907 715.8845 745.0156 762.4006 779.0372 805.7336 857.6115 947.3655 1075.014 1217.509 1326.32 1360.871 1293.075 1165.447 1024.308 889.0187 783.1652 711.7991 659.7952 624.706
559.0192 560.0645 562.0802 561.7664 564.7902 570.1324 575.7682 580.8856 583.4251 579.4357 573.2587 565.8983 555.5388 545.0568 541.3459 541.6288 541.7139 541.6371 539.2942 533.4127 533.4146 535.2634 535.7139 533.3751 524.2433 518.7131 518.9095 520.1505 521.8763 524.371 529.9908 538.0414 541.1329 544.7522 554.3289 561.9473 566.8554 571.5948 579.9238 593.7746 612.7173 635.7559 662.772 689.9341 715.8401 734.5169 744.7997 768.8408 818.5997 904.2433 1026.888 1163.841 1281.435 1330.767 1293.551 1184.248 1058.3 937.7771 823.6328 738.9571 680.0716 634.4789 599.0092
558.9558 560.1986 560.6398 561.0607 565.5469 572.0678 578.3287 581.5379 581.775 576.6979 567.1141 558.8864 550.1205 540.1736 538.074 540.3276 540.2047 537.8743 534.7654 529.6918 528.1372 529.394 528.7958 525.3874 520.1758 515.2373 516.52 521.0933 523.7216 528.4821 536.4286 548.4277 553.5261 558.1666 568.301 577.932 582.1834 586.4169 592.4005 605.2175 623.0381 640.7251 659.844 680.6265 699.3558 716.254 743.799 799.1199 882.2752 993.2968 1118.892 1230.099 1286.019 1261.153 1178.739 1058.43 956.8641 855.6962 761.5413 697.835 651.5166 612.3495 583.5908
557.905 560.2592 562.8124 565.2676 569.4908 575.1942 581.0499 582.8619 579.49 573.3431 563.1545 552.3342 543.9288 540.6055 541.4977 542.0701 541.4776 537.842 532.0557 527.973 526.9947 526.8807 526.202 523.8127 522.1482 523.2912 523.2624 524.3415 527.0355 533.7585 539.5846 549.697 555.1385 562.15 576.1771 587.0803 590.6127 594.1137 603.1422 613.937 629.3716 645.4308 662.4878 679.202 701.9658 737.9279 792.9808 868.552 959.9407 1063.291 1164.295 1234.607 1225.668 1152.064 1050.854 958.9255 870.6913 790.4288 712.8233 657.5753 624.1558 599.4402 575.0661
556.1918 560.513 564.8102 569.1789 573.4282 579.1787 582.8831 581.4347 577.6553 571.0186 561.525 551.8025 545.8417 542.5417 542.5165 542.0965 541.291 537.6464 533.5541 533.2787 531.2212 528.7657 525.9965 523.879 525.4969 530.3109 530.2094 529.1915 532.6211 539.3416 546.395 548.5151 553.4349 561.8151 579.0802 592.351 595.1628 601.3625 612.3972 624.4928 640.0757 657.1861 677.397 702.6658 738.1118 790.7027 855.47 927.6575 1003.947 1081.884 1148.997 1184.805 1138.793 1036.534 947.9925 879.1483 808.9124 741.8776 677.363 629.4056 600.4152 588.1296 576.4865
555.3817 561.3315 564.8117 570.1784 574.6703 579.7028 581.8751 579.793 575.7971 570.3502 562.7204 554.881 548.4697 545.3572 544.3994 541.5486 538.6005 533.2094 532.4297 535.8246 537.0628 534.5942 529.0975 527.2401 529.9097 534.0546 534.6716 534.5904 538.2672 544.7526 551.0327 552.9073 555.0828 566.8328 585.6006 597.9287 607.1237 617.745 625.2234 638.1207 654.7186 672.3092 699.5261 730.8665 775.7417 834.2451 895.2882 950.424 1007.9 1062.653 1112.301 1123.628 1052.541 939.1968 861.9883 815.8665 769.6558 716.1857 656.8406 609.239 584.1156 573.9094 571.6951
558.1219 562.9338 566.8568 573.1142 577.103 580.7471 581.0803 578.8984 574.132 569.6274 563.597 556.5856 550.8091 546.788 545.3233 542.7529 537.5975 531.8733 531.1944 534.7332 537.5876 535.6198 531.8329 531.7643 534.1085 537.8225 536.9226 538.0644 542.9464 550.2475 557.4868 562.1914 566.3881 584.1075 601.6992 620.4622 637.5184 645.6206 650.4069 666.8321 680.5807 697.4767 723.9445 757.5425 804.1453 857.8615 908.0836 950.6323 997.064 1040.198 1071.456 1057.725 977.3099 868.7881 795.0504 759.9426 742.1824 709.1785 654.0642 596.3641 566.119 556.2387 560.3816
562.6454 567.5395 570.7859 575.559 579.5536 583.5209 581.6002 578.4249 574.1149 569.426 564.5842 559.4968 552.9365 546.7933 544.722 542.1641 537.5374 533.9167 533.5536 533.5905 532.8242 529.6241 528.4788 531.8723 537.5915 538.2578 537.4733 537.5465 542.2885 554.6674 569.1151 580.5236 588.4592 604.741 628.8618 653.2809 673.2889 682.5873 681.8542 696.226 713.6533 733.5252 753.0154 782.7695 823.0554 869.2931 910.3498 945.7433 981.3987 1011.792 1016.388 986.1812 917.123 813.1165 736.7324 717.8387 720.5139 707.1935 653.0651 589.8824 544.7762 536.3425 548.6414
566.9221 571.5251 574.854 579.6855 582.6338 583.6077 582.0004 577.756 573.507 569.2611 565.0638 560.9939 555.2692 548.8591 544.2938 541.2364 540.621 537.7731 538.2125 537.5975 533.2609 526.2299 527.2214 532.3483 537.0608 538.498 537.4944 537.3975 544.4883 567.2863 592.3743 611.1481 619.499 638.1544 660.5428 687.9514 711.5233 719.3427 710.2009 719.2444 747.5482 765.3437 786.6248 805.8249 833.077 874.0761 911.7249 935.8391 954.8802 960.9908 955.7418 929.5504 866.0717 765.4163 690.8679 685.5753 704.4986 703.9634 650.6389 581.9543 526.7335 514.436 529.3217
