py_wake/examples/data/AJ_ParqueFicticio/Rough survey   Sector 2   Height 200m   Weibull-A.grd
DSAA
73  159
 258469   265669
 6501692   6517492
 4.032906   8.277595
[rows 28 to 55 of 159, columns 0 to 62 of 73]
5.407952 5.415482 5.416438 5.419124 5.420088 5.419544 5.423065 5.421626 5.429 5.432372 5.432192 5.434739 5.433074 5.429307 5.427362 5.427403 5.423438 5.420193 5.418101 5.416523 5.414577 5.409312 5.400143 5.388729 5.372016 5.344908 5.32594 5.31193 5.316966 5.308569 5.29845 5.287979 5.253099 5.208496 5.193456 5.229205 5.240478 5.205827 5.184991 5.135926 5.100865 5.086636 5.068079 5.059472 5.040733 5.01484 4.992676 4.993017 5.043472 5.126146 5.245976 5.409033 5.615993 5.859343 6.046586 6.236247 6.393876 6.426735 6.310545 6.107278 5.860043 5.628617 5.46817
5.404115 5.409285 5.415568 5.419998 5.422001 5.424795 5.427656 5.42477 5.431587 5.439084 5.440048 5.439031 5.43997 5.434377 5.429297 5.428331 5.426299 5.425636 5.425998 5.42314 5.422737 5.41241 5.398596 5.386651 5.371405 5.353182 5.340775 5.325333 5.322495 5.321623 5.320434 5.310283 5.28091 5.255378 5.265974 5.291929 5.266373 5.230938 5.205406 5.163379 5.132468 5.116671 5.094276 5.072766 5.067973 5.071483 5.094026 5.148201 5.239249 5.355052 5.486357 5.640712 5.831895 6.06382 6.255033 6.423352 6.523511 6.48003 6.304808 6.061662 5.804343 5.589367 5.521343
5.402633 5.408323 5.409947 5.41828 5.423751 5.423962 5.426052 5.423614 5.427455 5.434312 5.438671 5.439262 5.436951 5.425551 5.425862 5.42773 5.42787 5.428687 5.431278 5.429349 5.42473 5.412455 5.39866 5.383966 5.377421 5.366443 5.353295 5.345678 5.339042 5.34232 5.34269 5.339898 5.319204 5.289583 5.28237 5.278743 5.270656 5.256499 5.228407 5.201731 5.162504 5.142285 5.137713 5.129334 5.114905 5.139617 5.197141 5.29971 5.426196 5.570658 5.708585 5.858091 6.027864 6.236935 6.421254 6.545265 6.564985 6.442457 6.225903 5.963903 5.711566 5.563746 5.640341
5.400986 5.406718 5.409345 5.416598 5.42015 5.420592 5.423077 5.421476 5.426408 5.431006 5.434635 5.434986 5.434376 5.422919 5.420726 5.424932 5.430019 5.432931 5.433939 5.430786 5.424951 5.412205 5.401548 5.390604 5.382573 5.374829 5.369331 5.363259 5.359357 5.363377 5.355421 5.339836 5.310627 5.294476 5.289725 5.284636 5.269093 5.258812 5.234539 5.209898 5.183627 5.168634 5.179427 5.192353 5.204276 5.222569 5.289023 5.397364 5.53356 5.666311 5.810545 5.975592 6.149135 6.338875 6.496715 6.565887 6.519789 6.350429 6.112864 5.857566 5.663172 5.619489 5.834157
5.404154 5.4075 5.409153 5.415042 5.416685 5.420037 5.418265 5.420003 5.423087 5.426383 5.430279 5.430511 5.430415 5.425112 5.423436 5.42644 5.433625 5.436131 5.436479 5.432091 5.42362 5.412519 5.405431 5.397671 5.386687 5.387269 5.38171 5.383327 5.383679 5.37538 5.365788 5.352328 5.32631 5.309612 5.30956 5.307047 5.285288 5.255455 5.226347 5.209223 5.198701 5.184568 5.191913 5.229921 5.269841 5.319256 5.384031 5.469009 5.564281 5.677441 5.807741 5.961105 6.156583 6.335509 6.478769 6.522195 6.440351 6.259731 6.027861 5.82035 5.709517 5.782474 6.070717
5.412504 5.407763 5.410415 5.411228 5.414407 5.418768 5.420472 5.420867 5.421871 5.425998 5.427806 5.427396 5.428265 5.428442 5.428927 5.43389 5.439252 5.438406 5.438075 5.429011 5.42217 5.411439 5.402631 5.399618 5.391119 5.389366 5.392208 5.392862 5.394069 5.384117 5.373899 5.363474 5.344222 5.329802 5.327567 5.333038 5.310268 5.267844 5.234637 5.219261 5.202005 5.190752 5.192523 5.238168 5.315783 5.388208 5.455927 5.539877 5.620344 5.708916 5.822605 5.982809 6.157661 6.318076 6.439585 6.488472 6.388984 6.222448 6.033026 5.889249 5.850469 6.005957 6.29973
5.413653 5.40782 5.408378 5.410095 5.412281 5.41465 5.41551 5.417608 5.420709 5.423866 5.427598 5.43133 5.429952 5.43494 5.439215 5.439604 5.442209 5.443026 5.436423 5.426789 5.41363 5.408168 5.3988 5.398389 5.395795 5.399307 5.400825 5.400781 5.399399 5.388968 5.380806 5.374836 5.360594 5.353409 5.337894 5.343458 5.331776 5.297634 5.255154 5.220998 5.195038 5.189495 5.208923 5.265882 5.353568 5.460741 5.539687 5.628255 5.729671 5.843994 5.969005 6.124814 6.280322 6.401117 6.483605 6.512121 6.420225 6.298499 6.145934 6.036488 6.053026 6.250653 6.52831
5.405977 5.402112 5.405368 5.405777 5.409677 5.410451 5.410733 5.4157 5.418463 5.421426 5.427178 5.43076 5.431567 5.433012 5.438554 5.442455 5.445177 5.438751 5.432163 5.416904 5.403121 5.396647 5.395057 5.397085 5.400501 5.407712 5.410692 5.407659 5.408539 5.401039 5.392507 5.38767 5.382275 5.377152 5.36848 5.361591 5.362271 5.347588 5.296325 5.25018 5.217635 5.217975 5.256974 5.334103 5.440329 5.571333 5.691823 5.795005 5.913874 6.048884 6.186983 6.342674 6.476621 6.563053 6.610211 6.618645 6.54619 6.440406 6.303869 6.220658 6.314106 6.539383 6.776757
5.391901 5.391434 5.397875 5.40336 5.408565 5.414211 5.417246 5.416627 5.415976 5.418694 5.421389 5.426579 5.428781 5.427913 5.432206 5.437198 5.437613 5.427832 5.407823 5.397988 5.383955 5.387504 5.391993 5.39977 5.4045 5.410446 5.413609 5.415387 5.417714 5.415047 5.408378 5.404829 5.406585 5.417119 5.419861 5.413174 5.410856 5.407365 5.373897 5.344766 5.342519 5.353823 5.395917 5.480947 5.582218 5.710503 5.848179 5.969695 6.088093 6.21935 6.351016 6.480754 6.584299 6.664914 6.718294 6.72798 6.678474 6.583103 6.471021 6.489046 6.673309 6.919756 7.070653
5.381117 5.382458 5.390935 5.398637 5.40734 5.412474 5.408866 5.410617 5.413218 5.415822 5.416818 5.419076 5.422266 5.420873 5.42497 5.426251 5.421331 5.408185 5.388057 5.371637 5.370656 5.380233 5.390745 5.401832 5.402799 5.412611 5.415673 5.423232 5.425413 5.427712 5.42985 5.433586 5.44264 5.457258 5.473168 5.472994 5.463473 5.455314 5.458899 5.459932 5.488631 5.548161 5.613466 5.691036 5.781712 5.867274 5.982497 6.095174 6.183034 6.279006 6.375278 6.476612 6.571211 6.65961 6.746555 6.801912 6.776837 6.722308 6.687406 6.824958 7.094541 7.331967 7.425391
5.38012 5.381721 5.388854 5.393984 5.398365 5.401865 5.398649 5.404538 5.409644 5.414365 5.414454 5.415421 5.417507 5.421154 5.421347 5.417924 5.408931 5.395432 5.378173 5.364048 5.37169 5.384072 5.396705 5.406381 5.407207 5.416306 5.422871 5.430307 5.431426 5.435697 5.441196 5.453581 5.474511 5.498513 5.51943 5.530256 5.517689 5.521631 5.549779 5.578902 5.641925 5.736934 5.836586 5.929546 6.004656 6.066213 6.117477 6.180127 6.206359 6.265026 6.338373 6.430892 6.54251 6.657916 6.77187 6.865646 6.891281 6.898403 6.943974 7.19549 7.463924 7.647764 7.662739
5.382427 5.385899 5.389818 5.395726 5.398587 5.398079 5.402591 5.403938 5.408185 5.414155 5.420029 5.422585 5.428403 5.426982 5.420614 5.415196 5.406496 5.398224 5.387398 5.385722 5.395491 5.396105 5.405506 5.411602 5.414067 5.418864 5.428806 5.435759 5.441246 5.453681 5.465085 5.482283 5.507008 5.53528 5.559439 5.587707 5.593524 5.605987 5.642621 5.703964 5.802919 5.925936 6.046002 6.154676 6.241922 6.297338 6.331072 6.358619 6.364479 6.355526 6.427715 6.531443 6.645247 6.771892 6.890465 6.995544 7.044353 7.092549 7.200685 7.439207 7.656503 7.743847 7.680125
5.381812 5.386829 5.390769 5.396975 5.4033 5.406367 5.407691 5.406381 5.409042 5.415633 5.423841 5.433482 5.431444 5.420745 5.416206 5.411697 5.407963 5.404186 5.399714 5.401122 5.407979 5.403598 5.408531 5.412182 5.408758 5.417268 5.42903 5.444182 5.461864 5.478717 5.497713 5.518662 5.541752 5.56993 5.604912 5.644731 5.660807 5.698755 5.759115 5.863498 5.995864 6.137352 6.263071 6.365303 6.459094 6.534203 6.580846 6.615903 6.605146 6.618869 6.651467 6.753558 6.872487 6.980455 7.073403 7.145026 7.204181 7.264939 7.375987 7.499795 7.585118 7.572096 7.465047
5.38814 5.385418 5.385956 5.390211 5.397926 5.395625 5.39499 5.398198 5.40066 5.409113 5.418943 5.420051 5.410868 5.400963 5.400873 5.402074 5.40333 5.404598 5.400513 5.4043 5.406208 5.406149 5.403435 5.401378 5.402167 5.414714 5.436147 5.461865 5.484087 5.501972 5.526443 5.55198 5.579866 5.613086 5.651304 5.695384 5.737519 5.786219 5.883339 6.013141 6.157204 6.304228 6.420564 6.516655 6.607194 6.696237 6.745223 6.779896 6.813509 6.842031 6.898495 6.938785 7.032617 7.109978 7.168314 7.233952 7.292064 7.351183 7.394439 7.371162 7.316956 7.227573 7.118839
5.388745 5.385257 5.385327 5.381973 5.382863 5.388661 5.385008 5.382656 5.387208 5.395287 5.399704 5.398917 5.390309 5.386706 5.391328 5.39362 5.398695 5.399004 5.39743 5.395762 5.39846 5.401703 5.402645 5.407655 5.420224 5.435941 5.453207 5.474452 5.495834 5.518498 5.541759 5.57203 5.602264 5.647133 5.693088 5.744228 5.794428 5.861744 5.976497 6.095629 6.211026 6.32228 6.416867 6.504853 6.579987 6.632525 6.663259 6.683677 6.735426 6.794242 6.873941 6.922472 6.993414 7.04826 7.113376 7.204801 7.293701 7.342586 7.310665 7.207317 7.042861 6.86915 6.741092
5.384602 5.384002 5.382215 5.377531 5.378372 5.378424 5.372438 5.369062 5.377934 5.388282 5.394263 5.39297 5.393025 5.393258 5.392903 5.390467 5.39019 5.389329 5.389709 5.382404 5.386748 5.395338 5.406377 5.422786 5.435829 5.446326 5.458815 5.478195 5.499465 5.523267 5.55277 5.581381 5.62246 5.665514 5.711123 5.766174 5.819442 5.887361 5.976586 6.07102 6.155971 6.222741 6.288828 6.333078 6.346919 6.338455 6.3264 6.35977 6.430031 6.517484 6.631823 6.718848 6.790139 6.870887 6.994556 7.145827 7.266335 7.281291 7.174469 7.014867 6.801252 6.600605 6.422733
5.377498 5.377653 5.377231 5.372275 5.368978 5.364701 5.360201 5.361793 5.376295 5.389711 5.402096 5.407047 5.404962 5.398899 5.390145 5.386061 5.379849 5.374639 5.372196 5.372591 5.374399 5.388122 5.400176 5.40486 5.413993 5.428106 5.448567 5.473927 5.497326 5.5268 5.551998 5.583281 5.628003 5.668082 5.711713 5.76002 5.819386 5.877121 5.94757 6.008503 6.059475 6.115623 6.145155 6.132863 6.075752 6.037222 6.040177 6.105378 6.226998 6.348181 6.44433 6.5288 6.638452 6.795548 6.979667 7.150818 7.232879 7.177313 7.024107 6.800779 6.570631 6.369431 6.218546
5.370266 5.372412 5.371998 5.365341 5.366281 5.365232 5.366118 5.366917 5.378102 5.393275 5.408809 5.413714 5.40842 5.397588 5.38794 5.378875 5.371748 5.365876 5.363123 5.365021 5.370991 5.378138 5.383642 5.38071 5.378494 5.396744 5.423608 5.447896 5.476464 5.498829 5.52739 5.563815 5.60646 5.647839 5.688955 5.735872 5.80238 5.862143 5.918921 5.961386 6.00801 6.040364 6.031804 5.991553 5.974023 5.999722 6.073988 6.172055 6.277583 6.368233 6.453671 6.564365 6.723559 6.930939 7.122179 7.232201 7.200146 7.047973 6.818814 6.590749 6.378423 6.20457 6.089454
5.361822 5.365773 5.366482 5.363243 5.366646 5.370897 5.375449 5.376714 5.383986 5.393555 5.407351 5.406654 5.399406 5.388749 5.375118 5.368124 5.364028 5.361533 5.362175 5.368507 5.370415 5.373513 5.377105 5.372724 5.372466 5.383302 5.39547 5.413548 5.43508 5.453027 5.479323 5.516461 5.556622 5.606235 5.649303 5.703236 5.770899 5.837617 5.896556 5.95988 6.014488 6.043117 6.053152 6.078924 6.122237 6.19335 6.271653 6.353465 6.420491 6.499547 6.597243 6.752834 6.947774 7.146928 7.283206 7.294713 7.147739 6.892764 6.613639 6.369987 6.190814 6.065393 5.980493
5.351539 5.354568 5.3566 5.349455 5.354965 5.368999 5.380361 5.384963 5.391803 5.397208 5.401774 5.39792 5.38684 5.367842 5.353354 5.351924 5.35418 5.358614 5.365345 5.365184 5.364777 5.368457 5.375818 5.380861 5.37481 5.366848 5.365801 5.374561 5.388567 5.405999 5.434786 5.472592 5.514332 5.567649 5.617383 5.682856 5.750141 5.832004 5.903874 5.975257 6.049054 6.114294 6.178052 6.230751 6.286003 6.326349 6.340686 6.367537 6.413311 6.516901 6.687905 6.919596 7.147897 7.29798 7.335458 7.235971 7.030615 6.744602 6.445673 6.183042 6.008385 5.888809 5.821681
5.342496 5.342068 5.341886 5.338794 5.346649 5.362329 5.377355 5.38912 5.393637 5.393818 5.393386 5.382474 5.365903 5.34375 5.332366 5.333911 5.339077 5.347324 5.352604 5.343237 5.343685 5.34985 5.355079 5.348998 5.337097 5.329873 5.332087 5.346784 5.365407 5.387562 5.423012 5.461308 5.50384 5.555946 5.60773 5.674127 5.747072 5.826605 5.902201 5.976932 6.050267 6.122295 6.183317 6.229568 6.254087 6.238222 6.243686 6.288777 6.398855 6.574059 6.809716 7.047904 7.230857 7.291803 7.217756 7.046578 6.825131 6.566996 6.27905 6.058592 5.895219 5.766381 5.665354
5.336747 5.335254 5.331501 5.332434 5.34568 5.362853 5.378561 5.385771 5.387798 5.382583 5.369885 5.358355 5.339283 5.320947 5.318498 5.325936 5.330644 5.329262 5.325909 5.321334 5.321728 5.323292 5.322424 5.31402 5.301098 5.298405 5.311268 5.330495 5.350572 5.377654 5.428472 5.480463 5.519085 5.556058 5.600441 5.666189 5.732002 5.797531 5.870852 5.931963 5.99423 6.041773 6.079504 6.110316 6.110001 6.139196 6.206954 6.343793 6.533521 6.750989 6.965292 7.125934 7.193634 7.135514 6.977852 6.761545 6.558051 6.342406 6.104296 5.960823 5.823309 5.70504 5.609029
5.330982 5.333405 5.335811 5.346571 5.358922 5.371819 5.384239 5.388202 5.384619 5.375152 5.35869 5.341609 5.323623 5.322638 5.325932 5.329333 5.333373 5.327559 5.321561 5.316454 5.313106 5.314663 5.313317 5.310269 5.312491 5.322721 5.320125 5.329235 5.344831 5.38065 5.421734 5.465383 5.497699 5.532682 5.586719 5.644562 5.687864 5.74231 5.813344 5.871754 5.927106 5.974899 6.009699 6.042493 6.098595 6.188525 6.333782 6.515012 6.707399 6.883318 7.019185 7.083163 7.038655 6.90232 6.716474 6.492345 6.294307 6.125771 5.938912 5.830549 5.752597 5.677193 5.608475
5.322674 5.331903 5.341839 5.355762 5.368694 5.379522 5.386885 5.387219 5.382731 5.375085 5.359877 5.346597 5.336236 5.330667 5.331472 5.332844 5.337286 5.335639 5.332265 5.333221 5.326843 5.321557 5.318419 5.317966 5.329791 5.342411 5.339145 5.340209 5.353487 5.386336 5.42195 5.44242 5.466094 5.49719 5.555262 5.611148 5.65122 5.697477 5.756599 5.819477 5.884826 5.95835 6.020864 6.100659 6.203884 6.337542 6.49254 6.644218 6.777514 6.872528 6.926767 6.936913 6.835738 6.662965 6.480205 6.283689 6.096661 5.954025 5.817607 5.711793 5.662959 5.642024 5.622175
5.316708 5.330221 5.336877 5.352805 5.367888 5.378854 5.382654 5.381214 5.380188 5.375444 5.36705 5.355464 5.343708 5.339667 5.335783 5.330058 5.327367 5.322217 5.326875 5.340483 5.34632 5.339937 5.334804 5.338302 5.349261 5.358692 5.36052 5.363986 5.371008 5.392783 5.425181 5.447832 5.46681 5.502729 5.553108 5.597598 5.640405 5.705156 5.763839 5.819014 5.885227 5.958348 6.049425 6.152622 6.281886 6.420401 6.549532 6.651523 6.728411 6.776711 6.799603 6.781611 6.651749 6.464557 6.282791 6.126471 5.975296 5.852493 5.74805 5.642148 5.589874 5.570056 5.567114
5.319919 5.33068 5.34137 5.356797 5.371612 5.380092 5.382606 5.381649 5.379002 5.37661 5.37174 5.360884 5.349598 5.343293 5.338697 5.332227 5.323822 5.316202 5.322013 5.336221 5.354726 5.354505 5.349219 5.356511 5.367167 5.378211 5.377484 5.38196 5.387371 5.405971 5.436871 5.476055 5.509109 5.566724 5.617131 5.680305 5.744088 5.780327 5.832423 5.9074 5.949507 6.004788 6.092718 6.19299 6.311872 6.421875 6.511953 6.585197 6.64006 6.676943 6.684427 6.639765 6.500261 6.306865 6.126463 5.985149 5.892357 5.823109 5.737124 5.624262 5.543574 5.49905 5.482883
5.326952 5.34093 5.354012 5.364572 5.37658 5.386799 5.387691 5.384062 5.380154 5.378143 5.373205 5.365575 5.351969 5.343779 5.339969 5.338053 5.3335 5.328355 5.330512 5.332745 5.337294 5.334902 5.336 5.357525 5.377818 5.385082 5.388232 5.388849 5.393404 5.419186 5.477765 5.538932 5.589027 5.654494 5.733773 5.816382 5.882146 5.92731 5.966355 6.033925 6.087178 6.131126 6.182992 6.250134 6.331351 6.403954 6.47105 6.529759 6.565984 6.576769 6.545299 6.480146 6.354608 6.169697 5.990167 5.884348 5.833922 5.805002 5.724941 5.612533 5.50096 5.441218 5.422012
5.337788 5.352975 5.363462 5.374762 5.381058 5.385584 5.389251 5.384939 5.380522 5.376981 5.373144 5.368644 5.356378 5.346383 5.341957 5.339295 5.344382 5.341436 5.343512 5.340986 5.335023 5.326747 5.334675 5.357548 5.377683 5.385378 5.392411 5.399138 5.417737 5.474509 5.567282 5.65786 5.708123 5.785178 5.866088 5.951749 6.032355 6.081079 6.141015 6.205098 6.26039 6.297252 6.320321 6.342982 6.372045 6.403968 6.446122 6.469117 6.467771 6.438318 6.389378 6.336719 6.223453 6.044644 5.87389 5.802285 5.783887 5.776593 5.69685 5.578486 5.468298 5.396004 5.365617
