py_wake/examples/data/AJ_ParqueFicticio/Rough survey   Sector 5   Height 30m   Orographic turn.grd
DSAA
73  159
 258469   265669
 6501692   6517492
-42.02754   86.78766
[rows 54 to 80 of 159, columns 0 to 60 of 73]
.1124636 -.02004874 .2262655 .01958826 -.3245027 -.6974608 -.3681363 -.1085702 .1836364 .5081957 .7393737 .8897253 .9347813 .9390808 .9364101 1.085222 1.616855 1.299628 .4645314 -.1213401 -.3780349 .3723586 1.184463 1.012197 .6207793 .5317616 .8819576 1.146608 1.04931 -.4581043 -2.350773 -4.254199 -2.304643 -1.79204 -2.696751 -3.495948 -5.49552 -8.119255 -5.802663 -4.977311 -4.945275 -10.51578 -14.19133 -17.96617 -18.50346 -17.66915 -15.99477 -12.26324 -11.5188 -11.81122 -12.84115 -12.67742 -11.73571 -6.836755 -2.943476 -4.345108 -5.017642 -5.03057 -3.274939 -1.336032 .4810259
-.06954814 .174208 .1488908 -.198304 -.5684229 -.7909497 -.2528856 .08907624 .2841002 .4605607 .5985128 .6864775 .6228836 .512031 .8628832 1.112408 1.197883 1.081341 .4450954 -.3500583 -.6580406 .3638999 .6001819 .540238 .3897807 .4100415 .8402514 1.838418 2.653145 .8385697 -1.453396 -2.870265 -.5689562 -.2617232 -.7816466 -1.841866 -2.029495 -2.970926 -1.923589 -.01050988 -2.962676 -1.996785 -6.467114 -10.77618 -13.86975 -17.16508 -18.33307 -16.96878 -14.23849 -12.98501 -13.53311 -14.14119 -12.46624 -6.783206 -.7134736 -3.969532 -8.149425 -8.31012 -4.310668 .246319 6.210035
-.2731312 .2417809 -.2105542 -.4726084 -.8921974 -.3205176 .02332034 .3081713 .2842973 .4838672 .5674264 .799894 .8798915 .6800688 1.235159 1.198449 1.197438 1.094799 .8913041 .540582 1.514942 1.717017 .7810186 .4050179 .4473844 .3570596 .9326947 2.518185 3.285244 2.214543 -.8351873 -.08884375 1.778836 3.052802 .742832 -1.039096 -1.885892 -1.359816 1.503453 2.624067 -2.892351 -1.236402 -2.065497 -3.036206 -7.147673 -12.98082 -17.18112 -17.00979 -15.61495 -12.96236 -13.56612 -12.84157 -11.36468 -5.242913 2.000251 -3.714811 -10.26209 -10.70523 -7.460202 -1.210065 7.070618
-.3726786 .2000607 -.6427147 -.8265733 -1.124535 -.02579385 .392099 .4492526 .464035 .4572305 .5719332 .7308438 .9368438 1.500945 1.684305 1.415958 1.329455 1.168872 1.002913 .978658 1.229701 1.227304 .7250204 .6876088 .4936574 .3070638 .7948647 2.609853 2.627864 .896951 -2.954087 .2190722 3.292428 3.119127 .6844603 -.4856033 -3.564469 -1.588673 1.285588 1.539311 -2.567832 -3.775778 -3.085021 -3.685956 -7.290556 -11.8151 -15.32459 -14.9136 -15.12356 -13.93017 -14.22016 -12.49547 -10.64408 -3.057833 4.586146 -1.536908 -7.652314 -9.253197 -6.719489 -2.987771 3.094619
-.7287998 -.575658 -1.457145 -1.80919 -1.877363 -.2937463 .4840155 .4765441 .4163511 .352088 .4325041 .6269856 .667447 .9545494 1.073328 1.159722 1.159171 1.097558 1.15933 .9804788 .7989035 .8253711 .5624653 .9957215 .7081428 .604093 .9001642 .3827249 -.1578685 -3.700735 -5.443749 -2.698135 -.2929988 1.408136 -.6213446 -2.577878 -5.233871 -4.373523 -1.686199 -1.236702 -3.794181 -4.592743 -4.183923 -4.675806 -9.030644 -12.8771 -14.76917 -15.378 -15.32881 -15.11105 -15.01013 -12.96243 -10.20509 -3.874074 2.13518 -2.738989 -7.329089 -7.287925 -4.884523 -1.280762 4.005805
-.161966 -1.026353 -2.632284 -3.161735 -2.912365 -1.541293 .344009 .4615076 .2271549 .1932004 .203041 .1218337 .4587676 .7558543 .6629215 .7960399 .9111378 .9483772 1.189706 .809553 .7271464 .8439147 .8878164 1.12146 1.019641 1.056409 .663592 -1.09274 -3.596052 -8.67099 -10.8983 -8.677361 -6.617143 -5.352228 -6.203766 -7.830753 -8.643844 -6.984831 -4.396925 -3.863036 -5.38108 -4.529069 -3.716705 -5.305276 -8.919019 -11.72014 -14.01125 -15.3469 -19.35218 -21.27229 -16.3637 -12.83786 -10.44142 -6.070372 -1.223344 -3.745383 -7.982294 -8.096454 -5.233743 -.4794634 3.746618
1.015612 -.6271709 -2.407336 -2.352473 -2.091015 -1.83497 -.3751375 .2527387 -.0293615 -.121384 -.166566 -.1819373 -.06013206 .4433763 .3788069 .5095593 .873938 1.07432 .980774 .5018685 .1977655 .2346502 .5237772 .9295607 1.284542 1.882096 .991809 .1971616 -2.711814 -7.375803 -11.25294 -10.65669 -9.22078 -9.147495 -11.47731 -12.96777 -12.748 -11.49952 -8.509224 -7.188941 -7.757436 -6.124954 -3.733865 -5.743806 -8.15084 -9.811538 -10.36678 -12.45342 -17.37716 -22.25182 -19.02171 -13.36424 -10.07882 -7.648042 -3.771934 -3.364776 -7.329505 -8.108236 -5.489305 -.8137473 3.593108
.5640332 -1.207383 -1.850398 -1.0637 -.4530916 -.6042154 -.4643386 -.1276265 -.4858077 -.3787653 -.3571678 -.2980877 -.01526214 .09861911 .1054705 .3113894 .7293798 1.181012 .7186962 .4182725 -.06344153 .5131488 .5136014 .847038 1.462063 1.748377 1.505128 .6612836 -1.012886 -4.27555 -6.987642 -8.497528 -8.714153 -8.72968 -12.3108 -14.25447 -14.08736 -13.14658 -11.67469 -10.0558 -9.372432 -8.182988 -7.573213 -6.867141 -9.171743 -9.128938 -8.561675 -9.172508 -13.95836 -19.60501 -21.19415 -16.84507 -9.763196 -8.034448 -5.050569 -5.911903 -7.277298 -7.343696 -5.562919 -1.254837 2.643674
.1938422 -1.218557 -.5078893 -.03485488 .6161 1.003 .9971739 .05109581 -.3254524 -.4050269 -.3835503 -.2749434 .08252758 -.04579905 -.0435809 .11133 .3938583 1.025236 .2976182 .07939354 -.2645584 .1083559 .2497768 .8061199 1.710435 1.353354 1.681104 -.06264183 -1.111542 -2.775945 -4.077535 -3.715228 -4.27516 -6.633738 -9.965244 -13.62175 -14.32437 -13.99732 -13.12295 -11.19291 -9.637586 -8.588934 -7.623398 -8.283477 -9.022583 -9.526783 -9.221859 -8.225295 -9.391335 -12.55968 -16.58405 -18.27087 -12.06415 -7.934244 -5.990148 -5.48824 -7.606295 -6.746528 -5.030272 -.8722165 2.69161
-.3001041 -.7911727 -.01424671 .553969 1.049374 1.214379 .8730031 .0403978 -.3220176 -.3580717 -.1945993 .06352758 -.06580082 -.168584 -.2276451 -.148701 .1223849 .5259687 -.04021446 -.4858988 -.5138616 -.4123692 -.3827142 .1927274 .7082953 .2221718 .4616827 -.5509693 -1.9724 -3.210845 -4.638194 -3.088352 -3.245882 -5.18051 -8.81382 -13.02707 -13.85624 -13.81569 -13.12685 -12.32802 -11.40504 -10.37562 -8.299342 -8.158069 -10.30806 -9.574274 -9.491298 -9.39264 -9.178972 -8.576247 -11.19011 -15.5116 -19.25761 -11.68134 -6.75283 -6.109697 -10.30876 -7.471996 -5.119621 -1.49404 2.080553
-.6394374 -.5524747 .3004649 .7015176 .9076812 .9701976 .3723748 -.3674543 -.7106584 -.4025011 -.3365983 -.2840994 -.2072404 -.3379062 -.2871742 -.2146754 .3498358 .02080406 -.5426704 -.7022324 -.4881062 -1.056695 -1.174778 -.8621305 -.9191828 -1.198452 -1.022877 -2.26238 -4.25485 -4.775156 -4.590699 -3.380209 -3.147802 -4.518327 -8.0248 -9.813325 -12.26804 -12.49737 -12.21639 -12.38441 -12.57442 -11.23101 -12.24394 -13.37595 -11.88388 -11.1768 -9.374807 -9.747282 -9.668136 -7.491489 -8.913165 -13.25317 -20.64792 -18.60579 -8.719716 -5.879049 -9.235243 -10.42282 -9.12235 -5.60386 -3.149454
-.6687154 -.5837789 .3913893 .7434844 .825062 .6672035 .2250549 -.6557604 -1.099661 -.3505731 -.3354104 -.4013063 -.388566 -.4405166 -.2997033 -.218179 .164684 -.3835051 -.5366058 -.4020482 -.6558008 -1.603417 -1.92203 -1.096082 -1.69103 -2.252885 -3.424688 -5.786108 -7.601614 -7.757532 -7.4929 -4.337897 -3.854455 -5.866729 -8.491883 -9.5455 -10.83045 -11.90445 -11.78207 -12.35188 -11.96105 -10.55634 -12.46659 -14.50734 -14.40606 -10.6564 -9.175242 -9.730106 -9.533511 -6.471624 -5.899365 -9.216742 -14.38802 -18.73087 -13.24203 -5.768934 -4.493836 -6.712368 -7.749422 -8.545376 -9.137622
-.3827466 -.4682756 .4447559 .8058707 .6771493 .4984566 .1509584 -.08757698 .3817251 .4213111 -.1074128 -.1938493 -.2258711 -.2522159 -.1428989 .08324271 -.06016043 -.5078071 -.3731755 .1542068 -.4647918 -1.663851 -1.066008 -1.096562 -2.076981 -2.773799 -4.940524 -7.229223 -9.328326 -10.60495 -9.889269 -8.096443 -5.99686 -7.696923 -8.666352 -9.28135 -10.38972 -11.41046 -12.34981 -12.66501 -11.90883 -10.85362 -13.44116 -16.11539 -17.16021 -13.5358 -8.941932 -10.07395 -11.00098 -7.519427 -5.336885 -7.208508 -7.369698 -9.725353 -11.00943 -3.969672 -1.280695 -2.638266 -2.52707 -3.80191 -8.044008
-.344282 -.1497433 .5391829 .7638229 .7617214 .2517622 -.2201722 -.0399394 .1979844 .3069644 .03262709 -.1257166 -.131501 -.1175808 -.005941249 -.3742025 -.6213975 -.6404237 -.3206276 -.3354428 -.7461987 -1.406648 -.7875487 -1.081315 -1.81493 -2.844969 -6.046722 -7.731947 -9.400401 -10.90484 -10.71404 -9.629529 -8.337608 -9.277733 -9.035172 -9.004383 -9.26787 -9.711902 -10.88311 -11.81502 -12.90423 -15.17754 -16.66349 -18.68712 -19.60659 -13.40489 -9.600121 -10.1737 -8.588013 -4.444664 -6.804258 -6.995135 -4.619275 -2.743817 -2.993812 -.1400248 -.7746644 .470594 .3815712 -.5124009 -.7373741
-.492711 .1205467 .92864 .8616032 .55146 -.1794782 -.4525715 -.2531387 -.1731318 -.1064492 -.1507464 -.1781739 -.02213329 .2187105 -.0283678 -.7706531 -1.100198 -.9875622 -.4873022 -.691703 -1.047815 -1.0803 -.55177 -.850604 -1.118837 -3.469635 -5.051046 -7.162875 -9.406666 -11.57034 -12.01197 -11.20684 -9.736866 -10.08282 -10.38913 -9.469018 -9.063766 -8.289601 -7.903682 -9.847136 -9.757403 -12.848 -17.19247 -19.28919 -19.58751 -17.18286 -17.048 -13.5363 -11.6469 -7.454057 -7.884585 -8.419987 -6.256607 -1.623441 1.950635 5.654406 4.170076 .1678486 -1.81639 -2.103856 -1.084687
-.8332241 -.2038262 1.171201 1.125241 .3116954 -.6588493 -.4288512 -.427122 -.4834917 -.5899902 -.6681117 -.5053993 -.04816604 .392803 -.6498252 -1.485191 -1.788898 -1.012506 -.6165164 -.5917876 -.6897547 -.2461656 -.4835384 -.820222 -1.997906 -3.882869 -4.467119 -6.172475 -8.259732 -11.38001 -13.19023 -13.3532 -12.12464 -11.32754 -11.76155 -10.24385 -9.138153 -8.068755 -6.410307 -7.254455 -7.804585 -8.176588 -10.66561 -13.84001 -14.23326 -15.61124 -18.0698 -18.28557 -15.86158 -14.55488 -14.75278 -11.41228 -7.624789 -4.12881 -.3882493 5.561224 4.165837 -1.461458 -3.954417 -4.384878 -3.415728
-1.525394 -1.022355 .8408369 .8286816 -.2643148 -.942605 -.3155116 -.3637503 -.6999988 -.9144734 -1.153671 -1.137826 -.4369684 -.1040558 -.7580054 -1.622696 -.6286721 -.4324749 -.4986013 -.5328501 -.2099778 1.127853 -.4834912 -.8584802 -2.806916 -3.359353 -4.373525 -5.111001 -7.327283 -10.59458 -11.58753 -13.41812 -13.95847 -13.6226 -13.01487 -11.09069 -9.469289 -7.629737 -5.791735 -5.080634 -6.323193 -7.760521 -8.436809 -8.010331 -9.716267 -11.60582 -14.31948 -15.34693 -14.86008 -17.22319 -21.83133 -18.29753 -14.24406 -12.73354 -5.468304 2.57261 5.617069 -.2525153 -3.558092 -3.616987 -2.963746
-1.842942 -1.526772 -.7198328 -.05806078 -1.120342 -1.102916 -.07187441 -.2631046 -.7400731 -1.205218 -1.319564 -.547996 .08242265 -.3717502 -.7222108 -1.518432 -.530021 -.6084558 -.7593096 -.5046359 .1276648 .6404054 -.7686204 -1.226539 -2.916639 -2.875983 -4.011131 -4.607756 -6.760727 -8.613576 -10.11512 -11.28258 -11.84852 -13.99762 -12.97953 -11.40559 -9.691643 -7.465582 -6.564397 -6.555326 -7.318869 -7.28222 -7.37828 -6.147648 -6.544681 -7.212401 -8.397241 -10.32234 -10.94775 -13.01492 -16.05291 -17.60912 -17.22848 -17.73445 -15.36309 -4.131551 2.12726 .1898079 -1.970241 -1.606349 -1.790867
-1.197389 -.02945313 .6761266 -.6006311 -1.520477 -1.358847 .2222893 -.1142472 -.8103669 -1.270741 -.537589 -.3592635 -.6389209 -1.008509 -1.522816 -1.764673 -.9142891 -1.042519 -1.166323 -.9323073 -.1585742 -.3709663 -1.506782 -2.444658 -2.868757 -3.035452 -3.397878 -4.136044 -5.827678 -9.110313 -10.74498 -11.20917 -12.43945 -13.24852 -12.87422 -12.29404 -9.77922 -8.113244 -7.302175 -7.526526 -7.49556 -6.745278 -5.138835 -6.103043 -6.274029 -5.684964 -5.70096 -5.631439 -6.734347 -6.680115 -5.614221 -4.404343 -5.987082 -10.08446 -15.18682 -7.411925 -2.718598 -1.369117 -1.334515 -1.026418 -.4310852
.249862 .6602155 .2458446 -.8615449 -1.64068 -1.54054 .3754541 -.4299787 -1.72386 -1.397813 -1.029928 -.9364237 -1.458048 -2.024606 -2.511545 -2.267046 -1.323556 -1.57937 -1.658046 -1.578771 -1.024675 -1.657453 -3.049223 -4.062406 -4.264438 -4.075313 -3.392255 -3.425799 -5.565731 -8.512338 -10.17506 -10.02391 -11.69797 -11.73577 -11.67955 -11.76547 -10.92346 -9.859205 -8.686568 -7.59646 -7.06765 -5.619687 -3.420112 -4.884369 -4.8462 -5.959443 -4.606568 -4.689124 -5.517554 -4.067459 -3.357096 -1.661974 -2.446878 -4.103968 -4.487352 -1.771957 -2.788174 -5.792749 -2.951449 -2.229842 -1.442676
.3416468 .4185218 .01146189 -.7925502 -1.956895 -1.796241 .6872528 -1.175166 -2.73216 -1.732649 -1.560273 -1.451896 -1.725993 -2.656175 -3.1968 -2.751818 -1.82803 -2.140378 -2.15816 -2.153482 -1.689827 -3.075069 -4.05705 -5.207338 -5.548693 -5.273546 -4.248704 -4.004639 -5.952398 -9.52191 -9.487096 -9.125271 -8.870217 -10.14348 -10.7617 -10.62293 -11.18627 -11.02797 -10.71533 -10.18482 -8.699264 -4.590444 -3.375066 -4.295123 -2.996088 -5.008759 -4.40567 -5.43431 -6.936541 -7.556258 -7.300702 -5.063756 -3.491054 -4.006441 -3.038384 2.189578 -.736986 -8.238353 -8.753387 -5.930378 -4.188335
-.06384037 -.008631332 -.03445865 -.3278959 -.7277659 -.05658701 .1096031 -1.75436 -2.985103 -2.053418 -1.793688 -1.772545 -1.874227 -2.408406 -1.923109 -1.919691 -2.143785 -2.488804 -2.244431 -2.058917 -2.125535 -3.826129 -5.035102 -6.433119 -6.475374 -6.586767 -5.967441 -7.22856 -8.769537 -11.78314 -11.82949 -11.82204 -11.33419 -9.634714 -10.0304 -9.68869 -9.710309 -10.84002 -10.77758 -10.84991 -11.12683 -8.701245 -7.504415 -6.461926 -6.439536 -5.560061 -8.540092 -6.364069 -10.77319 -11.54086 -10.46752 -12.0677 -14.05561 -12.92234 -6.716573 -3.506847 -4.961147 -12.16797 -13.49022 -11.59906 -9.981456
-.4663158 -.3702298 -.3586411 -.3229623 .0373234 .3310854 -.2896568 -1.631638 -2.583484 -2.389298 -2.147789 -2.083699 -2.236656 -2.237671 -1.393943 -1.082153 -1.960886 -2.375165 -2.050231 -1.730379 -2.756585 -4.2209 -5.458981 -7.06805 -7.236166 -7.45638 -7.406931 -9.959015 -12.34566 -14.77439 -14.58992 -13.97235 -12.85447 -10.99029 -10.24973 -9.622298 -9.413337 -11.02456 -10.20367 -9.69593 -10.10931 -9.035773 -8.537573 -9.074297 -8.854934 -10.14626 -11.89128 -13.0565 -13.80017 -12.10576 -10.77785 -11.02108 -12.32354 -14.12724 -11.37683 -10.07727 -13.75117 -16.53425 -21.62741 -23.41357 -16.88215
-.833784 -.7505193 -.7248518 -.6115528 -.2764204 -.9393553 -1.437897 -2.229813 -2.525395 -2.730852 -2.576512 -2.454131 -2.563388 -2.513568 -2.090171 -2.312578 -2.514066 -2.63675 -2.030232 -2.469155 -3.045395 -3.237974 -5.127166 -6.365482 -6.642787 -7.039104 -7.891024 -10.26004 -14.06919 -17.51525 -17.12464 -15.31308 -13.64319 -11.97752 -10.58975 -11.01443 -12.53252 -11.86733 -10.23001 -12.39165 -11.12578 -7.25986 -7.054302 -7.692146 -5.861486 -5.875762 -6.58446 -7.13227 -9.666002 -11.5003 -8.986826 -8.664114 -8.354805 -8.464115 -7.812672 -9.743899 -10.88569 -14.7689 -13.80786 -17.36846 -17.9905
-1.096547 -1.071216 -1.037447 -1.063003 -.7768566 -1.592945 -2.207908 -2.896874 -2.962643 -3.121083 -2.942432 -2.696453 -2.519417 -2.570037 -2.703573 -3.032185 -3.314134 -3.319323 -2.631051 -3.512707 -3.897233 -4.001542 -5.790714 -5.589432 -5.616875 -5.60225 -7.129691 -9.693547 -14.27206 -17.35852 -17.87955 -15.71706 -13.60331 -11.61465 -9.895161 -8.926044 -9.587276 -10.22279 -7.445562 -10.12204 -8.869825 -7.085832 -7.656983 -8.171753 -7.166188 -5.927318 -3.271257 -1.361966 -2.565899 -2.242889 -6.734913 -6.667205 -5.693769 -4.380106 -3.36641 -3.476963 -2.429282 -1.377885 -1.728424 -2.323493 -1.142193
-1.205102 -1.424585 -1.336643 -.9810223 -.9749675 -2.074734 -2.737451 -3.316605 -3.293615 -3.420511 -3.403039 -3.132591 -2.76653 -2.86655 -3.122401 -3.257987 -3.28881 -2.795865 -2.894557 -4.430994 -4.646414 -5.682483 -6.5309 -5.828557 -5.18359 -4.835056 -5.536551 -8.400886 -13.39736 -17.64327 -17.46589 -15.1983 -13.47082 -11.19859 -10.452 -9.795004 -9.321521 -7.997792 -5.582787 -5.787734 -5.231281 -6.830415 -8.154261 -8.630163 -7.698546 -6.618978 -4.893079 -3.070465 .3695034 1.736537 .8184521 -.9388956 -1.869133 -2.437767 -2.18117 -2.128601 .9734124 2.020592 3.125254 5.415814 7.699091
-1.170362 -1.470567 -1.590032 -.6351239 -1.593103 -2.326553 -3.396498 -3.22569 -3.640056 -3.908043 -4.076847 -3.777756 -3.298188 -3.596358 -3.542634 -3.260323 -2.220728 -1.903151 -3.01249 -4.297909 -4.327437 -6.292383 -6.669935 -6.521813 -5.46609 -5.675834 -6.137284 -8.791879 -12.70166 -15.46508 -15.70796 -14.30257 -12.17744 -11.28431 -11.43861 -11.66821 -11.34392 -7.633356 -5.879337 -5.134017 -4.189754 -4.28962 -6.258585 -6.342437 -5.944665 -4.688852 -3.515678 -1.714561 .5348318 2.584683 3.347115 2.898447 1.15462 .1458981 -1.355407 -1.621091 -.4345619 .2142048 3.685278 6.874121 8.336946
