py_wake/examples/data/AJ_ParqueFicticio/Rough survey   Sector 12   Height 200m   Orographic speed.grd
DSAA
73  159
 258469   265669
 6501692   6517492
 .732862   1.315491
[rows 112 to 139 of 159, columns 0 to 62 of 73]
1.240462 1.233211 1.219296 1.205827 1.19371 1.182904 1.17262 1.164847 1.159936 1.153103 1.144841 1.13926 1.127285 1.110947 1.091729 1.06682 1.042096 1.021748 1.000752 .9875999 .9967966 1.025323 1.057008 1.095805 1.138847 1.175928 1.201889 1.224688 1.248344 1.267974 1.283061 1.286921 1.275094 1.251738 1.219154 1.185376 1.159378 1.149282 1.152998 1.158417 1.157239 1.141595 1.112661 1.077893 1.046546 1.020243 1.001194 .9893104 .9881612 1.005213 1.031409 1.054981 1.067133 1.068544 1.066688 1.060304 1.053067 1.042192 1.025143 1.001259 .9737464 .9501509 .9364721
1.276278 1.265831 1.252754 1.239124 1.228032 1.217242 1.207896 1.198545 1.189438 1.180916 1.173216 1.166389 1.154736 1.138254 1.118808 1.097475 1.076716 1.055327 1.027292 .9989924 .9855784 .9929473 1.018717 1.05886 1.105391 1.147018 1.174739 1.194353 1.217182 1.241334 1.262722 1.286261 1.302144 1.29817 1.277682 1.246933 1.214349 1.192052 1.186209 1.188783 1.191386 1.181143 1.152641 1.114914 1.077189 1.042802 1.014351 .9932456 .9792902 .9803761 .9984812 1.021765 1.038475 1.049498 1.051971 1.051555 1.048381 1.041678 1.03152 1.011452 .982536 .9520655 .9280896
1.307361 1.294804 1.281892 1.269872 1.257407 1.248616 1.24005 1.230866 1.220934 1.210493 1.202981 1.197144 1.183882 1.166991 1.148119 1.131134 1.116564 1.097905 1.067756 1.033654 1.004894 .988975 .9921967 1.020227 1.065197 1.110382 1.144031 1.165934 1.18645 1.209303 1.232646 1.261359 1.29071 1.307622 1.310861 1.297162 1.269647 1.242584 1.228448 1.226712 1.232457 1.226919 1.202412 1.165965 1.123928 1.083398 1.046566 1.016073 .9942465 .9812487 .9856058 1.001105 1.01704 1.032298 1.039058 1.040889 1.040938 1.037752 1.032931 1.021009 1.000029 .969515 .9379882
1.315491 1.308621 1.299068 1.288326 1.27789 1.268292 1.260601 1.252811 1.244386 1.235645 1.23028 1.225239 1.214792 1.200875 1.18505 1.171962 1.161279 1.148032 1.122498 1.091546 1.058179 1.024326 .9982887 .9964096 1.025749 1.06746 1.106157 1.132844 1.154713 1.172901 1.195987 1.224114 1.254336 1.28027 1.299972 1.30861 1.299999 1.280398 1.263704 1.261564 1.267917 1.268926 1.253562 1.223483 1.182744 1.138055 1.092725 1.054051 1.024816 1.005497 .9977385 .9997335 1.008878 1.019846 1.028163 1.032381 1.031675 1.031731 1.028436 1.022646 1.008968 .9846183 .955283
1.291334 1.292351 1.289316 1.28494 1.277 1.270937 1.264439 1.258255 1.253568 1.250465 1.249505 1.247601 1.244627 1.235971 1.224603 1.212396 1.203833 1.195029 1.178829 1.154648 1.123489 1.084086 1.041263 1.007908 1.003955 1.034039 1.070048 1.099304 1.120652 1.141309 1.164001 1.186833 1.214357 1.242535 1.268582 1.287781 1.293778 1.286768 1.2739 1.266866 1.272475 1.280811 1.278441 1.259537 1.227623 1.18567 1.140712 1.09696 1.060991 1.035232 1.020246 1.013523 1.013304 1.016474 1.021072 1.023647 1.023717 1.022124 1.02034 1.016562 1.008487 .9907592 .9675639
1.237611 1.245696 1.251431 1.252921 1.252714 1.252384 1.249698 1.247705 1.246455 1.248113 1.250906 1.254612 1.258332 1.257528 1.252373 1.241342 1.228946 1.218442 1.205584 1.18716 1.163983 1.134195 1.094895 1.050961 1.018881 1.01743 1.043787 1.072925 1.096865 1.119138 1.138111 1.157094 1.184366 1.211537 1.235804 1.254635 1.263076 1.255413 1.239305 1.230064 1.235752 1.248162 1.256011 1.248755 1.229809 1.202104 1.165749 1.125938 1.089517 1.060811 1.041315 1.030928 1.024587 1.021738 1.020012 1.01885 1.017558 1.012986 1.007932 1.004255 .999788 .9874318 .9674347
1.169166 1.182613 1.193863 1.20307 1.211063 1.217856 1.222243 1.223806 1.226938 1.228073 1.228737 1.234838 1.243489 1.247729 1.250559 1.244978 1.22797 1.20894 1.193936 1.178089 1.160532 1.143025 1.123084 1.091627 1.053753 1.027209 1.02837 1.049061 1.078081 1.100412 1.116432 1.13082 1.155275 1.176977 1.194509 1.210427 1.219216 1.21038 1.187447 1.170025 1.170393 1.18512 1.200289 1.202679 1.192937 1.177702 1.156406 1.127856 1.099636 1.07295 1.055115 1.043006 1.035946 1.031488 1.026642 1.022802 1.017823 1.011897 1.002085 .9910846 .9826112 .972847 .9554902
1.110317 1.124841 1.139952 1.155011 1.168485 1.180367 1.189992 1.20015 1.207962 1.206891 1.201122 1.201127 1.203612 1.209448 1.217093 1.221745 1.211115 1.190991 1.168002 1.14669 1.128469 1.114578 1.108849 1.102218 1.080456 1.053922 1.035806 1.036509 1.056888 1.078902 1.092803 1.106101 1.12329 1.138353 1.151992 1.166219 1.177044 1.174373 1.149809 1.1224 1.109563 1.119283 1.138954 1.15189 1.147885 1.138009 1.126362 1.11025 1.090361 1.070074 1.054323 1.045059 1.040482 1.036739 1.033312 1.029434 1.02273 1.015272 1.004267 .9899777 .9734531 .9605098 .9466981
1.086835 1.095485 1.107535 1.121061 1.134557 1.148203 1.16105 1.175997 1.190824 1.196289 1.189509 1.17653 1.165855 1.162985 1.170607 1.18302 1.186483 1.174922 1.152255 1.126469 1.101262 1.082461 1.074535 1.080539 1.081166 1.067392 1.046838 1.03196 1.034601 1.050258 1.064931 1.079144 1.095607 1.105614 1.118357 1.132472 1.145179 1.15099 1.135089 1.108631 1.082682 1.074608 1.088515 1.10877 1.114729 1.109126 1.100883 1.088901 1.074577 1.060167 1.045983 1.037214 1.035028 1.033968 1.031701 1.027562 1.02167 1.012238 1.003084 .9909943 .9754618 .9610101 .9495306
1.097242 1.09527 1.097391 1.103536 1.112457 1.123872 1.136136 1.150821 1.167837 1.188019 1.19471 1.179283 1.155755 1.137147 1.133608 1.141474 1.151974 1.153855 1.144305 1.122712 1.095105 1.067622 1.04902 1.048121 1.054572 1.05473 1.043993 1.026882 1.015964 1.021971 1.036341 1.054633 1.070812 1.082814 1.097881 1.11123 1.12539 1.134891 1.130733 1.112629 1.084557 1.061494 1.059013 1.074527 1.08727 1.09144 1.088247 1.080472 1.068667 1.055375 1.041603 1.031185 1.025274 1.024279 1.022175 1.020143 1.013477 1.005849 .9981555 .9909205 .9824246 .9715087 .9655814
1.122244 1.111191 1.102963 1.100254 1.101915 1.106064 1.115661 1.126346 1.142963 1.171298 1.197966 1.199099 1.17888 1.153577 1.130402 1.120061 1.122709 1.126858 1.126039 1.116519 1.094745 1.066157 1.040099 1.026611 1.025704 1.028525 1.027874 1.020648 1.006466 1.001621 1.013264 1.03378 1.053325 1.07332 1.088615 1.102971 1.116071 1.120192 1.121655 1.113016 1.093557 1.067485 1.050534 1.050583 1.060234 1.070648 1.074702 1.074799 1.067803 1.056316 1.044993 1.031392 1.021867 1.014736 1.010727 1.006288 1.001145 .9969357 .9937076 .9927487 .9915766 .9890257 .9879021
1.147167 1.13521 1.121107 1.109726 1.101536 1.097909 1.096795 1.098283 1.111097 1.139428 1.179413 1.203479 1.206304 1.190302 1.165962 1.143828 1.132112 1.124803 1.11914 1.110458 1.096063 1.072578 1.04669 1.027497 1.018148 1.013709 1.008512 1.00407 .9960132 .9896083 .9969174 1.018908 1.043313 1.067166 1.085282 1.100048 1.10825 1.108771 1.106759 1.10018 1.090554 1.074573 1.055024 1.04323 1.042123 1.046682 1.054062 1.05807 1.060754 1.05742 1.050014 1.038545 1.027307 1.014918 1.004297 .995248 .9868369 .9846926 .9856472 .9915898 .9996631 1.003094 1.002967
1.161789 1.156119 1.142424 1.127095 1.112878 1.099971 1.082918 1.07354 1.073126 1.093037 1.135698 1.175388 1.202059 1.209394 1.202586 1.189106 1.176851 1.165489 1.153546 1.140094 1.125903 1.105618 1.080845 1.055143 1.03755 1.02368 1.010012 .9974426 .9834652 .9757323 .9812973 1.00536 1.033349 1.057996 1.078972 1.0945 1.101245 1.100531 1.094279 1.08396 1.076486 1.070174 1.06093 1.048307 1.039462 1.036009 1.033108 1.034954 1.038451 1.046533 1.047074 1.040371 1.031252 1.018536 1.006662 .9935619 .9802855 .9742804 .9732599 .9824453 .9958164 1.005141 1.008026
1.155396 1.160744 1.156446 1.142898 1.126883 1.108245 1.08534 1.06193 1.044038 1.048335 1.081187 1.123643 1.163751 1.190688 1.201894 1.205024 1.207176 1.209067 1.204401 1.193015 1.178229 1.159525 1.133238 1.103527 1.075053 1.053703 1.038388 1.019494 .9972069 .9770423 .9720541 .9883966 1.01368 1.040833 1.064843 1.083966 1.093019 1.094561 1.087384 1.076366 1.065699 1.058128 1.053267 1.048654 1.042334 1.034534 1.027551 1.019368 1.014114 1.02 1.026819 1.029727 1.025346 1.016174 1.005097 .9914591 .9787408 .9696605 .9640757 .966375 .9804088 .9960632 1.004159
1.137111 1.150179 1.154712 1.150601 1.139837 1.125201 1.102031 1.070956 1.039266 1.020441 1.032161 1.065952 1.109611 1.144921 1.166463 1.176443 1.186417 1.203012 1.217003 1.220464 1.211711 1.196536 1.1748 1.146767 1.115738 1.090376 1.071334 1.05099 1.022998 .9916506 .9719113 .9731116 .9912911 1.016786 1.045206 1.069034 1.084239 1.089631 1.082139 1.06992 1.059429 1.049833 1.041689 1.037292 1.032809 1.029084 1.023784 1.01522 1.004138 .9952374 1.001492 1.00893 1.01403 1.012535 1.003029 .9935358 .9829739 .9719693 .9605021 .9534447 .9617744 .9780143 .9908687
1.109532 1.12912 1.144011 1.151751 1.147976 1.139915 1.123212 1.094375 1.056748 1.020647 1.004623 1.019434 1.055367 1.092946 1.121055 1.1358 1.141078 1.158285 1.181103 1.196839 1.200734 1.196178 1.184346 1.167208 1.141316 1.113247 1.087755 1.063061 1.035211 1.000091 .9710724 .9608387 .9743112 .9973992 1.025031 1.049716 1.069527 1.080902 1.077081 1.062901 1.05014 1.040581 1.03416 1.026882 1.021598 1.017002 1.015284 1.013612 1.006444 .9938751 .9907582 .9986032 1.010518 1.01865 1.016673 1.009696 .9989653 .9847117 .9666498 .9479163 .9447879 .956253 .9685243
1.069392 1.097567 1.122352 1.139734 1.146047 1.146178 1.136031 1.111694 1.076021 1.036115 1.003617 .9935739 1.012484 1.047437 1.08228 1.1021 1.101087 1.106082 1.124225 1.145587 1.160673 1.16873 1.16695 1.160353 1.14462 1.117674 1.086049 1.05453 1.025185 .992441 .9598306 .9451118 .9538029 .9740078 .9997252 1.023968 1.047282 1.063486 1.066414 1.055588 1.040584 1.028232 1.021639 1.016917 1.01321 1.007783 1.004972 1.006278 1.010299 1.005764 1.000974 1.004619 1.020269 1.035861 1.042802 1.039464 1.029807 1.012746 .9840454 .9514974 .9346981 .9362631 .9452558
1.029 1.05944 1.092062 1.117962 1.136788 1.144803 1.139962 1.119563 1.087067 1.048615 1.012114 .9874759 .9849721 1.011166 1.050134 1.078772 1.080929 1.07204 1.075769 1.091154 1.111328 1.129381 1.136934 1.13887 1.138519 1.123372 1.091528 1.05376 1.015842 .9803969 .9462301 .9249253 .9245576 .9408523 .965852 .9935463 1.019461 1.042389 1.053612 1.048489 1.037075 1.02385 1.014036 1.006248 1.002027 .9999095 .9974827 .9971116 1.00268 1.007179 1.008741 1.014069 1.029036 1.049097 1.063999 1.06576 1.059838 1.04479 1.013929 .9740829 .9407097 .9280936 .9336097
1.008406 1.032629 1.063132 1.091278 1.117222 1.139077 1.147011 1.132592 1.102945 1.066172 1.028417 .995729 .9786204 .9884058 1.022133 1.057647 1.072043 1.062888 1.050898 1.054298 1.069714 1.089481 1.103263 1.11443 1.126121 1.126492 1.109263 1.075382 1.035176 .992541 .9534717 .9201688 .9062763 .9118713 .9339294 .9633557 .993341 1.02346 1.044857 1.050102 1.042753 1.029965 1.018688 1.00724 .9963802 .9906144 .9892958 .9889948 .9910474 .9979771 1.004552 1.013149 1.029386 1.050835 1.069593 1.078339 1.078238 1.070498 1.047689 1.011873 .9720305 .9427937 .9303354
1.005138 1.02066 1.043912 1.071438 1.097867 1.126151 1.15191 1.153539 1.132947 1.100783 1.061539 1.023016 .9944292 .9822462 1.000996 1.037611 1.065418 1.066384 1.052446 1.041373 1.043667 1.057719 1.071845 1.085084 1.105191 1.119299 1.123084 1.10565 1.072553 1.034264 .9932667 .9544353 .9237283 .909084 .9169636 .9413199 .9724683 1.007089 1.037078 1.052501 1.05407 1.046054 1.037502 1.026767 1.013672 .9984981 .9876913 .9820257 .9801579 .9835607 .9911807 1.00279 1.0206 1.043699 1.065094 1.07955 1.086603 1.089065 1.080731 1.053098 1.010243 .9694198 .942161
1.006358 1.010308 1.029735 1.05647 1.080231 1.108597 1.140722 1.15742 1.154367 1.128179 1.093307 1.05442 1.017982 .9925212 .9905402 1.017747 1.051125 1.067189 1.060655 1.045106 1.0353 1.038908 1.047552 1.059774 1.079043 1.101203 1.117148 1.118832 1.094845 1.068842 1.038999 1.006844 .9758407 .9486595 .9322315 .9361258 .9595668 .9898561 1.019438 1.044366 1.05579 1.057139 1.052016 1.045525 1.03448 1.019136 1.001485 .984168 .9725398 .9684491 .9732162 .9825779 1.002646 1.028552 1.052565 1.072291 1.086039 1.095455 1.098145 1.082958 1.04802 1.006395 .9711165
1.013369 1.005602 1.015861 1.039556 1.062171 1.090318 1.122176 1.14752 1.158228 1.143874 1.113756 1.075411 1.037103 1.00525 .9877553 .9984888 1.027294 1.049368 1.05726 1.049465 1.036634 1.031179 1.03234 1.04002 1.056465 1.075454 1.091727 1.096989 1.089109 1.073939 1.055539 1.040134 1.021996 .9961989 .9709749 .955893 .9564719 .9720239 .99655 1.023277 1.039798 1.045653 1.047131 1.047165 1.042576 1.030009 1.014298 .9945124 .9733705 .9584309 .9542664 .9570568 .9696147 .996705 1.027355 1.052326 1.073274 1.091841 1.104354 1.103621 1.080058 1.045018 1.007912
1.031676 1.012263 1.010127 1.025746 1.047553 1.075085 1.106318 1.135946 1.157731 1.159551 1.140489 1.103769 1.060956 1.022193 .9929847 .9854392 1.001304 1.023245 1.039603 1.043017 1.035966 1.027588 1.023179 1.026347 1.037316 1.049399 1.06255 1.068251 1.066599 1.058758 1.045331 1.037188 1.031816 1.021247 1.000898 .9798856 .9660252 .9663895 .979631 1.001455 1.020587 1.027496 1.030049 1.032188 1.031442 1.024114 1.01487 .9985474 .9767142 .9527262 .9395698 .9350093 .937753 .9565795 .9901283 1.020894 1.047585 1.073321 1.095338 1.108542 1.103686 1.079791 1.047962
1.059837 1.033618 1.018345 1.023173 1.042666 1.065519 1.087805 1.112016 1.13782 1.153695 1.153922 1.133089 1.096489 1.053882 1.015005 .9893936 .9885179 1.001813 1.017834 1.028366 1.029499 1.025021 1.019941 1.021052 1.028839 1.037132 1.043479 1.042716 1.043263 1.040988 1.032495 1.022695 1.017902 1.016663 1.009053 .9925187 .9781799 .9696013 .9721538 .9870711 1.003657 1.013785 1.014948 1.015277 1.015741 1.012254 1.00573 .993139 .9745889 .9498553 .9311703 .9209554 .9162064 .9233868 .9487467 .9799383 1.010985 1.041423 1.071331 1.095049 1.106951 1.099915 1.07763
1.086023 1.060611 1.037039 1.028731 1.041188 1.057509 1.067791 1.081147 1.101006 1.119944 1.13335 1.135306 1.118459 1.089211 1.053404 1.019241 .9977592 .9934199 1.002107 1.010326 1.015592 1.018729 1.017518 1.021849 1.031142 1.039259 1.039659 1.028013 1.023003 1.021654 1.021 1.01516 1.006446 1.003565 1.001982 .9937436 .9832338 .9754422 .9724087 .9804565 .9961269 1.007276 1.009245 1.007431 1.005973 1.003293 .9984394 .9907484 .9755062 .9555294 .9350917 .9176831 .9060715 .9025328 .9132924 .9362738 .9663612 .9983523 1.033203 1.066014 1.091308 1.099855 1.091922
1.095863 1.076221 1.052892 1.035501 1.03933 1.048783 1.053435 1.060956 1.070768 1.080764 1.093306 1.105657 1.10946 1.098186 1.078864 1.051228 1.02397 1.005466 .9977952 .9976363 1.000394 1.005478 1.008358 1.018717 1.032446 1.043843 1.043043 1.025857 1.011333 1.003386 1.004551 1.00613 1.00224 .9958471 .9922578 .9892462 .9838633 .977299 .9719262 .9769573 .9924791 1.004595 1.010297 1.011253 1.008916 1.004941 1.001155 1.000551 .9906676 .9732744 .9496267 .9253129 .9044629 .8918959 .8898296 .8977974 .9176235 .9452524 .9806069 1.020008 1.057114 1.082019 1.090281
1.086437 1.076087 1.058498 1.040601 1.037031 1.042388 1.04752 1.053694 1.058147 1.059092 1.059896 1.068181 1.078285 1.080006 1.075259 1.067147 1.048813 1.028865 1.012107 .9977317 .9900039 .9921329 .9945294 1.007001 1.026899 1.042693 1.044652 1.029204 1.010138 .9945055 .9907547 .9948716 .9993789 .9975247 .9930403 .9869924 .9819409 .9751778 .9689831 .9692677 .9829216 .9967631 1.004881 1.009581 1.012747 1.010743 1.006448 1.004528 .9974827 .9832664 .964433 .9429162 .9173442 .8961429 .883915 .8791405 .8825435 .8967956 .9232389 .9616222 1.006196 1.044485 1.070546
1.06986 1.064471 1.055865 1.042215 1.037932 1.041024 1.047658 1.052134 1.058167 1.060958 1.053784 1.047276 1.050774 1.055099 1.056685 1.059509 1.055958 1.046811 1.036852 1.016865 .9963054 .9854892 .9849995 .9973669 1.016193 1.036462 1.044617 1.034356 1.014707 .9968207 .9870341 .9860283 .9926478 .9974951 .9951172 .9908627 .9842672 .9765893 .9686924 .9644293 .9716212 .9824421 .9932859 1.000777 1.005568 1.005367 1.000088 .9966875 .9925793 .9829938 .9731375 .9638008 .9460288 .9218788 .900189 .8834345 .8741924 .8710818 .8794648 .9069875 .9490647 .9955841 1.032783
