py_wake/examples/data/AJ_ParqueFicticio/Rough survey   Sector 4   Height 200m   Orographic turn.grd
DSAA
73  159
 258469   265669
 6501692   6517492
-10.12591   11.86711
[rows 81 to 107 of 159, columns 0 to 60 of 73]
2.33636 2.356209 2.33572 2.234123 2.113626 1.957389 1.873989 1.795727 1.703764 1.639647 1.521146 1.394396 1.364201 1.17658 1.021048 .9761314 .9551257 .8006694 .6048735 .3827382 .2130278 -.001805025 -.2052721 -.4073897 -.6681092 -1.148948 -1.718615 -2.312255 -2.784796 -2.996127 -2.994327 -2.953416 -2.947923 -2.808618 -2.644178 -2.456133 -2.116441 -1.66871 -1.333121 -1.276213 -1.527953 -1.877041 -2.185571 -2.34144 -2.249822 -2.08113 -1.839982 -1.56131 -1.322376 -1.095579 -.995737 -1.001065 -1.03148 -1.063276 -1.021416 -.8870178 -.7153896 -.4567473 -.05965138 .4090565 .9874437
2.447611 2.47354 2.429788 2.373147 2.270343 2.162753 2.061188 1.998113 1.915954 1.793521 1.687456 1.569016 1.355345 1.204425 1.029224 .9263677 .9034292 .6949669 .5172238 .4125291 .1893337 .01112342 -.2235096 -.4084512 -.8169169 -1.403394 -2.155516 -2.788504 -3.111039 -3.102649 -2.936691 -2.777918 -2.77084 -2.697689 -2.522224 -2.243599 -1.863292 -1.498886 -1.280971 -1.416942 -1.884049 -2.321427 -2.599034 -2.702275 -2.586898 -2.412711 -2.20087 -1.978804 -1.70216 -1.43508 -1.19279 -1.08977 -1.035986 -1.006321 -.9194709 -.7212422 -.4617801 -.1814722 .2203879 .7121574 1.297173
2.592787 2.603312 2.579973 2.514264 2.455299 2.374002 2.269378 2.203726 2.083566 1.942758 1.825197 1.60302 1.451902 1.29786 1.113725 .94552 .7606323 .5620345 .4177442 .2909638 .09269065 -.07390028 -.2451185 -.5058387 -.953454 -1.681562 -2.530291 -3.161637 -3.433606 -3.2999 -3.004778 -2.775334 -2.68621 -2.575855 -2.306926 -2.009592 -1.575299 -1.274146 -1.314838 -1.792868 -2.297352 -2.612311 -2.893437 -2.989684 -2.863245 -2.697592 -2.578531 -2.37889 -2.225601 -1.846929 -1.432145 -1.123248 -.9890831 -.8904579 -.7251028 -.535789 -.2523985 .0205251 .3828951 .876518 1.50684
2.74468 2.752722 2.754096 2.702093 2.635591 2.543441 2.445863 2.340016 2.243875 2.104503 1.934207 1.716727 1.554251 1.423242 1.226711 .9738284 .7071586 .4693975 .2886367 .07131781 -.07182067 -.2453416 -.4472572 -.7470094 -1.210072 -1.956391 -2.803219 -3.434967 -3.686171 -3.563534 -3.296132 -2.97886 -2.730734 -2.559944 -2.213153 -1.815572 -1.423814 -1.207374 -1.472277 -2.013136 -2.405854 -2.655929 -2.914592 -3.097938 -3.01608 -2.930923 -2.994425 -3.001485 -2.824577 -2.407359 -1.796754 -1.311626 -.9716982 -.7290443 -.5337953 -.3252347 -.1270108 .1703081 .5525513 1.019606 1.760257
2.939939 2.927833 2.910235 2.899991 2.83041 2.732981 2.627217 2.529916 2.416639 2.279394 2.054078 1.883014 1.70975 1.53905 1.27486 .9643799 .7090744 .4946142 .2035309 -.05723112 -.2494258 -.5249321 -.799852 -1.133971 -1.549611 -2.189632 -2.931035 -3.480413 -3.835827 -3.73663 -3.641956 -3.347026 -2.89164 -2.564237 -2.138224 -1.787661 -1.443153 -1.293876 -1.594015 -2.033787 -2.335393 -2.586239 -2.772081 -2.986044 -3.111687 -3.073581 -3.18608 -3.345087 -3.343296 -3.066234 -2.425787 -1.701395 -1.1422 -.7907236 -.5374439 -.2584856 .003236672 .3394325 .7169387 1.294569 2.148174
3.131817 3.122093 3.125781 3.1068 3.00911 2.876729 2.766585 2.702105 2.5695 2.39716 2.216475 2.061202 1.843428 1.646178 1.340132 1.008566 .8018788 .5428632 .2101723 -.03767857 -.3871286 -.7153745 -1.130531 -1.598997 -2.039489 -2.445728 -2.930258 -3.450554 -3.873526 -4.02873 -3.994305 -3.720603 -3.243193 -2.737128 -2.231594 -1.849336 -1.568206 -1.562708 -1.932619 -2.132046 -2.265657 -2.429604 -2.678527 -2.867739 -2.987359 -2.968354 -3.076385 -3.257482 -3.38115 -3.381143 -3.033413 -2.372941 -1.63426 -1.174318 -.7172687 -.3586767 .01519221 .4625856 1.035347 1.738826 2.720907
3.371301 3.371472 3.375667 3.292953 3.199388 3.064826 2.945856 2.826485 2.702511 2.537145 2.390899 2.247406 2.053733 1.746176 1.406787 1.120548 .8812338 .5956941 .331632 .03506991 -.3538779 -.7872444 -1.31163 -1.925705 -2.447618 -2.772049 -3.133904 -3.546654 -3.998502 -4.404519 -4.453519 -4.246716 -3.734149 -3.088296 -2.426645 -1.931667 -1.699857 -1.902225 -2.072793 -2.179796 -2.3154 -2.479529 -2.672518 -2.846083 -2.924632 -2.936341 -2.913904 -2.980487 -3.168094 -3.308055 -3.289929 -2.950114 -2.380506 -1.672112 -1.148601 -.6437514 -.1300666 .5407208 1.340475 2.188577 3.262281
3.646487 3.647112 3.633034 3.515199 3.395247 3.29539 3.158591 3.042895 2.891174 2.754286 2.588055 2.439612 2.22061 1.9136 1.57653 1.286458 .9932135 .6735062 .4014463 .05417483 -.3156029 -.7454272 -1.377456 -2.151025 -2.83443 -3.250437 -3.540015 -3.914278 -4.378269 -4.773134 -4.900549 -4.663945 -4.143061 -3.489088 -2.795228 -2.193378 -1.871765 -1.996148 -2.139361 -2.265672 -2.418975 -2.58 -2.764171 -2.903784 -2.918954 -2.907297 -2.931062 -2.85892 -2.910381 -3.042632 -3.260277 -3.357862 -3.120053 -2.483158 -1.685736 -.9532771 -.2837538 .4845604 1.413113 2.414901 3.520569
3.94136 3.956092 3.85683 3.739122 3.622171 3.545434 3.35508 3.223009 3.058052 2.878753 2.732039 2.596507 2.415198 2.081362 1.754767 1.479967 1.119064 .7497336 .3994837 .03113138 -.3657103 -.8315341 -1.521707 -2.370544 -3.278779 -3.855478 -4.265042 -4.52133 -4.820826 -5.087335 -5.172527 -4.912695 -4.405262 -3.742929 -3.071001 -2.459846 -2.157112 -2.219444 -2.250626 -2.35741 -2.480912 -2.585337 -2.70865 -2.763833 -2.812478 -2.772572 -2.832028 -2.746868 -2.668337 -2.752816 -3.02206 -3.417119 -3.611391 -3.177599 -2.357556 -1.433645 -.5698456 .367478 1.323368 2.246695 3.281426
4.269521 4.197469 4.066295 4.012011 3.91112 3.736922 3.584112 3.412819 3.230075 3.021266 2.84 2.719128 2.505395 2.290248 1.960781 1.64785 1.231473 .7950758 .2518373 -.1976402 -.6627707 -1.165443 -1.891282 -2.847765 -3.769273 -4.586708 -5.005253 -5.19679 -5.284947 -5.356183 -5.28329 -5.006059 -4.462303 -3.833425 -3.199312 -2.800168 -2.65482 -2.474701 -2.403045 -2.437178 -2.528696 -2.601607 -2.563014 -2.564383 -2.546684 -2.660829 -2.577839 -2.540971 -2.353402 -2.313522 -2.587568 -2.992263 -3.359804 -3.461096 -2.929177 -1.89604 -.8014591 .100564 .8714302 1.603864 2.483284
4.491983 4.44666 4.342527 4.284559 4.199752 4.026725 3.839957 3.604381 3.35505 3.145421 2.944865 2.806353 2.608248 2.388824 2.139583 1.840469 1.426131 .8353322 .07272387 -.7012898 -1.291844 -1.846475 -2.542253 -3.450947 -4.429612 -5.126594 -5.591999 -5.704778 -5.591506 -5.478253 -5.239051 -4.922112 -4.415341 -3.812166 -3.177025 -3.145405 -3.087721 -2.88028 -2.666297 -2.561431 -2.536869 -2.499524 -2.508969 -2.445211 -2.481676 -2.499192 -2.37085 -2.170159 -2.002604 -1.940369 -2.107537 -2.408156 -2.62457 -2.851225 -2.704839 -1.967951 -1.051424 -.3994767 -.04477105 .4347358 1.18491
4.822721 4.759655 4.679014 4.58928 4.474866 4.261405 4.010874 3.790341 3.528373 3.273417 2.998291 2.793472 2.619823 2.421455 2.185596 1.980162 1.540982 .801469 -.2178587 -1.338455 -2.214277 -2.827444 -3.489663 -4.231913 -5.022614 -5.661552 -5.994384 -5.990155 -5.765591 -5.516873 -5.208466 -4.800269 -4.207604 -3.654508 -3.234481 -3.307591 -3.446242 -3.348295 -3.030236 -2.805869 -2.597947 -2.562308 -2.579678 -2.554732 -2.497827 -2.338295 -2.107002 -1.977477 -1.858816 -1.820374 -1.890097 -1.954141 -1.907207 -1.901478 -1.876572 -1.539345 -1.201466 -.8765017 -.7746418 -.5469203 -.08187488
5.151998 5.107161 4.990736 4.871464 4.68949 4.453621 4.203218 3.957654 3.67494 3.391757 3.093868 2.845906 2.573759 2.345764 2.110164 1.839947 1.444029 .6023115 -.5594471 -1.920233 -3.212287 -3.971685 -4.49196 -5.023551 -5.639503 -6.112798 -6.33272 -6.156491 -5.782777 -5.417185 -5.083838 -4.566101 -4.035873 -3.479202 -3.376834 -3.554615 -3.724403 -3.716427 -3.491698 -3.180878 -2.878936 -2.786325 -2.679781 -2.589854 -2.371808 -2.090713 -1.868723 -1.788062 -1.883014 -1.938121 -1.893868 -1.772212 -1.499553 -1.180496 -1.078826 -1.01439 -.9837582 -.9314024 -.9825031 -1.001307 -.9232392
5.504691 5.416875 5.300184 5.130056 4.895004 4.633515 4.377911 4.126318 3.819526 3.523468 3.248319 2.912209 2.548311 2.174577 1.796908 1.471781 .9770227 .1576574 -.9997424 -2.44479 -3.938345 -4.948654 -5.47544 -5.827908 -6.21139 -6.53407 -6.58151 -6.230502 -5.619531 -5.116893 -4.719753 -4.350042 -3.965472 -3.601545 -3.583422 -3.805955 -4.020606 -4.098065 -3.968389 -3.705438 -3.354428 -3.070521 -2.831204 -2.528825 -2.122542 -1.71983 -1.597736 -1.687285 -1.873047 -1.949254 -1.944355 -1.777738 -1.455184 -1.112421 -.8986859 -.7975594 -.840198 -.7736874 -.7898649 -.9713274 -1.239695
5.808902 5.736522 5.572014 5.342819 5.080329 4.750521 4.495444 4.185395 3.922799 3.643581 3.323531 2.971612 2.516456 1.966406 1.37553 .7742513 .08486737 -.624895 -1.622265 -2.908419 -4.394515 -5.623423 -6.256071 -6.549041 -6.734205 -6.834208 -6.662031 -6.020717 -5.270353 -4.626294 -4.301867 -4.194639 -4.112484 -4.047473 -4.085067 -4.194327 -4.400494 -4.532544 -4.434288 -4.141589 -3.74879 -3.25159 -2.810281 -2.295441 -1.855419 -1.48176 -1.44613 -1.57107 -1.69556 -1.821332 -1.822781 -1.777322 -1.562812 -1.306585 -1.083932 -1.039294 -.9921749 -.8068351 -.6631542 -.7236125 -1.172941
6.09271 5.949611 5.732723 5.443916 5.174825 4.843484 4.513624 4.227487 3.95109 3.711934 3.387691 3.016713 2.455733 1.711206 .8307298 -.0775337 -.9552119 -1.630354 -2.428871 -3.461675 -4.825552 -6.066222 -6.795122 -7.018277 -7.006351 -6.813113 -6.331405 -5.513419 -4.730235 -4.279168 -4.204096 -4.438762 -4.757458 -4.772985 -4.737836 -4.649547 -4.786866 -4.942747 -4.738323 -4.347759 -3.748172 -3.139266 -2.55359 -2.044305 -1.658185 -1.416493 -1.290335 -1.336884 -1.390343 -1.459098 -1.502347 -1.547781 -1.468156 -1.404544 -1.521877 -1.614726 -1.553243 -1.359293 -1.040362 -.8058108 -.9685975
6.338715 6.079924 5.766536 5.487384 5.206469 4.877442 4.520425 4.183033 3.922615 3.664246 3.289181 2.866592 2.283724 1.449891 .3162592 -.8823636 -1.91172 -2.692004 -3.394652 -4.254898 -5.290475 -6.316794 -6.964673 -7.106575 -6.831035 -6.301908 -5.502236 -4.727236 -4.287488 -4.298771 -4.622878 -5.123899 -5.580311 -5.687817 -5.545779 -5.245303 -5.121382 -5.057405 -4.695315 -4.131797 -3.439708 -2.75552 -2.181242 -1.78317 -1.463999 -1.235219 -.9844621 -.9059787 -.7896481 -.8763424 -.9961143 -.9641339 -1.115201 -1.601531 -2.127167 -2.338789 -2.411984 -2.285227 -1.934677 -1.456768 -1.12056
6.501967 6.132104 5.778831 5.437608 5.167335 4.831382 4.479697 4.135415 3.800834 3.451504 2.994965 2.498246 1.846985 .9765191 -.164446 -1.435208 -2.661386 -3.645684 -4.348367 -4.961295 -5.728093 -6.449164 -6.939434 -6.836422 -6.198686 -5.383262 -4.632784 -4.219115 -4.316153 -4.74146 -5.267639 -5.738293 -6.179575 -6.367588 -6.171611 -5.848852 -5.478356 -4.936044 -4.337188 -3.647748 -2.982894 -2.32266 -1.795992 -1.454919 -1.192849 -.845606 -.4798362 -.1931833 -.01476941 -.2089437 -.3845362 -.6205773 -1.088738 -1.878623 -2.629729 -3.197484 -3.399285 -3.405389 -3.052029 -2.450213 -1.854992
6.618936 6.239396 5.756724 5.358192 4.972355 4.698444 4.350877 4.035794 3.560941 3.083346 2.552735 1.898998 1.136404 .2840555 -.7531326 -1.899987 -3.162177 -4.284966 -5.030599 -5.527573 -5.978296 -6.445729 -6.59201 -6.19174 -5.321914 -4.525042 -4.206978 -4.348237 -4.720825 -5.282208 -5.669316 -6.027825 -6.306498 -6.490927 -6.377465 -6.027551 -5.346687 -4.589148 -3.918422 -3.176566 -2.413131 -1.781107 -1.411128 -1.070601 -.8713441 -.3982956 .1134616 .5404444 .530299 .234039 -.3167082 -.9013645 -1.587517 -2.382283 -3.137701 -3.700949 -4.004138 -4.257346 -4.03699 -3.650414 -3.000644
6.555961 6.159851 5.697391 5.222059 4.726011 4.360384 4.104651 3.732234 3.205007 2.635241 1.900911 1.115855 .2477425 -.6830984 -1.541817 -2.431632 -3.52517 -4.591668 -5.325168 -5.720233 -5.959649 -6.150408 -5.98185 -5.275784 -4.478769 -4.131369 -4.441888 -4.907028 -5.316274 -5.567601 -5.731984 -5.929219 -6.125707 -6.209462 -6.036121 -5.687799 -4.986435 -4.231208 -3.423737 -2.679614 -1.843492 -1.262923 -1.042351 -.9592706 -.8299472 -.2733585 .501389 .9721337 .8250696 .2404727 -.6610021 -1.632591 -2.511641 -3.242733 -3.841921 -4.291692 -4.580118 -4.733372 -4.718473 -4.492482 -3.884397
6.292753 5.961687 5.607897 5.011954 4.40878 3.897745 3.599922 3.283719 2.771352 2.04918 1.16135 .2161654 -.7812666 -1.682997 -2.478478 -3.178459 -3.969097 -4.705176 -5.283077 -5.559921 -5.62175 -5.508268 -5.08476 -4.448568 -4.042806 -4.211478 -4.853536 -5.395025 -5.575753 -5.505664 -5.43521 -5.500688 -5.678337 -5.763914 -5.50104 -5.004634 -4.372595 -3.574358 -2.846722 -2.027264 -1.295089 -.9621431 -.9483755 -1.191064 -1.05016 -.6080821 .3444892 .908161 .729099 -.03543834 -1.100655 -2.279329 -3.376852 -4.130971 -4.639776 -4.955149 -5.190769 -5.299407 -5.380151 -5.105985 -4.295414
5.837564 5.664559 5.343283 4.765895 4.033829 3.362599 2.962501 2.595237 2.049416 1.315777 .3778858 -.6472795 -1.722801 -2.725127 -3.447338 -3.9549 -4.423663 -4.821496 -5.076076 -5.077333 -4.915451 -4.665649 -4.257766 -3.919794 -4.020551 -4.466424 -5.029072 -5.388743 -5.368852 -5.16192 -4.967944 -4.987868 -5.134928 -5.16544 -4.804625 -4.195671 -3.564879 -2.752118 -1.964933 -1.347726 -1.083767 -1.145827 -1.323412 -1.547635 -1.453233 -1.019957 -.3301049 .1621032 .1856983 -.3629767 -1.396204 -2.686887 -3.906199 -4.781082 -5.2788 -5.467778 -5.594811 -5.664794 -5.643276 -5.347028 -4.551588
5.164959 5.129559 4.901399 4.36448 3.621979 2.869997 2.254832 1.754533 1.171687 .4660351 -.4706005 -1.544463 -2.680164 -3.712576 -4.367573 -4.722763 -4.847087 -4.877813 -4.742765 -4.481541 -4.161856 -3.871014 -3.654503 -3.651368 -3.926914 -4.292616 -4.592983 -4.769193 -4.74222 -4.624537 -4.577905 -4.572882 -4.636721 -4.465194 -4.048527 -3.393129 -2.693177 -1.920889 -1.193038 -.8893086 -1.170867 -1.621772 -1.945932 -2.042479 -1.91191 -1.718083 -1.28896 -.9721631 -.6951421 -.830788 -1.59323 -2.807975 -4.041489 -4.997756 -5.494364 -5.699343 -5.746109 -5.697472 -5.630378 -5.36214 -5.144252
4.349925 4.293669 4.138521 3.773799 3.184536 2.458346 1.646827 .8706885 .2103642 -.5093248 -1.42715 -2.486507 -3.654794 -4.70474 -5.319394 -5.479068 -5.281437 -4.967023 -4.510797 -4.050697 -3.643499 -3.387839 -3.224877 -3.246529 -3.369833 -3.422569 -3.53143 -3.661314 -3.823263 -4.015329 -4.190186 -4.239002 -4.108188 -3.719891 -3.182363 -2.48042 -1.72785 -1.093797 -.7615714 -.880785 -1.430839 -2.010394 -2.363056 -2.472367 -2.42557 -2.592599 -2.747711 -2.464948 -1.905597 -1.605967 -1.884561 -2.737973 -3.789627 -4.758867 -5.318128 -5.654797 -5.747118 -5.612215 -5.397119 -5.289402 -5.481786
3.407902 3.170694 3.096925 2.975354 2.652452 2.087576 1.124888 .07968426 -.7296895 -1.502622 -2.454585 -3.525962 -4.695167 -5.677109 -6.27011 -6.278174 -5.825754 -5.167387 -4.476926 -3.873664 -3.392094 -3.065928 -2.815049 -2.546547 -2.316429 -2.171666 -2.201147 -2.452743 -2.872436 -3.279281 -3.622894 -3.675806 -3.414186 -2.942526 -2.262083 -1.490407 -.8030547 -.3098041 -.4292366 -.9659441 -1.63995 -2.265448 -2.668275 -2.933569 -3.199763 -3.709687 -4.274029 -4.250707 -3.503608 -2.730169 -2.458408 -2.755142 -3.438334 -4.252654 -4.827668 -5.217295 -5.328238 -5.159371 -4.838677 -4.760622 -5.057749
2.752959 2.20507 1.955814 1.989432 1.911348 1.475018 .5158606 -.6497794 -1.638126 -2.518767 -3.472902 -4.588092 -5.65249 -6.538966 -7.040927 -7.100758 -6.488969 -5.53713 -4.641016 -3.887208 -3.385907 -2.92526 -2.451388 -1.824852 -1.226905 -.9260695 -.9878966 -1.298081 -1.849651 -2.394891 -2.738029 -2.759716 -2.474299 -2.003059 -1.279476 -.4993169 .2255038 .3926625 -.1499649 -1.023049 -1.81503 -2.420925 -3.05766 -3.683282 -4.305872 -4.993512 -5.703303 -5.887249 -5.199744 -4.210234 -3.498113 -3.205091 -3.409504 -3.839531 -4.275829 -4.460638 -4.408176 -4.173182 -3.920903 -3.901546 -4.135197
2.468064 1.58253 1.130619 .9582165 .8917954 .5878171 -.2161042 -1.326676 -2.426144 -3.354873 -4.351077 -5.42222 -6.434813 -7.222703 -7.669657 -7.737524 -7.251603 -6.167265 -4.981943 -4.08181 -3.433035 -2.886622 -2.176343 -1.385639 -.6165544 -.146192 -.05619936 -.3686955 -.8759224 -1.26847 -1.493988 -1.438762 -1.180411 -.7161707 -.1144261 .5384703 1.051013 .9357358 .1098603 -1.010082 -2.011735 -2.865724 -3.813446 -4.838873 -5.691291 -6.338493 -6.781886 -6.992558 -6.530825 -5.566887 -4.672553 -4.090014 -3.859778 -3.794931 -3.684287 -3.335615 -2.990884 -2.747854 -2.640007 -2.77363 -3.194626
