py_wake/examples/data/AJ_ParqueFicticio/Rough survey   Sector 4   Height 30m   Orographic turn.grd
DSAA
73  159
 258469   265669
 6501692   6517492
-172.4219   173.9826
[rows 108 to 134 of 159, columns 0 to 60 of 73]
4.430665 -.8435612 -2.95178 -3.688613 -3.007163 -.5420211 .3397606 -2.707574 -7.212735 -9.010781 -9.167563 -10.88168 -13.66809 -15.34613 -18.01932 -18.79461 -21.83102 -16.43695 -8.578736 -4.084421 -3.470624 -3.802306 -2.47338 1.604282 3.053344 4.202447 4.941631 4.343407 .2535039 -1.15852 -.3935129 -.5968273 1.100785 3.222134 6.739301 10.33514 15.40121 10.57182 5.131697 .8202308 -3.057259 -5.682309 -9.817068 -16.63356 -21.71719 -20.21458 -19.96355 -22.24955 -25.4785 -18.11145 -12.61678 -10.35982 -10.45228 -9.735245 -7.139289 -1.559311 3.606323 4.080079 1.833783 -.6895592 -5.769608
5.837402 1.41346 -2.629497 -3.856964 -5.172922 -4.601964 -3.162156 -3.615122 -6.284698 -9.403024 -10.25618 -10.97101 -12.48641 -15.24798 -16.18657 -16.95574 -18.86753 -20.92018 -13.98327 -7.537871 -4.752777 -4.567568 -2.558808 -1.711063 2.534101 4.055436 4.258525 1.964723 2.765728 2.815697 4.445943 6.218551 8.124694 11.48914 13.01028 15.08761 16.03445 9.430657 5.049245 .9938965 -4.405663 -8.322598 -12.96849 -19.51346 -27.03336 -26.27934 -24.91862 -25.04687 -22.86053 -16.91628 -12.89619 -11.02768 -9.335577 -7.250138 -3.918948 1.726507 6.309625 6.479482 3.060061 -.8121719 .3253954
4.623768 2.731353 -.9686081 -3.103456 -4.267889 -5.49123 -5.368882 -4.404884 -5.980682 -9.073794 -10.64804 -11.3299 -11.04586 -12.26576 -14.44047 -16.72117 -18.41257 -20.49835 -18.70907 -12.93188 -7.76196 -5.228328 -4.198145 -3.242379 .1113629 1.027616 -.5689244 1.228345 3.179833 8.65623 13.7572 16.95014 18.84489 18.49858 15.19341 13.61491 10.76085 6.221461 3.278076 .09605119 -4.969014 -10.36036 -14.79443 -20.06712 -27.27917 -30.53251 -29.20953 -29.72884 -26.41175 -15.88688 -10.54901 -10.39545 -5.511467 -1.403191 2.392217 5.653889 7.718093 6.877264 2.576559 -2.941568 2.852783
2.899572 3.372261 1.468922 -.7635424 -2.020702 -4.263099 -5.222494 -5.071007 -6.558792 -9.003428 -10.15605 -10.70209 -10.01161 -10.97373 -12.31054 -14.33727 -15.2642 -15.30521 -21.48875 -20.96486 -14.57276 -8.174876 -5.43946 -4.328607 -2.805792 -4.379539 -3.649748 -2.715954 4.765704 14.39134 23.66582 27.55494 25.18343 20.58102 15.63901 9.955432 4.826093 1.379442 -.2566042 -2.037337 -5.456705 -10.89407 -15.07878 -19.9737 -25.25054 -29.52113 -31.53919 -33.45395 -33.73997 -20.49455 -10.97392 -6.120749 -.5519103 5.129557 9.206165 11.10042 11.36245 9.061229 4.581151 -1.036039 .02327752
3.162164 4.314172 3.446917 1.033811 -.7476159 -2.565733 -4.508989 -5.965504 -7.770215 -8.995881 -9.78335 -10.10514 -9.978704 -10.78185 -10.74071 -10.03903 -9.665232 -12.53023 -17.45174 -24.49865 -21.71529 -15.42258 -11.21404 -8.798661 -6.298759 -5.865057 -6.465539 -1.67652 7.277486 17.47244 26.68733 30.18431 29.6196 23.15173 17.20314 10.85111 1.340336 -3.818863 -4.59706 -4.83295 -6.750511 -9.55748 -13.89336 -18.06822 -21.35263 -25.91887 -29.65943 -34.36083 -36.74506 -25.87564 -12.80258 -3.237654 3.82567 9.306369 12.05454 12.22843 11.53906 10.52661 8.623794 7.252373 -9.752857
6.476062 5.64899 4.072088 1.601589 -.01049147 -1.266943 -3.592859 -6.287395 -7.937191 -8.54875 -9.191697 -10.00508 -10.00704 -10.48394 -8.33055 -5.476508 -6.949117 -11.29917 -14.03229 -20.26773 -25.68369 -24.0824 -21.40036 -17.25354 -10.37857 -6.190496 -4.106361 .2475824 8.675524 17.75444 26.32373 28.24103 26.88947 26.17819 22.34919 14.96383 3.548049 -5.838402 -7.844656 -7.897362 -8.126777 -9.127617 -11.44755 -14.56688 -16.82733 -21.52003 -26.05632 -29.942 -33.33983 -28.68121 -16.27234 -4.009792 4.732939 9.911778 12.44688 10.27176 10.17835 9.502204 11.63305 13.68788 7.461628
9.901644 6.400856 4.411125 2.496281 .6099098 -1.166986 -3.416074 -5.859807 -6.83467 -7.522347 -9.19673 -9.190776 -9.162582 -7.998677 -4.54747 -3.162566 -6.029619 -9.060388 -11.82271 -14.55525 -21.86802 -30.13604 -32.78118 -27.85019 -14.67938 -6.610168 -2.184595 2.531572 10.16229 17.92856 21.01745 21.18175 21.7374 22.96543 22.67785 18.51678 8.137835 -4.246657 -9.645841 -10.60103 -9.493662 -7.842375 -7.953603 -9.029091 -12.37575 -16.75901 -21.2592 -25.2191 -26.46572 -24.46169 -15.73928 -6.471714 2.302028 7.95376 8.702312 8.402015 8.384333 8.922872 11.16018 14.17799 15.59473
9.830886 6.918112 5.199046 3.406002 1.16928 -1.553408 -3.647328 -4.864223 -5.532964 -7.127153 -8.964015 -7.484842 -6.670187 -4.263463 -2.19767 -4.028566 -7.513022 -7.236147 -8.57199 -11.24486 -15.90784 -23.80646 -34.44766 -35.9549 -21.58471 -8.105086 -1.476068 4.540352 14.22072 14.98704 12.83556 12.88384 15.35236 18.73502 19.17977 14.90181 6.881152 -3.305498 -10.68412 -12.23107 -9.104657 -5.965063 -3.381359 -2.599 -5.863093 -9.573263 -14.04471 -18.63663 -19.85061 -17.07665 -12.23546 -5.456695 1.103645 3.963804 5.447608 6.417219 6.570479 7.672976 8.994894 11.77968 11.55839
8.378057 6.517396 5.5796 4.006172 1.121195 -1.630389 -3.306951 -4.195973 -5.871598 -6.890269 -7.950922 -7.149316 -4.103542 -1.601506 -2.506967 -6.504521 -8.26193 -7.087009 -6.894247 -8.492895 -11.14261 -14.02748 -23.06708 -34.38151 -29.13249 -12.5108 -2.385139 5.770388 11.44752 9.742706 7.915221 8.375474 12.9582 13.96101 10.5869 5.880816 .4683791 -4.670525 -11.41192 -12.96616 -10.98801 -4.80626 .3604963 2.653208 2.81401 .3343607 -3.50402 -7.918554 -10.88862 -9.926347 -5.768481 -2.153052 .01880837 1.693396 4.235837 4.966814 5.664633 5.711514 6.310622 9.388939 10.42807
5.661114 5.325799 4.939543 3.73432 .7246763 -1.523409 -3.210598 -5.309204 -7.673378 -8.853994 -8.981388 -6.170166 -3.625216 -1.4089 -2.247526 -6.462309 -8.694258 -8.19229 -8.010761 -7.894895 -7.203817 -5.503206 -5.974787 -16.63465 -27.33197 -20.32405 -5.328817 7.112398 8.567385 2.596387 2.506743 7.556633 11.02231 4.744932 .8098454 -.5133686 -2.987181 -8.092337 -11.36056 -14.47782 -10.45255 -3.734917 2.664485 4.798336 6.857626 7.664977 5.782272 4.167012 2.086939 .4600176 1.369516 2.61429 2.365577 3.789677 3.568128 4.827373 5.093852 4.309436 4.182517 6.675068 7.213445
2.808714 3.523369 3.229451 1.359312 -1.161838 -3.238518 -4.968098 -6.975089 -9.113987 -10.40446 -9.318974 -8.185301 -5.232907 -2.976614 -2.563213 -4.190567 -7.137678 -8.978361 -8.02468 -7.085567 -5.477261 -2.610718 2.871602 3.014019 -9.817868 -20.14951 -11.70622 -2.770295 2.637443 -.8209133 .188878 3.158058 2.247202 -2.444786 -2.655091 -1.917103 -3.822849 -7.19139 -12.07309 -15.2816 -11.41326 -3.451133 4.166261 5.713041 6.614492 9.251721 11.04513 12.32356 11.06155 8.597615 7.022596 5.854145 4.905542 6.148764 5.067153 5.971409 4.684596 4.824865 2.91104 .9335908 9.496447
1.07365 .6375872 -.3404348 -2.377943 -4.491333 -6.169386 -7.766181 -8.609022 -9.373191 -10.51104 -10.76951 -9.87068 -7.129849 -4.760262 -2.369371 -1.661739 -3.620594 -5.471464 -6.208236 -5.655406 -5.054837 -3.220452 3.584097 6.830633 3.700201 -5.157344 -14.98143 -13.43233 -8.860852 -2.973565 .6574458 3.283387 -2.910749 -3.764619 -1.672555 -3.20822 -4.698135 -5.707235 -8.322203 -13.98172 -14.57949 -5.896245 4.043329 6.886169 7.041167 7.83886 11.66798 14.29202 13.88827 11.79723 8.170118 6.03537 6.756408 6.618306 6.7064 6.791986 5.397782 5.470844 6.299599 9.295038 16.05767
-1.949798 -3.371026 -5.147797 -6.715031 -8.011193 -9.234988 -10.76092 -11.42188 -10.21891 -8.451831 -7.078414 -9.546576 -9.513208 -8.683644 -5.960171 -2.351506 -.7863361 -.06494728 -1.302767 -2.532915 -4.332719 -6.259461 -5.552564 1.662162 2.923362 3.405571 -4.257163 -15.48685 -13.552 -5.176616 2.999723 -1.822024 -3.3273 -.6066702 -.5818371 -4.43673 -5.945989 -5.541246 -5.261076 -7.514977 -12.44991 -11.07512 -1.519607 6.252666 9.936706 11.25004 12.92329 13.68 13.11176 10.84876 7.658278 5.256327 6.474384 6.578083 6.843301 5.630644 6.090871 4.894298 14.25131 26.03903 27.96355
-3.99051 -6.495224 -8.066853 -9.424066 -10.93377 -12.14363 -13.36882 -14.10932 -12.10246 -5.218403 -1.552309 -3.836019 -7.328071 -9.322721 -10.99415 -7.022257 -1.397335 1.904227 3.41031 2.574774 -.1410561 -4.746412 -8.341913 -7.883701 -1.147467 3.531317 3.033898 -6.311582 -14.97574 -9.386494 -1.932538 -2.581802 -.7498091 1.708879 -2.007947 -6.408493 -8.465881 -7.164514 -3.372278 -1.311411 -4.083786 -8.101947 -5.391758 3.327218 10.6258 13.79354 14.54419 13.83019 11.86647 9.105193 5.011334 4.022807 3.558786 5.513516 5.397962 7.991758 7.413313 14.6626 32.67904 36.58245 29.60315
-2.353971 -5.830322 -9.390815 -11.16244 -12.95001 -15.28897 -15.09293 -16.3934 -13.79053 -5.391501 .9533057 3.132237 -.1678784 -6.366739 -9.232052 -9.010936 -4.434104 -.8559183 2.254683 4.396884 3.753183 1.116607 -5.900905 -7.558503 -5.858279 -.2986869 -1.023146 -.1795012 -8.814904 -11.40846 -10.02858 -2.556032 2.567083 1.616301 -6.007942 -9.652605 -9.365565 -8.423086 -3.630949 1.844226 3.981541 .7898107 -1.93183 1.437719 7.622503 11.60307 12.90235 13.50241 12.54975 9.258228 7.133617 4.053236 3.731987 3.466469 6.464558 9.086849 14.1154 29.02237 40.38832 35.99887 23.38714
-.7275805 -4.748053 -9.285681 -12.25541 -14.55155 -16.33212 -17.64368 -16.53206 -15.1839 -8.670979 .4141869 3.774395 4.774202 2.115772 -1.464001 -3.647673 -3.74874 -1.345993 1.562572 4.274739 5.395991 3.113287 -3.425613 -8.039289 -6.159045 -4.862915 -2.694152 -3.079717 -6.241395 -11.95286 -12.92777 -3.510762 -1.135022 -5.772586 -9.097426 -9.483389 -8.68407 -6.328603 -3.115079 1.990041 7.904513 10.21349 6.495942 4.159504 5.366148 6.441578 9.620411 10.34117 11.3903 11.43128 9.875042 7.916371 6.371013 6.713698 10.41258 16.14622 22.11848 35.79956 34.7107 22.00643 13.32394
-.9042432 -4.795135 -8.841072 -11.81644 -14.36954 -16.09973 -17.1163 -16.51566 -16.70141 -14.11119 -4.13202 1.407102 4.376768 4.910073 4.243576 3.790966 4.249002 3.42868 3.536674 2.469029 3.287693 1.412428 -2.82128 -8.135943 -6.30859 -1.960961 -2.799914 -5.276727 -11.50173 -17.93837 -19.20046 -8.199455 -8.037233 -9.886492 -9.650987 -8.321059 -6.428307 -2.943834 .09382732 2.364549 7.414755 11.33351 11.0916 7.366478 5.245187 5.838223 5.184261 5.24494 6.964301 10.67626 11.44724 10.4418 10.30772 14.62638 21.67385 28.29282 33.97789 24.65504 15.65247 8.340724 8.990924
-3.515643 -5.477177 -7.902895 -10.92203 -13.22642 -13.42772 -12.92271 -13.35683 -17.22889 -19.06336 -10.96822 -3.382578 1.758932 2.871647 4.339045 4.516217 6.669646 8.607321 9.355802 5.153157 2.678414 1.288543 .05928844 .1040531 .4714797 1.821254 1.561029 -4.971196 -10.81118 -21.28726 -30.41146 -20.84662 -12.93267 -9.959521 -8.421675 -6.836798 -3.751027 .04871175 2.626485 5.447562 7.554965 8.699775 9.714198 9.605617 8.034646 6.571987 6.182507 3.00562 .7138509 5.026969 9.408115 12.96566 18.97868 29.31467 33.75521 29.51943 27.49753 18.36125 3.133165 -5.980566 1.191014
-6.380497 -7.811114 -8.750197 -10.35606 -11.30735 -9.752331 -7.903511 -9.568238 -15.52877 -21.9609 -17.88209 -9.327593 -3.325759 .2547278 2.851941 2.495272 3.546127 8.580574 7.124349 5.39347 4.52169 3.962265 6.09637 9.889589 8.749303 4.574871 -.7757609 -3.573271 -8.11943 -18.62092 -33.01645 -29.18548 -15.99182 -11.78735 -8.767826 -5.752247 -1.088449 2.564808 4.32559 6.746862 9.141054 9.286124 8.497304 7.87697 8.466391 8.202056 7.463729 6.632866 2.676747 -.1900358 6.190054 17.3597 34.25459 36.35868 30.91573 26.90401 23.00665 9.662962 -7.05157 -13.86226 -9.444374
-8.079875 -9.244109 -10.11878 -9.448286 -8.934454 -7.226811 -4.824563 -5.203945 -9.293273 -17.58231 -19.7991 -16.94252 -7.96044 -.8500677 2.541361 .3413802 -1.883287 -.6363438 3.085407 4.163177 6.210689 7.767704 11.60615 15.17813 11.80871 4.325117 -2.164561 -5.601936 -5.13506 -9.964685 -28.41178 -25.34799 -16.30611 -12.76545 -9.755457 -5.244593 .3316215 4.578138 7.486654 9.540313 10.67222 9.982667 8.872893 8.137606 7.761794 7.279253 7.777453 8.76112 9.538418 3.802783 6.909321 30.95421 37.06025 36.68543 30.7711 24.09415 10.76654 -3.047426 -6.52259 -16.38352 -17.48011
-10.92674 -11.36738 -10.15576 -9.721952 -8.364325 -5.273411 -3.419442 -2.779514 -4.272062 -8.281112 -16.46458 -19.42135 -12.7631 -3.321472 1.506425 .4359202 -3.582837 -7.218253 -2.797611 2.16075 7.146058 9.841851 13.61167 17.52551 13.03974 5.417907 -1.8566 -4.450147 -3.778597 -5.648307 -16.98903 -28.68148 -17.98868 -13.56092 -8.790757 -4.17364 1.570044 7.230635 11.15961 12.8668 10.67498 8.691824 8.788175 8.056096 7.543684 6.701686 6.184927 6.919042 9.399735 12.32868 15.90366 37.42682 43.80021 37.04251 23.09074 12.98148 3.736422 -.5933679 -3.356116 -12.62779 -18.45635
-15.41537 -15.38679 -13.38185 -10.55253 -6.16611 -1.644397 -.6618493 -.8059331 -1.684299 -4.520954 -9.285225 -15.49518 -17.13948 -9.643658 -1.993819 1.281688 -.7389008 -6.806643 -6.940673 -1.100038 5.292576 8.622679 13.92699 17.609 14.17562 8.67111 2.7228 -1.354926 -3.627007 -5.452154 -17.47172 -25.39396 -20.14925 -13.63532 -7.48977 -2.129974 4.001025 10.37903 13.34373 14.54572 10.72654 8.679911 7.666262 7.378106 5.472421 6.091784 4.679768 3.752587 6.313001 11.39077 26.60634 46.56141 52.39642 24.5102 14.69346 7.998159 6.62026 7.391057 4.835675 -2.796833 -16.21666
-18.77017 -18.46652 -15.77727 -11.41078 -5.104049 1.845809 2.258129 2.143502 .06256528 -3.388636 -7.005131 -13.14598 -18.31464 -17.43935 -6.976079 1.014324 2.717492 -2.531172 -6.643851 -3.606648 1.782434 5.92289 12.63268 13.77697 13.49946 10.73703 8.744092 3.867761 -1.561191 -6.408474 -12.87796 -22.18515 -20.69782 -17.51811 -8.523935 -1.024997 6.348552 10.32604 12.48057 12.90619 11.07905 9.189956 7.885759 5.296917 3.13478 2.617381 1.798939 1.803821 3.472352 11.66011 35.60683 43.85958 45.16974 12.6828 8.981465 9.225038 9.937038 10.62182 9.577841 4.111224 -10.22186
-20.77281 -20.3331 -15.73273 -10.92806 -5.029316 -.8685337 3.349136 5.455326 2.917328 -.3970152 -4.598918 -9.658386 -17.11828 -21.15063 -12.67001 -1.561357 2.987254 2.714798 -1.915642 -3.654482 -1.905886 3.046652 9.524393 9.056859 10.45489 10.77132 9.592026 7.093577 2.165996 -1.223687 -4.253871 -13.48134 -17.21737 -17.90115 -12.55626 -4.703055 2.963812 8.192391 10.79331 11.68088 13.41608 11.33395 10.40892 7.875257 4.35154 -.8316946 -1.365798 -.6785668 2.032496 15.53935 37.68353 38.36787 17.60081 5.634882 7.501905 10.11515 10.93275 9.80049 11.77044 9.875408 .5612118
-20.91343 -20.70212 -15.54359 -10.05818 -4.694329 -2.375962 3.32644 4.439859 3.527164 1.375968 -2.782531 -5.954794 -9.699972 -17.63665 -16.76056 -6.410907 1.614991 3.262079 4.50519 .6966211 -.4650235 1.399766 5.901571 7.17836 7.119711 7.094858 6.167666 5.064798 2.517527 2.738122 2.757605 .4003623 -6.936287 -10.49788 -15.38861 -9.810668 -4.111893 1.427666 6.915246 11.01193 12.37481 11.69134 11.01424 9.473121 6.048309 4.556789 2.218877 -.2792246 2.475173 25.37082 20.99702 15.41184 4.656581 5.312725 6.866517 10.12002 10.34262 10.4967 11.40072 10.78484 7.509178
-20.53185 -21.18915 -17.10184 -9.757489 -3.987772 -2.251707 .4456863 2.671489 3.248697 1.840211 -1.358811 -4.188759 -6.2808 -10.44209 -15.41479 -11.86631 -2.274731 3.427155 6.857782 6.209857 2.252022 2.966234 5.193885 4.91603 4.068719 2.450518 2.35581 .9465148 2.004698 2.943781 3.391963 2.339457 1.649008 .2026529 -5.497402 -10.87844 -8.173426 -2.054971 3.302524 8.963806 10.05238 10.64818 8.850959 6.72465 6.953225 6.91969 7.022157 7.023885 9.437398 16.64602 9.37129 -2.110641 -9.212666 2.874642 6.393812 7.350919 9.227764 12.16147 12.56899 11.49672 9.415119
-16.62646 -19.94228 -18.57485 -9.738421 -4.812398 -4.500326 -3.026543 .5257568 2.778945 3.091865 3.368219 .209206 -3.937433 -7.431465 -11.24667 -13.08755 -5.210858 1.742781 6.367527 7.340478 6.319499 4.254985 5.295054 3.989125 3.140608 -.7734678 -1.570433 -1.483036 1.53985 2.355617 .9370877 -.04967016 3.590392 3.726573 3.406578 -1.348683 -3.090346 -2.390638 1.025781 6.039658 8.774037 8.227854 5.741908 5.023067 5.972192 7.362312 9.462432 12.35849 18.63966 12.9193 4.387572 -2.340107 -12.84123 -9.266843 .8717462 4.030584 6.017785 8.893785 10.14838 12.21478 12.67383
