py_wake/examples/data/AJ_ParqueFicticio/Rough survey   Sector 1   Height 30m   Mean speed.grd
DSAA
73  159
 258469   265669
 6501692   6517492
 .3484707   7.297954
[rows 0 to 27 of 159, columns 0 to 62 of 73]
3.134808 3.119716 3.118155 3.110518 3.102755 3.092303 3.08284 3.075781 3.068616 3.05932 3.047184 3.03846 3.027164 3.022763 3.024231 3.024621 3.030711 3.029531 3.033205 3.022325 3.020465 3.119675 3.190876 3.34471 3.228167 2.96015 3.066973 3.165786 3.269879 3.300228 3.280733 3.251404 3.353715 3.453112 3.552098 3.663735 3.740233 3.653687 3.615479 3.585869 3.528687 3.425295 3.345957 3.213678 3.233334 3.260302 3.263641 3.246531 3.237262 3.217205 3.199108 3.170913 3.150987 3.132179 3.127747 3.130541 3.13711 3.154796 3.174731 3.205525 3.235951 3.273692 3.315313
3.041358 3.071462 3.093385 3.094839 3.084692 3.073531 3.068396 3.059384 3.055781 3.049349 3.033052 3.021857 3.01038 3.004663 3.012037 3.019766 3.028147 3.036615 3.046001 3.055629 3.140532 3.257815 3.370634 3.392847 3.372667 3.27286 3.061424 3.203892 3.247289 3.296174 3.303542 3.318402 3.395428 3.502747 3.619287 3.73439 3.81816 3.74211 3.680739 3.644597 3.584621 3.513917 3.465457 3.359871 3.285663 3.280484 3.29795 3.30033 3.270447 3.245168 3.210149 3.158889 3.128271 3.108505 3.10584 3.110768 3.120471 3.144414 3.179397 3.208614 3.243247 3.282241 3.32841
3.041918 3.025134 3.074036 3.074478 3.057065 3.046426 3.039304 3.034938 3.034725 3.030368 3.049208 3.013584 2.977314 2.964454 2.984458 3.00911 3.024935 3.038476 3.059717 3.088368 3.172776 3.261558 3.295407 3.367279 3.405588 3.400805 3.289865 3.270262 3.246476 3.287753 3.316961 3.332214 3.399883 3.513836 3.636433 3.801356 3.942259 3.939599 3.814361 3.750654 3.663704 3.554569 3.478261 3.427065 3.349922 3.287044 3.275142 3.288741 3.283479 3.263501 3.200439 3.135943 3.09645 3.108765 3.106968 3.106938 3.115987 3.137438 3.169154 3.203806 3.243281 3.295631 3.349309
3.186707 3.059855 3.036648 3.030722 3.023451 3.01744 3.004711 2.996497 2.993865 2.992698 2.99505 3.014145 2.988052 2.954731 2.925717 2.987495 3.009389 3.025021 3.048627 3.0831 3.138269 3.218954 3.259645 3.393648 3.430222 3.537484 3.423683 3.337317 3.287894 3.325781 3.363384 3.346886 3.41288 3.488463 3.525868 3.603622 3.806669 3.929212 4.015257 3.943075 3.742671 3.54249 3.443164 3.444 3.360164 3.361436 3.30829 3.270189 3.250677 3.238587 3.231024 3.194443 3.170854 3.134298 3.11123 3.102134 3.104772 3.122891 3.156915 3.199901 3.254219 3.316522 3.388801
3.244874 3.112611 2.941362 2.948249 2.980427 2.97537 2.956992 2.938839 2.938944 2.938816 2.934625 2.948925 2.950857 2.933046 2.89317 2.944671 2.986157 3.015923 3.049247 3.112099 3.168589 3.147742 3.206626 3.283142 3.333566 3.525717 3.472478 3.372003 3.308223 3.327543 3.363906 3.402342 3.382477 3.351528 3.217769 3.018424 3.116568 3.409738 3.616838 3.577548 3.436625 3.422179 3.348353 3.446266 3.549125 3.560417 3.389268 3.282859 3.276922 3.30732 3.371833 3.301142 3.25072 3.184201 3.132992 3.09859 3.086438 3.099013 3.136866 3.191906 3.261173 3.357558 3.473436
3.213015 3.161392 3.033742 2.932402 2.912828 2.926619 2.868164 2.870473 2.867825 2.871152 2.885756 2.899657 2.888991 2.877303 2.877858 2.857845 2.940777 2.999316 3.093341 3.248081 3.295948 3.304811 3.265173 3.294286 3.302571 3.387032 3.415591 3.353568 3.291887 3.263311 3.245455 3.169065 3.045675 2.801792 2.721134 2.635311 2.459066 2.582213 2.761439 2.776685 2.943685 3.189502 3.314551 3.445514 3.46545 3.466442 3.340964 3.284084 3.306842 3.372099 3.426206 3.44055 3.346288 3.239021 3.141626 3.075817 3.051698 3.059921 3.108298 3.181144 3.279415 3.424873 3.602156
3.231057 3.259038 3.257613 3.169631 2.963019 2.856664 2.891928 2.969053 2.972601 2.963984 2.949964 2.895443 2.862591 2.880971 2.890326 2.852893 2.842477 2.9357 2.999945 3.150182 3.293782 3.344338 3.38455 3.416992 3.329618 3.325797 3.356564 3.313829 3.244259 3.184415 3.131776 2.970978 2.834551 2.806601 2.758753 2.684686 2.600611 2.45348 2.347744 2.60279 2.945339 3.262213 3.460618 3.531028 3.422376 3.274141 3.244976 3.291687 3.351116 3.404258 3.405437 3.381132 3.383164 3.343226 3.158901 3.042698 3.007247 3.010134 3.060842 3.162916 3.306085 3.330825 3.256531
3.250504 3.261702 3.273131 3.237488 3.193129 3.009094 2.978626 3.040801 3.057454 3.042056 3.013819 2.964882 2.915664 2.901695 2.900069 2.841751 2.755502 2.817079 2.896488 3.005677 3.212848 3.401639 3.515993 3.563981 3.437125 3.312722 3.320898 3.268299 3.210147 3.125327 3.057127 2.94614 2.859609 2.793214 2.727501 2.65516 2.604231 2.541926 2.529204 2.645937 2.990162 3.254513 3.360906 3.306531 3.071007 3.134035 3.37673 3.390518 3.504989 3.50046 3.450492 3.359433 3.262945 3.128235 3.130566 2.987475 2.953546 2.950918 3.002358 3.094907 3.010486 2.931197 2.751298
3.266153 3.26861 3.265197 3.208082 3.143908 3.070482 3.043487 3.086362 3.122814 3.112017 3.048183 2.999393 2.949569 2.943365 2.921743 2.834353 2.741224 2.663719 2.735499 2.80486 2.951862 3.122871 3.305943 3.491572 3.4408 3.341745 3.247886 3.253538 3.184785 3.088684 3.040766 2.92664 2.820476 2.728438 2.646875 2.562341 2.425885 2.445845 2.510993 2.518847 2.612143 2.806953 2.815472 2.748783 2.962886 3.097007 3.212536 3.174705 3.050829 2.988622 3.062022 2.971853 2.724584 2.809979 2.887622 2.917405 2.919056 2.907667 2.922957 2.830791 2.577554 2.354986 2.094773
3.28792 3.284312 3.266658 3.238629 3.190828 3.099781 3.109826 3.18637 3.190019 3.154084 3.061416 3.009559 2.970951 2.980306 2.966261 2.874406 2.766091 2.699524 2.656964 2.599673 2.609237 2.620337 2.615962 2.64483 3.096095 3.29938 3.277732 3.255067 3.156152 3.074193 3.02122 2.903806 2.770468 2.653501 2.545509 2.478301 2.467144 2.38078 2.379951 2.350145 2.127871 1.837615 1.727747 1.955596 2.505563 2.762916 2.787912 2.740032 2.614015 2.488932 2.530453 2.425951 2.359285 2.528825 2.746245 2.924475 2.94459 2.914397 2.872756 2.586911 2.30261 1.92118 1.604747
3.311229 3.309215 3.290354 3.316608 3.444704 3.416898 3.422184 3.387465 3.213831 3.155613 3.045736 2.960868 2.952903 3.007529 3.064255 3.063222 2.838145 2.712547 2.720718 2.645643 2.475056 2.417787 2.337294 2.383471 2.401468 2.744388 2.947552 3.105923 3.054228 3.049561 2.968736 2.846382 2.733572 2.608081 2.506785 2.502118 2.4531 2.389828 2.280104 2.244946 2.109753 1.926363 1.798789 1.793327 1.803143 1.993726 1.882698 2.00372 2.113506 2.011208 1.968537 2.083354 2.372648 2.546265 2.754443 3.006176 3.123622 3.10534 2.935805 2.628076 2.283728 1.953047 1.807432
3.342035 3.350054 3.335644 3.397609 3.410476 3.443684 3.419446 3.347445 3.21509 3.107461 2.96621 2.94105 2.859375 2.974631 3.036279 3.195627 3.305778 3.09738 2.752484 2.668803 2.48682 2.30909 2.239873 2.344298 2.405993 2.378513 2.661938 2.989751 3.019447 3.003904 2.869644 2.766165 2.681481 2.589224 2.526884 2.482551 2.430536 2.364381 2.254482 2.162544 2.086645 1.989148 1.880442 1.788944 1.630158 1.502423 1.477194 1.420579 1.417155 1.467441 1.532539 1.97871 2.338678 2.557421 2.675375 2.870297 2.946568 3.008457 2.95755 2.729138 2.396562 2.077722 1.827273
3.363334 3.389718 3.394967 3.385066 3.362118 3.359513 3.323281 3.26078 3.170691 3.088376 3.219873 3.36185 3.219087 2.878722 2.853829 2.849226 3.005458 3.203819 3.166089 2.881248 2.641152 2.575638 2.405855 2.387073 2.40233 2.412742 2.351048 2.590275 2.774832 2.70165 2.672583 2.610354 2.567309 2.514076 2.470241 2.426126 2.387786 2.330316 2.237278 2.096061 2.013623 1.964949 1.839534 1.697204 1.562995 1.571002 1.516711 1.466694 1.424571 1.4395 1.505251 1.661121 1.965216 2.162599 2.310745 2.193855 1.917337 1.63766 1.488068 1.441401 1.595018 1.515545 1.590278
3.369417 3.368794 3.345318 3.351834 3.341536 3.329612 3.310222 3.354131 3.30768 3.396054 3.463754 3.36079 3.324603 3.305935 3.120569 2.968749 2.886842 2.897828 3.104651 3.167158 3.144627 2.885263 2.555913 2.428536 2.419492 2.400462 2.366075 2.274475 2.290336 2.401288 2.441187 2.460369 2.429466 2.387783 2.34104 2.313047 2.31665 2.282771 2.215762 2.105119 1.936935 1.829951 1.729038 1.570512 1.441062 1.381875 1.356637 1.267527 1.302553 1.262298 1.331575 1.360417 1.260746 1.221267 .9274348 .3554003 .9116246 1.240106 .7842595 .3484707 .619727 .9939631 1.302183
3.366424 3.34697 3.329626 3.335478 3.337716 3.325023 3.312918 3.328561 3.383849 3.413517 3.352923 3.334151 3.327005 3.333035 3.302693 3.193466 3.130653 3.179491 3.175572 3.220913 3.239002 3.156209 2.917209 2.546661 2.377969 2.383147 2.367609 2.349767 2.349371 2.366287 2.378634 2.37679 2.404751 2.312265 2.190867 2.142939 2.240216 2.215432 2.180872 2.0583 1.882885 1.714778 1.5867 1.486761 1.412638 1.3311 1.322033 1.236198 1.058659 1.07228 1.131641 1.106215 .9259298 .6036073 .3521972 .3536982 .5173263 1.01105 1.853903 .4562839 .381445 .8343667 1.239673
3.3504 3.326931 3.31981 3.325237 3.328281 3.330385 3.325426 3.329667 3.349097 3.352093 3.313518 3.331122 3.351965 3.384143 3.439097 3.407541 3.336241 3.415773 3.374626 3.357657 3.336676 3.319862 3.244848 2.938233 2.514836 2.290443 2.346817 2.342573 2.342394 2.345512 2.34935 2.340446 2.315434 2.192251 2.013209 1.890986 1.968197 2.104354 2.128482 2.162079 1.99523 1.849804 1.67448 1.497086 1.41134 1.354457 1.295407 1.24655 1.128911 1.007048 .9932324 .956255 .8183249 .6132332 .4842519 .6063759 .5586439 .5816648 .8423553 .9831422 1.182691 1.371691 1.417235
3.334336 3.311509 3.306502 3.316273 3.326857 3.335347 3.337117 3.346855 3.35785 3.355465 3.335261 3.354656 3.405309 3.44475 3.470047 3.471324 3.445344 3.357624 3.314859 3.288276 3.263576 3.25818 3.218504 3.193061 3.071452 2.623973 2.260336 2.276581 2.276726 2.272541 2.258284 2.30764 2.281261 2.205447 2.306664 2.324716 2.222503 2.124786 2.093715 1.998753 1.913753 1.819214 1.608523 1.46121 1.370469 1.379604 1.389408 1.285348 1.02802 .8529638 .8057109 .8254434 .8491247 .9396963 1.090585 1.372116 1.750611 2.011207 2.167597 2.274425 2.215142 2.02434 1.773164
3.326728 3.31162 3.302888 3.313437 3.323292 3.336277 3.346336 3.351887 3.361715 3.363182 3.358798 3.353583 3.412616 3.405121 3.392536 3.39706 3.372976 3.330864 3.297032 3.264954 3.24402 3.248037 3.234269 3.226153 3.19393 3.134561 2.863752 2.48163 2.306909 2.440079 2.643874 2.573039 2.43943 2.527359 2.668915 2.764212 2.651426 2.593129 2.550687 2.448045 2.250089 2.000504 1.532182 1.235419 1.145083 1.207699 1.32044 1.5186 1.622232 1.726362 1.772774 1.796998 1.97015 2.182278 2.37827 2.519652 2.543887 2.626317 2.611317 2.52689 2.38123 2.214043 2.025631
3.32218 3.313132 3.31727 3.314872 3.32716 3.334473 3.347255 3.358967 3.369495 3.374622 3.380443 3.365011 3.389337 3.352648 3.359706 3.372188 3.347692 3.317231 3.295228 3.267791 3.249062 3.262569 3.299764 3.355903 3.447288 3.415811 3.319442 3.235456 3.080054 3.061152 2.972042 2.916057 2.991201 3.089882 3.10885 3.133678 3.027686 2.894876 2.767402 2.602871 2.520782 2.610048 2.560145 2.454144 2.329657 2.302596 2.240145 2.325962 2.424498 2.454645 2.407961 2.333812 2.393156 2.507242 2.593536 2.612701 2.521256 2.437037 2.366845 2.322731 2.309075 2.220556 2.092841
3.325796 3.323425 3.326469 3.316554 3.31725 3.324352 3.344661 3.360045 3.375807 3.388202 3.399849 3.400795 3.386012 3.348924 3.347571 3.352146 3.344739 3.316021 3.299448 3.276365 3.271312 3.280828 3.321348 3.328164 3.365319 3.421376 3.525447 3.51175 3.460199 3.399804 3.134522 3.056149 3.361175 3.415766 3.302928 3.172914 3.043329 2.991248 2.835869 2.672399 2.848664 3.133503 3.329192 3.407538 3.337804 3.227502 3.034422 2.96951 2.989419 2.943067 2.817783 2.642984 2.539187 2.533432 2.502486 2.416456 2.387698 2.343535 2.232967 2.177133 2.181258 2.180269 2.152997
3.309892 3.317542 3.32629 3.304471 3.296325 3.310818 3.331677 3.351942 3.373274 3.383648 3.364691 3.377271 3.369747 3.35008 3.342603 3.347716 3.357694 3.32578 3.318376 3.309936 3.308547 3.30499 3.298931 3.273435 3.303114 3.333836 3.384413 3.448882 3.463873 3.280715 3.070845 3.015253 3.179896 3.158831 3.323827 3.322281 3.156094 3.098494 2.987706 3.148576 3.319596 3.493426 3.603065 3.731569 3.70022 3.607522 3.434092 3.296285 3.169346 3.047238 2.914444 2.805532 2.647338 2.50303 2.387213 2.265174 2.169779 2.12016 2.057716 2.074432 2.117229 2.239395 2.36441
3.271503 3.259262 3.275541 3.265476 3.271114 3.290777 3.313621 3.338148 3.361006 3.353451 3.339224 3.353089 3.359749 3.347654 3.34018 3.347134 3.366526 3.357712 3.349 3.347554 3.335047 3.307358 3.28051 3.262969 3.269118 3.277593 3.281125 3.284847 3.24648 3.120394 3.094305 3.053585 2.887279 3.056002 3.312083 3.240596 3.159358 2.962616 2.987564 3.347845 3.576373 3.581485 3.566427 3.508963 3.500407 3.454662 3.404885 3.301648 3.113678 2.925517 2.813017 2.770247 2.650193 2.454905 2.33376 2.178594 2.027118 2.007859 2.011984 2.057266 2.219965 2.468546 2.67445
3.248316 3.21946 3.214644 3.240035 3.256202 3.278221 3.298876 3.318671 3.338115 3.327034 3.31467 3.324289 3.340354 3.341941 3.338284 3.332934 3.352654 3.318822 3.33276 3.334027 3.324935 3.298428 3.27574 3.267329 3.255835 3.230335 3.184125 3.159298 3.185133 3.206172 3.305803 3.356977 3.279857 3.093961 3.18646 3.130979 3.123104 3.027981 3.061706 3.255401 3.353602 3.444832 3.375881 3.374368 3.379071 3.371838 3.325026 3.216824 3.036838 2.84897 2.709032 2.633284 2.555746 2.38401 2.323007 2.186099 2.118575 2.140586 2.240861 2.38249 2.606856 2.827126 2.939051
3.250386 3.237148 3.259956 3.259327 3.263183 3.27467 3.288337 3.3034 3.311697 3.302685 3.294037 3.305878 3.319072 3.333271 3.338601 3.334085 3.309301 3.283765 3.301036 3.326559 3.322205 3.300345 3.278574 3.272299 3.254436 3.203214 3.141392 3.070736 3.102423 3.225734 3.487131 3.494421 3.358267 3.154406 3.106911 3.026869 3.136274 3.247262 3.268416 3.099723 3.098163 3.065248 3.114121 3.187345 3.200368 3.137364 3.130989 3.068826 2.92174 2.764685 2.639909 2.541664 2.457557 2.330874 2.327742 2.325958 2.322106 2.377968 2.594096 2.919884 3.09669 3.139686 3.162106
3.255483 3.263985 3.291288 3.282451 3.275527 3.275903 3.281977 3.291464 3.297012 3.294581 3.287471 3.299691 3.315309 3.327641 3.334946 3.334522 3.334043 3.310897 3.301913 3.319579 3.328917 3.314849 3.286979 3.288016 3.259415 3.221109 3.18217 3.158388 3.202173 3.288737 3.440916 3.365518 3.36501 3.224603 3.098026 2.974316 3.092936 3.227223 3.275027 3.188202 2.980662 2.847449 2.876478 2.964825 2.998569 2.972595 2.97976 2.964499 2.867425 2.75616 2.649461 2.543691 2.468385 2.385968 2.45813 2.545127 2.601288 2.765177 3.133329 3.448997 3.498207 3.416933 3.279902
3.236494 3.253689 3.276048 3.285623 3.285775 3.278375 3.279015 3.277926 3.280532 3.287665 3.287491 3.302855 3.313152 3.318173 3.327106 3.318928 3.323066 3.321179 3.311812 3.32179 3.331807 3.341035 3.317956 3.326493 3.330786 3.314409 3.276247 3.277507 3.339999 3.339748 3.319174 3.254536 3.278065 3.30562 3.159397 3.07448 3.07308 3.172871 3.219996 3.164904 3.132482 3.120255 2.999402 3.006919 2.895666 2.886093 2.917547 2.913574 2.900737 2.79911 2.735536 2.682916 2.59913 2.494895 2.57821 2.825116 2.993618 3.221141 3.598046 3.695206 3.648973 3.494886 3.269628
3.277453 3.293008 3.294329 3.290403 3.293853 3.288292 3.284707 3.279009 3.283681 3.302767 3.305105 3.315141 3.31745 3.315558 3.321874 3.32487 3.329944 3.32958 3.325573 3.321854 3.333783 3.358035 3.36366 3.353043 3.332255 3.322461 3.335634 3.339414 3.312433 3.31749 3.238486 3.19947 3.219527 3.25 3.208632 3.118036 3.075903 3.155483 3.256716 3.24955 3.184776 3.162805 3.067612 3.080407 2.998804 2.934839 2.876565 2.798847 2.825315 2.827799 2.814004 2.838719 2.856512 2.805355 2.772875 3.018846 3.308022 3.666241 3.658915 3.525767 3.445369 3.293994 3.060812
3.303776 3.314646 3.305072 3.304781 3.302284 3.299007 3.296502 3.292017 3.313534 3.333871 3.333196 3.333689 3.330934 3.324368 3.332775 3.333908 3.341068 3.337887 3.337339 3.3349 3.330518 3.348287 3.320541 3.333263 3.331488 3.306366 3.291022 3.276109 3.257054 3.241037 3.214947 3.191135 3.137743 3.112654 3.1069 3.057823 3.085324 3.148169 3.124971 3.156089 3.072176 3.02029 3.058793 3.067314 3.058318 2.959161 2.823913 2.800845 2.765137 2.782958 2.874848 3.01495 3.157098 3.233377 3.091638 3.149881 3.389053 3.728393 3.5967 3.38242 3.054067 2.853263 2.721447
