py_wake/examples/data/AJ_ParqueFicticio/Rough survey   Sector 4   Height 200m   Weibull-A.grd
DSAA
73  159
 258469   265669
 6501692   6517492
 6.123357   14.39575
[rows 84 to 111 of 159, columns 0 to 62 of 73]
9.735856 9.733033 9.739939 9.759267 9.786235 9.827103 9.871049 9.921775 9.961521 9.990328 10.00951 10.02698 10.01673 10.00918 10.03218 10.03546 10.04412 10.0534 10.07663 10.15007 10.23518 10.32278 10.43815 10.61265 10.85985 11.18449 11.50396 11.74419 11.86009 11.80118 11.61261 11.40168 11.20115 10.97003 10.76709 10.49969 10.35895 10.3603 10.45815 10.59529 10.67194 10.63342 10.49942 10.33073 10.21879 10.0983 9.936248 9.818421 9.719093 9.674045 9.713064 9.788916 9.881652 9.928656 9.917719 9.795699 9.573028 9.293945 8.970692 8.642495 8.318628 8.041261 7.764169
9.722944 9.729984 9.735143 9.751266 9.779743 9.830221 9.876369 9.929117 9.964359 9.998355 10.03183 10.04941 10.05665 10.03303 10.05505 10.0876 10.10277 10.10155 10.11096 10.16069 10.23658 10.34139 10.47396 10.67514 10.97411 11.34899 11.66691 11.85583 11.86662 11.73093 11.51308 11.29601 11.12433 10.88523 10.65437 10.4085 10.30836 10.39032 10.53441 10.67625 10.73536 10.6692 10.54223 10.36366 10.23223 10.115 9.97137 9.821058 9.66419 9.577802 9.614368 9.710558 9.816586 9.889218 9.890857 9.776767 9.554323 9.259129 8.932292 8.574778 8.209675 7.888329 7.625472
9.683194 9.697712 9.715367 9.744559 9.78222 9.831941 9.887973 9.923406 9.969961 10.01169 10.05033 10.06398 10.07701 10.07021 10.08587 10.12431 10.13933 10.14748 10.17114 10.19729 10.26482 10.36174 10.50736 10.71997 11.04643 11.43576 11.76759 11.93731 11.87062 11.68095 11.41597 11.17409 10.97831 10.76808 10.56434 10.351 10.27557 10.40757 10.608 10.74162 10.78106 10.70663 10.56637 10.40307 10.272 10.1464 10.01279 9.862486 9.673268 9.522287 9.49967 9.607599 9.740325 9.815402 9.840579 9.747135 9.51382 9.211414 8.862243 8.484526 8.08587 7.749089 7.518613
9.646027 9.666642 9.693982 9.740107 9.782562 9.830438 9.887809 9.928653 9.977509 10.02709 10.05938 10.08395 10.10182 10.12081 10.1306 10.14714 10.16677 10.19564 10.22372 10.25142 10.32411 10.43453 10.58099 10.78745 11.09671 11.48638 11.83479 12.01114 11.92975 11.68527 11.36499 11.06693 10.84841 10.64877 10.47709 10.29684 10.26423 10.44736 10.63781 10.77872 10.81228 10.74865 10.62123 10.44428 10.29612 10.15354 10.04104 9.900747 9.697062 9.505192 9.431474 9.5329 9.651087 9.727405 9.759678 9.681486 9.437866 9.106352 8.760242 8.361813 7.948768 7.619905 7.499222
9.637718 9.650233 9.682273 9.732313 9.784782 9.832836 9.876466 9.920918 9.977331 10.02965 10.06859 10.09881 10.12816 10.16499 10.17512 10.17864 10.19389 10.23416 10.26491 10.31663 10.401 10.53054 10.70596 10.92604 11.19095 11.5378 11.89929 12.10808 12.03269 11.711 11.33334 10.98383 10.74188 10.51837 10.33905 10.22524 10.28645 10.47492 10.66994 10.80329 10.84331 10.78945 10.64907 10.45622 10.28161 10.13339 10.02046 9.891171 9.692407 9.511582 9.430819 9.481436 9.551602 9.613498 9.66631 9.585971 9.329137 8.981749 8.622239 8.234863 7.809377 7.531001 7.526491
9.634741 9.646402 9.674885 9.727043 9.793378 9.836253 9.889032 9.92128 9.971442 10.02625 10.08531 10.11851 10.15214 10.20446 10.2292 10.22103 10.23236 10.26333 10.31335 10.37208 10.47952 10.63985 10.86501 11.12079 11.36492 11.64197 11.97949 12.20119 12.09587 11.72511 11.26904 10.89044 10.60664 10.36879 10.17962 10.13986 10.26965 10.49189 10.70031 10.84308 10.8846 10.81614 10.63759 10.42288 10.23833 10.11338 9.977847 9.843393 9.655672 9.512248 9.477654 9.483334 9.468464 9.502674 9.516759 9.452517 9.19069 8.836189 8.468189 8.099131 7.691741 7.470015 7.523989
9.628863 9.644747 9.683712 9.717221 9.781472 9.849856 9.909198 9.945503 9.984482 10.02757 10.08554 10.12759 10.18351 10.23224 10.27073 10.27625 10.2892 10.3245 10.38034 10.43803 10.56708 10.77132 11.04331 11.34711 11.59303 11.7764 12.02514 12.22674 12.11761 11.70486 11.19872 10.77815 10.47739 10.23894 10.0526 10.09533 10.22348 10.45977 10.71809 10.88085 10.91321 10.81152 10.60056 10.38864 10.241 10.13421 10.00038 9.824837 9.63952 9.554626 9.572215 9.592262 9.501986 9.422189 9.363111 9.273643 9.041492 8.709115 8.331645 7.958663 7.581365 7.394865 7.474767
9.632788 9.649483 9.681465 9.716058 9.770996 9.854175 9.92107 9.979191 10.02092 10.05204 10.09445 10.14319 10.19955 10.25852 10.30835 10.32885 10.35767 10.42138 10.50438 10.55765 10.67984 10.92192 11.2441 11.58254 11.78719 11.90986 12.08313 12.23261 12.09499 11.64129 11.12961 10.69293 10.37605 10.10696 10.01225 10.10092 10.18542 10.39743 10.69899 10.91681 10.93405 10.78245 10.55272 10.38522 10.27191 10.13953 9.988727 9.772301 9.61301 9.573 9.6297 9.637008 9.55014 9.412428 9.257589 9.058887 8.879142 8.610377 8.251585 7.852856 7.479285 7.286283 7.391377
9.621691 9.647269 9.677224 9.714996 9.771966 9.860257 9.944114 10.00603 10.05977 10.09463 10.12265 10.15963 10.22106 10.28013 10.33649 10.38776 10.4469 10.56542 10.69252 10.73912 10.81552 11.0731 11.44024 11.76334 11.9527 12.02672 12.14203 12.23083 12.02493 11.56202 11.04778 10.60918 10.26515 9.993686 9.98056 10.11914 10.19482 10.34761 10.65155 10.9022 10.91297 10.7511 10.54071 10.38751 10.27225 10.11003 9.918753 9.683875 9.562933 9.567115 9.638755 9.648445 9.548395 9.394404 9.177411 8.951857 8.765966 8.566981 8.259814 7.821866 7.36275 7.141761 7.243555
9.615036 9.647732 9.681458 9.718845 9.781045 9.876417 9.96695 10.03809 10.09607 10.1405 10.16196 10.1883 10.24661 10.3171 10.38113 10.45356 10.56605 10.75825 10.94506 11.00687 11.00211 11.16583 11.53983 11.90475 12.0863 12.10646 12.16458 12.19222 11.93559 11.46124 10.94152 10.49453 10.12089 9.896647 9.979546 10.15636 10.22073 10.31185 10.59446 10.84147 10.88654 10.73319 10.53708 10.38072 10.25186 10.04309 9.821747 9.651644 9.574949 9.590899 9.634941 9.617218 9.504345 9.348111 9.118309 8.917396 8.73894 8.552634 8.249327 7.788932 7.279366 6.989893 7.072455
9.606915 9.65296 9.691236 9.741766 9.80303 9.894242 9.990739 10.0779 10.13677 10.18305 10.21454 10.2405 10.30227 10.38216 10.45558 10.54785 10.71955 10.98299 11.24287 11.32714 11.23209 11.26861 11.60736 11.99724 12.17537 12.162 12.14915 12.10573 11.82661 11.35119 10.83587 10.36966 10.00341 9.854755 10.01433 10.20609 10.24944 10.31521 10.55363 10.79309 10.85399 10.71657 10.52139 10.34194 10.16271 9.948725 9.76883 9.663352 9.626357 9.623958 9.62144 9.562463 9.434022 9.290982 9.106021 8.931055 8.751043 8.543481 8.246216 7.79601 7.254673 6.875726 6.872304
9.595246 9.66124 9.710814 9.770502 9.841369 9.920802 10.02082 10.11735 10.1871 10.23545 10.27162 10.31082 10.38859 10.48047 10.57809 10.68462 10.88275 11.21623 11.52976 11.65732 11.51206 11.43341 11.67273 12.04584 12.22815 12.17999 12.09606 11.96797 11.67571 11.2411 10.75915 10.29713 9.937119 9.836508 10.04994 10.24049 10.28482 10.31924 10.52035 10.76077 10.79274 10.63545 10.42899 10.2369 10.06707 9.902761 9.778094 9.701333 9.672743 9.647605 9.619246 9.530264 9.36657 9.222822 9.079694 8.944112 8.753176 8.529284 8.246855 7.83455 7.298752 6.835602 6.710542
9.585497 9.669641 9.742178 9.81055 9.887878 9.969398 10.05944 10.15795 10.23196 10.28445 10.32837 10.38889 10.50084 10.63316 10.75336 10.87334 11.0619 11.40173 11.77632 11.93366 11.78619 11.62034 11.75197 12.08395 12.23545 12.15628 11.96 11.77064 11.49485 11.10954 10.68126 10.26038 9.920131 9.839158 10.04814 10.27276 10.32622 10.33477 10.48698 10.71863 10.68594 10.5178 10.30365 10.11648 9.986174 9.883155 9.814135 9.735323 9.700248 9.661796 9.630644 9.525667 9.353089 9.169407 9.05145 8.931281 8.725734 8.482038 8.232328 7.858233 7.368388 6.879659 6.620596
9.589087 9.690032 9.778487 9.858536 9.936699 10.03703 10.11528 10.19645 10.28441 10.35138 10.41123 10.495 10.63797 10.83226 11.00493 11.11862 11.25986 11.57142 11.95308 12.12782 12.01569 11.81761 11.87029 12.11182 12.21451 12.04574 11.80684 11.59423 11.373 11.06061 10.68882 10.29742 9.946813 9.816971 9.998081 10.27392 10.34851 10.35636 10.44306 10.59208 10.57004 10.40971 10.20149 10.0309 9.912986 9.831853 9.774963 9.707983 9.677955 9.656047 9.63384 9.541623 9.372892 9.232989 9.120067 8.96079 8.697527 8.420188 8.154891 7.810659 7.377521 6.918391 6.575495
9.614825 9.728415 9.829861 9.907728 9.980224 10.09551 10.19431 10.25202 10.34124 10.43296 10.51234 10.62215 10.80909 11.05982 11.28912 11.41697 11.50185 11.71991 12.07927 12.28606 12.18087 11.97729 11.96613 12.11563 12.13021 11.92003 11.67037 11.53111 11.39245 11.11142 10.74367 10.34409 9.979635 9.807363 9.945639 10.21751 10.30968 10.29782 10.33698 10.44817 10.43912 10.30474 10.11369 9.962442 9.874642 9.781414 9.714967 9.655289 9.63164 9.64197 9.624909 9.571865 9.469182 9.379959 9.215366 9.006755 8.720498 8.395753 8.055631 7.705925 7.301013 6.86136 6.525905
9.662902 9.787033 9.899662 9.98213 10.03732 10.14665 10.27784 10.34771 10.42352 10.54131 10.64954 10.79405 11.01577 11.31176 11.57769 11.72195 11.75788 11.91842 12.21038 12.39183 12.29854 12.09763 12.02744 12.05415 11.98506 11.79231 11.62197 11.56285 11.46868 11.19484 10.808 10.36911 9.991912 9.820901 9.922831 10.11645 10.18459 10.16403 10.20102 10.30864 10.31919 10.21831 10.0567 9.896749 9.801233 9.716537 9.641419 9.570639 9.603892 9.647908 9.671317 9.660038 9.615456 9.512216 9.314506 9.06131 8.752612 8.381493 7.998043 7.613096 7.21081 6.793042 6.473999
9.733726 9.871143 9.990005 10.08041 10.12558 10.20038 10.35227 10.46703 10.54341 10.68855 10.83701 11.02215 11.26011 11.55529 11.84533 11.97796 12.03796 12.1524 12.34975 12.48668 12.39076 12.17675 12.01464 11.92739 11.83832 11.75809 11.68063 11.65485 11.5415 11.26031 10.83655 10.36331 9.984957 9.842356 9.93378 10.01503 10.04236 10.0262 10.06349 10.16371 10.20245 10.16913 10.0223 9.858792 9.737747 9.609673 9.529696 9.553199 9.668078 9.79085 9.834352 9.800339 9.739536 9.620559 9.401728 9.116081 8.768517 8.363226 7.946857 7.554416 7.109638 6.654032 6.330893
9.795076 9.958208 10.08846 10.19819 10.24933 10.28719 10.42166 10.59965 10.70264 10.85983 11.07102 11.26835 11.51885 11.79114 12.01652 12.17319 12.26062 12.36284 12.50158 12.57222 12.44253 12.18147 11.92865 11.80557 11.81091 11.83102 11.79594 11.72824 11.57307 11.25212 10.80741 10.34334 9.983285 9.867841 9.930414 9.952393 9.940091 9.919031 9.92597 9.984576 10.06266 10.0871 10.01826 9.8973 9.697098 9.473877 9.417327 9.56621 9.768019 9.950292 10.00708 9.980114 9.881916 9.717037 9.468824 9.159876 8.785291 8.37944 7.941291 7.470348 6.917879 6.417064 6.181053
9.849183 10.02545 10.18921 10.33942 10.41552 10.41582 10.50296 10.71935 10.87828 11.0672 11.33404 11.5599 11.76993 11.98193 12.16744 12.316 12.40488 12.50752 12.61418 12.63583 12.45654 12.1211 11.86027 11.78868 11.87109 11.95256 11.94491 11.80212 11.54876 11.17792 10.75619 10.32789 10.00149 9.878544 9.875218 9.854935 9.831235 9.809147 9.818043 9.871638 10.00689 10.10516 10.07886 9.929854 9.660278 9.355336 9.284956 9.547232 9.87283 10.11295 10.22206 10.20225 10.05907 9.827573 9.518103 9.171226 8.771623 8.359778 7.875319 7.338439 6.727718 6.241264 6.123357
9.895398 10.08282 10.28951 10.49232 10.60171 10.57836 10.61282 10.83539 11.07013 11.31713 11.61599 11.84004 11.99835 12.1738 12.28746 12.38653 12.47134 12.56406 12.66017 12.6359 12.40608 12.07816 11.84444 11.82296 11.96787 12.08743 12.05106 11.81862 11.47792 11.10635 10.70211 10.3122 10.00201 9.831818 9.764912 9.724195 9.675469 9.652642 9.692996 9.851784 10.03167 10.14723 10.12456 9.945214 9.595356 9.258951 9.204131 9.474757 9.895899 10.23937 10.42423 10.43751 10.2583 9.925179 9.519594 9.122444 8.712729 8.276275 7.779145 7.213775 6.603196 6.148263 6.154042
9.915464 10.12189 10.3777 10.63507 10.7847 10.75971 10.78199 10.98265 11.27028 11.56228 11.85542 12.10232 12.25096 12.34604 12.37297 12.39996 12.46216 12.53035 12.62867 12.56305 12.3299 12.03479 11.84021 11.8692 12.05634 12.18368 12.11163 11.83827 11.48237 11.10942 10.70482 10.29657 9.958449 9.767519 9.684457 9.636724 9.54645 9.531693 9.648108 9.890604 10.1114 10.23987 10.15867 9.893285 9.541698 9.263759 9.19429 9.416553 9.846386 10.29274 10.5885 10.65276 10.42915 10.00196 9.523013 9.095873 8.676532 8.209546 7.706899 7.159982 6.584553 6.129414 6.152899
9.962302 10.14993 10.42746 10.73173 10.92938 10.95515 10.99135 11.19699 11.48083 11.76383 12.06613 12.33278 12.48509 12.49741 12.42647 12.35846 12.38024 12.44653 12.53184 12.47517 12.24037 11.96429 11.79699 11.86076 12.06709 12.18499 12.12639 11.89781 11.55671 11.19455 10.74089 10.27404 9.897899 9.66657 9.580928 9.464017 9.396459 9.462307 9.669681 9.956426 10.23198 10.3248 10.17169 9.869506 9.572573 9.384525 9.276008 9.367948 9.75475 10.27655 10.67996 10.79959 10.56024 10.07687 9.56196 9.095486 8.621587 8.127754 7.634539 7.13405 6.588544 6.14347 6.143112
10.10628 10.21412 10.4493 10.75358 11.01529 11.151 11.25143 11.44767 11.65819 11.9521 12.28217 12.54852 12.67684 12.61284 12.45688 12.25661 12.21539 12.29775 12.38397 12.35197 12.15638 11.8706 11.68614 11.75551 11.97862 12.13872 12.13742 11.9743 11.67016 11.27061 10.74516 10.2066 9.78627 9.52154 9.392101 9.294207 9.288979 9.479772 9.77914 10.09288 10.35745 10.41673 10.2458 9.945238 9.67463 9.504351 9.366962 9.330219 9.636387 10.18627 10.67525 10.87032 10.64966 10.12436 9.568993 9.064055 8.543472 8.02989 7.559968 7.089321 6.588722 6.17343 6.142221
10.30327 10.34875 10.5231 10.78642 11.07371 11.3328 11.54733 11.69539 11.86307 12.16068 12.51179 12.77897 12.84431 12.70055 12.44479 12.12444 11.96839 12.05319 12.18344 12.20043 12.03234 11.73692 11.50702 11.55729 11.86184 12.08484 12.13026 12.026 11.75764 11.30317 10.69869 10.12144 9.688225 9.408046 9.247407 9.160531 9.241768 9.546498 9.924266 10.27561 10.51669 10.56717 10.39416 10.06785 9.784763 9.609203 9.445398 9.348369 9.538641 10.05215 10.59364 10.88227 10.67228 10.1239 9.536619 9.004917 8.463427 7.947081 7.493451 7.069057 6.593931 6.215574 6.16847
10.52787 10.53987 10.65726 10.89493 11.17863 11.49977 11.78328 11.9516 12.0981 12.36698 12.71765 12.97998 13.00629 12.78971 12.40647 12.00368 11.74794 11.77689 11.91614 11.99187 11.89465 11.60936 11.33968 11.38438 11.72081 12.03116 12.15414 12.10018 11.81459 11.3209 10.67831 10.08855 9.646527 9.353971 9.184993 9.104848 9.236623 9.63887 10.10377 10.49592 10.72186 10.76829 10.57901 10.2177 9.869996 9.671097 9.487404 9.348549 9.488017 9.954652 10.4882 10.7803 10.56907 9.999938 9.394699 8.869012 8.378229 7.9203 7.503128 7.097191 6.61995 6.234555 6.185943
10.7382 10.74773 10.82219 11.01816 11.27937 11.58993 11.92938 12.17266 12.34639 12.58376 12.91199 13.17278 13.16508 12.83337 12.36219 11.91553 11.60714 11.54246 11.6451 11.73751 11.68646 11.44125 11.15263 11.1982 11.56199 11.91885 12.13236 12.12166 11.80809 11.28713 10.64824 10.07915 9.613042 9.33586 9.159737 9.107457 9.291415 9.750146 10.31348 10.76095 10.99736 11.02851 10.8114 10.40215 9.974148 9.675276 9.448668 9.313602 9.450987 9.888791 10.39281 10.62471 10.38648 9.793636 9.182925 8.698043 8.299699 7.923567 7.548848 7.139049 6.663644 6.275417 6.217532
10.90631 10.94036 10.98144 11.14163 11.40526 11.70684 12.05123 12.34607 12.57383 12.80578 13.09658 13.31574 13.25362 12.86874 12.35726 11.88805 11.54062 11.38631 11.41204 11.4726 11.42317 11.23713 10.99738 11.02151 11.39141 11.77932 12.0307 12.00837 11.66042 11.13128 10.52194 9.992382 9.600413 9.351584 9.241356 9.206546 9.398604 9.903208 10.53454 11.05779 11.31403 11.32786 11.0782 10.58578 10.03924 9.620144 9.338641 9.204581 9.345132 9.780525 10.26223 10.41646 10.10972 9.572576 9.010325 8.568432 8.227492 7.922585 7.571322 7.162152 6.688603 6.339623 6.296322
11.00306 11.09387 11.14571 11.29197 11.54814 11.85992 12.19166 12.49953 12.78139 13.02783 13.27382 13.44685 13.32317 12.92657 12.43019 11.94058 11.5765 11.40908 11.30086 11.21958 11.13293 10.99153 10.80623 10.88002 11.27987 11.70246 11.87312 11.72769 11.35549 10.83282 10.32906 9.900242 9.640547 9.479996 9.417479 9.407444 9.5856 10.08196 10.7538 11.34777 11.64512 11.63722 11.31011 10.72527 10.09548 9.600619 9.259661 9.09599 9.219914 9.593188 10.03091 10.11511 9.814 9.330204 8.860764 8.506968 8.22382 7.967371 7.661307 7.228003 6.747425 6.448263 6.421706
