py_wake/examples/data/AJ_ParqueFicticio/Rough survey   Sector 7   Height 30m   Weibull-k.grd
DSAA
73  159
 258469   265669
 6501692   6517492
 .5996094   2.455078
[rows 84 to 111 of 159, columns 0 to 62 of 73]
2.220703 2.220703 2.220703 2.220703 2.220703 2.220703 2.220703 2.224609 2.228516 2.228516 2.228516 2.228516 2.228516 2.228516 2.228516 2.228516 2.228516 2.228516 2.228516 2.228516 2.228516 2.228516 2.228516 2.228516 2.228516 2.228516 2.224609 2.224609 2.224609 2.228516 2.228516 2.228516 2.228516 2.220703 2.228516 2.224609 2.228516 2.224609 2.228516 2.228516 2.224609 2.224609 2.232422 2.244141 2.228516 2.224609 2.244141 2.251953 2.255859 2.244141 2.220703 2.220703 2.224609 2.228516 2.228516 2.228516 2.228516 2.224609 2.220703 2.228516 2.240234 2.248047 2.259766
2.220703 2.220703 2.220703 2.224609 2.220703 2.220703 2.220703 2.224609 2.224609 2.228516 2.228516 2.228516 2.228516 2.228516 2.228516 2.228516 2.228516 2.228516 2.228516 2.228516 2.228516 2.228516 2.228516 2.228516 2.228516 2.228516 2.228516 2.228516 2.224609 2.228516 2.224609 2.224609 2.228516 2.228516 2.228516 2.228516 2.228516 2.228516 2.228516 2.228516 2.228516 2.224609 2.224609 2.232422 2.236328 2.224609 2.244141 2.251953 2.251953 2.251953 2.244141 2.224609 2.228516 2.228516 2.228516 2.228516 2.224609 2.220703 2.224609 2.232422 2.244141 2.251953 2.251953
2.220703 2.220703 2.224609 2.228516 2.220703 2.220703 2.220703 2.220703 2.224609 2.228516 2.228516 2.228516 2.228516 2.228516 2.228516 2.228516 2.228516 2.228516 2.228516 2.228516 2.228516 2.228516 2.228516 2.228516 2.228516 2.228516 2.228516 2.228516 2.228516 2.228516 2.224609 2.224609 2.228516 2.228516 2.228516 2.228516 2.228516 2.228516 2.228516 2.228516 2.228516 2.228516 2.224609 2.228516 2.236328 2.236328 2.232422 2.248047 2.251953 2.248047 2.255859 2.240234 2.224609 2.220703 2.228516 2.228516 2.220703 2.224609 2.232422 2.240234 2.248047 2.255859 2.236328
2.220703 2.224609 2.228516 2.228516 2.220703 2.220703 2.220703 2.220703 2.220703 2.224609 2.228516 2.228516 2.228516 2.228516 2.228516 2.228516 2.228516 2.228516 2.228516 2.228516 2.228516 2.228516 2.228516 2.228516 2.228516 2.228516 2.228516 2.228516 2.228516 2.228516 2.228516 2.240234 2.228516 2.224609 2.228516 2.228516 2.228516 2.224609 2.228516 2.228516 2.228516 2.228516 2.220703 2.236328 2.240234 2.240234 2.236328 2.232422 2.248047 2.255859 2.255859 2.255859 2.240234 2.220703 2.220703 2.220703 2.220703 2.228516 2.244141 2.251953 2.255859 2.240234 2.212891
2.228516 2.232422 2.236328 2.228516 2.220703 2.220703 2.220703 2.220703 2.220703 2.224609 2.224609 2.228516 2.228516 2.228516 2.228516 2.228516 2.228516 2.228516 2.228516 2.228516 2.228516 2.228516 2.228516 2.228516 2.228516 2.228516 2.228516 2.228516 2.228516 2.228516 2.248047 2.251953 2.248047 2.236328 2.228516 2.220703 2.228516 2.228516 2.228516 2.228516 2.228516 2.224609 2.228516 2.236328 2.240234 2.236328 2.244141 2.232422 2.240234 2.248047 2.255859 2.244141 2.244141 2.244141 2.220703 2.228516 2.220703 2.232422 2.248047 2.259766 2.251953 2.248047 2.240234
2.236328 2.244141 2.232422 2.228516 2.224609 2.224609 2.220703 2.224609 2.224609 2.224609 2.228516 2.228516 2.228516 2.228516 2.228516 2.228516 2.228516 2.228516 2.228516 2.228516 2.228516 2.228516 2.228516 2.228516 2.228516 2.224609 2.228516 2.228516 2.224609 2.248047 2.251953 2.251953 2.251953 2.248047 2.236328 2.220703 2.228516 2.228516 2.228516 2.228516 2.224609 2.220703 2.228516 2.224609 2.228516 2.224609 2.232422 2.224609 2.220703 2.228516 2.240234 2.248047 2.177734 2.248047 2.224609 2.228516 2.228516 2.236328 2.255859 2.259766 2.248047 2.244141 2.248047
2.251953 2.248047 2.236328 2.236328 2.232422 2.228516 2.224609 2.224609 2.228516 2.228516 2.228516 2.228516 2.228516 2.228516 2.228516 2.228516 2.228516 2.228516 2.228516 2.228516 2.228516 2.228516 2.228516 2.228516 2.228516 2.244141 2.240234 2.228516 2.232422 2.251953 2.251953 2.251953 2.251953 2.244141 2.236328 2.224609 2.236328 2.224609 2.228516 2.228516 2.228516 2.224609 2.220703 2.220703 2.228516 2.224609 2.224609 2.232422 2.228516 2.224609 2.220703 2.232422 2.248047 2.146484 2.236328 2.228516 2.228516 2.224609 2.248047 2.255859 2.244141 2.236328 2.240234
2.251953 2.251953 2.248047 2.248047 2.244141 2.240234 2.232422 2.224609 2.224609 2.228516 2.228516 2.228516 2.228516 2.228516 2.228516 2.228516 2.228516 2.228516 2.228516 2.228516 2.228516 2.228516 2.228516 2.228516 2.224609 2.248047 2.248047 2.244141 2.240234 2.251953 2.255859 2.255859 2.255859 2.255859 2.228516 2.240234 2.251953 2.228516 2.228516 2.228516 2.224609 2.224609 2.220703 2.220703 2.228516 2.244141 2.240234 2.228516 2.224609 2.220703 2.224609 2.232422 2.236328 2.251953 2.224609 2.244141 2.228516 2.228516 2.220703 2.236328 2.271484 2.267578 2.240234
2.263672 2.263672 2.259766 2.255859 2.259766 2.248047 2.236328 2.232422 2.224609 2.228516 2.228516 2.228516 2.228516 2.228516 2.228516 2.224609 2.228516 2.228516 2.228516 2.228516 2.224609 2.228516 2.228516 2.228516 2.236328 2.251953 2.248047 2.248047 2.240234 2.251953 2.255859 2.255859 2.255859 2.251953 2.220703 2.232422 2.251953 2.251953 2.224609 2.228516 2.228516 2.220703 2.224609 2.236328 2.244141 2.244141 2.236328 2.236328 2.232422 2.232422 2.236328 2.232422 2.232422 2.228516 2.240234 2.228516 2.228516 2.224609 2.240234 2.259766 2.271484 2.291016 2.259766
2.275391 2.271484 2.267578 2.267578 2.259766 2.251953 2.244141 2.236328 2.228516 2.224609 2.228516 2.228516 2.228516 2.228516 2.228516 2.228516 2.232422 2.228516 2.228516 2.228516 2.251953 2.251953 2.224609 2.224609 2.244141 2.251953 2.248047 2.251953 2.248047 2.255859 2.255859 2.255859 2.248047 2.236328 2.236328 2.236328 2.248047 2.255859 2.236328 2.224609 2.224609 2.228516 2.244141 2.248047 2.244141 2.236328 2.232422 2.232422 2.244141 2.248047 2.244141 2.236328 2.236328 2.232422 2.244141 2.248047 2.251953 2.248047 2.248047 2.255859 2.236328 2.255859 2.279297
2.279297 2.279297 2.275391 2.271484 2.267578 2.255859 2.248047 2.244141 2.232422 2.228516 2.224609 2.228516 2.228516 2.228516 2.228516 2.224609 2.232422 2.228516 2.228516 2.228516 2.251953 2.212891 2.251953 2.236328 2.248047 2.244141 2.240234 2.248047 2.248047 2.251953 2.251953 2.251953 2.248047 2.236328 2.224609 2.236328 2.251953 2.255859 2.248047 2.244141 2.232422 2.240234 2.248047 2.248047 2.232422 2.224609 2.228516 2.232422 2.244141 2.248047 2.248047 2.244141 2.236328 2.236328 2.244141 2.248047 2.251953 2.248047 2.248047 2.255859 2.267578 2.185547 2.216797
2.283203 2.283203 2.279297 2.275391 2.267578 2.255859 2.255859 2.248047 2.236328 2.232422 2.232422 2.228516 2.228516 2.228516 2.228516 2.228516 2.228516 2.228516 2.228516 2.228516 2.248047 2.189453 2.224609 2.248047 2.248047 2.224609 2.216797 2.251953 2.248047 2.232422 2.228516 2.232422 2.244141 2.244141 2.240234 2.236328 2.251953 2.255859 2.255859 2.251953 2.251953 2.248047 2.248047 2.236328 2.224609 2.224609 2.228516 2.236328 2.240234 2.244141 2.244141 2.244141 2.248047 2.240234 2.244141 2.240234 2.248047 2.251953 2.248047 2.259766 2.279297 2.123047 2.158203
2.283203 2.283203 2.279297 2.275391 2.271484 2.259766 2.248047 2.244141 2.244141 2.240234 2.240234 2.236328 2.224609 2.228516 2.228516 2.228516 2.228516 2.228516 2.228516 2.228516 2.240234 2.212891 2.197266 2.224609 2.232422 2.220703 2.212891 2.248047 2.224609 2.228516 2.228516 2.232422 2.259766 2.259766 2.255859 2.244141 2.255859 2.248047 2.251953 2.255859 2.251953 2.244141 2.240234 2.232422 2.224609 2.224609 2.228516 2.232422 2.236328 2.236328 2.232422 2.236328 2.240234 2.228516 2.232422 2.240234 2.244141 2.255859 2.255859 2.255859 2.271484 2.251953 2.130859
2.283203 2.283203 2.275391 2.275391 2.271484 2.263672 2.248047 2.244141 2.248047 2.248047 2.244141 2.236328 2.232422 2.228516 2.228516 2.228516 2.228516 2.220703 2.228516 2.228516 2.240234 2.228516 2.201172 2.216797 2.232422 2.232422 2.244141 2.228516 2.228516 2.228516 2.224609 2.251953 2.248047 2.244141 2.251953 2.255859 2.255859 2.251953 2.255859 2.255859 2.236328 2.232422 2.228516 2.228516 2.224609 2.228516 2.224609 2.224609 2.220703 2.220703 2.224609 2.228516 2.224609 2.228516 2.228516 2.224609 2.248047 2.244141 2.244141 2.259766 2.267578 2.287109 2.166016
2.279297 2.279297 2.275391 2.267578 2.271484 2.267578 2.255859 2.244141 2.244141 2.244141 2.240234 2.236328 2.236328 2.224609 2.228516 2.228516 2.236328 2.248047 2.224609 2.224609 2.248047 2.236328 2.189453 2.201172 2.248047 2.236328 2.228516 2.228516 2.228516 2.224609 2.251953 2.244141 2.220703 2.216797 2.228516 2.244141 2.251953 2.259766 2.255859 2.244141 2.228516 2.220703 2.224609 2.224609 2.220703 2.220703 2.228516 2.228516 2.224609 2.228516 2.224609 2.228516 2.228516 2.228516 2.232422 2.251953 2.251953 2.248047 2.255859 2.248047 2.259766 2.279297 2.208984
2.267578 2.275391 2.271484 2.267578 2.267578 2.267578 2.263672 2.251953 2.244141 2.240234 2.232422 2.228516 2.224609 2.228516 2.228516 2.228516 2.236328 2.251953 2.248047 2.248047 2.251953 2.232422 2.212891 2.228516 2.236328 2.228516 2.228516 2.228516 2.228516 2.251953 2.244141 2.240234 2.244141 2.220703 2.189453 2.208984 2.251953 2.255859 2.255859 2.232422 2.224609 2.228516 2.224609 2.228516 2.228516 2.224609 2.224609 2.240234 2.224609 2.228516 2.228516 2.228516 2.228516 2.220703 2.240234 2.255859 2.255859 2.251953 2.255859 2.255859 2.259766 2.279297 2.208984
2.263672 2.275391 2.275391 2.267578 2.255859 2.259766 2.267578 2.259766 2.248047 2.236328 2.228516 2.228516 2.228516 2.228516 2.228516 2.228516 2.232422 2.251953 2.251953 2.251953 2.251953 2.232422 2.232422 2.244141 2.228516 2.228516 2.224609 2.248047 2.251953 2.251953 2.251953 2.251953 2.248047 2.240234 2.224609 2.224609 2.248047 2.255859 2.248047 2.228516 2.228516 2.228516 2.224609 2.228516 2.228516 2.224609 2.248047 2.244141 2.236328 2.228516 2.228516 2.224609 2.240234 2.244141 2.251953 2.255859 2.259766 2.259766 2.259766 2.259766 2.251953 2.236328 2.185547
2.275391 2.279297 2.275391 2.271484 2.255859 2.244141 2.259766 2.259766 2.251953 2.236328 2.228516 2.228516 2.228516 2.224609 2.220703 2.220703 2.236328 2.248047 2.251953 2.251953 2.251953 2.251953 2.251953 2.228516 2.228516 2.228516 2.251953 2.240234 2.248047 2.255859 2.255859 2.259766 2.255859 2.244141 2.244141 2.251953 2.255859 2.248047 2.244141 2.228516 2.228516 2.228516 2.224609 2.228516 2.228516 2.220703 2.255859 2.228516 2.251953 2.224609 2.228516 2.236328 2.251953 2.251953 2.255859 2.251953 2.255859 2.255859 2.255859 2.251953 2.220703 2.185547 2.099609
2.283203 2.279297 2.275391 2.275391 2.251953 2.236328 2.248047 2.255859 2.255859 2.236328 2.224609 2.228516 2.220703 2.228516 2.236328 2.240234 2.244141 2.248047 2.251953 2.248047 2.244141 2.244141 2.224609 2.224609 2.224609 2.248047 2.248047 2.244141 2.251953 2.251953 2.248047 2.255859 2.259766 2.255859 2.255859 2.255859 2.248047 2.232422 2.228516 2.228516 2.228516 2.228516 2.224609 2.220703 2.228516 2.232422 2.255859 2.251953 2.244141 2.228516 2.228516 2.240234 2.251953 2.244141 2.240234 2.248047 2.251953 2.251953 2.251953 2.255859 2.248047 1.568359 1.978516
2.283203 2.279297 2.275391 2.275391 2.248047 2.232422 2.236328 2.232422 2.240234 2.232422 2.224609 2.228516 2.228516 2.244141 2.251953 2.251953 2.251953 2.248047 2.240234 2.232422 2.228516 2.224609 2.228516 2.236328 2.248047 2.255859 2.251953 2.251953 2.251953 2.244141 2.244141 2.251953 2.259766 2.259766 2.255859 2.248047 2.236328 2.220703 2.232422 2.240234 2.228516 2.228516 2.232422 2.232422 2.232422 2.251953 2.259766 2.236328 2.236328 2.232422 2.228516 2.232422 2.251953 2.236328 2.236328 2.251953 2.251953 2.255859 2.255859 2.255859 2.173828 1.810547 1.861328
2.267578 2.283203 2.279297 2.271484 2.251953 2.248047 2.236328 2.228516 2.228516 2.224609 2.228516 2.220703 2.236328 2.251953 2.255859 2.255859 2.255859 2.248047 2.240234 2.228516 2.224609 2.232422 2.240234 2.248047 2.251953 2.240234 2.228516 2.228516 2.228516 2.236328 2.251953 2.255859 2.259766 2.255859 2.251953 2.236328 2.224609 2.228516 2.236328 2.224609 2.228516 2.224609 2.232422 2.228516 2.220703 2.240234 2.255859 2.251953 2.224609 2.232422 2.224609 2.220703 2.248047 2.251953 2.251953 2.244141 2.244141 2.251953 2.259766 2.255859 2.130859 1.873047 2.052734
2.228516 2.232422 2.255859 2.263672 2.259766 2.259766 2.232422 2.224609 2.224609 2.224609 2.220703 2.224609 2.248047 2.255859 2.248047 2.255859 2.259766 2.251953 2.244141 2.236328 2.240234 2.244141 2.248047 2.240234 2.228516 2.220703 2.228516 2.228516 2.224609 2.240234 2.255859 2.255859 2.259766 2.255859 2.244141 2.228516 2.232422 2.255859 2.236328 2.228516 2.228516 2.220703 2.220703 2.220703 2.220703 2.248047 2.240234 2.240234 2.251953 2.220703 2.224609 2.224609 2.232422 2.255859 2.259766 2.251953 2.248047 2.259766 2.255859 2.267578 2.212891 1.841797 2.068359
2.228516 2.228516 2.228516 2.228516 2.251953 2.255859 2.224609 2.224609 2.224609 2.224609 2.228516 2.244141 2.255859 2.248047 2.236328 2.232422 2.259766 2.255859 2.248047 2.236328 2.244141 2.244141 2.248047 2.236328 2.236328 2.228516 2.228516 2.228516 2.224609 2.240234 2.255859 2.255859 2.255859 2.255859 2.240234 2.240234 2.263672 2.259766 2.228516 2.228516 2.228516 2.224609 2.224609 2.224609 2.248047 2.255859 2.236328 2.201172 2.244141 2.251953 2.224609 2.224609 2.224609 2.255859 2.259766 2.259766 2.255859 2.259766 2.271484 2.275391 2.255859 1.759766 1.982422
2.228516 2.224609 2.224609 2.228516 2.228516 2.232422 2.224609 2.224609 2.240234 2.244141 2.244141 2.251953 2.251953 2.224609 2.216797 2.205078 2.228516 2.259766 2.244141 2.236328 2.232422 2.240234 2.248047 2.244141 2.248047 2.244141 2.236328 2.224609 2.220703 2.232422 2.244141 2.248047 2.248047 2.244141 2.240234 2.251953 2.263672 2.259766 2.232422 2.228516 2.228516 2.224609 2.224609 2.255859 2.255859 2.251953 2.248047 2.224609 2.220703 2.248047 2.251953 2.240234 2.248047 2.255859 2.259766 2.263672 2.271484 2.283203 2.287109 2.287109 2.271484 1.744141 1.947266
2.236328 2.224609 2.224609 2.224609 2.220703 2.228516 2.228516 2.220703 2.248047 2.251953 2.251953 2.251953 2.244141 2.228516 2.193359 2.205078 2.185547 2.240234 2.251953 2.228516 2.228516 2.236328 2.251953 2.251953 2.240234 2.240234 2.244141 2.240234 2.220703 2.224609 2.236328 2.251953 2.255859 2.255859 2.251953 2.255859 2.263672 2.263672 2.236328 2.228516 2.228516 2.224609 2.251953 2.236328 2.220703 2.236328 2.248047 2.255859 2.244141 2.248047 2.255859 2.255859 2.255859 2.259766 2.259766 2.267578 2.267578 2.275391 2.283203 2.287109 2.291016 1.677734 1.689453
2.255859 2.228516 2.232422 2.232422 2.236328 2.232422 2.224609 2.224609 2.240234 2.251953 2.251953 2.251953 2.251953 2.220703 2.216797 2.212891 2.201172 2.162109 2.248047 2.244141 2.232422 2.240234 2.251953 2.251953 2.236328 2.240234 2.240234 2.228516 2.236328 2.236328 2.248047 2.251953 2.255859 2.267578 2.267578 2.267578 2.263672 2.263672 2.240234 2.228516 2.224609 2.244141 2.251953 2.212891 2.189453 2.208984 2.240234 2.251953 2.255859 2.255859 2.255859 2.255859 2.255859 2.255859 2.255859 2.259766 2.255859 2.263672 2.275391 2.283203 2.294922 1.908203 1.615234
2.251953 2.240234 2.232422 2.232422 2.236328 2.240234 2.232422 2.224609 2.232422 2.248047 2.251953 2.251953 2.251953 2.251953 2.236328 2.205078 2.189453 2.130859 2.169922 2.251953 2.248047 2.240234 2.244141 2.248047 2.220703 2.224609 2.220703 2.224609 2.240234 2.263672 2.263672 2.255859 2.248047 2.248047 2.263672 2.267578 2.255859 2.255859 2.232422 2.228516 2.224609 2.251953 2.240234 2.205078 2.181641 2.189453 2.220703 2.240234 2.251953 2.255859 2.255859 2.255859 2.244141 2.244141 2.255859 2.251953 2.251953 2.255859 2.267578 2.279297 2.279297 2.197266 2.013672
2.244141 2.248047 2.236328 2.224609 2.224609 2.228516 2.228516 2.224609 2.232422 2.248047 2.251953 2.248047 2.244141 2.251953 2.251953 2.244141 2.236328 2.228516 2.048828 2.083984 2.244141 2.251953 2.248047 2.251953 2.228516 2.228516 2.224609 2.224609 2.248047 2.263672 2.212891 2.185547 2.201172 2.236328 2.259766 2.255859 2.259766 2.240234 2.220703 2.220703 2.228516 2.251953 2.236328 2.205078 2.189453 2.189453 2.205078 2.216797 2.216797 2.240234 2.255859 2.244141 2.228516 2.248047 2.251953 2.251953 2.251953 2.248047 2.255859 2.271484 2.232422 2.212891 2.166016
