py_wake/examples/data/AJ_ParqueFicticio/Rough survey   Sector 1   Height 200m   Weibull-A.grd
DSAA
73  159
 258469   265669
 6501692   6517492
 4.051715   8.662121
[rows 112 to 139 of 159, columns 0 to 62 of 73]
7.641374 7.614573 7.584896 7.57794 7.575414 7.570188 7.566418 7.586196 7.630584 7.653574 7.655652 7.649558 7.593606 7.522817 7.425374 7.290703 7.160048 7.078363 7.012257 6.965275 7.006378 7.136305 7.283127 7.457373 7.618936 7.734207 7.791163 7.776038 7.7049 7.643204 7.598592 7.551974 7.496042 7.441134 7.372445 7.335985 7.36381 7.444425 7.560373 7.669262 7.753517 7.765989 7.700235 7.577028 7.437013 7.303668 7.195877 7.117677 7.084909 7.116026 7.137921 7.105588 7.012457 6.900386 6.826697 6.770612 6.737171 6.700217 6.651786 6.595198 6.53632 6.481309 6.476129
7.833002 7.804866 7.788345 7.790684 7.80118 7.811162 7.827519 7.841425 7.855733 7.854742 7.842173 7.821022 7.753351 7.660182 7.545144 7.41571 7.315012 7.236532 7.137108 7.027207 6.975612 7.014892 7.145991 7.336284 7.508555 7.612766 7.640625 7.588417 7.519897 7.501072 7.51655 7.594157 7.680958 7.717715 7.707829 7.703938 7.732248 7.789558 7.879583 7.958862 8.032367 8.020861 7.913122 7.748962 7.563175 7.384994 7.225766 7.094865 6.983042 6.910271 6.881517 6.847704 6.776806 6.727971 6.68997 6.683247 6.677471 6.666722 6.643223 6.594656 6.54108 6.468858 6.40458
7.99006 7.975194 7.979128 7.990588 8.009963 8.035683 8.058614 8.078896 8.080827 8.057588 8.038303 8.006448 7.91213 7.799711 7.679357 7.585911 7.52773 7.464872 7.348638 7.208985 7.094499 7.035457 7.056047 7.179732 7.334116 7.432483 7.458487 7.414771 7.35315 7.361432 7.433648 7.564517 7.714946 7.833847 7.93484 8.022037 8.10702 8.176032 8.242817 8.304296 8.348944 8.30676 8.171151 7.986175 7.76949 7.557885 7.35044 7.16419 7.0007 6.845136 6.743393 6.679267 6.623177 6.607339 6.60616 6.61393 6.626715 6.627347 6.628633 6.611309 6.576482 6.511095 6.410573
8.010735 8.041004 8.071919 8.103464 8.135333 8.163157 8.203908 8.22801 8.236531 8.230725 8.220137 8.171137 8.079267 7.980999 7.889034 7.838879 7.813108 7.767652 7.659875 7.535497 7.391645 7.241001 7.107045 7.071993 7.130911 7.203491 7.240226 7.223994 7.202003 7.226664 7.336767 7.484176 7.627704 7.785683 7.965083 8.17166 8.354147 8.476253 8.541731 8.599025 8.61841 8.568843 8.432752 8.247044 8.021592 7.78024 7.52725 7.297066 7.090652 6.905685 6.750106 6.63184 6.56275 6.546151 6.558341 6.570606 6.575683 6.593455 6.595407 6.598896 6.581717 6.524878 6.43391
7.841266 7.921444 7.977384 8.046718 8.10825 8.162197 8.220197 8.264823 8.306976 8.341202 8.353694 8.319209 8.259724 8.197572 8.146034 8.118671 8.101387 8.072639 8.003206 7.896494 7.746593 7.538198 7.307981 7.100726 6.9973 7.018169 7.05366 7.054511 7.071282 7.155666 7.286759 7.414694 7.553817 7.718565 7.941842 8.178818 8.396564 8.562064 8.641754 8.661071 8.662121 8.617908 8.508566 8.344936 8.143041 7.909882 7.656997 7.40631 7.172353 6.97077 6.79752 6.665199 6.578296 6.53427 6.522834 6.524349 6.52792 6.53527 6.545417 6.547836 6.537016 6.49311 6.418827
7.512079 7.619466 7.714471 7.816882 7.923053 8.034374 8.122617 8.211811 8.287805 8.355309 8.38676 8.379165 8.364899 8.347232 8.326149 8.298405 8.255961 8.21301 8.148611 8.057005 7.926381 7.746658 7.504264 7.243721 7.018809 6.916723 6.931481 6.965366 7.032922 7.146191 7.26201 7.366771 7.518593 7.696813 7.900062 8.090472 8.25348 8.355268 8.390018 8.393586 8.381638 8.342968 8.25351 8.128859 7.989078 7.821115 7.613369 7.390842 7.174255 6.977354 6.818411 6.696905 6.606876 6.546556 6.510891 6.488273 6.478618 6.465777 6.452267 6.449914 6.440071 6.391415 6.317805
7.097599 7.226534 7.355802 7.502971 7.671419 7.838583 7.979563 8.090323 8.183377 8.238037 8.247285 8.262918 8.285976 8.289829 8.294271 8.263753 8.18551 8.083056 8.000908 7.904014 7.799663 7.676807 7.523498 7.324025 7.105511 6.936637 6.875715 6.918756 7.036962 7.14443 7.230052 7.318205 7.456078 7.600513 7.730454 7.84461 7.933747 7.988314 7.967872 7.915759 7.874968 7.838606 7.773003 7.679434 7.574318 7.467209 7.342707 7.188609 7.042428 6.899059 6.786042 6.692918 6.627295 6.572145 6.529827 6.491762 6.464049 6.429127 6.379152 6.31345 6.24332 6.188317 6.111155
6.747746 6.893431 7.066557 7.273003 7.483035 7.686456 7.85716 7.992878 8.084835 8.092066 8.041498 8.011875 8.000653 8.007066 8.02314 8.01941 7.941983 7.817282 7.676945 7.550949 7.450071 7.367411 7.30598 7.252565 7.13754 7.012505 6.924883 6.91561 7.005086 7.098566 7.156102 7.223591 7.321039 7.403452 7.477823 7.551622 7.615377 7.652756 7.586241 7.479558 7.376791 7.323358 7.280176 7.221781 7.131465 7.042557 6.960934 6.880716 6.807463 6.738418 6.68468 6.643128 6.605661 6.573102 6.540561 6.504713 6.458408 6.402321 6.314906 6.193204 6.05977 5.970224 5.91201
6.653073 6.79391 6.982627 7.191028 7.404325 7.608737 7.780755 7.924773 8.012792 7.989854 7.885661 7.774394 7.700071 7.660136 7.67245 7.685792 7.644073 7.531435 7.388876 7.250612 7.134759 7.064024 7.035671 7.051301 7.060483 7.008157 6.940917 6.899726 6.916867 6.973 7.02295 7.088832 7.162805 7.19703 7.24907 7.315387 7.391509 7.427311 7.362499 7.23581 7.082547 6.969187 6.913045 6.872615 6.819615 6.741829 6.683326 6.628852 6.586082 6.574817 6.55524 6.536254 6.533459 6.517753 6.490588 6.452125 6.390539 6.294142 6.164101 6.032802 5.925045 5.864096 5.83783
6.806797 6.913728 7.056163 7.228317 7.404878 7.587038 7.738815 7.859448 7.910754 7.900839 7.812788 7.673113 7.526453 7.42279 7.374081 7.353885 7.321875 7.25241 7.164209 7.059734 6.953436 6.873383 6.821135 6.830767 6.862058 6.874382 6.856744 6.821011 6.802361 6.828921 6.885882 6.965731 7.012717 7.053317 7.121034 7.197368 7.270187 7.301336 7.235763 7.113622 6.954772 6.788305 6.676532 6.623049 6.602016 6.581455 6.55015 6.525412 6.503011 6.479484 6.472448 6.450698 6.426591 6.410853 6.37623 6.320719 6.231427 6.112679 5.997808 5.922823 5.903349 5.9011 5.959157
7.024297 7.095098 7.194412 7.319422 7.454959 7.583338 7.701734 7.774297 7.787875 7.7961 7.781746 7.679914 7.543622 7.413815 7.263779 7.14362 7.054525 6.983828 6.940183 6.883475 6.806606 6.746736 6.692255 6.658526 6.663337 6.683738 6.718831 6.733584 6.717472 6.721673 6.789672 6.872093 6.935362 7.021773 7.109823 7.182541 7.22027 7.186242 7.099309 6.986514 6.844932 6.671821 6.520806 6.436755 6.422472 6.445141 6.464703 6.485504 6.478796 6.458184 6.433173 6.397827 6.340987 6.279869 6.201317 6.123165 6.040092 5.957404 5.905166 5.926962 6.002183 6.081628 6.191666
7.225317 7.300544 7.376422 7.45706 7.528533 7.592442 7.628751 7.614776 7.605512 7.628187 7.683562 7.679903 7.62517 7.512295 7.360831 7.193604 7.039721 6.915754 6.832648 6.779317 6.733627 6.692747 6.670797 6.635816 6.600733 6.580112 6.57035 6.608351 6.646492 6.673019 6.739382 6.840092 6.940423 7.052194 7.133867 7.170022 7.133919 7.03337 6.90307 6.794262 6.689295 6.564452 6.43455 6.336877 6.298827 6.312688 6.355164 6.402246 6.437761 6.439163 6.417896 6.36021 6.288139 6.180411 6.053927 5.943131 5.862375 5.830842 5.885746 6.016209 6.163038 6.29171 6.393807
7.378959 7.486365 7.560044 7.599963 7.619621 7.597073 7.507844 7.426497 7.365633 7.378234 7.472144 7.547719 7.58725 7.570901 7.496952 7.387696 7.265223 7.145205 7.043102 6.966318 6.918803 6.879322 6.837698 6.778116 6.69904 6.612096 6.563646 6.559012 6.582394 6.628118 6.703723 6.830394 6.954711 7.053121 7.103796 7.095343 7.002974 6.848098 6.712255 6.603325 6.507405 6.442852 6.38403 6.317191 6.263024 6.243706 6.240452 6.27404 6.319132 6.363169 6.360221 6.308052 6.212894 6.080868 5.949465 5.839091 5.764496 5.804704 5.919766 6.10588 6.275758 6.405244 6.497933
7.437106 7.581568 7.670812 7.695609 7.669179 7.569464 7.416423 7.257617 7.141741 7.12547 7.206032 7.305167 7.397527 7.461762 7.475307 7.466579 7.438514 7.407193 7.359784 7.312247 7.265499 7.206537 7.109556 6.984754 6.862913 6.754245 6.717162 6.698388 6.68575 6.677572 6.706572 6.797627 6.887841 6.967445 6.996377 6.960129 6.834449 6.695348 6.573226 6.469284 6.376616 6.31399 6.287525 6.271897 6.248791 6.224421 6.202701 6.180273 6.173247 6.198956 6.206501 6.158445 6.055005 5.924284 5.826209 5.759042 5.751569 5.838765 5.987501 6.152193 6.304452 6.429358 6.527154
7.432432 7.589954 7.694061 7.722967 7.672379 7.553203 7.370113 7.188187 7.038233 6.941541 6.948832 7.025447 7.137501 7.206264 7.242704 7.281649 7.331041 7.409017 7.477185 7.502942 7.467954 7.386714 7.262636 7.119514 6.995936 6.921415 6.892995 6.882734 6.830978 6.763503 6.719794 6.73068 6.776164 6.8248 6.84663 6.800615 6.683675 6.567057 6.45098 6.345727 6.271564 6.215394 6.172404 6.161747 6.161274 6.160733 6.148567 6.117979 6.077775 6.029282 6.005672 5.949417 5.86166 5.782067 5.735904 5.741874 5.803688 5.920907 6.075831 6.182292 6.290272 6.395688 6.478656
7.385246 7.548359 7.6603 7.707721 7.6455 7.521984 7.358254 7.188506 7.020466 6.865726 6.770972 6.791348 6.873344 6.921854 6.964618 7.028957 7.080239 7.190742 7.303347 7.368716 7.360622 7.306321 7.218246 7.12145 7.019361 6.955277 6.93262 6.900854 6.843227 6.753205 6.672365 6.631011 6.662748 6.695746 6.69866 6.62167 6.524193 6.429243 6.318365 6.205149 6.135318 6.099247 6.081263 6.063876 6.061594 6.061506 6.073538 6.076542 6.045364 5.976491 5.909336 5.843926 5.801576 5.794727 5.820136 5.880344 5.973713 6.066069 6.160263 6.198482 6.247196 6.312567 6.364683
7.262502 7.448904 7.581309 7.630911 7.567122 7.444963 7.284784 7.121269 6.971882 6.826201 6.701979 6.635943 6.662086 6.707888 6.763742 6.822561 6.835276 6.892406 6.977836 7.044963 7.065711 7.063999 7.020869 6.976244 6.922545 6.842691 6.771895 6.71352 6.655868 6.592744 6.520463 6.489677 6.508564 6.519165 6.49637 6.394425 6.312047 6.236444 6.146599 6.060738 6.001751 5.972486 5.969779 5.975054 5.994207 5.998141 6.01391 6.037809 6.062997 6.025918 5.962222 5.903979 5.904037 5.967936 6.065662 6.162333 6.237403 6.262231 6.241483 6.203963 6.19743 6.214697 6.245714
7.152343 7.335338 7.47104 7.51044 7.444291 7.301163 7.139162 6.985991 6.860961 6.74393 6.637149 6.557643 6.521313 6.572512 6.643447 6.683008 6.677501 6.647459 6.665241 6.706136 6.746879 6.787989 6.780717 6.772297 6.785282 6.741456 6.644358 6.526881 6.453238 6.400766 6.345701 6.296107 6.277605 6.260972 6.226687 6.143313 6.087129 6.046533 6.006154 5.958134 5.932271 5.912124 5.900676 5.898269 5.925399 5.960653 5.988322 6.014315 6.043123 6.049197 6.016439 6.003191 6.053982 6.179045 6.318467 6.41635 6.450867 6.413748 6.333136 6.263169 6.195336 6.178587 6.215646
7.153027 7.278525 7.359655 7.349874 7.281054 7.170743 7.059064 6.927693 6.801859 6.70467 6.625844 6.546486 6.494325 6.507082 6.558092 6.58717 6.585003 6.539883 6.480556 6.468162 6.491408 6.546605 6.579549 6.614141 6.664447 6.67002 6.61544 6.525904 6.437889 6.374239 6.285719 6.172796 6.084525 6.032545 5.985219 5.933323 5.924042 5.944488 5.972038 5.970272 5.96085 5.942648 5.920746 5.904632 5.902059 5.92908 5.970465 6.000305 6.010701 6.016976 6.023252 6.071738 6.17423 6.326352 6.458549 6.539044 6.558509 6.528052 6.447556 6.387598 6.322763 6.247849 6.223629
7.223614 7.269065 7.26866 7.228166 7.147956 7.077233 7.047242 6.979221 6.892088 6.802663 6.727554 6.648873 6.573552 6.501215 6.500182 6.526442 6.54495 6.506368 6.438091 6.366765 6.349801 6.382463 6.416612 6.473064 6.550525 6.600694 6.640882 6.635569 6.589666 6.526255 6.419953 6.263439 6.095733 5.946398 5.871399 5.830944 5.858255 5.929513 5.996408 6.036547 6.045935 6.038231 6.031535 6.02064 6.009091 5.993528 5.97908 5.977952 5.972239 5.971659 6.008523 6.113053 6.265547 6.408286 6.512351 6.580928 6.615355 6.625072 6.595895 6.526284 6.447825 6.344038 6.270361
7.258949 7.210448 7.178212 7.130039 7.04799 6.996097 6.987794 6.993472 6.976652 6.891984 6.814441 6.737645 6.633395 6.530485 6.464757 6.467906 6.482338 6.485042 6.425989 6.352126 6.292472 6.283075 6.306096 6.355605 6.440188 6.526628 6.624131 6.704662 6.691723 6.650642 6.579513 6.447083 6.285978 6.106012 5.953543 5.857404 5.868493 5.92652 5.987972 6.051073 6.094067 6.120929 6.13094 6.140171 6.13033 6.095491 6.038788 5.978561 5.935442 5.921978 5.996283 6.138512 6.302181 6.436111 6.519832 6.583527 6.634077 6.661597 6.671196 6.62202 6.547865 6.457998 6.367373
7.268141 7.146832 7.066808 7.010195 6.940942 6.91468 6.917591 6.959592 6.985271 6.926403 6.837883 6.730392 6.622816 6.50948 6.408453 6.372984 6.364442 6.372026 6.363061 6.319418 6.267614 6.235232 6.232695 6.268877 6.33755 6.420575 6.519891 6.596108 6.631079 6.627592 6.599394 6.547355 6.438331 6.269997 6.105376 5.978679 5.899778 5.8846 5.919172 5.982778 6.041442 6.078506 6.124106 6.160292 6.165549 6.115253 6.059206 5.983025 5.912408 5.89105 5.966824 6.089088 6.221215 6.350242 6.460244 6.54414 6.608857 6.66383 6.70582 6.706044 6.639911 6.574719 6.486857
7.299142 7.124191 6.992187 6.912841 6.867617 6.871065 6.899303 6.948423 6.998654 6.982421 6.896041 6.758039 6.602619 6.473892 6.345553 6.254567 6.206662 6.221052 6.244929 6.243568 6.220689 6.190624 6.177524 6.199129 6.243989 6.295469 6.367086 6.439332 6.466155 6.484855 6.458867 6.432241 6.384164 6.302299 6.170058 6.045571 5.930244 5.869409 5.85772 5.891276 5.951551 5.988137 6.031356 6.067409 6.070518 6.042133 5.99744 5.932335 5.8744 5.852827 5.916868 6.002093 6.098511 6.213038 6.341161 6.454884 6.554566 6.624476 6.69147 6.726048 6.717175 6.66272 6.60199
7.36869 7.162628 6.991451 6.893627 6.859125 6.85611 6.848061 6.858439 6.907652 6.935133 6.910778 6.814142 6.666622 6.499602 6.340966 6.195085 6.108687 6.098176 6.121761 6.152631 6.160264 6.156975 6.154879 6.173026 6.197544 6.218417 6.263199 6.293746 6.321856 6.339567 6.312643 6.263239 6.217945 6.179947 6.113665 6.02074 5.935959 5.853807 5.816757 5.837358 5.886242 5.926927 5.940621 5.944129 5.940698 5.910599 5.869453 5.827843 5.811417 5.81407 5.872649 5.940254 6.000643 6.078514 6.192354 6.318653 6.440658 6.549531 6.622172 6.683151 6.717511 6.710132 6.653637
7.414389 7.215061 7.029457 6.898129 6.839087 6.793301 6.710736 6.662681 6.684503 6.725551 6.753522 6.748338 6.679176 6.571096 6.419055 6.261688 6.115163 6.031333 6.03146 6.053499 6.085267 6.132266 6.156773 6.18937 6.214314 6.225002 6.226491 6.193098 6.192239 6.191716 6.18618 6.139532 6.071085 6.023114 5.986009 5.942749 5.898599 5.850909 5.824166 5.833863 5.881222 5.909382 5.903194 5.876999 5.844783 5.813911 5.794209 5.796228 5.813806 5.84472 5.892981 5.921978 5.943483 5.975307 6.041397 6.143775 6.267604 6.389764 6.504413 6.57839 6.649839 6.679355 6.664143
7.354958 7.17753 7.015141 6.864939 6.769267 6.661659 6.536496 6.485747 6.469811 6.463558 6.480637 6.527233 6.561676 6.526886 6.451216 6.32283 6.185081 6.059865 5.994077 5.980389 6.020016 6.081222 6.129375 6.197675 6.227568 6.234351 6.203699 6.134676 6.084053 6.048687 6.040889 6.025669 5.978605 5.918413 5.882573 5.866713 5.856955 5.841722 5.82524 5.845267 5.89399 5.913733 5.913947 5.884989 5.850216 5.828793 5.840478 5.893494 5.93516 5.950824 5.945995 5.928616 5.906508 5.900755 5.915025 5.959317 6.048571 6.161527 6.29419 6.413049 6.505241 6.583866 6.614828
7.173776 7.053265 6.925478 6.784678 6.646894 6.513496 6.421104 6.394857 6.35511 6.291354 6.254258 6.288364 6.344048 6.366471 6.354406 6.328341 6.23472 6.132949 6.043876 5.989325 5.986886 6.040093 6.087924 6.156024 6.197241 6.2003 6.157927 6.081324 6.014693 5.958897 5.929902 5.924393 5.917747 5.890316 5.855822 5.834292 5.828177 5.821006 5.812945 5.821015 5.859702 5.883901 5.885132 5.878226 5.886221 5.891244 5.921684 5.966731 6.003412 6.006023 5.990156 5.969847 5.933136 5.895441 5.864041 5.844312 5.85617 5.925505 6.03883 6.180976 6.317711 6.424338 6.513392
6.976041 6.882962 6.793355 6.658833 6.521758 6.418902 6.37624 6.355766 6.324026 6.261721 6.190718 6.150175 6.161093 6.19478 6.205105 6.233446 6.219273 6.175163 6.138484 6.081903 6.035024 6.033829 6.070746 6.131057 6.143265 6.13835 6.104136 6.043471 5.983744 5.930761 5.884859 5.863359 5.871448 5.87452 5.855943 5.844991 5.826643 5.813264 5.807082 5.795891 5.804086 5.814133 5.830106 5.832089 5.854501 5.885686 5.907161 5.944036 5.984859 5.998291 6.023498 6.06145 6.050574 5.995141 5.918323 5.831081 5.782865 5.779524 5.838004 5.95744 6.105795 6.241379 6.349279
