py_wake/examples/data/AJ_ParqueFicticio/Rough survey   Sector 4   Height 200m   Orographic speed.grd
DSAA
73  159
 258469   265669
 6501692   6517492
 .6149352   1.475263
[rows 0 to 27 of 159, columns 0 to 62 of 73]
.9708233 .969982 .9701924 .9705764 .97095 .9715465 .9726077 .9732551 .9736775 .9737612 .9736953 .9729524 .9720742 .9700229 .9675314 .9647074 .9613258 .9581419 .9540272 .9509643 .9514672 .9625766 .9780994 .9884136 .9842885 .9695111 .959912 .9679529 .9760041 .9769388 .9752636 .9771819 .9773526 .9795245 .9858187 .9993284 1.019715 1.040348 1.050205 1.054636 1.058388 1.062525 1.065948 1.068588 1.067695 1.065879 1.062753 1.06002 1.058124 1.05681 1.055708 1.054512 1.053938 1.054436 1.053986 1.054044 1.054469 1.053353 1.051842 1.048715 1.045048 1.040758 1.035221
.9745158 .9721108 .9709408 .9707406 .9711453 .9718305 .9725727 .9736935 .974122 .9742168 .9741091 .9733928 .972164 .9704258 .9676058 .9639106 .9601613 .9559465 .9503921 .9462317 .9480441 .962709 .9854921 1.001337 .9973379 .9808951 .9657066 .9703254 .9770547 .9783579 .9786038 .9779879 .9773878 .9785239 .9824802 .9950364 1.014003 1.035296 1.04607 1.050432 1.053511 1.058441 1.065453 1.068997 1.065854 1.063579 1.061398 1.059163 1.057611 1.056075 1.055838 1.05569 1.056009 1.056928 1.057048 1.057786 1.057884 1.057161 1.053969 1.050908 1.046673 1.041495 1.035557
.9804519 .9754576 .9717091 .9710065 .9716884 .9724305 .9731285 .9738197 .9744461 .9746403 .9748054 .9742416 .9731964 .9716988 .9686912 .9636984 .9588333 .9536082 .9476568 .9432135 .94653 .9619769 .9874325 1.007146 1.011074 .9938595 .9766276 .9734517 .9772748 .9788579 .9801353 .979193 .9781379 .9775179 .9781138 .98625 1.00263 1.025978 1.039159 1.044981 1.04796 1.055118 1.063057 1.069392 1.066762 1.06211 1.058896 1.05709 1.056384 1.05488 1.055235 1.057161 1.058205 1.058753 1.059761 1.061078 1.061486 1.060584 1.058271 1.054338 1.049447 1.042782 1.03625
.9887006 .9803492 .9739077 .9722471 .9721944 .9729121 .9739757 .9745895 .9748979 .9751164 .9746679 .9749531 .9748945 .9737107 .9699783 .9638039 .9582086 .952098 .9458336 .9412364 .9455259 .9618143 .9867735 1.008782 1.018275 1.005632 .9880534 .980704 .9801622 .9809735 .981988 .9829741 .9804953 .9755278 .9725532 .9769292 .9893299 1.01194 1.02956 1.036715 1.042904 1.053199 1.063487 1.069615 1.069894 1.063519 1.057765 1.055658 1.05483 1.053859 1.05572 1.0588 1.060029 1.062169 1.064535 1.065927 1.067093 1.066364 1.06394 1.059074 1.053167 1.046205 1.03829
.9942675 .9857149 .9779765 .9747916 .9732133 .9739362 .975147 .976276 .9761686 .9757568 .9751887 .973704 .9749858 .975363 .9712689 .9647011 .9578788 .9512864 .9450381 .9408076 .9466851 .9627756 .9857195 1.008262 1.021064 1.014363 1.000366 .9908208 .9866072 .9855735 .9855248 .9860807 .9800071 .9718997 .9680957 .96804 .9790266 .9973972 1.015828 1.024746 1.037886 1.05449 1.067198 1.069976 1.070915 1.064187 1.057151 1.054299 1.052676 1.053822 1.055543 1.059219 1.062039 1.065754 1.069019 1.072019 1.073747 1.073152 1.07045 1.065642 1.058965 1.04925 1.038764
.9965485 .9899775 .9844664 .9802338 .9759072 .9749908 .9770551 .9781944 .9774308 .9766949 .9763936 .9740297 .9743419 .9764085 .9727654 .9670001 .959454 .9515213 .9454644 .9441315 .9519315 .9683278 .9872631 1.007997 1.022601 1.021153 1.009915 .9999774 .9932187 .9901523 .9879313 .9861516 .9805639 .9750608 .9691898 .9669744 .9738281 .9876243 .9997922 1.010052 1.031011 1.058115 1.071276 1.070773 1.067529 1.063005 1.05812 1.055732 1.052932 1.051948 1.054804 1.058432 1.062981 1.068521 1.07472 1.080023 1.082892 1.082943 1.080615 1.075008 1.066244 1.053849 1.038529
.9965783 .9932755 .9908352 .987515 .9814401 .9770922 .9791458 .9799757 .9789678 .9780064 .9769549 .9745714 .9736336 .9754987 .9743639 .9697773 .9630635 .9542809 .947381 .9440799 .9525579 .9704654 .990015 1.009271 1.023889 1.025567 1.018157 1.008106 .9986774 .9916968 .986981 .9833082 .9814537 .9755448 .9703362 .9668651 .9695097 .9768944 .9840837 .9969572 1.02734 1.058388 1.071777 1.067694 1.061631 1.058799 1.058511 1.058186 1.052754 1.049431 1.051505 1.056411 1.063374 1.071933 1.081659 1.089738 1.094145 1.095233 1.09313 1.085504 1.073556 1.055338 1.033858
.9965601 .9950128 .9929962 .9905875 .9857481 .9817255 .9812717 .9818355 .9802176 .978845 .9767994 .9753983 .9755305 .9777622 .9774055 .9741633 .9678885 .9598823 .9518085 .946932 .9537446 .9709437 .9925052 1.009771 1.023016 1.027635 1.022566 1.012977 1.002313 .9929067 .9858345 .9831309 .9810466 .9767389 .9720445 .9681569 .9682622 .9714606 .9772791 .9918694 1.024022 1.053604 1.064144 1.060183 1.054968 1.058682 1.061065 1.059928 1.049768 1.043988 1.045792 1.051783 1.061232 1.075207 1.091143 1.102327 1.107511 1.109088 1.105927 1.097212 1.077662 1.051532 1.025293
.9968184 .9961374 .9953329 .99471 .9919527 .9886374 .98634 .9841384 .981366 .9784641 .9769735 .9765949 .9778911 .9784774 .979804 .9794111 .9755455 .9679984 .9598576 .9539856 .9545089 .9686722 .9878285 1.002919 1.018026 1.027928 1.02854 1.018988 1.007363 .9961534 .9874429 .9842121 .9818417 .9787141 .9753331 .9713231 .9707475 .972883 .9808279 .994076 1.020388 1.044305 1.052288 1.049088 1.053123 1.061648 1.062184 1.058993 1.048176 1.040377 1.042583 1.047577 1.057021 1.076794 1.101016 1.115479 1.120706 1.122724 1.11971 1.105923 1.077015 1.043507 1.014296
.9970118 .9965744 .9967408 .997252 .9957478 .9936919 .9903272 .9859536 .9812021 .9771253 .9766822 .9782954 .9792156 .9796107 .9816188 .983699 .9831545 .9776459 .9700364 .9631782 .9593979 .9655085 .9812471 .9958413 1.00984 1.022969 1.029245 1.023397 1.011095 .9982919 .9899833 .9863933 .9836723 .9803189 .9773833 .9744886 .9737226 .9778347 .9857093 .9982817 1.017375 1.03223 1.039402 1.04046 1.051456 1.060776 1.058919 1.054566 1.046367 1.036735 1.037716 1.042341 1.054639 1.081579 1.110289 1.12682 1.131588 1.134062 1.12746 1.110178 1.075848 1.036043 1.00428
.9969031 .9969618 .9969447 .997722 .9966786 .9937572 .9909195 .986158 .9796486 .974186 .976638 .9817595 .9814619 .978735 .9816706 .9881222 .9914368 .9875214 .9800223 .9729471 .9681041 .9681778 .9778602 .9893379 1.002503 1.014469 1.02453 1.022691 1.012814 .9997581 .9924178 .9884962 .9865927 .983825 .9806234 .9775527 .978348 .9813002 .9885015 1.000611 1.01376 1.025355 1.03222 1.036664 1.048347 1.054242 1.05208 1.050014 1.04481 1.034404 1.032818 1.038747 1.059276 1.090371 1.118334 1.132626 1.138679 1.139342 1.131565 1.11125 1.076077 1.032965 1.0023
.9960367 .9967279 .9968666 .9966783 .9982005 .9970998 .9948339 .9847385 .9734702 .9700634 .9770021 .9845087 .984296 .9780437 .9784719 .9886628 .9991894 .9962001 .9882931 .9812859 .975872 .9749467 .9801268 .9861861 .994296 1.004605 1.012716 1.013584 1.009582 .9991079 .9930619 .988996 .9879652 .9878437 .9845803 .9814137 .9819912 .9849675 .9913045 1.000235 1.011159 1.020019 1.028119 1.035667 1.043606 1.046374 1.044727 1.044367 1.042961 1.035646 1.03241 1.042473 1.068344 1.099557 1.121957 1.132783 1.137392 1.137467 1.129719 1.111064 1.07855 1.039312 1.010391
.9943722 .9954192 .9966824 .9965659 .9983838 .9996372 .9963433 .9864686 .9704427 .9676845 .9790646 .9884599 .9873713 .9798218 .9787217 .986809 .999428 1.00343 .9989228 .9910409 .9856428 .9838547 .9872667 .9881747 .9904931 .996246 1.003114 1.005663 1.003301 .9969919 .9916342 .9882788 .9879136 .9886594 .9877827 .9862435 .9854032 .9875337 .9924091 .9998167 1.008469 1.017499 1.025882 1.034671 1.03955 1.03932 1.039647 1.039976 1.040254 1.038052 1.038543 1.049202 1.072853 1.100774 1.119986 1.127949 1.13188 1.132176 1.124897 1.106433 1.079119 1.04898 1.022115
.9925029 .9947287 .9965988 .9974629 .9987108 .9991072 .9955543 .9867184 .9729763 .9708381 .980566 .9891935 .990155 .9844478 .9829277 .9899113 .9987918 1.003572 1.004812 1.000302 .9972032 .9974425 .9964867 .9921204 .9898798 .9909212 .9957072 .9979789 .994644 .9918212 .9881898 .9857811 .9863818 .9883975 .9900491 .9899492 .9887367 .9893081 .9920477 .9979718 1.006496 1.014543 1.022431 1.033072 1.036121 1.036866 1.036729 1.037431 1.039189 1.04046 1.045202 1.054394 1.07338 1.096819 1.114095 1.122723 1.126844 1.128482 1.123676 1.108585 1.08588 1.058705 1.032848
.9915162 .9939544 .9959388 .9972827 .9981587 .9973927 .9935617 .9869101 .9778532 .9749823 .9826507 .9896558 .991596 .9901597 .9903998 .9947915 .9995072 1.004167 1.007593 1.00613 1.006229 1.0077 1.006056 1.000393 .9935604 .9900227 .9880359 .987213 .9865646 .9849564 .983707 .9831994 .985185 .9894826 .9940969 .9954392 .991904 .9891461 .9899539 .9962313 1.005434 1.014691 1.022557 1.032132 1.036437 1.0348 1.034944 1.037543 1.041884 1.04669 1.05127 1.058751 1.073378 1.090573 1.106061 1.116354 1.125628 1.132428 1.130069 1.118495 1.097286 1.071044 1.041751
.9909049 .9929476 .9943641 .9958509 .9970308 .9955232 .991968 .9872227 .9816667 .9785383 .9839581 .9893297 .9923198 .9940991 .9951192 .9958201 .9978533 1.002352 1.007571 1.007994 1.010303 1.013805 1.013047 1.006974 .9998481 .9916841 .9850284 .9814625 .9792783 .9798066 .9785274 .9786571 .9810618 .9900417 1.00032 1.001987 .9945631 .9875372 .9850349 .9907933 1.003983 1.015432 1.024161 1.033429 1.035741 1.034327 1.035036 1.039039 1.047124 1.053103 1.056423 1.060233 1.070514 1.085638 1.099673 1.113631 1.129431 1.140043 1.141659 1.131707 1.112375 1.084378 1.047653
.9899952 .9920165 .992905 .9942066 .9953043 .9945307 .9918057 .9875907 .9842979 .9829078 .9851108 .9887542 .9922581 .9947631 .9973376 .9972976 .9973134 1.001812 1.007356 1.009187 1.011838 1.015798 1.016642 1.014299 1.007924 .9986537 .9870734 .9783336 .9754031 .974513 .9745722 .9723083 .9757684 .9901775 1.007424 1.010335 .9981903 .9838385 .9760128 .9812639 1.00075 1.016935 1.027744 1.034963 1.037671 1.035566 1.034734 1.041261 1.051865 1.058525 1.060018 1.060351 1.068282 1.080638 1.098773 1.11777 1.13665 1.150967 1.154515 1.146552 1.128823 1.097105 1.054039
.9892224 .9904945 .9921757 .9932396 .9939245 .9936191 .9915227 .9891012 .9867089 .9868209 .9881089 .9895304 .9918662 .9961016 .9988408 1.000008 1.000086 1.002666 1.006166 1.009296 1.011361 1.014878 1.016645 1.016742 1.013847 1.005859 .9917745 .9797178 .9731991 .9714489 .9676371 .9631445 .9703932 .990644 1.011341 1.015418 .9985403 .977624 .9622754 .9689046 .9956228 1.017605 1.030751 1.039487 1.042329 1.039137 1.037243 1.044004 1.056952 1.062809 1.05968 1.057643 1.065334 1.083189 1.104222 1.125648 1.146253 1.159811 1.164381 1.157427 1.140228 1.109343 1.064512
.9883707 .9894398 .990474 .9923087 .9927106 .9928281 .9919068 .989809 .9884467 .9894065 .9914275 .9917107 .9917371 .9957143 .9992853 1.001209 1.002497 1.004436 1.006459 1.008838 1.010223 1.012208 1.01405 1.016206 1.014094 1.006556 .9955548 .983938 .974915 .9692065 .9612861 .9546004 .9691164 .9928522 1.011752 1.017807 1.000828 .9705658 .9487797 .9557993 .9909016 1.019814 1.036428 1.044629 1.046597 1.045215 1.041734 1.049322 1.062413 1.067096 1.061247 1.057734 1.065253 1.084729 1.109497 1.134398 1.153757 1.16759 1.170689 1.16397 1.148157 1.119707 1.076256
.9873802 .9883545 .9894998 .9910082 .9911467 .9917089 .9911972 .9906877 .9899639 .9911547 .9938125 .9938551 .9929662 .9959425 .9991928 1.002133 1.003888 1.006242 1.007465 1.00913 1.009133 1.010285 1.011088 1.014178 1.014068 1.008119 .9990488 .9890582 .9802588 .9705649 .9571682 .9510059 .9677428 .9942557 1.012223 1.018488 1.000695 .9660336 .9364954 .9460852 .9843637 1.020538 1.04113 1.049793 1.053171 1.050744 1.047369 1.055312 1.066971 1.069876 1.064279 1.060182 1.068962 1.08737 1.112196 1.137878 1.159252 1.174044 1.176561 1.17014 1.155123 1.127019 1.086603
.9871795 .9869778 .9869937 .9876182 .9887981 .9893768 .9901218 .9908451 .991236 .992771 .9950299 .995703 .9951856 .9969925 1.00011 1.002727 1.00473 1.006985 1.008328 1.007688 1.007422 1.007747 1.009524 1.011669 1.011907 1.00812 1.001113 .993515 .9858288 .9716286 .9600109 .9571826 .9621174 .9874614 1.007684 1.016473 .9986757 .9603585 .9311593 .9422424 .980425 1.018287 1.041319 1.053472 1.056829 1.055603 1.054849 1.061068 1.069869 1.071519 1.065732 1.068155 1.076783 1.092831 1.117649 1.143178 1.165676 1.181222 1.185494 1.177603 1.160051 1.131588 1.093365
.9867142 .9864766 .9850106 .9855475 .9870727 .9882287 .9891221 .9899709 .9910682 .993602 .9957374 .9971269 .9974895 .9989258 1.000637 1.002681 1.005276 1.007435 1.008297 1.007251 1.006245 1.00699 1.008599 1.010485 1.010172 1.007653 1.001759 .9944609 .98538 .9711381 .9673373 .9673181 .9631313 .9747029 .9963109 1.009996 .9936085 .9578027 .9294327 .9424693 .9782424 1.014338 1.038585 1.053128 1.05816 1.06174 1.063801 1.066577 1.070692 1.071331 1.070115 1.074833 1.08576 1.100474 1.123846 1.15028 1.173487 1.190535 1.195176 1.18687 1.165014 1.13385 1.096133
.9849635 .9852494 .9846783 .9840037 .9854351 .9866731 .9878299 .9891999 .9903092 .9930217 .9952822 .9974664 .9988496 1.000594 1.001634 1.002854 1.004041 1.00727 1.008354 1.008059 1.006771 1.007424 1.008759 1.009263 1.008811 1.005798 1.0004 .992716 .9814165 .9755563 .9778237 .9778184 .9704191 .9673473 .9811007 .9969993 .9880429 .9610562 .9375128 .9404068 .9712206 1.006315 1.033989 1.047554 1.056131 1.063047 1.068725 1.070827 1.072305 1.07241 1.075115 1.083725 1.09625 1.109292 1.132133 1.160148 1.184502 1.20219 1.208386 1.199312 1.171762 1.132517 1.093724
.9845163 .9851404 .9838657 .9832308 .9839419 .9853859 .9867775 .9879984 .9894444 .9915074 .9941657 .9964476 .9983829 1.000551 1.002342 1.003482 1.004223 1.005639 1.007007 1.007543 1.007675 1.007985 1.008449 1.008869 1.007789 1.003637 .9971276 .9892976 .9782978 .9782457 .9859506 .9865502 .9753521 .9644037 .9661571 .982812 .9845249 .9674122 .9494447 .9436911 .961365 .9922668 1.020336 1.0373 1.049757 1.061232 1.068622 1.072743 1.074472 1.076266 1.08171 1.092378 1.106989 1.12107 1.141476 1.172533 1.200802 1.219053 1.224537 1.211419 1.177266 1.130896 1.087439
.9837622 .9843476 .9839772 .9837637 .9840991 .9851357 .9859157 .987179 .9886922 .9906931 .993029 .9953386 .9975788 .9995226 1.001827 1.003691 1.00459 1.004763 1.005916 1.00651 1.007034 1.007647 1.008067 1.008034 1.006304 1.001355 .9940521 .9862537 .9792776 .9783207 .9840218 .9871958 .9798639 .9661732 .9576008 .9711794 .9790405 .971837 .9597234 .9512686 .955659 .9810413 1.006956 1.024691 1.040813 1.053779 1.063985 1.071855 1.076411 1.080762 1.089551 1.104511 1.120979 1.135654 1.154608 1.187507 1.22133 1.239444 1.2406 1.221008 1.17728 1.124084 1.077636
.9838797 .9831336 .9833449 .9844772 .9850962 .9859717 .9865512 .9868826 .9878318 .9892736 .9920914 .9945447 .9969549 .999675 1.001511 1.003257 1.004324 1.004513 1.004972 1.005214 1.006147 1.006672 1.006793 1.006422 1.004372 .9979876 .9903507 .9856833 .9833834 .9802582 .9824608 .9855813 .9793656 .9674224 .955377 .9643511 .9731437 .9731466 .9657255 .9557064 .9552554 .9728192 .9983701 1.018565 1.033943 1.045264 1.056053 1.067406 1.077393 1.085539 1.097625 1.117803 1.140287 1.156337 1.172118 1.206686 1.245065 1.262868 1.255288 1.223302 1.170587 1.114047 1.064697
.9842134 .9825848 .9823217 .9838101 .9852813 .9865415 .987033 .9877737 .987789 .9884027 .9907723 .9935223 .9966152 .9992628 1.00094 1.001985 1.003165 1.004121 1.004218 1.004144 1.004142 1.0049 1.005444 1.003901 1.002835 .996839 .9880739 .9851963 .9861006 .981184 .9819219 .9830937 .9774988 .9665952 .9573456 .9626812 .9683612 .9713238 .9701591 .9581209 .953293 .9668435 .9905912 1.010519 1.026747 1.036332 1.046979 1.060879 1.076331 1.089843 1.10788 1.133131 1.163048 1.183107 1.195908 1.227439 1.269164 1.285247 1.264478 1.2152 1.154983 1.096645 1.049233
.9842367 .9839714 .9836816 .9841948 .9856194 .9868877 .9876935 .9878827 .9879612 .9886427 .9907169 .993498 .9959702 .9989887 1.000549 1.001545 1.001929 1.003087 1.003611 1.003504 1.002846 1.002759 1.003624 1.002818 1.000443 .9950459 .9884711 .9844019 .9859931 .9834694 .9823858 .9817421 .9750718 .9644312 .956222 .9619998 .9674916 .9689273 .9689155 .9572471 .9503681 .9596601 .9769632 1.000396 1.01829 1.029661 1.040211 1.055283 1.074446 1.095216 1.117849 1.149294 1.187074 1.213761 1.226029 1.253655 1.290145 1.30121 1.26466 1.200302 1.134164 1.075978 1.034369
