py_wake/examples/data/AJ_ParqueFicticio/Rough survey   Sector 7   Height 200m   Weibull-A.grd
DSAA
73  159
 258469   265669
 6501692   6517492
 4.516201   9.849567
[rows 28 to 55 of 159, columns 0 to 62 of 73]
7.124867 7.112449 7.100836 7.078365 7.047845 7.041917 7.047243 7.04121 7.029654 7.032891 7.029786 7.027078 7.024304 7.019141 7.01344 7.021175 7.021373 7.016292 7.018115 7.014797 7.007562 6.996006 6.997312 7.004991 7.013031 7.010293 7.005601 6.98306 6.986581 6.971355 6.948813 6.938511 6.909588 6.869455 6.867051 6.914693 6.923132 6.901239 6.891988 6.831413 6.79471 6.788341 6.793874 6.799536 6.817657 6.835939 6.850794 6.869431 6.890121 6.915774 6.931313 6.941766 6.924365 6.967088 6.968764 6.988485 7.040119 7.053623 6.99719 6.911838 6.806616 6.708246 6.62063
7.111043 7.100015 7.091329 7.066772 7.038224 7.036515 7.053426 7.036246 7.028419 7.031829 7.028268 7.024282 7.026973 7.026594 7.022314 7.031252 7.028659 7.026729 7.026622 7.021986 7.020008 7.012989 7.007129 7.012835 7.020636 7.023963 7.020968 7.005698 7.000805 6.998876 6.989773 6.980039 6.956574 6.926213 6.94132 6.993942 6.972324 6.952691 6.936469 6.876073 6.842672 6.829469 6.83972 6.841192 6.863904 6.917384 6.983086 7.057978 7.132459 7.199326 7.233149 7.221725 7.183178 7.218111 7.220293 7.214806 7.210657 7.162791 7.073882 6.981089 6.886674 6.800244 6.746708
7.098773 7.088139 7.077956 7.069967 7.031005 7.03003 7.041487 7.025918 7.020546 7.014094 7.019037 7.01653 7.017557 7.016277 7.021983 7.031168 7.030634 7.028224 7.02883 7.023151 7.026181 7.025572 7.023373 7.022369 7.034679 7.037266 7.035038 7.03044 7.026139 7.03085 7.025168 7.026236 7.011473 6.977564 6.978582 6.999959 6.995107 6.990773 6.985846 6.942071 6.894761 6.879132 6.882197 6.901032 6.920712 6.975418 7.063826 7.188359 7.304513 7.416097 7.485711 7.495935 7.43924 7.437598 7.433343 7.387284 7.305321 7.186292 7.077246 6.976954 6.898643 6.85194 6.87374
7.085361 7.076487 7.069788 7.061254 7.01974 7.019875 7.029518 7.017192 7.008301 7.003797 7.005376 7.003821 7.00791 7.009068 7.016226 7.024254 7.029996 7.025105 7.019269 7.024651 7.033982 7.032038 7.036056 7.037784 7.042516 7.049111 7.051083 7.047787 7.049227 7.056053 7.051833 7.044638 7.02983 7.014177 7.0096 7.018021 7.009387 7.013834 7.009624 6.993316 6.937018 6.916026 6.923718 6.947492 6.987626 7.033201 7.100197 7.194341 7.321013 7.423471 7.52204 7.57682 7.565042 7.567803 7.540613 7.457622 7.324731 7.173927 7.049559 6.95564 6.913584 6.910761 7.001911
7.075415 7.066203 7.054698 7.048389 7.011439 7.014463 7.006858 7.004704 6.995659 6.991535 6.994316 6.992356 6.993562 7.003557 7.007688 7.012095 7.021678 7.019799 7.01644 7.03058 7.039698 7.04036 7.04399 7.049038 7.050061 7.059953 7.063737 7.070563 7.074203 7.065577 7.066926 7.062509 7.052754 7.039867 7.034232 7.051046 7.036668 7.023695 7.013385 7.004927 6.971464 6.93968 6.927007 6.961261 7.011302 7.080996 7.141607 7.193897 7.242252 7.297033 7.350384 7.396624 7.469188 7.513319 7.52004 7.451716 7.320961 7.183305 7.067202 7.002678 6.983436 7.043359 7.187644
7.074084 7.055312 7.045325 7.032899 7.0026 7.002754 7.002669 7.001775 6.988732 6.981287 6.983874 6.979812 6.98727 6.99704 7.001749 7.005033 7.012078 7.006899 7.01432 7.027609 7.04314 7.044025 7.041427 7.052981 7.054615 7.060389 7.066935 7.068917 7.078793 7.077499 7.07836 7.076096 7.068854 7.063156 7.084529 7.097484 7.084031 7.056832 7.03999 7.031313 6.998016 6.964356 6.925908 6.92746 6.992299 7.075266 7.159468 7.22686 7.260959 7.264852 7.260394 7.28916 7.352375 7.417328 7.454424 7.449428 7.349674 7.258428 7.184083 7.151812 7.159794 7.249826 7.40912
7.073979 7.052136 7.037114 7.024378 6.990238 6.985683 6.986153 6.989303 6.976777 6.971259 6.968527 6.975486 6.976093 6.989339 6.994757 6.991929 6.993174 6.996642 7.011846 7.030767 7.03629 7.041343 7.039567 7.051479 7.057643 7.065729 7.063283 7.071296 7.079765 7.082244 7.088802 7.089254 7.086376 7.084562 7.099988 7.120038 7.128151 7.108066 7.07936 7.061766 7.022454 6.988518 6.952271 6.925368 6.953198 7.050979 7.166793 7.273736 7.355442 7.411905 7.427416 7.456202 7.484828 7.497459 7.513739 7.52863 7.486055 7.460229 7.434559 7.419902 7.417746 7.530991 7.663833
7.05988 7.038057 7.024188 7.016612 6.980558 6.977836 6.970174 6.981852 6.964053 6.957067 6.95478 6.961907 6.964067 6.975266 6.982115 6.975465 6.973563 6.977355 7.005186 7.020288 7.027721 7.031703 7.032269 7.044305 7.055401 7.063131 7.066221 7.073708 7.086737 7.093871 7.099197 7.102247 7.110891 7.113821 7.136196 7.140749 7.164526 7.17583 7.149631 7.134027 7.097964 7.054801 7.022697 6.990268 6.971946 7.052129 7.19566 7.349348 7.496808 7.606667 7.689555 7.749094 7.785691 7.770437 7.739309 7.734337 7.718848 7.72763 7.729966 7.734581 7.780035 7.898612 7.985937
7.039505 7.023893 7.011811 7.001784 6.967172 6.973197 6.969783 6.973314 6.949983 6.945538 6.93472 6.937687 6.942585 6.954686 6.956085 6.948359 6.947183 6.945441 6.965645 6.990663 7.004618 7.015594 7.021513 7.036765 7.045416 7.053911 7.065226 7.076998 7.093738 7.104914 7.1154 7.120695 7.130738 7.173038 7.183252 7.194279 7.217987 7.254657 7.264431 7.260804 7.262684 7.233994 7.209625 7.169785 7.099788 7.10924 7.244909 7.393139 7.544008 7.695343 7.812727 7.909477 7.963616 7.978799 7.960537 7.941338 7.93597 7.952572 7.974957 8.063352 8.213717 8.359332 8.423573
7.018313 7.003327 6.994195 6.98551 6.950364 6.959594 6.958083 6.947998 6.947463 6.928107 6.922928 6.922482 6.922215 6.932859 6.933626 6.929275 6.925652 6.916935 6.92404 6.943967 6.970778 6.991669 7.002984 7.021231 7.029105 7.046298 7.059061 7.077935 7.097048 7.111669 7.132115 7.148074 7.160612 7.203862 7.229865 7.246157 7.267595 7.308287 7.355031 7.394749 7.437294 7.465292 7.482699 7.457352 7.364771 7.279189 7.335259 7.434162 7.542916 7.632513 7.707457 7.802719 7.891973 7.966218 8.015337 8.055007 8.070734 8.111084 8.194266 8.414413 8.660149 8.829031 8.87608
7.002281 6.990657 6.976458 6.970367 6.93993 6.933621 6.93563 6.930614 6.93147 6.922342 6.914471 6.908653 6.910576 6.914279 6.917192 6.91457 6.910863 6.906807 6.907925 6.913444 6.944089 6.96906 6.990391 7.003377 7.01605 7.034216 7.056886 7.075816 7.089591 7.109916 7.130617 7.150995 7.17859 7.23023 7.265848 7.29882 7.321562 7.366375 7.444379 7.510956 7.58308 7.657234 7.735548 7.762321 7.710639 7.598289 7.52358 7.510044 7.513142 7.535869 7.544369 7.627112 7.737839 7.859643 7.976912 8.082116 8.164021 8.248681 8.435383 8.729523 8.978158 9.16043 9.20777
6.989294 6.983317 6.967781 6.957743 6.937025 6.922098 6.923696 6.918547 6.918762 6.906879 6.90222 6.908072 6.916716 6.916842 6.91369 6.917663 6.905807 6.906352 6.915573 6.931328 6.948565 6.954331 6.969958 6.981792 7.001485 7.024149 7.047301 7.066069 7.087345 7.112491 7.131797 7.158835 7.187293 7.248787 7.280598 7.33931 7.374195 7.433831 7.526824 7.609701 7.707932 7.806362 7.920198 8.011226 8.041623 7.987329 7.915216 7.814749 7.743178 7.695896 7.679318 7.709157 7.808529 7.918997 8.037939 8.166569 8.273458 8.378485 8.627514 8.873486 9.071104 9.204286 9.245983
6.988297 6.98007 6.958881 6.945512 6.928383 6.925431 6.923196 6.912865 6.910224 6.895052 6.89568 6.903438 6.917555 6.913125 6.910728 6.903613 6.898248 6.90816 6.918651 6.938785 6.94865 6.94755 6.951619 6.957731 6.979857 7.004785 7.030637 7.057663 7.085581 7.110639 7.138729 7.17206 7.201412 7.256266 7.299864 7.356116 7.41938 7.527905 7.63852 7.753625 7.88438 8.011723 8.096765 8.194139 8.286021 8.348166 8.345056 8.294469 8.165501 8.082286 8.068219 8.074096 8.102635 8.155268 8.230817 8.308353 8.39457 8.484232 8.716268 8.845001 8.892282 8.928374 8.943819
6.996863 6.97159 6.955178 6.932885 6.911598 6.903396 6.908611 6.90297 6.89351 6.872264 6.869225 6.869028 6.883273 6.88507 6.888709 6.889786 6.887474 6.889661 6.905439 6.927343 6.935987 6.937142 6.939467 6.927267 6.937127 6.97584 7.010175 7.046766 7.073512 7.104771 7.136706 7.173606 7.205547 7.266168 7.31091 7.384061 7.477571 7.592279 7.713866 7.849143 7.99122 8.137326 8.230278 8.327008 8.433288 8.549331 8.60147 8.593602 8.541473 8.435348 8.399423 8.374514 8.364404 8.343989 8.343547 8.391125 8.443011 8.50333 8.633284 8.640034 8.570229 8.491524 8.472863
7.000274 6.973153 6.951437 6.920493 6.884304 6.875834 6.884784 6.877393 6.858016 6.856225 6.845772 6.834301 6.834509 6.85137 6.865346 6.864186 6.865639 6.866141 6.883634 6.906122 6.917861 6.925787 6.924778 6.928492 6.937899 6.965267 6.99182 7.023697 7.053572 7.086576 7.119633 7.162999 7.19478 7.263458 7.329811 7.40917 7.500314 7.598479 7.714128 7.81969 7.927007 8.027944 8.103923 8.194927 8.295327 8.379749 8.440135 8.445061 8.432822 8.386339 8.379327 8.35487 8.306901 8.239043 8.241265 8.289814 8.358112 8.408462 8.470446 8.426079 8.277356 8.112056 8.006501
6.996932 6.973272 6.949111 6.918559 6.871059 6.847971 6.861143 6.856557 6.838987 6.835383 6.837408 6.82657 6.830287 6.838384 6.8441 6.843353 6.844076 6.840245 6.855597 6.875406 6.889839 6.895605 6.901734 6.924247 6.94173 6.955379 6.971673 6.996383 7.016065 7.04894 7.094152 7.125751 7.165555 7.246703 7.310667 7.387651 7.463749 7.539879 7.602965 7.649977 7.708884 7.75366 7.783225 7.82982 7.865895 7.888896 7.895503 7.911423 7.922542 7.960816 7.989937 7.970359 7.935481 7.927196 7.987449 8.09273 8.213771 8.276804 8.260419 8.202729 8.025545 7.833051 7.647778
6.996292 6.977928 6.955957 6.919571 6.894881 6.864679 6.847631 6.83832 6.834843 6.833732 6.841513 6.847228 6.843576 6.842049 6.836203 6.837329 6.82444 6.820194 6.831008 6.844682 6.854558 6.859002 6.865533 6.869315 6.899911 6.914834 6.932286 6.948973 6.973444 7.006861 7.043453 7.073309 7.129385 7.206405 7.25894 7.321136 7.39405 7.448875 7.477341 7.480638 7.476132 7.505701 7.520822 7.495883 7.446054 7.398107 7.410197 7.443494 7.51671 7.571756 7.591798 7.596234 7.631084 7.726217 7.852026 7.983894 8.087139 8.114777 8.083112 7.964993 7.792111 7.609268 7.440633
6.985452 6.969116 6.957558 6.922616 6.914796 6.892574 6.869799 6.837259 6.826652 6.827154 6.83538 6.84316 6.848796 6.84712 6.838428 6.828643 6.813098 6.808029 6.811321 6.817793 6.819355 6.822251 6.815687 6.815233 6.827316 6.854476 6.872355 6.882398 6.900836 6.932883 6.961013 6.989968 7.053734 7.129637 7.175825 7.232282 7.309249 7.362713 7.384842 7.378571 7.372294 7.373201 7.353919 7.304995 7.277474 7.293468 7.378606 7.468387 7.53149 7.560299 7.575138 7.613452 7.698457 7.842035 7.979081 8.05034 8.038375 7.98153 7.890255 7.800313 7.684326 7.540302 7.377703
6.972102 6.954874 6.951685 6.933779 6.92036 6.905527 6.874078 6.836512 6.821449 6.809652 6.815841 6.822225 6.835785 6.835752 6.821476 6.805496 6.800585 6.798834 6.806182 6.810315 6.807565 6.797595 6.793455 6.795404 6.794528 6.812624 6.815755 6.813608 6.818334 6.834231 6.85541 6.8817 6.929698 7.010807 7.052707 7.122321 7.201766 7.260737 7.308622 7.342272 7.365644 7.37228 7.375586 7.402526 7.463072 7.550715 7.637722 7.71453 7.74234 7.756442 7.77697 7.851626 7.965847 8.094815 8.1924 8.18007 8.054708 7.903134 7.739686 7.611403 7.525301 7.454051 7.374185
6.958941 6.940164 6.930013 6.919308 6.90472 6.892337 6.86993 6.838816 6.82036 6.795215 6.789649 6.800618 6.81853 6.816445 6.801702 6.783875 6.783201 6.784913 6.794237 6.798641 6.787598 6.772379 6.777924 6.785743 6.788862 6.779791 6.766293 6.752593 6.752495 6.751619 6.759311 6.788141 6.816181 6.897417 6.940451 7.009678 7.085288 7.170788 7.23776 7.301858 7.368963 7.430346 7.496987 7.542356 7.618627 7.678034 7.703308 7.71237 7.707869 7.744237 7.844157 8.006641 8.167278 8.266194 8.281747 8.181496 8.04022 7.896777 7.725397 7.530146 7.372981 7.265797 7.206736
6.94688 6.927475 6.91164 6.900465 6.887093 6.874473 6.853178 6.839107 6.817578 6.807988 6.789745 6.777335 6.789266 6.791525 6.777056 6.766515 6.761784 6.759384 6.764561 6.771875 6.758669 6.746268 6.738004 6.727949 6.735918 6.730255 6.706891 6.706734 6.705915 6.704576 6.705352 6.732013 6.772091 6.818222 6.881894 6.943824 7.012302 7.088346 7.15447 7.227192 7.297293 7.373735 7.440168 7.505421 7.534647 7.536395 7.524512 7.538506 7.605215 7.72119 7.891675 8.066662 8.20673 8.243622 8.158054 7.989754 7.887064 7.826367 7.740209 7.630949 7.446925 7.236664 7.060986
6.93976 6.913984 6.899043 6.883939 6.870708 6.863864 6.845452 6.833722 6.819215 6.813628 6.805272 6.780745 6.759332 6.764293 6.762394 6.750929 6.748462 6.739676 6.725936 6.736063 6.730155 6.716226 6.702453 6.698109 6.686474 6.681809 6.672638 6.665609 6.663084 6.654027 6.6657 6.706752 6.756117 6.788297 6.83712 6.891445 6.946261 6.996255 7.054713 7.09954 7.153069 7.203411 7.250979 7.303438 7.310024 7.343401 7.411223 7.531682 7.686695 7.84595 7.992465 8.089787 8.125976 8.052235 7.869498 7.665673 7.593472 7.580716 7.607088 7.670974 7.584964 7.405908 7.180972
6.932253 6.913215 6.902992 6.895757 6.871352 6.863505 6.842416 6.831589 6.833124 6.827868 6.818113 6.811945 6.779757 6.766373 6.755359 6.746962 6.752003 6.751706 6.743748 6.734411 6.721368 6.712016 6.704515 6.707931 6.702551 6.690375 6.666355 6.649632 6.642751 6.629051 6.628202 6.645865 6.670937 6.699094 6.754599 6.807959 6.858552 6.89367 6.940781 6.980634 7.022708 7.070826 7.124589 7.179585 7.237591 7.339488 7.488974 7.657493 7.818846 7.938778 8.005512 8.002048 7.92845 7.784042 7.572178 7.402398 7.289905 7.277814 7.321156 7.492062 7.587452 7.546805 7.414105
6.916528 6.906397 6.897418 6.893157 6.869776 6.851543 6.838531 6.842439 6.842824 6.846683 6.837774 6.835346 6.806399 6.777979 6.765766 6.755462 6.755975 6.770157 6.768416 6.748158 6.733474 6.723795 6.721632 6.727934 6.724914 6.703924 6.677981 6.664201 6.638363 6.625495 6.607149 6.585823 6.586181 6.597436 6.652568 6.695462 6.739956 6.782812 6.835289 6.884182 6.932869 7.007843 7.085225 7.188955 7.298263 7.440288 7.59043 7.728265 7.834033 7.871442 7.854302 7.80468 7.679744 7.509767 7.382765 7.255827 7.10434 7.035533 7.0529 7.19649 7.395598 7.51991 7.528686
6.901924 6.88689 6.880005 6.877537 6.861024 6.845541 6.829486 6.835535 6.846081 6.851377 6.84723 6.834605 6.819962 6.792218 6.771978 6.756544 6.748453 6.755413 6.757303 6.749371 6.743873 6.739641 6.74187 6.749756 6.741745 6.723818 6.706938 6.697275 6.668148 6.64114 6.621643 6.603114 6.58103 6.583966 6.617308 6.642449 6.670278 6.733717 6.796286 6.835638 6.879409 6.943546 7.035543 7.156991 7.302038 7.430213 7.560992 7.657998 7.71426 7.717022 7.671185 7.601444 7.462546 7.296418 7.228502 7.177655 7.059698 6.947162 6.910078 6.954746 7.142112 7.320786 7.414429
6.887727 6.875998 6.871401 6.862097 6.85299 6.843262 6.833205 6.832551 6.846293 6.852383 6.852133 6.841824 6.825275 6.801699 6.786189 6.767948 6.754896 6.749735 6.750082 6.738051 6.747744 6.763284 6.767009 6.764796 6.757944 6.742385 6.735198 6.726334 6.699402 6.669816 6.650694 6.641875 6.640627 6.672395 6.711299 6.754194 6.79168 6.800157 6.85695 6.920861 6.930511 6.946678 7.010623 7.106044 7.227347 7.321743 7.420569 7.504877 7.553635 7.563216 7.519624 7.427712 7.285183 7.171909 7.101453 7.081536 7.056459 6.988731 6.919572 6.891813 6.978715 7.113847 7.208599
6.875997 6.865566 6.869265 6.861841 6.848413 6.839828 6.839675 6.837497 6.844861 6.85225 6.849309 6.841257 6.824485 6.807584 6.796622 6.793914 6.788495 6.770582 6.757549 6.737616 6.728565 6.734783 6.748047 6.762487 6.759586 6.759641 6.760785 6.755229 6.740828 6.718399 6.714905 6.71193 6.748811 6.807691 6.87008 6.955105 6.982912 6.990092 7.020643 7.080858 7.112007 7.09644 7.099789 7.123962 7.183151 7.226324 7.302699 7.381059 7.428633 7.421709 7.347202 7.231344 7.153637 7.064159 7.000215 6.986387 7.012858 7.013299 6.965586 6.920951 6.919014 6.986445 7.070346
6.867036 6.866684 6.867154 6.854077 6.839091 6.835469 6.838804 6.841095 6.844912 6.847886 6.84446 6.838867 6.824484 6.80657 6.798372 6.795974 6.795465 6.784636 6.764725 6.744489 6.731066 6.726836 6.737089 6.74676 6.75509 6.754601 6.762149 6.779126 6.794773 6.790963 6.818251 6.858551 6.918314 6.991508 7.060329 7.146674 7.19413 7.203249 7.219828 7.262857 7.293498 7.300659 7.275977 7.249035 7.231 7.206638 7.23073 7.265743 7.28005 7.248538 7.154453 7.074458 7.032336 6.968904 6.912533 6.90268 6.925878 6.957621 6.947274 6.927648 6.93195 6.939506 6.992281
