py_wake/examples/data/AJ_ParqueFicticio/Rough survey   Sector 10   Height 200m   Orographic speed.grd
DSAA
73  159
 258469   265669
 6501692   6517492
 .6160442   1.459435
[rows 56 to 83 of 159, columns 0 to 62 of 73]
.9920461 .9947094 .9987757 1.001698 1.00419 1.002604 1.000877 .9989746 .9977466 .9954972 .9938013 .9915822 .9905013 .9879927 .9826157 .981102 .9810074 .9814175 .9818372 .9831914 .9799941 .9761856 .9768618 .9796197 .9805633 .9819196 .9819333 .9828187 .9918976 1.010787 1.027145 1.027409 1.016618 1.015889 1.025109 1.036075 1.041302 1.030788 1.010097 1.004326 1.017821 1.027081 1.033021 1.039929 1.05291 1.074559 1.094431 1.106701 1.128464 1.160098 1.195816 1.217976 1.20262 1.159221 1.129084 1.152469 1.195364 1.207158 1.168667 1.109456 1.064197 1.064532 1.104087
.9901826 .9942586 .9985269 1.001217 1.004098 1.002229 .9999198 .9981883 .9961277 .9942138 .9922043 .9902369 .9881843 .9872984 .9839717 .9816856 .9810447 .9815132 .9822564 .9832624 .9823494 .9798044 .9791303 .9801214 .9812081 .9828691 .9839208 .9848195 .9942741 1.016549 1.036937 1.037966 1.02735 1.025046 1.034132 1.044668 1.051381 1.042392 1.025056 1.015213 1.021913 1.030683 1.036716 1.043604 1.059699 1.081152 1.093367 1.096833 1.113908 1.142791 1.176158 1.194905 1.181533 1.142241 1.116112 1.141383 1.185996 1.20054 1.16498 1.105785 1.056268 1.046193 1.081485
.9890257 .9936446 .9980325 1.000471 1.0024 1.001059 .9978682 .9960577 .9940625 .9922754 .990105 .988045 .9870155 .9867857 .9852935 .983285 .9820151 .9815257 .9816881 .9829252 .9837703 .9832644 .9823031 .9807867 .9823086 .9838757 .9862785 .9910473 1.001641 1.022199 1.044341 1.045458 1.037049 1.033174 1.039782 1.051334 1.060635 1.053016 1.03648 1.024659 1.027191 1.030541 1.034727 1.046854 1.065122 1.084149 1.092511 1.093291 1.105247 1.127786 1.154932 1.169503 1.159678 1.126395 1.105076 1.130712 1.171763 1.190001 1.162754 1.107226 1.053497 1.031896 1.060242
.9903334 .9955086 1.002593 1.004113 1.000745 .9985368 .995523 .9935663 .9920617 .990145 .9885672 .9874304 .985555 .9854078 .9849414 .9838731 .9826794 .9824605 .9822378 .9835036 .9840982 .9846542 .9848137 .9833549 .983934 .9865836 .9915305 .9995726 1.010969 1.030427 1.047271 1.049945 1.043546 1.038509 1.04681 1.058266 1.066527 1.063015 1.046403 1.03178 1.028041 1.027586 1.031219 1.046811 1.068853 1.085823 1.091996 1.093043 1.099819 1.116116 1.13261 1.142876 1.139071 1.113439 1.095481 1.115744 1.153403 1.175337 1.156213 1.107533 1.054625 1.024391 1.043487
.9933932 .9993266 1.006821 1.008099 1.001602 .9952342 .9917164 .9908953 .9900527 .9890935 .9880092 .9865228 .9847806 .9836699 .9834675 .9830854 .9820875 .9822313 .9832723 .9853501 .9861103 .984678 .9849185 .9843224 .9848903 .9881193 .9964802 1.008629 1.023953 1.040303 1.05382 1.055238 1.051035 1.048646 1.054784 1.065557 1.071234 1.068328 1.053659 1.037762 1.029197 1.025782 1.030587 1.047231 1.068752 1.084491 1.091658 1.094772 1.098999 1.104691 1.11122 1.11635 1.117831 1.102644 1.085964 1.100066 1.136395 1.159872 1.144526 1.102428 1.055286 1.024791 1.031368
.9982221 1.005167 1.00847 1.007591 1.002184 .9948555 .9897372 .9884812 .9896728 .9892801 .9884197 .9871815 .9850186 .9833269 .9824889 .9819993 .981395 .9819899 .9844561 .9868146 .9894597 .9875926 .9859654 .9850138 .9849911 .9899353 1.000928 1.01738 1.034934 1.053133 1.064705 1.0646 1.060914 1.060293 1.064444 1.071579 1.075259 1.069869 1.056391 1.042388 1.031573 1.024011 1.028625 1.044837 1.066016 1.080932 1.088773 1.097119 1.104351 1.100795 1.094361 1.094621 1.099312 1.094133 1.077586 1.085573 1.117783 1.141552 1.130967 1.095155 1.055906 1.028429 1.022193
1.001197 1.008064 1.007805 1.006135 1.000867 .9952528 .9899238 .9883929 .9890618 .9897264 .9892997 .9877703 .9857867 .9837588 .9824712 .9812773 .9802368 .9809546 .9841278 .9872209 .9904991 .9898416 .9876949 .9861574 .9872039 .9923257 1.003664 1.022309 1.043205 1.062685 1.074334 1.073078 1.068717 1.071302 1.074735 1.079484 1.080076 1.071209 1.056799 1.044407 1.032415 1.023228 1.025117 1.039526 1.060916 1.076535 1.086195 1.095426 1.105952 1.104145 1.088263 1.078571 1.082883 1.081622 1.072839 1.07226 1.096918 1.118786 1.115265 1.087059 1.053919 1.031906 1.02178
1.001905 1.007163 1.007195 1.004912 1.00066 .9964263 .9928001 .9913667 .9904258 .9905733 .9905507 .9882228 .9863446 .984894 .9832157 .9818291 .9801489 .9800812 .9825927 .9861063 .9896943 .9903745 .9893694 .9884607 .9901918 .9975743 1.007817 1.02522 1.047745 1.069055 1.080949 1.080488 1.077755 1.081607 1.087729 1.08984 1.086519 1.074801 1.060084 1.046578 1.03282 1.023016 1.02195 1.033948 1.053891 1.071775 1.080389 1.090559 1.101768 1.104426 1.090687 1.074613 1.069718 1.067407 1.063048 1.059951 1.075415 1.095625 1.096506 1.076916 1.049999 1.032791 1.024278
1.001163 1.005413 1.005073 1.003857 1.001654 .9986328 .9969121 .9955637 .9927421 .9908442 .9903977 .9890376 .9873562 .9861277 .9841303 .9824125 .9807992 .9813004 .9834915 .9860948 .9880482 .9918684 .9921438 .9911274 .9937604 1.000203 1.012357 1.030464 1.053111 1.07379 1.084938 1.085556 1.084913 1.08957 1.09706 1.098673 1.092878 1.080069 1.065837 1.050668 1.036025 1.023476 1.020342 1.030678 1.048085 1.063717 1.071862 1.083425 1.093049 1.097973 1.095207 1.081277 1.064159 1.049933 1.044716 1.046072 1.05498 1.073339 1.079673 1.066526 1.049429 1.03409 1.023368
.9987072 1.00255 1.002442 1.001976 1.001704 1.00103 1.000194 .9996696 .9958523 .9911273 .9901494 .9891177 .9880984 .9873406 .9851695 .9831372 .981594 .9831933 .9846458 .9870054 .9909858 .9956432 .9970585 .9959247 .9980075 1.003626 1.015681 1.034064 1.055564 1.073732 1.085002 1.085391 1.089082 1.097914 1.104591 1.104643 1.098499 1.083827 1.068569 1.055918 1.040739 1.027011 1.022089 1.028676 1.042572 1.0529 1.060395 1.0734 1.082521 1.087992 1.095513 1.091092 1.069125 1.041648 1.026199 1.02583 1.035694 1.051305 1.061436 1.058735 1.04945 1.034823 1.019606
.9959397 .9989417 .9998063 1.000468 1.001588 1.002407 1.002547 1.001656 .9969469 .9913228 .9898573 .9889416 .9877815 .9866903 .9859046 .9845936 .9831165 .9842435 .9853975 .9873018 .9926826 .9997067 1.00103 1.001404 1.004822 1.010164 1.023028 1.04027 1.057971 1.072772 1.082147 1.084887 1.091172 1.104348 1.109729 1.109164 1.10306 1.087219 1.071335 1.057854 1.043517 1.033689 1.026744 1.028638 1.035861 1.03943 1.048518 1.065213 1.073078 1.07484 1.089247 1.096331 1.075356 1.038815 1.008606 1.000619 1.012528 1.031809 1.048095 1.057767 1.053958 1.039788 1.019836
.9949377 .9963748 .9974071 .9993393 1.000875 1.0032 1.003593 1.002334 .9988581 .9937077 .9910234 .989499 .9882557 .9868444 .9857702 .9858149 .9855705 .9850937 .9853165 .9885029 .9935665 1.000002 1.00334 1.006247 1.011572 1.020015 1.031278 1.04797 1.063848 1.076404 1.083021 1.08693 1.09243 1.105958 1.112091 1.11128 1.107462 1.0955 1.078696 1.06244 1.048139 1.040359 1.034251 1.029696 1.027557 1.027054 1.037714 1.055443 1.064777 1.063932 1.080564 1.093168 1.076418 1.039424 1.000133 .9778435 .9885414 1.012075 1.037803 1.054479 1.057289 1.047371 1.025782
.9937176 .9943181 .9951226 .9977661 1.000997 1.003812 1.004237 1.003037 1.000647 .9963714 .9926333 .9905019 .9886828 .9877546 .9875363 .9883633 .9877123 .9865357 .9858598 .9881756 .9917734 .9968105 1.002529 1.009056 1.017577 1.029654 1.042678 1.054666 1.068909 1.082097 1.087987 1.089683 1.09356 1.10365 1.112341 1.111922 1.109364 1.100055 1.084038 1.070936 1.0587 1.050061 1.042997 1.034578 1.022451 1.019636 1.030352 1.046072 1.053903 1.054097 1.071026 1.082234 1.068526 1.035438 .9957872 .9663651 .9669206 .9932998 1.02328 1.046898 1.056428 1.052138 1.031623
.9922995 .9912143 .991518 .9948798 1.000392 1.00498 1.004583 1.004322 1.002519 .9995775 .9955895 .9914492 .9883589 .9880648 .991116 .9923826 .9907163 .9876282 .9867475 .9869491 .9887372 .9927656 1.001021 1.011304 1.024308 1.037479 1.049932 1.063495 1.077941 1.090578 1.096342 1.094385 1.094051 1.100915 1.10983 1.110458 1.108113 1.099446 1.08696 1.078013 1.068638 1.060966 1.051691 1.039309 1.024061 1.015406 1.021741 1.034826 1.043255 1.047422 1.060479 1.067586 1.055498 1.026464 .9906507 .9585396 .9513141 .9772106 1.009698 1.033665 1.046385 1.046187 1.03234
.9919659 .9895536 .987478 .9920112 .9993404 1.004696 1.004693 1.004931 1.004407 1.002051 .9985115 .9939905 .9891238 .9889046 .9926692 .9957121 .9926068 .9892185 .9875336 .9873902 .9884408 .9912844 1.002813 1.016225 1.030195 1.043173 1.056741 1.069926 1.086734 1.101806 1.106179 1.10203 1.09664 1.099084 1.105982 1.107935 1.105357 1.097148 1.088344 1.084144 1.078421 1.068591 1.05734 1.04147 1.027735 1.015743 1.015657 1.022823 1.030827 1.039302 1.049313 1.05112 1.04402 1.020315 .9837646 .9525962 .9445831 .9661441 .9967123 1.019873 1.034752 1.035378 1.02526
.9936802 .9896268 .9859657 .9881827 .9958815 1.001934 1.002739 1.00435 1.005598 1.004583 1.000958 .9961981 .9915383 .9905148 .9929202 .9959556 .9944497 .991786 .9892223 .9874651 .9880684 .9930515 1.006347 1.02141 1.035938 1.048121 1.061883 1.075571 1.093919 1.11023 1.117402 1.111137 1.10249 1.101447 1.103888 1.103765 1.101478 1.094217 1.089986 1.086627 1.083241 1.072397 1.057678 1.043302 1.031255 1.019103 1.012511 1.014273 1.021181 1.031651 1.03785 1.038583 1.034736 1.015702 .9797955 .9452757 .9370251 .9568223 .9841013 1.005762 1.020775 1.023972 1.015144
.9952382 .9902768 .986622 .9874496 .9926512 .9969686 .9992166 1.002839 1.006365 1.007181 1.003576 .9993833 .9958087 .9934543 .9934247 .9950444 .9943275 .99274 .9905316 .9881437 .9878593 .9943154 1.006665 1.022761 1.037611 1.050334 1.06454 1.080729 1.100505 1.11855 1.128107 1.121364 1.112038 1.106994 1.104264 1.102323 1.095599 1.08977 1.087204 1.085873 1.083604 1.073366 1.058532 1.045696 1.033381 1.019844 1.010588 1.007718 1.014786 1.023003 1.028321 1.030004 1.030743 1.019608 .9855565 .9439456 .9297901 .9449417 .9680349 .9907434 1.006111 1.009892 1.002982
.9954801 .9918111 .9902055 .9910635 .9917555 .99303 .9949746 1.001492 1.008211 1.008602 1.006554 1.003515 1.001417 .9982395 .9947398 .9932551 .9932686 .9923286 .9904609 .9883921 .9885438 .9956951 1.007845 1.023173 1.037552 1.050392 1.064406 1.084486 1.108733 1.130124 1.13752 1.131415 1.121766 1.112832 1.106625 1.099116 1.091399 1.085793 1.083794 1.083133 1.080821 1.072607 1.060017 1.048047 1.034302 1.020486 1.005666 1.000383 1.005349 1.012699 1.018576 1.023496 1.029989 1.02591 .9928977 .9501764 .9261575 .9339139 .9524174 .9740216 .9893453 .9921775 .9856477
.9965317 .9941925 .9932074 .9946949 .9955947 .9909354 .990038 .9997131 1.008849 1.009355 1.008343 1.006494 1.005298 1.003871 .9975035 .9918692 .9910474 .9915103 .9912728 .9901983 .9906656 .9984729 1.01058 1.024903 1.037961 1.050255 1.064415 1.085853 1.114998 1.140024 1.147799 1.141345 1.130304 1.118998 1.108726 1.098549 1.09014 1.082831 1.079962 1.079196 1.075207 1.066435 1.057979 1.049523 1.035929 1.023476 1.006764 .996618 .9980924 1.006143 1.010665 1.016725 1.024449 1.023666 .9982012 .9591917 .9320124 .9286401 .9415817 .9587004 .9714292 .9732826 .9654174
.9969917 .9955748 .9946851 .9959516 .9969794 .9919586 .9898611 .9986207 1.007308 1.008443 1.007784 1.007313 1.00674 1.006527 1.00012 .9918234 .990446 .9914456 .9925535 .9941813 .995618 1.002513 1.014494 1.027207 1.039446 1.050643 1.064567 1.088529 1.119645 1.147916 1.157989 1.150479 1.136062 1.121168 1.108745 1.097516 1.089818 1.082554 1.076182 1.073147 1.066697 1.058295 1.052318 1.046822 1.033167 1.02206 1.010828 .9981286 .9969772 1.00097 1.004661 1.011068 1.018914 1.017206 .9988261 .9701992 .9442778 .932025 .9345562 .9444846 .9528764 .9512262 .9420827
.9957224 .9948158 .9944699 .9948286 .9962347 .9946916 .9936719 .9988925 1.00549 1.00757 1.007463 1.006924 1.006281 1.006002 1.002062 .9947946 .9918025 .9922612 .9934006 .9963451 1.001933 1.009194 1.017834 1.028945 1.039939 1.051597 1.066438 1.092173 1.12489 1.15477 1.166213 1.1572 1.138684 1.120862 1.105213 1.094308 1.088235 1.081356 1.070045 1.067021 1.061907 1.050317 1.045003 1.039941 1.031077 1.023642 1.014778 1.003692 .9997597 .9965864 .9970793 1.00182 1.008713 1.008891 .9974117 .9792961 .9591725 .9405549 .9311451 .9337199 .9342702 .9286277 .9186406
.9949933 .9941314 .9933291 .9927356 .9948229 .9974402 .99812 1.000564 1.004128 1.006378 1.007425 1.007637 1.006738 1.006073 1.003958 1.000007 .9955197 .9934289 .9938027 .9984632 1.005948 1.015379 1.02551 1.034456 1.042162 1.05429 1.071903 1.100167 1.13528 1.164337 1.173919 1.163102 1.141486 1.122301 1.103948 1.090241 1.084826 1.076712 1.062489 1.058432 1.05306 1.043711 1.038529 1.036837 1.032719 1.026794 1.020608 1.009873 1.001606 .9926696 .9893547 .9936937 1.00226 1.005693 .9993552 .9891809 .9725958 .9507396 .9352131 .9250482 .9159532 .9053316 .8931618
.9953874 .9937572 .9918647 .9916281 .9940436 .9978765 1.000825 1.003104 1.003924 1.005939 1.007103 1.007302 1.007673 1.006788 1.005777 1.004121 .9999264 .9958822 .9947202 .9992824 1.006748 1.017948 1.031069 1.038867 1.04538 1.057917 1.079795 1.112438 1.149246 1.175793 1.183624 1.165859 1.14118 1.12096 1.102795 1.090901 1.083569 1.074015 1.060313 1.051937 1.041709 1.036538 1.036813 1.038786 1.03486 1.029808 1.020791 1.012346 1.003814 .9896125 .9850099 .9888397 .9975148 1.003355 1.001211 .9939721 .9766098 .9560466 .9372071 .9187331 .9005175 .8887792 .8750557
.9965676 .9949141 .992133 .9913462 .9929983 .9987387 1.003631 1.006337 1.005968 1.006126 1.006703 1.006904 1.007366 1.00774 1.007923 1.006541 1.003648 .9997289 .9984244 1.002335 1.007517 1.018384 1.030177 1.039259 1.047698 1.062728 1.089002 1.126913 1.165426 1.190298 1.187595 1.164147 1.136623 1.114555 1.098413 1.086556 1.078478 1.06723 1.055151 1.047659 1.037657 1.03501 1.037667 1.038311 1.036294 1.030451 1.020573 1.009064 .9981906 .988115 .9840841 .9861637 .9924462 1.000811 1.00416 .9978663 .9818711 .9620377 .9373948 .9126576 .8914731 .876335 .8587425
.9973884 .9963024 .9934425 .9909796 .9952488 1.000909 1.006268 1.00738 1.008632 1.008438 1.007259 1.005778 1.006731 1.007932 1.008102 1.007322 1.006094 1.004339 1.004885 1.007896 1.012303 1.021422 1.029675 1.039249 1.049327 1.068107 1.098987 1.140501 1.181039 1.201514 1.190089 1.160822 1.131197 1.10888 1.093915 1.079243 1.068724 1.054319 1.045191 1.041014 1.038549 1.038713 1.039465 1.037937 1.036349 1.028034 1.015354 1.001455 .9936081 .9867672 .9844924 .9852739 .9906996 .9981536 1.003636 .9994528 .9827971 .9594381 .9310104 .9035034 .8804708 .8614914 .8418009
.9963372 .9963288 .9943299 .9926265 .9959133 1.002252 1.007661 1.009706 1.010954 1.011699 1.010691 1.006712 1.00617 1.00753 1.008527 1.008189 1.007605 1.008702 1.010951 1.012975 1.018204 1.025875 1.034019 1.042279 1.054267 1.075584 1.10916 1.152671 1.190785 1.205546 1.188275 1.155779 1.125032 1.105076 1.088955 1.074114 1.059173 1.045638 1.039684 1.041113 1.044656 1.045878 1.045433 1.040799 1.03529 1.024655 1.009983 .9981623 .9904442 .9859519 .9845946 .9858086 .9906866 .9978278 1.002329 .99694 .977474 .9518811 .9223859 .8938033 .8695216 .8465944 .8266425
.9951673 .9963565 .9961444 .9955087 .9970376 1.001569 1.007049 1.010368 1.012803 1.014524 1.014744 1.009545 1.006308 1.007064 1.006841 1.006494 1.007065 1.009277 1.013191 1.016943 1.022929 1.02982 1.039192 1.049297 1.063494 1.086327 1.121174 1.16285 1.196246 1.204784 1.182434 1.151791 1.122854 1.10316 1.086828 1.067391 1.051836 1.038144 1.037307 1.045597 1.053349 1.055198 1.05017 1.041261 1.032995 1.0203 1.004368 .9929663 .9856849 .9822992 .9827654 .9866357 .9924378 .9984814 1.001604 .9936712 .9720109 .9454769 .9152657 .8856356 .8602481 .8356597 .8120181
.9952868 .9944335 .9958027 .9974077 .999199 1.002437 1.006959 1.011304 1.014331 1.016593 1.016195 1.013393 1.010503 1.010084 1.009825 1.007955 1.007197 1.00949 1.012819 1.019125 1.026313 1.033073 1.043406 1.057223 1.076633 1.104978 1.138902 1.174192 1.198392 1.199306 1.177635 1.150356 1.12498 1.103446 1.086102 1.061383 1.043695 1.034745 1.040285 1.051979 1.060983 1.061845 1.050844 1.038371 1.029357 1.015533 .9990857 .9877895 .9801926 .9765803 .9784577 .9848557 .9918594 .997357 .9977506 .9878804 .9661314 .939115 .9081861 .8770002 .8490947 .8236445 .7968063
