py_wake/examples/data/AJ_ParqueFicticio/Rough survey   Sector 6   Height 200m   Mean speed.grd
DSAA
73  159
 258469   265669
 6501692   6517492
 5.412497   10.03148
[rows 0 to 27 of 159, columns 0 to 62 of 73]
7.092424 7.066136 7.053715 7.046107 7.037163 7.027865 7.022407 7.016534 7.011443 7.004291 6.99347 6.979031 6.964104 6.953393 6.942018 6.938817 6.942369 6.948739 6.965056 6.986999 7.014504 7.052164 7.061382 7.042383 6.956639 6.826353 6.776316 6.800389 6.828349 6.834947 6.837009 6.850063 6.901276 6.986131 7.075763 7.140317 7.219493 7.277282 7.299209 7.307108 7.299911 7.286635 7.265589 7.237107 7.222222 7.217558 7.208728 7.199097 7.191908 7.177129 7.161939 7.137465 7.114245 7.092515 7.070111 7.050544 7.032647 7.016245 7.010669 7.006994 7.001685 7.007418 7.024179
7.108555 7.070982 7.0558 7.048266 7.03963 7.029019 7.022978 7.011561 7.00683 7.004445 6.996113 6.982543 6.967351 6.952505 6.941207 6.936678 6.937836 6.949127 6.961785 6.999965 7.050602 7.0877 7.124943 7.139357 7.073823 6.933993 6.816804 6.808162 6.821223 6.836217 6.84128 6.853516 6.897069 6.971517 7.056287 7.134012 7.209524 7.302602 7.344907 7.355978 7.354865 7.34372 7.334379 7.308999 7.252686 7.240335 7.231359 7.225843 7.216135 7.200733 7.182756 7.155062 7.126468 7.100048 7.075896 7.057154 7.033583 7.01886 7.00621 6.992435 6.984643 6.986265 6.999185
7.159751 7.094504 7.063798 7.049931 7.03501 7.025196 7.017108 7.008256 7.000667 6.994319 6.994541 6.982628 6.964338 6.950058 6.936246 6.928897 6.931513 6.937613 6.949875 6.995583 7.044498 7.079174 7.139199 7.190427 7.162347 7.019932 6.893348 6.830292 6.821015 6.824084 6.832265 6.843678 6.876306 6.930436 6.999535 7.094634 7.179727 7.288761 7.368757 7.397597 7.394065 7.371471 7.360892 7.353573 7.306549 7.257687 7.238976 7.237466 7.232141 7.223839 7.208181 7.18358 7.149796 7.118824 7.090737 7.064702 7.038558 7.014341 6.992903 6.973492 6.956687 6.960192 6.967071
7.247293 7.154458 7.083211 7.050852 7.034207 7.022986 7.008912 6.99774 6.988073 6.978198 6.973871 6.978619 6.968063 6.951897 6.927682 6.913552 6.911388 6.916794 6.928137 6.975553 7.014229 7.042523 7.109676 7.181973 7.195359 7.098936 6.953083 6.873361 6.834504 6.82634 6.825025 6.813146 6.824025 6.84834 6.871997 6.918187 7.020987 7.171967 7.314645 7.383162 7.383444 7.370559 7.359895 7.366712 7.349786 7.298306 7.254496 7.240191 7.23455 7.227657 7.231124 7.216478 7.185229 7.144765 7.110074 7.073992 7.039182 7.003619 6.972772 6.942226 6.923009 6.918909 6.92963
7.320482 7.223061 7.128074 7.068707 7.038571 7.019268 7.008395 6.991034 6.977335 6.966783 6.956943 6.952236 6.959735 6.952926 6.919956 6.895833 6.889406 6.890877 6.905272 6.951103 6.986433 7.003163 7.060924 7.126034 7.158461 7.115745 7.009236 6.91392 6.85216 6.826674 6.801593 6.794842 6.760178 6.7313 6.691376 6.679774 6.751741 6.920146 7.090549 7.222033 7.288922 7.315664 7.317403 7.339469 7.366276 7.337071 7.286456 7.24826 7.241131 7.242177 7.266198 7.257751 7.229875 7.186689 7.139672 7.089034 7.03686 6.990239 6.943705 6.900546 6.873285 6.864053 6.870258
7.360632 7.299304 7.218994 7.133396 7.057389 7.025329 7.012739 6.995615 6.978546 6.965055 6.959811 6.939065 6.942029 6.939223 6.918164 6.881599 6.862068 6.855285 6.870828 6.916809 6.952189 6.988687 7.034353 7.085971 7.122815 7.103013 7.022859 6.938999 6.867918 6.811196 6.765337 6.732244 6.695659 6.632859 6.57988 6.528255 6.531955 6.635448 6.789085 6.951914 7.097332 7.2126 7.263265 7.292867 7.293394 7.292378 7.263098 7.238279 7.233961 7.247197 7.26661 7.283215 7.261966 7.220951 7.162496 7.095988 7.028764 6.967528 6.906097 6.848562 6.800694 6.777162 6.762991
7.396198 7.36862 7.331393 7.249661 7.130648 7.047343 7.040173 7.032661 7.012105 6.994892 6.982704 6.952626 6.938198 6.940934 6.928594 6.888922 6.838125 6.808777 6.802157 6.828392 6.879054 6.948251 7.006997 7.064891 7.105585 7.095357 7.028495 6.954286 6.871313 6.800376 6.740703 6.67559 6.625561 6.58527 6.52021 6.466865 6.437587 6.464572 6.561386 6.708813 6.89376 7.070106 7.170856 7.203954 7.197079 7.190552 7.197773 7.205642 7.190381 7.198219 7.227767 7.248832 7.25147 7.231873 7.174046 7.100219 7.019426 6.939479 6.857274 6.772114 6.699961 6.645447 6.607873
7.420307 7.411285 7.392112 7.339585 7.238555 7.136696 7.094219 7.08427 7.063256 7.041708 7.01917 6.990871 6.968213 6.962903 6.948371 6.90121 6.829677 6.769406 6.734744 6.727391 6.776532 6.861937 6.957729 7.03025 7.086461 7.092843 7.040438 6.962958 6.882843 6.801593 6.732947 6.67703 6.619841 6.564566 6.500105 6.435038 6.392739 6.385969 6.431289 6.532105 6.689847 6.862172 6.981997 7.038683 7.063747 7.095937 7.127439 7.126894 7.108673 7.103822 7.127683 7.142694 7.152505 7.162012 7.151964 7.083889 7.001031 6.908712 6.805203 6.696983 6.587172 6.499907 6.427676
7.441175 7.43999 7.42755 7.383999 7.306626 7.222252 7.169468 7.148685 7.118833 7.092868 7.058807 7.030457 7.005697 7.000477 6.987364 6.935091 6.854567 6.75403 6.676185 6.628872 6.640153 6.714246 6.805716 6.903712 6.997193 7.059955 7.044012 6.978673 6.901124 6.822347 6.756593 6.694209 6.630514 6.564763 6.493969 6.429513 6.358767 6.334301 6.346767 6.390359 6.471194 6.584505 6.69281 6.768118 6.862052 6.938237 6.963439 6.972875 6.938998 6.912544 6.9519 6.969181 6.978742 7.020505 7.060608 7.043588 6.97806 6.885127 6.7714 6.639667 6.486083 6.35851 6.264623
7.460392 7.461619 7.453248 7.425803 7.376999 7.294714 7.23696 7.206123 7.174241 7.137132 7.104881 7.076128 7.044698 7.034474 7.03828 7.003132 6.921091 6.808577 6.678502 6.578192 6.518417 6.518666 6.599315 6.685441 6.79424 6.934935 7.00334 6.974905 6.917192 6.84824 6.782279 6.716415 6.648881 6.581405 6.509772 6.442197 6.370023 6.305956 6.287109 6.289958 6.301665 6.336314 6.386107 6.460627 6.571794 6.669186 6.699571 6.727653 6.712687 6.674263 6.703294 6.737882 6.774431 6.849255 6.923841 6.971005 6.938006 6.865819 6.759076 6.614825 6.434482 6.260558 6.14855
7.479224 7.481057 7.475034 7.468041 7.476269 7.418119 7.370834 7.299232 7.224369 7.183996 7.156397 7.127749 7.087268 7.063803 7.078465 7.083361 7.030026 6.915817 6.775994 6.627981 6.498384 6.420051 6.432127 6.498197 6.582932 6.708265 6.847826 6.909209 6.892143 6.842618 6.788579 6.730791 6.667336 6.598499 6.529792 6.463399 6.391876 6.322032 6.267204 6.248693 6.231273 6.225882 6.224742 6.239694 6.286502 6.362107 6.394882 6.437247 6.449435 6.425376 6.439512 6.487807 6.577359 6.681323 6.767377 6.825558 6.848479 6.815624 6.730218 6.594808 6.422126 6.235795 6.099925
7.491041 7.499869 7.493831 7.491491 7.503108 7.480781 7.444907 7.379172 7.287362 7.24913 7.218274 7.197317 7.146868 7.092844 7.088902 7.128572 7.140728 7.05776 6.926846 6.770212 6.588029 6.448815 6.391896 6.405597 6.458608 6.54661 6.68816 6.797442 6.820006 6.800287 6.759478 6.713087 6.667651 6.610181 6.55478 6.48586 6.415547 6.347501 6.280442 6.239836 6.2135 6.199626 6.169914 6.150549 6.134958 6.148489 6.172095 6.197471 6.22143 6.207902 6.20407 6.260906 6.371502 6.470611 6.536657 6.587737 6.605747 6.602321 6.550408 6.465105 6.337322 6.188198 6.057701
7.493195 7.508125 7.509166 7.502617 7.503592 7.495491 7.475086 7.434277 7.383336 7.348906 7.313933 7.306827 7.257251 7.163869 7.109841 7.112596 7.158239 7.160838 7.076869 6.946354 6.794047 6.639806 6.509978 6.432216 6.42038 6.46441 6.551391 6.649109 6.707232 6.713398 6.703356 6.677166 6.647134 6.603667 6.555573 6.498394 6.432822 6.37285 6.310635 6.254315 6.218023 6.193506 6.15576 6.119086 6.062573 6.043347 6.040853 6.052624 6.063518 6.048392 6.030974 6.045502 6.108305 6.183721 6.23115 6.223357 6.217635 6.195663 6.166652 6.132162 6.088996 6.021568 5.950092
7.490612 7.49793 7.501066 7.504087 7.504219 7.504452 7.497079 7.494742 7.465518 7.444501 7.42136 7.397484 7.367674 7.29841 7.225745 7.179422 7.181623 7.17376 7.183214 7.10967 6.996992 6.853715 6.701337 6.557871 6.473059 6.457722 6.495492 6.55293 6.614148 6.640643 6.648503 6.643215 6.625796 6.595326 6.540797 6.49203 6.44136 6.394763 6.347199 6.297635 6.245422 6.196666 6.15273 6.115945 6.045145 5.990227 5.972449 5.951978 5.95873 5.935066 5.913941 5.897106 5.888163 5.902772 5.911139 5.886247 5.850835 5.823861 5.804217 5.799358 5.798519 5.795794 5.780785
7.485707 7.487623 7.493141 7.500042 7.508979 7.509298 7.507417 7.511689 7.504023 7.488834 7.461232 7.437799 7.422147 7.387147 7.330634 7.276869 7.254136 7.256642 7.258551 7.228945 7.170039 7.068587 6.918427 6.735495 6.593141 6.520237 6.504827 6.533121 6.564316 6.59343 6.606178 6.612243 6.619042 6.595989 6.54631 6.484706 6.442578 6.406798 6.38442 6.352031 6.300123 6.239728 6.179617 6.141781 6.08816 6.00989 5.971843 5.935193 5.896551 5.883723 5.856112 5.825123 5.789328 5.769839 5.751686 5.739585 5.727525 5.710831 5.700072 5.682497 5.679261 5.667304 5.666409
7.472961 7.476735 7.485263 7.49594 7.503553 7.511923 7.513071 7.52374 7.518663 7.494296 7.47239 7.455385 7.451721 7.442835 7.421703 7.374321 7.337084 7.339896 7.344166 7.31865 7.282233 7.234017 7.140082 6.977347 6.798252 6.651188 6.574944 6.557013 6.568649 6.590866 6.611697 6.616788 6.628771 6.62655 6.595426 6.533078 6.461677 6.428433 6.420357 6.429148 6.401044 6.34106 6.262569 6.207231 6.149459 6.081642 6.027604 5.992887 5.954301 5.910968 5.885589 5.858005 5.836348 5.822689 5.827107 5.845923 5.869046 5.891044 5.892581 5.853897 5.79134 5.715666 5.652051
7.463773 7.462188 7.473619 7.486822 7.498386 7.5094 7.51747 7.53093 7.527794 7.509913 7.490368 7.480536 7.478395 7.470154 7.46969 7.447168 7.410236 7.377335 7.377769 7.35771 7.336871 7.317379 7.27246 7.188739 7.05836 6.879646 6.731548 6.6467 6.624434 6.63822 6.663082 6.674189 6.692208 6.717343 6.725248 6.687298 6.590739 6.523802 6.51835 6.518635 6.532495 6.482652 6.387292 6.312006 6.252829 6.202165 6.161609 6.125309 6.09099 6.049355 6.010192 5.999108 6.013832 6.045523 6.082096 6.12784 6.180471 6.2184 6.212624 6.171896 6.071533 5.92543 5.751251
7.458212 7.457957 7.465852 7.481007 7.49118 7.503883 7.517652 7.526261 7.530507 7.523458 7.510113 7.487687 7.485476 7.480305 7.477573 7.4646 7.441711 7.41552 7.4064 7.387951 7.374548 7.367206 7.349919 7.325295 7.258398 7.136837 6.990757 6.85594 6.776735 6.765838 6.782919 6.79183 6.825591 6.864378 6.893935 6.882196 6.794744 6.713264 6.688848 6.708257 6.746561 6.713041 6.621193 6.528543 6.459805 6.414265 6.369617 6.354316 6.33638 6.305502 6.264735 6.245775 6.275615 6.336499 6.390465 6.42755 6.452197 6.469477 6.466759 6.409595 6.306615 6.144053 5.932975
7.452906 7.454932 7.464261 7.475908 7.488032 7.497452 7.510805 7.522937 7.531372 7.528343 7.519641 7.493886 7.484196 7.479709 7.477588 7.475577 7.457145 7.439479 7.427919 7.410477 7.396906 7.397583 7.408988 7.420036 7.411682 7.351118 7.24376 7.118773 7.02485 6.97795 6.939767 6.926577 6.990177 7.031576 7.067184 7.069833 6.994806 6.899812 6.850714 6.888134 6.956988 6.999895 6.975048 6.917672 6.838713 6.764949 6.698028 6.671862 6.667225 6.631081 6.570567 6.51619 6.517364 6.553077 6.59184 6.609404 6.615057 6.60713 6.570905 6.52017 6.438794 6.311101 6.120102
7.450914 7.454949 7.464084 7.471526 7.477297 7.486606 7.502866 7.511806 7.52472 7.528275 7.519392 7.511131 7.494617 7.478311 7.480138 7.478412 7.474126 7.460225 7.447945 7.430233 7.422178 7.420387 7.428081 7.452372 7.46192 7.453156 7.412527 7.336785 7.243958 7.169051 7.085471 7.031581 7.091463 7.161256 7.206898 7.211435 7.151516 7.058407 7.002608 7.0456 7.148982 7.253028 7.302697 7.294331 7.244298 7.167132 7.063982 6.998508 6.978722 6.928694 6.837677 6.75686 6.702601 6.691349 6.694232 6.693851 6.683694 6.672143 6.619555 6.5665 6.504283 6.415521 6.280718
7.432616 7.446808 7.458166 7.461395 7.462066 7.473922 7.489505 7.49776 7.510455 7.515077 7.508757 7.506603 7.495604 7.487607 7.482406 7.483706 7.489045 7.476187 7.465892 7.453308 7.446377 7.436948 7.441276 7.45184 7.468055 7.473635 7.460555 7.431978 7.374248 7.274347 7.180615 7.112966 7.112895 7.198055 7.277322 7.3172 7.263688 7.17598 7.140478 7.183727 7.289019 7.404008 7.492371 7.526671 7.513242 7.455884 7.348839 7.254128 7.195881 7.130951 7.024783 6.936013 6.848647 6.79045 6.763035 6.739005 6.719531 6.698043 6.655254 6.60361 6.556894 6.508534 6.436561
7.412347 7.415512 7.431176 7.438892 7.445983 7.456359 7.468361 7.481795 7.493671 7.492495 7.497305 7.500607 7.498692 7.491113 7.488569 7.487605 7.492334 7.492116 7.482586 7.477931 7.472559 7.457492 7.450065 7.452679 7.465444 7.469998 7.460347 7.440383 7.409756 7.341817 7.276199 7.208088 7.123755 7.17851 7.292003 7.365799 7.344374 7.240252 7.231193 7.278146 7.351836 7.471956 7.550401 7.594969 7.614799 7.588244 7.517856 7.428325 7.334674 7.240674 7.138642 7.055951 6.96718 6.878385 6.843131 6.805554 6.775277 6.755075 6.721357 6.67614 6.629087 6.610826 6.575812
7.404758 7.404016 7.410091 7.420426 7.432528 7.444474 7.452899 7.462578 7.474556 7.476466 7.487385 7.489599 7.495613 7.493516 7.490112 7.489623 7.487142 7.488888 7.490746 7.487914 7.4831 7.470651 7.464649 7.468469 7.469023 7.463714 7.444826 7.423336 7.406713 7.402761 7.386709 7.328836 7.226783 7.19024 7.271436 7.366224 7.389056 7.314509 7.275148 7.27985 7.330745 7.445668 7.53098 7.590985 7.618482 7.621192 7.592993 7.525326 7.433341 7.320747 7.226536 7.138502 7.06063 6.967638 6.924663 6.899511 6.874347 6.852467 6.835011 6.800808 6.753703 6.722648 6.69696
7.40736 7.411302 7.417458 7.41745 7.424668 7.43354 7.441675 7.450984 7.459289 7.465089 7.473688 7.481923 7.484834 7.493844 7.492127 7.493877 7.479017 7.475597 7.485962 7.496189 7.494759 7.486931 7.480513 7.482704 7.48013 7.46233 7.440175 7.414682 7.396892 7.418144 7.437958 7.411814 7.327879 7.253341 7.256745 7.339613 7.404241 7.391267 7.353154 7.27784 7.275981 7.363252 7.458156 7.530985 7.571114 7.595112 7.597637 7.562784 7.489299 7.395589 7.306752 7.224567 7.145104 7.056242 7.017407 7.014237 7.00715 6.986683 6.973883 6.960129 6.899949 6.848548 6.810923
7.407493 7.417962 7.424241 7.420407 7.42424 7.427691 7.434257 7.443606 7.447147 7.459489 7.463431 7.474505 7.482151 7.488097 7.489852 7.493792 7.48871 7.484512 7.488421 7.500577 7.507089 7.503372 7.496364 7.502816 7.491442 7.475473 7.455282 7.440362 7.424011 7.427173 7.468621 7.451413 7.407111 7.342141 7.298284 7.334743 7.391977 7.413991 7.393432 7.311144 7.262851 7.318746 7.396996 7.465237 7.519033 7.556434 7.579728 7.580002 7.548458 7.484801 7.413799 7.330947 7.253246 7.170789 7.125778 7.148278 7.1567 7.142011 7.126734 7.11066 7.049201 6.976023 6.91018
7.402915 7.409172 7.418491 7.418114 7.420337 7.420228 7.43012 7.434914 7.440304 7.45275 7.458315 7.468513 7.476394 7.480007 7.486636 7.488667 7.491896 7.494812 7.496338 7.506736 7.511865 7.518262 7.516795 7.523005 7.516106 7.50427 7.481437 7.481498 7.495027 7.463901 7.451575 7.454359 7.446795 7.418206 7.363046 7.35687 7.387198 7.422826 7.414424 7.359016 7.309572 7.350456 7.410619 7.465921 7.502572 7.537494 7.575727 7.608684 7.611035 7.572517 7.527218 7.473257 7.404569 7.313937 7.255937 7.279393 7.313652 7.292175 7.260123 7.216991 7.152994 7.075696 7.003253
7.417348 7.420045 7.425165 7.419012 7.422955 7.422966 7.430358 7.434598 7.443105 7.449355 7.453111 7.466366 7.473411 7.476909 7.48438 7.491115 7.497392 7.502909 7.5059 7.509672 7.514034 7.523958 7.531116 7.533541 7.533862 7.529843 7.507354 7.515501 7.51376 7.492503 7.456951 7.450531 7.456132 7.447157 7.417642 7.410798 7.397694 7.418124 7.433144 7.397255 7.374354 7.381471 7.440226 7.492841 7.540338 7.569846 7.602799 7.637463 7.666157 7.663314 7.648792 7.628625 7.595695 7.512926 7.412635 7.407769 7.444821 7.432383 7.35378 7.262131 7.19632 7.126175 7.061445
7.420486 7.425198 7.420563 7.422645 7.425817 7.427063 7.433031 7.437191 7.444959 7.453514 7.453176 7.464605 7.474449 7.479086 7.484772 7.494407 7.50403 7.509913 7.513273 7.514608 7.515414 7.516734 7.520641 7.531826 7.54104 7.537371 7.526728 7.515317 7.507976 7.489342 7.468836 7.461091 7.453366 7.435878 7.437862 7.431329 7.423999 7.427961 7.432821 7.417567 7.393368 7.381201 7.430924 7.508357 7.578266 7.619231 7.657038 7.70157 7.749226 7.769887 7.781193 7.793463 7.799128 7.745914 7.62432 7.550848 7.554686 7.539523 7.440704 7.325658 7.237187 7.165699 7.102097
