py_wake/examples/data/AJ_ParqueFicticio/Rough survey   Sector 1   Height 30m   Weibull-A.grd
DSAA
73  159
 258469   265669
 6501692   6517492
 .2611912   8.185854
[rows 84 to 111 of 159, columns 0 to 62 of 73]
3.211746 3.145892 3.107365 3.081596 3.053576 3.006004 2.971551 2.926359 2.88131 2.880273 2.879818 2.845874 2.769298 2.748007 2.704035 2.731404 2.655015 2.633043 2.717731 2.782454 2.870911 2.954093 3.030433 3.094756 3.226109 3.323707 3.360506 3.317401 3.33561 3.284193 3.376153 3.490304 3.522891 3.524256 3.338374 3.383541 3.230998 3.192156 3.316344 3.278221 3.272946 3.141893 3.127327 3.065977 3.005331 2.995919 3.078865 3.112053 3.221651 3.593995 3.879094 3.817619 3.742307 3.659416 3.506545 3.419053 3.386019 3.402557 3.43699 3.459497 3.47258 3.396781 3.237877
3.132397 3.106395 3.076971 3.039736 2.99404 2.979041 2.946296 2.897838 2.880742 2.863187 2.820167 2.761956 2.682691 2.641387 2.702839 2.726389 2.644769 2.58314 2.594418 2.613594 2.67203 2.756724 2.874298 3.047161 3.270189 3.386907 3.359092 3.255528 3.182538 3.097446 3.151267 3.295298 3.221161 3.26112 3.1097 3.199892 3.189479 3.227576 3.316766 3.406357 3.37957 3.296135 3.192055 3.186979 3.069913 3.088794 3.083638 2.975166 2.917932 3.032864 3.338961 3.641804 3.705188 3.710946 3.698941 3.675141 3.725816 3.723225 3.678113 3.611847 3.508046 3.268523 3.062468
2.995924 3.025157 3.030557 2.985162 2.968656 2.959462 2.907451 2.887422 2.896628 2.843019 2.784733 2.775868 2.762602 2.697931 2.696083 2.692967 2.702927 2.671085 2.559364 2.4726 2.454107 2.499813 2.546993 2.703815 2.866853 2.988166 2.963643 2.880031 2.757425 2.769678 2.830874 2.904443 3.006092 3.100437 3.06037 3.129379 3.141358 3.139309 3.307522 3.382561 3.355226 3.350626 3.368864 3.444125 3.459599 3.500133 3.459398 3.3161 3.246523 3.156603 3.182194 3.3884 3.690448 3.739119 3.799621 3.850998 3.996423 3.99323 3.899147 3.735833 3.525802 3.11521 2.911154
2.953034 2.964354 2.970523 2.926091 2.912546 2.901279 2.867876 2.901141 2.892452 2.839007 2.817135 2.774459 2.738869 2.648837 2.595522 2.623634 2.665475 2.620466 2.576369 2.498174 2.367364 2.275591 2.219201 2.230749 2.367684 2.500863 2.443085 2.500668 2.482974 2.582235 2.788607 2.924802 3.061127 3.209807 3.294174 3.305483 3.213582 3.271836 3.229618 3.280962 3.289278 3.351336 3.481744 3.655944 3.683419 3.67808 3.669398 3.675574 3.56787 3.3529 3.176509 3.247195 3.653215 3.886826 3.876207 3.965437 4.061414 4.030184 3.891569 3.760376 3.501308 3.145115 3.056314
2.94321 2.914457 2.879506 2.876308 2.84896 2.803589 2.790711 2.81709 2.790931 2.797074 2.79093 2.723789 2.692627 2.675913 2.581837 2.510073 2.540406 2.523368 2.527903 2.452879 2.359806 2.244742 2.111799 1.994482 2.039006 2.261146 2.368109 2.53498 2.738663 3.008331 2.997503 3.160408 3.147865 3.274968 3.377412 3.407035 3.452344 3.391021 3.307602 3.289712 3.32189 3.451873 3.537224 3.591091 3.538008 3.481489 3.43466 3.40394 3.448756 3.269149 3.050629 2.924474 3.174316 3.584893 3.953268 3.896528 3.887077 3.88958 3.789608 3.62507 3.39955 3.253649 3.344709
2.918967 2.872926 2.86524 2.863407 2.815143 2.791782 2.726389 2.657338 2.633151 2.703625 2.703626 2.732812 2.688138 2.646037 2.559158 2.404886 2.371744 2.400432 2.391574 2.422991 2.407728 2.358949 2.287898 2.269543 2.312841 2.45054 2.679605 3.03144 3.357694 3.438014 3.360716 3.283969 3.225492 3.216545 3.30629 3.282229 3.362359 3.483156 3.474483 3.437998 3.473385 3.489473 3.497795 3.382506 3.224445 3.074084 2.954638 2.861249 2.908542 2.820906 2.658817 2.481717 2.227206 2.635432 3.207898 3.535972 3.526762 3.472138 3.419421 3.375632 3.233426 3.318853 3.467471
2.982555 2.929131 2.880545 2.816501 2.807843 2.76924 2.680898 2.663851 2.575509 2.56672 2.581797 2.65782 2.627658 2.605955 2.575328 2.456747 2.303778 2.212248 2.251098 2.337762 2.477169 2.541205 2.621278 2.775521 2.960811 3.064371 3.279674 3.543138 3.754252 3.702665 3.54159 3.382427 3.337899 3.284555 3.223308 3.242226 3.437229 3.548704 3.608219 3.64348 3.590365 3.560183 3.48249 3.311997 3.276469 3.288942 3.404103 3.280839 3.206059 2.975471 2.940937 2.632183 2.490657 2.170677 2.333944 2.759441 2.827923 2.62113 2.726353 2.872747 3.175522 3.423226 3.587002
3.004532 2.938815 2.898981 2.857874 2.800419 2.727416 2.719038 2.663165 2.586426 2.549308 2.535986 2.557785 2.615117 2.599847 2.586691 2.498625 2.351001 2.179787 2.128186 2.236577 2.54716 2.786009 2.954396 3.206613 3.475719 3.572272 3.688913 3.808067 3.877014 3.829419 3.731693 3.637511 3.569928 3.555482 3.500988 3.562798 3.450377 3.592223 3.684979 3.779418 3.767389 3.621697 3.575402 3.596086 3.893608 4.031394 3.985792 3.951425 3.719082 3.597509 3.778171 3.718411 3.512274 2.991842 2.391113 2.140895 2.215697 2.350441 2.552614 2.843056 3.221035 3.497072 3.713001
3.024597 2.953293 2.894293 2.832092 2.765011 2.775333 2.738953 2.707259 2.67335 2.578324 2.534869 2.559412 2.562048 2.618679 2.637379 2.580001 2.461094 2.340953 2.255356 2.272921 2.622972 3.053023 3.361494 3.537451 3.77364 3.820462 3.929174 4.007101 3.979966 3.999521 3.945133 3.936348 3.824621 3.642397 3.471036 3.618027 3.637389 3.693729 3.784936 3.789806 3.807617 3.797907 3.87257 4.117129 4.28976 4.288683 4.087396 4.00979 3.974153 4.144038 4.333452 4.281568 4.316209 4.0482 3.484725 2.995815 2.887969 3.014178 3.263136 3.163856 3.275203 3.533938 3.828505
3.017905 2.943053 2.871752 2.832225 2.820518 2.782955 2.776781 2.732915 2.700106 2.666415 2.58423 2.513584 2.545087 2.557734 2.647511 2.723121 2.709804 2.65438 2.623227 2.649888 2.749168 3.200978 3.575962 3.798664 3.955917 3.939332 4.086711 4.287625 4.264494 4.129248 3.965261 3.836655 3.793837 3.696277 3.677297 3.692562 3.661388 3.622817 3.744722 3.890024 4.077706 4.293818 4.480576 4.564328 4.488659 4.291303 4.164105 4.066459 4.195065 4.300272 4.372809 4.459569 4.53034 4.438078 4.47181 4.296813 4.272334 4.123561 3.890419 3.608732 3.315561 3.467736 3.881183
3.000195 2.951205 2.882564 2.821668 2.775179 2.796559 2.782651 2.744431 2.699988 2.690681 2.636042 2.52142 2.468198 2.499964 2.592726 2.753558 2.949836 3.077022 3.154842 3.193786 3.153161 3.097057 3.635712 3.944338 4.141727 4.132012 4.241224 4.473303 4.367582 4.209626 3.918763 3.703524 3.637125 3.664888 3.707865 3.851159 3.826264 3.858547 4.007211 4.226689 4.446758 4.643228 4.683691 4.59095 4.394631 4.272738 4.090999 4.111943 4.222877 4.283668 4.229992 4.219085 4.389819 4.449469 4.538096 4.510784 4.461044 4.313674 4.051492 3.832028 3.467599 3.345593 3.697334
2.915911 2.917281 2.845713 2.824035 2.772915 2.741246 2.78227 2.818295 2.791911 2.741294 2.702163 2.629507 2.525968 2.427613 2.491055 2.658473 3.006221 3.357739 3.509895 3.574365 3.612917 3.334226 3.621301 4.022933 4.317516 4.337029 4.405896 4.485022 4.421107 4.147079 3.764567 3.575661 3.482286 3.623589 3.776268 3.947221 3.832166 3.870136 4.225379 4.330536 4.447106 4.506331 4.52561 4.467499 4.338396 4.25597 4.209602 4.36934 4.286943 4.236347 4.105625 4.058234 4.159593 4.252679 4.357466 4.387189 4.476868 4.425362 4.302486 4.244443 3.910536 3.281566 3.365149
2.869139 2.848554 2.893118 2.879838 2.860756 2.782045 2.770481 2.82225 2.846269 2.803383 2.766139 2.742055 2.676998 2.544014 2.475753 2.633 3.018271 3.363083 3.57881 3.857373 4.051593 3.76087 3.82227 4.08643 4.345784 4.300254 4.086662 3.873773 3.457494 3.213061 3.105975 3.192017 3.420954 3.775732 4.041939 4.224757 4.218629 4.237969 4.435591 4.531653 4.530899 4.368218 4.262626 4.20043 4.201846 4.300595 4.4166 4.399088 4.229592 4.158493 3.99003 3.819983 3.533455 3.477821 3.927245 4.130836 4.279068 4.358729 4.533007 4.514584 4.341246 3.744502 3.233535
2.817258 2.839598 2.854753 2.905356 2.951745 2.927827 2.813283 2.796303 2.880772 2.876456 2.849707 2.870081 2.863125 2.812023 2.737708 2.784775 2.97895 3.250536 3.562918 3.935329 4.184682 3.977908 3.985649 4.233809 4.278368 3.906482 3.457295 2.836755 2.403944 2.435236 2.830605 3.229062 3.419617 3.662693 4.098204 4.395248 4.663214 4.574054 4.452717 4.434492 4.281759 4.170656 4.045569 3.971278 3.951811 3.974673 3.9127 3.999519 3.9011 3.816593 3.701081 3.230378 2.861893 2.333436 2.506339 2.713111 3.101446 3.324017 3.665795 4.143925 4.242158 4.008734 3.35292
2.866609 2.850817 2.836712 2.854019 2.885692 2.981049 2.939191 2.808263 2.86672 2.91374 2.952854 3.003755 3.114237 3.222126 3.258179 3.248711 3.222379 3.388668 3.732059 4.038432 4.216506 4.051632 4.049706 4.168799 4.075623 3.672323 3.039476 2.615471 2.665392 3.198785 3.586146 3.742461 3.673021 3.652855 3.930598 4.109293 4.334949 4.536826 4.444213 4.320505 4.111882 3.936654 3.837187 3.791384 3.732193 3.544494 3.264943 3.15404 3.004493 2.892313 2.790247 2.570491 2.396491 2.49287 2.516694 2.373926 2.403507 2.577104 2.760726 3.225178 3.410853 3.565889 3.350862
2.908813 2.844525 2.880392 2.8753 2.867758 3.023189 3.08113 2.942004 2.93849 3.011529 3.07127 3.197186 3.390642 3.683742 3.889438 3.877286 3.813315 3.800175 4.047658 4.282491 4.354733 4.300251 4.261425 4.193961 3.803153 3.271229 2.961472 3.360142 3.951638 4.1639 4.141124 4.06053 3.990498 3.655908 3.60913 3.732602 3.784145 3.879509 4.002944 4.07718 3.814111 3.625583 3.445809 3.313925 3.27299 3.319942 3.042425 2.785577 2.448465 2.178879 2.160029 2.333825 2.742577 3.26024 3.389085 3.426646 3.339747 3.127929 2.972272 3.078477 3.427385 3.804664 3.681168
3.060015 3.054714 3.043776 3.027212 2.962585 3.078926 3.225068 3.240362 3.143795 3.247564 3.324439 3.491563 3.661018 3.886144 4.190075 4.420991 4.556096 4.456597 4.386829 4.551018 4.578585 4.481078 4.287124 3.984093 3.379514 3.092637 3.427857 3.998224 4.433955 4.534524 4.378027 4.15204 3.964961 3.782102 3.676948 3.527234 3.402852 3.260877 3.24763 3.447748 3.432112 3.101453 2.949049 2.849927 2.782864 2.924732 2.904291 2.710318 2.464219 2.442311 2.668869 2.928998 3.291942 3.616652 3.802063 3.916871 4.026968 4.131879 4.162357 4.236684 4.471326 4.288517 3.908208
3.224918 3.346378 3.303452 3.248341 3.200864 3.195519 3.433841 3.614792 3.531392 3.606951 3.692959 3.788368 4.039025 4.221581 4.498981 4.853617 5.09275 5.073096 4.889042 4.861444 4.753046 4.518848 4.103673 3.598556 3.345272 3.738081 4.282836 4.526277 4.651226 4.595714 4.383721 4.132247 3.962038 3.849303 3.826638 3.675975 3.50347 3.375065 3.109471 2.875182 2.720717 2.659853 2.555191 2.587566 2.767577 3.020068 3.064564 3.106419 3.431638 3.462305 3.493488 3.599032 3.688889 3.853445 4.129743 4.242665 4.349925 4.454986 4.498567 4.438494 4.253664 3.910642 3.57422
3.439698 3.501646 3.52191 3.491616 3.533675 3.544539 3.706679 3.951351 4.057444 4.107127 4.278948 4.301673 4.522413 4.72913 4.911834 5.168522 5.359804 5.442232 5.320825 5.154252 4.802266 4.37423 4.023155 3.848036 4.212468 4.584576 4.745319 4.705255 4.563734 4.416182 4.255428 4.10344 3.993026 3.904528 3.791564 3.68758 3.570254 3.414716 3.051289 2.783434 2.575709 2.5757 2.842386 3.354524 3.4662 3.430728 3.395724 3.781152 4.078788 4.115517 4.012774 3.990863 3.994894 4.084264 4.184049 4.267596 4.264109 4.200762 4.118187 3.960438 3.70047 3.408498 3.540624
3.615011 3.700623 3.759669 3.828964 3.912841 3.829008 3.842612 4.071898 4.429418 4.624949 4.784769 4.915147 4.961705 5.198271 5.378846 5.570312 5.595059 5.625055 5.59078 5.339677 5.001628 4.806299 4.693592 4.814987 4.965283 5.025126 4.816626 4.396373 4.06946 3.877847 3.870391 3.895341 3.897302 3.792917 3.617742 3.4815 3.354376 3.279245 3.080972 3.036191 3.134079 3.227434 3.661798 3.795243 3.713546 3.690913 3.817196 4.100684 4.297268 4.502656 4.393626 4.325729 4.161128 3.987621 3.910186 3.867228 3.847982 3.792687 3.714197 3.56692 3.389966 3.388366 3.878772
3.427363 3.754179 4.041173 4.240809 4.268956 4.118648 4.036278 4.130759 4.372643 4.634496 4.853091 5.115509 5.319749 5.475917 5.674274 5.94501 6.0452 5.958621 5.969864 5.913648 5.821952 5.78565 5.764428 5.689904 5.580202 5.279888 4.752297 4.283394 3.889969 3.747574 3.794194 3.820609 3.852547 3.814344 3.727158 3.591251 3.482763 3.196374 3.065511 3.233554 3.510936 3.676252 3.638455 3.462565 3.392507 3.295778 3.563336 4.139891 4.525666 4.759917 4.869577 4.722891 4.456784 4.056796 3.8124 3.701422 3.787697 3.895158 3.984184 3.892567 3.582151 3.373946 3.593781
3.040042 3.424509 3.89525 4.233976 4.304307 4.183766 4.15409 4.282807 4.394379 4.549258 4.763554 5.091699 5.436019 5.585362 5.747001 6.06796 6.360819 6.454267 6.451606 6.448632 6.602099 6.682486 6.672528 6.437992 5.994649 5.297684 4.792094 4.486565 4.338675 4.30678 4.231698 4.128079 4.018512 4.028512 4.044699 3.888052 3.626375 3.286112 3.265429 3.342475 3.41131 3.413776 3.230193 3.227803 3.251222 3.45475 3.42951 3.880151 4.604096 5.076865 5.367876 5.417895 5.143787 4.822019 4.671419 4.601229 4.590155 4.60279 4.536794 4.439094 4.101136 3.461115 3.409514
3.004156 3.095526 3.353746 3.76887 4.086285 4.248909 4.175949 4.233423 4.437512 4.666735 4.882803 5.129422 5.392754 5.60924 5.748264 5.833757 6.280123 6.67138 6.496308 6.494632 6.656511 6.66619 6.609874 6.429276 6.126456 5.672869 5.339555 5.101595 5.016825 4.890152 4.669018 4.430897 4.212078 4.052704 3.885284 3.776278 3.519416 3.308056 3.333253 3.246523 3.271627 3.175377 3.174421 3.351839 3.663574 4.017015 3.922109 3.666901 4.383747 5.08381 5.632358 6.065462 6.275277 6.188824 6.045437 5.791395 5.40423 5.05088 4.785243 4.58734 4.328871 3.719735 3.488233
3.469318 3.340923 3.327396 3.480389 3.893403 4.389379 4.624338 4.577298 4.684118 4.953254 5.207153 5.340891 5.388506 5.427716 5.458234 5.462621 5.62423 6.178502 6.474717 6.423453 6.431333 6.3124 6.228752 6.232011 6.221352 6.267249 6.07107 5.856955 5.709665 5.430349 5.049524 4.698975 4.374809 4.098604 3.906095 3.713371 3.480397 3.456888 3.525021 3.342403 3.284765 3.379707 3.610492 3.88317 4.201033 4.603862 4.786648 4.413731 4.351357 4.846137 5.411621 6.023814 6.409077 6.662625 6.580627 6.289343 5.78007 5.255306 4.916616 4.669043 4.369654 3.668609 3.613464
4.084013 3.90971 3.92804 3.92776 4.077473 4.491372 4.887598 5.105274 5.068168 5.134215 5.300637 5.430536 5.424883 5.317811 5.084217 4.946158 4.646987 5.15013 5.673378 5.930592 6.118 6.142931 6.123847 6.246688 6.233818 6.271245 6.357996 6.386038 6.261876 5.985092 5.672214 5.279838 4.929623 4.600132 4.25738 3.981611 3.757636 3.785418 3.807753 3.731441 3.728561 3.951826 4.205755 4.341834 4.596459 5.0327 5.381428 5.469371 5.145612 5.191787 5.402254 5.705602 5.871978 5.927908 5.834844 5.679062 5.413563 5.154856 4.935827 4.763021 4.530549 3.751295 3.560531
4.732725 4.657785 4.583335 4.654819 4.6331 4.756595 4.991398 5.240598 5.196265 5.133328 5.211877 5.340229 5.308942 4.874057 4.626827 4.400024 4.24636 4.112147 4.738796 5.281592 5.651397 5.742031 5.74145 5.896336 6.131436 6.195433 6.442112 6.648022 6.70314 6.509399 6.078131 5.55485 5.014487 4.439938 4.08845 3.953805 3.994042 4.128214 4.242622 4.330054 4.383045 4.560878 4.760632 4.789667 4.776688 5.070184 5.460017 5.701216 5.864467 5.865939 5.720637 5.716505 5.639555 5.328586 4.961796 4.784728 4.753473 4.712302 4.681541 4.70409 4.667182 3.398455 3.667992
5.240651 5.333217 5.177782 5.080696 4.949953 4.86161 4.929955 5.01552 5.103709 5.050133 5.079228 5.0647 4.955573 4.707512 4.273015 3.993228 3.870657 3.508303 3.743202 4.48952 5.061136 5.305105 5.286249 5.318265 5.478674 5.825306 6.305909 6.67381 6.781913 6.458764 5.703284 4.866416 4.290771 3.919711 3.853443 3.946906 4.200818 4.439254 4.665694 4.858006 4.963721 5.06433 5.124641 5.011238 4.721419 4.614181 4.869438 5.087648 5.469268 5.855508 6.012434 5.915765 5.617522 5.184284 4.748647 4.4038 4.243361 4.22731 4.197358 4.133123 4.12249 3.879152 3.73805
5.433994 5.435139 5.282859 5.154939 5.020716 4.863397 4.772887 4.793346 4.950217 5.078504 5.102464 5.123107 4.981876 4.787853 4.691568 4.345832 3.965276 3.747813 3.220827 3.42379 4.245609 4.851465 5.13854 5.26207 5.396708 5.733991 6.191125 6.473998 6.240196 5.944707 5.450288 4.890654 4.382508 4.222977 4.16115 4.204314 4.304496 4.63468 4.925595 5.245236 5.399822 5.406575 5.245601 4.968376 4.674296 4.388479 4.301879 4.30645 4.491406 5.33268 5.710322 5.586079 5.196023 4.791341 4.502961 4.260132 4.143503 4.076155 3.996151 3.727262 3.465212 3.65782 3.729626
