py_wake/examples/data/AJ_ParqueFicticio/Rough survey   Sector 9   Height 30m   Orographic speed.grd
DSAA
73  159
 258469   265669
 6501692   6517492
 .05273279   2.469986
[rows 28 to 55 of 159, columns 0 to 62 of 73]
.944106 .9479511 .9495532 .9503127 .9509449 .9523188 .9527763 .9531176 .9574421 .9629095 .9672146 .9701198 .9692035 .9717602 .9676256 .9644932 .962503 .9617788 .9607386 .9616178 .9636262 .9590585 .9535219 .9438336 .928341 .9031125 .8801997 .8789055 .8887143 .8924015 .9020987 .9020419 .8724384 .8177801 .7434524 .8488939 .8941203 .8650471 .8470314 .7759567 .7368764 .7660635 .7683124 .8179523 .8147934 .8030342 .7630993 .7439635 .8110889 .8914676 .9512166 1.04698 1.273121 1.413645 1.385717 1.568246 1.899818 1.971918 1.734377 1.3686 1.116828 .8797117 .6729241
.9422421 .9456463 .9501014 .9522059 .9546514 .955961 .9556435 .9560282 .9615015 .9663684 .9710442 .9737914 .9762438 .9659046 .9628077 .9601712 .9597391 .9611816 .9631116 .9672152 .9602395 .949172 .9431454 .9356819 .9230548 .904009 .8865317 .8804404 .8822155 .8870441 .8893511 .8888767 .8629852 .8024547 .7916286 .8701618 .8603494 .8365914 .8248853 .7910395 .7673161 .7535722 .7593915 .7846113 .7953812 .7791716 .7568919 .7656136 .8527415 .9593663 1.029464 1.141731 1.317382 1.470224 1.532628 1.745804 1.984059 1.955612 1.641044 1.28609 1.023999 .7511449 .622218
.9413682 .9448006 .94883 .9513323 .9546847 .9575473 .9578387 .9563342 .960668 .9664375 .9698312 .9723505 .9738315 .9587945 .9547302 .9555026 .9579037 .9611359 .9676368 .9690888 .9576134 .9459877 .9357394 .92777 .9169683 .9039214 .8920336 .8852547 .8796622 .881511 .883671 .8851572 .8547238 .806652 .8023785 .8337581 .8405493 .8294005 .8081621 .7973385 .7724243 .7299588 .7677685 .7824295 .7745638 .7773931 .7894281 .8501413 .940354 1.044344 1.10054 1.226418 1.370116 1.533305 1.702118 1.876603 1.997493 1.859334 1.475333 1.1424 .8396741 .6389772 .649236
.9415836 .9444641 .9469277 .9492392 .9532897 .9553332 .9574337 .9557238 .959991 .9639135 .967486 .9698148 .9700202 .9535646 .9506409 .9533976 .9578925 .9649802 .9761639 .9649168 .9539836 .9438478 .9320757 .921786 .913209 .9028201 .8935472 .8918586 .8866018 .8816293 .8830135 .8704589 .8259715 .8005189 .8059776 .8259138 .8190349 .8100628 .7901998 .7936468 .7704577 .7533593 .7554284 .7835428 .788012 .7829387 .8163626 .9167578 1.017171 1.080091 1.158941 1.283672 1.418051 1.569971 1.759539 1.912687 1.957547 1.697824 1.304864 .9934723 .7234988 .5905722 .8531794
.9433944 .9451354 .9473107 .949632 .9528651 .9545261 .9558635 .9575712 .9600415 .961935 .9644208 .9662438 .9666583 .950744 .9493735 .9533229 .9600548 .9738708 .9745862 .9602417 .949186 .9396529 .9286001 .9187557 .9098707 .9001705 .8928477 .8915674 .8825758 .8802919 .8761444 .8590106 .8224484 .8040715 .8132313 .8268586 .8206235 .7883977 .7653642 .7859181 .7915774 .7664659 .7688119 .7778568 .7914408 .8252681 .8975939 .9596701 1.007887 1.07964 1.171163 1.280375 1.412795 1.571018 1.788783 1.907686 1.870221 1.536157 1.174789 .9003332 .6958658 .6938936 1.108375
.9478949 .9478334 .9485881 .9514996 .9539948 .9578967 .9570787 .9603851 .9617488 .9639187 .9648005 .9653074 .9608319 .9502922 .9544688 .9581754 .9647349 .9807922 .9709222 .9565619 .9442031 .9339555 .9248961 .9154079 .9079254 .900754 .8952583 .8984041 .889625 .8767053 .8695479 .8563301 .8333052 .8159033 .808659 .8094435 .8047143 .7637746 .7607797 .7681106 .7687923 .7752525 .7836531 .7804114 .8022424 .8407732 .9223516 .9631339 .9913067 1.05319 1.142772 1.29186 1.426329 1.572231 1.751178 1.924353 1.793886 1.430871 1.120778 .9080742 .7447664 .8541809 1.332716
.9496112 .9502074 .9507051 .9530632 .954711 .9590545 .9581058 .9598688 .963599 .9656191 .9685673 .967832 .9636307 .9601762 .9663537 .9700236 .9752238 .9859466 .96641 .9492951 .9347623 .9239374 .9154878 .9086528 .903401 .8997149 .9013494 .8967848 .889283 .8784354 .8655034 .8551541 .8407847 .8291326 .8103264 .7925076 .7939882 .7634612 .7437297 .7289652 .7336416 .7684139 .7931265 .8410257 .805428 .8476211 .9021161 .9446201 .9776949 1.071955 1.169759 1.33259 1.488687 1.612836 1.787505 1.904446 1.746282 1.450838 1.171927 .9347905 .824716 1.024569 1.467578
.9441045 .9485198 .9509739 .9530671 .954508 .9558728 .9585376 .9603895 .9623481 .9657308 .9688463 .9695634 .9671745 .9630378 .972963 .9807961 .9878427 .9848298 .957836 .9336817 .9177498 .9095058 .9057533 .9023079 .9007075 .9048396 .9025849 .8959765 .887275 .8771333 .8644471 .8512006 .8374925 .8248537 .7988909 .7816349 .7876568 .7800481 .7266549 .6508549 .6965871 .7441861 .8303483 .8884503 .898736 .8985929 .9372671 1.000798 1.058418 1.152278 1.248811 1.411531 1.54504 1.650724 1.77624 1.887822 1.776326 1.536168 1.188587 .9127337 .8863369 1.21293 1.575462
.9359901 .9412347 .9468279 .9530166 .957797 .9602193 .9627531 .962009 .9632982 .9649534 .968266 .970162 .9693404 .9625012 .9730872 .9837418 .9918848 .9917201 .9492139 .9191586 .8998398 .8970232 .8979172 .9006494 .9058948 .9075754 .9009152 .8937009 .8848245 .8750145 .8619252 .8455877 .8332449 .832562 .8195786 .8003336 .777989 .7537864 .6839135 .658956 .6711766 .7470796 .8752074 .9713882 1.020394 .9649773 .9973924 1.08139 1.184175 1.284164 1.350686 1.456007 1.570238 1.643276 1.755445 1.866014 1.804836 1.540926 1.138602 .9119473 1.065418 1.444187 1.726663
.9276785 .9365959 .9444432 .951934 .960834 .9664876 .9560148 .9609978 .9637176 .9664838 .9656793 .9670287 .9687708 .9612812 .9712148 .9763194 .9784468 .9752561 .9577217 .9283514 .8925946 .8925723 .8972387 .9028775 .9107141 .9070755 .8992057 .8902596 .8810638 .8708836 .8547463 .8451751 .844286 .8439916 .8439646 .8329321 .7768282 .7332168 .7072768 .6483129 .6876888 .8051875 .9323009 1.043535 1.104407 1.078346 1.051376 1.155537 1.227968 1.280154 1.316279 1.397207 1.481763 1.553836 1.692358 1.844123 1.786387 1.515154 1.139455 1.049157 1.348562 1.676582 1.845202
.9370269 .941296 .9470053 .9509563 .9559739 .9622976 .9527791 .958781 .9635375 .9668573 .9667203 .9675638 .9673688 .9682671 .9685448 .9670796 .9631627 .955312 .9431663 .9273669 .8984888 .902052 .9044214 .9089729 .9139854 .906494 .8971817 .8886979 .8787964 .8660291 .8482966 .8531949 .8544374 .852614 .8537478 .8178905 .7550591 .7307305 .6973382 .6781899 .7284423 .8408129 .9747221 1.108726 1.167428 1.109174 1.054316 1.129229 1.186755 1.199412 1.260918 1.3472 1.444795 1.552752 1.700269 1.8629 1.832439 1.530459 1.254325 1.326187 1.684352 1.808984 1.867715
.9430997 .9504687 .9544821 .9575551 .9572448 .9603502 .9620301 .9633245 .9671525 .9717612 .9744529 .9749108 .9735695 .9692376 .9658752 .9614956 .958015 .9514115 .9396158 .9225793 .9125784 .9155169 .9176531 .922327 .914751 .9036662 .895173 .8873742 .8770566 .863131 .8543549 .8571994 .86038 .8629234 .8613495 .8304075 .778493 .7352853 .6695726 .6969073 .7639538 .8976786 1.016983 1.1444 1.227616 1.14573 1.05954 1.148177 1.175073 1.156745 1.254046 1.351691 1.479599 1.596635 1.751413 1.941436 1.856505 1.639148 1.5141 1.665154 1.809021 1.86636 1.75252
.9434581 .9503894 .9573486 .9636973 .9666748 .9648356 .9657598 .9682083 .9721997 .9779711 .9826398 .9866219 .971855 .9622101 .9602374 .9597961 .9570344 .9503904 .9426286 .9320025 .9267474 .9224982 .924979 .9299923 .9085474 .8921946 .8885372 .8829153 .8765381 .8695915 .8723179 .8700981 .8675476 .8723679 .8726469 .8626499 .8208456 .748096 .7003365 .7712768 .8691965 1.003732 1.093535 1.194557 1.274901 1.219214 1.152972 1.207101 1.194085 1.22385 1.343793 1.457592 1.583583 1.70178 1.834828 1.931154 1.936643 1.812619 1.762401 1.843554 1.826524 1.745707 1.621819
.9494022 .9529312 .957225 .9633101 .9700207 .9646037 .9547936 .9614452 .9701412 .9788808 .988109 .9934211 .9620872 .9459438 .9499003 .9524997 .9530563 .952271 .9429764 .9314817 .9321589 .9319192 .9278801 .9287395 .9199978 .8873844 .890043 .8891483 .8880956 .8857744 .8858172 .8840938 .8831819 .8840505 .8850361 .8903078 .8588756 .7618142 .802738 .8979896 1.011532 1.13126 1.188252 1.281599 1.359155 1.362677 1.279877 1.263474 1.286376 1.345327 1.465381 1.565038 1.673745 1.74268 1.812644 1.915349 1.916258 1.926646 1.901167 1.823359 1.670636 1.545212 1.449865
.9543029 .9575061 .9619471 .9657966 .9700767 .9692803 .9509975 .9515896 .962156 .9709096 .9766895 .978255 .9649182 .9494084 .9495758 .9522954 .9535411 .953789 .9454863 .9254882 .9259233 .9305208 .933986 .935413 .9153003 .9039613 .9004321 .8995271 .8991902 .891667 .8913343 .8899636 .890723 .8960816 .9050014 .9015311 .8461175 .8372548 .9056651 .9884226 1.072145 1.13003 1.184076 1.30352 1.389065 1.406916 1.293343 1.189301 1.235742 1.341923 1.457748 1.551219 1.625856 1.654225 1.695833 1.854848 1.958043 2.003402 1.915546 1.732887 1.555415 1.414445 1.333047
.9536876 .9596401 .9645789 .971832 .9807854 .9735872 .9495915 .9435346 .9598339 .9690834 .9734045 .9729452 .965242 .9610282 .9571477 .9543808 .9529586 .95174 .9455967 .9182928 .919989 .9327196 .9453213 .9371457 .9181712 .9114167 .9085305 .9058834 .9051383 .8993912 .8957783 .8981676 .9071729 .9105591 .9248124 .9145787 .891143 .8810766 .9202518 1.003713 1.038003 1.080901 1.175107 1.306017 1.358419 1.314126 1.138497 1.050984 1.156775 1.280262 1.382177 1.43394 1.464678 1.49697 1.626331 1.930523 2.090153 2.052276 1.8622 1.618037 1.449081 1.317956 1.211565
.9487322 .9533419 .9591448 .9673476 .954451 .9494839 .943125 .9446015 .9586058 .9686093 .9763908 .9763624 .9658904 .9605989 .9560871 .9518142 .9494118 .9438304 .937121 .9225981 .9206465 .9366014 .9524931 .9484791 .9099584 .9057226 .9135497 .9208803 .9173408 .9119104 .9063433 .9133235 .9232048 .9239313 .9369721 .9275399 .917569 .9039767 .9259511 .9750944 .9892833 1.073341 1.163531 1.202319 1.180206 1.106742 1.011321 1.014254 1.113741 1.246931 1.294192 1.310214 1.333781 1.46352 1.716718 2.074722 2.162557 2.075826 1.776116 1.508623 1.318888 1.178617 1.13564
.9467827 .9522636 .9545094 .9589449 .9515426 .9363394 .9360327 .9513222 .9624463 .9718654 .982786 .9772574 .966747 .9585838 .9539927 .9497275 .9470285 .9397199 .9312842 .9211046 .9284533 .9360282 .9442029 .9432435 .9208552 .9060931 .917336 .9290154 .9329638 .9011831 .9051539 .9389535 .9195306 .9135131 .9380782 .9330728 .9271976 .9199511 .9394065 .9495854 .9719075 1.048913 1.079269 1.031321 1.022717 1.016738 1.084732 1.150509 1.241363 1.283818 1.305163 1.319185 1.415428 1.661367 1.95887 2.192206 2.181694 1.920303 1.620843 1.408635 1.260162 1.145949 1.118693
.9450388 .9543039 .9584371 .9517683 .9506664 .9493458 .9539457 .9668397 .9769728 .982367 .9905611 .9764579 .9620738 .9528668 .9475898 .9463419 .9431262 .9368498 .9279623 .928425 .9358427 .9413459 .9433945 .9395549 .9242929 .9183611 .9203886 .9276779 .9297988 .917098 .903212 .9409747 .9382781 .9137855 .9506412 .9385724 .9316281 .930999 .9256804 .9585781 .9896423 1.001308 .9842834 1.019193 1.122048 1.244052 1.297967 1.356978 1.325725 1.342294 1.320035 1.421092 1.603494 1.896203 2.127208 2.15099 2.045937 1.759415 1.489135 1.326908 1.226641 1.161592 1.151595
.9418163 .9509526 .9570777 .9414195 .9450315 .9553902 .9654216 .9779415 .9942015 1.004759 .9951575 .9798362 .9554276 .9354171 .9305576 .9353887 .937847 .9377286 .9346557 .9329662 .9397265 .9484656 .9531419 .9469556 .9249208 .9105729 .9103367 .9165218 .9149398 .9070427 .9079262 .9293937 .9359164 .9255534 .9568975 .9690945 .9481986 .9511871 .946169 .9818282 1.022133 1.070818 1.127725 1.18883 1.292497 1.36192 1.318515 1.248513 1.206651 1.235224 1.299913 1.545254 1.851286 2.045481 2.139967 2.038774 1.870052 1.626225 1.395381 1.281199 1.203687 1.16032 1.132566
.939191 .9437664 .9492716 .9390052 .9430166 .955116 .9687433 .984196 1.006134 .991827 .9887015 .9777761 .9512396 .9184346 .9148712 .9246613 .931622 .9385004 .9399684 .9145622 .9251644 .9379729 .9485341 .9505948 .9143172 .8824727 .8940676 .9037314 .9082043 .9059252 .9393704 .9538112 .9511752 .9292921 .9646296 .9852841 .9867417 .9839315 .9824201 1.018943 1.061971 1.103026 1.143959 1.200819 1.231176 1.229727 1.137609 1.091468 1.124775 1.227798 1.472587 1.804759 2.032687 2.09152 2.033048 1.831066 1.652181 1.522133 1.295992 1.210216 1.207012 1.137757 1.090922
.9405089 .9439183 .9426829 .9369802 .9472843 .9583926 .9727033 .9904629 .9983466 .9835255 .9611312 .9586161 .9385687 .9113587 .9147136 .9270235 .9299104 .9304982 .9307836 .9059091 .910314 .9208102 .9261427 .919039 .9011708 .8755516 .8922611 .9039235 .9082937 .918708 .9558665 .9773921 .9645801 .9686425 .9910409 1.018274 1.009359 1.004161 1.006013 1.033713 1.059226 1.082721 1.10347 1.117225 1.09364 1.065964 1.037384 1.118647 1.290911 1.500693 1.773972 1.984328 2.027402 1.971692 1.856885 1.647843 1.521004 1.404504 1.186601 1.158689 1.161361 1.105336 1.082034
.9368843 .9421112 .9427959 .945771 .9575484 .9675687 .9826493 1.000301 .987138 .9724726 .9484012 .9259671 .916051 .9166563 .9329669 .9351363 .9343626 .9298241 .9156532 .8999312 .9090088 .9129986 .913738 .903521 .897384 .9111335 .9134307 .9125227 .91259 .940199 .9614733 .980841 .9800357 .9580969 1.004322 1.030362 1.002837 .9986917 1.014661 1.026075 1.041389 1.044221 1.065334 1.027906 1.019321 1.069607 1.18682 1.353839 1.518796 1.702017 1.85521 1.955277 1.941347 1.749817 1.66546 1.527505 1.422572 1.340464 1.150472 1.09814 1.12049 1.10974 1.055128
.9309621 .9414234 .9464353 .9565769 .9669618 .9783099 .9946122 .9905732 .9797792 .9659635 .9443527 .9236547 .9151428 .9214517 .9311953 .9357745 .9360204 .9205602 .9135815 .9221253 .9212095 .9168663 .9103054 .8970228 .911673 .9281045 .9306456 .9194758 .9234932 .9520288 .9741277 .979531 .9693981 .9512404 1.015571 1.044199 .9957007 .9897465 1.020104 1.025724 1.056555 1.059764 1.080555 1.087275 1.13163 1.254813 1.38335 1.49901 1.586585 1.66369 1.78403 1.914615 1.80534 1.538873 1.468548 1.462663 1.371719 1.292614 1.122766 1.058352 1.083353 1.131618 1.112658
.9302338 .9431212 .9474003 .9566773 .9683259 .9802245 .9946036 .9847175 .9750541 .9652662 .9499097 .9350237 .926037 .9279777 .9322777 .9328655 .9305779 .917905 .9136069 .9314389 .9366772 .9306836 .9082916 .907644 .9188222 .931028 .930881 .9239186 .9312944 .9488235 .9715832 .9547548 .9249852 .9598306 1.007825 1.023156 1.007932 1.023832 1.016259 1.023197 1.082645 1.083697 1.132169 1.139407 1.212682 1.355687 1.444879 1.485171 1.532359 1.579386 1.749963 1.888853 1.720972 1.392848 1.325586 1.370534 1.346854 1.297231 1.144312 1.052048 1.06217 1.120305 1.141233
.9368951 .9474025 .9534055 .9637594 .9729871 .9829188 .9933213 .9831104 .9721246 .9652072 .9549423 .9431617 .9339738 .9320192 .9333439 .9355801 .9275513 .904761 .9143665 .929539 .9394003 .920215 .908664 .9147229 .9247372 .9380987 .9278193 .927398 .9298608 .9434178 .9650965 .9670531 .942724 .9603366 .9982426 1.045587 1.082664 1.086479 1.011725 1.105832 1.119948 1.111208 1.165678 1.208274 1.285436 1.384838 1.427941 1.432654 1.491733 1.587871 1.749772 1.817488 1.656723 1.323122 1.207274 1.276777 1.346829 1.357194 1.21115 1.010311 1.026577 1.034579 1.155404
.9498727 .9584194 .961521 .9675283 .9781631 .9931234 .9902422 .9804975 .9728955 .9659348 .9596954 .9515682 .941252 .9331907 .9300472 .9238914 .9111268 .9113706 .9207925 .9266934 .9321561 .9161838 .8929399 .9120106 .9305015 .9313207 .9256837 .9156163 .8988566 .9366822 .9725537 1.001292 .950707 .9797797 1.045992 1.105749 1.135777 1.131945 1.079379 1.117264 1.155369 1.1876 1.207729 1.249585 1.319408 1.39407 1.432954 1.443441 1.529698 1.604118 1.663424 1.71655 1.602264 1.276457 1.076797 1.176383 1.35304 1.423268 1.25221 1.054943 .9073582 .9472029 1.16029
.9627235 .9662992 .9708373 .9776765 .9851179 .9978244 .9867004 .9778303 .9718401 .9668747 .9626483 .9575625 .9497957 .9419197 .9308326 .9221401 .9270771 .9243006 .9285511 .9344839 .9297027 .8981328 .8956098 .9111127 .9259124 .9230618 .9188489 .8985179 .869437 .9210598 1.015586 1.072738 .9965047 1.028062 1.087827 1.158186 1.200219 1.189485 1.137448 1.139551 1.232634 1.226637 1.267984 1.297037 1.322207 1.404471 1.469692 1.473642 1.496549 1.489027 1.544577 1.657687 1.565863 1.242525 .9821754 1.080914 1.363607 1.487098 1.303635 1.059166 .8660159 .8831283 1.152148
