py_wake/examples/data/AJ_ParqueFicticio/Rough survey   Sector 12   Height 200m   Orographic turn.grd
DSAA
73  159
 258469   265669
 6501692   6517492
-15.16757   14.57971
[rows 0 to 26 of 159, columns 0 to 60 of 73]
.02673337 .03336212 .01796097 -.0320895 -.07027948 -.1239152 -.1904809 -.2384764 -.2765269 -.2976815 -.3286091 -.323978 -.3304386 -.2868342 -.2185985 -.1721668 -.1029345 -.08718795 -.05412341 -.1023083 -.2202941 -.5102999 -.6436868 -.4877234 -.0860208 .5348523 1.080981 1.157415 1.161348 1.254936 1.446523 1.542993 1.735005 1.767711 1.665702 1.376685 .8482733 .2134081 -.1828574 -.4730163 -.7806314 -1.149573 -1.487849 -1.783743 -1.874021 -1.91745 -1.904689 -1.952517 -1.979316 -2.050156 -2.107244 -2.138298 -2.170336 -2.210989 -2.149668 -2.084583 -2.027517 -1.896621 -1.753348 -1.543275 -1.299549
-.2412855 -.1289829 -.09309634 -.1157771 -.1710898 -.2282006 -.26844 -.3289243 -.3597571 -.3811064 -.4226871 -.4258429 -.4162373 -.367898 -.2740178 -.1808321 -.08935964 -.01176399 .1049171 .1473323 .1163971 -.1572606 -.4958502 -.5636978 -.1629824 .5423979 1.291996 1.465595 1.411653 1.528675 1.62833 1.833988 2.071088 2.158399 2.1366 1.786013 1.184307 .4140849 -.09300846 -.4242595 -.7668718 -1.134368 -1.5188 -1.78075 -1.798239 -1.841732 -1.887502 -1.944059 -2.010529 -2.075745 -2.189255 -2.254069 -2.332688 -2.351466 -2.308236 -2.263963 -2.151606 -2.004886 -1.731395 -1.48734 -1.186807
-.4950661 -.292679 -.1907835 -.2046319 -.2920927 -.3515168 -.3966075 -.4337718 -.4561724 -.4711989 -.5100675 -.5521674 -.5356956 -.4942422 -.3758984 -.2060406 -.05977427 .07512695 .2543618 .3743447 .3570555 .1442767 -.3633497 -.6025053 -.3607933 .4559304 1.247272 1.563252 1.604914 1.686104 1.794468 2.033593 2.262645 2.414712 2.477254 2.192357 1.539328 .6290811 .02465932 -.4072984 -.7782593 -1.204383 -1.581242 -1.865324 -1.89226 -1.870201 -1.879884 -1.926285 -2.038059 -2.129284 -2.280878 -2.41968 -2.47225 -2.443392 -2.420934 -2.392474 -2.280192 -2.093607 -1.821397 -1.496294 -1.117917
-.8107021 -.5546353 -.3840851 -.3711937 -.4201605 -.468542 -.5328314 -.5648886 -.5771679 -.5852753 -.5875558 -.6496578 -.6694347 -.6342589 -.4902413 -.2489848 -.04776128 .1325583 .34596 .5346844 .5459915 .3274511 -.1332427 -.4823637 -.4537573 .2176621 .9967197 1.467321 1.59962 1.724033 1.858407 2.044362 2.253211 2.440396 2.503929 2.235715 1.680616 .764565 -.00649094 -.498607 -1.003403 -1.465312 -1.798841 -1.988372 -2.067618 -1.954162 -1.966851 -2.023022 -2.11373 -2.206144 -2.34265 -2.436693 -2.500504 -2.587792 -2.641255 -2.596241 -2.482339 -2.262754 -1.95122 -1.528095 -1.035665
-1.091397 -.8650045 -.654385 -.570331 -.5357017 -.6165267 -.684487 -.7249775 -.7221265 -.7050222 -.6879125 -.6714984 -.744135 -.745582 -.5854853 -.3419409 -.05802612 .1944086 .4363731 .685619 .6943385 .437067 .07184507 -.3266151 -.4502274 .03709969 .6743676 1.103454 1.347063 1.519591 1.704817 1.880667 1.980671 2.075639 2.031536 1.847285 1.325806 .5495544 -.2850091 -.8739454 -1.495342 -1.924729 -2.144367 -2.07102 -2.071203 -2.01706 -2.069024 -2.130621 -2.148542 -2.227656 -2.289613 -2.432256 -2.585836 -2.774662 -2.872734 -2.883428 -2.760783 -2.510251 -2.130804 -1.63065 -1.053836
-1.217388 -1.115084 -.9788606 -.814007 -.6962613 -.7441149 -.8334329 -.8356791 -.8042607 -.7845635 -.7809765 -.7332093 -.8048201 -.8105569 -.6675942 -.4809783 -.1422922 .2231017 .5680318 .7852249 .7558149 .5420098 .1962522 -.1882137 -.4230427 -.1826516 .2767813 .6652383 .9329923 1.133004 1.284855 1.275406 1.143896 .9821208 .9536542 .8788313 .5432876 -.02132869 -.6695364 -1.302681 -1.880592 -2.350802 -2.404084 -2.21812 -2.20993 -2.308407 -2.341285 -2.311102 -2.231138 -2.227533 -2.348087 -2.549182 -2.792045 -3.047629 -3.253305 -3.321567 -3.196706 -2.904541 -2.469043 -1.873487 -1.185278
-1.214239 -1.193132 -1.184089 -1.127576 -.9698873 -.8777146 -.8709264 -.8349154 -.8028634 -.7883131 -.8012253 -.791395 -.8097471 -.8120192 -.7376975 -.6120154 -.3416157 .1094138 .5238554 .8530322 .8664593 .6138853 .2973697 -.1032429 -.4578161 -.4374984 -.1542108 .179362 .4673092 .6590878 .7687165 .6919619 .3345568 .2274202 .2192919 .1440929 -.03476859 -.427251 -.8645258 -1.320735 -1.975314 -2.445817 -2.563287 -2.474539 -2.544028 -2.665465 -2.639669 -2.510299 -2.347223 -2.334002 -2.510503 -2.810373 -3.168489 -3.500946 -3.794881 -3.900821 -3.754884 -3.451646 -2.990372 -2.298802 -1.599785
-1.154639 -1.157504 -1.120882 -1.143054 -1.061739 -.9888099 -.8942671 -.7975807 -.7405617 -.742582 -.752495 -.8133957 -.8560483 -.9250146 -.8892403 -.8212827 -.5934446 -.1947684 .3137807 .8010587 .9086408 .6642943 .2760412 -.1239339 -.5214803 -.7122465 -.5180315 -.2491274 -.004997244 .1777411 .2264031 .04691998 -.1803365 -.3083372 -.3680245 -.442566 -.57143 -.821708 -1.062101 -1.375011 -2.028405 -2.614788 -2.899499 -2.99522 -3.106592 -3.122998 -2.930522 -2.817085 -2.614519 -2.63197 -2.826101 -3.212102 -3.703071 -4.220746 -4.534666 -4.602435 -4.430666 -4.145105 -3.657963 -3.142378 -2.554705
-1.121324 -1.138837 -1.136826 -1.213165 -1.208273 -1.12534 -.9440566 -.7772487 -.6659561 -.6618823 -.7545816 -.8249016 -.9382132 -.9634048 -1.033464 -1.078331 -.9392788 -.5780125 -.05823395 .4929333 .8324673 .5506545 .1273554 -.2316312 -.6968799 -1.024656 -1.042481 -.7692487 -.5608678 -.4054949 -.3390284 -.5054321 -.7245969 -.8979753 -1.008578 -1.107659 -1.26678 -1.38397 -1.563606 -1.805465 -2.535403 -3.260566 -3.689325 -3.863829 -3.893653 -3.806697 -3.660882 -3.649204 -3.534381 -3.572397 -3.746781 -4.085963 -4.560835 -4.981455 -5.336109 -5.338481 -5.11773 -4.897612 -4.644173 -4.309728 -3.9138
-1.075634 -1.103906 -1.154891 -1.180137 -1.138343 -1.068392 -.8250374 -.6105673 -.5647403 -.6142593 -.8030295 -.9123064 -.9783912 -1.022843 -1.145096 -1.252843 -1.228756 -.9546527 -.5226479 -.01854273 .4118581 .3545505 -.1396252 -.5304409 -.8846699 -1.25337 -1.422743 -1.304985 -1.109687 -.9230667 -.8805879 -1.037544 -1.284956 -1.448745 -1.622512 -1.750663 -1.783959 -1.947468 -2.21257 -2.605038 -3.364423 -4.128468 -4.723624 -4.872721 -4.905212 -4.888881 -4.860629 -4.886759 -4.884803 -4.837049 -4.957561 -5.185718 -5.491388 -5.77358 -5.971523 -5.968332 -5.754957 -5.721669 -5.607368 -5.598859 -5.331929
-1.034839 -1.059808 -1.08906 -1.06064 -.878428 -.7342396 -.5967965 -.474494 -.5176502 -.629397 -.8717189 -1.062548 -1.049931 -1.00533 -1.105561 -1.342111 -1.472422 -1.286146 -.9461572 -.5777541 -.2545713 -.1563046 -.4561267 -.7341117 -1.089273 -1.469942 -1.798592 -1.780945 -1.631013 -1.40561 -1.468468 -1.625434 -1.818929 -2.03742 -2.18568 -2.222497 -2.325296 -2.474517 -2.82572 -3.351932 -4.08677 -4.864585 -5.466357 -5.725377 -6.004379 -6.157578 -6.349066 -6.464075 -6.424426 -6.278687 -6.236804 -6.19813 -6.270633 -6.437118 -6.601604 -6.572935 -6.526713 -6.6012 -6.73177 -6.882788 -6.689754
-.9337295 -.9607259 -.9553717 -.858879 -.8499985 -.8133247 -.758741 -.593354 -.4661414 -.6193947 -.9119096 -1.066389 -1.063789 -.9039554 -.9589374 -1.25053 -1.485835 -1.424777 -1.203307 -.9938157 -.7910799 -.695691 -.7453144 -.9164196 -1.181517 -1.589998 -2.023762 -1.979516 -1.941985 -1.912348 -2.04302 -2.165093 -2.368955 -2.597972 -2.701891 -2.719866 -2.807806 -3.013463 -3.372161 -3.96841 -4.647438 -5.33544 -5.947167 -6.435404 -6.886848 -7.220951 -7.518017 -7.727718 -7.814566 -7.624145 -7.327026 -7.097929 -7.106307 -7.377007 -7.586884 -7.721359 -7.911382 -8.216481 -8.472148 -8.578977 -8.27329
-.8219041 -.8275975 -.8403369 -.8087286 -.8739681 -.9453216 -.9415462 -.81939 -.5400172 -.5248602 -.7236943 -.9223196 -.9917576 -.8990795 -.9224197 -1.154391 -1.406759 -1.52543 -1.416582 -1.221606 -1.047707 -.9304386 -1.010017 -1.147738 -1.349996 -1.695836 -2.091492 -2.293978 -2.380299 -2.521241 -2.598636 -2.732832 -2.902353 -3.111331 -3.260767 -3.276798 -3.311283 -3.519461 -3.911442 -4.47251 -5.133361 -5.80553 -6.475746 -7.068557 -7.583708 -7.906981 -8.316256 -8.580317 -8.699859 -8.605239 -8.332455 -8.138444 -8.343202 -8.851687 -9.376088 -9.958184 -10.59444 -11.09477 -11.32283 -11.02481 -10.20346
-.7255401 -.7704703 -.840236 -.8656741 -.9232125 -.9926807 -.9937038 -.821191 -.528849 -.394731 -.5363553 -.7775542 -.9143399 -.8787364 -.8684552 -1.022512 -1.324505 -1.506206 -1.418704 -1.292687 -1.237857 -1.289128 -1.303851 -1.360354 -1.550925 -1.824899 -2.257812 -2.610741 -2.764547 -2.901089 -2.980702 -3.07118 -3.297512 -3.566578 -3.753271 -3.811772 -3.798419 -3.976608 -4.316637 -4.888419 -5.60089 -6.275517 -6.938063 -7.595819 -8.111923 -8.595448 -8.937984 -9.274371 -9.343096 -9.380319 -9.246981 -9.274155 -9.847811 -10.82125 -11.8499 -12.8816 -13.60648 -14.04268 -13.97762 -13.23538 -11.90464
-.6473325 -.7373614 -.8256252 -.8764569 -.9322919 -.9693288 -.9442542 -.814122 -.5922442 -.4614443 -.5884102 -.7391542 -.8494234 -.8359234 -.8380036 -.942236 -1.097487 -1.183322 -1.25767 -1.247277 -1.294091 -1.428668 -1.603853 -1.727481 -1.777662 -1.977514 -2.21827 -2.485481 -2.751101 -2.943522 -3.101888 -3.319402 -3.560649 -3.949351 -4.243383 -4.321732 -4.200272 -4.263968 -4.586778 -5.235066 -6.027189 -6.785762 -7.446602 -8.039091 -8.591584 -9.035589 -9.386048 -9.699235 -10.01989 -10.1014 -10.12706 -10.42109 -11.2227 -12.31684 -13.48872 -14.39135 -14.98907 -15.16757 -14.72345 -13.7536 -12.1862
-.6238417 -.7240138 -.8026327 -.8638306 -.9267773 -.92645 -.8814601 -.8091041 -.6961141 -.6117171 -.6379907 -.7110272 -.771089 -.7603548 -.6601107 -.6426665 -.7604671 -.8761079 -1.05549 -1.185668 -1.302304 -1.508731 -1.787292 -1.916849 -2.011828 -2.044726 -2.158458 -2.387143 -2.58467 -2.860321 -3.01252 -3.284438 -3.650377 -4.163992 -4.535728 -4.574986 -4.380778 -4.352396 -4.640437 -5.275977 -6.16537 -6.916312 -7.593906 -8.319265 -8.814141 -9.211883 -9.493999 -9.750067 -10.07928 -10.34518 -10.5225 -10.86077 -11.57798 -12.56097 -13.31031 -13.80009 -14.00635 -13.74687 -13.1412 -12.2184 -10.94437
-.610156 -.7218775 -.7790314 -.8378174 -.8848802 -.8878808 -.8650733 -.7761217 -.7079756 -.6483405 -.6503311 -.6531665 -.6494693 -.6298459 -.5917534 -.5907365 -.6584604 -.8389129 -1.034434 -1.204259 -1.367225 -1.57468 -1.827871 -2.070567 -2.1564 -2.152934 -2.108842 -2.173834 -2.390042 -2.552901 -2.725508 -2.951991 -3.426408 -3.990687 -4.28666 -4.332834 -4.117866 -4.009534 -4.27093 -5.106179 -6.004134 -6.823388 -7.648589 -8.276136 -8.749697 -8.962062 -9.060704 -9.276755 -9.608109 -9.833456 -10.02009 -10.23809 -10.65964 -11.07259 -11.5055 -11.67198 -11.52373 -11.29136 -10.80631 -10.17478 -9.393604
-.5922491 -.6867669 -.7742497 -.8254381 -.8546268 -.8558918 -.8250841 -.7825084 -.7108495 -.6890406 -.6586866 -.6416603 -.5868219 -.6266968 -.6810033 -.717909 -.7812943 -.9034283 -1.063529 -1.253797 -1.400504 -1.564088 -1.746124 -1.916116 -2.039298 -2.082601 -1.906891 -1.828142 -1.878441 -1.969291 -1.993255 -2.244655 -2.725524 -3.232202 -3.610407 -3.71213 -3.459054 -3.217205 -3.340832 -4.160296 -5.273642 -6.316464 -7.133604 -7.744596 -8.101256 -8.09309 -8.079362 -8.184969 -8.409121 -8.505486 -8.489601 -8.602608 -8.802969 -9.107551 -9.316752 -9.432202 -9.524634 -9.468953 -9.296153 -8.994062 -8.51333
-.5719784 -.655165 -.7143531 -.8059349 -.8179066 -.8344085 -.8163094 -.7620482 -.7026171 -.7030853 -.6778262 -.6367973 -.5850773 -.670943 -.7538061 -.7948759 -.8881837 -.9993304 -1.100213 -1.247604 -1.367026 -1.481552 -1.588631 -1.706304 -1.71042 -1.633972 -1.519387 -1.396398 -1.259707 -1.181026 -1.209599 -1.398307 -1.863392 -2.423703 -2.839174 -3.116631 -2.916891 -2.464333 -2.44786 -3.229829 -4.474311 -5.385612 -5.982556 -6.340345 -6.501886 -6.545731 -6.564138 -6.662506 -6.836035 -6.953257 -6.959997 -7.090305 -7.300975 -7.609608 -7.993958 -8.370706 -8.643333 -8.832372 -8.856782 -8.662248 -8.241345
-.5388834 -.6168641 -.6977822 -.7901648 -.8025022 -.8205506 -.7779092 -.7461686 -.7064404 -.7070782 -.719909 -.6865686 -.6443971 -.7192239 -.8156978 -.8942106 -.9615999 -1.087981 -1.139281 -1.247118 -1.304682 -1.402304 -1.443286 -1.538912 -1.605458 -1.537266 -1.370911 -1.160331 -.962312 -.8440175 -.8339009 -.85996 -1.166057 -1.79597 -2.360648 -2.742905 -2.597118 -2.042577 -1.72761 -2.326835 -3.356218 -4.212204 -4.650029 -4.84772 -4.967552 -5.025661 -5.095123 -5.353982 -5.582441 -5.81646 -6.036236 -6.164145 -6.521594 -6.943211 -7.512607 -8.080605 -8.519797 -8.782345 -8.89178 -8.673741 -8.188726
-.5589905 -.5981931 -.6592291 -.727193 -.7814209 -.7653378 -.7563773 -.7464294 -.7237247 -.7368057 -.7639366 -.7634936 -.741412 -.8018855 -.8871906 -.9576098 -1.000695 -1.112325 -1.147631 -1.169292 -1.212101 -1.292803 -1.382501 -1.481032 -1.519061 -1.487131 -1.334162 -1.183375 -1.061327 -.9479485 -.8567489 -.738577 -.6975406 -1.421947 -2.06808 -2.473214 -2.36005 -1.653759 -1.1619 -1.409429 -2.313329 -3.13056 -3.633579 -3.901391 -4.054582 -4.240377 -4.449708 -4.708472 -5.025005 -5.428123 -5.664926 -6.002089 -6.381313 -6.941808 -7.570001 -8.251708 -8.77844 -9.067364 -9.069045 -8.605126 -7.893092
-.6107057 -.644716 -.6802949 -.7383467 -.7688752 -.7617825 -.7401568 -.7220933 -.7128043 -.7781168 -.8292453 -.8439823 -.8223202 -.8770291 -.9432058 -.9794138 -1.031856 -1.098166 -1.136652 -1.152322 -1.179075 -1.276401 -1.351749 -1.447962 -1.48702 -1.485929 -1.397569 -1.29969 -1.229184 -1.119616 -.9568764 -.7841704 -.57419 -.9063494 -1.665095 -2.337781 -2.195195 -1.479852 -.7476544 -.8502148 -1.604797 -2.493181 -3.192924 -3.642674 -3.902804 -4.184629 -4.372208 -4.594662 -5.043322 -5.51542 -5.87891 -6.158639 -6.580404 -7.142224 -7.771079 -8.440416 -8.979511 -9.150562 -8.911079 -8.24132 -7.223977
-.6084794 -.6795976 -.7196707 -.7069873 -.7275183 -.7246609 -.7096459 -.7129335 -.7116128 -.7889035 -.8694347 -.9136711 -.9102897 -.9438878 -.9796399 -1.027064 -1.022998 -1.120887 -1.168602 -1.20114 -1.208003 -1.304105 -1.378559 -1.42587 -1.467224 -1.495792 -1.485565 -1.418765 -1.301406 -1.189008 -1.032874 -.7885271 -.5324186 -.5630881 -1.187345 -2.055397 -2.093398 -1.461798 -.6938199 -.5326154 -1.242167 -2.261853 -3.150229 -3.632404 -3.987669 -4.296669 -4.59397 -4.904915 -5.374952 -5.857385 -6.23825 -6.634783 -6.981126 -7.437216 -7.921047 -8.474314 -8.807775 -8.787296 -8.31273 -7.49202 -6.232083
-.6158144 -.6804119 -.644415 -.6376047 -.6391503 -.661018 -.6737408 -.6883683 -.7077868 -.783582 -.8753092 -.9243972 -.9420629 -.9734007 -.9970064 -1.01191 -1.049666 -1.124585 -1.180102 -1.198729 -1.242859 -1.320117 -1.381392 -1.416939 -1.460207 -1.478858 -1.463053 -1.418674 -1.232307 -1.076245 -.9700543 -.8635921 -.5904443 -.4557286 -.832112 -1.674044 -1.953116 -1.499038 -.8394612 -.5934995 -1.102976 -2.102276 -3.031374 -3.648079 -4.135167 -4.578834 -4.945245 -5.324153 -5.760464 -6.227272 -6.646605 -7.008023 -7.310747 -7.635758 -7.902064 -8.236535 -8.356909 -8.139325 -7.439744 -6.366538 -5.124202
-.5834923 -.6330416 -.6048042 -.5912963 -.6054032 -.6311121 -.6329151 -.661302 -.6902872 -.7888178 -.8503922 -.9000979 -.9271494 -.9444085 -.9838554 -1.030898 -1.057976 -1.098027 -1.17168 -1.19556 -1.22856 -1.287406 -1.365283 -1.375813 -1.408287 -1.387217 -1.329894 -1.216817 -1.031161 -.8626756 -.7524349 -.8858324 -.8527234 -.6803329 -.6778534 -1.328606 -1.668622 -1.470015 -1.086047 -.8746491 -1.171864 -2.002142 -2.905892 -3.603637 -4.201144 -4.739288 -5.202561 -5.628181 -6.02395 -6.445977 -6.866455 -7.2662 -7.476264 -7.597508 -7.600096 -7.719768 -7.728161 -7.257068 -6.366356 -5.300344 -4.098719
-.600468 -.5888805 -.5734222 -.5765961 -.5814691 -.6233048 -.6483161 -.6432221 -.674649 -.7487003 -.8206837 -.8551859 -.8986721 -.9525244 -.9763815 -1.017875 -1.060485 -1.095391 -1.149029 -1.168494 -1.19514 -1.216688 -1.288162 -1.305724 -1.291491 -1.180377 -1.097459 -1.045403 -.9276923 -.8003868 -.8671699 -1.006394 -.9627131 -.8535269 -.7356581 -1.110735 -1.443671 -1.432917 -1.217532 -1.032947 -1.145409 -1.69266 -2.66154 -3.500174 -4.187899 -4.754194 -5.199076 -5.670792 -6.12183 -6.526911 -6.866899 -7.226816 -7.439066 -7.398994 -7.168817 -7.112351 -7.020905 -6.447522 -5.486137 -4.449521 -3.456683
-.5655743 -.5181777 -.492548 -.5290271 -.559945 -.598313 -.6164491 -.6507584 -.6544131 -.6603022 -.7181025 -.7823081 -.8539674 -.9142691 -.9646742 -.9731449 -1.020956 -1.076285 -1.10728 -1.136219 -1.137607 -1.154818 -1.18327 -1.18481 -1.251012 -1.169934 -1.004277 -.995052 -1.018924 -.9337396 -.9984828 -1.065983 -1.010087 -.9077483 -.8724898 -1.124958 -1.298447 -1.371032 -1.289679 -1.058419 -1.086197 -1.58576 -2.463368 -3.208009 -3.948002 -4.494989 -5.038589 -5.592505 -6.086358 -6.383657 -6.72702 -7.008273 -7.175272 -7.037044 -6.657792 -6.421349 -6.339481 -5.829488 -4.979018 -3.979357 -3.119806
