py_wake/examples/data/AJ_ParqueFicticio/Rough survey   Sector 6   Height 30m   Power density.grd
DSAA
73  159
 258469   265669
 6501692   6517492
 .01172314   731.492
[rows 28 to 55 of 159, columns 0 to 62 of 73]
101.3364 101.6163 100.8398 100.6019 100.6319 100.3818 101.3583 102.0335 103.8179 103.8218 104.1944 104.6638 104.8778 104.9831 105.9639 107.879 108.8269 109.062 109.3711 108.5757 106.2312 104.9768 106.0923 109.1964 112.6594 114.7694 116.7839 110.3384 108.829 106.507 103.149 101.3459 96.29252 85.85908 98.81661 97.88844 99.60961 99.05275 101.0591 100.3533 90.80034 82.90028 86.30016 95.58883 118.8611 131.7579 133.3611 135.1958 137.7676 139.3004 133.0852 140.4441 170.7288 191.1095 134.5417 101.1906 99.98438 116.725 110.4771 93.81014 81.88895 79.34544 74.74162
99.51867 100.1131 99.77217 99.81419 99.3903 99.65989 100.8035 101.5788 102.9932 103.8108 103.5338 104.2203 105.2118 108.355 109.2921 110.4808 110.2044 110.095 110.3244 109.4457 109.1943 107.8793 107.1517 109.6313 113.3232 116.1411 117.1873 114.0642 112.4267 111.4676 110.0603 106.4037 104.8187 103.0073 109.223 111.757 111.6584 111.9362 112.5474 107.3543 95.61664 92.28431 95.20782 92.51936 106.5798 133.6601 164.0541 184.2302 196.7897 212.3996 200.334 175.7697 181.3823 213.9113 191.2171 139.5605 121.1735 124.3079 122.1611 119.9218 112.8972 116.5219 104.7878
97.93266 98.53475 98.08157 98.66972 98.66553 98.76665 99.28523 100.2931 101.5218 101.2734 102.1226 102.0937 101.5667 105.189 109.3839 110.9896 110.5661 110.1028 109.9615 108.5487 110.2858 110.5108 111.0886 112.0369 115.7272 117.8348 118.2541 116.9375 116.0936 117.7322 118.5361 118.7193 119.682 108.3216 110.878 109.6447 111.2885 116.2283 121.4393 118.6519 104.9896 99.93668 99.54047 107.1522 107.4383 122.097 158.7008 203.957 253.792 305.7181 334.4714 306.8678 264.2964 259.6303 254.133 186.0683 147.3492 113.0446 108.8555 103.5431 105.5376 115.3683 123.8237
96.23577 96.96903 97.38079 98.04471 97.31322 97.27509 97.57717 98.87018 98.95151 99.67897 99.83327 99.70743 99.81561 104.3552 108.2664 110.2958 110.8175 109.4431 107.9364 108.1928 111.4205 112.1068 113.7806 115.0407 116.8577 119.3971 119.9889 118.8601 117.4855 121.313 118.7205 120.2064 121.3221 117.5954 116.1035 109.5463 110.229 116.4555 122.4813 124.8093 117.2283 104.9049 105.5495 110.8829 124.8737 128.9815 125.9531 135.7731 171.1831 233.0804 308.0546 346.1424 366.9102 338.9203 298.377 233.4451 174.7551 121.7187 94.43365 86.36316 98.27679 104.7474 109.3603
94.44265 95.71587 96.06428 96.93015 96.67751 97.03235 96.39033 96.52959 97.40545 97.99542 98.296 98.02843 97.45308 103.0019 106.2978 108.1574 109.4333 108.6226 107.6005 110.1452 112.8052 114.0024 115.8812 117.0135 118.1128 120.2359 121.6202 123.4535 123.8271 119.262 120.4059 123.3234 124.6822 122.6293 117.7825 114.7965 110.1573 111.676 115.3671 119.9088 118.2951 105.2859 98.27706 105.9439 119.5303 143.1809 145.1346 121.4849 111.708 116.1856 141.8291 188.6951 251.7414 302.152 303.4561 258.2274 191.2776 136.1094 98.1229 82.57738 88.26505 105.8445 108.6233
95.82573 95.06762 95.73615 95.36418 96.05328 96.10012 97.22493 96.90112 96.84355 96.89539 97.08995 96.39409 97.43973 102.0553 103.7767 106.6111 107.5141 106.5657 107.2292 111.3685 114.7199 115.5818 116.4124 118.3435 118.9554 119.8422 120.15 118.2692 121.7526 121.1976 122.159 123.9094 123.6396 121.2398 120.8692 124.4264 119.774 112.9312 113.4243 120.1436 122.333 114.3723 90.68419 84.67489 96.89626 118.6335 142.6741 144.575 127.8524 111.7938 102.4145 101.739 123.4466 170.2924 245.5602 270.4731 201.1746 144.316 108.1137 88.1706 89.59463 102.6339 117.4207
97.89351 96.00011 95.64139 94.74472 94.79129 93.88845 95.18844 95.81879 95.74994 95.95058 95.31927 96.38339 97.42931 101.6331 102.3956 104.0419 104.5717 104.7716 109.1941 114.1602 115.7796 116.6884 117.241 118.6087 119.2295 119.7821 117.617 118.1306 120.7838 122.1473 123.7179 124.5463 123.54 119.6718 117.4726 123.4909 128.9561 123.3465 115.0753 119.0664 119.6307 110.3302 97.30474 70.4411 69.94826 89.29289 118.4293 139.0858 145.0996 158.001 163.8642 161.4297 142.6596 142.3898 184.768 248.8698 246.7365 191.6544 150.2021 146.9102 117.2643 100.0897 104.7205
97.86825 95.43933 94.56758 94.27706 94.15116 93.20161 93.1806 93.96326 94.53854 94.08118 93.89098 94.72122 96.1526 100.3529 100.7177 100.1063 99.96843 103.2239 110.9512 115.396 116.6394 116.5104 116.851 117.9903 118.6667 117.7814 117.4093 119.1214 121.6017 123.3915 124.2971 125.2789 125.9744 124.2328 123.5214 118.8821 125.312 129.5968 121.6346 128.8621 117.0295 107.0386 97.10052 80.85194 51.8976 62.59495 109.1717 165.5729 203.5293 218.1502 259.3474 295.6784 307.5211 271.367 255.654 285.803 290.6546 259.9764 222.3913 203.7209 165.8198 123.1694 105.5596
96.14817 94.229 93.32217 92.66692 93.11391 94.30645 94.45309 94.11595 93.13967 92.83379 91.54894 91.5377 92.80019 96.97604 96.18884 94.9193 95.02521 95.47842 102.5335 111.8647 114.7114 114.8181 115.284 116.6214 116.8879 115.6529 118.0385 119.8932 122.4411 124.6796 126.2393 126.8402 127.6295 131.6216 129.3998 123.0628 127.327 139.4995 149.3143 150.4274 164.0428 154.6917 128.4536 106.4859 60.02979 43.47054 71.68044 140.8605 216.3913 273.0252 311.231 372.9487 408.2245 415.9562 373.439 355.0862 325.1725 275.0565 265.0069 244.9806 250.8135 207.1411 162.5053
92.47597 90.7802 90.90421 90.69546 90.26211 91.67232 94.88609 93.65881 92.86411 91.5703 91.2578 90.274 89.54637 93.24198 92.13121 91.97389 91.87917 90.11716 91.86031 95.86914 107.3369 109.6565 111.3004 112.8781 112.9888 115.0198 117.6978 120.0288 122.8349 124.8396 128.3098 130.4964 131.4583 133.4144 131.7359 124.1007 122.0941 136.3052 149.7999 162.5196 191.9464 236.1468 230.604 189.1431 120.8904 42.25906 36.2774 58.00264 107.0441 163.6702 193.2597 228.2313 308.5114 374.2026 397.4029 393.8383 359.0702 281.8417 279.6298 271.1506 309.6926 336.4318 315.4647
89.14742 88.55462 88.58754 89.1858 88.70066 87.60999 90.83411 91.30037 91.7345 91.94345 91.8476 90.43856 89.76848 90.1076 90.48399 90.44484 90.82341 90.58795 90.65685 90.55856 98.72748 102.414 106.6272 109.2967 110.288 114.0225 117.8248 120.0936 120.9903 123.0136 125.4904 127.8324 132.5649 134.6069 136.3143 137.378 127.842 128.0433 141.9584 161.3755 177.6726 225.8369 283.5684 288.9441 241.3378 128.4778 51.80159 33.39596 33.48892 57.25235 82.86783 95.26921 133.4924 200.0592 298.245 350.8535 343.9776 287.5952 266.2839 264.6882 307.2997 401.2992 440.6363
88.17328 87.73931 88.16467 88.87071 90.07419 89.31251 88.96855 89.9374 90.98991 91.36833 92.01945 92.16479 92.81319 93.05614 91.83082 92.28474 91.82604 92.89265 94.75009 98.89546 101.0023 99.52248 101.9882 104.6391 110.0464 114.6948 116.9201 118.5892 120.5735 122.1495 123.6032 126.8164 130.3959 133.664 133.6248 138.5462 129.005 127.3556 139.2003 157.4973 173.1289 197.8206 253.3329 313.6969 342.1296 270.6021 150.9612 100.2304 51.45831 51.81504 78.22474 104.1739 127.888 157.7367 231.4907 318.8129 375.4973 307.9482 256.1428 232.1566 255.0824 327.8363 447.9048
88.58346 87.90138 87.62852 88.14825 89.94098 91.93483 92.4626 90.92562 90.2093 90.30787 90.97845 91.73836 97.55228 95.99045 93.59005 91.45117 91.63174 93.71254 96.11458 103.6124 102.8639 99.99725 98.62451 98.43078 106.6803 112.6133 114.499 117.5133 119.9313 122.8473 124.7776 128.2642 130.3252 131.1168 133.7047 133.2126 123.1324 121.7875 135.6136 157.6888 185.7035 217.7413 260.089 334.6974 391.2729 411.1718 294.2518 257.7178 205.1971 139.6904 142.4097 175.3235 219.8875 252.9967 296.6044 354.6701 376.4618 343.9097 262.3173 193.328 176.0817 222.0952 311.9687
91.15038 88.26488 87.92002 86.74939 86.47544 87.83066 91.79635 91.30975 89.44378 87.91797 86.42861 85.75082 90.14619 92.37189 90.90112 90.26073 90.57377 91.06503 94.50037 101.8194 102.38 100.0713 97.73886 91.93793 92.60352 105.0818 109.6561 114.6278 117.4026 121.1489 125.0229 128.4532 131.7301 133.5044 136.1724 133.1941 120.7074 112.6333 116.064 143.2319 184.2505 231.3911 280.2434 361.0345 437.5862 492.9296 430.1049 381.5172 384.5042 328.0843 286.9701 282.7348 304.2724 331.605 372.9169 399.6875 390.7484 359.8542 245.9827 156.6558 98.52382 91.68982 142.8716
92.8843 90.54771 89.19576 86.73102 82.91769 83.90546 89.17524 89.01958 86.63679 85.46162 83.64959 81.474 81.67754 85.40221 86.94544 86.79333 87.11584 87.23519 90.70008 99.21558 101.0169 100.5101 98.48209 96.73654 98.18716 101.5435 105.4672 109.1867 112.5699 119.4539 122.7533 126.1749 128.5243 134.1492 136.7815 135.2031 131.8228 108.2582 95.93748 115.6355 150.4461 181.0386 217.2971 274.075 330.2596 399.1316 396.245 349.9804 398.6474 376.8894 348.149 335.5028 329.0222 314.9615 327.9476 350.2317 358.7086 346.141 292.1545 188.7686 104.3309 60.48323 57.78949
93.62579 92.66565 91.7346 89.92028 82.68185 78.40846 82.86275 85.93635 84.56901 84.51743 84.82047 82.79656 82.85536 83.87715 84.57104 84.73555 84.83614 84.29684 85.52988 93.31165 96.36744 95.78636 96.07316 104.0208 107.5749 104.3321 104.048 105.3636 105.8934 112.6792 119.3067 120.9896 122.8054 129.125 131.79 128.3634 122.769 106.3192 83.9025 77.85235 95.25172 115.5875 124.9908 157.3228 185.5906 200.6249 189.4936 174.7473 180.2883 191.0202 194.1288 177.4115 179.8668 166.5123 187.5552 237.3948 284.4679 327.9984 296.2293 228.0914 153.5692 80.57778 40.77853
94.70098 94.32516 93.76718 93.0396 92.80454 86.22636 80.65711 81.08175 82.48283 84.53826 87.14532 88.0492 86.82829 86.27677 84.73833 84.90746 83.59922 83.12449 83.31416 86.68003 89.34131 88.41351 87.41381 89.75951 101.9957 101.1783 99.60691 98.87109 101.6832 109.4179 113.8593 114.7898 118.4182 123.8458 124.155 121.8352 118.438 108.7236 86.15211 71.85067 63.91557 77.47701 82.85152 84.73291 87.41075 83.09653 79.74493 62.61777 55.59379 65.44078 66.25887 65.34631 84.84745 119.588 137.7667 179.287 213.1201 245.4107 288.1901 255.3555 192.1765 120.1127 59.91245
94.3861 94.04662 94.18899 94.25869 98.08308 95.55734 89.97122 82.19023 81.32969 83.08287 85.33136 88.77721 90.64243 89.39378 87.0037 85.6267 84.05179 83.78699 83.24743 83.39549 82.99939 83.4507 81.75288 80.89559 83.44056 90.39882 90.59651 88.79041 88.50089 97.62685 101.4132 97.50748 107.4526 111.967 115.8798 114.7305 112.5502 106.443 98.04324 86.9648 65.75298 58.59114 60.91419 61.84807 69.01149 80.25085 93.26273 110.107 97.65026 91.46203 97.7973 97.43954 101.4961 131.3191 163.8685 181.7935 196.0321 177.1894 203.3737 243.2442 248.7292 220.4213 154.1519
92.90109 92.78023 94.57555 97.39186 98.47405 97.12331 91.0252 85.16182 82.28135 80.01203 81.12183 85.94628 90.39481 90.78243 87.08179 84.62447 83.86849 84.25652 85.11707 85.80615 83.54668 83.13532 83.35323 82.73841 81.89547 85.19771 83.71951 81.01241 78.58917 78.93089 82.45261 76.33922 77.47894 89.07383 93.6666 102.8723 101.8836 96.62878 99.22948 103.7743 93.08325 81.93248 83.08135 103.1651 143.4214 177.344 207.718 239.586 244.3304 236.6366 216.1259 192.6932 162.4249 162.7321 190.7427 238.2694 264.5495 202.4479 137.8967 136.4356 171.1967 219.9408 248.4923
91.03527 90.42862 90.77265 95.49048 96.22279 94.99967 92.37764 88.44526 85.3556 79.19541 75.32624 81.0309 88.56616 90.07163 85.41945 82.7172 82.22617 82.89366 83.95411 87.92131 84.83052 82.70789 83.60118 86.41982 90.50606 87.07786 80.40434 76.21326 74.16413 72.27724 69.49143 67.50466 64.36473 69.11426 70.0275 78.64384 85.1895 84.29809 85.63751 99.17667 109.2368 116.8405 131.4357 149.3423 178.4226 207.2751 205.9461 199.6379 180.9972 164.0856 172.3928 200.35 210.7805 200.2868 197.3201 241.0561 332.2913 337.0504 236.1021 140.2155 92.72885 95.48262 135.4007
89.9338 89.12978 88.36287 91.70525 93.17376 92.55479 91.48936 90.11768 88.15952 86.94804 79.02036 75.81418 80.90594 85.79958 81.86275 80.32761 79.58019 78.68638 79.46563 84.86734 82.69234 80.01666 77.67682 76.33023 80.15949 82.75159 75.62012 73.76383 73.1513 73.10056 69.01279 68.25013 67.21787 66.96838 64.74097 68.64352 71.04536 72.07552 69.30888 78.2626 91.08767 101.7149 111.0673 135.5499 155.0143 143.5496 123.597 109.3328 109.4854 117.0819 121.8578 142.3981 173.0625 195.9522 190.8224 196.2429 275.2601 364.6599 391.5555 330.678 178.2145 83.36973 59.49583
90.97141 90.04501 88.595 88.69865 90.06754 91.20667 91.04629 90.06342 89.35917 90.36425 86.82026 79.20861 75.48955 77.70534 77.89076 78.2439 78.41861 76.57451 74.0945 78.2401 77.94997 76.24467 74.50525 74.40026 74.90372 74.6407 72.0152 71.69871 71.38472 68.84057 66.09472 65.86098 74.30245 72.3604 65.58284 66.01175 67.64697 64.4848 58.32013 57.68107 57.12999 61.43264 56.9427 59.61536 64.78221 80.19559 90.39579 116.7862 133.0287 145.3315 148.4067 133.1232 145.5851 158.7009 154.5352 132.8859 158.5835 228.3538 299.3102 406.9236 376.6853 227.6093 102.285
91.84983 92.05611 92.62885 91.01125 89.94862 91.09298 91.15394 90.97626 91.81863 92.8124 91.60773 88.6357 82.17408 79.45134 76.87958 77.63007 80.06385 80.83428 79.67992 78.31159 76.48338 76.12724 76.46577 78.48418 80.33418 77.1562 72.90505 71.38076 71.68408 67.26904 63.13164 58.29696 57.79271 62.73587 57.76264 57.88612 60.98779 55.36615 49.01667 46.84542 43.71674 48.11694 49.88496 53.13341 62.93307 77.07579 98.3477 128.5075 159.0394 168.3331 173.1932 153.7417 111.1972 134.3993 170.5238 123.1856 90.03535 116.8212 154.8822 261.541 405.644 405.5246 294.4912
90.48186 91.0806 92.59792 92.54772 90.61946 90.08758 91.1085 93.18205 93.57587 94.64619 94.04485 93.00703 89.37527 82.84836 79.27316 78.20344 79.58545 85.11913 88.24786 82.21443 79.58974 78.05564 78.31109 81.71013 82.46561 79.86742 76.46677 75.51675 72.77411 69.46903 63.97246 57.17637 49.34028 48.73706 44.83076 42.6792 44.42368 42.68731 38.07416 35.49321 34.27645 43.7132 56.80697 71.45455 87.38319 105.5401 120.1796 135.9176 144.9993 144.0897 146.0427 136.6786 97.84499 99.72901 175.2563 170.4984 94.46203 64.51382 74.99992 119.6004 245.9168 375.0099 405.2329
88.47282 88.42188 90.40723 90.95315 90.23209 89.17506 89.31141 92.22044 93.48009 94.50887 93.89698 91.51236 89.70511 84.86189 81.50281 78.90432 76.57822 79.43964 83.15414 82.63423 82.52708 81.7387 81.99916 84.61166 84.32211 82.25119 82.21124 82.36351 79.0311 74.1788 69.71914 66.8712 60.0938 47.25659 43.12004 37.36432 30.95389 29.3568 34.31007 31.14548 25.05003 25.99827 33.71248 51.43463 70.67039 90.97956 108.5086 111.6878 114.9445 120.1482 133.9638 133.6481 101.6248 80.92994 136.0241 221.5003 173.9037 83.60383 46.42034 55.62309 124.498 224.0675 298.0358
87.54749 87.92329 89.33018 89.23302 89.56242 89.58315 90.42043 90.83561 92.83424 93.44427 93.56854 91.83866 89.10227 86.31823 84.45814 81.83611 78.38766 78.87811 79.16821 79.48229 81.34039 88.87578 91.03929 87.91147 86.57484 84.4157 85.69781 85.86825 84.09743 80.54068 77.46235 71.96912 65.77458 61.07152 60.32059 54.17125 36.94563 27.20537 34.93851 36.94556 28.70491 20.34337 20.23265 25.72007 35.38578 47.53738 60.80007 76.25709 87.75402 101.3773 131.771 164.3322 126.9124 80.36409 88.58939 189.6996 238.3717 180.6051 84.09696 48.3651 67.15876 140.7673 195.4996
88.2078 88.10413 89.33622 89.66633 89.6864 90.21677 91.55867 91.53971 92.28263 93.04615 93.163 91.82328 89.4335 87.08557 86.31106 87.69806 88.78457 84.55598 80.45052 77.94625 75.68548 78.70016 85.43694 86.03403 85.41615 86.61475 87.49204 88.05333 89.5634 91.54044 83.56618 68.47739 64.89074 72.28667 82.32636 88.80816 70.13428 43.32773 41.75491 56.71488 62.59215 38.15284 27.11811 20.97602 23.68672 30.94969 39.64161 57.39231 80.825 96.701 115.2654 152.0143 138.9447 95.33479 78.71493 127.2943 210.9813 242.1601 170.9158 81.89927 64.0145 104.5777 171.6622
88.11144 90.15382 90.978 90.27769 89.7217 90.55266 91.57464 92.33729 92.46326 92.63216 92.59868 91.8896 89.8792 86.34487 84.46214 87.08277 88.33985 86.25631 83.15547 80.42513 76.40575 74.98385 78.94292 80.88401 82.38037 83.97227 85.2793 90.69945 98.63553 102.3999 104.8646 87.79844 76.81169 87.2237 97.57309 110.0021 111.0787 85.02859 57.50217 69.87746 86.77905 88.48639 63.24538 43.5632 35.03052 32.5474 33.93964 38.35257 56.72032 73.4741 95.10843 123.1047 124.9675 96.94318 76.60844 99.85519 150.6703 189.1076 181.7811 123.6739 87.59398 108.0641 169.3672
