py_wake/examples/data/AJ_ParqueFicticio/Rough survey   Sector All   Height 30m   Mean speed.grd
DSAA
73  159
 258469   265669
 6501692   6517492
 2.338363   9.457575
[rows 84 to 111 of 159, columns 0 to 62 of 73]
4.755795 4.703778 4.683492 4.672034 4.661491 4.67146 4.704776 4.722596 4.737056 4.738863 4.71678 4.666773 4.580157 4.517023 4.51645 4.454703 4.399188 4.343871 4.299528 4.427569 4.551701 4.627862 4.675771 4.766644 5.017827 5.425714 5.779888 6.03019 6.23251 6.106196 5.763959 5.561731 5.49403 5.253839 5.132432 4.5909 4.477589 4.536811 4.754978 5.097041 5.266026 5.129353 4.852417 4.542483 4.540048 4.469109 4.253687 4.182893 4.076797 4.201886 4.60687 4.749162 4.838062 4.901744 4.933073 4.764891 4.564571 4.315776 4.067059 3.845331 3.617506 3.448539 3.269713
4.762901 4.7244 4.680596 4.660189 4.639938 4.691078 4.70864 4.739705 4.740284 4.749921 4.723915 4.678825 4.627401 4.486921 4.515175 4.528497 4.496451 4.40958 4.287978 4.308613 4.388608 4.480982 4.578981 4.699666 5.12457 5.718463 6.067227 6.268422 6.160145 5.869593 5.509422 5.332202 5.393812 5.155412 4.903592 4.398582 4.38128 4.647837 5.04013 5.313457 5.387282 5.184908 4.992951 4.653545 4.57141 4.599909 4.379439 4.237577 3.957984 3.857586 4.115429 4.608349 4.826388 4.901159 4.997396 4.969682 4.739684 4.467624 4.21738 3.937122 3.589148 3.268875 3.036783
4.662709 4.656026 4.647954 4.632429 4.65549 4.688637 4.721772 4.718524 4.755267 4.754998 4.731699 4.681339 4.638087 4.532523 4.499375 4.527059 4.52118 4.457244 4.396749 4.317133 4.308249 4.343891 4.423902 4.505604 4.957362 5.701305 6.235475 6.346787 6.085688 5.68408 5.337156 5.150799 5.114148 4.993541 4.806422 4.387017 4.283238 4.620541 5.174598 5.333138 5.384302 5.26038 5.028975 4.836128 4.725011 4.683557 4.658543 4.457692 4.234446 3.825338 3.858871 4.208174 4.807478 4.815546 4.962653 5.110755 4.848762 4.598853 4.316586 4.029305 3.559311 3.149537 2.920879
4.570305 4.582325 4.587739 4.633485 4.64958 4.656367 4.707229 4.714123 4.74457 4.769382 4.749461 4.71277 4.679247 4.611517 4.515634 4.510484 4.511607 4.488786 4.454676 4.363013 4.352466 4.346587 4.392777 4.416578 4.717842 5.501793 6.291103 6.441442 6.18518 5.760426 5.317018 5.018954 4.965557 4.874385 4.784589 4.419967 4.237352 4.779787 5.157605 5.353489 5.389392 5.314086 5.21888 4.976945 4.852499 4.740075 4.722206 4.755873 4.435282 3.936034 3.776137 4.030363 4.552367 4.838752 4.906667 5.097857 4.847259 4.546372 4.273468 4.049805 3.46608 3.124839 3.027242
4.576479 4.55277 4.559972 4.624746 4.646013 4.647736 4.657103 4.65939 4.710299 4.780011 4.775208 4.726171 4.69662 4.680912 4.585848 4.481794 4.438251 4.483156 4.459567 4.415556 4.399522 4.434395 4.501429 4.610854 4.720398 5.248052 6.170238 6.628449 6.441141 5.959756 5.360693 5.007119 4.857965 4.746617 4.556441 4.329556 4.489403 4.956403 5.222961 5.386919 5.434574 5.411796 5.250565 5.002647 4.754008 4.642835 4.556035 4.685814 4.401294 3.98536 3.762819 3.895135 4.074009 4.473123 4.967208 5.035162 4.764407 4.357135 4.139718 3.920147 3.270739 3.101645 3.26936
4.602441 4.561307 4.567731 4.603127 4.655855 4.664202 4.66779 4.603974 4.643928 4.694738 4.757103 4.746846 4.719501 4.71847 4.670457 4.493574 4.408148 4.406438 4.402104 4.399821 4.449621 4.540644 4.708856 4.95952 5.092342 5.207539 6.076639 6.863512 6.809349 6.146924 5.37435 4.944957 4.74854 4.531562 4.248934 4.233086 4.523848 5.06118 5.336891 5.492713 5.523538 5.479012 5.186516 4.835443 4.527872 4.538941 4.368802 4.33051 4.087558 3.817247 3.778609 3.808034 3.611009 3.880886 4.438853 4.809249 4.560726 4.06575 3.83332 3.722505 3.142199 3.077712 3.313551
4.637932 4.595612 4.605258 4.571268 4.646297 4.679702 4.68617 4.647071 4.62018 4.612312 4.689991 4.715674 4.730932 4.765859 4.749484 4.591569 4.433483 4.359224 4.373469 4.318078 4.461801 4.673518 4.953809 5.422471 5.624726 5.525268 6.129582 6.990713 6.995142 6.182867 5.309915 4.848158 4.672689 4.375346 4.006256 4.246139 4.433737 4.982227 5.468261 5.634309 5.651673 5.481963 5.087011 4.7101 4.704023 4.709827 4.696225 4.426305 4.10122 3.995646 4.162265 4.221355 3.86782 3.640778 3.776273 4.122275 4.116048 3.647526 3.442857 3.284116 3.005748 3.011023 3.33374
4.685212 4.631124 4.621498 4.597465 4.605947 4.681227 4.731163 4.720452 4.67382 4.62549 4.62805 4.662315 4.715182 4.770306 4.796906 4.677331 4.504849 4.418451 4.427148 4.292786 4.407236 4.82529 5.266765 5.83684 6.066947 5.920228 6.34347 7.070957 7.01145 6.078252 5.289172 4.888333 4.712207 4.170787 4.123756 4.484074 4.410953 4.744221 5.445985 5.903304 5.803944 5.427726 4.949886 4.869492 5.039701 5.009725 4.902207 4.616695 4.268317 4.265659 4.664341 4.75921 4.567036 4.088278 3.577289 3.37692 3.612793 3.549154 3.265772 3.036585 2.820617 2.886525 3.313372
4.700742 4.667122 4.643713 4.610315 4.60152 4.705373 4.769087 4.766533 4.765985 4.705012 4.634874 4.608926 4.678123 4.754033 4.793504 4.755695 4.608205 4.62785 4.723152 4.473172 4.270368 4.871575 5.636819 6.193562 6.39684 6.156674 6.551799 7.102905 6.929303 6.009045 5.305117 4.981776 4.702034 4.019737 4.233765 4.762515 4.575343 4.585241 5.279531 5.881574 5.863721 5.412083 5.057319 5.104957 5.233051 5.16826 4.840901 4.431166 4.38073 4.538584 4.91688 5.021085 4.928656 4.766952 4.055071 3.626579 3.601871 3.750011 3.682013 3.248423 2.668711 2.753004 3.212852
4.746753 4.711357 4.65939 4.613472 4.620012 4.721229 4.815252 4.816722 4.811025 4.798714 4.700271 4.580128 4.617872 4.694976 4.754855 4.783999 4.764519 4.952389 5.24079 4.964422 4.389983 4.713707 5.804646 6.510251 6.638734 6.322116 6.646304 7.101739 6.83604 5.915632 5.227836 4.823167 4.34882 3.9586 4.350201 4.918034 4.728931 4.469736 5.157523 5.849804 5.953969 5.611467 5.376615 5.297609 5.348417 5.072236 4.65446 4.478676 4.519066 4.666651 4.872262 5.022338 4.959297 4.949228 4.629206 4.341073 4.231791 4.27556 4.034056 3.491246 2.624334 2.635448 3.031419
4.738875 4.736063 4.692891 4.660059 4.628952 4.718351 4.837455 4.876556 4.862491 4.851888 4.796432 4.644855 4.593332 4.650618 4.673775 4.711036 4.863589 5.302416 5.821631 5.640507 4.878102 4.604006 5.691864 6.752731 6.915311 6.55121 6.679654 7.069568 6.728507 5.813576 5.113295 4.609604 4.056222 3.953879 4.580572 5.098811 4.79179 4.579009 5.151628 5.836869 5.922806 5.810751 5.528394 5.322042 5.192563 4.900788 4.60311 4.588224 4.668409 4.73454 4.792536 4.814066 4.768166 4.783233 4.666897 4.602654 4.475403 4.399815 4.129845 3.712666 2.80152 2.548163 2.745546
4.71687 4.7762 4.733642 4.71685 4.708508 4.703722 4.828127 4.935131 4.951954 4.905948 4.849805 4.755977 4.684525 4.652868 4.644037 4.578413 4.795004 5.563262 6.214519 6.221083 5.527352 4.917895 5.558112 6.848529 7.165603 6.807501 6.742646 6.785429 6.389482 5.687087 5.041616 4.492404 3.957872 3.928242 4.782255 5.25036 4.92672 4.644428 5.313589 5.910888 5.884203 5.689007 5.324888 5.158097 5.025281 4.907183 4.785543 4.754813 4.774076 4.736031 4.743004 4.666739 4.453908 4.50668 4.56703 4.587279 4.543651 4.407626 4.345109 4.054468 3.283852 2.542754 2.594874
4.681465 4.744969 4.793705 4.781779 4.799257 4.783185 4.788139 4.939616 5.004704 4.948823 4.886209 4.871552 4.849388 4.806711 4.731086 4.640742 4.7305 5.436467 6.376419 6.709534 6.148943 5.298713 5.634843 6.933168 7.203385 6.953618 6.413369 6.078711 5.709808 5.199435 4.786015 4.293939 3.893418 3.984374 4.885277 5.405091 5.238087 4.990348 5.268478 5.946622 5.727091 5.463265 5.073296 4.868422 4.894613 4.916885 4.968907 4.873528 4.796535 4.717728 4.746084 4.597541 4.123921 3.99964 4.295124 4.412536 4.389858 4.23594 4.40463 4.29453 3.772242 2.857554 2.534438
4.639774 4.746087 4.795993 4.822317 4.854036 4.934973 4.859023 4.865309 5.012042 5.009839 4.937616 4.962545 4.991341 5.096217 5.108623 4.947493 4.731422 5.149991 6.468346 6.937455 6.545779 5.644436 5.879804 6.919765 7.208592 6.581057 5.713197 5.344563 5.197937 4.939968 4.817723 4.508214 4.031108 3.974195 4.732709 5.473322 5.460709 5.231953 5.297531 5.692501 5.607627 5.26088 4.903817 4.738848 4.716215 4.722917 4.720583 4.631288 4.639817 4.571825 4.636971 4.463411 3.850847 3.56587 3.714833 3.848606 3.726595 3.633551 3.807433 3.926114 3.78108 3.212004 2.513158
4.648629 4.770581 4.836467 4.810225 4.782975 5.007111 5.059606 4.846979 4.939533 5.043735 5.005231 5.010115 5.11078 5.445693 5.689513 5.470015 4.953183 5.211957 6.510401 7.090241 6.699866 5.892662 6.177775 6.836983 6.951948 6.050068 5.14808 5.19479 5.512384 5.322738 5.163519 4.894232 4.253992 4.041408 4.565609 5.310845 5.344118 5.156032 5.163461 5.442027 5.435475 5.098844 4.747471 4.620668 4.663805 4.565336 4.434724 4.280167 4.359266 4.289428 4.268517 4.176105 3.95984 4.16398 3.798546 3.658123 3.411579 3.253802 3.217416 3.291406 3.232643 2.929692 2.47196
4.764666 4.830463 4.919671 4.87765 4.72225 4.938084 5.243375 4.995817 4.906127 5.095166 5.090012 5.098364 5.223624 5.751954 6.233551 6.06477 5.509717 5.659763 6.600702 7.219021 6.868333 6.251483 6.356616 6.641605 6.370525 5.515388 5.011099 5.600843 6.141897 5.981159 5.551167 5.042119 4.392348 4.136929 4.569417 5.06071 5.014268 4.770583 4.839377 5.268976 5.239677 4.943385 4.623211 4.412243 4.47001 4.472766 4.400768 4.067763 4.129061 4.081712 4.020631 4.077556 4.257304 4.573572 4.357417 4.17892 3.911211 3.509426 3.23073 3.069818 3.136706 3.070823 2.731766
4.992015 5.026304 5.057212 5.043068 4.805717 4.784534 5.278244 5.320673 4.984134 5.207409 5.272022 5.272336 5.421783 5.81597 6.43045 6.520068 6.276707 6.296769 6.747269 7.318795 7.062321 6.585425 6.342403 6.031983 5.676425 5.427128 5.455497 6.079782 6.492225 6.259173 5.643643 4.961477 4.346776 4.256003 4.634481 4.762301 4.654394 4.35639 4.471052 4.787975 4.952749 4.799876 4.488423 4.297103 4.131687 4.172195 4.212356 4.203683 4.36902 4.42295 4.278434 4.308 4.498497 4.725774 4.640394 4.478672 4.276888 4.034161 3.762585 3.704031 3.71588 3.324395 2.828651
5.07999 5.267759 5.252592 5.247958 5.06315 4.735447 5.128032 5.65076 5.253057 5.35799 5.597595 5.459262 5.714802 6.045106 6.484476 6.808968 6.828782 6.892436 7.094063 7.423185 7.182038 6.555653 5.848114 5.455096 5.600373 5.851247 6.192145 6.481045 6.572021 6.172919 5.524915 4.829385 4.325489 4.3418 4.731393 4.679801 4.592469 4.355134 4.248409 4.267603 4.523431 4.579698 4.473184 4.436573 4.231251 3.855693 3.975287 4.440133 5.026628 5.061961 4.872273 4.79891 4.81711 4.838652 4.819632 4.680629 4.429639 4.287982 4.092196 3.907499 3.452768 2.837863 2.844017
5.114484 5.318902 5.424055 5.498466 5.456166 4.941123 4.943171 5.751241 5.682111 5.61729 6.042565 5.889427 6.033149 6.432344 6.671725 7.001432 7.070083 7.241464 7.438381 7.557688 7.093937 6.138072 5.567678 5.426753 6.015488 6.534138 6.779224 6.663698 6.321566 5.854341 5.36436 4.812482 4.433466 4.500479 4.621723 4.550739 4.509738 4.315692 4.23077 4.084379 4.351686 4.559162 4.723823 4.763376 4.465088 3.789797 3.754092 4.544818 5.428071 5.630096 5.417939 5.242525 5.138166 5.027317 4.884041 4.707438 4.375857 4.195932 3.905579 3.519268 2.86341 2.655076 3.065198
5.112025 5.328907 5.556867 5.840116 5.890474 5.241567 4.807114 5.56821 5.96237 5.963298 6.354652 6.446091 6.380299 6.85053 6.961472 7.203485 7.200233 7.332915 7.628877 7.607194 6.981972 6.228247 5.770763 5.906323 6.587454 6.940053 7.010294 6.386982 5.789604 5.410367 5.111259 4.759711 4.508054 4.406073 4.398466 4.347674 4.219633 4.031847 4.067769 4.243472 4.539439 4.860766 5.03375 5.088436 4.440379 3.674733 3.700791 4.483723 5.448471 5.959198 5.956175 5.797373 5.474125 5.087506 4.661769 4.343603 4.110689 3.884988 3.605043 3.153638 2.624603 2.764431 3.089761
4.71484 5.186809 5.647067 6.144063 6.286646 5.540993 4.983125 5.427088 5.847403 6.074964 6.439933 6.793195 6.898513 7.133394 7.160658 7.307713 7.350857 7.385706 7.731134 7.72119 7.261189 6.66924 6.337373 6.502568 7.03238 7.159071 6.968499 6.204433 5.660728 5.392751 5.12513 4.751451 4.419448 4.353454 4.394048 4.426102 4.143596 3.928469 4.022851 4.418285 4.903201 5.186502 5.069305 4.697496 4.029663 3.560276 3.535566 4.199642 5.241852 6.070179 6.47373 6.417736 5.871954 5.062945 4.470714 4.233545 4.1094 3.910976 3.682195 3.343285 2.828364 2.883637 2.90955
4.268267 4.647065 5.344893 6.153337 6.399368 5.815578 5.309499 5.543089 5.796245 6.092747 6.455205 6.968222 7.320621 7.345586 7.296622 7.198909 7.350808 7.52829 7.802284 7.811268 7.461583 7.111198 6.835299 6.987214 7.286377 7.147717 6.898336 6.40252 5.965732 5.793445 5.380355 4.870587 4.422017 4.359555 4.557994 4.387113 4.030644 3.925623 4.10326 4.483873 5.056996 5.251673 4.906867 4.269525 3.934495 3.919509 3.727267 3.898975 4.853407 5.990142 6.814201 7.061986 6.431178 5.429423 4.922113 4.743965 4.499393 4.182802 3.889559 3.649887 3.184405 2.973992 2.740039
4.39395 4.316562 4.711643 5.568452 6.209385 6.098371 5.714868 5.625935 5.793959 6.202735 6.683421 7.207195 7.606658 7.535911 7.379354 6.960344 7.067132 7.555882 7.565786 7.613148 7.465969 7.072927 6.738334 6.931564 7.401396 7.543944 7.25009 6.891024 6.50065 6.213865 5.576346 4.910416 4.455199 4.267027 4.274856 4.06498 3.936965 4.049106 4.395815 4.605996 5.084676 5.236329 4.828895 4.358882 4.190127 4.49234 4.291507 3.821724 4.388987 5.663325 6.793657 7.300474 7.199511 6.230857 5.722588 5.427745 4.856128 4.294504 3.938427 3.701837 3.319097 3.018202 2.779368
4.897102 4.483885 4.631401 5.015668 5.710091 6.258649 6.313045 6.015716 5.949388 6.402613 7.074766 7.647257 7.876357 7.67023 7.329867 6.63954 6.370581 6.967946 7.478777 7.522153 7.361845 6.865384 6.328456 6.609297 7.462124 7.769591 7.739932 7.516832 7.104294 6.599528 5.717624 4.985867 4.508211 4.242435 4.125287 3.932733 3.867671 4.299265 4.790556 4.949768 5.171017 5.360317 5.145865 4.708456 4.566694 4.966657 4.914765 4.319681 4.288826 5.246014 6.544348 7.314378 7.281461 6.650342 6.08601 5.701957 5.017095 4.357567 3.984149 3.760858 3.345187 2.965198 2.792502
5.532271 4.917918 4.910444 5.169357 5.444148 6.073744 6.654398 6.60651 6.32073 6.569192 7.29232 8.029549 8.052065 7.766773 7.123074 6.329396 5.70225 6.15602 6.889164 7.263784 7.270696 6.731662 6.079729 6.313869 7.280035 7.718885 7.931729 8.111734 7.670907 6.941665 6.05746 5.318166 4.823996 4.510118 4.300085 3.950129 3.964021 4.51668 5.20581 5.403815 5.457534 5.713703 5.618999 5.182158 4.933953 5.223516 5.234978 4.892308 4.672923 5.266668 6.437879 7.002985 7.022382 6.097989 5.491117 5.225625 4.821284 4.376744 4.067218 3.87556 3.477494 2.990413 2.855109
6.130006 5.600423 5.278452 5.614916 5.707931 5.959162 6.640699 6.900087 6.681789 6.710689 7.416544 8.217108 8.255898 7.588608 6.701482 6.030868 5.47586 5.530478 6.020078 6.705626 6.990546 6.524007 5.735082 5.882859 7.006455 7.600871 8.008423 8.253941 8.131733 7.29819 6.367549 5.619237 4.937908 4.543216 4.233006 3.959444 4.063585 4.738254 5.622249 6.000032 5.945169 6.175193 6.163753 5.706836 5.257279 5.27126 5.15767 4.97854 5.065478 5.613428 6.525076 6.873508 6.68971 5.580734 4.803377 4.545656 4.427999 4.212044 4.002138 3.874893 3.60238 3.009686 2.895711
6.483663 6.192688 5.754104 5.876032 5.957323 6.009638 6.521536 6.825752 6.909777 6.920544 7.545699 8.256449 8.15906 7.382075 6.435699 5.792994 5.361432 5.154907 5.411135 6.023705 6.412622 6.238178 5.504207 5.42405 6.411878 7.288531 7.788668 8.24597 8.031641 7.367575 6.392434 5.445387 4.835844 4.374532 4.184501 3.976598 4.091243 4.890652 5.947291 6.54998 6.557714 6.712964 6.644706 6.066801 5.309252 4.992645 4.759961 4.594563 4.80238 5.669311 6.658425 6.933509 6.338581 5.386759 4.62652 4.253927 4.098089 3.998036 3.780753 3.498505 3.15578 2.820109 2.848871
6.477296 6.416991 6.038936 6.009246 6.155481 6.190665 6.445335 6.710188 7.052038 7.254678 7.748574 8.323799 8.11448 7.363173 6.745024 5.906307 5.38044 5.3973 5.329151 5.417251 5.599888 5.728604 5.298684 5.270382 6.24571 7.147732 7.716605 7.746412 7.339386 6.871127 6.554012 6.057849 5.311209 4.872734 4.595245 4.201134 4.129807 4.900603 6.086252 6.933459 7.159091 7.260406 6.961439 6.060821 5.256288 4.746721 4.413037 4.178188 4.383322 5.36436 6.42477 6.574399 5.855932 5.072253 4.542438 4.299296 4.138628 4.019043 3.831118 3.315504 2.579491 2.706985 2.812548
