py_wake/examples/data/AJ_ParqueFicticio/Rough survey   Sector 9   Height 30m   Orographic speed.grd
DSAA
73  159
 258469   265669
 6501692   6517492
 .05273279   2.469986
[rows 0 to 27 of 159, columns 0 to 62 of 73]
.9452337 .9578006 .9627337 .9634646 .963373 .9633262 .963828 .9643522 .9642837 .9641072 .964514 .9643666 .9629706 .9599836 .9566064 .9494526 .9406551 .9286268 .9105696 .8755584 .8064782 .8453983 .9277828 1.082324 1.076418 1.019552 .9450212 1.034399 1.068059 1.042958 1.03815 1.047062 1.060743 1.047892 1.029713 1.065458 1.118563 1.194453 1.164671 1.149884 1.142171 1.134286 1.128665 1.127135 1.119106 1.106006 1.093121 1.080759 1.075624 1.069772 1.064742 1.061124 1.059433 1.062997 1.069471 1.076922 1.084754 1.0914 1.095487 1.096759 1.098598 1.098842 1.095689
.9439004 .9593471 .9609907 .9603492 .9593182 .959368 .9601389 .9618033 .9620062 .9611111 .9589143 .9602538 .959107 .9580653 .9555221 .9479235 .9388427 .9255551 .904106 .8594361 .8217276 .8742321 1.001358 1.104127 1.081747 1.00325 .9631688 1.079831 1.076066 1.067064 1.062502 1.068685 1.086558 1.085082 1.069045 1.090956 1.119987 1.177748 1.149487 1.130369 1.111813 1.103465 1.109926 1.124633 1.118503 1.107208 1.091831 1.076005 1.069976 1.063147 1.057128 1.057477 1.056819 1.064756 1.072896 1.081106 1.09105 1.099465 1.104439 1.108882 1.111274 1.11202 1.1114
.9494665 .9635446 .9581979 .9567141 .9554745 .9556907 .9565466 .9578968 .9602511 .9611573 .9596346 .954485 .9552811 .9560425 .9563257 .9479229 .9371422 .9236909 .9020072 .8586341 .8459831 .8988049 1.011578 1.07377 1.137171 1.078991 1.025603 1.063296 1.080271 1.078795 1.077254 1.090228 1.110363 1.120611 1.111365 1.102501 1.103923 1.154135 1.132061 1.109065 1.083202 1.082108 1.093267 1.113121 1.104066 1.096858 1.082266 1.070777 1.061848 1.044052 1.035993 1.0423 1.053194 1.068048 1.076579 1.086277 1.097513 1.107908 1.11674 1.122632 1.127533 1.129275 1.131299
.9683707 .961062 .946997 .9502276 .9511667 .951912 .9534769 .9556562 .9576713 .9599991 .9580228 .9524455 .9543093 .9611435 .9585593 .948213 .9374937 .9216278 .898651 .8593511 .8592718 .9164985 1.010341 1.069298 1.127998 1.067436 1.053364 1.083208 1.089407 1.090559 1.091978 1.11827 1.147786 1.135804 1.129244 1.104582 1.08051 1.124906 1.121372 1.077633 1.039276 1.058011 1.095027 1.11167 1.107443 1.097499 1.065627 1.055078 1.046597 1.030686 1.024953 1.056925 1.062331 1.073103 1.082326 1.093766 1.107811 1.121409 1.133228 1.142262 1.150967 1.157185 1.159152
.9640369 .9414119 .9337134 .9461989 .9488971 .94686 .9491487 .9546065 .9566683 .9563553 .9596522 .9514129 .952922 .9665938 .9629965 .9486018 .9377048 .9210088 .893713 .8464583 .8845853 .9260288 1.020799 1.077725 1.147962 1.09974 1.078822 1.085733 1.095775 1.111229 1.127701 1.158444 1.161356 1.118263 1.085971 1.021525 1.025959 1.084724 1.113954 1.000516 .9292772 1.050898 1.118016 1.129928 1.125112 1.078381 1.039959 1.038488 1.033796 1.032304 1.033116 1.056868 1.062763 1.07167 1.083612 1.099499 1.118848 1.136415 1.152767 1.16927 1.184965 1.1974 1.203888
.9549323 .9218931 .9206603 .9460689 .9497343 .9374629 .9471367 .9612604 .9607685 .9599689 .9616624 .9547906 .9480412 .9726806 .966493 .9538849 .9424067 .9253299 .8914158 .8977474 .9220204 .9699811 1.026628 1.089523 1.161829 1.126774 1.099344 1.093232 1.097384 1.113973 1.139259 1.157371 1.080005 1.002196 .9729044 .9650251 .988637 1.028065 1.016017 .8675897 .8816121 1.095386 1.166707 1.164406 1.143653 1.062587 1.035472 1.043805 1.044036 1.036498 1.044155 1.040578 1.047187 1.057512 1.077823 1.103624 1.131146 1.156663 1.182391 1.209404 1.238042 1.269163 1.293021
.941924 .9300592 .9220433 .9342847 .9366549 .9307223 .969441 .9750363 .9687737 .9680013 .9617674 .9493392 .9512814 .9674404 .9692869 .9590101 .9524352 .9375096 .9205583 .8952063 .9309185 .9799561 1.059516 1.109019 1.165552 1.127289 1.117609 1.101878 1.092035 1.091491 1.098523 1.078994 1.022453 .9856633 .9708295 .9546834 .9615902 .9695746 .9173459 .8338891 .984418 1.201914 1.219611 1.163094 1.073477 1.028094 1.042111 1.074594 1.06735 1.044469 1.038199 1.029945 1.016139 1.026976 1.067105 1.108469 1.14636 1.18253 1.221741 1.271302 1.333754 1.320107 1.236175
.9401368 .9354833 .9364763 .9311833 .9110693 .9185687 .9530105 .9737471 .9730527 .9673479 .9564523 .9485074 .9561768 .9648018 .9683297 .964823 .9597063 .9518039 .9389391 .9219669 .9615001 1.021811 1.103351 1.123626 1.137264 1.11353 1.12223 1.100442 1.080178 1.063828 1.039734 1.01815 1.000644 .9814295 .966628 .9470966 .935553 .924387 .9023015 .9007723 1.115511 1.266749 1.228301 1.085007 .9638374 1.017186 1.082379 1.125625 1.091799 1.030743 1.025956 1.023491 .9835504 .9751521 1.051311 1.125454 1.169405 1.213363 1.2719 1.369388 1.3244 1.236829 1.11459
.938419 .9335354 .9350325 .9338142 .9315287 .9303101 .9538971 .9715179 .9737 .9612171 .9505916 .948505 .9543074 .9553448 .9585128 .962898 .968287 .9701646 .9631699 .9623672 .9890088 1.019585 1.085504 1.078503 1.100465 1.098513 1.119481 1.101802 1.065885 1.03378 1.005461 .9914898 .980599 .9706641 .961688 .9416246 .9258282 .9208698 .9388372 .9788004 1.137938 1.229702 1.134196 .9444597 .9613786 1.115126 1.136701 1.120873 1.045673 .9691898 .9790774 .9653336 .8798879 .9337322 1.06955 1.161752 1.197071 1.245191 1.328874 1.348206 1.24839 1.107729 .9507765
.936309 .9303209 .9279051 .9306326 .9362205 .9603874 1.001957 1.011507 .9772306 .9461265 .9328448 .9431899 .9518377 .9456071 .9389532 .9505152 .9716436 .9811762 .9874257 .9916987 .9994647 1.024336 1.048517 1.058378 1.081506 1.098359 1.107293 1.094904 1.04611 1.006346 .9852284 .973125 .9608922 .9507097 .9392554 .9134972 .9293885 .9512611 .9705261 1.007619 1.069307 1.109171 1.025804 .9136685 1.051954 1.156973 1.095697 1.046121 .9918095 .904751 .9106355 .856211 .8038413 .9635394 1.162326 1.216418 1.228526 1.273319 1.34586 1.287199 1.159165 .9658571 .7591074
.9339548 .9284338 .9221483 .9256914 .9439462 .9561974 .9988562 1.037761 .9718952 .9106881 .90904 .9373906 .9549691 .9342679 .9165869 .9433108 .9758742 .9927248 .9903573 .9971514 1.004955 1.002559 1.030905 1.061793 1.076164 1.105674 1.124271 1.082789 1.043365 .99646 .9584183 .9490446 .9462065 .934642 .9161177 .9135984 .931045 .9453371 .9705968 1.003384 1.01991 1.020126 .9971209 .9927009 1.101899 1.111971 .9961205 .9738026 .9514363 .8562542 .8412527 .7839779 .8680077 1.119339 1.253513 1.276092 1.259253 1.296985 1.27815 1.213773 1.071126 .8640869 .7726309
.9326491 .9296359 .931854 .9410099 .9640567 .9686145 .9977757 .9829403 .9017599 .8548273 .8804291 .9711217 .9817569 .9415742 .9138421 .9335286 1.014947 1.003888 .978731 .9663396 .9679855 .9937836 1.047192 1.056403 1.055587 1.064519 1.069065 1.058206 1.044277 .9649651 .9296432 .92215 .9246141 .9254269 .9081281 .903189 .924477 .9366583 .9596951 .9754707 .9895511 .9856371 .9892684 1.005618 1.041084 1.01867 .9561097 .9430378 .9163076 .8694816 .8437075 .8423821 1.040201 1.21736 1.296278 1.300653 1.305019 1.269905 1.222151 1.114366 .9941251 .8351797 .799064
.9324635 .9347742 .9462535 .9556822 .9644467 .9732833 .9734107 .9436774 .8330201 .8088555 .9191396 1.010893 .9857092 .9394009 .9130415 .9268817 1.040289 .9860551 .9750418 .9608032 .9584693 .993571 1.058979 1.051836 1.040671 1.039294 1.051094 1.064331 1.003088 .9187149 .9044001 .8946949 .8989832 .9027152 .8951979 .8954282 .9155377 .9252342 .9344982 .9480125 .9600847 .9639568 .9661022 .9938827 1.012168 .9819337 .9504578 .9180932 .9115832 .8962165 .9025201 .9581925 1.101038 1.239996 1.303468 1.274388 1.200741 1.145885 1.084008 1.001187 .9169487 .812245 .8605374
.9336947 .9456102 .9534386 .9574393 .9617561 .9622352 .9500276 .9103514 .8144823 .8560237 .9669141 .9776196 .9421651 .8970462 .8938059 .9688737 .9985431 .9975516 1.002964 .9831045 .9862883 1.02938 1.064489 1.040373 1.02144 1.013724 1.012022 .9972059 .9459399 .9124352 .8940675 .886797 .8843056 .8798057 .8924699 .8981377 .9088737 .9117448 .9114439 .9140756 .9284759 .9363121 .9343306 .976662 .9890352 .9644572 .9414013 .9138091 .9122447 .9181155 .9483216 .9903408 1.087969 1.191227 1.185408 1.069406 1.044479 1.056703 1.051864 1.022934 .984551 .9537392 .9451836
.9417079 .9487396 .9529472 .9561062 .9560997 .9514819 .936382 .9132961 .8727485 .8698118 .9372331 .9584516 .9409037 .9184217 .9350776 .978851 .9898157 1.005117 1.022793 1.00202 .9992421 1.039912 1.060128 1.030857 1.004591 .9927387 .9784272 .9588381 .9353174 .913183 .8975528 .8824912 .8774205 .8720662 .8869346 .9107963 .9132395 .8998495 .8816836 .8713534 .8823358 .900683 .9157675 .9537166 .9529002 .9288984 .9049381 .8997202 .9156753 .9446701 .9614459 .9823446 1.017762 1.046432 1.041296 1.016616 1.024763 1.06324 1.096672 1.099535 1.086304 1.074682 1.023209
.9469467 .9474072 .9488356 .9509742 .9514095 .9431605 .927919 .9078027 .886504 .884973 .9294927 .9465476 .9438446 .9405691 .9646899 .9908876 .9841458 1.000898 1.012809 .9904119 1.010679 1.018834 1.01011 .9993615 .9827874 .9770063 .9582532 .9345265 .9135272 .9000241 .8890852 .8704196 .8386951 .8202927 .9018902 .9588687 .9298579 .8932173 .8590655 .8221117 .8613698 .8974572 .9243671 .9395947 .9168326 .8783876 .8791939 .8959194 .9385508 .9708243 .9641631 .9511014 .9514345 .9571443 .9550366 .9502108 1.018501 1.124702 1.197786 1.210574 1.232714 1.235122 1.08683
.946476 .9470507 .9451466 .9462283 .9464126 .9405198 .9268464 .9102131 .8976519 .9026254 .9191766 .9350784 .9472352 .9578252 .9833314 .9741107 .9736989 .9979715 1.00051 .9888198 .9944996 1.00419 .9920864 .9768791 .9736448 .9653119 .9384215 .9117057 .8905113 .8789315 .8875931 .8485423 .7812914 .783152 .9884635 1.023798 .947113 .8767887 .8062021 .7470294 .8376848 .8984766 .9128185 .9164821 .8980228 .8644512 .8465216 .871092 .9270452 .9792268 .9685656 .9099377 .8774279 .8853924 .9361335 1.017714 1.163155 1.255462 1.323682 1.323003 1.317066 1.280426 1.120648
.9461878 .9426191 .9457779 .9453591 .9443476 .9397798 .9296464 .9185671 .9110235 .9138627 .926781 .9371053 .951656 .9759797 .9808627 .975378 .9701198 .9786696 .9844122 .9837419 .9813806 .9854801 .981441 .976597 .9832861 .9749391 .9180034 .8689575 .8604741 .9077933 .9110454 .7855847 .7130709 .8408039 1.065462 1.069821 .9895296 .8668132 .7476065 .6761856 .7837732 .8727304 .8751758 .8984489 .8874028 .8731012 .8244294 .8562694 .977275 1.032579 .9827777 .9054456 .8912718 .960879 1.049031 1.151958 1.270847 1.329207 1.336229 1.322192 1.303925 1.269525 1.12442
.9456846 .9423923 .9443218 .9443004 .9426441 .9402358 .9344514 .9257609 .9205795 .9226323 .9402612 .9559177 .9575691 .9701884 .9762514 .9762153 .9725035 .9750143 .978394 .9790843 .9747998 .9705675 .96354 .9712678 .9781106 .9674753 .9434986 .9071085 .909413 .9775178 .9030174 .7457913 .7525589 .9550241 1.078756 1.072126 1.041455 .8813182 .6968916 .5869536 .7815429 .8680466 .8789373 .9131683 .9363185 .9453263 .8804357 .9317368 1.065656 1.085353 1.003053 .9280332 .9322573 1.018192 1.114417 1.223328 1.268541 1.321557 1.325054 1.303115 1.294378 1.246533 1.118683
.9462135 .9430417 .9409337 .9387858 .9381936 .9383392 .9370838 .934907 .9299298 .9311203 .9502017 .9498276 .9534195 .9642226 .9694477 .9733538 .9733812 .9750939 .9791595 .9804507 .9729253 .96475 .96328 .989037 .9840866 .9597829 .936901 .9348816 .9702196 .9582802 .8116083 .7456769 .8748935 1.034615 1.040602 1.068736 1.029316 .8388484 .5969467 .5456395 .7861747 .9223861 .9569631 .9646279 .997657 .9884882 .9241167 .9884187 1.112705 1.085517 .9838396 .9340568 .9620137 1.033512 1.110337 1.182256 1.250194 1.299906 1.293814 1.29891 1.284982 1.247258 1.125412
.9514726 .9411234 .9308928 .9263921 .929566 .9331204 .9366601 .9392336 .9394194 .9431787 .9565682 .9571064 .9551378 .9586987 .9650728 .9697886 .9729446 .9740079 .9830505 .9802189 .9737792 .9671897 .976056 .9846522 .9836817 .9682408 .9544607 .9448542 .9584847 .8964652 .7701033 .8277476 .8667557 .9564928 .9815806 1.061683 1.021951 .7880887 .5287911 .6187445 .861982 .9989962 .993615 1.03041 .9976751 .9496026 .9472787 1.033214 1.088797 1.025243 .935707 .9300975 .9844701 1.00239 1.095262 1.170282 1.24062 1.285772 1.302763 1.311224 1.299604 1.244595 1.152496
.9520725 .9497829 .9279913 .9182992 .9258703 .9318333 .9366695 .940104 .9454519 .9507667 .9556903 .9594563 .9604424 .960723 .9615867 .9663035 .972117 .9796525 .9810486 .9691335 .9631514 .964547 .9757837 .9816281 .9794111 .9726874 .9628562 .9501318 .9014916 .7408781 .808203 .913421 .9049902 .9429705 .9722251 1.013441 .9402117 .7458967 .5798636 .7462534 .9202816 .9887238 1.0066 1.000073 .9675741 .946592 .9724205 1.01296 1.018332 .9645994 .911317 .9307109 .9675362 .9874887 1.062542 1.148273 1.20823 1.279577 1.324848 1.355456 1.344586 1.281172 1.196699
.9434247 .9408575 .9313987 .9223689 .9282707 .9322924 .9374846 .942268 .946698 .950666 .9506707 .9565988 .9604296 .963648 .9637434 .9635435 .9719131 .9781182 .9761959 .9693831 .9636763 .9632902 .9703851 .9737412 .973754 .965701 .952697 .9365704 .8418015 .75867 .8729599 .9896955 .9541516 .9195299 .9154661 .9590979 .8793935 .7160234 .6944038 .7887784 .9010122 .9456883 .9876132 .9559411 .944414 .9588628 .9681863 .9626915 .93799 .9120901 .8903066 .9007612 .9620208 .9710082 1.035498 1.13185 1.223416 1.307026 1.380543 1.448238 1.42145 1.32827 1.218697
.9389791 .9340128 .9259852 .9285804 .9322144 .9346926 .9390458 .9422948 .9473473 .9469567 .9480994 .9524774 .9577322 .9624028 .9667858 .9704225 .976602 .9733058 .9699546 .9682444 .9650366 .9622199 .9652903 .9698424 .9670263 .9532839 .9299154 .901207 .8168584 .8087627 .9819472 .9912954 .9588246 .9098635 .8533117 .9171456 .8740733 .7713009 .7710331 .8039385 .860296 .9081996 .9493465 .9115589 .9197692 .9488431 .944289 .9300742 .8997165 .8724537 .869365 .9054185 .9700488 .9828984 1.01977 1.146571 1.281636 1.364503 1.488884 1.571471 1.507007 1.348363 1.213725
.9385994 .9306939 .9354802 .9379365 .9374797 .9383167 .940626 .9433371 .9476402 .9415166 .9480649 .9517514 .9561332 .9605318 .9668137 .9734485 .9710706 .9660664 .964281 .9639207 .961468 .960072 .9600055 .9649144 .9638766 .9476955 .9127855 .868705 .8359847 .8735387 .9858767 .96517 .9339505 .8809934 .7937872 .8832108 .8897028 .8442037 .8226853 .8261732 .7713897 .858822 .9041868 .8873861 .9008376 .9126333 .9102808 .9009979 .8831757 .8522932 .8403935 .8967286 .9934469 1.019607 1.035046 1.180145 1.37413 1.497374 1.641187 1.677889 1.535467 1.325403 1.172228
.9393204 .9329041 .9374448 .9439771 .9446512 .9446025 .943468 .9448749 .9458301 .9380582 .9483762 .953036 .9568462 .9625703 .9693195 .9739133 .9712514 .9666023 .9617463 .9587203 .9586778 .9593514 .9554504 .9574087 .9560365 .9414877 .9042347 .8698417 .8805122 .9096732 .9380076 .9433543 .9205615 .8434876 .7387842 .8609943 .8749768 .8619545 .8437729 .7990609 .7721885 .8411339 .8865265 .8896715 .8901474 .8790771 .8708732 .8607253 .8603343 .8352097 .8418275 .9108801 1.033698 1.095426 1.081185 1.244024 1.514725 1.699993 1.771736 1.713107 1.478118 1.258077 1.075476
.9375739 .9361052 .93932 .9442486 .9472875 .9489293 .9479725 .9480448 .9452538 .9452131 .9512101 .9542093 .9592783 .9654076 .970265 .9702411 .9676346 .9648491 .9601803 .9561745 .9543714 .9561298 .9603719 .9537796 .9450464 .9212992 .8954048 .8771872 .9055783 .8930827 .9179206 .9333836 .9168052 .8603903 .7664465 .8073707 .8492622 .8562037 .8735298 .8240648 .7769933 .7855772 .864368 .8727034 .8803807 .8501821 .8278366 .8250487 .8328305 .8370388 .854572 .931399 1.097583 1.207819 1.179922 1.317953 1.674571 1.860373 1.835924 1.65689 1.366312 1.143742 .9252493
.9424189 .9449175 .9451059 .9464141 .9487675 .950815 .9516565 .950013 .9475274 .9556558 .9596737 .9600509 .9608644 .9694203 .9718939 .9677795 .9636763 .9620069 .9605976 .9583532 .9533826 .9569443 .9588376 .9501133 .9350227 .9074934 .8809602 .8786931 .9036891 .8920233 .9064679 .9219359 .9029124 .852931 .750191 .8088967 .8623963 .8657755 .8787671 .7978867 .7501151 .7507238 .8195379 .8477834 .8513179 .8333445 .7809837 .7898721 .8120109 .8467031 .8882968 .9747223 1.189074 1.327981 1.282609 1.425194 1.787417 1.95118 1.810818 1.501728 1.207337 .9941054 .7640881
