py_wake/examples/data/AJ_ParqueFicticio/Rough survey   Sector 5   Height 200m   Mean speed.grd
DSAA
73  159
 258469   265669
 6501692   6517492
 6.575564   12.64484
[rows 56 to 83 of 159, columns 0 to 62 of 73]
9.551346 9.575501 9.589833 9.604112 9.613886 9.610194 9.603393 9.602894 9.594583 9.587425 9.575191 9.565317 9.559384 9.533925 9.49042 9.480513 9.47998 9.479806 9.476831 9.481269 9.462931 9.429409 9.424415 9.441948 9.445615 9.455183 9.459597 9.474716 9.541133 9.635816 9.692994 9.640407 9.500637 9.453164 9.466908 9.497207 9.466201 9.289596 9.021245 8.901577 8.94157 8.985136 8.960466 8.935533 8.92772 8.98988 9.062387 9.158734 9.391105 9.734078 10.12416 10.42604 10.48118 10.35932 10.30096 10.5491 10.90226 11.03223 10.82958 10.50217 10.25859 10.33216 10.70893
9.53165 9.567072 9.575582 9.58583 9.60592 9.608867 9.603892 9.597908 9.587917 9.573701 9.56074 9.549606 9.538441 9.542606 9.510726 9.486735 9.483379 9.483697 9.482194 9.489569 9.482286 9.457635 9.441165 9.447033 9.445804 9.448196 9.456134 9.455672 9.494465 9.606793 9.710748 9.679761 9.560225 9.484948 9.503583 9.526079 9.514317 9.385684 9.145157 8.984545 8.977663 9.016654 9.028322 9.022501 9.046711 9.100447 9.108863 9.108634 9.256626 9.56049 9.95085 10.24823 10.33741 10.26128 10.21994 10.47845 10.8468 10.99655 10.82092 10.47827 10.20376 10.20364 10.55715
9.523165 9.548113 9.557508 9.557766 9.57104 9.586475 9.582591 9.579761 9.567598 9.552341 9.536234 9.527183 9.517054 9.524244 9.51312 9.498431 9.487795 9.482036 9.482692 9.491352 9.483138 9.479766 9.464167 9.446001 9.454345 9.456719 9.458684 9.452243 9.453808 9.530887 9.650147 9.63327 9.534205 9.468829 9.460691 9.497053 9.509531 9.398149 9.211786 9.043139 9.001274 9.00323 9.029102 9.077417 9.135583 9.179278 9.1547 9.111952 9.191249 9.411368 9.745667 10.03398 10.17059 10.11934 10.09953 10.36143 10.73302 10.94628 10.84483 10.52078 10.19838 10.09834 10.39133
9.548616 9.557438 9.574593 9.567603 9.537779 9.543526 9.555541 9.554195 9.544188 9.5297 9.517042 9.503766 9.495612 9.502201 9.501504 9.494805 9.487091 9.483625 9.48215 9.485972 9.484438 9.481982 9.475834 9.467829 9.459986 9.47123 9.484883 9.4779 9.455683 9.48827 9.544886 9.533464 9.452589 9.365995 9.369955 9.410903 9.432917 9.375717 9.22079 9.063359 8.992691 8.977129 8.985767 9.097762 9.21475 9.259064 9.226916 9.154794 9.146791 9.278012 9.526128 9.794669 9.977629 9.961308 9.942205 10.18245 10.55811 10.81966 10.79876 10.55049 10.23159 10.04129 10.23162
9.582709 9.587453 9.602799 9.607306 9.552564 9.510463 9.513168 9.530273 9.524158 9.512751 9.50046 9.486054 9.475307 9.478911 9.477612 9.474182 9.474983 9.477104 9.484593 9.487616 9.488259 9.464873 9.468394 9.466399 9.464438 9.4896 9.521555 9.550547 9.56332 9.557879 9.558265 9.508891 9.424456 9.337699 9.301625 9.327966 9.342022 9.300879 9.183477 9.043024 8.944817 8.916536 8.96104 9.096032 9.25145 9.322158 9.320642 9.272898 9.211637 9.20563 9.340309 9.553912 9.775819 9.812651 9.789991 9.99565 10.38566 10.67659 10.69342 10.51323 10.24658 10.03458 10.0942
9.612803 9.624604 9.628068 9.631935 9.599586 9.541508 9.507322 9.507473 9.511088 9.50844 9.497693 9.488081 9.473433 9.46193 9.45609 9.454427 9.458098 9.468296 9.48192 9.489449 9.4992 9.477626 9.462915 9.456263 9.455246 9.486714 9.535894 9.602188 9.660361 9.678391 9.669691 9.588012 9.48875 9.403386 9.32955 9.312585 9.294763 9.237846 9.121855 9.010456 8.913733 8.846005 8.879325 9.041298 9.221931 9.3324 9.369598 9.39577 9.36565 9.263987 9.219238 9.339214 9.577284 9.699737 9.667603 9.811985 10.18558 10.51276 10.57108 10.43405 10.22909 10.04326 9.980992
9.631206 9.649136 9.655723 9.655082 9.624661 9.583754 9.536489 9.509089 9.508245 9.508584 9.503603 9.490703 9.474562 9.453946 9.444777 9.439053 9.434758 9.450703 9.459531 9.477617 9.489353 9.486554 9.461365 9.451147 9.45174 9.469479 9.521731 9.60953 9.707131 9.774167 9.781566 9.694994 9.589024 9.513968 9.420866 9.359767 9.302748 9.204931 9.077067 8.971615 8.8789 8.79707 8.817228 8.95091 9.158944 9.299606 9.372845 9.448935 9.509501 9.427828 9.265388 9.209288 9.377369 9.538618 9.592858 9.669767 9.971659 10.30195 10.42604 10.34764 10.1842 10.04465 9.948146
9.628694 9.656423 9.672741 9.67337 9.647845 9.608839 9.566052 9.534233 9.515885 9.508648 9.510133 9.493115 9.471704 9.457664 9.441757 9.431179 9.423311 9.423265 9.436773 9.450142 9.473111 9.470227 9.450178 9.431925 9.433747 9.452486 9.490746 9.58125 9.692842 9.799784 9.830774 9.783201 9.697619 9.625113 9.551546 9.452208 9.361492 9.226038 9.080438 8.954985 8.843429 8.760806 8.752674 8.865203 9.059287 9.246529 9.335711 9.43506 9.551074 9.56031 9.406467 9.231348 9.221034 9.349037 9.468299 9.543249 9.75904 10.06896 10.233 10.20787 10.09613 10.00103 9.946084
9.613163 9.65111 9.669322 9.67515 9.662098 9.633864 9.598185 9.569003 9.531268 9.511206 9.50608 9.492229 9.47925 9.462121 9.448384 9.432198 9.426096 9.42044 9.424089 9.437241 9.454581 9.4644 9.446303 9.413719 9.404866 9.413736 9.4586 9.538854 9.650233 9.773106 9.828854 9.807759 9.752436 9.702036 9.645887 9.562507 9.443777 9.294526 9.137738 8.990041 8.853564 8.737193 8.691724 8.762628 8.955859 9.137285 9.26137 9.38971 9.511558 9.590853 9.546651 9.369477 9.190789 9.164366 9.29408 9.445552 9.608303 9.868907 10.04078 10.04338 9.981239 9.888959 9.855752
9.5902 9.629297 9.651298 9.665639 9.667353 9.653238 9.630241 9.603231 9.55829 9.517926 9.504323 9.490674 9.478304 9.468466 9.455534 9.436049 9.420998 9.422646 9.427236 9.438794 9.458103 9.468643 9.454354 9.423943 9.400561 9.390454 9.41495 9.479873 9.572465 9.67497 9.746115 9.748281 9.740234 9.740351 9.703945 9.6368 9.526305 9.356123 9.189246 9.040829 8.899197 8.768038 8.67638 8.698759 8.837847 9.005378 9.147269 9.317341 9.445648 9.55556 9.65223 9.560056 9.329302 9.116835 9.11873 9.305359 9.528632 9.755425 9.919043 9.938738 9.884907 9.783745 9.705252
9.574173 9.603094 9.633527 9.655909 9.660375 9.66081 9.64987 9.628725 9.584883 9.530592 9.504931 9.495357 9.480158 9.468431 9.460438 9.445772 9.42548 9.417951 9.425726 9.438853 9.463624 9.483277 9.476819 9.460794 9.43649 9.417664 9.425107 9.467462 9.513619 9.581739 9.637955 9.652355 9.681607 9.750703 9.741569 9.69098 9.604492 9.433282 9.237396 9.081636 8.935855 8.82003 8.697101 8.663321 8.731741 8.831608 9.017442 9.228656 9.356258 9.446028 9.642479 9.710286 9.521077 9.239391 9.070522 9.16444 9.428774 9.698112 9.916498 10.01651 9.962385 9.820807 9.659431
9.563824 9.58353 9.615617 9.643364 9.659301 9.659268 9.647087 9.63619 9.598294 9.551702 9.519482 9.499496 9.487388 9.47365 9.456423 9.443151 9.42866 9.415997 9.412231 9.431218 9.452956 9.484759 9.506087 9.506106 9.490994 9.48318 9.465374 9.49222 9.522593 9.558437 9.571697 9.58764 9.619981 9.704373 9.738032 9.721494 9.669725 9.551784 9.351844 9.17539 8.997756 8.856395 8.739019 8.652968 8.63305 8.690157 8.873776 9.115295 9.268064 9.335974 9.543049 9.718308 9.634253 9.396731 9.146127 9.066588 9.283212 9.607163 9.901673 10.09983 10.12461 10.00891 9.810982
9.545337 9.57151 9.599995 9.626108 9.650463 9.654912 9.647658 9.63575 9.608471 9.568816 9.533376 9.509007 9.489782 9.482629 9.467448 9.455719 9.43377 9.413394 9.403541 9.416031 9.432202 9.457977 9.509329 9.533659 9.546715 9.550516 9.551613 9.542719 9.555399 9.562952 9.548915 9.5387 9.564389 9.630417 9.694525 9.70353 9.692985 9.628185 9.472711 9.306886 9.160993 9.003108 8.85476 8.722862 8.609242 8.598694 8.732405 8.955436 9.105423 9.182008 9.392259 9.58041 9.579593 9.431408 9.212588 9.058596 9.15301 9.45685 9.77039 10.03709 10.16731 10.15357 9.990354
9.528064 9.538371 9.564095 9.60085 9.629429 9.650292 9.643589 9.63873 9.618927 9.586168 9.546841 9.509553 9.483271 9.479062 9.476653 9.465671 9.435442 9.407126 9.400395 9.401623 9.413601 9.443436 9.502234 9.544811 9.583219 9.603085 9.623281 9.632329 9.638864 9.631266 9.581036 9.510001 9.492237 9.543894 9.624765 9.659466 9.68129 9.643241 9.554493 9.445844 9.327346 9.200786 9.042342 8.875552 8.714457 8.617182 8.663956 8.816046 8.943554 9.039168 9.196414 9.367497 9.411737 9.316336 9.15817 9.013211 9.023038 9.292477 9.619229 9.891138 10.08152 10.1492 10.09
9.508923 9.502699 9.515423 9.558769 9.599348 9.632234 9.641378 9.645166 9.630078 9.60377 9.560633 9.514789 9.474243 9.466392 9.472327 9.473645 9.446084 9.414352 9.402623 9.399108 9.412912 9.436558 9.497958 9.558832 9.605646 9.655612 9.683572 9.706738 9.730997 9.726938 9.673378 9.565386 9.458308 9.47191 9.541116 9.607 9.637734 9.633357 9.593884 9.559635 9.480038 9.345528 9.204866 9.030486 8.873583 8.736205 8.698266 8.771002 8.877019 8.960171 9.063499 9.160834 9.225292 9.15771 9.008854 8.897396 8.930502 9.168422 9.486478 9.756332 9.981924 10.09314 10.09979
9.520543 9.495528 9.476956 9.502688 9.545602 9.597036 9.62331 9.638043 9.636475 9.616209 9.576042 9.527364 9.484498 9.457994 9.45954 9.461991 9.461353 9.431161 9.400766 9.391943 9.393897 9.427887 9.488299 9.574911 9.628714 9.690248 9.72796 9.767686 9.808839 9.830894 9.783894 9.64072 9.512278 9.466269 9.496304 9.538252 9.584247 9.599442 9.602411 9.584445 9.548048 9.436925 9.293156 9.159062 9.022758 8.891644 8.815822 8.824043 8.901673 9.005763 9.069427 9.09842 9.13127 9.054383 8.859528 8.710179 8.765801 9.032413 9.344343 9.623795 9.86556 10.01332 10.05569
9.546677 9.516677 9.488895 9.475992 9.50459 9.546385 9.594032 9.621237 9.631039 9.622481 9.588499 9.545573 9.49882 9.462697 9.436694 9.444595 9.446945 9.430557 9.40329 9.381433 9.367715 9.39956 9.456586 9.543122 9.630134 9.690249 9.754499 9.816139 9.870815 9.900939 9.876405 9.730394 9.575233 9.509007 9.490159 9.497175 9.501886 9.526055 9.552203 9.55939 9.564063 9.491538 9.377241 9.25542 9.131618 9.003172 8.913548 8.895651 8.976079 9.087196 9.175778 9.218961 9.247568 9.160982 8.904359 8.632426 8.593491 8.828311 9.133541 9.449183 9.711063 9.886427 9.982141
9.566102 9.54108 9.512534 9.50363 9.498146 9.508975 9.550942 9.592073 9.616596 9.621922 9.59779 9.565993 9.524096 9.480682 9.427499 9.411281 9.425999 9.410485 9.386479 9.35857 9.344945 9.367933 9.412776 9.495478 9.577343 9.646667 9.732466 9.83041 9.93341 9.991871 9.957813 9.843001 9.681995 9.576495 9.522864 9.472061 9.445161 9.449466 9.477777 9.519397 9.539701 9.523355 9.450089 9.340643 9.215042 9.084092 8.948099 8.905575 8.959569 9.068891 9.169072 9.267579 9.355359 9.341311 9.064953 8.717646 8.521264 8.623288 8.876823 9.195762 9.480348 9.676648 9.801864
9.584084 9.564378 9.539691 9.536665 9.528739 9.489443 9.505574 9.552594 9.597027 9.608452 9.59313 9.573325 9.549772 9.514973 9.438309 9.387061 9.394085 9.388033 9.376778 9.35113 9.332275 9.346349 9.39015 9.458285 9.526375 9.594363 9.674314 9.797427 9.93417 10.02921 10.01459 9.911717 9.782756 9.646526 9.553503 9.477932 9.424638 9.39964 9.405932 9.44151 9.473322 9.472113 9.443604 9.384332 9.280638 9.161159 9.00674 8.904157 8.908828 8.997283 9.076297 9.181746 9.300107 9.331741 9.152361 8.835117 8.562756 8.490714 8.637532 8.900249 9.174121 9.374483 9.515648
9.585007 9.569629 9.556914 9.558812 9.557574 9.51834 9.489645 9.52182 9.566161 9.58214 9.576921 9.567472 9.553784 9.539253 9.481285 9.40157 9.378115 9.373898 9.373183 9.371746 9.347111 9.349393 9.37694 9.427079 9.483372 9.540195 9.609982 9.718303 9.865771 9.984262 10.00247 9.909288 9.78347 9.670273 9.562568 9.484705 9.432997 9.393165 9.366588 9.377508 9.376719 9.378078 9.375048 9.363791 9.26687 9.182709 9.050077 8.917233 8.864387 8.914227 8.978812 9.067389 9.168221 9.203828 9.12079 8.901843 8.621576 8.441911 8.448799 8.621616 8.837982 9.027189 9.173345
9.567541 9.557572 9.551559 9.550667 9.562453 9.539722 9.507303 9.516773 9.549209 9.55761 9.559938 9.551559 9.539317 9.538615 9.505768 9.43429 9.382431 9.367527 9.36429 9.373891 9.380446 9.382291 9.381625 9.413642 9.452298 9.502044 9.564962 9.660522 9.797099 9.915455 9.953415 9.87394 9.741063 9.631269 9.528664 9.458931 9.427092 9.385715 9.328545 9.340394 9.35488 9.327725 9.325769 9.320165 9.255608 9.191961 9.093582 8.959998 8.890186 8.871992 8.918088 8.997829 9.08382 9.117451 9.068568 8.927577 8.692038 8.470663 8.345607 8.412965 8.561126 8.718465 8.855892
9.553675 9.546542 9.537055 9.531135 9.545907 9.542663 9.523685 9.515397 9.529149 9.535741 9.543169 9.545367 9.534106 9.523127 9.502055 9.445449 9.397623 9.360217 9.356066 9.366282 9.383743 9.411493 9.431251 9.442844 9.461697 9.510028 9.573894 9.671777 9.792265 9.886574 9.909539 9.843807 9.715636 9.608869 9.508087 9.423831 9.391061 9.357132 9.301589 9.294792 9.305645 9.309214 9.297627 9.300715 9.290344 9.259901 9.216715 9.113806 9.010735 8.932265 8.936304 9.005125 9.12167 9.186264 9.148018 9.053206 8.875093 8.643336 8.487476 8.417489 8.443051 8.533362 8.630347
9.553479 9.539816 9.522237 9.514208 9.529436 9.538422 9.534515 9.524295 9.514519 9.516662 9.521128 9.521725 9.528382 9.516635 9.495953 9.462633 9.414352 9.364866 9.342298 9.345658 9.356135 9.403868 9.448006 9.470365 9.497652 9.544438 9.628701 9.734309 9.84918 9.910359 9.915199 9.809071 9.682182 9.587955 9.508988 9.452961 9.419829 9.386066 9.347123 9.308108 9.272334 9.276972 9.28777 9.315027 9.311318 9.308405 9.29495 9.263118 9.197902 9.070346 9.032584 9.080899 9.188236 9.276834 9.280852 9.224018 9.081056 8.896007 8.739902 8.606946 8.525797 8.53463 8.577711
9.568103 9.545933 9.522756 9.515603 9.517835 9.534375 9.543596 9.534891 9.512501 9.504285 9.498214 9.499577 9.503965 9.503409 9.490146 9.46697 9.432381 9.389036 9.351108 9.336683 9.335815 9.369662 9.418867 9.461384 9.499008 9.566684 9.671759 9.820257 9.929926 9.968634 9.920895 9.783959 9.632316 9.54326 9.469588 9.421684 9.41372 9.394614 9.368592 9.350736 9.295403 9.277455 9.292658 9.306954 9.322135 9.316049 9.304173 9.279497 9.256964 9.19474 9.161765 9.178164 9.241684 9.32997 9.379862 9.346564 9.237628 9.084828 8.89893 8.736451 8.627613 8.589278 8.554028
9.585379 9.568159 9.537937 9.517122 9.527116 9.541332 9.548717 9.53964 9.527092 9.510486 9.482121 9.464821 9.47358 9.473276 9.458465 9.449413 9.441985 9.409605 9.384464 9.359895 9.346053 9.365979 9.39127 9.431524 9.472912 9.550609 9.685205 9.855474 9.997276 10.0453 9.940012 9.779158 9.614966 9.512752 9.432972 9.367749 9.34508 9.328314 9.323216 9.315538 9.308697 9.302333 9.293612 9.294322 9.319627 9.310131 9.266809 9.224239 9.247736 9.255239 9.253233 9.261115 9.295468 9.354851 9.396358 9.389224 9.276386 9.117414 8.940725 8.775328 8.654431 8.57649 8.51982
9.586463 9.585458 9.562112 9.529064 9.526679 9.542048 9.558432 9.551965 9.540284 9.526961 9.491944 9.441895 9.435217 9.424156 9.419079 9.421482 9.420672 9.412151 9.403446 9.381817 9.381692 9.391407 9.400767 9.414279 9.449858 9.516141 9.647942 9.826782 9.983521 10.0407 9.947083 9.770482 9.594769 9.493655 9.421616 9.357461 9.306572 9.286521 9.285041 9.301082 9.303412 9.299465 9.284956 9.268141 9.272399 9.255575 9.222514 9.210972 9.222858 9.251686 9.272441 9.288946 9.321183 9.358869 9.38969 9.369239 9.259146 9.103232 8.929873 8.766017 8.640251 8.538816 8.467985
9.576035 9.583553 9.572967 9.552787 9.538789 9.544041 9.553348 9.560351 9.558714 9.5422 9.519176 9.464116 9.404597 9.38796 9.36448 9.350328 9.359807 9.360884 9.372898 9.387069 9.387014 9.401256 9.41613 9.445131 9.463996 9.514899 9.614724 9.772249 9.921889 9.984167 9.905103 9.764868 9.606289 9.500727 9.429673 9.3557 9.3071 9.26483 9.277396 9.307543 9.31079 9.290668 9.246575 9.202795 9.190649 9.16336 9.129026 9.118558 9.145802 9.189156 9.23966 9.285979 9.333306 9.3655 9.382389 9.353015 9.242116 9.080232 8.902729 8.738213 8.608041 8.498132 8.404262
9.581133 9.568306 9.570057 9.565988 9.558319 9.557257 9.563042 9.573075 9.567742 9.552621 9.529838 9.472226 9.419139 9.387981 9.353376 9.312851 9.287038 9.290653 9.306889 9.336958 9.362723 9.3855 9.425467 9.470248 9.517806 9.574739 9.645563 9.752651 9.853658 9.900242 9.85482 9.76076 9.640079 9.544109 9.48141 9.380906 9.322829 9.291018 9.303787 9.322897 9.320807 9.28891 9.188419 9.113091 9.091717 9.053031 9.000105 8.990983 9.001225 9.0699 9.15953 9.256512 9.31956 9.35482 9.367385 9.323174 9.214501 9.048357 8.861315 8.687101 8.545869 8.43889 8.324976
