py_wake/examples/data/AJ_ParqueFicticio/Rough survey   Sector 5   Height 200m   Weibull-A.grd
DSAA
73  159
 258469   265669
 6501692   6517492
 7.36719   14.18617
[rows 28 to 55 of 159, columns 0 to 62 of 73]
10.73824 10.73671 10.73794 10.73973 10.74648 10.75658 10.76766 10.77895 10.78117 10.79279 10.81579 10.84223 10.86559 10.88848 10.90488 10.91912 10.93929 10.95328 10.96435 10.9656 10.95561 10.94435 10.96093 10.9771 10.98622 10.97282 10.94372 10.91074 10.90373 10.89162 10.87871 10.85637 10.79799 10.7109 10.68402 10.72358 10.76056 10.77736 10.78329 10.72882 10.67747 10.71903 10.84859 11.0419 11.26772 11.46428 11.60998 11.78517 11.97042 12.13686 12.2612 12.41087 12.58041 12.62044 12.47118 12.33987 12.30715 12.218 11.9169 11.53023 11.1858 10.92596 10.74292
10.72821 10.73383 10.73284 10.73674 10.74136 10.74793 10.75782 10.77242 10.7797 10.78965 10.80525 10.83016 10.85447 10.88415 10.90432 10.92231 10.93677 10.95361 10.9632 10.96601 10.95548 10.94064 10.95019 10.96637 10.97841 10.97127 10.94456 10.92731 10.91434 10.90648 10.89401 10.86415 10.80396 10.70715 10.6728 10.71961 10.75653 10.77719 10.78794 10.75463 10.69789 10.70812 10.82881 10.98383 11.1784 11.40344 11.60691 11.81812 12.05665 12.28751 12.46814 12.63636 12.80813 12.91221 12.82915 12.6637 12.52801 12.32165 11.97318 11.58978 11.25226 11.00812 10.87457
10.71265 10.71769 10.7235 10.72738 10.72904 10.74115 10.74892 10.76256 10.77503 10.77855 10.79295 10.80777 10.82744 10.86412 10.88712 10.9123 10.93248 10.94852 10.95634 10.95973 10.95434 10.95015 10.95135 10.96257 10.96582 10.96136 10.95202 10.93387 10.91934 10.90884 10.89074 10.86976 10.80145 10.7116 10.69699 10.72101 10.74646 10.76278 10.792 10.78712 10.73581 10.72063 10.79571 10.93599 11.10573 11.29651 11.52131 11.77883 12.06646 12.36268 12.63713 12.8763 13.06752 13.18235 13.16643 13.00628 12.76876 12.4028 11.97262 11.557 11.24226 11.05667 11.04049
10.69991 10.70335 10.70971 10.71505 10.71688 10.72973 10.73619 10.74922 10.754 10.7641 10.77156 10.78629 10.80265 10.83597 10.87278 10.90076 10.92542 10.94235 10.94717 10.95146 10.95138 10.95148 10.95124 10.95034 10.95346 10.95664 10.94676 10.93684 10.91245 10.89455 10.88676 10.87733 10.8223 10.74853 10.72674 10.71791 10.72697 10.74102 10.77799 10.80829 10.77796 10.74746 10.7763 10.88305 11.04475 11.22164 11.41148 11.6499 11.94321 12.2799 12.63132 12.95986 13.2368 13.41484 13.46226 13.33321 13.00222 12.50922 11.9836 11.5286 11.21156 11.09633 11.16636
10.6799 10.68828 10.6972 10.704 10.71129 10.7211 10.73047 10.7339 10.73918 10.74847 10.75527 10.76732 10.77642 10.79843 10.83676 10.87304 10.90679 10.93259 10.93857 10.94045 10.9455 10.94827 10.94685 10.9433 10.94547 10.93519 10.93346 10.92539 10.90231 10.87657 10.87435 10.8617 10.81808 10.76602 10.73124 10.7249 10.71795 10.70989 10.75609 10.8072 10.8266 10.78333 10.7732 10.83035 10.96713 11.17168 11.38316 11.57705 11.8046 12.10023 12.44419 12.82143 13.18156 13.47239 13.6442 13.57478 13.21796 12.65468 12.06781 11.56195 11.22891 11.17913 11.29952
10.67498 10.68163 10.68923 10.69846 10.71037 10.71612 10.72597 10.73148 10.7355 10.73842 10.7443 10.75307 10.76013 10.77107 10.80596 10.8437 10.8837 10.91154 10.92211 10.93345 10.93863 10.94298 10.94168 10.9369 10.93546 10.92911 10.91061 10.90595 10.89251 10.86958 10.86336 10.84792 10.8119 10.76857 10.73374 10.73008 10.72847 10.69419 10.7367 10.79743 10.85886 10.86802 10.82297 10.78877 10.85824 11.05648 11.32494 11.56917 11.79548 12.05323 12.35673 12.69455 13.04238 13.38834 13.67086 13.73713 13.39287 12.83661 12.20797 11.67158 11.32914 11.28596 11.46249
10.68449 10.68826 10.69274 10.69493 10.70287 10.70895 10.71723 10.72474 10.73065 10.7348 10.73661 10.74276 10.75219 10.76152 10.78422 10.82837 10.86665 10.89052 10.90523 10.91722 10.92443 10.92152 10.92439 10.92247 10.9199 10.90867 10.89216 10.88406 10.87579 10.8692 10.85569 10.83815 10.8141 10.76633 10.72521 10.7081 10.73417 10.71177 10.72175 10.79105 10.89586 10.9568 10.93703 10.83983 10.78137 10.9112 11.19459 11.50527 11.80006 12.10938 12.44337 12.78718 13.09768 13.41007 13.69172 13.82736 13.58347 13.04971 12.42837 11.88798 11.54037 11.48419 11.64309
10.67795 10.68383 10.68781 10.69672 10.70013 10.70504 10.71077 10.71316 10.71743 10.72043 10.7197 10.72599 10.73278 10.74973 10.77466 10.80568 10.83649 10.86754 10.87746 10.88535 10.89327 10.89347 10.89781 10.89908 10.89934 10.8878 10.87459 10.8684 10.85937 10.85284 10.84152 10.82329 10.80602 10.76966 10.71637 10.67115 10.68943 10.71444 10.71969 10.79648 10.93576 11.05256 11.08581 10.99148 10.80756 10.79159 11.01898 11.38309 11.75084 12.12038 12.50966 12.92969 13.30235 13.59808 13.83662 13.95293 13.76024 13.25978 12.64902 12.12335 11.81923 11.77175 11.87557
10.66638 10.67339 10.67771 10.68578 10.69677 10.70767 10.70548 10.7066 10.70897 10.71007 10.7084 10.70441 10.70942 10.7265 10.75058 10.77707 10.80297 10.82179 10.84086 10.8391 10.85504 10.85624 10.86504 10.87603 10.87921 10.87025 10.86378 10.85222 10.842 10.83374 10.82912 10.80932 10.78339 10.75607 10.70341 10.65152 10.63623 10.67633 10.7149 10.81614 10.99127 11.18574 11.29259 11.22782 10.98847 10.7477 10.82446 11.1611 11.5974 12.02777 12.46654 12.94219 13.40441 13.77293 14.01163 14.10891 13.8966 13.38409 12.78351 12.29733 12.09734 12.07941 12.17487
10.63964 10.64978 10.66085 10.67063 10.67992 10.6948 10.70665 10.70872 10.70835 10.70177 10.70069 10.69695 10.6923 10.70578 10.72406 10.74426 10.76469 10.7725 10.78969 10.79091 10.79777 10.81062 10.82662 10.84428 10.86105 10.85126 10.84426 10.82903 10.82196 10.80552 10.80048 10.78876 10.76681 10.7396 10.69464 10.62617 10.56032 10.60026 10.66328 10.78148 11.01431 11.29912 11.51432 11.54138 11.31507 10.93508 10.74556 10.92167 11.31248 11.75644 12.22584 12.7139 13.23796 13.709 14.04637 14.18617 13.97791 13.45278 12.83867 12.39212 12.2564 12.30029 12.4167
10.62549 10.63755 10.64925 10.66062 10.66806 10.6722 10.68244 10.68767 10.69661 10.70247 10.70584 10.69874 10.69207 10.68651 10.69999 10.71514 10.73325 10.74393 10.75672 10.75394 10.73552 10.75997 10.7883 10.80983 10.83032 10.82235 10.81778 10.80507 10.79068 10.77365 10.76126 10.76065 10.74699 10.71631 10.67827 10.60744 10.50399 10.50097 10.56693 10.71492 10.96615 11.31165 11.64991 11.81932 11.70805 11.32516 10.96504 10.90571 11.11345 11.47545 11.93547 12.41507 12.93747 13.45685 13.90049 14.12996 14.00067 13.47774 12.86727 12.39319 12.25751 12.37607 12.52239
10.62552 10.6422 10.65418 10.66391 10.67498 10.67631 10.66987 10.68005 10.69197 10.69861 10.70458 10.70453 10.69411 10.68611 10.69371 10.70685 10.7212 10.73668 10.75104 10.74093 10.7144 10.72509 10.74873 10.77795 10.79101 10.79496 10.78582 10.77575 10.76659 10.74166 10.72455 10.7185 10.70956 10.68561 10.64494 10.57052 10.45423 10.41569 10.47004 10.63292 10.88908 11.24473 11.63299 11.94177 12.01366 11.74347 11.3781 11.2132 11.22973 11.45733 11.85337 12.30831 12.78576 13.27452 13.7366 14.03682 13.99551 13.51847 12.89605 12.38273 12.1645 12.21797 12.37987
10.62599 10.64107 10.6523 10.66313 10.67567 10.68096 10.67743 10.68111 10.68523 10.69241 10.69796 10.69509 10.69028 10.69225 10.69027 10.6925 10.70388 10.71939 10.73449 10.73587 10.71818 10.71701 10.71945 10.73359 10.7534 10.74772 10.74483 10.73967 10.72756 10.7108 10.69619 10.68839 10.6751 10.65154 10.61153 10.52326 10.40714 10.31665 10.36113 10.52721 10.80294 11.15529 11.54366 11.91814 12.1335 12.04388 11.75669 11.58207 11.54996 11.6549 11.97553 12.36318 12.80007 13.25666 13.67866 13.99313 13.99263 13.58539 12.97474 12.38579 11.97919 11.9001 12.02531
10.64834 10.65287 10.66119 10.65729 10.65577 10.66356 10.6706 10.67577 10.67873 10.67468 10.66852 10.66949 10.66742 10.66342 10.663 10.6692 10.67779 10.68682 10.70358 10.7112 10.72046 10.72045 10.72304 10.70563 10.69051 10.68632 10.69281 10.69382 10.68649 10.67713 10.66331 10.65801 10.64247 10.61783 10.57895 10.49852 10.34124 10.20981 10.24033 10.4023 10.69134 11.03497 11.41976 11.81076 12.09892 12.15049 11.98083 11.83777 11.83202 11.91629 12.12141 12.46112 12.8456 13.26732 13.65718 13.9615 14.00548 13.67257 13.08197 12.43636 11.88363 11.61958 11.61473
10.68094 10.68083 10.68214 10.6728 10.64806 10.64147 10.65088 10.65677 10.65602 10.65383 10.64682 10.63771 10.63327 10.63122 10.63626 10.64339 10.647 10.65491 10.66519 10.68294 10.69907 10.71665 10.72799 10.71799 10.66515 10.63559 10.63697 10.64268 10.64351 10.63272 10.6264 10.6177 10.60629 10.58469 10.54314 10.46784 10.31965 10.15474 10.13015 10.2582 10.51974 10.84087 11.1968 11.58189 11.89066 12.02478 11.96377 11.8639 11.92804 12.05374 12.23671 12.50511 12.81032 13.16665 13.5349 13.83218 13.93921 13.711 13.21425 12.57261 11.95679 11.50224 11.29287
10.69958 10.70777 10.71545 10.71724 10.66939 10.62344 10.62068 10.6371 10.64468 10.65102 10.65393 10.63818 10.62296 10.61469 10.61721 10.62271 10.62682 10.62443 10.62562 10.64197 10.66434 10.6853 10.70175 10.70119 10.66489 10.62891 10.61222 10.60152 10.58749 10.5781 10.57887 10.57147 10.55353 10.53979 10.50628 10.43274 10.30341 10.13945 10.05619 10.11599 10.30709 10.60326 10.93707 11.30548 11.61626 11.7795 11.78501 11.74179 11.81038 11.96549 12.12667 12.33056 12.61138 12.93153 13.29663 13.6114 13.7711 13.65057 13.26313 12.71866 12.14578 11.59874 11.20937
10.70843 10.7205 10.73359 10.74271 10.72238 10.66521 10.61827 10.6158 10.63022 10.64763 10.66159 10.65334 10.62252 10.60896 10.61123 10.61618 10.61178 10.60706 10.60653 10.59984 10.62091 10.63791 10.65263 10.65208 10.63759 10.60722 10.58555 10.56496 10.55228 10.52827 10.52512 10.52591 10.50804 10.49235 10.46558 10.40219 10.29115 10.15916 10.04761 10.04379 10.16134 10.42476 10.73842 11.05554 11.34703 11.51651 11.57986 11.58724 11.64263 11.77767 11.92603 12.12053 12.4045 12.74856 13.11673 13.42859 13.57489 13.47175 13.21794 12.82061 12.34086 11.82894 11.35598
10.71189 10.72377 10.73972 10.75108 10.75664 10.71118 10.65775 10.63229 10.62924 10.63768 10.64499 10.64077 10.6303 10.62309 10.62027 10.61759 10.60963 10.6057 10.5943 10.57868 10.58366 10.60149 10.60345 10.60313 10.58496 10.56911 10.5508 10.52567 10.4893 10.46438 10.45333 10.4542 10.4425 10.41358 10.41388 10.36586 10.26473 10.16445 10.1027 10.07382 10.12518 10.32443 10.598 10.87944 11.1596 11.37209 11.51078 11.59573 11.66984 11.79046 11.94362 12.12232 12.36542 12.69792 13.04829 13.34638 13.44728 13.30931 13.08983 12.80506 12.48132 12.1017 11.68122
10.70639 10.72313 10.74868 10.76308 10.76388 10.74473 10.70103 10.67495 10.65903 10.63176 10.62374 10.6221 10.62163 10.62138 10.61979 10.60826 10.6022 10.60063 10.59659 10.58211 10.58414 10.59379 10.60021 10.59342 10.56099 10.54191 10.52899 10.49341 10.44743 10.40624 10.38349 10.37324 10.34387 10.31707 10.33267 10.30108 10.21555 10.12966 10.10044 10.12151 10.17532 10.30747 10.52752 10.8162 11.10957 11.3582 11.53249 11.66697 11.79018 11.92055 12.07394 12.25861 12.46236 12.72202 13.04007 13.33012 13.426 13.29087 13.0055 12.71345 12.44988 12.19777 11.93113
10.69619 10.7122 10.72705 10.75631 10.76271 10.75201 10.73443 10.71731 10.70518 10.65621 10.5971 10.5947 10.59774 10.59931 10.59689 10.58609 10.5842 10.58521 10.5886 10.58424 10.59142 10.59143 10.59875 10.59132 10.5636 10.54038 10.51392 10.47639 10.43415 10.39197 10.34726 10.3215 10.27853 10.2346 10.23491 10.19824 10.1302 10.06006 10.03152 10.07565 10.16392 10.30357 10.4973 10.7427 11.02458 11.29325 11.48091 11.62031 11.75422 11.90181 12.08301 12.30602 12.53612 12.7618 12.98505 13.19334 13.36764 13.34795 13.12114 12.7951 12.45004 12.15839 11.93014
10.69391 10.70603 10.71659 10.73397 10.75115 10.75069 10.74707 10.74378 10.73583 10.6991 10.61476 10.5717 10.57035 10.56428 10.56531 10.56563 10.56631 10.56107 10.56045 10.57221 10.57443 10.57087 10.5658 10.56036 10.5495 10.52065 10.49292 10.46527 10.43699 10.40348 10.36533 10.33852 10.28689 10.20726 10.1899 10.14564 10.06689 9.991332 9.93928 9.971402 10.06141 10.19046 10.3641 10.60098 10.87248 11.13358 11.32652 11.48076 11.65667 11.84641 12.04446 12.25872 12.50388 12.70753 12.85463 12.97045 13.14484 13.25653 13.21842 13.03652 12.70295 12.29774 11.94816
10.70913 10.7186 10.72425 10.72411 10.73787 10.75095 10.75565 10.75993 10.74778 10.725 10.66917 10.59328 10.55246 10.54763 10.54781 10.55672 10.5617 10.55371 10.53987 10.53955 10.54564 10.55155 10.54958 10.55005 10.54542 10.51182 10.49141 10.47533 10.44708 10.41273 10.36076 10.32061 10.29377 10.23522 10.19173 10.13842 10.04757 9.9453 9.862811 9.852872 9.911588 10.01651 10.17546 10.38234 10.64266 10.91324 11.14996 11.39373 11.62161 11.8488 12.06739 12.24551 12.40722 12.56588 12.68004 12.73013 12.80951 12.92845 13.0159 13.08195 12.9842 12.658 12.24069
10.71313 10.73153 10.74719 10.73536 10.73612 10.7543 10.7651 10.76876 10.76206 10.7435 10.69651 10.64263 10.58419 10.55499 10.54865 10.55848 10.57699 10.58704 10.56121 10.53769 10.54348 10.55079 10.55972 10.56691 10.55764 10.53319 10.51962 10.49854 10.4778 10.43166 10.36904 10.29834 10.24543 10.20893 10.16481 10.10644 10.01449 9.909168 9.816717 9.780042 9.799955 9.88058 10.04008 10.21719 10.45337 10.744 11.02421 11.30218 11.57795 11.84612 12.09445 12.24784 12.2767 12.39683 12.55734 12.56425 12.52 12.54832 12.6166 12.79898 12.98934 12.95247 12.66975
10.70369 10.72651 10.74289 10.74481 10.7442 10.75316 10.77225 10.77957 10.77088 10.75352 10.71358 10.6655 10.61061 10.5735 10.56337 10.56103 10.56701 10.58861 10.58561 10.56627 10.56817 10.57034 10.57351 10.57921 10.57474 10.56329 10.55694 10.54026 10.50684 10.47398 10.41602 10.33757 10.23 10.17387 10.13749 10.05508 9.95037 9.860224 9.7905 9.732161 9.726133 9.790128 9.927813 10.10747 10.33157 10.61326 10.90032 11.19303 11.4922 11.78664 12.05578 12.2155 12.17614 12.21505 12.42561 12.53907 12.41233 12.25663 12.19902 12.35043 12.66122 12.90997 12.89999
10.69654 10.7138 10.7362 10.7451 10.75071 10.75463 10.76357 10.77556 10.76968 10.7548 10.72031 10.6716 10.63774 10.60396 10.58635 10.57234 10.55499 10.56169 10.57343 10.57423 10.58635 10.59553 10.58564 10.58386 10.58727 10.58642 10.58491 10.57703 10.56161 10.53838 10.49762 10.41438 10.30961 10.23437 10.19081 10.09061 9.946534 9.838248 9.781142 9.731001 9.673435 9.666449 9.762046 9.92525 10.14543 10.4307 10.73911 11.0265 11.34301 11.67727 11.9959 12.17669 12.10357 12.03696 12.23597 12.521 12.49972 12.23304 11.95155 11.93141 12.21978 12.58947 12.80414
10.69733 10.71666 10.73184 10.74089 10.75102 10.76082 10.76288 10.76188 10.75938 10.74689 10.72416 10.68895 10.65417 10.6301 10.6193 10.60534 10.57327 10.55387 10.55681 10.561 10.56959 10.60275 10.60462 10.59623 10.60042 10.60143 10.60249 10.60748 10.61705 10.609 10.57076 10.49058 10.3984 10.35734 10.33086 10.23479 10.06439 9.914221 9.824988 9.801873 9.739873 9.651692 9.643097 9.743406 9.93936 10.19828 10.50288 10.80622 11.15427 11.53468 11.9121 12.13328 12.05262 11.90593 12.01432 12.3754 12.58728 12.39672 11.99363 11.71609 11.84275 12.21585 12.55608
10.70824 10.71896 10.72937 10.74299 10.75578 10.76373 10.7647 10.75911 10.75505 10.7427 10.72952 10.70244 10.67107 10.64542 10.63373 10.63099 10.60307 10.57357 10.5666 10.5592 10.5496 10.55678 10.58454 10.59197 10.59732 10.61051 10.617 10.63286 10.66654 10.70056 10.67153 10.57649 10.47343 10.45113 10.45728 10.4134 10.26156 10.05095 9.889482 9.88693 9.876942 9.792698 9.710951 9.695535 9.818105 10.02544 10.28823 10.5894 10.97537 11.37274 11.75842 12.01144 11.98974 11.79889 11.81603 12.15034 12.50453 12.51439 12.13842 11.73615 11.6126 11.91731 12.3532
10.7089 10.72535 10.74168 10.75075 10.76221 10.76583 10.76213 10.75928 10.75079 10.74025 10.72882 10.70931 10.68818 10.65579 10.62712 10.62432 10.6167 10.60137 10.58998 10.58949 10.56288 10.53596 10.55722 10.57191 10.58169 10.59668 10.60803 10.63637 10.69992 10.76602 10.78089 10.68751 10.55744 10.53182 10.545 10.56002 10.454 10.22606 9.976306 9.918743 9.963317 9.942413 9.880375 9.822254 9.844367 9.989476 10.16407 10.40373 10.74702 11.14836 11.55483 11.85768 11.87586 11.7054 11.65457 11.95228 12.34835 12.47328 12.18871 11.78998 11.54259 11.72187 12.18401
