py_wake/examples/data/AJ_ParqueFicticio/Rough survey   Sector 5   Height 200m   Weibull-k.grd
DSAA
73  159
 258469   265669
 6501692   6517492
 2.541016   2.994141
[rows 28 to 55 of 159, columns 0 to 62 of 73]
2.994141 2.994141 2.994141 2.994141 2.994141 2.994141 2.994141 2.994141 2.994141 2.994141 2.994141 2.990234 2.990234 2.990234 2.990234 2.990234 2.986328 2.986328 2.986328 2.986328 2.986328 2.986328 2.986328 2.986328 2.990234 2.990234 2.990234 2.990234 2.990234 2.990234 2.990234 2.990234 2.990234 2.990234 2.990234 2.990234 2.990234 2.990234 2.990234 2.986328 2.986328 2.986328 2.982422 2.974609 2.962891 2.951172 2.947266 2.939453 2.927734 2.916016 2.908203 2.892578 2.873047 2.853516 2.837891 2.818359 2.802734 2.802734 2.833984 2.873047 2.912109 2.939453 2.951172
2.994141 2.994141 2.994141 2.994141 2.994141 2.994141 2.994141 2.994141 2.994141 2.994141 2.994141 2.994141 2.990234 2.990234 2.990234 2.990234 2.990234 2.986328 2.986328 2.986328 2.990234 2.990234 2.990234 2.990234 2.990234 2.990234 2.990234 2.990234 2.990234 2.990234 2.990234 2.990234 2.990234 2.990234 2.986328 2.986328 2.986328 2.986328 2.986328 2.986328 2.986328 2.986328 2.986328 2.982422 2.974609 2.966797 2.958984 2.955078 2.947266 2.939453 2.927734 2.908203 2.888672 2.865234 2.845703 2.826172 2.810547 2.818359 2.853516 2.896484 2.931641 2.955078 2.958984
2.994141 2.994141 2.994141 2.994141 2.994141 2.994141 2.994141 2.994141 2.994141 2.994141 2.994141 2.994141 2.994141 2.990234 2.990234 2.990234 2.990234 2.990234 2.990234 2.986328 2.990234 2.990234 2.990234 2.990234 2.990234 2.990234 2.990234 2.990234 2.990234 2.990234 2.990234 2.990234 2.990234 2.986328 2.986328 2.986328 2.986328 2.986328 2.986328 2.986328 2.986328 2.986328 2.986328 2.986328 2.982422 2.978516 2.970703 2.970703 2.962891 2.955078 2.943359 2.923828 2.900391 2.873047 2.849609 2.830078 2.818359 2.830078 2.869141 2.912109 2.947266 2.962891 2.962891
2.994141 2.994141 2.994141 2.994141 2.994141 2.994141 2.994141 2.994141 2.994141 2.994141 2.994141 2.994141 2.994141 2.990234 2.990234 2.990234 2.990234 2.990234 2.990234 2.990234 2.990234 2.990234 2.990234 2.990234 2.990234 2.990234 2.990234 2.990234 2.990234 2.990234 2.990234 2.990234 2.986328 2.986328 2.986328 2.986328 2.986328 2.986328 2.986328 2.982422 2.982422 2.982422 2.986328 2.986328 2.986328 2.986328 2.982422 2.974609 2.966797 2.958984 2.943359 2.927734 2.900391 2.873047 2.845703 2.822266 2.818359 2.837891 2.880859 2.923828 2.955078 2.966797 2.958984
2.994141 2.994141 2.994141 2.994141 2.994141 2.994141 2.994141 2.994141 2.994141 2.994141 2.994141 2.994141 2.994141 2.994141 2.994141 2.990234 2.990234 2.990234 2.990234 2.990234 2.990234 2.990234 2.990234 2.990234 2.990234 2.990234 2.990234 2.990234 2.990234 2.990234 2.990234 2.986328 2.986328 2.986328 2.986328 2.986328 2.986328 2.982422 2.982422 2.982422 2.982422 2.982422 2.986328 2.986328 2.986328 2.986328 2.986328 2.978516 2.966797 2.951172 2.931641 2.912109 2.888672 2.857422 2.833984 2.814453 2.814453 2.845703 2.888672 2.935547 2.962891 2.970703 2.955078
2.994141 2.994141 2.994141 2.994141 2.994141 2.994141 2.994141 2.994141 2.994141 2.994141 2.994141 2.994141 2.994141 2.994141 2.994141 2.994141 2.990234 2.990234 2.990234 2.990234 2.990234 2.990234 2.990234 2.990234 2.990234 2.990234 2.990234 2.990234 2.990234 2.990234 2.990234 2.986328 2.986328 2.986328 2.986328 2.986328 2.982422 2.982422 2.982422 2.982422 2.982422 2.982422 2.986328 2.986328 2.990234 2.990234 2.986328 2.978516 2.966797 2.951172 2.927734 2.900391 2.873047 2.845703 2.822266 2.810547 2.822266 2.857422 2.904297 2.947266 2.974609 2.974609 2.951172
2.994141 2.994141 2.994141 2.994141 2.994141 2.994141 2.994141 2.994141 2.994141 2.994141 2.994141 2.994141 2.994141 2.994141 2.994141 2.990234 2.990234 2.990234 2.990234 2.990234 2.990234 2.990234 2.990234 2.990234 2.990234 2.990234 2.990234 2.990234 2.990234 2.990234 2.986328 2.986328 2.986328 2.986328 2.986328 2.982422 2.982422 2.982422 2.978516 2.978516 2.978516 2.982422 2.986328 2.990234 2.990234 2.990234 2.990234 2.986328 2.974609 2.958984 2.939453 2.912109 2.880859 2.853516 2.826172 2.818359 2.837891 2.876953 2.927734 2.966797 2.986328 2.978516 2.958984
2.994141 2.994141 2.994141 2.994141 2.994141 2.990234 2.990234 2.990234 2.990234 2.990234 2.990234 2.994141 2.994141 2.994141 2.994141 2.990234 2.990234 2.990234 2.990234 2.994141 2.990234 2.990234 2.990234 2.990234 2.990234 2.990234 2.990234 2.990234 2.990234 2.990234 2.986328 2.986328 2.986328 2.986328 2.986328 2.982422 2.982422 2.978516 2.978516 2.974609 2.978516 2.982422 2.986328 2.990234 2.994141 2.994141 2.994141 2.994141 2.990234 2.978516 2.958984 2.935547 2.908203 2.876953 2.853516 2.841797 2.861328 2.904297 2.951172 2.986328 2.994141 2.990234 2.970703
2.994141 2.994141 2.994141 2.990234 2.990234 2.990234 2.990234 2.990234 2.990234 2.990234 2.990234 2.990234 2.994141 2.994141 2.990234 2.990234 2.990234 2.990234 2.990234 2.994141 2.990234 2.990234 2.990234 2.990234 2.990234 2.990234 2.990234 2.990234 2.990234 2.990234 2.986328 2.986328 2.986328 2.986328 2.986328 2.982422 2.982422 2.978516 2.974609 2.974609 2.974609 2.978516 2.986328 2.990234 2.994141 2.994141 2.994141 2.994141 2.994141 2.986328 2.970703 2.947266 2.923828 2.896484 2.873047 2.861328 2.880859 2.923828 2.966797 2.994141 2.994141 2.994141 2.994141
2.994141 2.994141 2.994141 2.990234 2.990234 2.990234 2.990234 2.990234 2.990234 2.990234 2.990234 2.990234 2.990234 2.994141 2.990234 2.990234 2.990234 2.990234 2.990234 2.990234 2.990234 2.990234 2.990234 2.990234 2.990234 2.990234 2.990234 2.990234 2.990234 2.990234 2.986328 2.986328 2.986328 2.986328 2.986328 2.982422 2.982422 2.978516 2.974609 2.970703 2.974609 2.978516 2.982422 2.990234 2.994141 2.994141 2.994141 2.994141 2.994141 2.982422 2.966797 2.943359 2.919922 2.896484 2.880859 2.873047 2.888672 2.931641 2.982422 2.994141 2.994141 2.994141 2.994141
2.994141 2.994141 2.990234 2.990234 2.990234 2.990234 2.990234 2.990234 2.990234 2.990234 2.990234 2.990234 2.990234 2.990234 2.990234 2.990234 2.990234 2.990234 2.990234 2.990234 2.994141 2.990234 2.990234 2.990234 2.990234 2.990234 2.990234 2.990234 2.990234 2.990234 2.986328 2.986328 2.986328 2.986328 2.986328 2.982422 2.978516 2.978516 2.974609 2.970703 2.974609 2.978516 2.982422 2.986328 2.990234 2.994141 2.994141 2.994141 2.994141 2.978516 2.958984 2.935547 2.912109 2.892578 2.876953 2.873047 2.892578 2.939453 2.986328 2.994141 2.994141 2.994141 2.994141
2.994141 2.990234 2.990234 2.990234 2.990234 2.990234 2.990234 2.990234 2.990234 2.986328 2.986328 2.990234 2.990234 2.990234 2.990234 2.990234 2.990234 2.990234 2.990234 2.994141 2.994141 2.994141 2.994141 2.990234 2.990234 2.990234 2.990234 2.990234 2.990234 2.990234 2.990234 2.990234 2.986328 2.986328 2.986328 2.986328 2.982422 2.978516 2.974609 2.974609 2.978516 2.982422 2.986328 2.986328 2.990234 2.990234 2.994141 2.994141 2.994141 2.994141 2.966797 2.947266 2.923828 2.904297 2.884766 2.880859 2.900391 2.939453 2.982422 2.994141 2.994141 2.994141 2.994141
2.994141 2.990234 2.990234 2.990234 2.990234 2.990234 2.990234 2.990234 2.986328 2.986328 2.986328 2.990234 2.990234 2.990234 2.990234 2.990234 2.990234 2.990234 2.990234 2.994141 2.994141 2.994141 2.994141 2.994141 2.990234 2.990234 2.990234 2.990234 2.990234 2.990234 2.990234 2.990234 2.990234 2.986328 2.986328 2.986328 2.982422 2.982422 2.978516 2.978516 2.982422 2.986328 2.986328 2.990234 2.990234 2.990234 2.990234 2.994141 2.994141 2.994141 2.994141 2.970703 2.947266 2.923828 2.904297 2.892578 2.904297 2.935547 2.970703 2.994141 2.994141 2.994141 2.994141
2.994141 2.990234 2.990234 2.990234 2.990234 2.990234 2.990234 2.986328 2.986328 2.986328 2.986328 2.986328 2.990234 2.990234 2.990234 2.990234 2.990234 2.990234 2.994141 2.994141 2.994141 2.994141 2.994141 2.994141 2.994141 2.990234 2.990234 2.990234 2.990234 2.990234 2.990234 2.990234 2.990234 2.990234 2.990234 2.986328 2.986328 2.982422 2.982422 2.986328 2.986328 2.990234 2.990234 2.990234 2.990234 2.990234 2.990234 2.990234 2.994141 2.994141 2.994141 2.990234 2.966797 2.943359 2.916016 2.900391 2.900391 2.923828 2.951172 2.982422 2.994141 2.994141 2.994141
2.990234 2.990234 2.986328 2.986328 2.986328 2.986328 2.986328 2.986328 2.986328 2.986328 2.986328 2.986328 2.986328 2.990234 2.990234 2.990234 2.990234 2.990234 2.994141 2.994141 2.994141 2.994141 2.994141 2.994141 2.994141 2.994141 2.990234 2.990234 2.990234 2.990234 2.990234 2.990234 2.990234 2.990234 2.990234 2.990234 2.990234 2.986328 2.990234 2.990234 2.990234 2.994141 2.994141 2.994141 2.994141 2.994141 2.994141 2.994141 2.994141 2.994141 2.994141 2.986328 2.962891 2.935547 2.912109 2.892578 2.888672 2.904297 2.931641 2.958984 2.982422 2.994141 2.994141
2.990234 2.986328 2.986328 2.982422 2.982422 2.986328 2.986328 2.986328 2.986328 2.982422 2.986328 2.986328 2.986328 2.990234 2.990234 2.990234 2.990234 2.990234 2.994141 2.994141 2.994141 2.994141 2.994141 2.994141 2.994141 2.994141 2.994141 2.994141 2.994141 2.990234 2.990234 2.990234 2.990234 2.990234 2.990234 2.990234 2.990234 2.990234 2.990234 2.994141 2.994141 2.994141 2.994141 2.994141 2.994141 2.994141 2.994141 2.994141 2.994141 2.994141 2.982422 2.962891 2.935547 2.912109 2.884766 2.869141 2.869141 2.888672 2.916016 2.947266 2.962891 2.978516 2.986328
2.990234 2.990234 2.986328 2.982422 2.982422 2.986328 2.986328 2.986328 2.986328 2.986328 2.986328 2.986328 2.990234 2.990234 2.990234 2.990234 2.990234 2.990234 2.990234 2.994141 2.994141 2.994141 2.994141 2.994141 2.994141 2.994141 2.994141 2.994141 2.994141 2.994141 2.994141 2.994141 2.994141 2.994141 2.994141 2.994141 2.994141 2.994141 2.994141 2.994141 2.994141 2.994141 2.994141 2.994141 2.994141 2.986328 2.982422 2.982422 2.974609 2.962891 2.951172 2.931641 2.912109 2.888672 2.865234 2.853516 2.853516 2.876953 2.908203 2.935547 2.955078 2.966797 2.974609
2.990234 2.986328 2.986328 2.982422 2.982422 2.986328 2.986328 2.986328 2.982422 2.986328 2.986328 2.986328 2.990234 2.990234 2.990234 2.990234 2.986328 2.990234 2.990234 2.990234 2.990234 2.990234 2.990234 2.990234 2.994141 2.994141 2.994141 2.994141 2.994141 2.994141 2.994141 2.994141 2.994141 2.994141 2.994141 2.994141 2.994141 2.994141 2.994141 2.994141 2.994141 2.994141 2.994141 2.994141 2.986328 2.978516 2.978516 2.978516 2.970703 2.958984 2.943359 2.927734 2.908203 2.888672 2.869141 2.853516 2.857422 2.876953 2.900391 2.927734 2.947266 2.958984 2.966797
2.990234 2.986328 2.986328 2.982422 2.982422 2.986328 2.986328 2.982422 2.982422 2.982422 2.982422 2.986328 2.986328 2.990234 2.986328 2.986328 2.986328 2.986328 2.990234 2.990234 2.990234 2.990234 2.986328 2.990234 2.990234 2.994141 2.994141 2.994141 2.994141 2.994141 2.994141 2.994141 2.994141 2.994141 2.994141 2.994141 2.994141 2.994141 2.994141 2.994141 2.994141 2.994141 2.994141 2.994141 2.994141 2.994141 2.990234 2.990234 2.982422 2.970703 2.955078 2.935547 2.916016 2.896484 2.880859 2.869141 2.869141 2.880859 2.900391 2.919922 2.939453 2.951172 2.962891
2.990234 2.986328 2.986328 2.982422 2.982422 2.982422 2.982422 2.978516 2.978516 2.978516 2.982422 2.986328 2.986328 2.990234 2.986328 2.986328 2.986328 2.986328 2.990234 2.990234 2.986328 2.986328 2.986328 2.986328 2.990234 2.990234 2.990234 2.994141 2.994141 2.994141 2.994141 2.994141 2.994141 2.994141 2.994141 2.994141 2.994141 2.994141 2.994141 2.994141 2.994141 2.994141 2.994141 2.994141 2.994141 2.994141 2.994141 2.990234 2.978516 2.966797 2.951172 2.935547 2.919922 2.904297 2.892578 2.888672 2.888672 2.896484 2.908203 2.919922 2.927734 2.939453 2.947266
2.986328 2.986328 2.982422 2.982422 2.982422 2.982422 2.978516 2.978516 2.978516 2.978516 2.982422 2.986328 2.986328 2.990234 2.986328 2.986328 2.986328 2.986328 2.986328 2.986328 2.986328 2.986328 2.986328 2.982422 2.986328 2.986328 2.986328 2.990234 2.990234 2.990234 2.994141 2.994141 2.994141 2.994141 2.994141 2.994141 2.994141 2.994141 2.994141 2.994141 2.994141 2.994141 2.994141 2.994141 2.994141 2.994141 2.986328 2.974609 2.966797 2.955078 2.939453 2.927734 2.912109 2.900391 2.892578 2.888672 2.896484 2.908203 2.923828 2.927734 2.927734 2.931641 2.931641
2.986328 2.982422 2.982422 2.982422 2.982422 2.978516 2.978516 2.978516 2.974609 2.978516 2.982422 2.982422 2.986328 2.986328 2.986328 2.986328 2.986328 2.986328 2.986328 2.986328 2.986328 2.982422 2.982422 2.982422 2.982422 2.982422 2.982422 2.982422 2.986328 2.986328 2.986328 2.986328 2.990234 2.994141 2.994141 2.994141 2.994141 2.994141 2.994141 2.994141 2.994141 2.994141 2.994141 2.994141 2.994141 2.982422 2.978516 2.970703 2.962891 2.947266 2.931641 2.916016 2.904297 2.892578 2.880859 2.880859 2.888672 2.904297 2.923828 2.931641 2.931641 2.931641 2.931641
2.986328 2.982422 2.982422 2.982422 2.982422 2.978516 2.978516 2.974609 2.978516 2.978516 2.982422 2.986328 2.986328 2.986328 2.986328 2.986328 2.982422 2.982422 2.986328 2.986328 2.986328 2.982422 2.982422 2.982422 2.982422 2.982422 2.982422 2.978516 2.982422 2.978516 2.978516 2.982422 2.982422 2.982422 2.982422 2.986328 2.994141 2.994141 2.994141 2.994141 2.994141 2.994141 2.994141 2.994141 2.990234 2.982422 2.978516 2.970703 2.962891 2.943359 2.923828 2.904297 2.892578 2.884766 2.873047 2.869141 2.876953 2.892578 2.916016 2.931641 2.935547 2.935547 2.935547
2.986328 2.982422 2.982422 2.982422 2.982422 2.978516 2.978516 2.978516 2.978516 2.978516 2.982422 2.986328 2.986328 2.986328 2.986328 2.986328 2.986328 2.986328 2.986328 2.986328 2.986328 2.982422 2.982422 2.982422 2.982422 2.982422 2.978516 2.978516 2.978516 2.974609 2.974609 2.970703 2.974609 2.970703 2.970703 2.974609 2.978516 2.986328 2.990234 2.994141 2.994141 2.994141 2.994141 2.994141 2.994141 2.986328 2.978516 2.970703 2.955078 2.935547 2.908203 2.884766 2.880859 2.880859 2.876953 2.869141 2.865234 2.880859 2.904297 2.923828 2.931641 2.935547 2.935547
2.986328 2.982422 2.982422 2.982422 2.978516 2.978516 2.978516 2.978516 2.978516 2.982422 2.982422 2.986328 2.986328 2.986328 2.986328 2.986328 2.986328 2.986328 2.986328 2.986328 2.982422 2.982422 2.986328 2.986328 2.986328 2.982422 2.982422 2.978516 2.978516 2.974609 2.970703 2.970703 2.970703 2.966797 2.962891 2.962891 2.966797 2.974609 2.982422 2.986328 2.986328 2.990234 2.990234 2.990234 2.990234 2.982422 2.974609 2.962891 2.947266 2.919922 2.892578 2.873047 2.873047 2.880859 2.880859 2.873047 2.865234 2.873047 2.896484 2.919922 2.927734 2.931641 2.931641
2.982422 2.982422 2.982422 2.978516 2.978516 2.978516 2.978516 2.978516 2.978516 2.982422 2.982422 2.986328 2.986328 2.986328 2.986328 2.982422 2.986328 2.986328 2.986328 2.986328 2.986328 2.986328 2.986328 2.986328 2.986328 2.982422 2.982422 2.982422 2.978516 2.974609 2.970703 2.970703 2.970703 2.970703 2.966797 2.966797 2.970703 2.974609 2.982422 2.986328 2.986328 2.986328 2.986328 2.986328 2.982422 2.974609 2.962891 2.951172 2.931641 2.908203 2.880859 2.865234 2.869141 2.884766 2.888672 2.876953 2.869141 2.876953 2.896484 2.923828 2.931641 2.927734 2.919922
2.982422 2.982422 2.982422 2.978516 2.978516 2.978516 2.978516 2.978516 2.978516 2.982422 2.982422 2.986328 2.986328 2.986328 2.986328 2.986328 2.986328 2.986328 2.986328 2.986328 2.986328 2.986328 2.986328 2.986328 2.986328 2.986328 2.986328 2.982422 2.978516 2.974609 2.970703 2.970703 2.974609 2.974609 2.974609 2.974609 2.978516 2.982422 2.990234 2.994141 2.994141 2.990234 2.990234 2.986328 2.978516 2.966797 2.955078 2.943359 2.923828 2.900391 2.876953 2.857422 2.865234 2.884766 2.896484 2.884766 2.873047 2.876953 2.900391 2.927734 2.939453 2.931641 2.916016
2.982422 2.982422 2.978516 2.978516 2.978516 2.978516 2.978516 2.978516 2.978516 2.982422 2.982422 2.982422 2.982422 2.986328 2.986328 2.986328 2.986328 2.986328 2.986328 2.982422 2.986328 2.986328 2.986328 2.986328 2.986328 2.986328 2.986328 2.986328 2.982422 2.978516 2.974609 2.978516 2.982422 2.986328 2.986328 2.986328 2.986328 2.994141 2.994141 2.994141 2.994141 2.994141 2.994141 2.990234 2.982422 2.962891 2.947266 2.935547 2.919922 2.896484 2.869141 2.853516 2.865234 2.888672 2.904297 2.888672 2.869141 2.869141 2.896484 2.927734 2.947266 2.939453 2.916016
