py_wake/examples/data/AJ_ParqueFicticio/Rough survey   Sector 12   Height 30m   Power density.grd
DSAA
73  159
 258469   265669
 6501692   6517492
 .01056863   660.7155
[rows 56 to 83 of 159, columns 0 to 62 of 73]
72.05043 75.99886 75.33158 75.06243 75.21176 76.02322 75.94704 75.99097 75.11655 75.12984 74.68717 75.1154 74.69289 71.85356 71.45155 71.34431 72.14809 72.31766 70.67143 68.93793 73.67669 70.97511 65.41206 64.90589 66.49321 67.6307 69.93546 77.29835 87.56275 98.59503 108.289 106.7977 87.94297 99.51251 102.4764 100.5698 105.8961 98.46833 72.60689 63.3245 72.80058 94.15363 83.0883 71.82471 54.30892 39.27064 32.03145 28.82839 32.99642 50.98511 71.9911 106.2714 105.3535 85.84736 74.69029 82.07897 109.2471 125.8093 112.3664 94.22763 90.92754 81.37615 115.1551
69.48627 74.59151 71.99104 72.20863 74.26087 77.28873 76.79042 76.14574 75.07906 74.01962 73.47827 73.25078 73.1232 76.45879 76.76052 73.48006 73.04835 72.34182 71.45485 71.53284 74.78312 72.25452 67.0724 68.32313 68.98733 67.27126 69.22476 76.83087 81.18904 96.18147 102.7694 111.5929 113.2612 104.8714 107.1409 107.7216 89.85776 97.02963 87.40067 70.95612 71.97517 77.69535 77.79864 69.70625 57.95258 46.82322 36.01102 29.38693 29.60911 41.10271 64.53876 95.72965 101.6615 89.28522 94.90073 99.45265 137.7165 140.0973 118.7485 76.47507 66.69848 68.5986 108.467
65.76311 68.10804 66.83185 66.30811 68.10629 74.4922 75.49818 74.53014 73.29627 71.87053 70.94093 70.76546 70.07565 71.9417 72.1394 73.05862 72.3254 71.32896 71.5431 71.33553 71.76149 72.5565 69.40869 71.05984 70.78503 69.14441 69.30059 68.35278 65.35039 62.46809 84.66652 83.03593 88.82628 94.92017 91.74712 87.08561 81.24164 73.94601 80.31649 68.78421 66.33601 65.59825 62.90686 62.14897 52.13411 45.05598 37.41709 27.95248 26.78491 34.70412 53.02866 76.6358 93.18257 82.47475 77.11194 92.95671 126.4717 157.0229 148.6698 107.2746 80.00583 70.47065 97.32758
69.12337 67.30605 65.34925 63.92867 61.28955 65.89915 72.5688 72.48048 70.63053 69.4241 68.69412 67.51665 68.21914 69.583 69.68642 69.73055 70.70661 70.5499 71.84002 69.70367 70.55793 73.25578 73.58134 75.52458 73.47729 72.21427 69.92731 64.05505 51.61435 42.68779 47.67985 54.01271 53.41074 49.19333 52.74368 57.477 63.00307 64.92992 68.17696 62.26859 56.0182 58.04376 56.47747 56.18754 57.01162 49.85241 40.43335 29.95075 19.72564 18.58978 38.22245 61.1384 80.04538 67.5406 57.79711 71.85645 101.7531 135.7401 141.364 131.7968 99.20963 76.24747 85.49458
76.2663 72.35735 69.74174 71.33095 65.78059 60.33996 66.13421 69.38902 68.11218 67.00295 66.33178 65.21922 64.63316 66.18508 66.80879 67.22832 69.6888 70.87231 71.76577 69.63621 68.96328 66.86552 69.03582 74.00257 75.11349 78.48566 76.21502 74.48028 67.89012 54.45601 45.48916 44.24673 44.23418 39.61646 35.17191 39.98719 44.27106 48.10723 50.61934 48.46081 43.80277 44.81791 53.54826 53.73457 62.10196 57.72808 52.9994 42.06182 25.24114 16.13133 21.64867 42.34548 70.02585 62.38535 49.14538 60.68994 93.56789 127.2943 127.2879 121.906 108.6587 91.23308 70.83778
80.41299 75.41935 74.25299 76.78267 73.47737 67.11122 63.13176 65.39677 65.36068 66.00435 65.41587 65.16059 64.75178 64.28116 64.49877 65.18563 68.52085 71.74328 70.28012 70.30547 69.85736 70.7631 70.70142 72.33989 74.3693 78.31622 81.29881 85.64839 87.778 78.47737 69.02299 54.39476 46.74435 45.69262 35.68341 36.54701 38.49587 40.04348 39.92024 39.80184 37.31585 34.96676 37.02151 49.15523 54.34583 59.69467 58.1689 59.25322 42.949 21.82358 14.7145 21.99247 59.08215 69.09614 50.69538 44.5312 86.47514 121.4522 120.471 114.8866 104.0672 88.66998 59.36777
81.11989 79.16911 79.89513 79.8576 78.49512 75.68668 70.51167 65.46971 65.25626 65.78584 65.85068 65.15199 65.18361 63.85833 63.37574 63.5719 65.09505 68.56019 66.95573 67.90469 68.80132 69.47738 69.48133 72.34003 76.73955 77.04569 81.72969 83.89965 91.44853 95.50536 95.62436 81.40937 69.89133 63.96576 49.83929 39.54032 37.61535 36.29093 33.95612 35.57777 34.94316 32.91432 35.77427 37.55019 53.11656 54.41608 53.87312 61.6868 68.04234 51.24556 24.01822 15.11177 41.48265 65.79353 60.11757 44.74423 64.536 109.5224 116.5398 117.6087 104.0626 90.35806 67.4
78.47814 79.87479 82.20426 82.19817 81.05637 77.96788 72.82096 67.49574 65.36761 65.54086 66.66193 66.36301 64.98935 63.90371 62.82235 62.36796 61.98097 62.50181 62.59176 62.95997 66.19808 67.11159 65.50851 67.88799 71.41872 71.70597 75.94389 77.78843 85.54414 94.35013 90.78606 90.6637 83.97926 75.91765 61.82813 44.67874 40.24592 36.63477 33.63129 31.45596 29.6875 27.87198 31.14289 34.36733 41.68578 54.36821 51.17408 54.64121 68.58086 78.22118 51.08029 20.70389 17.22961 39.57661 60.16934 47.1024 40.25492 81.36371 103.8991 103.7263 96.23215 95.26358 84.84624
75.25137 79.15987 81.1701 82.04086 81.07614 78.90353 73.78832 69.12487 65.33593 65.10283 65.44786 65.7641 65.3157 63.88242 63.05046 62.24395 62.8193 61.41072 60.72471 61.60378 64.51158 64.23921 62.94674 60.82161 59.98715 61.45351 65.71734 67.05516 74.26584 86.67113 89.03793 88.97186 87.74168 81.52818 68.20244 59.36443 47.29132 41.66973 37.62056 32.7891 28.25327 26.36525 23.07199 22.13791 35.1755 44.42099 49.6271 51.44873 59.96144 76.37794 69.51461 33.36197 14.30533 15.44113 40.80662 52.59406 38.20474 48.44498 58.3997 61.92035 60.74621 57.37775 73.6373
72.39674 75.70966 79.44031 80.68911 80.95114 79.24798 75.97236 71.2614 66.32612 64.79733 65.2722 64.89533 64.53288 63.91592 63.71386 62.40644 61.55716 61.12117 61.98949 62.80841 65.28754 64.54328 62.44682 61.02684 57.42109 54.50011 51.39293 50.59402 55.29794 62.98579 71.05788 78.58923 82.34667 80.52573 67.09801 62.05977 54.34435 42.70901 38.00801 34.4696 30.9653 28.76293 23.4211 20.58906 26.93211 40.29279 45.63042 49.67686 52.28848 67.58694 88.40366 69.15929 32.41864 13.18168 19.55953 44.39581 56.16344 55.1143 52.38379 40.6987 38.43789 32.91368 35.75843
71.42674 72.79989 77.58027 79.61205 79.40023 78.64519 76.89642 74.98846 72.56303 67.91625 65.6131 65.32915 64.67897 64.09428 64.20609 63.15246 61.91881 61.35215 62.56602 66.53445 66.64775 66.16526 66.36344 64.05127 59.45113 54.69135 49.99514 49.09818 45.90798 47.01988 53.1492 57.81501 68.4693 76.43565 68.31915 64.37064 59.88448 45.63639 35.39228 32.0154 29.63044 30.00135 22.84875 18.98306 19.20802 24.75934 38.77189 50.27025 46.20195 47.55772 84.61832 93.45517 73.59478 33.2752 17.53796 32.63802 63.25868 69.52281 81.39481 79.55444 53.70049 42.13443 28.59582
69.99805 71.9266 76.29183 78.25634 79.08207 77.12043 75.60311 75.31543 72.66375 69.28644 66.69698 65.50391 65.01667 64.1781 63.34705 62.43148 61.81582 60.97364 61.9328 64.79973 65.27736 66.3764 69.57852 67.33936 63.14883 58.13857 49.6441 49.39997 47.58009 46.13416 47.10162 49.96973 55.31701 65.63665 67.68368 65.10854 65.60828 59.31032 42.13231 34.77208 27.02046 22.1813 19.39094 15.73233 13.81197 20.10606 31.78778 48.56443 55.36015 52.50491 65.4382 100.2495 100.7013 78.8063 40.4216 31.84464 44.65744 81.05462 99.40949 111.8825 112.8758 88.22939 62.34123
68.58519 71.67729 76.81596 77.93035 77.9239 75.44721 74.28566 73.56582 72.14064 69.41108 66.91269 65.48148 65.16696 65.57616 64.29077 62.62214 60.80689 60.20207 62.20264 62.34472 62.01085 63.07487 68.57782 68.33898 67.2011 63.60907 61.28944 51.12384 47.92065 45.09894 43.10693 43.9913 49.04559 55.86778 62.62962 62.84154 65.54211 69.82793 57.721 44.43467 42.13697 30.52484 20.72573 16.59398 13.23058 14.62895 17.36 34.04355 40.41012 38.82919 59.19696 83.76609 88.9264 90.25153 77.16814 46.77925 46.63688 61.54548 80.46828 97.64669 113.9067 119.9033 106.1916
65.55772 67.72306 74.17709 77.20097 75.84687 74.72884 73.84845 73.13945 71.74326 69.44973 66.20879 64.26554 63.9138 65.25171 65.24018 63.1185 59.70402 59.94068 62.20962 61.59831 60.55653 61.87222 66.41628 67.28891 68.55783 67.2952 65.50607 60.71206 56.70745 48.89697 42.43804 38.14301 39.25301 46.32321 52.39454 59.12877 64.27386 67.91871 65.93829 59.02568 53.96454 52.00079 41.5195 27.68055 21.71349 16.52393 14.76968 18.41871 23.98302 22.81926 29.95511 54.79586 68.76733 66.51122 60.63227 53.92725 41.58851 46.70052 62.60997 76.93868 92.15514 108.9944 112.4981
61.73954 62.53685 67.74823 72.16028 71.6562 73.0024 74.47993 74.29807 72.11653 69.7203 65.85634 62.87292 61.56782 63.04079 64.68172 64.52985 64.51637 64.4595 62.78293 61.67252 62.05947 68.10175 66.89094 69.15366 68.87531 70.94051 67.51959 67.21284 65.58845 57.27371 52.04162 41.00657 33.4451 35.80072 42.83562 54.30288 60.80418 67.08534 73.28012 76.80417 72.0841 58.75192 52.74493 44.57441 34.49265 23.83806 19.59514 20.15612 22.73591 19.60807 15.0694 20.83007 32.66906 29.62606 33.53791 39.8046 48.1474 49.02402 59.63823 75.19244 88.83463 103.5433 107.6674
61.96119 60.74591 59.84435 63.5261 64.23142 68.82326 73.96684 74.05946 72.29846 69.61311 66.34211 64.67401 63.62794 61.6548 62.54163 63.48288 67.69695 64.53188 61.8916 61.41797 63.58237 68.01652 66.47191 74.42335 72.01993 73.87156 71.25394 71.31474 69.96302 71.68407 67.00559 51.05596 39.87178 34.25308 40.37389 50.09645 57.27283 64.81147 68.05535 69.76606 69.71208 62.2595 53.69408 52.60655 47.21041 38.57148 30.83766 28.12869 29.79203 29.79687 24.23962 19.87142 22.12221 20.20315 15.0517 19.53435 37.49464 51.7644 65.29797 80.06704 92.74803 104.3174 109.5823
66.25608 66.9043 65.72998 59.96748 59.56158 62.93914 72.08936 73.05294 71.66322 70.00784 69.10724 66.74956 63.61101 60.15261 58.2715 59.97404 64.61535 63.18144 60.93617 59.59153 60.28514 60.59888 61.37774 66.71519 72.26013 72.30663 75.67581 75.85454 75.68719 73.78339 70.1659 56.19629 42.36578 40.18472 41.66739 44.94164 52.0813 58.19138 62.74869 62.62415 67.42729 66.87045 63.10881 55.43695 50.31028 46.45038 40.55506 37.65918 41.5804 48.72658 59.78699 59.61927 60.53167 50.74059 19.0312 15.16223 21.32305 41.8647 58.943 76.7078 99.69696 108.9504 121.3434
71.98314 70.79756 67.28982 62.48333 58.32364 58.42122 67.29424 69.48595 68.60592 69.16891 68.53642 67.30825 63.53541 59.43372 54.53299 56.45921 61.0608 59.61605 57.88381 55.86143 54.26311 54.27922 53.57561 56.81135 62.54798 64.43221 71.64735 78.83362 88.60013 87.56168 77.60457 68.97239 52.00881 48.43073 47.45436 44.78859 45.01894 47.79978 53.6659 60.77787 66.51104 76.54855 77.17679 65.43745 57.88795 47.84104 39.32105 36.00567 39.97725 56.07014 63.88803 77.49756 89.39092 100.0558 69.50789 30.24936 20.48733 22.08126 41.88493 65.18274 83.54088 114.3485 142.9265
73.26366 71.82759 68.79063 66.06087 61.4125 55.93162 62.33552 63.73983 64.6867 67.17474 66.8516 66.09599 64.63529 61.07956 54.79176 52.14844 55.74424 56.06711 55.53117 53.65963 51.36152 49.23165 49.97221 52.0714 55.50464 58.19191 63.26253 73.54915 87.74423 90.21537 82.89413 76.92807 71.15779 58.23393 52.13504 48.74453 43.80245 41.99237 43.5491 48.21037 56.9511 74.12479 76.67116 73.29928 68.06734 58.36963 41.01525 30.16157 33.24181 39.90945 40.26086 51.95208 78.05956 90.13137 88.47761 58.43556 26.50523 16.5689 20.29291 41.79403 62.47928 76.35545 90.28271
70.9575 70.3647 69.48387 67.44836 67.83041 63.86873 59.52526 58.68092 61.18469 64.30783 64.24416 63.9864 63.62953 64.26942 61.5309 54.54483 53.56678 53.67385 54.69931 54.64295 51.71087 47.71195 46.76182 47.65811 51.54734 51.63391 53.63274 55.94242 66.65224 76.26601 72.73269 66.07262 60.67324 60.46735 53.86114 51.85454 49.88448 43.7973 41.47966 43.25235 42.94912 49.08695 51.51637 58.35879 49.65944 48.10165 34.74546 30.1516 25.91742 27.5889 30.30545 28.4852 29.40954 36.38891 51.75804 43.26301 23.56458 12.64717 11.99017 19.79059 32.45312 40.88941 49.82922
67.33364 67.42516 66.12909 66.08993 68.92307 67.37607 60.93295 58.5667 60.48066 61.19728 61.44538 61.24124 61.88544 63.24473 64.44322 58.98839 53.88769 52.8815 53.83841 55.3761 54.74818 50.69888 45.97644 44.49281 46.85585 46.6096 46.59777 44.29668 47.23903 58.73093 61.66326 57.1246 52.59949 52.24181 49.46608 48.89866 51.46287 44.33887 40.16272 44.4405 46.84982 42.29298 40.27332 40.19477 35.67649 32.4725 26.56009 21.91485 21.54716 24.51538 28.04816 29.20284 29.04491 26.33069 27.56293 27.78555 16.1645 10.66653 5.853791 6.04422 12.94585 18.54606 20.72875
64.77148 64.7729 62.86036 62.6577 65.21515 63.1604 60.07815 57.44693 58.35618 58.27566 59.08807 61.17217 60.49405 60.80806 61.62814 57.32087 53.61765 51.40999 52.17037 53.09309 54.63482 56.9356 53.57065 50.25088 48.1142 47.76953 45.68172 43.82235 42.86201 49.50702 53.45333 53.66507 49.64802 48.54333 47.14739 42.55823 40.81062 40.63571 38.14639 34.73726 38.62599 43.89699 42.45488 42.21234 48.72019 53.12346 52.81315 44.16685 35.40417 22.77731 29.4523 32.54337 37.41034 40.50241 38.96594 37.00575 27.75483 14.95783 14.91163 10.07787 8.584869 14.11816 17.39116
63.79105 61.34719 59.94445 59.22192 60.55194 60.06276 58.90067 56.04478 55.34659 55.33128 56.4015 58.76203 60.72707 60.44654 59.35019 56.82257 53.23727 49.66171 48.65089 48.12011 48.78607 54.36301 55.75169 54.55569 53.342 52.09019 51.54515 49.87986 49.86252 52.18093 53.70363 50.16394 48.42379 49.42533 50.68152 51.22188 50.10548 46.74675 49.92795 39.38362 36.43547 40.78568 41.46037 45.61293 50.37254 59.50716 70.74415 79.9559 74.65818 48.75283 31.75814 34.91354 44.49176 60.14301 68.49955 73.66015 66.62277 57.63737 50.63046 40.19932 33.62014 25.00505 30.05307
63.74358 60.2052 58.84392 58.49252 57.89095 57.89996 57.01178 55.54137 54.08015 53.36828 54.45556 55.75763 58.82737 59.06285 57.85456 56.66769 54.81434 51.89701 48.58983 45.45796 44.49349 45.26803 49.1652 52.76087 53.48541 56.02169 58.55901 65.33601 67.63943 59.24904 54.03259 48.98727 43.91266 47.78116 46.88171 46.27388 50.17953 53.12867 54.97627 52.85976 46.74482 42.01186 44.06868 45.5312 55.44425 57.96054 62.10322 66.08908 76.43156 72.53467 63.87711 55.39076 59.92789 70.97834 83.78434 86.2402 99.82072 100.9673 86.70566 75.7841 67.10494 64.15356 58.90699
63.21766 61.37766 57.95056 58.05526 57.78183 57.306 55.6984 55.56664 53.96633 53.30291 51.5071 51.80589 54.83952 55.25922 54.97534 55.37992 58.61032 57.37494 52.75753 48.3962 46.94588 44.38117 46.26723 47.56891 49.34356 52.71562 61.00695 73.78762 81.31282 74.85462 60.41771 50.40174 45.495 45.65423 42.60118 39.11171 40.07347 44.73485 48.49185 50.05058 52.55077 55.4684 53.21419 57.25271 62.06416 64.94843 62.33097 63.97701 75.44362 88.98775 92.99241 90.58314 84.76527 89.3605 85.36232 90.39466 87.78526 83.91364 81.24259 75.94186 71.51402 69.38534 67.83752
63.35331 62.99531 62.47606 58.91298 56.60957 55.87056 56.54863 55.30104 54.71409 53.01386 49.95706 46.89625 48.98987 48.77064 50.24027 54.90787 57.62107 57.07866 55.41903 53.86719 51.47292 50.34494 47.38696 44.6265 44.10591 43.82106 48.80497 59.55522 68.14549 69.62367 64.87004 54.02234 44.22599 43.36606 41.88851 40.15081 38.97853 42.82508 44.79315 47.33379 47.77498 47.25821 48.64004 53.73393 57.10506 63.06119 68.33594 76.53407 83.1742 89.76533 93.20277 92.93209 88.26372 81.16456 77.27583 75.75761 75.41232 72.53185 73.40695 72.42891 69.23711 69.32352 69.37303
59.68125 61.72372 61.77587 58.8495 55.77892 54.12321 53.38403 54.85804 53.98393 52.78117 50.76461 48.84078 44.20087 43.8655 42.66001 42.8805 48.65856 49.0276 52.02576 54.25371 51.82587 51.89238 49.50372 48.15408 43.11013 38.89231 36.89178 42.95082 53.61495 62.1315 63.21226 56.31983 46.05247 42.62579 42.00517 40.5613 41.25812 41.90918 43.72931 44.2226 42.64835 41.70287 44.36892 45.8992 50.08032 55.24361 63.70734 71.60862 78.63258 86.18033 88.95303 86.94174 81.8758 75.25018 71.77103 70.84338 68.64857 66.03332 67.32503 69.36359 68.69614 68.67528 69.28954
58.30616 58.33418 58.43058 57.51082 55.49965 53.72941 54.01436 53.58323 52.51125 51.01638 51.46833 48.36029 43.98322 42.24799 40.48245 37.52832 36.87196 38.85538 43.54736 48.15516 49.89747 50.91636 51.30368 52.10791 50.3451 44.54712 38.50378 38.28464 44.8865 56.8008 60.96187 63.90173 56.42891 53.88971 54.403 50.20444 51.18129 46.42253 43.65988 43.53973 42.36267 44.93613 36.53465 36.77267 42.01892 43.17289 47.43543 52.25742 59.9148 77.22066 84.0658 82.82119 76.33704 70.94618 68.75776 63.75837 62.53599 58.32183 61.28223 62.84155 62.76045 66.10371 66.58595
