py_wake/examples/data/AJ_ParqueFicticio/Rough survey   Sector 11   Height 30m   Orographic turn.grd
DSAA
73  159
 258469   265669
 6501692   6517492
-41.70031   86.05137
[rows 27 to 53 of 159, columns 0 to 60 of 73]
1.696892 1.734455 1.648152 1.621881 1.553159 1.458658 1.410578 1.434732 1.738829 1.643118 1.472425 1.421431 1.326959 .9527162 .9461036 1.078878 1.267927 1.315213 1.351039 1.404364 1.527544 1.597431 1.312106 1.725042 2.199184 2.881181 3.660021 3.662832 2.668197 2.932214 2.213318 1.474398 1.626803 3.188582 7.125969 4.186708 2.569313 3.069867 2.372652 5.803524 7.164094 6.444546 3.882364 2.808928 2.63184 2.389462 2.970019 2.589507 1.821344 .9966276 .3839385 -.8441553 -4.590998 -7.05935 -8.939931 -12.88962 -17.37138 -17.84517 -17.99788 -14.36425 -9.195048
1.613586 1.612352 1.551013 1.543252 1.538388 1.482021 1.55993 1.593388 1.699954 1.558708 1.414591 1.285715 1.190167 1.038851 1.202381 1.39861 1.425619 1.385455 1.397658 1.329868 1.217328 1.399484 1.419153 1.838739 2.455714 3.136186 3.82921 3.547542 3.264415 3.025323 2.465735 2.221992 2.407191 3.303244 6.457471 3.867894 2.945104 3.355946 3.647522 5.287165 6.375476 5.348577 5.165587 3.342197 3.855834 4.386471 5.174159 5.094013 3.063699 1.183428 -.1165781 -1.395754 -4.679664 -6.350801 -7.958456 -13.01459 -18.48882 -18.20986 -14.82084 -8.929108 -4.528331
1.504067 1.51142 1.440371 1.441892 1.373464 1.394127 1.489295 1.506355 1.493324 1.465466 1.318788 1.227677 1.152175 1.410701 1.507345 1.625004 1.602331 1.526855 1.498322 1.356674 1.691736 1.885587 1.908374 2.177606 2.675731 3.265654 3.758798 3.710418 3.615829 3.457853 3.32282 3.116356 3.778685 5.747248 7.680742 5.22752 4.611408 4.993701 5.145113 5.669924 6.140487 6.667437 6.136607 4.537419 4.590236 5.838552 7.453786 7.836507 6.305868 4.295476 2.495595 -.8396075 -4.385307 -6.082715 -7.459624 -12.84149 -17.21577 -16.81684 -11.6503 -4.378561 1.098363
1.421474 1.428451 1.336629 1.370986 1.336396 1.312256 1.354959 1.39408 1.378187 1.258347 1.193412 1.113592 .9977859 1.33888 1.66325 1.747105 1.657094 1.56202 1.438379 1.330026 1.802292 2.097795 2.342453 2.539503 3.014636 3.420432 3.712306 3.829545 3.95418 4.099223 4.174223 4.161335 5.455303 6.463584 7.05363 5.389297 5.132264 5.756339 6.354547 6.428298 6.403096 7.753211 6.671973 6.000535 5.576198 6.173143 7.586756 7.969266 7.58618 6.685877 6.167037 3.241087 -1.195965 -4.77154 -7.435297 -12.36911 -16.18845 -16.44782 -10.06004 -3.215636 4.418857
1.298233 1.320837 1.348226 1.388605 1.27421 1.220107 1.224812 1.263111 1.180905 1.152481 1.081833 .9919035 .9601285 1.45984 1.677861 1.763345 1.70587 1.440418 1.050725 1.458321 1.954181 2.235769 2.59797 2.891431 3.194507 3.585171 3.853062 3.832814 4.024275 4.537916 4.268661 4.486386 5.610179 6.693949 6.588658 5.55582 5.70753 6.618942 7.141191 6.669549 7.156182 7.489168 7.916796 6.881806 6.881544 6.82083 5.879944 4.444493 4.038842 4.627089 4.862442 3.299319 1.051 -2.673957 -7.222289 -11.64188 -14.97279 -13.94837 -8.737094 -2.003858 7.199883
1.200622 1.282716 1.269006 1.310253 1.23291 1.231355 1.100808 1.082292 1.095777 1.063884 1.030669 .9507418 .8643372 1.555796 1.672403 1.695538 1.607716 1.170377 1.130175 1.719849 2.152695 2.441376 2.805471 3.104759 3.379748 3.789294 4.059695 4.282774 4.678827 4.535347 4.617742 5.136605 6.154583 6.82368 6.645663 6.048884 5.817479 7.027914 7.126993 6.557198 6.279189 6.564539 6.701912 7.613604 7.397882 7.112835 5.1815 2.691931 .6379668 -1.431956 -2.333304 -2.67219 -3.069165 -4.734051 -8.360119 -11.53914 -13.55737 -10.92727 -6.362278 -.005964959 8.009633
1.291567 1.201382 1.233773 1.139635 1.13416 1.072878 1.159172 1.056006 .9916258 .9350751 .9167082 .8153399 .9719705 1.575435 1.502003 1.564326 1.431349 .8469929 1.27162 1.881912 2.41313 2.645737 2.910448 3.277838 3.502508 3.766059 4.042378 3.878378 4.401712 4.735218 4.927627 5.35572 5.972039 6.480654 6.996473 7.271995 6.772699 7.756984 7.558901 7.544296 6.840012 6.275277 4.784433 5.398867 6.838595 6.086821 4.582601 3.421237 1.338248 -2.277405 -5.801352 -9.283216 -10.29769 -10.16513 -10.20673 -11.90688 -12.52805 -9.181506 -4.576735 .981483 8.872911
1.384581 1.200952 1.167243 1.054716 1.022876 .8584289 .9668015 .9432272 .8447602 .8140371 .6769469 .7608973 .9135844 1.402322 1.262012 1.217177 1.050895 .6528949 1.558798 2.274567 2.670739 2.960257 3.172257 3.457667 3.656631 3.863981 3.828896 3.9966 4.388085 4.714752 5.140769 5.484424 5.787162 6.033114 6.721192 7.908152 7.500395 8.422945 8.409835 8.783303 7.104095 5.513509 4.371024 1.458152 4.263627 4.81136 3.928014 3.27634 2.805751 1.009012 -1.401364 -5.54789 -9.85207 -12.24396 -13.02763 -12.47293 -10.23859 -6.649499 -1.398492 5.85545 10.08459
1.483518 1.175712 1.054365 .9936887 .9638223 .8368196 .7747663 .799072 .779931 .6509205 .568018 .625951 .80431 1.19769 .9730338 .7254899 .5509657 .599474 1.927606 2.746705 3.107591 3.26987 3.387273 3.582936 3.728202 3.689197 3.827343 4.122313 4.538278 4.895028 5.246875 5.660955 6.057805 6.379461 7.278622 7.894687 8.063283 8.428842 9.244308 10.83517 7.576809 5.154857 1.899583 .1145706 -1.240426 2.875293 4.531613 4.809282 5.082719 3.654454 3.011121 .3613801 -2.268501 -5.735465 -9.162224 -10.39802 -8.579827 -4.461056 2.653406 9.891291 10.05748
1.486124 1.218605 1.050943 .8721145 .8091881 .8240954 .8450889 .7914324 .6301939 .5511093 .3665482 .3579724 .5104197 .9480494 .6000789 .2636333 -.04595914 -.2853036 1.428464 2.877408 3.375317 3.447148 3.508673 3.604988 3.526124 3.534655 3.90985 4.259321 4.712227 5.116849 5.5085 5.95838 6.453949 6.923521 7.531233 8.149676 9.574138 10.50451 12.90237 13.17208 11.25368 7.58057 2.988933 -.2475301 -3.959026 -1.205101 3.952117 4.687193 5.372025 5.135679 4.657998 2.713583 .364214 -1.554217 -4.942695 -7.760434 -7.570838 -3.620921 5.314047 12.5086 9.568894
1.415157 1.078919 .9286616 .7596955 .5412984 .5539074 .9348454 .7093218 .5715441 .3529138 .325741 .2146012 .2215175 .6756086 .3501781 .1503644 -.03214974 -.3424157 .03823856 1.350108 3.072896 3.236116 3.344964 3.40766 3.149746 3.506372 3.939784 4.403011 4.869394 5.353834 6.02682 6.427213 6.664769 6.948478 7.159 7.637378 10.36858 11.58118 13.14894 15.72941 13.86369 10.13787 6.517069 2.762702 -1.051163 -5.856364 -3.42948 -3.60673 -1.330348 .2711237 .3752611 -.6656516 -1.209564 -1.822722 -4.081806 -6.668928 -6.512198 -2.851682 7.052909 12.29475 7.892165
1.036496 .8367717 .6878152 .6541284 .4454725 .1472468 .6196706 .5209373 .4308345 .3347646 .2682943 .05425869 .1009435 .3486184 .3398562 .3056823 .2733113 .233518 .2935661 .7480989 2.530843 2.693703 3.01059 3.100357 2.976758 3.514946 4.046968 4.492732 4.865985 5.441361 6.174558 6.139295 6.633569 7.070003 7.441842 8.903547 11.49842 12.94845 15.29067 15.86164 14.24463 10.75979 7.690433 4.956623 2.814017 1.821028 -1.287563 -9.12089 -11.44998 -8.810598 -8.504683 -9.535972 -9.114195 -7.758504 -7.065189 -8.349739 -7.693687 -2.659672 5.749635 9.79342 5.55874
.8086357 .5695692 .4274896 .3997657 .4666175 .2074547 .4427701 .3254921 .266854 .1401381 .09470473 .05286943 .5000089 .644623 .5383321 .5990626 .5358015 .6424152 .9570298 1.983682 2.702889 2.400283 2.521708 2.581778 3.086856 3.669768 4.097512 4.461799 4.919823 5.563668 6.143009 6.30865 6.619186 7.007269 7.19369 9.231893 11.78169 14.57892 18.04963 16.22852 14.13459 10.30667 7.768775 5.436833 4.361467 5.562674 7.523194 .7629598 -6.420082 -7.035873 -8.18851 -8.477096 -9.484894 -10.01838 -9.357306 -9.490906 -6.873552 -3.282139 1.673117 3.512162 2.58449
.9105468 .647218 .3423338 .2110433 .3287824 .6430343 .64602 .3122884 .03150418 -.1147136 -.08543252 .04052253 .9900352 .9799547 .7751801 .5768321 .6290789 .9485801 1.291989 2.245629 2.465459 2.285693 2.143741 2.033395 3.045011 3.855261 4.155162 4.632709 5.10338 5.764454 6.116318 6.42369 6.690833 6.75401 7.145312 8.294739 10.5595 15.59677 18.8006 16.8658 14.72975 11.34422 9.44881 6.904903 5.451515 7.82858 11.18663 10.2637 7.932338 3.785665 -.987143 -2.313961 -3.390198 -4.74959 -6.496421 -7.522095 -7.07155 -4.514976 -2.52225 -3.528565 -2.065832
.9768568 .5701473 .3055263 .06704696 -.03100339 .1605918 .75683 .4392859 -.04924244 -.4229552 -.6896566 -.9145193 .4768609 .984084 .77898 .6699672 .7064945 .7987695 1.258429 2.12835 2.165416 1.999738 1.87257 1.420392 1.794042 3.60358 4.007424 4.561512 4.904504 5.55312 5.997824 6.36008 6.73322 7.031481 7.276759 7.691712 10.42193 17.07182 18.15326 16.84636 14.646 12.35068 11.63818 8.839466 7.23406 9.154635 13.93764 15.77214 15.00783 12.08344 7.185212 2.861151 -.1527007 -1.526246 -3.248367 -5.406531 -6.057752 -5.834141 -6.567776 -7.996699 -9.190627
.920336 .531786 .1434679 -.2731939 -.6112906 -.3026522 .6336335 .3572921 -.2119965 -.5153313 -.8529321 -1.155637 -.8421019 .2319107 .4568035 .4038431 .468818 .502245 1.009225 2.086272 2.156275 1.992416 1.707942 1.593565 2.605276 3.456291 3.834697 4.237971 4.579318 5.404806 5.82495 6.313201 6.479035 7.070719 7.375382 8.158192 11.89311 16.11223 17.52679 14.44973 12.35707 10.3915 9.606144 6.550366 5.71138 6.744519 12.12287 15.89787 13.38729 10.39286 7.081916 4.075051 .9968857 -.9765808 -3.203643 -6.129234 -7.709749 -7.830266 -6.669754 -6.300531 -7.604537
.9287672 .5516062 .1286027 -.458553 -1.189346 -1.08447 .2238987 .1757145 -.4652976 -.6774223 -.799158 -.9864644 -.5144402 -.00302242 .1347523 .1761646 .2433393 .2389685 .6068405 1.858068 1.96478 1.645999 1.461833 2.409655 3.470011 3.545037 3.633646 3.908299 4.057731 4.933436 5.675492 5.824287 6.119415 6.772291 6.707497 7.733595 9.896542 12.1729 13.07733 8.532044 7.181645 5.105255 2.580693 .2713062 -.1013079 .7921979 3.183323 5.624165 3.557013 1.306985 -.2507257 -2.324404 -4.725699 -7.250024 -9.026485 -11.70479 -11.62907 -9.301613 -6.807912 -4.155111 -4.005119
1.117297 .8534571 .4999594 -.1249596 .2858666 .02141176 -.06813725 -.2359284 -.461503 -.5334371 -.4973056 -.08496675 .3087209 .3699949 .23783 .2862828 .1364188 .2443015 .5175266 1.314216 1.4662 1.070354 .6520657 .9446001 3.056722 3.200898 3.063716 3.024645 3.556919 4.659634 5.15848 5.065196 5.628276 6.223147 5.70255 6.653459 8.003649 9.318903 9.340394 5.759487 3.570972 -.06805119 -2.779975 -4.603389 -6.098934 -6.622146 -5.213093 -6.396881 -9.230573 -11.05264 -12.00752 -12.60616 -11.19619 -10.80043 -13.42412 -16.07597 -15.07526 -11.99562 -6.001872 -2.546316 -1.416834
1.082664 .8789857 .6777065 .2546842 .801818 1.309308 1.109297 -.1474226 -.570585 -.5323768 -.490883 .1485843 .6188425 .6752407 .5074688 .3377669 .1660453 .2986464 .5238402 1.038593 .8665942 .6354422 .1377783 -.05892344 1.040588 2.177167 2.114592 1.876083 2.054051 4.052253 4.244939 3.048106 4.93703 5.877444 4.752539 5.574727 6.833296 8.000001 7.262144 5.597705 2.86548 -2.455086 -5.014134 -5.45031 -6.111999 -5.189868 -4.500379 -3.362784 -5.51558 -7.673546 -7.7881 -8.444231 -9.821196 -11.86355 -13.85456 -16.44852 -15.81911 -12.95805 -7.011259 -1.578494 1.435116
.9783276 .7000501 .6286885 .8360327 .9362615 1.052928 .5879309 -.4576823 -1.071451 -1.165503 -1.009202 -.116124 .6914834 .882902 .5476233 .2460637 .2426743 .4515468 .829026 1.20121 .7976812 .3764785 .1650896 .07866005 .9268306 1.575594 1.357424 1.040627 .9219087 1.540948 2.297108 .6927236 1.150005 3.803403 2.494763 4.138378 5.480107 6.464933 7.275177 6.41653 4.573115 2.087292 .9308817 1.289551 1.785774 1.84166 3.301295 3.967219 4.181577 2.553213 1.23755 -2.244745 -6.793019 -11.24861 -13.22996 -12.58939 -11.40728 -10.13378 -9.003194 -6.000976 -1.124652
.8973342 .5614668 .3720019 .8045759 .7592204 .5302303 .1481823 -.6436332 -1.504554 -2.124889 -1.681507 -.5996817 .7567151 1.240321 .7632904 .3046747 .2538439 .4369557 .7648531 1.239044 .6168951 .04925469 .0541589 .8629322 1.975981 1.868162 1.152207 .5988021 .5909326 .7208354 .6938068 -.1133322 -.5115249 1.103247 -.05284161 .9417167 3.185213 4.458158 6.216981 5.880524 6.023953 5.923398 5.582129 5.17047 3.656283 2.591518 3.42184 3.219429 1.595971 -.2714766 -1.058841 -3.963021 -7.643462 -10.82736 -12.67591 -10.38078 -6.644411 -3.884686 -2.947687 -5.389709 -7.1249
.8087353 .5241182 .2299731 .6437984 .469462 .2031577 -.1788792 -.6967185 -1.577443 -1.112548 -1.201341 -1.084173 .2026295 1.376085 .7344393 .2958032 .09122953 -.02320579 .2202911 1.299223 .5439588 -.04842662 -.5017369 -.8076824 .8846511 1.984356 .6429245 .3603917 .3742226 .7408227 -.3425002 -1.057203 -1.01747 .4735622 -.764898 -.6797785 .5499131 1.711435 3.301035 3.092332 3.457039 3.972017 3.935475 3.498938 2.538447 -.03284117 -1.011208 -2.095304 -3.14164 -4.542217 -7.782648 -10.58529 -12.10635 -11.86576 -11.9762 -9.238771 -4.804725 -.9323643 3.024846 2.314601 -2.202631
.7303559 .3799722 .1454952 .3608789 .1902582 .02462469 -.351317 -.9698686 -1.288654 -.7994874 -.3288704 -.5168203 -.3557937 .5132515 .3221139 -.05789121 -.09607592 -.3141038 -.518096 .8230864 .346231 -.1516831 -.5840452 -.5912728 -.3137896 .7314428 .01059479 -.2336773 -.1686136 -.5158759 -1.422115 -1.585718 .1297135 .1575584 -1.241229 -1.62119 -.7090014 -.4632874 -.2401145 -1.085181 -1.906653 -2.495836 -4.179482 -4.68575 -4.935491 -4.249039 -2.703106 -2.100998 -3.232265 -5.281737 -9.343523 -13.81888 -13.77258 -12.9986 -12.92936 -11.22607 -7.865778 -3.179267 3.017054 5.191425 3.419989
.8251259 .5691055 .4481077 .6797625 .1648577 -.07488959 -.5671151 -1.165369 -.6952458 -.2537385 .3752598 .9023834 .7646505 .78972 -.01840714 -.1804664 .01642069 -.06289677 .3849032 1.067858 .2670825 -.02781994 -.1204766 .293501 .8453963 .3862 -.5136487 -.7289004 -.5815067 -1.524304 -2.36491 -3.045071 -2.626771 -1.470184 -3.312765 -3.409922 -1.651712 -2.203205 -3.14186 -3.556441 -4.770104 -4.226049 -5.090364 -3.734629 -2.846321 -3.169794 -2.732954 -2.870373 -3.565904 -6.083234 -9.39079 -12.85019 -15.52857 -11.80356 -10.2104 -11.31244 -11.93217 -7.951416 -1.02007 3.424732 4.913078
.8458511 .6069825 .5174541 .4476308 .007878558 -.3766476 -.8432708 -.6380651 -.2933319 .2299609 .885058 1.581483 1.694172 1.073007 .4310184 .09446239 .3018149 1.125178 1.63705 .9509558 .3291427 .03337305 .2607655 1.041325 .9317861 .1749971 -.5972155 -.486423 -.5989675 -1.807087 -3.235878 -4.28258 -4.740058 -4.492071 -6.963408 -7.642361 -4.899419 -5.164698 -6.369751 -6.286329 -7.636365 -5.121944 -3.73066 -1.514176 -.3812317 -1.6228 -2.910404 -4.027367 -5.464255 -7.861095 -11.37278 -14.81215 -15.7358 -11.08492 -6.964052 -8.183138 -11.38006 -12.80409 -6.833302 -1.033926 2.430819
.639037 .2749932 .2320708 .1593437 -.1412875 -.5522963 -1.004169 -.6118563 -.1095887 .330671 .8979668 1.297788 1.458267 1.071445 .5404085 .1560105 .1162315 .7943259 .9738992 .6390848 .3979584 .1490127 1.027317 1.509713 1.097115 .4253748 .3973951 .7573068 .002844509 -1.353308 -2.787782 -2.527361 -2.424025 -5.514898 -8.237234 -9.786679 -10.37234 -10.16251 -7.988108 -8.972003 -12.07913 -10.3991 -9.451731 -5.35027 -3.627734 -4.734177 -5.170872 -5.889175 -7.535215 -9.111234 -12.74452 -15.57589 -15.08784 -9.642301 -5.717293 -4.53854 -6.350268 -11.17002 -11.53313 -6.487283 -1.464038
.2985225 .02131744 .0736411 -.1709394 -.3764092 -.6708841 -.8797627 -.5216843 .014466 .3715602 .8140772 1.126217 1.210289 1.033923 .7075654 .2109069 .1742226 1.013391 .7312432 .4391064 .6615186 1.66835 2.085864 1.740237 1.32845 .6994162 1.137041 1.114274 .465306 -.8236732 -1.845072 -2.096414 -1.647457 -3.154863 -5.059143 -6.790799 -9.844483 -12.27769 -7.443595 -9.514434 -12.6707 -14.82601 -15.79376 -14.15687 -12.64739 -12.26458 -11.22449 -9.377577 -9.988552 -11.06341 -12.75572 -12.86942 -12.81315 -8.282414 -5.702668 -4.037176 -4.084782 -6.128675 -7.792057 -4.60188 -3.862704
