py_wake/examples/data/AJ_ParqueFicticio/Rough survey   Sector 8   Height 30m   Orographic speed.grd
DSAA
73  159
 258469   265669
 6501692   6517492
 .2408467   2.300954
[rows 0 to 27 of 159, columns 0 to 62 of 73]
.9552893 .9575821 .9590854 .9570091 .9551742 .9529459 .9511994 .949921 .9484683 .9469661 .9457852 .9448954 .944055 .9414621 .9413741 .9380336 .9340942 .9268506 .916986 .8939119 .8512977 .8711635 .9137055 1.03241 1.03943 1.030722 1.002079 1.044127 1.073903 1.071669 1.077792 1.079506 1.108914 1.107485 1.109932 1.14188 1.161696 1.169317 1.150664 1.137058 1.120096 1.092675 1.071393 1.048735 1.051805 1.044749 1.038515 1.02732 1.022624 1.015927 1.009878 1.00406 1.000047 .9991934 1.005054 1.012089 1.020257 1.029582 1.037485 1.046186 1.055838 1.065668 1.073651
.9377271 .9505193 .9537697 .9521543 .9490629 .9467915 .9462287 .9454436 .9449887 .9431782 .9389198 .93864 .937107 .9366425 .9382703 .9368227 .9335774 .9274601 .9183932 .8969003 .8913212 .9298877 .9923708 1.04471 1.036778 1.023236 1.035341 1.110858 1.087436 1.093421 1.096546 1.110014 1.140203 1.155135 1.165585 1.183605 1.187613 1.1697 1.147375 1.132068 1.10854 1.087039 1.075058 1.065718 1.064821 1.05531 1.045398 1.032401 1.022861 1.014526 1.002777 .9959568 .9901555 .9932269 1.00097 1.008664 1.019886 1.031554 1.044226 1.055628 1.067288 1.078804 1.090515
.9351479 .9503329 .9503621 .9469875 .9418311 .9394579 .9387033 .9390209 .9408548 .9405532 .9382367 .9299774 .926891 .9267141 .9334952 .9355057 .9332904 .9285701 .9221112 .9079189 .9149355 .9542298 .9885061 1.007254 1.060483 1.087987 1.092449 1.113156 1.105676 1.110937 1.114083 1.132992 1.162255 1.193789 1.218998 1.223461 1.21786 1.18897 1.154397 1.1336 1.102429 1.080882 1.068977 1.057657 1.058745 1.052915 1.040762 1.031028 1.018811 1.001136 .9813131 .9718897 .9784153 .9943982 1.001683 1.009866 1.021377 1.035011 1.049989 1.064529 1.080563 1.096087 1.112676
.9427168 .9433658 .9394252 .9360228 .9334115 .9317784 .93018 .9308341 .9327267 .9341961 .9324647 .9258586 .9220669 .9228874 .923205 .9326199 .9327034 .927267 .9206127 .9106125 .9202029 .9635143 .999098 1.034289 1.058364 1.087051 1.114352 1.139416 1.129468 1.133917 1.137561 1.156461 1.197142 1.214085 1.230296 1.223954 1.21095 1.19356 1.174856 1.146027 1.084 1.05247 1.058478 1.061732 1.040919 1.061374 1.035405 1.018074 1.003583 .9881276 .9751608 .9916965 .9964403 .9988735 1.001574 1.010262 1.023229 1.039783 1.058226 1.077954 1.101014 1.123107 1.143744
.9265192 .919403 .9129323 .9200962 .9261178 .9207964 .9171441 .9189729 .9222454 .9220263 .9249957 .9213063 .9123385 .9164856 .9175577 .9259244 .9302179 .927678 .9202179 .9122925 .9418105 .9575288 1.012983 1.038417 1.070017 1.096431 1.120144 1.127668 1.130637 1.147647 1.172232 1.197599 1.211316 1.186792 1.151314 1.08438 1.090736 1.10974 1.121051 1.03335 .9424744 .99697 1.04748 1.080997 1.0859 1.077503 1.023556 1.004905 1.001489 1.003181 1.007899 1.008197 1.004622 .999299 .9996 1.007499 1.023888 1.043303 1.067419 1.096293 1.128668 1.165737 1.200783
.9145916 .8958364 .8900953 .9118785 .9199749 .9079889 .8960245 .9093722 .9133309 .9135149 .9172078 .9189202 .9023787 .9133236 .9152211 .9140069 .9266887 .9314883 .9358302 .9692095 .983669 1.00997 1.028211 1.057499 1.083862 1.087532 1.107118 1.113086 1.116732 1.131888 1.157192 1.156023 1.067379 .9747082 .9473532 .9488534 .9643996 .9741252 .9412559 .8189605 .8272322 .9622968 1.066503 1.106101 1.098823 1.036676 .9996837 1.00307 1.013626 1.021861 1.030765 1.017275 1.001948 .9888251 .9869926 .9979035 1.019871 1.046832 1.080593 1.12278 1.175267 1.239602 1.310045
.9142666 .9109011 .9030622 .9100503 .9074541 .8986393 .9174499 .9353243 .9355497 .9341758 .925724 .9115397 .9086262 .9164941 .9166633 .9098592 .9162756 .9308226 .9414559 .9619827 .997301 1.018395 1.065162 1.094391 1.094645 1.07681 1.095507 1.097859 1.095372 1.095565 1.100801 1.059151 .9798775 .9542949 .9471669 .9358796 .9375944 .9183543 .8488059 .8128822 .9267159 1.077138 1.12812 1.12169 1.041909 .9764636 .9797704 1.021902 1.0424 1.038552 1.027883 1.007071 .9841779 .9691068 .9637858 .9821135 1.014123 1.051115 1.096106 1.165332 1.259373 1.279214 1.221277
.9199082 .9179559 .9196616 .9075795 .9160205 .9103123 .9261362 .9478886 .9521922 .9466027 .9341182 .9217075 .9172697 .9148294 .9128463 .9031855 .8993567 .9190224 .9362819 .9685606 1.017577 1.069403 1.115192 1.126973 1.091978 1.061029 1.081556 1.079455 1.070501 1.05661 1.0342 .9930281 .9652566 .945622 .9336925 .9191094 .9089673 .8875302 .8718044 .913047 1.051656 1.141739 1.129099 1.023617 .8963453 .9451177 1.031997 1.076541 1.09242 1.053837 1.029825 1.006414 .9517013 .8903697 .9132269 .9656474 1.009628 1.053957 1.115904 1.222272 1.211246 1.149407 1.041476
.9220414 .9175792 .9159834 .900593 .897732 .9089367 .9272898 .9503376 .9633576 .9545808 .9348962 .9244686 .9173086 .9119575 .9034746 .890397 .8885154 .9006336 .926005 .9597464 1.019244 1.040642 1.084126 1.095629 1.072253 1.040656 1.051865 1.064803 1.041641 1.012677 .9926667 .9631343 .9384691 .9196808 .9077518 .8883728 .8600211 .8611279 .8832263 .9377899 1.042473 1.078817 .9952738 .8406683 .8762662 .9974836 1.049894 1.02588 .977425 .9299718 .9234836 .8920642 .7812843 .7960241 .8728486 .9592903 1.011399 1.058009 1.131507 1.148005 1.076909 .963419 .8118159
.9253188 .9189704 .9110059 .9033917 .8997203 .915875 .967095 .9952735 .9793993 .952818 .9217581 .9163218 .9153545 .9095506 .8914192 .87527 .8798727 .8986752 .92083 .9398724 .972244 .990457 .9638101 .9703629 1.028369 1.029889 1.02978 1.044246 1.006137 .9783121 .9660462 .9390478 .908982 .8854946 .8640923 .8397849 .8567415 .8713309 .8763591 .8989288 .9110807 .8792646 .7780921 .7418615 .8816411 .981577 .9533751 .8921854 .8494514 .8027475 .7911382 .7097315 .6586075 .786694 .934716 .9896061 1.026823 1.06335 1.116812 1.04018 .9436287 .7928459 .5896486
.9288062 .9236083 .9148377 .920913 .9570725 .972119 1.003667 1.03866 .9813965 .9295006 .8967936 .8936475 .9125274 .9124634 .9015426 .8884466 .8627499 .8914143 .9166383 .9273008 .9355757 .9376795 .9223486 .9454827 .9657776 .983274 .9834549 .9824279 .9702671 .962718 .9303792 .9037816 .8835576 .8557288 .829901 .8376723 .846758 .8539748 .8589277 .8644422 .8484548 .810708 .7702346 .7863593 .8641155 .8603033 .7514114 .7268157 .7241091 .6722286 .653904 .6191915 .7153487 .9157682 1.023248 1.063246 1.068041 1.098318 1.047473 .9569604 .8327125 .6947083 .6316243
.937363 .9353601 .9359052 .9603293 .9709389 .9813219 .9919098 .9851013 .9452109 .8806754 .8517954 .8951409 .9074498 .9234014 .9133998 .9099863 .959151 .9344729 .9012496 .896213 .8860845 .9008049 .940813 .9514771 .9524612 .9497819 .9254245 .9544837 .9671692 .9281635 .8838413 .8637198 .8500872 .8343408 .8150311 .818441 .8304195 .83387 .8398346 .8282408 .8151292 .7880587 .7720879 .7750155 .7857082 .7386146 .6761369 .6489965 .6013514 .585923 .6114166 .6798999 .8464138 .9862483 1.063938 1.092306 1.086789 1.042899 .997583 .8691953 .7392325 .6317825 .633856
.9460462 .9516112 .9602135 .9678383 .964398 .9649692 .9526187 .9195628 .8947729 .8489883 .9240524 .9922129 .9498882 .9074972 .8898036 .8929253 .9507881 .9264976 .9166616 .8992797 .8893744 .9253145 .9610138 .9513255 .9395549 .9296783 .9193906 .926108 .8970463 .8312738 .8242246 .8108762 .8063723 .8006791 .7907266 .7926351 .8093913 .8102143 .8045813 .7936503 .7803825 .7654092 .74093 .7387722 .7449009 .722661 .682367 .6349738 .6093714 .6095223 .6555885 .7597003 .8726146 .9656376 1.022534 .9925973 .8734301 .7576728 .6559613 .5687559 .5259696 .4849514 .6207194
.953253 .9595034 .9558099 .9596429 .9574764 .9513266 .9372631 .9205983 .9030166 .9495937 1.006513 .970829 .9319671 .9209194 .9151092 .9403932 .9218355 .9037251 .9271895 .9355463 .9450199 .9547616 .9598445 .9468881 .9231452 .9063606 .8869593 .8462961 .7933185 .7851501 .7802623 .78109 .773209 .7603902 .7656033 .7698808 .7865315 .7854054 .7739846 .7565424 .7390126 .7234822 .6965326 .6969967 .7025035 .6766095 .6510969 .6123213 .6048892 .6093012 .663954 .7249525 .7998022 .833674 .7645497 .6066408 .5719934 .5711972 .5624821 .5459524 .5489457 .593829 .6593245
.9609291 .957979 .9540548 .955131 .9530497 .9451229 .9325285 .9244648 .9330359 .9499452 .9569278 .9543468 .9367469 .927795 .9451089 .9597856 .9519269 .9630818 .9626815 .9589369 .9573803 .9718691 .9568041 .9262432 .9053321 .8871718 .8664629 .8397997 .8122996 .792998 .7809516 .7674842 .7630427 .7366971 .7261717 .7469971 .7738482 .7642292 .740932 .7007758 .6730727 .6574365 .6515105 .6600394 .6424062 .6299056 .6033239 .5922564 .5833166 .6122128 .6414929 .6608099 .6701671 .6466244 .5916268 .541117 .5336024 .565472 .6120864 .6446632 .6703098 .7243699 .7438498
.9630065 .9544317 .9508249 .9508104 .9490491 .9428844 .9330575 .9231218 .9205902 .9301283 .943132 .9503778 .9480716 .9508755 .9814312 1.003916 .9912624 1.009655 .9945354 .9753946 .9860966 .9763091 .9403736 .9074274 .8763904 .869317 .8547705 .8282781 .8034581 .7847323 .7735729 .756529 .720099 .6601319 .6693301 .7270504 .7547466 .7489805 .7194731 .6685875 .6448338 .6590298 .6646373 .6386083 .5983981 .5650136 .5701174 .584301 .6045215 .6232701 .6161828 .5982278 .5710141 .5355788 .4966197 .4630154 .5094337 .6238636 .7229255 .7899344 .8625598 .9137381 .8566386
.9603077 .9535097 .9483274 .9484278 .9479629 .9444262 .9365025 .9304502 .9287512 .9359326 .9411996 .9519904 .9666114 .9812618 .999062 .996263 .996673 .9940994 .977398 .9627762 .9599925 .956018 .929243 .9028239 .8862696 .8650637 .8354167 .8113502 .7815679 .7604368 .7602851 .7440258 .6747551 .6205484 .7666565 .8053588 .7980967 .7575035 .6904781 .5902166 .5948898 .6399412 .6286776 .6063848 .569808 .5481821 .5485744 .554029 .5648444 .6023976 .6020426 .5447726 .4853539 .4769661 .5270469 .6306163 .7939471 .8944447 .9738312 1.005052 1.017849 .9956591 .9141465
.9591894 .9517331 .9491616 .9480916 .9474323 .945877 .9417686 .9372825 .9371365 .9394454 .9470808 .9548827 .977101 .98387 .9809455 .9779729 .9721873 .9702052 .9631688 .9539248 .9458981 .9435003 .9301116 .9143708 .9061955 .8949875 .8647138 .8128184 .774701 .8185237 .8533359 .7541348 .6696449 .7424675 .8893924 .8934186 .8716989 .8344399 .7476783 .6560718 .5978388 .5798809 .5467811 .5402375 .522148 .5368179 .527983 .559287 .6620249 .7322015 .7243297 .6792017 .6747562 .73312 .8177297 .9099829 .9960387 1.048616 1.044007 1.021531 1.005502 .9805566 .9036483
.9594488 .9526557 .9523614 .9483126 .9481144 .9465842 .9454461 .9440414 .943852 .9451019 .9559602 .9680051 .9780384 .9697696 .971249 .9719204 .9650822 .9601812 .9570839 .9510425 .9443148 .9407504 .9379882 .9431921 .9601368 .951973 .9355169 .9304601 .9268699 .9701759 .9142172 .8172252 .8032747 .9092752 .9762852 .9570835 .9444032 .8832409 .7781188 .6562877 .6388664 .6537894 .6631122 .6927034 .7203656 .7492777 .7257142 .7578044 .84729 .8719121 .8343714 .784797 .7918383 .8513949 .9080017 .9759544 .9795709 1.002339 .9976364 .9763943 .9667073 .9378747 .8745781
.9616302 .9566178 .9522981 .9462534 .9446704 .9449366 .9478548 .9499698 .9506595 .9527109 .9653592 .9667951 .9701218 .9656824 .9643336 .9651964 .9622551 .9557725 .9560968 .9534796 .9500471 .9464171 .9533275 .9622226 .9588795 .9529857 .9628077 .9778344 1.014685 1.002779 .8862126 .8582316 .9666042 1.011635 .9767328 .9544661 .9143399 .8559513 .7544123 .6648327 .7370695 .8173981 .8752895 .8980616 .9190099 .9167557 .8800665 .9078528 .9704594 .9407458 .8764139 .829089 .8366271 .8721589 .896739 .910344 .9443037 .9612427 .9425999 .95028 .9466549 .9218438 .8613288
.9624671 .9561868 .9486981 .9392267 .9378969 .9425437 .9469463 .9519978 .9563584 .9593577 .9610205 .9633398 .9629793 .9599943 .9595797 .9610144 .9630141 .9559376 .9611384 .9612944 .958975 .9556539 .9572619 .9535335 .9533282 .9487833 .9545453 .9659561 .9766602 .9392323 .8388573 .8805123 .9572333 .9150564 .9317961 .9670323 .9389383 .8532663 .7633818 .8149104 .9012612 .9711471 .9708343 1.020448 .992183 .9423909 .9342053 .9793955 .9819239 .8998837 .8457394 .8254827 .8517993 .833659 .8588494 .8729877 .8947449 .9088666 .9150344 .9401388 .9517171 .9403397 .9046572
.9552999 .9507586 .9408181 .9285305 .9324995 .9395842 .9463996 .9528902 .9595803 .958014 .9538855 .9578108 .9605423 .95787 .9555427 .9591342 .9646595 .9651617 .9662207 .9599442 .955259 .9519525 .9534158 .950473 .9466671 .9430952 .9412082 .9390023 .8951811 .8033274 .8393902 .9055623 .9320266 .956329 .9556727 .9191856 .8670878 .7945338 .783708 .9116408 .9970324 .9937133 .9803516 .9552338 .9267896 .8980428 .9165779 .9419118 .9112098 .8365372 .7877309 .8016262 .8082775 .7981498 .8089284 .8270603 .8353344 .87703 .9187748 .9728504 1.014822 1.021439 1.004293
.9454397 .9369469 .9307671 .9292678 .9338301 .9396584 .9464273 .9526116 .9583853 .9542721 .9456122 .9492804 .9546939 .9565461 .9558789 .9543664 .9662421 .9565845 .9578277 .9552131 .9515514 .9468875 .94608 .9447664 .9408704 .9302518 .9157997 .9067356 .8590981 .8218894 .8941002 .9797129 1.006337 .9772294 .9427057 .8663815 .8133805 .7758946 .8420335 .9484017 .9656284 .9490656 .923202 .9008258 .8898643 .8908758 .8865657 .8626686 .8115922 .7762191 .7390091 .729867 .7578453 .7469987 .772346 .7942723 .8468933 .9164972 .9878902 1.083876 1.139058 1.130105 1.08177
.9418152 .9346666 .9378508 .9407187 .9414749 .943185 .947234 .9510562 .9546335 .9480976 .9409304 .9432607 .9485405 .9527876 .9571014 .9581544 .9598055 .9509169 .9492485 .9522926 .9499037 .9439875 .9409897 .9413221 .9357329 .9186766 .8953053 .8667257 .8415619 .8620017 .9999136 .9982754 .9854104 .9696029 .9160103 .854978 .8216599 .8210392 .8832021 .9209554 .9321405 .8785803 .8719385 .8430294 .8469719 .8306637 .8190856 .7926602 .742354 .7032229 .6844087 .693881 .7246697 .7265323 .7516404 .8135124 .9078305 .9942152 1.127283 1.253178 1.26949 1.208788 1.130891
.9435831 .9394317 .9490894 .9502699 .9474935 .9465499 .9483594 .9502044 .9525301 .9425219 .9411944 .9431633 .947252 .9521136 .9568347 .9583206 .9583439 .9522023 .9469156 .9479474 .9485288 .9443548 .9377701 .9400339 .9348409 .9220231 .8983194 .8714752 .8778862 .9344541 1.012126 .9629142 .9417369 .92585 .8883013 .8546764 .8472662 .8583271 .8795508 .904342 .8484439 .8340451 .819991 .8000824 .8047538 .7766396 .7635564 .7423418 .7059896 .6734683 .6419335 .6574942 .716094 .7523857 .7941664 .8725263 1.006576 1.150265 1.331546 1.408217 1.357738 1.236685 1.134059
.9397865 .9413424 .9480966 .9537055 .9535487 .9505829 .948427 .9485577 .9480801 .9402393 .942815 .9466532 .9491638 .9525369 .9571363 .9562778 .9547446 .9517273 .9462963 .9456322 .9478365 .9491381 .9413477 .9437855 .9463803 .9428501 .9214669 .9018975 .9229548 .9610369 .9628632 .9321368 .9208649 .8870744 .867222 .8828389 .8518022 .8584883 .8691945 .8624359 .8725603 .8891213 .8330985 .8193979 .7779122 .748088 .7380014 .7108983 .6953127 .6576717 .6493334 .6709028 .7349238 .8119931 .8649543 .978393 1.156882 1.363235 1.50794 1.493048 1.341774 1.193031 1.053981
.9469648 .9531772 .9547372 .9556215 .9564232 .954391 .95173 .9489315 .9473453 .9505743 .9515989 .9520023 .9528947 .954225 .9559764 .9562349 .9545704 .9518911 .9481319 .9446709 .9470898 .9529642 .9557902 .9525937 .9385246 .9255688 .930442 .9198415 .9218054 .9289667 .924064 .9180657 .9120017 .8967205 .8689006 .8485565 .8462361 .8611937 .8925068 .9020734 .8800488 .8654858 .8404953 .8203598 .7889292 .7534292 .7160879 .6683285 .6595089 .6601346 .6661752 .7025748 .7936082 .9127784 .9771116 1.094767 1.328544 1.527384 1.559396 1.446599 1.241613 1.079606 .910698
.955831 .9606273 .9598334 .9599095 .9587116 .957623 .9557086 .9524363 .9561769 .9643969 .9639152 .960822 .9578064 .9587752 .9599416 .9563792 .9547483 .9517115 .9507716 .9499967 .9483063 .9568927 .9484909 .9442552 .9331396 .9131134 .9008213 .9042438 .9082431 .9010953 .9071821 .907903 .8867122 .8684426 .826315 .8265284 .8592702 .8740969 .8689946 .857738 .8355447 .8202842 .8398615 .8086756 .7829089 .7421894 .6742267 .6583878 .6356404 .6473278 .7024685 .7711785 .8991255 1.023112 1.074951 1.20456 1.444289 1.592857 1.515812 1.31881 1.078665 .9079559 .7565933
