py_wake/examples/data/AJ_ParqueFicticio/Rough survey   Sector 4   Height 200m   Mean speed.grd
DSAA
73  159
 258469   265669
 6501692   6517492
 5.472929   12.85992
[rows 112 to 139 of 159, columns 0 to 62 of 73]
9.885848 10.01227 10.10811 10.24479 10.46729 10.75873 11.05773 11.34583 11.60271 11.81598 12.00033 12.09344 11.94859 11.5838 11.13952 10.69769 10.4292 10.32498 10.16182 9.916071 9.694769 9.584025 9.469872 9.592079 9.998819 10.36449 10.40735 10.17001 9.804133 9.367814 9.026849 8.811607 8.692083 8.636844 8.627967 8.661539 8.817459 9.234757 9.825592 10.361 10.65641 10.64385 10.28582 9.686978 9.081343 8.586449 8.250297 8.078604 8.104807 8.385084 8.665114 8.706811 8.489696 8.146944 7.803977 7.560898 7.38031 7.193315 6.947561 6.575067 6.149344 5.90963 5.869667
9.944421 10.10516 10.24394 10.40033 10.62965 10.94493 11.25072 11.5382 11.78016 11.96915 12.12246 12.16419 11.97802 11.57599 11.10312 10.72099 10.5689 10.51796 10.30505 9.942316 9.585144 9.363833 9.274982 9.429085 9.826726 10.18252 10.14755 9.82925 9.446563 9.080451 8.827301 8.765151 8.799722 8.805522 8.863022 8.972773 9.157702 9.528434 10.05547 10.54695 10.83208 10.80799 10.39802 9.760642 9.127501 8.617952 8.277839 8.063792 8.015343 8.158382 8.345606 8.359401 8.226363 7.97977 7.730139 7.538702 7.388247 7.236971 7.018937 6.70829 6.342777 6.098295 6.027574
10.05087 10.23427 10.40343 10.56951 10.79991 11.13156 11.46573 11.72746 11.93442 12.09772 12.21698 12.20636 11.95 11.50577 11.04646 10.75708 10.73423 10.69902 10.44705 10.0495 9.641506 9.285878 9.112669 9.221414 9.568034 9.879367 9.841352 9.504297 9.130167 8.848395 8.690369 8.7026 8.819211 8.934814 9.107788 9.313947 9.559749 9.899946 10.32946 10.69879 10.91142 10.85874 10.42737 9.780786 9.165031 8.66463 8.313429 8.062949 7.942969 7.956124 8.013144 8.033784 7.963438 7.830388 7.671606 7.52232 7.380683 7.240777 7.061731 6.824364 6.554837 6.312777 6.20748
10.19283 10.39002 10.57462 10.76103 11.00827 11.35316 11.67358 11.91195 12.08342 12.20842 12.28376 12.19472 11.88331 11.42026 11.02107 10.83648 10.85764 10.82692 10.58577 10.20169 9.797766 9.39178 9.073998 9.011765 9.255822 9.514446 9.491221 9.184625 8.868745 8.676377 8.606665 8.656464 8.789791 8.969196 9.266253 9.63583 9.989978 10.30787 10.60096 10.79878 10.89719 10.77069 10.32612 9.733888 9.16362 8.694139 8.31958 8.02848 7.837837 7.765745 7.76474 7.77574 7.738536 7.684685 7.606213 7.492777 7.378964 7.230167 7.079948 6.88864 6.699597 6.520291 6.400281
10.31448 10.5218 10.73751 10.96284 11.24025 11.58861 11.8726 12.07232 12.21808 12.31085 12.31631 12.12954 11.7721 11.34342 11.03657 10.92664 10.94588 10.90105 10.6654 10.3257 9.935374 9.528488 9.161338 8.936111 8.974797 9.150445 9.12803 8.898738 8.657322 8.555464 8.539076 8.568917 8.710128 9.00024 9.403465 9.892139 10.37438 10.71576 10.88801 10.85583 10.76379 10.5548 10.16646 9.67828 9.188728 8.747866 8.360184 8.03617 7.787787 7.651756 7.624108 7.632822 7.614716 7.569858 7.530649 7.453931 7.352762 7.219436 7.079704 6.923449 6.788486 6.652689 6.568949
10.39337 10.6158 10.85397 11.1335 11.48132 11.79037 12.04572 12.21684 12.3269 12.37588 12.26736 12.01166 11.64342 11.27539 11.06524 11.02366 11.02388 10.93336 10.69693 10.35041 9.957677 9.56171 9.223167 8.968986 8.84446 8.839149 8.788606 8.641337 8.511809 8.499962 8.475224 8.48184 8.699474 9.089519 9.560309 10.13012 10.69256 11.07405 11.0556 10.80542 10.55067 10.25802 9.944762 9.562477 9.147629 8.763577 8.399614 8.056732 7.782109 7.609324 7.547083 7.551284 7.550934 7.51752 7.471116 7.413534 7.329663 7.203523 7.048191 6.906823 6.827511 6.746318 6.695663
10.45213 10.69899 11.00315 11.34999 11.67826 11.96425 12.18878 12.34384 12.41019 12.35875 12.15117 11.84369 11.4837 11.17592 11.07754 11.10287 11.06956 10.92595 10.64711 10.2878 9.865323 9.471559 9.197491 9.001334 8.842093 8.667885 8.509203 8.414786 8.433156 8.469359 8.423715 8.449711 8.754505 9.182467 9.667231 10.3196 10.98581 11.30919 11.15248 10.72173 10.29627 9.942739 9.694098 9.422966 9.067845 8.744856 8.409578 8.084083 7.809867 7.620918 7.535303 7.537271 7.535228 7.513203 7.469096 7.410847 7.331375 7.21736 7.054537 6.893139 6.808965 6.786695 6.784002
10.55156 10.84143 11.18058 11.5215 11.84591 12.1037 12.29537 12.41031 12.42936 12.29307 12.02524 11.67669 11.33352 11.08843 11.04523 11.11323 11.09491 10.9083 10.59553 10.21149 9.78209 9.379579 9.120288 9.023692 8.890242 8.650576 8.405515 8.290146 8.344214 8.39999 8.359058 8.455469 8.815119 9.243441 9.749169 10.49011 11.16849 11.47695 11.21325 10.61377 10.03301 9.634298 9.429794 9.275839 8.975307 8.668631 8.387833 8.101954 7.856583 7.668502 7.551016 7.539172 7.531987 7.509096 7.475329 7.429512 7.349596 7.234964 7.060983 6.891056 6.805655 6.832307 6.874073
10.69912 11.01921 11.34711 11.6828 11.97693 12.19946 12.33962 12.3965 12.35682 12.1994 11.92736 11.5487 11.19458 10.99044 10.9741 11.05301 11.0666 10.89532 10.55957 10.16397 9.731153 9.317009 9.052624 9.000716 8.925961 8.708803 8.464657 8.275009 8.25826 8.302183 8.29494 8.475394 8.857135 9.273314 9.888975 10.66279 11.2796 11.53583 11.23152 10.54738 9.842776 9.345218 9.148882 9.086484 8.858208 8.573222 8.306773 8.088429 7.902092 7.718821 7.585577 7.527364 7.504767 7.493722 7.460076 7.415246 7.325484 7.180686 7.00257 6.86842 6.828322 6.88668 6.9878
10.91683 11.20304 11.52412 11.83976 12.09908 12.26591 12.35747 12.29011 12.13338 12.00695 11.82973 11.48803 11.14457 10.92556 10.89401 10.94585 10.94724 10.81205 10.53388 10.18056 9.765443 9.343645 9.048393 8.951792 8.899016 8.736974 8.555277 8.369158 8.229702 8.199789 8.247217 8.483655 8.85857 9.327381 10.05103 10.79989 11.34229 11.47724 11.13691 10.44962 9.707794 9.14634 8.908041 8.848584 8.70523 8.491394 8.280613 8.092226 7.936007 7.798742 7.656121 7.536961 7.48441 7.459013 7.422619 7.371186 7.265374 7.069178 6.883544 6.822105 6.867665 6.984302 7.114039
11.15718 11.44571 11.73502 12.0204 12.21934 12.31913 12.32187 12.11133 11.83449 11.68741 11.64219 11.44802 11.17348 10.96298 10.85989 10.82021 10.79195 10.66764 10.43196 10.1478 9.818093 9.423317 9.110157 8.94062 8.850711 8.72462 8.609 8.478612 8.297647 8.151615 8.202014 8.445954 8.842983 9.47569 10.2295 10.9272 11.36002 11.32673 10.93772 10.27881 9.583544 9.056901 8.757744 8.646786 8.545763 8.40607 8.270563 8.130333 7.99849 7.877977 7.734282 7.585778 7.472423 7.413228 7.358888 7.275299 7.143629 6.94223 6.821088 6.870885 7.004235 7.146796 7.260645
11.42088 11.74137 12.0171 12.23639 12.36826 12.3829 12.22947 11.90265 11.50875 11.32567 11.35548 11.30699 11.16905 11.0175 10.88236 10.75352 10.66328 10.50817 10.29836 10.06258 9.81119 9.511459 9.204645 8.9692 8.813169 8.707255 8.627768 8.560455 8.394853 8.198289 8.165048 8.402004 8.915099 9.626673 10.38013 11.00438 11.29344 11.15057 10.67645 10.01315 9.422426 8.975879 8.682902 8.527227 8.427357 8.324919 8.216497 8.120763 8.023682 7.918234 7.77914 7.632648 7.490112 7.364586 7.2585 7.154244 7.017501 6.893607 6.86807 6.996019 7.162134 7.295141 7.407368
11.68376 12.04782 12.31147 12.48476 12.54418 12.45967 12.14157 11.68671 11.19711 10.97593 11.02882 11.06043 11.05116 10.98897 10.86387 10.70029 10.54813 10.39825 10.23154 10.06435 9.863935 9.629235 9.328951 9.017651 8.804402 8.723129 8.689584 8.668242 8.505619 8.248684 8.137362 8.412663 8.991272 9.723158 10.44778 10.97248 11.14669 10.94243 10.40304 9.732923 9.213838 8.874789 8.657153 8.520955 8.403194 8.284433 8.18782 8.086387 7.990158 7.883678 7.761898 7.606352 7.435985 7.278544 7.158977 7.084972 6.974865 6.96766 6.99414 7.097894 7.267546 7.432823 7.539177
11.88686 12.28612 12.56623 12.70341 12.68198 12.47028 12.08429 11.54563 10.97667 10.67392 10.70143 10.78014 10.85856 10.87053 10.77696 10.61607 10.46553 10.35956 10.23519 10.11284 9.945831 9.718309 9.409814 9.074629 8.828604 8.770486 8.811321 8.847121 8.682842 8.350697 8.154916 8.404689 9.012676 9.738462 10.41119 10.85303 10.95387 10.67634 10.13553 9.531127 9.05892 8.764193 8.614827 8.517239 8.419995 8.312921 8.211434 8.090668 7.94262 7.804021 7.66012 7.479517 7.290705 7.152349 7.08901 7.08043 7.093838 7.153609 7.181674 7.19185 7.322999 7.515816 7.653886
12.04255 12.44086 12.7173 12.83826 12.74719 12.46119 12.07383 11.51964 10.91965 10.50195 10.41158 10.48781 10.61726 10.70511 10.67423 10.53041 10.36857 10.28279 10.23826 10.1541 9.971169 9.734951 9.432098 9.1222 8.925918 8.886699 8.987432 9.030988 8.863088 8.487189 8.212754 8.393658 8.969561 9.684164 10.30337 10.66718 10.69586 10.40735 9.89441 9.367367 8.964745 8.721753 8.567383 8.485237 8.400438 8.310826 8.232459 8.122751 7.913682 7.701457 7.49021 7.285576 7.119168 7.058597 7.099313 7.184453 7.297033 7.412068 7.415697 7.306558 7.354326 7.555189 7.713882
12.12766 12.5178 12.77516 12.85992 12.70111 12.40372 12.05695 11.5711 10.98582 10.48775 10.22975 10.21769 10.34823 10.488 10.56264 10.4912 10.30671 10.19958 10.1779 10.07741 9.896306 9.656803 9.363364 9.134053 9.065304 9.103559 9.188621 9.210671 9.026438 8.630409 8.310709 8.415547 8.960148 9.610535 10.12832 10.40385 10.38067 10.11675 9.689569 9.231701 8.874033 8.683009 8.576205 8.495905 8.396585 8.297062 8.209615 8.125579 7.926569 7.633001 7.297728 7.060529 6.973764 7.045236 7.216862 7.396218 7.572599 7.715701 7.648597 7.435699 7.392461 7.566571 7.700641
12.11835 12.48742 12.70672 12.73514 12.55951 12.26393 11.99977 11.60828 11.09162 10.60061 10.22212 10.03935 10.08123 10.23863 10.40932 10.46559 10.30936 10.14899 10.07217 9.929389 9.743973 9.526525 9.275471 9.118307 9.164145 9.292318 9.383954 9.356415 9.162065 8.795568 8.438738 8.490977 8.960641 9.494359 9.906065 10.10522 10.03331 9.795647 9.496864 9.130223 8.836927 8.659397 8.56412 8.500906 8.433575 8.321478 8.196249 8.08744 7.915513 7.586476 7.173969 6.89431 6.895998 7.121375 7.41923 7.657865 7.851213 7.958095 7.846285 7.582155 7.453369 7.548657 7.645778
12.05296 12.35435 12.50291 12.47117 12.30441 12.08426 11.89966 11.5937 11.15228 10.71111 10.31307 9.987443 9.885682 10.00022 10.23116 10.39564 10.30146 10.1158 9.953732 9.762522 9.561542 9.384437 9.179308 9.083984 9.226637 9.431511 9.542944 9.509709 9.297797 8.957417 8.614918 8.60447 8.928385 9.326869 9.640361 9.782073 9.682128 9.504459 9.327078 9.058667 8.840711 8.67394 8.576303 8.500627 8.450021 8.356127 8.21874 8.035357 7.824629 7.488274 7.06136 6.79736 6.877889 7.238223 7.628483 7.888078 8.044047 8.120002 8.01214 7.765392 7.576501 7.525765 7.585364
12.01221 12.17071 12.20402 12.11762 11.95696 11.83837 11.77454 11.53935 11.21419 10.83277 10.43351 10.05203 9.793477 9.803415 10.00832 10.23764 10.27269 10.09796 9.843311 9.584925 9.385283 9.24375 9.072017 9.050381 9.26326 9.532621 9.69892 9.667209 9.48994 9.140613 8.820662 8.726495 8.912242 9.161531 9.372419 9.46271 9.361117 9.259007 9.192038 9.063567 8.883012 8.712791 8.623315 8.557218 8.487025 8.369471 8.234114 8.021673 7.712711 7.344162 6.955575 6.765434 6.922104 7.357089 7.770865 8.014744 8.150046 8.231791 8.194318 7.991531 7.777738 7.642599 7.611224
11.98162 11.94742 11.86168 11.73738 11.57376 11.54896 11.61725 11.51943 11.30834 11.00985 10.633 10.20613 9.846494 9.653189 9.772753 10.02041 10.18033 10.07365 9.777737 9.460838 9.235518 9.111466 8.987093 9.01274 9.269003 9.581182 9.837046 9.860463 9.675027 9.32475 9.003922 8.895707 8.954884 9.048716 9.136857 9.181929 9.111844 9.059147 9.072093 9.038718 8.904164 8.789197 8.703958 8.660923 8.585315 8.441937 8.239131 7.974298 7.618201 7.198787 6.880527 6.788991 7.004224 7.434062 7.815382 8.046952 8.187396 8.303061 8.309649 8.204603 8.001999 7.82233 7.740953
11.92218 11.68526 11.48951 11.34785 11.21525 11.27147 11.4207 11.45383 11.37393 11.14048 10.80978 10.36486 9.94281 9.624701 9.575883 9.800195 10.01091 9.96861 9.721297 9.395238 9.130583 8.994433 8.91069 8.975345 9.273433 9.644508 9.949672 10.03983 9.81052 9.450561 9.13205 9.036076 9.062953 9.060637 8.992659 8.926443 8.904036 8.893772 8.943614 8.964046 8.915403 8.857764 8.792259 8.761608 8.681339 8.515273 8.286692 7.944337 7.508209 7.103852 6.873284 6.835041 7.056018 7.434435 7.78547 8.017091 8.173485 8.318075 8.385123 8.369263 8.217965 8.024755 7.911567
11.84633 11.42298 11.11133 10.96516 10.889 11.01883 11.23963 11.35665 11.36144 11.19527 10.8874 10.46628 10.0252 9.667831 9.486194 9.604706 9.808097 9.804321 9.625678 9.368855 9.09563 8.929584 8.862221 8.974125 9.30343 9.707851 10.02803 10.11494 9.863375 9.496769 9.200403 9.111069 9.131371 9.086564 8.952739 8.793857 8.726336 8.740137 8.809233 8.857185 8.885463 8.857939 8.828558 8.81012 8.721262 8.544486 8.294229 7.94053 7.479571 7.106544 6.932299 6.906387 7.051372 7.365876 7.705223 7.936987 8.119312 8.278321 8.406601 8.465033 8.389563 8.237793 8.126038
11.80085 11.21637 10.78336 10.61522 10.60417 10.81572 11.07632 11.24329 11.3 11.20598 10.92727 10.5284 10.10937 9.722798 9.473803 9.472766 9.611289 9.61069 9.497197 9.328496 9.097169 8.908732 8.841951 8.971857 9.340401 9.782717 10.11466 10.14868 9.872059 9.492505 9.214958 9.116352 9.109488 9.063162 8.916378 8.741733 8.604221 8.595153 8.669988 8.772315 8.844584 8.856524 8.842361 8.80218 8.697507 8.506504 8.24326 7.920362 7.517384 7.193219 7.047792 7.019878 7.076091 7.298306 7.606402 7.843367 8.015552 8.205532 8.370428 8.485992 8.484263 8.426084 8.331128
11.77152 11.10244 10.55032 10.31257 10.41351 10.6726 10.92506 11.08816 11.1768 11.11038 10.87569 10.54506 10.1591 9.806765 9.526463 9.40914 9.445606 9.447384 9.384608 9.251712 9.081732 8.931544 8.865012 9.015455 9.420352 9.892165 10.16839 10.12395 9.84228 9.482909 9.216825 9.076801 9.029295 8.995895 8.867762 8.713396 8.575018 8.527626 8.566647 8.690532 8.809503 8.866792 8.847214 8.762838 8.630771 8.423481 8.17306 7.895236 7.599143 7.353684 7.203179 7.15009 7.160667 7.273962 7.510561 7.725271 7.900908 8.077551 8.277917 8.440775 8.522593 8.530192 8.514868
11.69937 11.02314 10.41128 10.11873 10.27147 10.55465 10.77795 10.93939 11.02812 10.95683 10.75636 10.48182 10.1814 9.846128 9.573631 9.418087 9.343769 9.307592 9.283834 9.17577 9.056162 8.962033 8.905673 9.084265 9.523499 10.00642 10.24177 10.08805 9.744237 9.40996 9.180295 9.058846 8.959542 8.889114 8.802271 8.691297 8.568593 8.488291 8.517711 8.640958 8.774608 8.864859 8.847363 8.70472 8.530485 8.334005 8.117145 7.913663 7.720475 7.551844 7.384789 7.29419 7.252963 7.309918 7.455845 7.628106 7.783622 7.949089 8.128996 8.343148 8.498357 8.582671 8.609003
11.55271 10.9361 10.31944 9.996511 10.14235 10.43265 10.67472 10.8243 10.89316 10.80282 10.61368 10.39304 10.13885 9.841452 9.594628 9.440342 9.286156 9.219348 9.186267 9.128768 9.037169 8.97502 8.935907 9.13613 9.600598 10.07881 10.28536 10.05811 9.663203 9.300224 9.08611 9.007476 8.925352 8.816908 8.739879 8.655907 8.561379 8.502973 8.513089 8.609312 8.741353 8.834182 8.802363 8.650166 8.481307 8.304265 8.136805 8.023454 7.89657 7.729488 7.561476 7.440033 7.380433 7.393977 7.470784 7.571962 7.67715 7.81585 7.970434 8.185733 8.41549 8.566631 8.646799
11.34499 10.7862 10.23616 9.900714 10.03198 10.32286 10.58772 10.74262 10.7655 10.6507 10.46888 10.26878 10.05696 9.779805 9.562911 9.436729 9.309185 9.215106 9.169352 9.135316 9.052987 8.991736 8.96279 9.195078 9.640119 10.07538 10.24187 10.01525 9.601685 9.205454 8.985222 8.914305 8.882256 8.796964 8.71187 8.636488 8.569429 8.53661 8.528175 8.572115 8.692542 8.77321 8.723119 8.601154 8.462821 8.341749 8.208516 8.120522 8.020473 7.843703 7.700966 7.603057 7.532626 7.500914 7.518964 7.575837 7.649151 7.725654 7.821013 8.009723 8.268444 8.496329 8.629266
11.12265 10.61689 10.13777 9.822097 9.929041 10.24449 10.55148 10.67973 10.64435 10.55866 10.38279 10.16556 9.956721 9.70503 9.499285 9.400247 9.298172 9.230821 9.243042 9.227566 9.111816 9.027212 9.016452 9.221861 9.616342 9.997853 10.1676 9.968006 9.558233 9.166273 8.928698 8.831069 8.823977 8.775752 8.719419 8.658578 8.621698 8.599188 8.577118 8.554708 8.638642 8.694715 8.627833 8.524015 8.435018 8.35462 8.250147 8.170713 8.068676 7.909635 7.809894 7.757958 7.700521 7.618136 7.573994 7.602781 7.670912 7.716189 7.752681 7.866316 8.081962 8.35741 8.571143
