py_wake/examples/data/AJ_ParqueFicticio/Rough survey   Sector 8   Height 30m   Power density.grd
DSAA
73  159
 258469   265669
 6501692   6517492
 .000164093   978.4554
[rows 112 to 139 of 159, columns 0 to 62 of 73]
229.8551 217.1065 208.2196 222.5466 241.8744 250.3329 259.1768 290.5301 352.4702 401.3607 432.9549 474.8352 447.4921 423.2057 364.4275 249.0202 188.4481 222.804 251.0947 230.1525 197.7731 221.8775 201.6267 222.7477 329.3263 373.5034 398.6647 325.4566 196.6038 111.3818 73.55326 66.25418 63.75673 72.91556 76.65427 80.17591 101.2325 163.8177 244.0751 306.3417 398.3 463.6735 467.1861 412.6643 330.2673 267.0924 233.8142 226.7359 232.5533 275.8537 264.8465 192.1379 122.2647 76.76183 58.39882 56.10088 57.94551 59.53396 58.89859 45.77175 20.54012 28.01428 43.34961
224.748 231.4619 242.5906 264.7879 290.3643 318.797 350.9356 405.6053 457.0005 470.7304 493.6363 545.4688 513.3818 445.685 323.8746 225.4405 211.8194 271.5162 280.8571 234.5221 217.4801 210.5776 211.87 266.4916 365.1422 381.1464 322.7065 217.1278 134.9547 91.8833 61.73019 72.49392 98.7252 106.608 109.2673 122.7924 153.2858 224.0112 319.3259 385.6888 482.431 531.5284 486.3893 384.4084 289.2804 238.246 220.7909 212.399 207.5475 193.3379 158.1576 115.6319 80.07549 60.80558 51.53912 58.56987 59.98948 63.03203 56.14477 43.67769 31.41869 39.91005 52.3506
244.8912 284.3459 303.4813 317.3173 341.1536 392.2746 469.435 522.5328 525.0507 513.2956 574.6074 600.3707 513.7852 380.2554 256.9248 208.1311 262.5107 318.6176 280.5957 222.1267 194.6559 230.1602 243.5552 285.3194 339.3931 324.2698 263.494 182.1151 105.6295 73.48368 69.21425 88.35497 114.2406 126.6191 142.6456 171.7378 239.9281 365.6167 509.5363 604.7275 668.6193 634.5587 523.0624 368.2346 288.7774 253.4299 227.1051 203.8513 183.4539 153.9406 111.9416 86.45467 64.13545 58.02307 58.78157 60.72924 62.39114 61.71556 56.83184 48.98455 40.43246 43.78565 56.11609
289.7401 332.0125 349.412 364.6289 395.0449 472.9008 544.2225 560.3257 554.9769 588.5779 665.0215 608.6778 490.1234 335.2499 257.7374 276.7481 371.9247 388.5589 347.168 315.3041 306.262 290.9081 254.697 260.9875 261.7562 228.8569 186.3524 125.7034 69.29005 65.86308 83.05568 104.2559 111.7388 115.4758 136.212 216.5972 362.2822 578.5711 802.8307 901.7977 866.9481 787.6758 588.626 421.8757 332.8371 286.7907 237.1047 198.6681 168.1699 136.3343 108.1731 80.69476 61.60973 62.25235 65.65778 64.95025 64.50758 62.50068 58.96342 52.71675 50.3121 50.89286 53.84211
281.9455 320.4076 331.8978 358.226 414.631 492.9207 526.4932 548.9462 615.0692 651.0403 707.134 646.6797 529.4256 400.9597 366.3162 457.6258 555.5517 562.5953 547.6887 523.0405 477.5948 390.2137 287.6334 234.9845 193.3817 168.9188 147.1887 92.3881 65.2009 78.04844 99.65161 101.8726 90.00033 103.5576 163.1806 294.034 511.0984 723.0281 976.8425 978.4554 948.1498 805.4537 589.9658 443.2251 341.7734 283.5002 232.2388 190.3368 152.4207 118.9976 95.97714 80.98093 71.24576 66.06859 63.35773 64.46439 62.65955 62.27689 61.58464 55.54205 52.32496 53.3479 53.69947
241.0566 260.1741 268.3141 293.2441 358.8516 413.9576 464.2591 546.6017 652.2643 734.2493 747.5967 691.4406 598.565 489.26 483.933 568.4868 645.7036 666.5564 662.731 611.7399 521.3275 393.4454 293.9847 224.8578 187.5231 152.1634 118.4131 74.77098 76.39238 112.6166 120.8633 97.89814 101.6307 178.0711 272.5109 405.7477 554.8005 721.1702 808.3539 873.5894 709.6252 544.8796 407.4831 334.4906 281.0673 235.964 198.817 154.329 117.0898 91.59802 78.35093 74.09518 71.76635 63.74151 62.96641 59.78926 58.60651 59.25829 55.3394 52.59124 56.75483 49.81753 53.22655
144.2546 151.3618 169.456 213.9647 283.6909 361.5297 442.159 542.7317 633.1987 688.0978 639.4716 664.4127 582.9351 496.7706 506.2716 562.4561 595.5566 587.8572 526.2966 463.7339 384.5583 299.8889 231.5052 184.0484 173.216 144.5999 97.26283 86.58464 109.7167 144.4751 134.9031 108.4876 150.3399 249.118 272.6395 337.2588 421.9399 520.5244 529.6038 470.3383 388.2933 300.7889 223.4072 193.1379 163.9504 154.5123 132.5992 99.55862 84.35198 71.17951 67.76727 71.93233 73.09846 66.7182 66.55783 61.1148 62.39052 60.34421 55.34967 49.06518 36.67864 37.32669 36.30112
76.6535 92.84579 127.8087 193.2146 277.7604 368.431 466.881 562.9341 611.585 614.8246 530.1158 441.5162 414.0857 385.0413 394.6577 424.7364 423.8984 353.8315 281.49 236.2036 204.7927 165.1911 137.6742 157.642 161.1265 148.9037 128.1292 125.3615 152.4487 171.1805 121.4278 102.4672 175.2547 208.2319 187.8938 236.5074 338.9694 410.7552 355.3142 263.0065 195.2544 158.0007 127.6983 117.5057 101.0028 87.20696 74.80446 62.83565 58.98368 56.09718 61.7066 71.28751 72.12608 71.15398 70.18565 68.90188 71.11799 69.97369 59.10216 37.32116 18.666 15.92793 15.72112
82.45507 116.2329 167.8391 240.1711 321.4196 414.5404 523.8906 634.1307 648.5533 567.4751 400.8673 309.1074 258.6906 251.14 289.2826 316.2445 313.3297 252.2328 196.7864 154.6751 127.7913 119.5969 116.0513 138.4906 175.2067 147.7848 131.3117 136.7549 144.0808 136.1253 89.73801 114.9693 169.7074 138.1296 143.8446 214.759 317.9091 374.5674 334.626 223.4668 156.145 114.0925 102.5275 97.4221 78.55973 59.90977 48.23223 44.85909 45.54745 49.13829 54.23695 61.43674 66.26319 69.88942 70.2284 74.70771 70.89579 70.17819 37.20851 14.75968 10.11107 13.72413 12.37317
161.8889 184.0191 235.0787 307.3765 389.9693 496.4411 604.5504 678.6409 621.0212 459.6937 338.4857 266.9814 207.4975 185.2105 212.4402 237.6583 228.5074 207.4214 176.9592 152.6118 133.1158 117.4293 106.558 129.2415 136.5338 120.2293 112.8914 119.6286 119.7515 103.209 86.54282 114.8573 118.9491 97.21668 138.8412 242.0033 354.687 396.9893 322.2035 211.5767 153.4072 109.5498 91.32578 78.86533 65.46046 57.08246 50.64251 49.05625 50.75485 54.8112 60.86222 58.33615 61.68414 64.423 68.68876 62.66041 62.95522 34.18204 8.706727 6.239388 8.139704 9.505136 17.05067
209.473 227.0766 283.2242 364.6974 460.4692 595.8485 677.248 724.4861 532.8124 394.0312 342.8763 258.7859 230.4067 219.186 181.5477 156.0538 132.2006 128.4661 120.6172 114.7873 103.7052 87.55796 93.85029 86.28132 87.76163 79.79338 107.7754 110.5853 115.8147 93.01881 98.22374 100.1791 85.49223 115.4375 211.9014 349.6877 415.4524 393.0789 280.2755 186.4668 132.8906 93.27097 73.83279 59.77983 52.33567 55.59114 60.25287 60.698 60.75418 64.51837 63.54927 62.08643 56.79905 56.00477 50.6853 44.93176 32.73269 11.28633 4.724844 7.441331 18.7847 31.92672 48.67918
243.9202 289.2419 376.7715 462.377 571.7092 665.157 716.5447 610.7949 447.7395 364.5869 333.6888 306.0096 270.1357 263.9408 214.1874 163.7639 124.7715 87.97053 66.2108 58.05622 56.83544 61.53505 76.2463 87.70705 81.37991 76.82566 71.50136 90.93237 107.296 103.2496 100.2938 89.26205 113.4675 211.5224 325.8039 399.0433 394.3255 305.6851 195.5747 127.956 97.59741 70.97193 61.06715 52.6372 46.61399 50.94688 54.64946 64.17628 69.26972 68.48896 66.68053 63.30883 59.36744 49.48482 34.43254 19.75435 11.63965 5.793952 6.906544 21.58468 46.11525 56.97531 74.50283
324.6246 424.2735 511.7253 588.8784 677.0934 721.8073 630.7213 451.892 320.0955 297.6075 296.7209 295.8475 281.622 287.4462 279.5737 243.3118 187.9467 139.982 105.4567 93.65044 88.57043 103.1484 119.3326 122.0666 98.65868 74.87406 68.70801 75.04248 91.45816 105.2778 97.87269 108.6835 190.7705 301.8476 348.9725 371.0813 319.6945 215.4857 136.0429 86.11708 60.12546 59.45844 61.58435 63.31232 59.62505 52.51487 51.96222 58.59571 65.19664 69.67334 70.2047 66.77657 58.74216 38.7053 20.7936 10.07221 5.904266 11.30403 20.57421 39.03467 57.88034 75.99916 90.45871
362.407 477.3558 590.1978 658.9511 704.5035 599.1533 437.9966 285.0801 218.0116 226.1929 248.5554 235.1578 246.9492 294.0224 287.3301 294.5549 260.3606 239.8874 214.0453 234.2672 237.1848 244.0403 213.5306 146.6746 95.44302 78.4978 84.67625 112.9597 129.5521 142.942 127.2614 145.7594 215.4627 271.7698 303.1962 306.3038 234.9771 154.6703 107.4446 74.29396 59.23227 52.54942 58.55952 64.27831 67.32513 64.49174 59.0508 59.24221 58.55327 61.15611 64.85 54.74745 33.69959 13.3668 7.580217 8.587533 9.428282 17.03887 35.97795 58.24429 66.20819 84.79392 113.0892
421.8164 517.5453 623.9023 681.6552 650.7337 506.0709 357.0573 271.0253 226.5894 202.3785 200.0601 190.3932 213.299 215.7927 196.3196 202.8941 215.1148 221.1031 270.0375 317.4425 311.0808 284.6039 216.4911 133.3401 106.2378 117.3899 176.3909 223.3292 242.1448 196.6221 142.9839 147.8229 184.1831 223.2165 262.7267 255.147 184.8039 131.2684 95.40575 68.03941 59.01711 51.94468 47.45832 49.69976 52.65071 56.78131 56.65775 50.99257 49.98859 41.70493 37.07682 21.71381 6.606071 5.514867 6.517165 7.510726 9.521255 24.95805 74.34243 75.55472 75.43013 103.3738 112.365
484.8163 584.8742 665.7889 674.9495 574.6985 448.7794 353.4018 301.2958 241.1344 198.6001 164.383 174.7701 176.0197 147.4735 133.5389 154.2497 159.1192 203.4442 251.7143 274.3476 242.6505 206.4783 145.9402 108.4699 110.142 143.7894 194.5816 240.2764 238.9802 190.4486 142.9832 120.0133 192.9689 238.729 251.3496 211.5741 155.2226 115.4683 75.90524 50.06478 40.32446 43.38268 47.58224 44.05421 43.04697 44.56941 47.90028 46.22413 40.2335 37.74975 21.96454 5.978798 5.758665 5.491129 4.071925 6.915602 28.26055 77.42723 91.67015 78.72008 82.39332 100.1542 93.51211
440.7882 581.6258 652.676 653.3014 545.4349 385.998 327.7579 277.3067 224.9252 192.2107 182.4295 150.2365 143.3034 122.9153 123.6584 147.602 146.1265 160.2507 181.1091 168.2161 139.5541 127.1447 97.43351 76.37472 96.362 121.5746 139.1915 137.724 136.0461 131.9965 93.77654 140.7969 218.277 230.5252 210.3709 158.3729 108.0571 68.49616 41.85032 29.40604 29.53189 32.07947 33.54489 39.90044 43.96892 44.41935 45.06903 50.6578 54.56374 44.19125 24.61314 2.991307 3.916361 10.8338 29.06416 55.69575 92.15826 105.999 88.49476 66.49879 72.30163 75.50453 66.69106
404.0026 561.4112 638.9603 600.7866 448.1293 271.7206 219.6853 189.922 154.2675 148.1986 144.5096 131.0531 126.0742 126.9898 137.1504 141.6385 131.0125 126.7131 122.9103 110.5375 89.43304 90.0892 70.44459 60.10093 79.96852 92.15788 95.6392 80.44183 72.40953 68.57887 85.25951 118.625 151.2695 149.9431 131.0008 97.51334 59.54047 33.03077 23.23308 19.67821 26.08061 28.08366 29.37623 30.76704 38.965 45.12347 49.56418 54.25724 55.80166 50.42017 17.81759 2.012975 .9836649 30.92049 70.59275 104.6691 105.2037 90.28588 67.5487 55.22195 60.11596 62.31272 68.52674
508.2253 618.4951 594.3221 444.4663 291.7684 194.3867 185.08 148.6134 123.8877 121.4332 119.3335 120.7609 126.58 138.7372 141.5538 131.0926 118.0061 120.77 99.36397 80.27847 74.22894 74.9018 56.38687 59.44514 78.08928 84.20461 81.64252 79.90718 80.58535 75.6701 67.55191 78.91227 76.82932 78.25664 77.07799 58.95362 35.8749 29.63929 29.92054 29.58352 33.36272 32.5284 30.70422 33.72697 36.33614 42.40165 53.7984 60.59137 55.09323 38.61672 6.545944 2.683705 3.27455 59.97039 93.98899 94.35701 90.95628 82.89575 72.85777 72.00493 78.67152 76.83978 75.39191
724.2327 681.0833 514.1519 355.5988 217.0526 197.8362 201.9202 169.2075 175.4207 183.0663 174.7176 174.9987 180.8326 153.0686 131.8328 123.835 132.388 119.5341 105.4411 81.54263 72.21933 69.11729 52.55585 58.76016 70.88385 79.34615 95.98717 117.865 146.6433 137.0966 108.4848 85.70683 76.50194 53.87714 52.37265 49.8949 42.678 41.80593 44.27446 44.89867 43.13782 44.2869 47.04588 48.49794 52.92228 61.01308 58.01176 60.12662 53.98637 24.13676 2.798099 4.855137 29.02148 84.89583 95.99626 88.74586 90.59614 97.24564 91.49603 91.00977 89.78145 79.24744 79.60358
711.2387 562.2106 424.3806 319.7702 204.5945 191.488 179.7004 183.1152 205.2939 211.9548 226.606 214.5607 187.6097 169.0524 142.7096 135.1736 134.5885 137.6768 101.5173 89.24341 73.84789 65.16399 54.42641 53.89629 70.19199 90.98033 129.8562 178.6667 193.7317 170.9949 134.6395 125.7529 126.1209 93.32874 74.21183 54.23122 57.29733 61.50842 59.0259 55.162 55.80328 62.379 66.95636 71.39121 83.70592 81.1846 71.50449 61.3129 38.68185 10.12288 15.27507 14.82949 60.07837 89.86242 93.58592 87.75639 92.1057 94.04546 95.40004 88.76392 86.34469 81.09714 84.80953
636.3033 433.8461 316.8005 235.5344 152.2858 159.1781 164.332 172.0169 189.5294 192.3184 183.5593 166.4676 151.2607 138.6358 129.2371 135.3595 127.3263 111.2108 89.15312 75.09082 76.35087 64.50208 56.77151 60.11711 71.14212 102.1866 140.9325 175.3991 166.0121 152.7926 136.0453 150.4446 160.3355 130.0921 102.2658 86.62435 65.73407 54.13992 49.77205 47.99363 53.78609 54.52117 68.48497 84.27054 92.45449 86.39214 74.26637 57.01259 28.52321 15.31016 25.6228 37.05487 56.39176 73.4863 85.80899 90.52863 91.7981 89.34984 97.24252 102.1561 92.81352 88.20727 91.73653
539.8341 352.5482 248.2486 173.6825 139.1592 171.1845 205.883 221.6792 223.0096 223.5423 187.9088 154.5974 124.0855 104.576 95.10551 102.2657 92.72176 78.86121 69.56489 69.03259 64.31721 62.33291 51.64211 54.44455 63.12531 94.21754 122.7782 146.6964 120.9669 107.8303 107.2901 120.7837 122.4852 124.2527 103.0557 85.14914 65.92623 52.91804 47.91428 41.36406 40.35938 45.79333 58.31115 68.06307 72.2808 68.37333 57.75309 42.89288 22.07302 18.48623 30.87443 40.84355 50.15836 62.77875 82.04107 88.47655 92.22243 95.48308 104.0056 101.8164 98.96614 100.4339 105.7161
503.2438 337.7378 254.6628 174.434 178.3 217.898 244.0816 237.9931 243.1363 232.2563 202.1107 160.9667 129.1213 104.5694 95.19318 78.87208 74.0461 69.53897 66.44579 64.64682 57.10762 54.93435 54.13223 57.39478 62.5526 99.26775 125.782 136.351 116.1735 94.20613 84.241 82.59525 78.70518 84.21809 74.28056 62.80527 59.31481 47.64945 40.37204 39.904 42.04567 48.19329 53.6634 56.17883 49.32935 39.21859 24.14306 17.36049 17.21741 19.35734 33.55099 44.1172 52.20492 61.09572 79.18543 84.86739 90.82243 97.93349 102.4351 103.2534 99.49965 103.3244 108.1666
486.6681 339.7957 249.0358 193.6536 205.3821 221.8275 194.4441 167.262 180.1412 184.3917 169.3105 148.9193 135.1328 126.2236 108.8577 98.7534 78.16365 57.19919 64.17159 58.83911 52.21952 58.36317 60.7212 64.80333 85.94448 122.7442 140.0363 132.2502 97.87369 83.78371 78.71259 72.94392 61.22889 55.14079 47.09986 46.32772 45.43834 42.2997 45.22628 48.4691 47.5025 52.11487 53.43489 42.10455 30.65463 20.28622 13.64828 13.40616 18.19493 32.36678 42.94724 50.82052 53.38718 59.33258 72.14614 81.65881 86.91508 93.41979 97.9602 99.53802 101.4708 99.86754 102.1865
411.929 291.2454 224.7222 173.4986 190.414 165.6414 128.8916 131.1871 141.1553 127.8249 110.335 106.0882 120.4781 119.1907 106.6081 87.89928 74.96048 61.67466 52.66777 46.66941 56.48959 65.77729 64.95512 71.7654 107.6233 136.713 145.9402 117.0048 83.20129 63.43317 60.5853 57.61792 53.01326 42.09094 39.91 36.22293 39.9659 43.93074 48.99603 56.86512 56.65369 58.39362 58.66648 40.4437 31.19814 25.79093 29.09949 36.22227 53.05164 53.82079 48.60968 48.19328 50.12183 56.08657 59.22892 63.36731 71.63404 80.61282 81.99407 85.94279 95.15437 98.28729 97.06302
286.7157 218.9226 180.5002 141.9629 135.3837 104.7847 105.6056 129.9055 124.7858 96.29691 76.24524 79.59457 90.59864 82.69588 77.67489 84.65182 70.64693 60.88061 52.51894 53.31155 57.08621 61.40833 63.73058 85.0544 117.3145 127.0514 133.3586 94.95319 69.15175 53.5015 47.5405 48.99913 47.53674 46.3804 37.98665 38.90889 39.10527 44.51474 50.44149 54.71833 60.05658 64.59302 52.7631 43.35424 39.27393 37.14221 47.30684 55.48796 61.79601 53.80746 43.76444 40.89771 43.56171 51.37209 56.38605 54.48549 48.61918 51.68434 58.64944 69.37852 80.27318 89.01266 94.84272
212.1623 172.3878 154.6789 106.1441 89.80318 91.15456 121.7844 148.8647 127.2101 91.67439 80.11549 72.94341 67.22823 64.89915 58.37622 72.14232 71.43496 60.87984 59.56384 64.98756 64.65155 66.0814 76.42936 102.8446 112.0368 106.8344 96.05273 75.7702 57.21278 52.45995 50.55581 45.5164 49.85331 46.47383 41.38418 41.72267 39.99994 45.50955 49.79608 50.5895 50.72616 51.5083 44.69297 30.6847 28.01833 30.44975 36.85226 40.36509 39.41167 39.64597 46.15503 59.38001 68.29518 77.16601 62.27735 51.78875 45.01665 43.55033 46.1282 55.72717 68.20584 79.4539 91.34053
