py_wake/examples/data/AJ_ParqueFicticio/Rough survey   Sector 8   Height 200m   Weibull-A.grd
DSAA
73  159
 258469   265669
 6501692   6517492
 5.886637   12.32152
[rows 0 to 27 of 159, columns 0 to 62 of 73]
8.612823 8.603044 8.598372 8.585656 8.576586 8.564219 8.554234 8.544413 8.534091 8.525868 8.512628 8.499271 8.486884 8.473412 8.463557 8.44921 8.434775 8.408581 8.381055 8.347059 8.314343 8.330076 8.412564 8.505006 8.542751 8.535995 8.565851 8.638443 8.681875 8.693452 8.704837 8.73088 8.781857 8.811676 8.844428 8.868031 8.882485 8.883545 8.852749 8.798554 8.721484 8.649797 8.584514 8.523473 8.481483 8.442651 8.410659 8.345886 8.319488 8.286351 8.255777 8.230951 8.208628 8.194703 8.193889 8.178199 8.187455 8.197989 8.211439 8.227847 8.248005 8.272642 8.289964
8.577201 8.579793 8.576317 8.565243 8.552372 8.541011 8.533373 8.523727 8.515191 8.507838 8.492786 8.478545 8.464957 8.456747 8.450429 8.43954 8.427561 8.410552 8.38857 8.376037 8.382853 8.419532 8.510064 8.594719 8.64168 8.646663 8.664033 8.717844 8.73542 8.757126 8.768874 8.804111 8.852453 8.889449 8.922014 8.93545 8.920279 8.895432 8.850779 8.788455 8.696836 8.631944 8.579611 8.533114 8.490676 8.448396 8.407339 8.344295 8.307394 8.274704 8.238912 8.21378 8.188332 8.179891 8.182549 8.164122 8.182391 8.202678 8.229773 8.253294 8.279863 8.307505 8.335002
8.567282 8.568065 8.557927 8.545221 8.52478 8.5137 8.504017 8.497794 8.494591 8.486765 8.475989 8.457148 8.443186 8.435518 8.434174 8.429448 8.422466 8.410772 8.406112 8.409321 8.434426 8.491739 8.556565 8.63912 8.708907 8.739593 8.750017 8.764432 8.77741 8.787705 8.81006 8.850739 8.891531 8.925568 8.946961 8.955861 8.922663 8.871816 8.829522 8.761252 8.654423 8.594926 8.550669 8.518 8.479229 8.436763 8.393152 8.357226 8.29381 8.25249 8.213277 8.187539 8.174585 8.174002 8.176771 8.184115 8.178807 8.205992 8.239195 8.272495 8.309749 8.34771 8.387422
8.556223 8.548867 8.529097 8.513616 8.496324 8.487451 8.476296 8.469921 8.466596 8.459965 8.452834 8.437702 8.426676 8.417776 8.415132 8.417356 8.415982 8.407159 8.411874 8.429093 8.465981 8.525674 8.599082 8.681701 8.740604 8.781495 8.790529 8.80218 8.794723 8.80178 8.828051 8.858879 8.883032 8.884196 8.872128 8.83972 8.813659 8.774368 8.740332 8.674913 8.564435 8.515989 8.502488 8.490069 8.462956 8.429461 8.367907 8.324936 8.265894 8.227142 8.201528 8.196113 8.181693 8.168687 8.163006 8.17321 8.173676 8.206614 8.247595 8.293461 8.347476 8.395962 8.434909
8.525812 8.512674 8.499277 8.48637 8.475212 8.457936 8.448847 8.442985 8.439406 8.435734 8.429942 8.417943 8.408808 8.403658 8.4005 8.398728 8.406577 8.408427 8.421625 8.455714 8.50034 8.544667 8.628602 8.705222 8.753483 8.801333 8.818385 8.809254 8.789647 8.783592 8.801251 8.828221 8.783046 8.732034 8.667875 8.600422 8.575213 8.566033 8.534122 8.47481 8.424325 8.410871 8.441799 8.471041 8.467743 8.420649 8.344517 8.29236 8.264149 8.223606 8.214248 8.199342 8.178263 8.154406 8.145595 8.153857 8.183517 8.198985 8.249741 8.310738 8.374252 8.438883 8.479379
8.507684 8.47824 8.468024 8.475868 8.45927 8.435392 8.42772 8.430875 8.428354 8.423069 8.416899 8.402475 8.386021 8.39535 8.391279 8.3802 8.393993 8.40934 8.444915 8.492801 8.540855 8.600732 8.661474 8.726701 8.768153 8.794018 8.788179 8.781137 8.749056 8.735904 8.713346 8.677787 8.590296 8.489286 8.415597 8.357 8.321489 8.313004 8.280374 8.23132 8.26273 8.331571 8.405275 8.438263 8.403966 8.336642 8.283733 8.263444 8.246474 8.2106 8.195827 8.167826 8.136905 8.111841 8.102437 8.115067 8.151739 8.180945 8.243801 8.315842 8.384102 8.431859 8.443755
8.504505 8.480759 8.461428 8.450245 8.442271 8.421281 8.436924 8.449172 8.44353 8.434976 8.420168 8.393993 8.376665 8.387266 8.387654 8.370621 8.369454 8.396619 8.427689 8.481264 8.548726 8.622891 8.69641 8.74764 8.772411 8.766577 8.744511 8.722378 8.690907 8.642636 8.59103 8.514916 8.406898 8.323364 8.257283 8.194374 8.151972 8.117764 8.086571 8.096244 8.189378 8.300496 8.364732 8.346735 8.275424 8.215553 8.211177 8.231286 8.216611 8.160437 8.132826 8.091874 8.050722 8.030139 8.029037 8.056653 8.109941 8.170558 8.216487 8.289895 8.332028 8.321391 8.237683
8.517112 8.501657 8.492709 8.466342 8.450026 8.436707 8.452731 8.477649 8.47265 8.457291 8.433636 8.399742 8.382646 8.380335 8.379487 8.356241 8.345308 8.361794 8.399796 8.457421 8.53237 8.61657 8.698882 8.736034 8.744453 8.717072 8.703128 8.654045 8.605941 8.550098 8.472859 8.379386 8.289133 8.211433 8.142097 8.075516 8.029078 7.983933 7.973438 8.019659 8.126585 8.224813 8.22084 8.160838 8.089335 8.105111 8.157326 8.166596 8.130015 8.071592 8.010129 7.962091 7.909978 7.886861 7.927843 7.991044 8.057984 8.118682 8.163143 8.190477 8.154764 8.045451 7.875635
8.52543 8.513061 8.5052 8.479335 8.460986 8.456161 8.484973 8.505595 8.506495 8.478275 8.437873 8.412457 8.385063 8.379364 8.367775 8.341573 8.326127 8.331405 8.366692 8.417864 8.486195 8.538095 8.598634 8.637123 8.649508 8.647634 8.629876 8.590904 8.511894 8.441402 8.368219 8.274019 8.182884 8.098467 8.028731 7.958789 7.902062 7.872543 7.883587 7.924932 7.967197 7.993972 7.945719 7.877199 7.892631 7.966486 7.994342 7.964847 7.902287 7.829445 7.776789 7.730863 7.686933 7.72944 7.82013 7.921334 8.003353 8.055827 8.055955 8.014832 7.876979 7.685855 7.46946
8.53667 8.523753 8.510372 8.506845 8.507887 8.511022 8.547771 8.564404 8.53472 8.482157 8.427622 8.409106 8.388893 8.375513 8.35955 8.34236 8.323946 8.324305 8.339107 8.365351 8.402349 8.425362 8.447014 8.479744 8.510077 8.537199 8.537826 8.504364 8.425622 8.338853 8.270877 8.18477 8.080904 7.99768 7.914206 7.849247 7.818378 7.794331 7.781251 7.783554 7.762414 7.714148 7.624907 7.598031 7.659643 7.72231 7.705933 7.659796 7.593151 7.526115 7.479382 7.451642 7.471408 7.598213 7.754517 7.86647 7.942623 7.962908 7.932473 7.787957 7.594441 7.356268 7.152816
8.543916 8.537208 8.527807 8.541285 8.580319 8.59511 8.606617 8.598244 8.53002 8.449388 8.405362 8.400583 8.395871 8.374039 8.371622 8.361897 8.344225 8.335492 8.332283 8.326236 8.322061 8.313992 8.317936 8.352029 8.377546 8.387343 8.392654 8.380056 8.322557 8.24509 8.150988 8.071415 7.990091 7.902471 7.826238 7.773119 7.740795 7.716729 7.678384 7.650626 7.591192 7.51489 7.439328 7.397413 7.418473 7.418939 7.35537 7.307487 7.268598 7.215266 7.205848 7.227942 7.350371 7.531036 7.686953 7.785365 7.830971 7.815598 7.728982 7.536422 7.330924 7.119988 6.982874
8.56261 8.55993 8.562085 8.585962 8.599227 8.599335 8.593109 8.550241 8.488325 8.412082 8.392829 8.417648 8.416564 8.394171 8.380548 8.390681 8.411674 8.379968 8.35337 8.319301 8.283766 8.255592 8.263685 8.270419 8.27791 8.266015 8.235126 8.246696 8.21934 8.129719 8.026556 7.951349 7.879004 7.813467 7.750453 7.701915 7.667435 7.635965 7.594741 7.527593 7.463022 7.383979 7.315593 7.253119 7.218315 7.162868 7.083847 7.03126 6.993343 6.971735 6.999354 7.091503 7.260404 7.417376 7.524263 7.563968 7.548764 7.480951 7.371709 7.219706 7.040069 6.914965 6.868292
8.577133 8.583887 8.59028 8.597416 8.592516 8.583994 8.554458 8.499926 8.447769 8.424995 8.455337 8.483225 8.455157 8.410676 8.388811 8.394185 8.4318 8.427261 8.398582 8.363043 8.329396 8.306098 8.279314 8.237808 8.20644 8.173007 8.128085 8.094141 8.057958 7.97333 7.895677 7.816487 7.763132 7.705842 7.655833 7.624262 7.592379 7.549866 7.497344 7.42432 7.348211 7.273758 7.197832 7.124065 7.058304 6.989892 6.90505 6.847993 6.819261 6.816386 6.867185 6.955419 7.075351 7.159855 7.186697 7.125834 7.026228 6.926989 6.829362 6.756004 6.703674 6.717527 6.772869
8.590019 8.592922 8.588719 8.588442 8.580518 8.563429 8.530612 8.504118 8.475271 8.494178 8.526101 8.522074 8.49199 8.449466 8.43263 8.452656 8.446104 8.43252 8.451481 8.431973 8.399243 8.360672 8.314797 8.238758 8.16417 8.103469 8.033613 7.95441 7.894101 7.840234 7.787272 7.725109 7.65937 7.59782 7.56379 7.540266 7.520211 7.469898 7.409162 7.328331 7.239334 7.158171 7.082081 7.009931 6.931973 6.845498 6.773034 6.709358 6.702184 6.702421 6.758498 6.814143 6.823998 6.805168 6.72923 6.600488 6.497375 6.431211 6.409445 6.434165 6.510135 6.607993 6.721014
8.603838 8.595573 8.585902 8.582345 8.572425 8.553351 8.525345 8.508163 8.496387 8.509376 8.528944 8.532092 8.516944 8.505975 8.503967 8.509184 8.506706 8.521573 8.519056 8.495975 8.473159 8.431028 8.349963 8.242637 8.152118 8.066944 7.986176 7.906902 7.824744 7.767932 7.719149 7.655658 7.596922 7.523786 7.48137 7.472139 7.461184 7.412954 7.336614 7.240761 7.138575 7.052285 6.975718 6.928113 6.834177 6.740601 6.672343 6.629802 6.602354 6.619438 6.647706 6.645733 6.590007 6.511806 6.408246 6.310298 6.266963 6.286612 6.351404 6.442975 6.565094 6.686929 6.790427
8.603754 8.589115 8.578149 8.572061 8.562802 8.547177 8.530019 8.511193 8.495013 8.492002 8.523976 8.539704 8.540201 8.557201 8.588424 8.590837 8.573899 8.579439 8.571138 8.524346 8.510082 8.473424 8.383214 8.276338 8.163632 8.072244 7.980608 7.888255 7.803079 7.738088 7.692403 7.627365 7.54868 7.48437 7.459422 7.460435 7.440381 7.38433 7.28979 7.185858 7.08879 7.015798 6.948061 6.870111 6.774139 6.686104 6.640635 6.618729 6.616597 6.613697 6.604608 6.568497 6.506674 6.415505 6.368114 6.366198 6.432249 6.549192 6.670368 6.77188 6.865449 6.916339 6.961323
8.59845 8.580121 8.570855 8.564534 8.558502 8.547708 8.531258 8.522682 8.512309 8.514708 8.528427 8.551397 8.574588 8.59766 8.624391 8.615444 8.590368 8.57919 8.57091 8.526093 8.497586 8.472541 8.404765 8.30963 8.210748 8.114032 8.016166 7.915579 7.826648 7.762315 7.718709 7.647739 7.558147 7.526369 7.573373 7.565544 7.517869 7.427095 7.301527 7.145059 7.084181 7.024402 6.940644 6.870521 6.781729 6.72255 6.696244 6.703105 6.714059 6.723584 6.700476 6.658041 6.623636 6.602938 6.638875 6.730602 6.879869 7.016707 7.132748 7.198579 7.224143 7.211174 7.141166
8.596056 8.576493 8.564582 8.558261 8.554346 8.546863 8.538306 8.530451 8.530499 8.531957 8.548468 8.559254 8.590014 8.606358 8.609062 8.601594 8.577571 8.563831 8.548076 8.509734 8.4781 8.458141 8.412483 8.356954 8.289335 8.195466 8.111544 8.017734 7.93439 7.876581 7.827448 7.732979 7.673501 7.702422 7.758185 7.740873 7.658472 7.55016 7.397771 7.238791 7.178916 7.110721 7.031367 6.977422 6.928639 6.892962 6.87982 6.905061 6.951086 6.973235 6.955481 6.913572 6.917552 6.955869 7.054224 7.175719 7.296222 7.396272 7.459206 7.472152 7.44962 7.390113 7.279694
8.593523 8.576023 8.56555 8.553795 8.551693 8.545891 8.540891 8.540343 8.544333 8.546444 8.566973 8.576764 8.587139 8.586157 8.58919 8.589112 8.568787 8.548299 8.535539 8.511981 8.472615 8.446576 8.420474 8.395062 8.360383 8.299862 8.227176 8.158896 8.108776 8.056759 7.967584 7.850843 7.852362 7.907025 7.943673 7.900481 7.798407 7.654677 7.471337 7.323133 7.289495 7.286641 7.27149 7.265589 7.257627 7.226593 7.196237 7.227034 7.281813 7.284971 7.24001 7.188629 7.19268 7.263197 7.337162 7.432124 7.50793 7.559405 7.578536 7.57163 7.547991 7.484451 7.391598
8.593779 8.576999 8.562111 8.544954 8.54067 8.538418 8.545394 8.548489 8.551793 8.55739 8.570617 8.578115 8.577121 8.570105 8.567546 8.567705 8.557384 8.535426 8.528578 8.511028 8.47283 8.441947 8.425259 8.413503 8.379791 8.329354 8.278746 8.242657 8.213774 8.148887 8.018513 7.944521 8.000636 8.060337 8.05635 7.997168 7.861913 7.696804 7.522483 7.445087 7.486319 7.54609 7.583669 7.596088 7.602791 7.568808 7.540287 7.536325 7.565653 7.527106 7.43411 7.37605 7.365837 7.408493 7.44772 7.508135 7.565789 7.610781 7.606541 7.607977 7.600653 7.564948 7.496253
8.583323 8.569316 8.551264 8.5347 8.524728 8.533259 8.540065 8.546828 8.552793 8.558661 8.56291 8.566108 8.563093 8.554578 8.552582 8.552071 8.55043 8.534009 8.529314 8.511631 8.476619 8.442451 8.419782 8.397167 8.378181 8.336897 8.301371 8.260339 8.221901 8.123121 8.029903 8.024526 8.064127 8.088171 8.083151 8.033768 7.894432 7.736993 7.619267 7.634494 7.708428 7.791528 7.828311 7.836527 7.817351 7.74833 7.706578 7.706912 7.699889 7.611815 7.507968 7.451529 7.437748 7.436931 7.467428 7.505256 7.553843 7.601434 7.628988 7.668627 7.688088 7.683568 7.651811
8.561243 8.547338 8.525414 8.510618 8.512485 8.521405 8.532613 8.542431 8.551948 8.54747 8.545563 8.550654 8.555321 8.54743 8.537885 8.542253 8.54432 8.538026 8.52436 8.502415 8.475651 8.434779 8.416548 8.386857 8.362408 8.32889 8.285482 8.233283 8.162778 8.064651 8.060776 8.094904 8.101186 8.102909 8.080863 8.005836 7.889487 7.758135 7.724957 7.791696 7.86675 7.920634 7.916449 7.896912 7.848749 7.799362 7.762692 7.74286 7.671799 7.564266 7.476278 7.448368 7.441918 7.435344 7.472584 7.507779 7.560498 7.642938 7.724144 7.798594 7.850454 7.866755 7.852888
8.545621 8.526502 8.50713 8.504125 8.508618 8.517807 8.527717 8.534485 8.54244 8.535764 8.528893 8.530526 8.539915 8.541072 8.535889 8.526926 8.533528 8.525699 8.512725 8.486758 8.465553 8.42628 8.40381 8.378876 8.346397 8.30388 8.246303 8.182909 8.102935 8.076067 8.129563 8.178127 8.171951 8.1238 8.067489 7.963769 7.860865 7.785957 7.807771 7.861733 7.89566 7.913413 7.890543 7.852701 7.805918 7.769378 7.720959 7.665192 7.565275 7.457157 7.397748 7.38747 7.410382 7.417442 7.486413 7.557985 7.663295 7.793943 7.93233 8.031824 8.090367 8.092054 8.036035
8.538837 8.523427 8.522144 8.516043 8.520248 8.5231 8.526595 8.52862 8.532234 8.522667 8.515885 8.514082 8.523735 8.529625 8.53387 8.532756 8.523608 8.50513 8.49062 8.475389 8.455631 8.421506 8.394671 8.376561 8.329635 8.280847 8.219725 8.149414 8.091551 8.124364 8.208132 8.227304 8.200583 8.134842 8.031521 7.938295 7.864375 7.831952 7.865055 7.869725 7.852252 7.837167 7.812937 7.768083 7.721363 7.678298 7.615565 7.54534 7.455297 7.36341 7.317079 7.335374 7.397387 7.442644 7.542839 7.684072 7.863783 8.038005 8.21919 8.344252 8.354114 8.294392 8.182061
8.540053 8.529279 8.534138 8.533611 8.528853 8.526784 8.530657 8.527026 8.527489 8.511986 8.510694 8.509823 8.516953 8.525879 8.529817 8.527504 8.517649 8.499724 8.477771 8.464317 8.445051 8.425938 8.390618 8.371809 8.33236 8.27597 8.221148 8.172029 8.154039 8.184899 8.253286 8.225115 8.163813 8.089984 8.009727 7.92352 7.889331 7.87315 7.87481 7.853776 7.787489 7.766289 7.7328 7.681296 7.635446 7.574266 7.517215 7.44213 7.372222 7.307533 7.287192 7.334181 7.447584 7.542667 7.693147 7.907839 8.133547 8.361029 8.554468 8.636631 8.575741 8.424246 8.235843
8.535448 8.529841 8.536097 8.541616 8.539978 8.532852 8.528105 8.528874 8.520897 8.508963 8.50692 8.514804 8.510454 8.522279 8.524457 8.521705 8.508423 8.492239 8.469892 8.452704 8.440254 8.429838 8.393344 8.369005 8.342971 8.292777 8.242899 8.214546 8.21835 8.216964 8.202562 8.175502 8.127019 8.052932 7.977729 7.929757 7.893396 7.890502 7.882614 7.844033 7.794899 7.773247 7.71807 7.652128 7.581098 7.500515 7.445974 7.378799 7.32933 7.291259 7.315711 7.412804 7.580482 7.727173 7.906733 8.171515 8.447025 8.695433 8.842622 8.837513 8.675538 8.44484 8.201161
8.54679 8.546438 8.549741 8.54775 8.547673 8.541911 8.538472 8.531528 8.526071 8.523258 8.520884 8.523177 8.524716 8.508207 8.514711 8.514537 8.503657 8.487395 8.469035 8.446077 8.43659 8.421299 8.406706 8.373789 8.332551 8.288746 8.247149 8.221143 8.210412 8.183296 8.158029 8.132277 8.093641 8.029857 7.954165 7.91359 7.89678 7.888829 7.89687 7.855049 7.798731 7.748392 7.700718 7.651782 7.573934 7.48684 7.40193 7.33366 7.309631 7.339662 7.402723 7.557234 7.791403 7.995735 8.187833 8.468633 8.77818 8.982404 9.017367 8.885699 8.646402 8.368673 8.101473
8.555825 8.558979 8.55758 8.557878 8.55444 8.550719 8.548008 8.541436 8.537973 8.545541 8.543542 8.538131 8.534393 8.53035 8.518832 8.504723 8.499084 8.481735 8.46981 8.452796 8.428988 8.418536 8.395306 8.36437 8.321686 8.269756 8.215392 8.192762 8.187953 8.152387 8.129723 8.112798 8.049271 7.978309 7.919196 7.907614 7.907269 7.899076 7.874917 7.810986 7.758046 7.702031 7.685216 7.634015 7.570066 7.499646 7.40509 7.367776 7.368936 7.438316 7.576409 7.780355 8.056096 8.294539 8.504697 8.761347 9.037085 9.167366 9.085023 8.861092 8.553814 8.255652 8.006994
