py_wake/examples/data/AJ_ParqueFicticio/Rough survey   Sector 6   Height 30m   Weibull-k.grd
DSAA
73  159
 258469   265669
 6501692   6517492
 .7480469   2.744141
[rows 28 to 55 of 159, columns 0 to 62 of 73]
2.298828 2.298828 2.298828 2.298828 2.298828 2.298828 2.298828 2.298828 2.302734 2.302734 2.298828 2.298828 2.298828 2.294922 2.294922 2.294922 2.291016 2.291016 2.291016 2.291016 2.291016 2.294922 2.291016 2.287109 2.283203 2.275391 2.275391 2.275391 2.279297 2.279297 2.279297 2.279297 2.271484 2.275391 2.275391 2.283203 2.291016 2.279297 2.271484 2.255859 2.283203 2.294922 2.283203 2.248047 2.205078 2.177734 2.158203 2.119141 2.087891 2.087891 2.130859 2.173828 2.173828 2.181641 2.255859 2.310547 2.310547 2.310547 2.310547 2.310547 2.310547 2.283203 2.255859
2.298828 2.298828 2.298828 2.302734 2.302734 2.302734 2.298828 2.298828 2.298828 2.302734 2.302734 2.298828 2.298828 2.294922 2.294922 2.291016 2.291016 2.291016 2.291016 2.291016 2.294922 2.294922 2.291016 2.287109 2.283203 2.279297 2.275391 2.275391 2.275391 2.275391 2.275391 2.279297 2.275391 2.294922 2.337891 2.314453 2.287109 2.279297 2.271484 2.267578 2.291016 2.306641 2.283203 2.259766 2.236328 2.205078 2.189453 2.185547 2.193359 2.193359 2.205078 2.220703 2.220703 2.205078 2.255859 2.310547 2.310547 2.310547 2.310547 2.310547 2.302734 2.287109 2.279297
2.298828 2.298828 2.298828 2.302734 2.302734 2.302734 2.302734 2.298828 2.298828 2.302734 2.302734 2.302734 2.302734 2.294922 2.291016 2.291016 2.291016 2.291016 2.294922 2.294922 2.291016 2.291016 2.287109 2.287109 2.283203 2.279297 2.275391 2.275391 2.275391 2.279297 2.279297 2.279297 2.298828 2.314453 2.322266 2.294922 2.287109 2.291016 2.283203 2.279297 2.283203 2.302734 2.302734 2.271484 2.248047 2.240234 2.244141 2.251953 2.259766 2.255859 2.251953 2.255859 2.255859 2.244141 2.271484 2.310547 2.310547 2.310547 2.310547 2.302734 2.275391 2.306641 2.255859
2.298828 2.298828 2.298828 2.302734 2.302734 2.302734 2.302734 2.298828 2.302734 2.302734 2.302734 2.302734 2.302734 2.294922 2.291016 2.291016 2.291016 2.294922 2.294922 2.294922 2.291016 2.291016 2.287109 2.283203 2.283203 2.279297 2.279297 2.279297 2.283203 2.287109 2.283203 2.275391 2.275391 2.298828 2.302734 2.298828 2.294922 2.302734 2.294922 2.275391 2.283203 2.306641 2.322266 2.298828 2.271484 2.255859 2.259766 2.275391 2.283203 2.271484 2.263672 2.263672 2.259766 2.255859 2.251953 2.275391 2.287109 2.302734 2.294922 2.275391 2.283203 2.298828 2.279297
2.302734 2.302734 2.302734 2.302734 2.302734 2.302734 2.302734 2.302734 2.302734 2.302734 2.302734 2.302734 2.302734 2.298828 2.294922 2.294922 2.294922 2.294922 2.294922 2.294922 2.291016 2.291016 2.287109 2.283203 2.283203 2.283203 2.283203 2.283203 2.287109 2.291016 2.287109 2.283203 2.283203 2.294922 2.306641 2.302734 2.298828 2.310547 2.287109 2.271484 2.267578 2.283203 2.306641 2.330078 2.306641 2.283203 2.271484 2.283203 2.287109 2.279297 2.267578 2.248047 2.232422 2.205078 2.193359 2.205078 2.232422 2.251953 2.248047 2.263672 2.310547 2.341797 2.310547
2.302734 2.302734 2.302734 2.302734 2.302734 2.302734 2.302734 2.302734 2.302734 2.302734 2.302734 2.302734 2.302734 2.298828 2.298828 2.294922 2.294922 2.294922 2.294922 2.291016 2.291016 2.287109 2.287109 2.283203 2.283203 2.283203 2.287109 2.287109 2.287109 2.291016 2.287109 2.287109 2.291016 2.294922 2.310547 2.314453 2.302734 2.314453 2.302734 2.294922 2.259766 2.263672 2.271484 2.306641 2.341797 2.302734 2.275391 2.267578 2.263672 2.240234 2.212891 2.212891 2.208984 2.193359 2.134766 2.130859 2.158203 2.181641 2.224609 2.279297 2.373047 2.380859 2.310547
2.302734 2.302734 2.302734 2.302734 2.302734 2.302734 2.302734 2.302734 2.302734 2.302734 2.302734 2.302734 2.302734 2.302734 2.302734 2.298828 2.298828 2.298828 2.294922 2.291016 2.291016 2.287109 2.283203 2.283203 2.283203 2.287109 2.291016 2.291016 2.291016 2.287109 2.287109 2.291016 2.291016 2.294922 2.310547 2.322266 2.302734 2.318359 2.314453 2.306641 2.240234 2.232422 2.251953 2.287109 2.326172 2.330078 2.279297 2.259766 2.263672 2.259766 2.251953 2.232422 2.232422 2.224609 2.189453 2.115234 2.111328 2.208984 2.275391 2.322266 2.396484 2.357422 2.310547
2.302734 2.302734 2.302734 2.302734 2.302734 2.302734 2.302734 2.302734 2.302734 2.302734 2.302734 2.302734 2.302734 2.302734 2.302734 2.302734 2.302734 2.298828 2.294922 2.291016 2.287109 2.287109 2.283203 2.283203 2.287109 2.287109 2.291016 2.291016 2.291016 2.291016 2.291016 2.291016 2.291016 2.294922 2.306641 2.322266 2.322266 2.322266 2.318359 2.294922 2.228516 2.205078 2.208984 2.263672 2.310547 2.353516 2.337891 2.306641 2.306641 2.302734 2.298828 2.291016 2.283203 2.275391 2.244141 2.197266 2.193359 2.259766 2.291016 2.365234 2.384766 2.322266 2.310547
2.298828 2.298828 2.302734 2.302734 2.302734 2.302734 2.302734 2.302734 2.302734 2.302734 2.306641 2.306641 2.306641 2.302734 2.302734 2.306641 2.306641 2.302734 2.294922 2.291016 2.287109 2.287109 2.287109 2.287109 2.287109 2.291016 2.291016 2.291016 2.294922 2.294922 2.294922 2.294922 2.298828 2.310547 2.322266 2.337891 2.357422 2.349609 2.361328 2.349609 2.279297 2.205078 2.212891 2.251953 2.310547 2.353516 2.396484 2.361328 2.357422 2.353516 2.345703 2.310547 2.291016 2.271484 2.255859 2.220703 2.228516 2.275391 2.302734 2.400391 2.388672 2.326172 2.310547
2.298828 2.302734 2.302734 2.302734 2.306641 2.306641 2.302734 2.302734 2.302734 2.302734 2.302734 2.302734 2.306641 2.302734 2.306641 2.306641 2.302734 2.302734 2.294922 2.294922 2.287109 2.287109 2.287109 2.291016 2.287109 2.291016 2.291016 2.294922 2.294922 2.298828 2.302734 2.302734 2.310547 2.318359 2.326172 2.341797 2.380859 2.369141 2.380859 2.396484 2.353516 2.271484 2.232422 2.244141 2.294922 2.310547 2.384766 2.345703 2.318359 2.314453 2.310547 2.306641 2.279297 2.244141 2.220703 2.208984 2.216797 2.275391 2.349609 2.419922 2.404297 2.361328 2.330078
2.302734 2.302734 2.302734 2.302734 2.302734 2.306641 2.302734 2.302734 2.302734 2.302734 2.302734 2.302734 2.302734 2.306641 2.306641 2.306641 2.302734 2.298828 2.294922 2.294922 2.294922 2.291016 2.294922 2.291016 2.291016 2.291016 2.291016 2.294922 2.298828 2.302734 2.306641 2.306641 2.314453 2.326172 2.333984 2.349609 2.388672 2.404297 2.419922 2.412109 2.392578 2.330078 2.263672 2.251953 2.267578 2.322266 2.369141 2.310547 2.310547 2.310547 2.306641 2.294922 2.259766 2.232422 2.193359 2.177734 2.212891 2.283203 2.361328 2.431641 2.423828 2.396484 2.376953
2.302734 2.306641 2.302734 2.302734 2.302734 2.302734 2.306641 2.302734 2.302734 2.302734 2.302734 2.302734 2.306641 2.306641 2.306641 2.302734 2.302734 2.298828 2.294922 2.294922 2.302734 2.298828 2.298828 2.294922 2.294922 2.291016 2.294922 2.294922 2.298828 2.306641 2.314453 2.314453 2.322266 2.330078 2.333984 2.365234 2.404297 2.427734 2.447266 2.427734 2.408203 2.373047 2.322266 2.271484 2.263672 2.314453 2.396484 2.345703 2.310547 2.310547 2.310547 2.302734 2.291016 2.279297 2.259766 2.244141 2.232422 2.298828 2.353516 2.419922 2.419922 2.416016 2.400391
2.302734 2.306641 2.306641 2.306641 2.306641 2.306641 2.302734 2.302734 2.302734 2.302734 2.306641 2.306641 2.306641 2.302734 2.302734 2.302734 2.302734 2.302734 2.298828 2.298828 2.302734 2.298828 2.298828 2.298828 2.294922 2.294922 2.294922 2.298828 2.306641 2.314453 2.326172 2.326172 2.330078 2.333984 2.341797 2.365234 2.400391 2.443359 2.455078 2.447266 2.435547 2.412109 2.392578 2.337891 2.298828 2.337891 2.416016 2.423828 2.408203 2.388672 2.326172 2.310547 2.310547 2.310547 2.310547 2.279297 2.279297 2.310547 2.322266 2.388672 2.408203 2.412109 2.396484
2.302734 2.306641 2.302734 2.306641 2.306641 2.306641 2.302734 2.302734 2.302734 2.302734 2.306641 2.306641 2.306641 2.302734 2.302734 2.302734 2.302734 2.302734 2.298828 2.298828 2.298828 2.298828 2.298828 2.298828 2.298828 2.298828 2.302734 2.306641 2.310547 2.322266 2.330078 2.333984 2.337891 2.345703 2.349609 2.365234 2.408203 2.451172 2.455078 2.451172 2.447266 2.435547 2.427734 2.392578 2.365234 2.388672 2.439453 2.451172 2.447266 2.439453 2.419922 2.376953 2.330078 2.310547 2.310547 2.298828 2.287109 2.310547 2.310547 2.310547 2.341797 2.345703 2.357422
2.302734 2.302734 2.302734 2.302734 2.306641 2.306641 2.302734 2.298828 2.302734 2.302734 2.302734 2.306641 2.302734 2.302734 2.302734 2.306641 2.306641 2.306641 2.302734 2.298828 2.294922 2.294922 2.294922 2.298828 2.302734 2.310547 2.310547 2.314453 2.318359 2.326172 2.333984 2.341797 2.341797 2.353516 2.361328 2.376953 2.419922 2.451172 2.439453 2.443359 2.439453 2.431641 2.423828 2.384766 2.369141 2.373047 2.431641 2.451172 2.435547 2.419922 2.400391 2.376953 2.330078 2.310547 2.306641 2.291016 2.283203 2.306641 2.310547 2.310547 2.310547 2.318359 2.314453
2.302734 2.302734 2.298828 2.298828 2.302734 2.306641 2.306641 2.298828 2.298828 2.302734 2.302734 2.302734 2.306641 2.306641 2.306641 2.306641 2.306641 2.306641 2.306641 2.298828 2.298828 2.298828 2.302734 2.302734 2.310547 2.314453 2.314453 2.318359 2.318359 2.330078 2.337891 2.337891 2.349609 2.357422 2.357422 2.376953 2.408203 2.435547 2.439453 2.431641 2.423828 2.392578 2.365234 2.326172 2.314453 2.310547 2.310547 2.345703 2.333984 2.314453 2.310547 2.310547 2.310547 2.287109 2.271484 2.275391 2.298828 2.306641 2.310547 2.310547 2.310547 2.310547 2.310547
2.302734 2.298828 2.298828 2.294922 2.294922 2.298828 2.302734 2.302734 2.302734 2.302734 2.302734 2.306641 2.306641 2.306641 2.306641 2.306641 2.306641 2.306641 2.306641 2.302734 2.298828 2.302734 2.306641 2.302734 2.302734 2.306641 2.310547 2.314453 2.322266 2.333984 2.337891 2.333984 2.345703 2.353516 2.349609 2.365234 2.388672 2.412109 2.427734 2.416016 2.400391 2.337891 2.310547 2.310547 2.302734 2.232422 2.181641 2.251953 2.294922 2.294922 2.298828 2.294922 2.263672 2.248047 2.287109 2.302734 2.310547 2.310547 2.306641 2.298828 2.298828 2.310547 2.310547
2.298828 2.298828 2.298828 2.294922 2.291016 2.294922 2.302734 2.302734 2.306641 2.306641 2.306641 2.306641 2.306641 2.306641 2.306641 2.302734 2.302734 2.302734 2.302734 2.302734 2.306641 2.306641 2.306641 2.302734 2.302734 2.302734 2.306641 2.310547 2.314453 2.330078 2.330078 2.322266 2.341797 2.353516 2.337891 2.353516 2.376953 2.400391 2.400391 2.388672 2.380859 2.314453 2.310547 2.302734 2.232422 2.193359 2.255859 2.291016 2.310547 2.310547 2.306641 2.302734 2.310547 2.310547 2.310547 2.310547 2.310547 2.310547 2.302734 2.287109 2.279297 2.279297 2.298828
2.298828 2.298828 2.298828 2.294922 2.294922 2.294922 2.302734 2.302734 2.302734 2.306641 2.310547 2.306641 2.306641 2.302734 2.302734 2.302734 2.302734 2.302734 2.302734 2.302734 2.306641 2.302734 2.302734 2.298828 2.306641 2.306641 2.306641 2.306641 2.310547 2.310547 2.314453 2.310547 2.310547 2.337891 2.318359 2.337891 2.361328 2.384766 2.396484 2.388672 2.376953 2.345703 2.314453 2.310547 2.314453 2.326172 2.353516 2.365234 2.357422 2.333984 2.310547 2.310547 2.310547 2.310547 2.310547 2.310547 2.306641 2.291016 2.291016 2.279297 2.287109 2.283203 2.283203
2.298828 2.298828 2.298828 2.291016 2.291016 2.294922 2.298828 2.298828 2.298828 2.306641 2.310547 2.310547 2.306641 2.302734 2.302734 2.302734 2.302734 2.302734 2.306641 2.302734 2.302734 2.302734 2.302734 2.306641 2.306641 2.302734 2.302734 2.306641 2.310547 2.310547 2.310547 2.310547 2.310547 2.318359 2.310547 2.314453 2.341797 2.373047 2.400391 2.388672 2.396484 2.400391 2.400391 2.396484 2.380859 2.357422 2.365234 2.341797 2.310547 2.310547 2.310547 2.310547 2.310547 2.310547 2.310547 2.310547 2.298828 2.248047 2.248047 2.251953 2.275391 2.283203 2.283203
2.298828 2.298828 2.298828 2.294922 2.291016 2.294922 2.294922 2.298828 2.298828 2.298828 2.310547 2.310547 2.306641 2.302734 2.298828 2.298828 2.302734 2.306641 2.306641 2.302734 2.298828 2.302734 2.306641 2.302734 2.302734 2.298828 2.298828 2.302734 2.306641 2.306641 2.310547 2.310547 2.310547 2.310547 2.310547 2.310547 2.326172 2.349609 2.384766 2.380859 2.384766 2.392578 2.396484 2.380859 2.357422 2.310547 2.306641 2.287109 2.283203 2.294922 2.310547 2.310547 2.310547 2.310547 2.310547 2.310547 2.298828 2.263672 2.232422 2.193359 2.224609 2.259766 2.259766
2.298828 2.294922 2.294922 2.294922 2.294922 2.294922 2.294922 2.294922 2.294922 2.294922 2.298828 2.306641 2.306641 2.302734 2.298828 2.298828 2.298828 2.302734 2.302734 2.302734 2.298828 2.298828 2.298828 2.294922 2.287109 2.291016 2.294922 2.298828 2.302734 2.306641 2.310547 2.310547 2.310547 2.310547 2.310547 2.310547 2.314453 2.326172 2.349609 2.345703 2.341797 2.322266 2.310547 2.310547 2.310547 2.294922 2.283203 2.287109 2.310547 2.310547 2.310547 2.310547 2.310547 2.310547 2.310547 2.310547 2.298828 2.259766 2.232422 2.205078 2.154297 2.185547 2.216797
2.294922 2.294922 2.291016 2.298828 2.298828 2.298828 2.298828 2.294922 2.294922 2.294922 2.294922 2.294922 2.298828 2.302734 2.306641 2.302734 2.298828 2.294922 2.298828 2.302734 2.298828 2.298828 2.294922 2.291016 2.294922 2.298828 2.294922 2.294922 2.298828 2.306641 2.310547 2.310547 2.310547 2.310547 2.310547 2.310547 2.310547 2.310547 2.314453 2.318359 2.310547 2.310547 2.310547 2.310547 2.310547 2.310547 2.310547 2.310547 2.310547 2.310547 2.310547 2.310547 2.310547 2.310547 2.294922 2.279297 2.294922 2.279297 2.267578 2.220703 2.166016 2.142578 2.185547
2.294922 2.294922 2.294922 2.298828 2.298828 2.298828 2.298828 2.294922 2.294922 2.294922 2.294922 2.294922 2.298828 2.302734 2.306641 2.306641 2.306641 2.298828 2.298828 2.302734 2.298828 2.294922 2.294922 2.294922 2.298828 2.298828 2.294922 2.294922 2.298828 2.302734 2.306641 2.310547 2.310547 2.310547 2.310547 2.310547 2.310547 2.310547 2.310547 2.310547 2.310547 2.310547 2.310547 2.326172 2.337891 2.330078 2.326172 2.322266 2.310547 2.310547 2.310547 2.310547 2.310547 2.310547 2.263672 2.197266 2.244141 2.279297 2.287109 2.271484 2.189453 2.158203 2.173828
2.294922 2.294922 2.294922 2.294922 2.298828 2.298828 2.298828 2.294922 2.294922 2.294922 2.298828 2.298828 2.298828 2.302734 2.302734 2.302734 2.306641 2.302734 2.298828 2.302734 2.302734 2.298828 2.298828 2.298828 2.298828 2.298828 2.298828 2.302734 2.298828 2.298828 2.298828 2.298828 2.302734 2.310547 2.310547 2.310547 2.310547 2.310547 2.310547 2.310547 2.310547 2.310547 2.310547 2.318359 2.337891 2.326172 2.314453 2.310547 2.310547 2.310547 2.310547 2.310547 2.310547 2.310547 2.291016 2.162109 2.146484 2.228516 2.310547 2.310547 2.248047 2.169922 2.146484
2.294922 2.294922 2.294922 2.298828 2.298828 2.298828 2.298828 2.298828 2.294922 2.298828 2.298828 2.298828 2.298828 2.302734 2.298828 2.298828 2.302734 2.302734 2.302734 2.302734 2.306641 2.298828 2.298828 2.302734 2.302734 2.302734 2.302734 2.302734 2.294922 2.291016 2.291016 2.302734 2.310547 2.306641 2.298828 2.310547 2.310547 2.310547 2.310547 2.310547 2.310547 2.310547 2.310547 2.310547 2.310547 2.310547 2.310547 2.310547 2.310547 2.310547 2.310547 2.306641 2.302734 2.310547 2.310547 2.166016 2.103516 2.158203 2.294922 2.310547 2.310547 2.197266 2.103516
2.294922 2.294922 2.298828 2.298828 2.298828 2.298828 2.298828 2.298828 2.298828 2.298828 2.298828 2.298828 2.298828 2.298828 2.298828 2.298828 2.298828 2.302734 2.302734 2.302734 2.306641 2.306641 2.294922 2.298828 2.302734 2.302734 2.302734 2.298828 2.287109 2.275391 2.279297 2.298828 2.310547 2.310547 2.310547 2.310547 2.310547 2.310547 2.330078 2.310547 2.310547 2.310547 2.310547 2.310547 2.310547 2.310547 2.310547 2.310547 2.310547 2.310547 2.310547 2.287109 2.275391 2.310547 2.310547 2.240234 2.134766 2.146484 2.244141 2.310547 2.314453 2.259766 2.150391
2.298828 2.298828 2.298828 2.298828 2.298828 2.298828 2.298828 2.298828 2.298828 2.298828 2.298828 2.298828 2.298828 2.298828 2.302734 2.298828 2.302734 2.302734 2.302734 2.298828 2.302734 2.302734 2.298828 2.302734 2.302734 2.302734 2.302734 2.298828 2.283203 2.271484 2.275391 2.310547 2.310547 2.310547 2.310547 2.310547 2.310547 2.314453 2.388672 2.392578 2.330078 2.349609 2.326172 2.322266 2.314453 2.310547 2.310547 2.310547 2.310547 2.310547 2.310547 2.267578 2.255859 2.302734 2.310547 2.255859 2.130859 2.146484 2.220703 2.294922 2.376953 2.291016 2.134766
