py_wake/examples/data/AJ_ParqueFicticio/Rough survey   Sector 3   Height 200m   Orographic speed.grd
DSAA
73  159
 258469   265669
 6501692   6517492
 .6954415   1.555917
[rows 28 to 55 of 159, columns 0 to 62 of 73]
.9651388 .9657799 .9662301 .9665806 .9669891 .9676061 .9679529 .9683116 .9686386 .9696357 .9711572 .9727986 .9737145 .9738631 .9739657 .9738119 .9738054 .9740998 .9738258 .9734834 .9727817 .971591 .9703329 .9676394 .9631608 .956553 .9502578 .9475927 .9472397 .9466873 .9455177 .9425663 .9338734 .9221818 .9160741 .9230964 .9273232 .923925 .9204277 .90965 .9029506 .9040868 .9083583 .9168617 .9231693 .9260457 .9272476 .9353198 .9560362 .9827464 1.015914 1.058766 1.111491 1.160568 1.199175 1.245436 1.287155 1.291535 1.246612 1.175885 1.103224 1.04427 1.008417
.9649085 .9654681 .9667478 .9671837 .9680992 .9685493 .9685531 .9688498 .9696442 .9706464 .972091 .9731607 .9740661 .9738416 .9732527 .9729642 .9733123 .9740279 .9742774 .9740022 .9730645 .9706138 .9681858 .9655937 .9616331 .956125 .9508061 .9478598 .9465509 .9457006 .9442412 .9404979 .9320694 .9223907 .9188754 .923063 .9234474 .9195303 .9166445 .9096403 .9028432 .9020323 .9044783 .9105642 .917541 .9239489 .931824 .9469511 .9726571 1.005312 1.042177 1.087203 1.139482 1.19115 1.234488 1.276749 1.30494 1.289786 1.230359 1.152279 1.080283 1.028414 1.01262
.9645064 .9652142 .9664811 .9671741 .9682075 .9686443 .9689019 .9690391 .9696698 .9711717 .9720408 .9726336 .9728061 .9720167 .9716427 .9721242 .9731947 .9741564 .9746 .974714 .9726601 .9695727 .9662783 .9635211 .9599358 .9557199 .9516709 .9485797 .9459389 .9445985 .9425516 .9393047 .9306417 .9214768 .9176009 .9183375 .9188936 .9169203 .9125652 .9087305 .9031199 .8991315 .9038029 .9100175 .9163228 .9256552 .9401277 .9625685 .9935403 1.030167 1.069024 1.11456 1.165941 1.217528 1.2635 1.299301 1.310416 1.275274 1.204251 1.124247 1.056472 1.020062 1.032756
.9645289 .9649717 .9657214 .9665102 .9678058 .968206 .9685833 .9685718 .9695767 .9705472 .9712958 .9717539 .9718059 .9706579 .9703405 .9714643 .9731446 .9749303 .9755595 .9742878 .9715829 .9686894 .9649537 .961637 .9585499 .9548808 .9518986 .9496408 .9459093 .9435112 .9412824 .9361768 .9263493 .9185065 .915701 .915804 .9136028 .9107335 .9076397 .9064668 .9033924 .9006119 .9044117 .9122158 .9212846 .9328242 .9509448 .977686 1.009666 1.046243 1.086594 1.134561 1.186402 1.237253 1.283197 1.310102 1.303725 1.253262 1.176478 1.098899 1.042507 1.027405 1.067461
.9644112 .9650202 .9659187 .9665377 .9674414 .9678816 .9682588 .9688156 .9693415 .9698529 .9705001 .9707897 .9708613 .9694005 .9697441 .971334 .9735365 .9754679 .9757893 .9731148 .9702185 .9673009 .9637718 .9605195 .9573027 .9538165 .9511885 .9491093 .9460899 .9429121 .9397094 .9344102 .9252996 .9186975 .916407 .915556 .9114526 .9048429 .9023505 .903367 .9043387 .9030443 .9067767 .9148244 .9271257 .9442037 .9662991 .9903122 1.018803 1.053901 1.09527 1.143243 1.195621 1.247301 1.292372 1.312089 1.291826 1.232281 1.155339 1.085819 1.045494 1.051618 1.110217
.9653261 .9657078 .9662155 .9672275 .9678258 .968697 .968744 .9691787 .9695423 .9702005 .9703842 .9706219 .969794 .9686536 .9699661 .9718518 .9742631 .9759704 .975292 .9723198 .9687923 .9657674 .9628572 .9594385 .9564571 .9536258 .9509795 .9499605 .9467274 .9422147 .9384096 .9332862 .9261398 .9195238 .9155329 .9136058 .9092961 .8999152 .8971596 .8993122 .9020371 .9069363 .9115396 .9206342 .9340056 .9536053 .9772909 1.001752 1.02836 1.061655 1.103109 1.151461 1.202415 1.252059 1.294281 1.312384 1.281923 1.219925 1.147735 1.089124 1.061254 1.084693 1.152018
.9656436 .9662363 .9666647 .9675819 .9680552 .9690588 .96899 .9692692 .9701115 .9705428 .9713659 .9712541 .9709631 .9702731 .971485 .9735153 .9757622 .9766661 .9741697 .970471 .9667017 .9634516 .9604892 .9578734 .9554302 .9532295 .9519682 .9494172 .946218 .9422608 .9372837 .9326609 .9270613 .9212219 .9144062 .9099875 .9066038 .8989511 .8931807 .8922979 .8975523 .9090648 .9208041 .9331433 .9449851 .9642891 .9864607 1.012069 1.04112 1.076501 1.119501 1.167299 1.216254 1.262109 1.29745 1.310594 1.278933 1.221211 1.153906 1.102289 1.08724 1.122413 1.189264
.9649133 .9660833 .9668525 .9673874 .9680676 .9685357 .9691584 .9696105 .9700405 .9707674 .9715679 .9715129 .9712795 .9708762 .9724944 .9745573 .9766042 .976404 .972348 .9671693 .9628898 .9600006 .9583258 .9565507 .9549465 .9539012 .9521165 .9491261 .9456123 .9415014 .9370127 .9320576 .9271485 .9219616 .9146497 .9077411 .9042491 .8991673 .8899648 .8852629 .8947802 .9106554 .9324659 .9514555 .96532 .9808801 1.003046 1.03091 1.061676 1.098309 1.13932 1.187794 1.233728 1.272973 1.303136 1.312839 1.285747 1.230505 1.166056 1.120129 1.119475 1.163853 1.222843
.9633595 .9644037 .9656932 .9675075 .9687953 .9696652 .9700895 .9700391 .9704503 .9708631 .9716523 .9718562 .9714967 .9707425 .9724624 .9746557 .9758316 .9749419 .9694709 .9637098 .9590279 .9572905 .9565155 .9562941 .9559588 .9546798 .9519025 .9487672 .945015 .9411475 .9367301 .9317854 .9277234 .9239365 .9182439 .9100153 .9032282 .8976404 .8885387 .8878101 .8997723 .921154 .9484926 .9741265 .9916172 1.002927 1.02282 1.051038 1.083768 1.118874 1.156834 1.199452 1.241441 1.278695 1.30752 1.318265 1.294784 1.241357 1.181605 1.146667 1.160923 1.207759 1.254089
.9613654 .9630039 .9648018 .9669327 .9691393 .9697146 .9695023 .9701418 .9705727 .9715222 .9713354 .9713771 .9712 .9702792 .9717328 .9726515 .9725113 .9710976 .9669259 .9610015 .9566903 .9557433 .9560784 .9566901 .9566556 .9547312 .9518934 .9483665 .9444759 .9405411 .9365349 .9332777 .9299953 .9272799 .9229183 .914477 .902814 .8955214 .8916725 .8921337 .9079911 .9367545 .9694679 .998313 1.019341 1.028699 1.040053 1.06624 1.096749 1.126976 1.160816 1.198521 1.237956 1.275402 1.308676 1.324468 1.304227 1.256705 1.20602 1.185896 1.210695 1.251668 1.28002
.961706 .9630909 .9652191 .9665555 .9679257 .9687378 .968236 .9694306 .9707045 .9716893 .9718193 .9719872 .971322 .9710231 .9712419 .9709292 .9697349 .9678306 .9647006 .960586 .9560332 .9562008 .9570894 .9577786 .9572725 .9550472 .9517148 .9483186 .9445634 .9401529 .936334 .9354573 .9334431 .9312361 .9271742 .9187762 .9039325 .8966665 .8947293 .8998554 .9202526 .9528163 .9904777 1.023906 1.043658 1.051758 1.057805 1.076237 1.099342 1.125394 1.157712 1.194473 1.235113 1.275348 1.311835 1.332895 1.320008 1.281015 1.242608 1.236065 1.258809 1.285462 1.290221
.963128 .9645157 .9662907 .9679148 .968398 .9691514 .9693481 .9700518 .9712155 .9728 .9738435 .9735929 .9728809 .971766 .9710057 .9698272 .9691427 .9678976 .9653087 .9620753 .9586799 .9584749 .9592371 .9598576 .9579561 .9549378 .9520237 .9488524 .9452228 .9414591 .9391013 .9378683 .9372318 .9350145 .932401 .9241397 .9119049 .9025531 .9002353 .9122553 .9374596 .9725066 1.010744 1.045432 1.06767 1.072957 1.076143 1.089483 1.106218 1.129342 1.163528 1.202292 1.242461 1.285391 1.323714 1.348031 1.341994 1.312703 1.288174 1.282993 1.292525 1.294993 1.279059
.9627026 .9645708 .9669914 .9689806 .9701772 .9704987 .970638 .9710931 .9724201 .9738499 .9749598 .9755206 .9730418 .9710835 .9701052 .9697567 .9691616 .9678153 .9664415 .9637209 .9616942 .9604601 .9605022 .9602023 .9571273 .9540028 .9515673 .9492882 .9472561 .9453589 .9436198 .9421484 .9408545 .9400724 .9381508 .9326739 .9214162 .9117432 .9138875 .9331044 .9620032 .9974987 1.033828 1.065528 1.088706 1.095572 1.096163 1.104537 1.119048 1.142707 1.17844 1.219085 1.261626 1.302946 1.338809 1.36292 1.365039 1.346243 1.328863 1.314607 1.298259 1.278562 1.25073
.9639112 .9654097 .9666583 .9682827 .9696819 .9693864 .9689788 .9700373 .9718269 .9737937 .9750311 .9746773 .9710211 .9682702 .9676482 .967848 .967917 .9679156 .9662774 .9641157 .9634442 .9629909 .9616084 .960431 .9574853 .9531461 .9524431 .9517352 .9513679 .9492387 .9483898 .9476542 .9470391 .9466979 .9456328 .9421334 .9327574 .9239032 .9343122 .9571508 .9879282 1.021518 1.053631 1.083549 1.105688 1.114805 1.112614 1.116443 1.13258 1.159415 1.19432 1.234691 1.274273 1.311159 1.345331 1.372002 1.381918 1.373165 1.35148 1.319982 1.283834 1.249118 1.214838
.9650453 .9663742 .967787 .9684225 .9688751 .9692561 .9680308 .9683039 .9702393 .9717278 .9724047 .9720505 .9697462 .9669867 .9665331 .967225 .9675967 .9673792 .9657012 .9631883 .9627149 .9633443 .9642723 .9626264 .959191 .9555811 .9548429 .9545121 .9540506 .9526855 .9519836 .9511367 .9521632 .9530526 .9531006 .9513752 .9447612 .9416668 .9545519 .9764571 1.003234 1.032883 1.061082 1.09023 1.11075 1.118516 1.114279 1.114165 1.13332 1.162443 1.198241 1.234318 1.269699 1.304655 1.340382 1.374016 1.393601 1.38692 1.355043 1.309635 1.260335 1.215037 1.17785
.9651652 .9671885 .9689462 .9698885 .9702301 .968773 .9659916 .9664871 .9695891 .9717544 .9724092 .9715525 .9700302 .9685918 .9678376 .9674926 .9670501 .9665008 .9647521 .9616785 .9616604 .9641436 .9667166 .9653379 .9618983 .9589041 .9573905 .956652 .9567719 .9557788 .9550638 .9559308 .9580309 .9593366 .9601303 .9597127 .9564921 .9559024 .965841 .9854996 1.007821 1.033385 1.060858 1.085976 1.101765 1.104811 1.100353 1.104738 1.126303 1.156407 1.189059 1.22194 1.255575 1.292728 1.337776 1.38113 1.403818 1.389758 1.344947 1.288882 1.233058 1.183768 1.145322
.9638891 .9657918 .9679388 .9697063 .9687212 .9665326 .9645752 .9655353 .9688404 .9718636 .9738604 .9729729 .9709576 .9689274 .967639 .9667536 .9662049 .9645369 .9625835 .9606862 .960921 .9640616 .9665084 .966334 .9614924 .9595702 .9594401 .9604483 .9603332 .959526 .9589142 .9613594 .9638402 .9648358 .9670257 .9672003 .9664127 .9668764 .9748247 .9885159 1.006912 1.031591 1.056165 1.073663 1.083368 1.084767 1.087433 1.098498 1.122797 1.152736 1.181932 1.212208 1.24916 1.297195 1.350344 1.396122 1.409118 1.379419 1.325071 1.261354 1.202856 1.15545 1.120874
.9633216 .965391 .9667246 .9682288 .9678353 .9662055 .9655185 .9673527 .9698684 .9724908 .9748264 .9738434 .9714339 .9688185 .9673538 .9661624 .9656142 .9639124 .9620182 .9606756 .9617705 .9637501 .9655617 .9643921 .9611652 .9591629 .9606194 .9622007 .9622427 .9599382 .9610882 .9665793 .9671782 .9679235 .9716273 .9727517 .9732943 .9754393 .9830201 .9922074 1.00705 1.027468 1.046095 1.058359 1.069779 1.08114 1.094991 1.11267 1.135236 1.160285 1.187554 1.221231 1.266776 1.323154 1.376445 1.410008 1.402036 1.356183 1.292658 1.230915 1.178194 1.136088 1.107072
.9622774 .9650943 .9663699 .9670539 .9676108 .96794 .9691429 .9714764 .9730957 .973834 .9752092 .9736098 .9703212 .9679618 .9663876 .9657209 .9648363 .9637312 .9623658 .9622501 .9628409 .9648761 .9662481 .9646234 .9622247 .960745 .9617087 .9628615 .962756 .9606319 .9618799 .9672804 .9686741 .9707032 .9763628 .9777822 .9784317 .9817899 .9877963 .9991947 1.012751 1.02744 1.043676 1.061054 1.081225 1.101346 1.117236 1.133814 1.151927 1.175737 1.205735 1.248317 1.300787 1.356226 1.396257 1.407832 1.379673 1.322537 1.256704 1.198425 1.154139 1.121677 1.09808
.9605913 .9633539 .9650393 .9651688 .9665871 .9694999 .9721191 .9749873 .9771832 .9771569 .9750419 .9725382 .9680839 .9643728 .9627061 .9633479 .9635496 .963794 .9638562 .962894 .9640974 .9662179 .9674101 .9670861 .9633949 .9612575 .9609655 .9620441 .9619851 .9620948 .963943 .9680615 .9719022 .9737086 .9802352 .9841498 .9856335 .9893349 .9958622 1.007017 1.021062 1.037158 1.055531 1.07465 1.094752 1.112904 1.124782 1.136065 1.153019 1.181704 1.223902 1.279253 1.336565 1.379273 1.396336 1.381674 1.342664 1.285704 1.224048 1.171487 1.13308 1.103828 1.083883
.9597688 .9614352 .9629951 .9634845 .9659124 .969704 .973686 .9770459 .9794038 .9775543 .9742224 .9705546 .9652036 .9600178 .9591786 .9602847 .9616278 .9628512 .9626911 .9604213 .9618312 .9639473 .9654616 .9648513 .9604433 .9577308 .9590701 .9605481 .962694 .9652601 .9700531 .9753706 .9781509 .9801564 .9864848 .9914421 .9947204 .9986752 1.004852 1.014753 1.028605 1.043582 1.060404 1.077342 1.093588 1.106626 1.116248 1.131635 1.159248 1.200589 1.254808 1.312059 1.358796 1.380473 1.373556 1.342555 1.297964 1.246644 1.192348 1.149447 1.117006 1.090482 1.068985
.9598861 .9617539 .9622834 .9631379 .9664463 .9705913 .9749897 .977634 .9785668 .9761822 .9709335 .9666026 .9617964 .9571185 .9568198 .9596852 .9609571 .9607934 .9601006 .9578009 .9586825 .9605246 .9615433 .9602195 .9580414 .9558229 .9582359 .9619194 .9645989 .9685825 .9748479 .9815797 .9849522 .9886178 .9949766 1.000944 1.003773 1.006799 1.011498 1.020547 1.032816 1.044584 1.05787 1.071111 1.083833 1.097127 1.114955 1.145437 1.186617 1.237198 1.290996 1.336164 1.35965 1.35764 1.336037 1.297355 1.254405 1.208177 1.160225 1.126686 1.101432 1.078432 1.060506
.9593194 .9618174 .9636777 .9651989 .9687251 .9724183 .9766999 .9785545 .9772352 .9742962 .9687993 .9628174 .958167 .9574832 .9589526 .9608032 .9618433 .9609636 .9585496 .9567583 .9576395 .9590788 .9599921 .9592873 .9593093 .9610265 .9621471 .9644726 .9670815 .9727033 .9778703 .9833432 .9870272 .9916412 1.000175 1.006983 1.008694 1.011599 1.017575 1.025206 1.035457 1.046404 1.05734 1.068606 1.084042 1.105873 1.136342 1.174845 1.218561 1.265133 1.309072 1.33952 1.339604 1.319387 1.29265 1.255836 1.216148 1.176365 1.134384 1.103625 1.085307 1.07107 1.055964
.9583502 .9615672 .9648767 .9676109 .9710958 .9748966 .9778811 .9777297 .9761852 .972873 .9678071 .9625227 .9593409 .9587803 .9596722 .9606979 .9615956 .9607607 .9594976 .9603031 .9604167 .9602489 .959888 .959348 .9614002 .9652423 .9667262 .9674002 .9707317 .9765163 .9827745 .9854677 .9878322 .9930863 1.003579 1.011014 1.012509 1.016343 1.022848 1.030911 1.04121 1.052339 1.065347 1.080409 1.100838 1.129586 1.163902 1.199764 1.23604 1.272789 1.305606 1.325297 1.311524 1.278018 1.248371 1.219989 1.186987 1.152234 1.115326 1.086897 1.070544 1.063857 1.05708
.9578847 .9621645 .9649484 .968348 .9719698 .9752914 .9774088 .9768505 .9750786 .9725123 .9685467 .9645731 .9611325 .9606724 .9610265 .9605669 .9595961 .9579806 .9589607 .9620429 .9641459 .9636512 .9616971 .96139 .9642749 .9677227 .9695359 .9707379 .9741763 .9796886 .9861938 .9887163 .9908515 .9979268 1.009186 1.015684 1.019616 1.0255 1.030946 1.039186 1.049597 1.060577 1.076859 1.09471 1.119192 1.149868 1.181114 1.20893 1.237268 1.266466 1.294698 1.306894 1.282439 1.239917 1.207689 1.189538 1.168009 1.138822 1.103281 1.074569 1.059909 1.055048 1.054565
.959646 .9631784 .966175 .9701761 .9735183 .9759994 .9769154 .9762887 .9740836 .9720631 .9691292 .9657135 .9628238 .961804 .9618034 .9615124 .9591092 .956809 .9577969 .9615409 .9644648 .9645042 .9629329 .9640827 .9668831 .9705293 .9709207 .9729953 .9773028 .9832407 .9894011 .9944575 .9978005 1.008199 1.019111 1.028577 1.036339 1.040677 1.043727 1.054987 1.063752 1.074247 1.089957 1.108887 1.1337 1.161257 1.186431 1.208242 1.232248 1.257731 1.280278 1.285447 1.256567 1.207567 1.173204 1.160058 1.154149 1.136113 1.102093 1.06532 1.047006 1.043468 1.048293
.9625241 .9660353 .9684789 .9716132 .9750288 .9777241 .9771696 .9759555 .9740445 .9720155 .9699188 .9673242 .9643528 .962026 .9616379 .9612741 .9591029 .9580701 .9592221 .9608026 .9617204 .9608886 .9610378 .964209 .9686343 .9706731 .9712492 .9727007 .9769264 .9861438 .9964404 1.004724 1.008722 1.018388 1.032341 1.045548 1.055331 1.059739 1.05979 1.069523 1.080484 1.093162 1.105201 1.121743 1.14331 1.167102 1.187634 1.205988 1.225693 1.245711 1.258956 1.259414 1.230919 1.180319 1.141798 1.136187 1.141794 1.136012 1.102402 1.060956 1.031501 1.028801 1.04046
.9650799 .9683825 .9709569 .9745455 .9770278 .9778917 .9775161 .975605 .9737325 .9719498 .9703673 .9684439 .9660515 .9631103 .9613934 .9608191 .9612743 .9606975 .9623544 .9634084 .9617006 .9588096 .9603214 .9646823 .9683781 .9704564 .9714377 .9724573 .9780122 .9933594 1.009893 1.020851 1.022983 1.033601 1.047076 1.062506 1.074724 1.078537 1.075438 1.081831 1.098624 1.109364 1.122098 1.133438 1.148215 1.169686 1.188961 1.201686 1.21376 1.22399 1.234153 1.235065 1.207182 1.155786 1.116114 1.116805 1.132562 1.134298 1.101623 1.056738 1.019075 1.013069 1.027647
