py_wake/examples/data/AJ_ParqueFicticio/Rough survey   Sector 12   Height 30m   Weibull-k.grd
DSAA
73  159
 258469   265669
 6501692   6517492
 .6542969   2.220703
[rows 84 to 111 of 159, columns 0 to 62 of 73]
1.595703 1.591797 1.591797 1.591797 1.591797 1.587891 1.587891 1.580078 1.580078 1.576172 1.580078 1.580078 1.580078 1.580078 1.576172 1.580078 1.583984 1.583984 1.580078 1.580078 1.580078 1.580078 1.580078 1.576172 1.576172 1.580078 1.576172 1.576172 1.576172 1.576172 1.576172 1.576172 1.576172 1.576172 1.576172 1.572266 1.576172 1.576172 1.576172 1.572266 1.568359 1.568359 1.568359 1.568359 1.568359 1.568359 1.568359 1.568359 1.568359 1.583984 1.580078 1.568359 1.568359 1.568359 1.568359 1.568359 1.568359 1.564453 1.580078 1.603516 1.634766 1.646484 1.662109
1.591797 1.591797 1.591797 1.587891 1.587891 1.583984 1.583984 1.576172 1.576172 1.576172 1.576172 1.572266 1.572266 1.572266 1.576172 1.580078 1.580078 1.580078 1.580078 1.580078 1.580078 1.580078 1.580078 1.580078 1.580078 1.580078 1.580078 1.576172 1.576172 1.576172 1.576172 1.576172 1.576172 1.576172 1.576172 1.572266 1.576172 1.576172 1.576172 1.568359 1.568359 1.568359 1.568359 1.568359 1.568359 1.568359 1.568359 1.568359 1.568359 1.568359 1.568359 1.568359 1.568359 1.568359 1.568359 1.568359 1.564453 1.576172 1.591797 1.615234 1.642578 1.654297 1.677734
1.587891 1.587891 1.587891 1.583984 1.583984 1.583984 1.580078 1.576172 1.572266 1.572266 1.568359 1.568359 1.572266 1.572266 1.576172 1.580078 1.580078 1.576172 1.576172 1.576172 1.580078 1.580078 1.580078 1.580078 1.580078 1.576172 1.572266 1.572266 1.576172 1.576172 1.576172 1.576172 1.576172 1.576172 1.576172 1.572266 1.576172 1.576172 1.568359 1.568359 1.568359 1.568359 1.568359 1.568359 1.568359 1.568359 1.568359 1.568359 1.568359 1.580078 1.576172 1.564453 1.564453 1.564453 1.568359 1.568359 1.572266 1.591797 1.611328 1.623047 1.650391 1.666016 1.697266
1.587891 1.587891 1.583984 1.580078 1.580078 1.580078 1.576172 1.576172 1.572266 1.568359 1.564453 1.564453 1.564453 1.568359 1.572266 1.576172 1.576172 1.572266 1.572266 1.572266 1.572266 1.568359 1.572266 1.580078 1.580078 1.568359 1.533203 1.544922 1.564453 1.576172 1.576172 1.576172 1.576172 1.576172 1.576172 1.576172 1.576172 1.572266 1.568359 1.568359 1.568359 1.568359 1.568359 1.568359 1.568359 1.568359 1.568359 1.568359 1.568359 1.587891 1.583984 1.568359 1.564453 1.564453 1.564453 1.564453 1.576172 1.603516 1.619141 1.630859 1.666016 1.697266 1.689453
1.583984 1.583984 1.576172 1.576172 1.576172 1.572266 1.572266 1.572266 1.564453 1.560547 1.560547 1.560547 1.556641 1.564453 1.568359 1.568359 1.564453 1.564453 1.568359 1.564453 1.564453 1.560547 1.552734 1.564453 1.576172 1.576172 1.533203 1.544922 1.572266 1.576172 1.576172 1.576172 1.576172 1.576172 1.576172 1.572266 1.576172 1.568359 1.568359 1.568359 1.568359 1.568359 1.568359 1.568359 1.568359 1.568359 1.568359 1.568359 1.568359 1.568359 1.568359 1.564453 1.564453 1.564453 1.564453 1.564453 1.568359 1.607422 1.623047 1.634766 1.685547 1.705078 1.701172
1.580078 1.576172 1.576172 1.576172 1.572266 1.568359 1.560547 1.560547 1.552734 1.556641 1.552734 1.556641 1.552734 1.556641 1.552734 1.548828 1.556641 1.560547 1.560547 1.564453 1.560547 1.552734 1.548828 1.560547 1.580078 1.576172 1.576172 1.576172 1.576172 1.576172 1.576172 1.576172 1.576172 1.576172 1.572266 1.572266 1.568359 1.568359 1.568359 1.568359 1.568359 1.568359 1.568359 1.568359 1.568359 1.568359 1.568359 1.568359 1.564453 1.564453 1.564453 1.564453 1.564453 1.564453 1.564453 1.564453 1.568359 1.591797 1.615234 1.626953 1.693359 1.701172 1.697266
1.576172 1.576172 1.576172 1.572266 1.568359 1.560547 1.552734 1.552734 1.548828 1.548828 1.544922 1.548828 1.544922 1.544922 1.544922 1.544922 1.544922 1.541016 1.552734 1.560547 1.564453 1.560547 1.564453 1.572266 1.576172 1.576172 1.576172 1.576172 1.576172 1.576172 1.576172 1.576172 1.576172 1.576172 1.572266 1.568359 1.568359 1.568359 1.568359 1.568359 1.568359 1.568359 1.568359 1.568359 1.568359 1.568359 1.568359 1.564453 1.564453 1.564453 1.564453 1.564453 1.564453 1.564453 1.564453 1.564453 1.568359 1.568359 1.568359 1.611328 1.681641 1.701172 1.689453
1.576172 1.576172 1.572266 1.568359 1.564453 1.548828 1.548828 1.544922 1.544922 1.544922 1.544922 1.541016 1.544922 1.537109 1.533203 1.529297 1.529297 1.525391 1.541016 1.568359 1.576172 1.572266 1.576172 1.580078 1.576172 1.576172 1.576172 1.576172 1.576172 1.576172 1.576172 1.576172 1.576172 1.587891 1.580078 1.568359 1.568359 1.568359 1.568359 1.568359 1.568359 1.568359 1.568359 1.568359 1.568359 1.568359 1.568359 1.583984 1.591797 1.580078 1.564453 1.564453 1.564453 1.564453 1.564453 1.564453 1.564453 1.564453 1.564453 1.623047 1.685547 1.708984 1.693359
1.572266 1.568359 1.568359 1.564453 1.552734 1.548828 1.544922 1.544922 1.544922 1.541016 1.544922 1.548828 1.541016 1.537109 1.533203 1.521484 1.517578 1.517578 1.541016 1.580078 1.576172 1.580078 1.580078 1.576172 1.576172 1.576172 1.576172 1.576172 1.576172 1.576172 1.576172 1.576172 1.572266 1.611328 1.568359 1.568359 1.568359 1.568359 1.568359 1.568359 1.568359 1.568359 1.568359 1.568359 1.568359 1.572266 1.576172 1.607422 1.611328 1.611328 1.595703 1.580078 1.591797 1.580078 1.583984 1.568359 1.564453 1.564453 1.595703 1.646484 1.697266 1.763672 1.705078
1.568359 1.564453 1.560547 1.560547 1.556641 1.548828 1.544922 1.541016 1.541016 1.541016 1.541016 1.541016 1.541016 1.537109 1.537109 1.533203 1.529297 1.529297 1.544922 1.580078 1.576172 1.576172 1.576172 1.576172 1.576172 1.576172 1.576172 1.576172 1.576172 1.576172 1.576172 1.572266 1.595703 1.623047 1.580078 1.568359 1.568359 1.568359 1.568359 1.568359 1.568359 1.568359 1.576172 1.587891 1.576172 1.576172 1.603516 1.611328 1.619141 1.619141 1.603516 1.599609 1.611328 1.607422 1.638672 1.646484 1.654297 1.638672 1.638672 1.662109 1.806641 1.806641 1.755859
1.564453 1.560547 1.556641 1.548828 1.548828 1.548828 1.541016 1.533203 1.533203 1.537109 1.533203 1.533203 1.533203 1.537109 1.544922 1.548828 1.552734 1.552734 1.560547 1.580078 1.576172 1.576172 1.576172 1.576172 1.576172 1.576172 1.576172 1.576172 1.576172 1.576172 1.576172 1.572266 1.607422 1.619141 1.568359 1.568359 1.568359 1.583984 1.568359 1.568359 1.568359 1.568359 1.580078 1.587891 1.576172 1.591797 1.599609 1.603516 1.607422 1.611328 1.595703 1.591797 1.615234 1.623047 1.638672 1.642578 1.650391 1.642578 1.642578 1.662109 1.724609 1.806641 1.806641
1.552734 1.548828 1.544922 1.544922 1.541016 1.541016 1.537109 1.537109 1.537109 1.533203 1.529297 1.529297 1.529297 1.533203 1.544922 1.560547 1.572266 1.572266 1.568359 1.580078 1.576172 1.576172 1.576172 1.576172 1.576172 1.576172 1.576172 1.576172 1.576172 1.576172 1.576172 1.568359 1.595703 1.619141 1.568359 1.568359 1.568359 1.580078 1.568359 1.568359 1.568359 1.568359 1.580078 1.587891 1.587891 1.591797 1.595703 1.615234 1.603516 1.603516 1.587891 1.591797 1.623047 1.626953 1.630859 1.634766 1.646484 1.650391 1.646484 1.666016 1.681641 1.806641 1.806641
1.548828 1.544922 1.544922 1.544922 1.541016 1.537109 1.541016 1.537109 1.537109 1.533203 1.529297 1.529297 1.529297 1.533203 1.552734 1.576172 1.580078 1.580078 1.576172 1.580078 1.576172 1.576172 1.576172 1.576172 1.576172 1.576172 1.576172 1.576172 1.576172 1.576172 1.572266 1.568359 1.603516 1.638672 1.572266 1.568359 1.568359 1.599609 1.591797 1.568359 1.568359 1.564453 1.576172 1.583984 1.583984 1.591797 1.599609 1.607422 1.595703 1.595703 1.576172 1.572266 1.583984 1.587891 1.615234 1.623047 1.642578 1.658203 1.662109 1.669922 1.689453 1.806641 1.806641
1.544922 1.541016 1.537109 1.544922 1.544922 1.541016 1.541016 1.541016 1.533203 1.533203 1.533203 1.537109 1.533203 1.537109 1.556641 1.580078 1.580078 1.580078 1.580078 1.576172 1.576172 1.576172 1.576172 1.576172 1.576172 1.576172 1.576172 1.576172 1.552734 1.560547 1.568359 1.568359 1.603516 1.642578 1.607422 1.568359 1.587891 1.615234 1.587891 1.568359 1.564453 1.564453 1.568359 1.576172 1.576172 1.576172 1.572266 1.587891 1.576172 1.576172 1.564453 1.568359 1.568359 1.568359 1.564453 1.564453 1.572266 1.615234 1.634766 1.666016 1.681641 1.716797 1.806641
1.548828 1.537109 1.533203 1.541016 1.544922 1.541016 1.541016 1.541016 1.537109 1.533203 1.541016 1.548828 1.552734 1.552734 1.568359 1.583984 1.580078 1.580078 1.576172 1.576172 1.576172 1.576172 1.576172 1.576172 1.576172 1.576172 1.576172 1.556641 1.560547 1.568359 1.568359 1.568359 1.630859 1.642578 1.619141 1.568359 1.576172 1.607422 1.591797 1.564453 1.564453 1.564453 1.564453 1.568359 1.564453 1.564453 1.568359 1.568359 1.564453 1.568359 1.560547 1.544922 1.548828 1.564453 1.564453 1.564453 1.564453 1.564453 1.595703 1.642578 1.666016 1.705078 1.806641
1.541016 1.529297 1.537109 1.541016 1.548828 1.548828 1.537109 1.541016 1.548828 1.544922 1.552734 1.564453 1.576172 1.576172 1.580078 1.583984 1.580078 1.580078 1.576172 1.576172 1.576172 1.576172 1.576172 1.576172 1.576172 1.576172 1.572266 1.576172 1.568359 1.568359 1.568359 1.576172 1.638672 1.638672 1.591797 1.568359 1.568359 1.572266 1.572266 1.564453 1.564453 1.568359 1.564453 1.568359 1.568359 1.568359 1.564453 1.560547 1.537109 1.509766 1.533203 1.544922 1.564453 1.564453 1.564453 1.568359 1.587891 1.623047 1.634766 1.654297 1.662109 1.708984 1.806641
1.541016 1.541016 1.544922 1.544922 1.560547 1.564453 1.548828 1.548828 1.560547 1.560547 1.568359 1.580078 1.580078 1.583984 1.583984 1.580078 1.580078 1.576172 1.576172 1.576172 1.576172 1.576172 1.576172 1.576172 1.576172 1.568359 1.576172 1.568359 1.568359 1.568359 1.568359 1.591797 1.638672 1.626953 1.576172 1.568359 1.568359 1.564453 1.564453 1.564453 1.568359 1.564453 1.564453 1.568359 1.568359 1.568359 1.556641 1.533203 1.505859 1.521484 1.560547 1.564453 1.564453 1.564453 1.568359 1.603516 1.638672 1.658203 1.646484 1.638672 1.681641 1.806641 1.470703
1.552734 1.552734 1.552734 1.552734 1.564453 1.580078 1.572266 1.556641 1.572266 1.576172 1.580078 1.583984 1.583984 1.580078 1.580078 1.580078 1.576172 1.576172 1.576172 1.576172 1.576172 1.576172 1.576172 1.576172 1.576172 1.576172 1.568359 1.568359 1.568359 1.568359 1.568359 1.591797 1.634766 1.630859 1.576172 1.568359 1.568359 1.564453 1.564453 1.568359 1.556641 1.544922 1.544922 1.564453 1.568359 1.564453 1.564453 1.544922 1.552734 1.564453 1.568359 1.564453 1.564453 1.564453 1.595703 1.626953 1.654297 1.654297 1.638672 1.619141 1.806641 1.806641 2.220703
1.568359 1.564453 1.560547 1.556641 1.572266 1.591797 1.587891 1.576172 1.580078 1.583984 1.583984 1.583984 1.580078 1.580078 1.580078 1.576172 1.576172 1.576172 1.576172 1.576172 1.576172 1.576172 1.576172 1.576172 1.576172 1.568359 1.568359 1.568359 1.568359 1.568359 1.568359 1.583984 1.619141 1.607422 1.576172 1.568359 1.564453 1.564453 1.568359 1.568359 1.552734 1.548828 1.560547 1.564453 1.564453 1.607422 1.619141 1.587891 1.568359 1.568359 1.568359 1.564453 1.564453 1.576172 1.611328 1.630859 1.650391 1.654297 1.642578 1.634766 1.806641 1.298828 2.220703
1.580078 1.576172 1.568359 1.564453 1.576172 1.591797 1.583984 1.583984 1.583984 1.583984 1.583984 1.580078 1.580078 1.580078 1.580078 1.576172 1.576172 1.576172 1.576172 1.576172 1.576172 1.576172 1.572266 1.572266 1.568359 1.568359 1.568359 1.568359 1.568359 1.568359 1.568359 1.568359 1.595703 1.595703 1.572266 1.564453 1.564453 1.568359 1.568359 1.564453 1.568359 1.568359 1.564453 1.564453 1.572266 1.650391 1.662109 1.615234 1.568359 1.568359 1.568359 1.564453 1.564453 1.568359 1.599609 1.623047 1.642578 1.650391 1.654297 1.646484 1.806641 1.810547 1.810547
1.591797 1.583984 1.580078 1.576172 1.580078 1.583984 1.587891 1.583984 1.583984 1.583984 1.583984 1.580078 1.580078 1.580078 1.576172 1.576172 1.576172 1.572266 1.576172 1.576172 1.572266 1.591797 1.615234 1.595703 1.568359 1.568359 1.568359 1.568359 1.568359 1.568359 1.568359 1.568359 1.603516 1.599609 1.580078 1.564453 1.576172 1.572266 1.568359 1.568359 1.564453 1.564453 1.564453 1.564453 1.580078 1.619141 1.654297 1.646484 1.591797 1.568359 1.568359 1.564453 1.564453 1.568359 1.595703 1.615234 1.642578 1.650391 1.658203 1.658203 1.810547 1.810547 1.810547
1.595703 1.591797 1.587891 1.580078 1.576172 1.580078 1.583984 1.583984 1.583984 1.583984 1.583984 1.580078 1.580078 1.576172 1.576172 1.599609 1.603516 1.591797 1.576172 1.576172 1.603516 1.630859 1.642578 1.615234 1.572266 1.568359 1.568359 1.568359 1.568359 1.568359 1.568359 1.587891 1.619141 1.623047 1.599609 1.595703 1.607422 1.587891 1.568359 1.568359 1.568359 1.564453 1.564453 1.564453 1.572266 1.595703 1.642578 1.646484 1.634766 1.580078 1.568359 1.564453 1.564453 1.607422 1.642578 1.650391 1.650391 1.650391 1.662109 1.685547 1.810547 1.833984 1.810547
1.595703 1.591797 1.591797 1.587891 1.568359 1.576172 1.587891 1.583984 1.583984 1.583984 1.580078 1.580078 1.576172 1.576172 1.576172 1.615234 1.623047 1.607422 1.591797 1.587891 1.607422 1.634766 1.646484 1.619141 1.580078 1.572266 1.572266 1.568359 1.568359 1.568359 1.580078 1.615234 1.630859 1.634766 1.611328 1.623047 1.623047 1.583984 1.568359 1.568359 1.568359 1.568359 1.568359 1.564453 1.595703 1.611328 1.642578 1.599609 1.646484 1.607422 1.572266 1.572266 1.591797 1.650391 1.662109 1.662109 1.658203 1.666016 1.685547 1.708984 1.810547 1.759766 1.810547
1.591797 1.591797 1.591797 1.587891 1.583984 1.583984 1.587891 1.583984 1.583984 1.583984 1.580078 1.580078 1.576172 1.576172 1.576172 1.619141 1.642578 1.619141 1.595703 1.587891 1.595703 1.615234 1.646484 1.626953 1.583984 1.576172 1.568359 1.568359 1.568359 1.568359 1.599609 1.626953 1.638672 1.634766 1.626953 1.634766 1.626953 1.580078 1.568359 1.568359 1.568359 1.568359 1.564453 1.572266 1.634766 1.638672 1.650391 1.603516 1.595703 1.638672 1.572266 1.568359 1.595703 1.654297 1.666016 1.673828 1.677734 1.689453 1.705078 1.712891 1.810547 1.779297 1.810547
1.591797 1.587891 1.587891 1.583984 1.583984 1.583984 1.583984 1.583984 1.580078 1.583984 1.580078 1.576172 1.576172 1.576172 1.576172 1.587891 1.623047 1.607422 1.576172 1.576172 1.576172 1.611328 1.654297 1.646484 1.591797 1.576172 1.572266 1.568359 1.572266 1.587891 1.623047 1.646484 1.654297 1.658203 1.650391 1.662109 1.654297 1.595703 1.568359 1.568359 1.568359 1.564453 1.564453 1.599609 1.642578 1.646484 1.646484 1.630859 1.607422 1.650391 1.583984 1.568359 1.580078 1.646484 1.666016 1.673828 1.685547 1.693359 1.701172 1.705078 1.810547 1.638672 1.783203
1.587891 1.595703 1.603516 1.587891 1.583984 1.583984 1.583984 1.583984 1.583984 1.583984 1.576172 1.576172 1.576172 1.576172 1.576172 1.576172 1.583984 1.580078 1.576172 1.568359 1.568359 1.595703 1.650391 1.650391 1.599609 1.576172 1.572266 1.572266 1.580078 1.607422 1.634766 1.650391 1.658203 1.654297 1.654297 1.666016 1.662109 1.611328 1.568359 1.568359 1.564453 1.564453 1.564453 1.615234 1.623047 1.615234 1.611328 1.623047 1.634766 1.654297 1.607422 1.576172 1.580078 1.638672 1.662109 1.669922 1.673828 1.685547 1.693359 1.701172 1.806641 2.220703 1.548828
1.591797 1.607422 1.619141 1.599609 1.587891 1.580078 1.583984 1.583984 1.583984 1.576172 1.576172 1.576172 1.576172 1.576172 1.576172 1.576172 1.576172 1.576172 1.568359 1.568359 1.568359 1.580078 1.634766 1.642578 1.583984 1.568359 1.568359 1.572266 1.587891 1.611328 1.626953 1.634766 1.634766 1.638672 1.642578 1.662109 1.666016 1.619141 1.568359 1.568359 1.564453 1.564453 1.564453 1.611328 1.623047 1.576172 1.568359 1.583984 1.615234 1.658203 1.619141 1.587891 1.599609 1.638672 1.662109 1.666016 1.666016 1.673828 1.681641 1.689453 1.810547 1.197266 1.810547
1.603516 1.599609 1.607422 1.599609 1.583984 1.583984 1.583984 1.583984 1.583984 1.576172 1.576172 1.576172 1.576172 1.576172 1.576172 1.576172 1.576172 1.568359 1.568359 1.568359 1.568359 1.580078 1.638672 1.650391 1.587891 1.568359 1.568359 1.572266 1.591797 1.615234 1.623047 1.626953 1.626953 1.630859 1.638672 1.658203 1.666016 1.626953 1.568359 1.564453 1.564453 1.564453 1.564453 1.607422 1.634766 1.587891 1.541016 1.521484 1.513672 1.646484 1.611328 1.580078 1.599609 1.634766 1.654297 1.658203 1.662109 1.662109 1.666016 1.681641 1.810547 1.810547 1.810547
