py_wake/examples/data/AJ_ParqueFicticio/Rough survey   Sector 12   Height 30m   Weibull-A.grd
DSAA
73  159
 258469   265669
 6501692   6517492
 .2253106   8.829541
[rows 0 to 27 of 159, columns 0 to 62 of 73]
3.909516 3.862247 3.861712 3.857791 3.851606 3.841855 3.834367 3.830547 3.824583 3.805472 3.783343 3.767965 3.741346 3.724174 3.70473 3.695977 3.701287 3.709253 3.768459 3.857122 4.052045 4.201426 4.186574 4.224016 3.828568 3.191694 3.481712 3.54064 3.651694 3.741162 3.690253 3.623716 3.750319 3.940761 4.114878 4.254887 4.381356 4.256129 4.197515 4.176301 4.14939 4.116668 4.102314 3.971207 3.952424 4.016939 4.021093 4.013128 4.007802 3.989095 3.968089 3.932219 3.91031 3.887279 3.857577 3.83497 3.80962 3.789404 3.779603 3.775384 3.766781 3.770706 3.787133
3.789031 3.804413 3.834697 3.844993 3.843457 3.832857 3.829067 3.821985 3.819471 3.808154 3.792174 3.771416 3.741897 3.718568 3.69665 3.688479 3.690596 3.722094 3.786571 3.926036 4.162509 4.295 4.289428 4.322452 4.245942 3.853426 3.390901 3.482056 3.579844 3.674616 3.685317 3.683694 3.75961 3.917924 4.086347 4.2693 4.453373 4.407716 4.319578 4.282175 4.26331 4.254233 4.27323 4.160572 3.947814 3.972194 4.038333 4.078603 4.059192 4.031867 4.014989 3.951594 3.921377 3.88575 3.85382 3.832582 3.805965 3.788487 3.768293 3.75169 3.741526 3.73889 3.750736
3.860418 3.686243 3.787345 3.821556 3.822866 3.818049 3.815578 3.808579 3.789962 3.784568 3.849313 3.803731 3.738677 3.701674 3.67589 3.671385 3.676174 3.71815 3.795737 3.916046 4.091741 4.13692 4.172023 4.396303 4.352547 3.906648 3.685184 3.605211 3.556785 3.624424 3.670917 3.660032 3.722734 3.858449 3.99158 4.261927 4.564057 4.759096 4.604187 4.530785 4.455199 4.323757 4.285631 4.324433 4.109756 3.956348 3.974762 4.043368 4.088577 4.095427 4.063126 4.010399 3.921949 3.890828 3.864412 3.840626 3.816026 3.781621 3.748754 3.723138 3.700773 3.70569 3.716098
4.20828 3.864789 3.733288 3.781915 3.795312 3.803671 3.794501 3.765522 3.753291 3.755175 3.761436 3.825307 3.798012 3.726303 3.639828 3.640209 3.641576 3.686773 3.766433 3.871789 3.95717 3.965368 4.003336 4.265066 4.383853 4.234004 3.882539 3.672264 3.596287 3.652125 3.708907 3.636894 3.682134 3.779655 3.792688 3.897096 4.277082 4.672518 5.033509 4.95134 4.767486 4.420932 4.289039 4.329589 4.272016 4.07788 4.034075 4.040347 4.05969 4.080889 4.129592 4.054966 3.990719 3.932401 3.896761 3.855801 3.820148 3.76999 3.723013 3.683601 3.660483 3.665197 3.695807
4.433302 4.09262 3.68541 3.699132 3.743222 3.770463 3.751582 3.719077 3.700732 3.704614 3.682306 3.703892 3.773828 3.743142 3.624409 3.595597 3.602216 3.65643 3.758661 3.915998 3.926108 3.826598 3.755726 4.005615 4.16538 4.163854 3.962721 3.751851 3.623551 3.622144 3.643949 3.657397 3.611033 3.600844 3.438759 3.219649 3.366077 3.834794 4.254794 4.580256 4.599063 4.501258 4.239959 4.265679 4.440171 4.35288 4.214512 4.094585 4.08743 4.134617 4.247788 4.173619 4.107814 4.032037 3.961976 3.897133 3.826143 3.757192 3.684515 3.631482 3.605097 3.619546 3.686057
4.402482 4.300533 4.028184 3.731852 3.610981 3.707801 3.693666 3.65841 3.634843 3.625394 3.636839 3.622879 3.681358 3.664782 3.621197 3.517559 3.537226 3.592292 3.773892 3.979779 4.052228 3.982558 3.822057 3.891379 4.038536 4.001243 3.860693 3.73107 3.603412 3.515965 3.435704 3.254308 3.231093 3.044681 2.953206 2.766374 2.456829 2.697568 3.272371 3.648214 4.00608 4.348358 4.221417 4.207515 4.224607 4.376357 4.255502 4.130001 4.105984 4.162085 4.247554 4.366646 4.276029 4.167153 4.044385 3.933871 3.832212 3.738767 3.637932 3.567398 3.529971 3.570268 3.735333
4.405943 4.453454 4.477054 4.254413 3.785962 3.589054 3.680015 3.757765 3.740508 3.716983 3.716528 3.641913 3.585876 3.62815 3.649679 3.570986 3.430398 3.449717 3.541227 3.773941 3.977038 4.045585 3.959524 3.953823 4.013904 3.959222 3.810425 3.653698 3.535491 3.42099 3.307476 3.128368 3.14359 3.125837 3.026112 2.89448 2.745 2.581713 2.619106 3.196035 3.711194 4.172719 4.300245 4.25998 4.28124 4.237887 4.191293 4.128591 4.081403 4.138167 4.199641 4.262769 4.381867 4.418008 4.190247 3.989514 3.844653 3.717691 3.580122 3.462147 3.414941 3.360215 3.303162
4.404139 4.427814 4.442228 4.421601 4.214166 3.80906 3.748605 3.823921 3.820792 3.805187 3.780372 3.71834 3.658509 3.674086 3.692811 3.614969 3.425471 3.32318 3.309765 3.461351 3.740742 3.984711 4.077652 4.138041 4.169227 4.030791 3.866028 3.662423 3.53351 3.397574 3.318885 3.269757 3.217937 3.14352 3.029363 2.908168 2.82982 2.795175 2.796257 2.84358 3.327453 3.908962 4.102675 4.195189 4.099699 4.092492 4.273254 4.14621 4.101944 4.24288 4.245837 4.194028 4.221107 4.275991 4.355777 4.039274 3.857525 3.708137 3.525458 3.306505 3.078355 3.015196 2.891862
4.422055 4.441889 4.445602 4.388363 4.25077 4.000548 3.903624 3.894642 3.881213 3.873423 3.825288 3.775088 3.728993 3.750037 3.76597 3.678862 3.506482 3.20407 3.108238 3.044425 3.234765 3.489335 3.705083 4.085637 4.184576 4.195897 3.981245 3.75155 3.623377 3.515355 3.45044 3.356189 3.256275 3.153837 3.021804 2.898249 2.743173 2.759126 2.812853 2.635175 2.700464 3.207105 3.534476 3.703626 3.982927 4.030474 3.992547 4.022393 3.803813 3.70845 3.946181 3.903512 3.772292 4.001508 4.136808 4.061724 3.886327 3.732839 3.54653 3.231603 2.785394 2.559623 2.541126
4.448995 4.462681 4.451636 4.431122 4.357668 4.122935 3.945625 3.905945 3.903666 3.947481 3.885096 3.831155 3.776673 3.809142 3.873743 3.809126 3.623381 3.381173 3.071119 2.820887 2.701176 2.696632 2.878251 2.927079 3.597003 4.17394 4.16221 3.9341 3.810491 3.65847 3.536447 3.431278 3.321949 3.201231 3.078756 3.018364 2.892632 2.663676 2.709952 2.622965 2.326033 2.283329 2.50103 2.667151 3.358942 3.620761 3.615623 3.720254 3.53821 3.270378 3.44039 3.472632 3.450263 3.609135 3.885325 4.095921 3.959683 3.834748 3.672477 3.422712 2.969875 2.428822 2.343929
4.477015 4.479219 4.46975 4.499133 4.668296 4.546445 4.406334 4.146338 3.939528 4.058604 3.943213 3.853811 3.766327 3.806537 3.961814 4.119379 3.872303 3.504014 3.296991 3.027218 2.633566 2.504341 2.509008 2.561666 2.520168 3.279438 3.842255 4.043459 3.867707 3.711132 3.624509 3.522033 3.405005 3.287553 3.179499 3.097735 2.98245 2.818509 2.634464 2.692428 2.64888 2.598884 2.552312 2.388792 2.3178 2.793491 2.795001 3.021835 3.143693 2.927329 2.888344 3.060918 3.389823 3.481448 3.717036 4.030849 4.163861 4.082007 4.017772 3.746455 3.314213 2.757733 2.522292
4.513027 4.52593 4.477859 4.548486 4.52229 4.566217 4.465717 4.294874 4.110797 4.153566 3.971324 3.904079 3.692414 3.670302 3.798837 4.256357 4.417232 4.07179 3.461378 3.230555 2.856745 2.460995 2.27291 2.434351 2.542442 2.529576 3.452175 3.893762 3.817351 3.75868 3.643967 3.525964 3.446634 3.360804 3.29461 3.16031 3.045802 2.927428 2.712568 2.709663 2.733355 2.727823 2.653403 2.528721 2.339828 2.345089 2.385118 2.365868 2.40234 2.419553 2.381798 2.797911 3.220022 3.440074 3.448417 3.648563 3.875539 4.146916 4.147142 4.014971 3.642816 3.135937 2.638047
4.531269 4.573107 4.538 4.483171 4.427817 4.43927 4.427935 4.407151 4.258203 4.25694 4.217366 4.338741 4.212363 3.567113 3.534289 3.548219 3.905125 4.300881 4.238832 3.687918 3.167997 2.851294 2.505458 2.500759 2.563072 2.657945 2.651796 3.266251 3.619983 3.582476 3.521198 3.443459 3.397621 3.337778 3.28726 3.189685 3.077036 2.984365 2.870678 2.723679 2.71504 2.74284 2.668791 2.55163 2.373986 2.389661 2.397795 2.408185 2.393597 2.384818 2.34304 2.156191 2.567097 2.938317 3.093427 2.965279 2.971139 2.840155 2.575933 2.277221 2.509971 2.440418 2.498768
4.521489 4.48012 4.412057 4.419375 4.413678 4.423308 4.431179 4.575428 4.581815 4.565682 4.497154 4.380377 4.453375 4.464797 4.006119 3.596434 3.693088 3.825405 4.118141 4.135584 4.028397 3.53308 2.829932 2.568835 2.650215 2.700931 2.790274 2.903311 3.0968 3.243901 3.286188 3.292433 3.272544 3.248697 3.17405 3.118609 3.059366 3.008796 2.951494 2.862307 2.714929 2.649154 2.605218 2.499161 2.325029 2.273817 2.267732 2.189531 2.244551 2.196286 2.205568 2.07016 1.836872 2.148643 2.105625 .3994595 .2253106 .3112561 .313732 .3916709 .696555 1.924665 2.185984
4.4784 4.423235 4.393335 4.404954 4.420595 4.423229 4.428647 4.500288 4.646097 4.627568 4.424756 4.371775 4.422123 4.478298 4.325542 4.034669 3.981713 4.063897 4.106166 4.1568 4.197942 4.051623 3.715337 2.931211 2.618903 2.723215 2.81145 2.938322 3.050149 3.128932 3.171152 3.193546 3.256853 3.210584 3.090751 2.97342 3.00826 2.972552 2.981276 2.937808 2.805099 2.656676 2.531673 2.446775 2.391745 2.264712 2.261691 2.158458 1.965105 2.009123 2.064068 2.032493 1.906845 1.647552 .3958594 .3975464 .3941986 .3596278 .2530051 2.551645 1.80145 1.828885 1.905372
4.424149 4.390013 4.379558 4.392987 4.408499 4.425588 4.445437 4.515828 4.600153 4.563806 4.378607 4.375099 4.432488 4.503043 4.515963 4.329673 4.204351 4.309501 4.305717 4.325311 4.259574 4.311186 4.340341 3.877234 3.123718 2.583652 2.759064 2.908301 3.006627 3.089223 3.126857 3.144876 3.192573 3.186361 3.059977 2.807029 2.675531 2.83128 2.929777 3.117002 3.02414 2.845632 2.621836 2.485703 2.397256 2.304537 2.226456 2.173737 2.065363 1.959492 1.939869 1.880531 1.608165 .6892561 .5442849 .5744697 .5458924 .6537742 1.868499 2.175567 2.113472 1.848052 1.351524
4.400598 4.350539 4.353082 4.37391 4.39917 4.423772 4.469814 4.535691 4.574749 4.535039 4.449288 4.441132 4.504203 4.536172 4.511706 4.533311 4.448801 4.219561 4.241197 4.240634 4.224121 4.255261 4.315822 4.368257 4.189704 3.374204 2.621157 2.772102 2.930713 3.018501 3.022403 3.079155 3.186513 3.269962 3.393746 3.365563 2.950485 2.742893 2.85041 2.956048 2.977714 2.844182 2.605318 2.453386 2.33512 2.323187 2.324794 2.208488 1.892002 1.752076 1.720336 1.576313 1.036055 1.056191 1.636114 2.420954 2.942936 3.210389 3.297538 3.267415 3.018977 2.604872 1.78654
4.379661 4.359964 4.337807 4.365769 4.385112 4.422026 4.475406 4.516612 4.542247 4.532464 4.477304 4.423675 4.477475 4.406609 4.37599 4.404636 4.34859 4.262662 4.242911 4.226076 4.219528 4.273675 4.3125 4.370714 4.360711 4.271952 3.7088 3.054631 2.918443 3.07803 3.282524 3.361871 3.376525 3.482459 3.677185 3.845674 3.491005 3.127858 3.253776 3.408304 3.416734 3.145566 2.519261 2.10579 1.924902 2.088955 2.222892 2.496396 2.68012 2.756253 2.706059 2.70549 2.965383 3.259171 3.483496 3.595307 3.587246 3.638208 3.672274 3.605438 3.367253 3.069458 2.523714
4.363384 4.356406 4.365321 4.363845 4.395268 4.416468 4.461241 4.498446 4.528187 4.529354 4.48472 4.390288 4.403337 4.323058 4.345094 4.358158 4.319308 4.282327 4.25865 4.23166 4.221147 4.276254 4.36117 4.476794 4.597651 4.550299 4.365851 4.180243 3.768447 3.558612 3.542084 3.855034 4.134504 4.035922 4.067284 4.207451 3.978841 3.525481 3.635755 3.843662 3.796766 4.017003 3.910675 3.694572 3.455163 3.330268 3.143546 3.301661 3.455844 3.445658 3.284924 3.16626 3.262424 3.431049 3.604644 3.646559 3.634848 3.562174 3.485885 3.446625 3.442795 3.273704 2.902988
4.362614 4.372476 4.390926 4.380497 4.384506 4.400524 4.443418 4.470334 4.509704 4.525037 4.491847 4.482882 4.425328 4.336031 4.335107 4.333796 4.330954 4.304833 4.271758 4.239171 4.245851 4.266407 4.30582 4.335098 4.430816 4.53678 4.769431 4.678394 4.341031 4.223658 4.096028 3.886694 4.211549 4.344998 4.341178 4.285033 4.133032 3.881957 3.84765 4.02014 4.077365 4.538702 4.749124 4.816566 4.621101 4.372599 3.999339 3.888337 3.975129 3.971064 3.758012 3.532917 3.378552 3.408537 3.487256 3.518472 3.532992 3.55017 3.44502 3.335095 3.31078 3.304207 3.126468
4.31474 4.362852 4.409987 4.38618 4.363626 4.379011 4.410296 4.436452 4.469985 4.479194 4.407442 4.421886 4.404015 4.356951 4.332945 4.336298 4.350735 4.323453 4.291893 4.277185 4.269691 4.26342 4.26048 4.250019 4.319273 4.376563 4.422036 4.554142 4.541178 4.252389 4.171198 3.780702 3.769984 4.160215 4.497384 4.501275 4.200109 4.179235 4.200594 4.40403 4.512314 4.682375 4.92497 5.008053 5.033177 5.007727 4.646895 4.278385 4.185918 4.197119 3.983525 3.853505 3.574695 3.46558 3.436922 3.411642 3.389139 3.395738 3.329832 3.27492 3.234333 3.282104 3.342249
4.241992 4.227897 4.311015 4.33326 4.320876 4.33742 4.362098 4.392172 4.42087 4.397115 4.358828 4.373226 4.376875 4.349351 4.331049 4.3325 4.354932 4.362881 4.341718 4.34013 4.322636 4.282102 4.239878 4.24007 4.270936 4.292948 4.284943 4.273191 4.338691 4.489255 4.219729 3.841842 3.279236 3.567984 4.297399 4.464128 4.394713 4.102094 3.998296 4.326069 4.734058 4.724829 4.81039 4.808372 4.880496 4.899441 4.734762 4.46679 4.25251 4.124066 4.006582 3.901314 3.744014 3.507664 3.473209 3.397598 3.302548 3.324874 3.318089 3.244209 3.197949 3.289414 3.428935
4.224742 4.19791 4.201603 4.260685 4.275002 4.303924 4.319453 4.340871 4.363328 4.340002 4.338058 4.342168 4.3528 4.336143 4.327554 4.319819 4.306381 4.326857 4.338904 4.338801 4.321717 4.288264 4.264212 4.263762 4.260329 4.244979 4.194485 4.151698 4.341726 4.629761 4.49754 4.285619 3.879513 3.568645 3.989395 4.378634 4.470454 4.366472 3.89825 3.815003 4.279108 4.572699 4.661474 4.71224 4.758984 4.772876 4.705966 4.583125 4.404448 4.129183 3.967664 3.878955 3.763166 3.54456 3.517452 3.46549 3.4297 3.453694 3.539898 3.496422 3.303772 3.278597 3.399239
4.240798 4.238338 4.286746 4.267049 4.265908 4.277047 4.285944 4.306713 4.305552 4.298549 4.304379 4.321223 4.32027 4.330346 4.32513 4.312223 4.277612 4.265255 4.300965 4.332928 4.328886 4.313502 4.278618 4.283313 4.26945 4.220903 4.164077 4.103553 4.223372 4.474028 4.494664 4.508757 4.2413 3.718196 3.818941 4.119231 4.451807 4.719805 4.440916 3.652015 3.694858 4.031463 4.281176 4.51095 4.545215 4.539455 4.57005 4.535386 4.387928 4.178678 3.996261 3.840026 3.719994 3.546007 3.550128 3.644209 3.673577 3.662323 3.750908 3.802855 3.573114 3.404971 3.480904
4.249195 4.291511 4.317451 4.283479 4.266772 4.258808 4.264549 4.275382 4.27259 4.296479 4.2832 4.294034 4.304277 4.311126 4.310845 4.328536 4.322185 4.292632 4.29939 4.327731 4.340999 4.327467 4.314805 4.313772 4.27601 4.225045 4.192995 4.199276 4.330161 4.284842 4.33001 4.352321 4.428406 4.165926 3.872897 3.918454 4.233807 4.432443 4.511885 4.118181 3.812628 3.675547 3.946802 4.1956 4.27967 4.373485 4.436758 4.477575 4.386294 4.239099 4.113535 3.927292 3.794348 3.632126 3.648213 3.868035 3.981154 3.933193 3.929555 4.057922 3.854359 3.711046 3.567924
4.220304 4.260053 4.279785 4.270642 4.25998 4.246594 4.252668 4.246866 4.241229 4.279746 4.269209 4.277949 4.284676 4.287515 4.306964 4.307396 4.315502 4.31346 4.312751 4.330456 4.350967 4.351923 4.35038 4.357257 4.345347 4.291499 4.302698 4.407138 4.478515 4.296585 4.240484 4.233922 4.301027 4.556346 4.156292 3.96217 4.130929 4.292081 4.388865 4.297185 4.095127 4.048483 4.096519 4.204231 4.172742 4.260301 4.361495 4.443347 4.472634 4.368109 4.264923 4.159374 4.01425 3.786061 3.679 4.067554 4.360946 4.166961 3.95549 4.017993 4.059175 3.933255 3.749982
4.300945 4.316001 4.298803 4.270987 4.269409 4.252179 4.251478 4.236652 4.246047 4.280338 4.262669 4.27201 4.274343 4.272395 4.301144 4.306546 4.320219 4.325329 4.325966 4.334385 4.331096 4.366704 4.373056 4.351587 4.371105 4.377541 4.428109 4.491046 4.391409 4.392009 4.189571 4.168565 4.208272 4.364217 4.362236 4.240902 4.107873 4.234084 4.370859 4.314075 4.212601 4.262046 4.164916 4.332096 4.319901 4.30246 4.306455 4.322989 4.418874 4.421877 4.381977 4.386276 4.387148 4.197188 3.754608 4.01018 4.496521 4.516503 3.972667 3.763181 3.906034 3.91631 3.838437
4.335752 4.334828 4.298829 4.290198 4.279315 4.269421 4.262941 4.249974 4.286374 4.293786 4.282582 4.281004 4.276881 4.288565 4.304016 4.316037 4.328377 4.334777 4.342656 4.336595 4.323334 4.318242 4.311666 4.346264 4.375342 4.392843 4.429256 4.385197 4.294326 4.293213 4.20265 4.179731 4.139501 4.127048 4.325995 4.15593 4.076728 4.165333 4.149673 4.295632 4.163958 4.10981 4.117523 4.313148 4.439929 4.381296 4.317214 4.339397 4.357608 4.373479 4.414975 4.563324 4.752038 4.779788 4.1422 3.914145 4.272466 4.547081 4.096508 3.749548 3.66404 3.652886 3.61091
