py_wake/examples/data/AJ_ParqueFicticio/Rough survey   Sector 5   Height 30m   Weibull-k.grd
DSAA
73  159
 258469   265669
 6501692   6517492
 .8457031   2.744141
[rows 56 to 83 of 159, columns 0 to 62 of 73]
2.658203 2.662109 2.658203 2.654297 2.646484 2.662109 2.662109 2.666016 2.662109 2.666016 2.669922 2.673828 2.669922 2.669922 2.677734 2.677734 2.677734 2.681641 2.677734 2.669922 2.677734 2.677734 2.681641 2.673828 2.673828 2.673828 2.681641 2.677734 2.673828 2.673828 2.650391 2.681641 2.681641 2.681641 2.681641 2.681641 2.681641 2.681641 2.681641 2.681641 2.681641 2.681641 2.681641 2.681641 2.681641 2.662109 2.599609 2.611328 2.544922 2.474609 2.369141 2.326172 2.369141 2.560547 2.677734 2.560547 2.326172 2.306641 2.435547 2.611328 2.650391 2.669922 2.505859
2.662109 2.658203 2.650391 2.654297 2.646484 2.662109 2.666016 2.666016 2.666016 2.666016 2.669922 2.673828 2.677734 2.677734 2.677734 2.677734 2.677734 2.677734 2.681641 2.673828 2.677734 2.681641 2.681641 2.681641 2.677734 2.673828 2.681641 2.677734 2.681641 2.681641 2.638672 2.681641 2.681641 2.681641 2.681641 2.681641 2.677734 2.681641 2.681641 2.681641 2.681641 2.681641 2.681641 2.681641 2.681641 2.634766 2.580078 2.611328 2.583984 2.509766 2.380859 2.357422 2.380859 2.595703 2.669922 2.634766 2.423828 2.361328 2.435547 2.572266 2.673828 2.666016 2.591797
2.650391 2.638672 2.634766 2.638672 2.638672 2.654297 2.666016 2.662109 2.662109 2.662109 2.666016 2.673828 2.673828 2.669922 2.673828 2.677734 2.677734 2.677734 2.677734 2.673828 2.677734 2.677734 2.677734 2.681641 2.681641 2.677734 2.681641 2.681641 2.681641 2.658203 2.583984 2.658203 2.681641 2.681641 2.681641 2.681641 2.638672 2.677734 2.681641 2.681641 2.681641 2.681641 2.681641 2.681641 2.642578 2.568359 2.513672 2.541016 2.560547 2.501953 2.373047 2.345703 2.384766 2.572266 2.681641 2.619141 2.447266 2.408203 2.470703 2.583984 2.669922 2.654297 2.662109
2.646484 2.638672 2.611328 2.607422 2.626953 2.642578 2.662109 2.658203 2.658203 2.658203 2.662109 2.666016 2.673828 2.666016 2.666016 2.673828 2.677734 2.677734 2.677734 2.673828 2.677734 2.681641 2.681641 2.681641 2.681641 2.681641 2.677734 2.654297 2.630859 2.548828 2.458984 2.517578 2.595703 2.658203 2.634766 2.615234 2.587891 2.634766 2.681641 2.681641 2.681641 2.681641 2.681641 2.681641 2.595703 2.544922 2.478516 2.466797 2.423828 2.353516 2.361328 2.365234 2.373047 2.529297 2.669922 2.611328 2.427734 2.388672 2.466797 2.580078 2.662109 2.638672 2.673828
2.669922 2.650391 2.619141 2.623047 2.638672 2.646484 2.662109 2.654297 2.650391 2.654297 2.654297 2.658203 2.662109 2.666016 2.666016 2.669922 2.677734 2.677734 2.677734 2.669922 2.666016 2.673828 2.677734 2.681641 2.681641 2.677734 2.677734 2.662109 2.630859 2.533203 2.447266 2.474609 2.521484 2.560547 2.548828 2.513672 2.509766 2.548828 2.634766 2.681641 2.681641 2.681641 2.681641 2.677734 2.595703 2.560547 2.541016 2.501953 2.412109 2.314453 2.365234 2.380859 2.380859 2.470703 2.646484 2.638672 2.458984 2.404297 2.470703 2.572266 2.646484 2.642578 2.681641
2.666016 2.642578 2.634766 2.638672 2.642578 2.650391 2.654297 2.650391 2.646484 2.650391 2.650391 2.654297 2.658203 2.666016 2.666016 2.673828 2.677734 2.677734 2.673828 2.669922 2.666016 2.681641 2.681641 2.681641 2.681641 2.677734 2.681641 2.677734 2.658203 2.611328 2.548828 2.521484 2.537109 2.583984 2.537109 2.470703 2.474609 2.513672 2.580078 2.626953 2.646484 2.681641 2.681641 2.658203 2.580078 2.556641 2.564453 2.537109 2.419922 2.302734 2.283203 2.369141 2.427734 2.470703 2.595703 2.626953 2.482422 2.431641 2.466797 2.556641 2.626953 2.662109 2.677734
2.666016 2.642578 2.650391 2.650391 2.654297 2.662109 2.666016 2.658203 2.650391 2.650391 2.650391 2.654297 2.666016 2.666016 2.666016 2.669922 2.677734 2.677734 2.669922 2.669922 2.662109 2.669922 2.677734 2.681641 2.681641 2.681641 2.681641 2.681641 2.658203 2.623047 2.619141 2.646484 2.650391 2.615234 2.560547 2.486328 2.466797 2.490234 2.544922 2.595703 2.642578 2.681641 2.681641 2.673828 2.568359 2.548828 2.560547 2.568359 2.498047 2.419922 2.404297 2.384766 2.412109 2.490234 2.580078 2.646484 2.529297 2.451172 2.482422 2.560547 2.619141 2.623047 2.654297
2.662109 2.642578 2.650391 2.654297 2.662109 2.666016 2.666016 2.658203 2.654297 2.654297 2.654297 2.662109 2.662109 2.662109 2.662109 2.666016 2.669922 2.673828 2.666016 2.666016 2.654297 2.658203 2.666016 2.681641 2.681641 2.681641 2.681641 2.681641 2.654297 2.626953 2.603516 2.634766 2.646484 2.619141 2.564453 2.494141 2.478516 2.490234 2.541016 2.580078 2.619141 2.662109 2.681641 2.669922 2.568359 2.541016 2.560547 2.537109 2.498047 2.462891 2.400391 2.455078 2.333984 2.466797 2.544922 2.587891 2.482422 2.439453 2.470703 2.537109 2.595703 2.619141 2.619141
2.658203 2.642578 2.650391 2.654297 2.658203 2.662109 2.658203 2.646484 2.646484 2.654297 2.654297 2.658203 2.662109 2.662109 2.662109 2.662109 2.669922 2.669922 2.662109 2.658203 2.654297 2.642578 2.650391 2.666016 2.673828 2.681641 2.681641 2.666016 2.626953 2.603516 2.595703 2.626953 2.638672 2.626953 2.572266 2.541016 2.498047 2.505859 2.541016 2.564453 2.572266 2.611328 2.615234 2.603516 2.533203 2.517578 2.537109 2.509766 2.470703 2.494141 2.439453 2.423828 2.302734 2.322266 2.517578 2.548828 2.439453 2.322266 2.310547 2.416016 2.470703 2.505859 2.591797
2.658203 2.646484 2.650391 2.654297 2.654297 2.654297 2.650391 2.638672 2.642578 2.658203 2.654297 2.654297 2.658203 2.658203 2.658203 2.662109 2.669922 2.666016 2.662109 2.662109 2.654297 2.634766 2.634766 2.662109 2.662109 2.662109 2.646484 2.611328 2.564453 2.544922 2.525391 2.603516 2.615234 2.583984 2.537109 2.513672 2.490234 2.501953 2.537109 2.513672 2.544922 2.611328 2.603516 2.595703 2.529297 2.548828 2.544922 2.505859 2.505859 2.552734 2.509766 2.443359 2.384766 2.431641 2.470703 2.544922 2.517578 2.419922 2.341797 2.287109 2.306641 2.330078 2.451172
2.662109 2.650391 2.650391 2.654297 2.650391 2.650391 2.646484 2.646484 2.658203 2.666016 2.662109 2.658203 2.658203 2.658203 2.658203 2.666016 2.669922 2.666016 2.666016 2.673828 2.666016 2.642578 2.658203 2.658203 2.642578 2.634766 2.607422 2.568359 2.521484 2.474609 2.478516 2.529297 2.580078 2.521484 2.513672 2.498047 2.458984 2.470703 2.482422 2.470703 2.537109 2.572266 2.560547 2.544922 2.521484 2.560547 2.568359 2.486328 2.478516 2.580078 2.537109 2.478516 2.517578 2.556641 2.630859 2.642578 2.580078 2.513672 2.478516 2.431641 2.365234 2.333984 2.400391
2.658203 2.658203 2.654297 2.654297 2.650391 2.646484 2.642578 2.646484 2.654297 2.662109 2.658203 2.658203 2.658203 2.658203 2.662109 2.658203 2.662109 2.666016 2.673828 2.673828 2.669922 2.650391 2.654297 2.646484 2.630859 2.623047 2.583984 2.544922 2.505859 2.462891 2.466797 2.505859 2.548828 2.490234 2.486328 2.498047 2.478516 2.470703 2.490234 2.466797 2.470703 2.439453 2.447266 2.451172 2.462891 2.580078 2.603516 2.513672 2.552734 2.646484 2.564453 2.498047 2.560547 2.626953 2.681641 2.681641 2.654297 2.576172 2.560547 2.537109 2.541016 2.533203 2.529297
2.658203 2.662109 2.662109 2.654297 2.646484 2.638672 2.638672 2.642578 2.646484 2.650391 2.654297 2.654297 2.662109 2.662109 2.662109 2.650391 2.650391 2.662109 2.673828 2.669922 2.666016 2.658203 2.646484 2.638672 2.634766 2.611328 2.591797 2.548828 2.490234 2.427734 2.423828 2.470703 2.521484 2.482422 2.443359 2.482422 2.486328 2.486328 2.529297 2.490234 2.505859 2.490234 2.439453 2.396484 2.416016 2.486328 2.458984 2.435547 2.470703 2.591797 2.533203 2.478516 2.541016 2.634766 2.677734 2.681641 2.673828 2.615234 2.552734 2.529297 2.541016 2.537109 2.548828
2.650391 2.662109 2.666016 2.658203 2.646484 2.626953 2.638672 2.638672 2.638672 2.642578 2.642578 2.650391 2.662109 2.662109 2.650391 2.642578 2.642578 2.666016 2.669922 2.669922 2.666016 2.666016 2.642578 2.638672 2.626953 2.607422 2.595703 2.556641 2.505859 2.416016 2.376953 2.404297 2.470703 2.455078 2.419922 2.466797 2.490234 2.509766 2.552734 2.548828 2.580078 2.595703 2.560547 2.513672 2.517578 2.548828 2.447266 2.306641 2.310547 2.384766 2.396484 2.404297 2.474609 2.548828 2.626953 2.654297 2.673828 2.615234 2.525391 2.494141 2.494141 2.525391 2.556641
2.634766 2.646484 2.673828 2.658203 2.642578 2.626953 2.638672 2.634766 2.630859 2.630859 2.630859 2.638672 2.654297 2.662109 2.658203 2.646484 2.669922 2.673828 2.673828 2.669922 2.669922 2.681641 2.650391 2.646484 2.623047 2.611328 2.591797 2.572266 2.517578 2.427734 2.400391 2.369141 2.404297 2.408203 2.419922 2.458984 2.498047 2.537109 2.576172 2.595703 2.591797 2.599609 2.583984 2.603516 2.572266 2.603516 2.521484 2.412109 2.349609 2.244141 2.009766 2.087891 2.169922 2.232422 2.509766 2.673828 2.666016 2.658203 2.564453 2.529297 2.521484 2.552734 2.580078
2.623047 2.630859 2.650391 2.654297 2.642578 2.626953 2.634766 2.630859 2.623047 2.619141 2.626953 2.646484 2.666016 2.669922 2.669922 2.650391 2.662109 2.662109 2.666016 2.669922 2.677734 2.681641 2.662109 2.646484 2.626953 2.619141 2.591797 2.580078 2.517578 2.451172 2.427734 2.447266 2.482422 2.439453 2.455078 2.478516 2.521484 2.564453 2.580078 2.583984 2.560547 2.587891 2.599609 2.619141 2.619141 2.638672 2.638672 2.568359 2.478516 2.361328 2.169922 2.072266 2.029297 2.033203 2.291016 2.654297 2.681641 2.681641 2.623047 2.599609 2.564453 2.587891 2.603516
2.630859 2.650391 2.669922 2.658203 2.642578 2.634766 2.638672 2.626953 2.619141 2.623047 2.642578 2.654297 2.658203 2.658203 2.658203 2.646484 2.650391 2.650391 2.650391 2.658203 2.677734 2.669922 2.654297 2.630859 2.615234 2.615234 2.595703 2.576172 2.517578 2.439453 2.412109 2.447266 2.478516 2.478516 2.482422 2.494141 2.544922 2.568359 2.576172 2.564453 2.552734 2.580078 2.623047 2.615234 2.623047 2.646484 2.666016 2.666016 2.595703 2.560547 2.537109 2.556641 2.521484 2.392578 2.365234 2.681641 2.681641 2.681641 2.662109 2.638672 2.611328 2.630859 2.650391
2.654297 2.666016 2.666016 2.646484 2.634766 2.634766 2.646484 2.626953 2.607422 2.619141 2.634766 2.638672 2.638672 2.634766 2.634766 2.642578 2.638672 2.634766 2.638672 2.646484 2.662109 2.646484 2.630859 2.603516 2.587891 2.595703 2.595703 2.583984 2.529297 2.462891 2.443359 2.470703 2.486328 2.521484 2.521484 2.501953 2.521484 2.548828 2.572266 2.580078 2.580078 2.603516 2.638672 2.623047 2.638672 2.630859 2.681641 2.673828 2.642578 2.630859 2.626953 2.634766 2.611328 2.564453 2.587891 2.681641 2.681641 2.681641 2.677734 2.646484 2.642578 2.673828 2.662109
2.654297 2.662109 2.658203 2.642578 2.619141 2.630859 2.662109 2.626953 2.595703 2.615234 2.623047 2.626953 2.626953 2.611328 2.615234 2.630859 2.626953 2.619141 2.623047 2.626953 2.638672 2.623047 2.607422 2.580078 2.568359 2.576172 2.591797 2.587891 2.529297 2.443359 2.462891 2.498047 2.537109 2.541016 2.521484 2.521484 2.517578 2.533203 2.537109 2.541016 2.564453 2.619141 2.638672 2.626953 2.654297 2.619141 2.662109 2.650391 2.591797 2.548828 2.544922 2.583984 2.599609 2.580078 2.599609 2.681641 2.681641 2.681641 2.666016 2.619141 2.619141 2.654297 2.673828
2.646484 2.650391 2.654297 2.646484 2.630859 2.642578 2.658203 2.630859 2.595703 2.607422 2.615234 2.619141 2.619141 2.603516 2.615234 2.630859 2.623047 2.615234 2.619141 2.619141 2.630859 2.607422 2.587891 2.552734 2.544922 2.544922 2.564453 2.533203 2.470703 2.349609 2.373047 2.412109 2.451172 2.517578 2.529297 2.544922 2.548828 2.541016 2.533203 2.505859 2.474609 2.529297 2.552734 2.529297 2.556641 2.529297 2.478516 2.552734 2.466797 2.423828 2.435547 2.392578 2.287109 2.291016 2.455078 2.529297 2.619141 2.580078 2.619141 2.552734 2.509766 2.556641 2.615234
2.638672 2.642578 2.646484 2.646484 2.638672 2.650391 2.650391 2.630859 2.603516 2.599609 2.607422 2.611328 2.611328 2.599609 2.615234 2.634766 2.626953 2.623047 2.626953 2.626953 2.611328 2.580078 2.568359 2.533203 2.521484 2.517578 2.517578 2.443359 2.345703 2.228516 2.263672 2.322266 2.392578 2.474609 2.521484 2.552734 2.548828 2.513672 2.541016 2.513672 2.478516 2.494141 2.447266 2.392578 2.373047 2.341797 2.298828 2.337891 2.365234 2.427734 2.435547 2.392578 2.298828 2.158203 2.236328 2.318359 2.330078 2.314453 2.232422 2.095703 2.267578 2.357422 2.408203
2.630859 2.634766 2.638672 2.642578 2.630859 2.623047 2.623047 2.611328 2.599609 2.591797 2.599609 2.599609 2.595703 2.595703 2.607422 2.607422 2.611328 2.611328 2.626953 2.615234 2.607422 2.603516 2.568359 2.548828 2.537109 2.509766 2.478516 2.396484 2.259766 2.103516 2.169922 2.283203 2.384766 2.455078 2.501953 2.490234 2.431641 2.447266 2.494141 2.408203 2.423828 2.490234 2.474609 2.435547 2.490234 2.529297 2.513672 2.533203 2.517578 2.505859 2.501953 2.455078 2.408203 2.365234 2.408203 2.380859 2.376953 2.322266 2.435547 2.404297 2.330078 2.408203 2.466797
2.626953 2.626953 2.630859 2.630859 2.619141 2.603516 2.599609 2.587891 2.587891 2.587891 2.591797 2.599609 2.595703 2.595703 2.591797 2.587891 2.587891 2.591797 2.607422 2.595703 2.603516 2.583984 2.552734 2.556641 2.548828 2.533203 2.486328 2.404297 2.255859 2.162109 2.185547 2.314453 2.416016 2.470703 2.509766 2.541016 2.517578 2.494141 2.541016 2.462891 2.462891 2.478516 2.458984 2.451172 2.529297 2.583984 2.634766 2.666016 2.634766 2.650391 2.552734 2.517578 2.521484 2.548828 2.595703 2.615234 2.642578 2.681641 2.681641 2.681641 2.681641 2.681641 2.666016
2.619141 2.615234 2.615234 2.619141 2.615234 2.591797 2.583984 2.576172 2.583984 2.580078 2.583984 2.591797 2.587891 2.583984 2.580078 2.580078 2.580078 2.591797 2.599609 2.576172 2.580078 2.556641 2.529297 2.537109 2.552734 2.556641 2.533203 2.458984 2.322266 2.193359 2.228516 2.345703 2.435547 2.474609 2.501953 2.529297 2.525391 2.537109 2.572266 2.529297 2.521484 2.482422 2.478516 2.498047 2.552734 2.595703 2.626953 2.642578 2.658203 2.677734 2.681641 2.677734 2.658203 2.646484 2.650391 2.669922 2.681641 2.681641 2.681641 2.681641 2.677734 2.673828 2.669922
2.615234 2.607422 2.603516 2.623047 2.607422 2.591797 2.572266 2.576172 2.568359 2.564453 2.564453 2.576172 2.572266 2.564453 2.572266 2.580078 2.599609 2.611328 2.595703 2.572266 2.583984 2.537109 2.521484 2.521484 2.548828 2.548828 2.544922 2.474609 2.365234 2.287109 2.306641 2.369141 2.455078 2.462891 2.458984 2.455078 2.435547 2.517578 2.537109 2.537109 2.556641 2.591797 2.607422 2.611328 2.611328 2.638672 2.658203 2.669922 2.681641 2.677734 2.677734 2.681641 2.681641 2.681641 2.681641 2.681641 2.681641 2.681641 2.681641 2.673828 2.666016 2.654297 2.638672
2.615234 2.611328 2.623047 2.626953 2.611328 2.595703 2.572266 2.564453 2.556641 2.544922 2.533203 2.541016 2.548828 2.544922 2.560547 2.591797 2.595703 2.595703 2.591797 2.603516 2.580078 2.548828 2.525391 2.501953 2.513672 2.513672 2.478516 2.380859 2.271484 2.228516 2.314453 2.388672 2.451172 2.431641 2.435547 2.451172 2.458984 2.541016 2.537109 2.521484 2.513672 2.525391 2.552734 2.591797 2.603516 2.638672 2.681641 2.681641 2.681641 2.681641 2.681641 2.681641 2.681641 2.681641 2.669922 2.642578 2.681641 2.681641 2.677734 2.666016 2.658203 2.634766 2.603516
2.611328 2.607422 2.611328 2.611328 2.603516 2.587891 2.552734 2.548828 2.541016 2.529297 2.513672 2.537109 2.533203 2.525391 2.529297 2.537109 2.556641 2.568359 2.572266 2.576172 2.560547 2.548828 2.517578 2.501953 2.474609 2.435547 2.349609 2.224609 2.158203 2.181641 2.326172 2.392578 2.435547 2.412109 2.416016 2.478516 2.494141 2.564453 2.533203 2.470703 2.427734 2.466797 2.517578 2.568359 2.591797 2.634766 2.681641 2.681641 2.681641 2.681641 2.681641 2.681641 2.681641 2.677734 2.642578 2.630859 2.669922 2.681641 2.677734 2.666016 2.654297 2.623047 2.572266
2.595703 2.599609 2.599609 2.595703 2.587891 2.572266 2.548828 2.537109 2.529297 2.509766 2.521484 2.529297 2.513672 2.505859 2.486328 2.478516 2.494141 2.521484 2.544922 2.537109 2.537109 2.537109 2.529297 2.517578 2.482422 2.392578 2.275391 2.158203 2.115234 2.193359 2.345703 2.439453 2.470703 2.525391 2.490234 2.572266 2.580078 2.576172 2.505859 2.482422 2.462891 2.470703 2.486328 2.552734 2.529297 2.576172 2.669922 2.681641 2.681641 2.681641 2.681641 2.681641 2.681641 2.654297 2.607422 2.611328 2.646484 2.681641 2.681641 2.669922 2.658203 2.607422 2.525391
