py_wake/examples/data/AJ_ParqueFicticio/Rough survey   Sector 11   Height 30m   Mean speed.grd
DSAA
73  159
 258469   265669
 6501692   6517492
 .2004595   9.661083
[rows 0 to 27 of 159, columns 0 to 62 of 73]
4.896939 4.9525 4.948545 4.954223 4.953123 4.951313 4.955174 4.958719 4.961002 4.957616 4.944024 4.921542 4.900567 4.879653 4.85572 4.840118 4.832765 4.830192 4.825138 4.834423 4.86601 5.250889 5.555159 5.649119 5.092551 3.947102 3.855975 4.400024 4.603599 4.467694 4.28726 4.270585 4.274552 4.422925 4.498215 4.708072 5.154035 5.525637 5.416391 5.384975 5.373377 5.39814 5.429636 5.341953 5.271723 5.326828 5.30373 5.287024 5.274408 5.250844 5.231814 5.191012 5.168502 5.151261 5.112367 5.079957 5.048809 5.0101 4.983424 4.949238 4.907187 4.872027 4.843897
4.867288 4.898033 4.927443 4.946864 4.951733 4.95163 4.951455 4.951482 4.955699 4.962854 4.961342 4.934522 4.907102 4.88052 4.850208 4.82632 4.81362 4.802778 4.759603 4.734627 4.781061 5.057145 5.631163 5.807152 5.650325 4.708798 3.591302 4.076872 4.429605 4.39079 4.331267 4.254946 4.229154 4.289544 4.31036 4.557818 5.030113 5.665913 5.510999 5.451816 5.443809 5.476432 5.565829 5.50756 5.223017 5.238236 5.296994 5.331679 5.316378 5.290595 5.288269 5.230902 5.20889 5.177671 5.135037 5.106993 5.067087 5.029683 4.977425 4.931268 4.883015 4.835513 4.794548
4.992049 4.765698 4.872138 4.923279 4.93841 4.945076 4.945559 4.943298 4.940954 4.945335 5.027576 4.986772 4.924049 4.889312 4.842661 4.825833 4.806046 4.775727 4.704176 4.608236 4.679201 4.826603 5.502502 5.958167 5.894128 4.882483 4.00617 4.050816 4.233817 4.249237 4.27323 4.203761 4.191326 4.171359 4.086431 4.347323 4.804184 5.726976 5.660107 5.544806 5.496517 5.507922 5.544567 5.707232 5.38789 5.192718 5.197958 5.272972 5.336263 5.354611 5.355639 5.341955 5.238283 5.190869 5.16015 5.132571 5.090614 5.038377 4.977788 4.915841 4.848496 4.795107 4.743624
5.534829 5.003675 4.804915 4.892489 4.922213 4.937678 4.938128 4.926581 4.908539 4.905269 4.926135 5.027824 5.041852 4.97681 4.857672 4.793773 4.759901 4.702142 4.637579 4.523917 4.551625 4.64488 5.205925 5.63322 5.903911 5.197103 4.32284 4.068842 4.124986 4.166725 4.223093 4.203874 4.164584 4.025319 3.848433 3.861418 4.307327 5.295823 5.951735 5.723858 5.699908 5.67539 5.595711 5.692771 5.67768 5.312226 5.228732 5.256558 5.31133 5.337024 5.429111 5.376366 5.292819 5.245419 5.220428 5.177516 5.124554 5.054876 4.978846 4.894825 4.813369 4.752124 4.703012
5.927754 5.370232 4.794578 4.830393 4.870819 4.916589 4.928333 4.904476 4.880838 4.877769 4.88197 4.896962 5.038056 5.042031 4.874995 4.740496 4.694305 4.643024 4.579364 4.459641 4.518518 4.582349 4.877155 5.304878 5.643186 5.345347 4.607292 4.313809 4.216433 4.196546 4.134979 4.216498 4.053459 3.85076 3.675503 3.427552 3.607571 4.627027 5.364156 5.584362 5.853772 5.9938 5.654317 5.603466 5.790219 5.52968 5.413116 5.325477 5.309447 5.353195 5.49448 5.467182 5.415154 5.365699 5.315196 5.250044 5.169379 5.078032 4.973935 4.870852 4.777038 4.689335 4.624997
5.902252 5.71598 5.333449 4.901138 4.723858 4.862586 4.931661 4.895953 4.855031 4.837029 4.852121 4.805979 4.938834 4.973928 4.87198 4.696993 4.635402 4.558895 4.413012 4.461293 4.627744 4.69354 4.872372 5.136431 5.481812 5.30134 4.825762 4.523654 4.363247 4.2769 4.17039 4.190462 4.211611 4.022844 3.899121 3.620349 3.294384 3.729508 4.471937 4.884612 5.403235 6.050432 5.735179 5.564105 5.530753 5.672034 5.552033 5.399092 5.3229 5.331505 5.437222 5.647881 5.597779 5.529251 5.445841 5.343085 5.231061 5.111602 4.979656 4.855268 4.728951 4.620443 4.454408
5.858389 5.89877 5.928495 5.619126 4.959574 4.718292 4.939178 4.970119 4.928766 4.905564 4.924182 4.842725 4.779685 4.870306 4.908296 4.793321 4.569999 4.485896 4.317904 4.199348 4.46071 4.786694 4.994869 5.1447 5.428732 5.288128 4.989957 4.714419 4.47865 4.329402 4.193693 4.11923 4.20713 4.135015 3.973483 3.792078 3.634491 3.566439 3.657296 4.156712 4.945041 5.760102 5.803082 5.568525 5.556909 5.600239 5.567544 5.435462 5.265915 5.262253 5.359537 5.504367 5.71775 5.864697 5.675652 5.483837 5.317365 5.160898 4.998607 4.824496 4.666032 4.438296 4.207739
5.81779 5.837633 5.855578 5.858423 5.429342 4.935512 4.92533 5.000366 4.982727 4.971429 4.954876 4.905076 4.872422 4.921822 4.970884 4.892832 4.640227 4.41959 4.277308 3.937411 4.21039 4.59691 5.070397 5.237366 5.532073 5.389672 5.142668 4.805001 4.594687 4.397717 4.288558 4.31075 4.266623 4.16872 4.020008 3.84973 3.748322 3.747384 3.716685 3.512236 4.528765 5.457039 5.585125 5.558796 5.51722 5.48544 5.617339 5.439768 5.197956 5.162944 5.376966 5.386103 5.511044 5.794532 6.065382 5.663355 5.422708 5.240304 5.045142 4.825823 4.443049 4.223572 3.978007
5.82198 5.846758 5.870586 5.879895 5.690472 5.266297 5.114981 5.075848 5.024096 5.007445 4.987817 4.949311 4.939431 4.994236 5.063147 5.013835 4.808906 4.399417 4.167111 3.913995 3.764004 4.202931 4.742381 5.040039 5.492572 5.618036 5.376588 4.968843 4.752272 4.579096 4.464831 4.409983 4.338765 4.239345 4.091356 3.937377 3.795124 3.788746 3.83848 3.583244 3.940381 4.71058 5.001139 5.100389 5.417275 5.54739 5.385076 5.447806 5.072878 4.846114 5.216619 5.236438 5.212888 5.649387 5.957614 5.836813 5.542608 5.357292 5.188415 4.857366 4.235419 3.835089 3.701118
5.833558 5.878279 5.904045 5.922425 5.856778 5.509561 5.196863 5.074573 5.004264 5.027789 5.045653 5.032429 4.995201 5.039544 5.19059 5.198409 5.00474 4.652797 4.227055 3.873838 3.614876 3.666826 4.107883 4.175415 4.853354 5.632169 5.634189 5.241292 5.018126 4.782737 4.598338 4.523579 4.443209 4.339896 4.2212 4.138021 3.993001 3.75858 3.858947 3.824285 3.639069 3.614558 3.925292 3.979526 4.870617 5.218477 5.097873 5.2731 5.001624 4.51831 4.802653 4.996552 4.993835 5.209518 5.694555 5.953988 5.685296 5.551287 5.414046 5.121778 4.4576 3.646803 3.514108
5.856594 5.881641 5.886493 5.920887 5.980497 5.756236 5.671636 5.318387 4.975489 5.061597 5.160195 5.136053 4.999415 4.974866 5.193939 5.576959 5.421798 4.873522 4.51359 4.202303 3.738515 3.5772 3.756506 3.85807 3.785524 4.693797 5.442952 5.541187 5.213787 4.868499 4.737231 4.666395 4.58279 4.490423 4.379987 4.241266 4.131436 3.963854 3.822833 3.970164 3.990282 3.996654 3.965072 3.701555 3.650019 4.342488 4.353171 4.690783 4.793714 4.370235 4.335736 4.535898 4.869614 5.094947 5.472296 5.813023 5.908091 5.82444 5.8294 5.566216 4.964925 4.04197 3.647962
5.822138 5.856375 5.82218 5.741523 5.830328 5.824708 5.827715 5.544501 4.874501 5.143297 5.295018 5.315462 5.016619 4.768859 4.876691 5.650185 5.966158 5.517286 4.73712 4.42482 4.035 3.63178 3.483807 3.662401 3.775275 3.799165 4.926959 5.358644 5.164557 4.946178 4.828938 4.727018 4.681963 4.632005 4.554087 4.348842 4.235301 4.117188 3.926271 3.992194 4.086178 4.132824 4.08023 3.941954 3.672701 3.712818 3.863375 3.902466 4.132884 4.058065 3.791729 4.108142 4.734371 5.123747 5.150999 5.334621 5.627323 6 5.987143 5.924898 5.52651 4.704879 3.88268
5.759989 5.788944 5.782013 5.715917 5.76972 5.820592 5.860669 5.867024 4.940486 5.156832 5.440939 5.681232 5.589349 4.683992 4.606805 4.689702 5.353838 5.835334 5.745486 4.971675 4.357864 3.97716 3.717314 3.71686 3.781866 3.888874 3.950505 4.680604 5.018663 4.91975 4.808308 4.721137 4.692751 4.645951 4.588421 4.451474 4.311768 4.225323 4.129934 4.014525 4.069265 4.15204 4.134659 4.031991 3.755663 3.790753 3.851485 3.966346 4.050224 3.974703 3.726253 3.359113 3.975106 4.553584 4.7814 4.593428 4.692073 4.777653 4.862401 4.866051 4.963695 4.47743 3.937984
5.680736 5.692985 5.750029 5.753841 5.772604 5.809097 5.839894 5.906332 5.154335 5.076233 5.408678 5.711527 5.855043 5.579458 4.948856 4.722006 5.021422 5.268774 5.607174 5.537027 5.350476 4.819675 4.105242 3.760842 3.833155 3.915808 4.06582 4.258465 4.505697 4.610993 4.62217 4.602931 4.598222 4.597374 4.519322 4.447843 4.346763 4.290004 4.245377 4.192902 4.094959 4.071045 4.094983 4.034571 3.729593 3.669992 3.706002 3.668248 3.814216 3.708594 3.532009 3.152963 1.676415 2.061159 2.344834 2.359242 .2004595 .2769255 .2791283 2.017212 2.434174 3.212371 3.465424
5.624507 5.676098 5.721815 5.754661 5.776863 5.800355 5.811821 5.788939 5.466541 5.260449 5.54023 5.697193 5.791567 5.746898 5.508746 5.256611 5.254771 5.37074 5.50861 5.529523 5.592231 5.465236 5.150558 4.199587 3.791866 3.92525 4.038525 4.198092 4.340928 4.433507 4.478017 4.50484 4.590232 4.607587 4.531323 4.376775 4.337091 4.271241 4.296075 4.342441 4.297342 4.204241 4.085511 4.033626 4.015576 3.766963 3.830893 3.682909 3.352166 3.267972 3.247391 2.997039 2.043392 2.136596 2.305124 2.006484 .3507196 .3199619 .2091693 2.29101 2.073778 1.814883 2.412243
5.591213 5.658966 5.707192 5.727542 5.762508 5.782009 5.776192 5.752598 5.653375 5.490337 5.551837 5.646992 5.71917 5.755619 5.684965 5.430834 5.298488 5.440622 5.630929 5.665579 5.600098 5.747495 5.907831 5.300344 4.381978 3.766567 3.946173 4.109316 4.241888 4.364449 4.414897 4.436637 4.527458 4.706191 4.771648 4.367194 4.013517 4.11579 4.227859 4.542614 4.646401 4.459623 4.209416 4.158692 4.154982 4.052517 3.884295 3.75432 3.508566 2.988333 2.975387 2.940845 2.350828 2.369366 2.214729 .5111074 .4856821 2.664451 2.680441 2.344347 2.005063 1.665326 1.213474
5.574956 5.620423 5.655047 5.692765 5.732358 5.756831 5.750161 5.717176 5.66047 5.567228 5.552333 5.587194 5.638854 5.642018 5.664631 5.616417 5.495394 5.448365 5.562352 5.585997 5.581435 5.692812 5.828051 5.962795 5.76162 4.679036 3.778578 3.924273 4.137941 4.283012 4.318779 4.318775 4.515872 4.887224 5.137846 5.063133 4.285684 3.922734 4.049428 4.402218 4.725084 4.557358 4.307742 4.200259 4.173286 4.142711 4.047217 3.93544 3.494222 2.254628 2.151222 2.645431 3.211196 3.648098 4.01135 4.415753 4.828071 5.116493 5.166348 5.053349 4.668217 4.04236 2.923867
5.566226 5.598126 5.63386 5.67658 5.706202 5.738903 5.731783 5.702849 5.654319 5.63143 5.604743 5.551324 5.520626 5.60397 5.645702 5.650063 5.590892 5.545478 5.566186 5.582958 5.599906 5.679523 5.781868 5.917825 5.965138 5.854841 4.949469 4.106945 4.042087 4.258838 4.404519 4.458591 4.573084 4.871588 5.31942 5.541469 4.872555 4.104777 4.183938 4.516087 5.191185 5.240686 4.525522 4.095392 3.944068 3.907875 3.922723 4.284084 4.463473 4.439578 4.252129 4.17559 4.496389 4.904548 5.190011 5.336978 5.407891 5.485575 5.557262 5.488783 5.158593 4.728204 3.891536
5.531032 5.570101 5.628885 5.67448 5.695858 5.708224 5.704267 5.67979 5.653715 5.657323 5.653548 5.540054 5.463729 5.574147 5.624608 5.647675 5.623661 5.598836 5.591088 5.583511 5.582408 5.638625 5.753983 5.929196 6.058206 5.981028 5.698099 5.161506 4.63822 4.573359 4.410522 4.339736 4.899764 5.367755 5.562897 5.795609 5.426884 4.479043 3.9887 4.392472 5.527715 6.101115 5.945006 5.617924 5.201616 4.938127 4.550648 4.80365 5.125684 5.086437 4.729712 4.496788 4.597875 4.896113 5.238994 5.412537 5.511973 5.482957 5.391721 5.34015 5.340391 5.059722 4.40753
5.513833 5.563621 5.616643 5.654874 5.657856 5.670865 5.664384 5.656613 5.649446 5.647662 5.654302 5.621137 5.533184 5.56111 5.614344 5.644002 5.653559 5.646808 5.615839 5.582617 5.561762 5.582288 5.60564 5.706596 5.840284 5.924669 5.94395 5.644542 5.143973 4.987742 4.61395 4.095159 4.622932 5.662673 5.814931 5.904974 5.713257 4.852373 3.767769 4.226389 5.512435 6.319931 6.486099 6.510113 6.27538 5.898628 5.283744 5.219121 5.529912 5.528844 5.132517 4.825765 4.692148 4.846573 5.11081 5.324008 5.428093 5.529834 5.415063 5.235398 5.173305 5.140152 4.760435
5.493607 5.528134 5.568602 5.59739 5.610886 5.612368 5.628592 5.619632 5.614319 5.631338 5.647484 5.648759 5.595802 5.596984 5.621743 5.649404 5.672421 5.669552 5.632082 5.577676 5.558904 5.54299 5.566723 5.605295 5.698504 5.746001 5.735664 5.697724 5.706504 5.074853 4.781821 4.369535 4.02189 5.523313 6.015898 6.14955 5.689507 4.805271 3.700171 4.193974 5.47722 6.158977 6.46869 6.509566 6.531676 6.513275 6.034806 5.636488 5.673472 5.800684 5.404422 5.276124 4.968259 4.948099 5.121462 5.266404 5.358162 5.43504 5.345544 5.184369 5.06836 5.052303 4.99878
5.469713 5.472712 5.486269 5.546705 5.572027 5.578617 5.562979 5.565684 5.567332 5.604144 5.652348 5.664533 5.641108 5.63283 5.634008 5.638382 5.667868 5.686706 5.646865 5.635459 5.608943 5.579191 5.557559 5.585993 5.641139 5.666403 5.630766 5.576114 5.672429 5.271946 5.183961 4.959735 3.900636 4.418056 5.596217 6.127343 5.982866 4.856565 3.669755 4.307652 5.403207 6.075146 6.320404 6.393531 6.48022 6.528059 6.318624 5.979654 5.816004 5.74485 5.593584 5.446795 5.298443 5.082376 5.246292 5.349825 5.365695 5.432017 5.359694 5.112842 4.949594 4.965621 4.960327
5.463927 5.453872 5.457501 5.488474 5.503935 5.51338 5.511335 5.512493 5.515011 5.566516 5.64044 5.65267 5.652901 5.64852 5.637331 5.631897 5.590573 5.65307 5.662324 5.655712 5.632428 5.609066 5.598931 5.616108 5.631132 5.62654 5.569892 5.488191 5.495846 5.446374 5.652869 5.550258 4.437111 3.980229 4.839982 6.032515 6.079841 5.123262 3.893014 3.71821 4.899194 5.89714 6.280082 6.320874 6.379291 6.430794 6.385504 6.288542 6.150937 5.821256 5.668756 5.614143 5.523314 5.277037 5.359655 5.534885 5.561138 5.556182 5.617652 5.426981 5.064598 4.872381 4.796622
5.48735 5.507534 5.448702 5.412601 5.436461 5.460519 5.467187 5.472985 5.478617 5.533998 5.606693 5.630742 5.635217 5.648902 5.638015 5.626621 5.55705 5.571042 5.626835 5.661219 5.660241 5.648814 5.637298 5.645479 5.641469 5.595868 5.529431 5.457157 5.256708 5.317043 5.633564 5.765513 5.176641 4.163765 4.31317 5.562271 5.993748 5.671667 4.781706 3.726425 4.060981 5.304224 5.823112 6.116436 6.160083 6.322669 6.385526 6.382302 6.276521 6.051743 5.86712 5.736822 5.636882 5.409393 5.436025 5.75779 5.856515 5.752346 5.802837 5.799485 5.387351 4.88172 4.713002
5.476468 5.489574 5.4672 5.42228 5.425596 5.435863 5.439523 5.450942 5.458877 5.537707 5.5729 5.601947 5.61326 5.615699 5.610497 5.632691 5.609684 5.591443 5.619526 5.653631 5.671174 5.672332 5.667704 5.677433 5.642195 5.565644 5.501892 5.452538 5.224981 4.959905 5.297283 5.620226 5.666036 4.931675 4.170882 5.152164 5.664009 5.634448 5.304923 4.59945 4.223182 4.809389 5.405442 5.770013 5.900333 6.181185 6.309616 6.405094 6.364941 6.181324 6.100338 5.99804 5.882892 5.550543 5.449244 5.939707 6.206527 6.027424 5.976429 6.098123 5.591849 5.038388 4.625986
5.476015 5.439148 5.4389 5.428596 5.427733 5.435995 5.449369 5.441325 5.442649 5.508177 5.542939 5.568718 5.577469 5.585182 5.5918 5.606782 5.619884 5.619145 5.626878 5.649 5.665244 5.678402 5.686218 5.706991 5.672791 5.553833 5.415757 5.406289 5.395202 5.041845 5.216948 5.499717 5.554746 5.49077 4.312466 4.897198 5.441545 5.5856 5.441502 4.963506 4.413202 4.747751 5.497748 5.696068 5.816865 6.019054 6.155906 6.336558 6.435826 6.351797 6.276697 6.314362 6.277734 5.7831 5.376362 6.018814 6.640628 6.332082 6.043734 5.987443 5.666023 5.187536 4.762382
5.489338 5.415833 5.409567 5.416055 5.433306 5.442283 5.45307 5.46338 5.464381 5.45345 5.487598 5.530359 5.55557 5.56425 5.594409 5.598378 5.616013 5.631293 5.634695 5.637192 5.646128 5.664595 5.67829 5.641662 5.6987 5.65157 5.391431 5.408911 5.536769 5.328194 5.353792 5.427672 5.458914 5.289257 4.753328 5.100704 5.33999 5.447123 5.472002 4.852728 4.540849 4.774421 5.461792 5.795553 5.937839 5.934289 6.008438 6.215833 6.408161 6.423345 6.409433 6.560763 6.781937 6.33302 5.408827 5.798225 6.773764 6.826098 6.128853 5.651155 5.406356 5.135611 4.859643
5.484787 5.456038 5.420133 5.41865 5.436981 5.450101 5.46558 5.471668 5.439837 5.435256 5.459014 5.502338 5.538969 5.559661 5.584533 5.602676 5.617929 5.651124 5.649777 5.634391 5.605556 5.574042 5.61313 5.654406 5.682731 5.665238 5.569003 5.447179 5.529671 5.477917 5.422163 5.447244 5.405523 5.172213 4.912099 5.22422 5.285851 5.311356 5.39888 4.985756 4.610399 4.664003 5.092589 5.724412 6.005651 6.024054 6.01575 6.141178 6.348421 6.455557 6.43082 6.664846 7.1494 7.107069 5.917129 5.703201 6.510124 6.946933 6.272705 5.472096 5.069813 4.874762 4.605417
