py_wake/examples/data/AJ_ParqueFicticio/Rough survey   Sector 5   Height 30m   Weibull-A.grd
DSAA
73  159
 258469   265669
 6501692   6517492
 .2525203   12.47871
[rows 28 to 55 of 159, columns 0 to 62 of 73]
6.630382 6.6184 6.607859 6.603977 6.612672 6.624556 6.643679 6.652322 6.633974 6.647647 6.686646 6.735577 6.796185 6.856016 6.873925 6.907097 6.948683 6.971983 6.988808 6.979884 6.926427 6.880178 6.936072 6.9945 7.041679 7.021054 6.948584 6.848781 6.865385 6.872349 6.872852 6.867513 6.76681 6.435112 6.255961 6.48774 6.646839 6.670127 6.789774 6.547028 6.054478 5.902153 6.080995 6.772803 7.390222 7.665026 7.675313 7.804066 8.10446 8.311285 8.231659 8.40992 9.310992 9.797986 8.608562 8.022719 8.482873 8.906655 8.41261 7.379964 6.738857 6.427999 5.828667
6.616635 6.618711 6.609008 6.607014 6.608927 6.607275 6.615637 6.644739 6.654677 6.659248 6.670628 6.704772 6.752316 6.866949 6.90044 6.922541 6.949068 6.976442 6.990045 6.982721 6.925035 6.86631 6.910384 6.968994 7.011393 6.998381 6.940376 6.900458 6.88814 6.90367 6.91276 6.88658 6.707359 6.309664 6.109449 6.422884 6.658414 6.676836 6.714743 6.55809 6.14331 5.969669 6.168386 6.500227 6.963739 7.508241 7.765076 8.011855 8.55394 8.980627 8.957292 8.867047 9.336321 10.07531 9.639587 8.908795 8.907431 8.952239 8.334717 7.585486 7.097128 6.455708 6.018203
6.588155 6.593162 6.593286 6.592374 6.588017 6.594913 6.596143 6.63404 6.649832 6.640938 6.648314 6.65432 6.676934 6.822709 6.877895 6.910292 6.94235 6.968904 6.97657 6.9512 6.921875 6.902552 6.913064 6.952977 6.969659 6.972808 6.959464 6.920928 6.889596 6.886517 6.881976 6.889067 6.646997 6.265464 6.239146 6.479565 6.57906 6.601523 6.677298 6.635536 6.350354 6.049032 6.143083 6.497889 6.728887 6.967221 7.356689 7.890226 8.521024 9.247323 9.665047 10.01545 10.05995 10.45271 10.54174 9.7995 9.434092 8.646127 7.909565 7.253791 6.675362 6.090809 6.470507
6.564481 6.567198 6.568508 6.570686 6.564918 6.573796 6.575171 6.61257 6.611197 6.614797 6.612931 6.618374 6.635318 6.745192 6.848886 6.891822 6.925997 6.960639 6.952477 6.928472 6.9218 6.921436 6.922955 6.931977 6.947956 6.962252 6.947766 6.947036 6.864537 6.835165 6.848698 6.903557 6.796582 6.494023 6.460126 6.455891 6.468941 6.461652 6.571892 6.750395 6.513981 6.165737 6.093031 6.361858 6.730263 6.890441 6.963358 7.225749 7.815616 8.676075 9.577394 10.40245 10.91043 11.13839 11.20331 10.69268 9.975499 8.69342 7.565701 6.896822 6.155566 5.860169 6.692674
6.503559 6.526215 6.543511 6.55328 6.559343 6.569876 6.578227 6.574486 6.580237 6.587146 6.587838 6.591317 6.59491 6.643709 6.759937 6.827696 6.884377 6.954053 6.932968 6.911098 6.915796 6.925118 6.928686 6.927491 6.936847 6.921955 6.923215 6.915701 6.844426 6.77543 6.816528 6.830956 6.729648 6.576226 6.463721 6.475394 6.43319 6.314064 6.47166 6.683241 6.704078 6.345586 6.092437 6.096013 6.447399 6.975898 7.32778 7.255855 7.213322 7.549259 8.23295 9.185091 10.23464 11.18943 11.6346 11.30232 10.31 8.940487 7.65885 6.685453 5.782949 5.893959 7.131471
6.491911 6.513516 6.531947 6.546248 6.563413 6.568058 6.581444 6.578484 6.583754 6.579437 6.580131 6.582957 6.586556 6.587068 6.676173 6.751239 6.833891 6.926325 6.905926 6.909226 6.913031 6.927701 6.932075 6.926259 6.928884 6.91368 6.859403 6.85405 6.835901 6.789019 6.7979 6.787591 6.711462 6.582754 6.476546 6.506045 6.522994 6.271406 6.33628 6.489897 6.739609 6.662369 6.309341 5.902133 5.921959 6.558405 7.35418 7.7131 7.61189 7.692123 7.833193 8.082793 8.71782 9.744511 11.16806 11.69331 10.56773 9.165709 7.858983 6.692868 5.568903 5.825901 7.574789
6.541456 6.546669 6.55101 6.547795 6.552266 6.552755 6.574261 6.58457 6.585578 6.585213 6.580548 6.581662 6.587319 6.568117 6.626601 6.711231 6.804028 6.888862 6.875532 6.886512 6.905459 6.903563 6.911111 6.907273 6.897639 6.87558 6.816786 6.813049 6.815641 6.813215 6.795544 6.775271 6.729105 6.604393 6.447886 6.404152 6.619055 6.38762 6.251326 6.319136 6.761531 6.91218 6.733359 6.106178 5.489077 5.930757 6.948514 7.663131 7.81617 8.222394 8.621464 9.038795 9.0472 9.257835 10.25782 11.44454 11.25213 9.766356 8.250478 6.99767 5.934063 5.996872 7.499531
6.55101 6.560633 6.556136 6.561553 6.556993 6.559994 6.559525 6.556056 6.562649 6.564865 6.555653 6.551186 6.53732 6.586623 6.638876 6.679752 6.738419 6.856154 6.824343 6.834253 6.859144 6.864992 6.869202 6.872314 6.869987 6.836374 6.799939 6.803466 6.799586 6.800792 6.785883 6.757587 6.728786 6.653032 6.512045 6.329451 6.432444 6.482287 6.295348 6.343672 6.713162 7.027866 7.059368 6.612139 5.483824 5.121294 6.303857 7.455533 7.959625 8.353445 8.998888 10.03744 10.55286 10.56185 10.90364 11.61717 11.49988 10.36498 8.765944 7.296112 6.718264 6.792454 7.54974
6.537288 6.542847 6.534603 6.539366 6.555401 6.584488 6.539211 6.549738 6.557425 6.55533 6.543011 6.52204 6.502457 6.552775 6.603541 6.630631 6.666992 6.734663 6.786761 6.744084 6.797133 6.810105 6.81822 6.827567 6.854316 6.809302 6.802599 6.791537 6.783199 6.779747 6.775578 6.741639 6.683643 6.673423 6.533156 6.328547 6.242989 6.389686 6.329661 6.343794 6.868573 7.488032 7.638976 7.331876 5.955265 4.523191 5.06435 6.668995 7.725979 8.391902 8.866464 10.04041 11.20228 11.68677 11.80444 12.10694 11.71767 10.39761 8.706288 7.438671 7.728412 8.044044 8.269677
6.460343 6.481147 6.49457 6.502891 6.505238 6.520835 6.587736 6.586785 6.573053 6.552547 6.54524 6.522143 6.488519 6.51601 6.549737 6.569434 6.595347 6.608685 6.664374 6.669761 6.690157 6.732228 6.738533 6.759542 6.838485 6.802156 6.790428 6.770576 6.760965 6.731541 6.717706 6.71217 6.68986 6.674913 6.594613 6.35888 6.028481 6.212306 6.274146 6.199411 6.811858 7.917671 8.585451 8.600849 7.514672 5.000695 4.018069 5.041405 6.498949 7.636569 8.270444 9.124643 10.48596 11.49348 12.15825 12.47871 12.03287 10.39245 8.430903 7.623479 8.250229 8.967825 9.181663
6.393031 6.443621 6.462092 6.478156 6.479289 6.4735 6.532624 6.544444 6.558548 6.568763 6.578463 6.561408 6.5243 6.449286 6.487755 6.520673 6.555584 6.585716 6.626557 6.599996 6.515293 6.595594 6.646672 6.700377 6.786422 6.766739 6.768628 6.751529 6.72264 6.678883 6.630517 6.692037 6.691174 6.650996 6.611536 6.464887 6.033504 5.9009 5.911674 6.146468 6.523792 7.559466 8.790487 9.485159 9.217013 6.880517 4.69143 4.724808 4.996575 6.174891 7.162388 7.665133 8.706944 9.954638 11.45439 12.29689 12.02582 10.3835 8.262821 7.536018 7.900337 9.077472 9.629675
6.412386 6.446573 6.469486 6.490601 6.522978 6.534246 6.46828 6.514999 6.549475 6.56876 6.591362 6.601414 6.476634 6.454584 6.487105 6.526884 6.564692 6.610445 6.662555 6.569349 6.443327 6.496933 6.562498 6.635643 6.723863 6.751048 6.740979 6.721849 6.702599 6.636729 6.56944 6.606859 6.621127 6.608428 6.577596 6.410582 5.991376 5.728001 5.618518 6.039633 6.437696 7.13461 8.178657 9.41772 10.02367 8.659269 6.516929 6.058637 5.410764 5.662147 6.919677 7.767042 8.472984 9.224087 10.51651 11.79689 12.19855 10.55234 8.272445 7.155683 7.297922 8.12255 9.393015
6.378041 6.431539 6.462142 6.484546 6.51736 6.518219 6.519343 6.539741 6.547668 6.556331 6.561951 6.548963 6.505179 6.516647 6.518846 6.52267 6.546607 6.570932 6.600386 6.597561 6.525835 6.524403 6.528032 6.552502 6.655031 6.685137 6.675232 6.659163 6.636511 6.576532 6.544123 6.574249 6.581722 6.573773 6.558017 6.37654 5.968255 5.548779 5.509452 5.95759 6.472328 7.12786 7.794006 8.993351 9.924708 9.557404 7.881326 7.535479 7.144634 6.426075 7.085806 8.172264 9.094444 9.768958 10.67458 11.77709 11.97749 10.95904 8.733762 7.050108 6.441651 7.099841 8.332429
6.438226 6.461466 6.478144 6.461865 6.443093 6.478471 6.533445 6.556277 6.55001 6.524239 6.484432 6.480073 6.478884 6.487959 6.481483 6.48207 6.483308 6.486089 6.538107 6.585685 6.606166 6.601362 6.611248 6.558499 6.49009 6.534107 6.557822 6.56252 6.563807 6.522107 6.529208 6.548664 6.555878 6.537668 6.550573 6.412013 5.890769 5.289962 5.26938 5.729292 6.383233 7.065372 7.630926 8.716048 9.631592 9.714005 8.624715 8.081365 8.168864 7.935724 7.88419 8.2838 9.090616 10.00325 11.02703 11.82314 11.90545 11.2694 9.56616 7.599171 6.028379 5.846761 6.740479
6.530613 6.536538 6.54247 6.51447 6.415737 6.395382 6.483588 6.521945 6.504755 6.482437 6.446814 6.41532 6.411336 6.41434 6.432047 6.433974 6.427094 6.42733 6.449653 6.548507 6.605757 6.641034 6.68964 6.680193 6.434167 6.355379 6.410878 6.434194 6.458584 6.49096 6.491443 6.485043 6.507482 6.512799 6.502646 6.369948 5.965679 5.250966 4.92437 5.382277 6.022815 6.591479 7.115662 8.078898 8.757849 9.272202 8.570601 7.857063 8.488975 8.585906 8.612754 8.810019 9.302189 9.901851 10.68271 11.47888 11.81481 11.46424 10.44892 8.687231 6.894368 5.364255 5.412166
6.584708 6.6043 6.629518 6.649922 6.475769 6.301122 6.328755 6.471702 6.477632 6.482998 6.503132 6.461031 6.403773 6.362439 6.381678 6.394775 6.395707 6.383864 6.374406 6.429317 6.542933 6.576985 6.600954 6.609094 6.490851 6.399405 6.384696 6.369839 6.354563 6.381469 6.419544 6.42527 6.39851 6.427351 6.463526 6.26827 5.946258 5.442992 4.871613 4.858618 5.367722 6.002457 6.355427 7.273427 7.950957 8.23667 7.924755 7.271507 7.54831 7.982025 8.155514 8.327115 8.837832 9.051433 9.713798 10.79818 11.32126 11.49403 10.67075 9.342591 8.057604 6.418258 5.175326
6.601591 6.627034 6.653187 6.717154 6.67417 6.494884 6.314843 6.358098 6.403393 6.460818 6.528481 6.488913 6.364585 6.349704 6.376792 6.393991 6.384172 6.372021 6.359784 6.318227 6.429208 6.457288 6.462479 6.514509 6.471611 6.426837 6.372619 6.32241 6.298997 6.308941 6.349449 6.372253 6.339389 6.36741 6.435352 6.254026 6.025098 5.703561 5.149983 4.933609 4.82402 5.625254 6.286198 6.64352 7.08796 7.310454 7.24564 6.578299 6.363351 6.86569 6.96918 6.9972 7.633083 8.584152 9.112051 10.16039 10.59262 10.66569 10.5347 9.789231 8.793381 7.472941 6.088059
6.608061 6.617999 6.652166 6.7205 6.769311 6.638649 6.435943 6.363802 6.369729 6.395818 6.437932 6.470513 6.42588 6.411885 6.423804 6.421533 6.407784 6.404793 6.380055 6.308926 6.324864 6.371111 6.372679 6.382254 6.368352 6.359968 6.313802 6.247499 6.165539 6.125942 6.19212 6.220488 6.19193 6.167299 6.403515 6.243265 6.021492 5.760689 5.605558 5.470447 5.015997 5.349591 6.003973 6.255415 6.819161 7.231451 7.364369 7.497462 7.197721 7.265971 7.49112 7.591273 7.768176 8.649199 9.486529 10.17255 10.3665 9.674127 9.521247 9.636957 9.430588 8.871207 7.887088
6.582137 6.60083 6.663768 6.745411 6.766045 6.698425 6.559233 6.487295 6.449581 6.354875 6.342278 6.418667 6.434167 6.448652 6.450898 6.421638 6.408278 6.411616 6.414956 6.309584 6.341722 6.389212 6.436469 6.445284 6.323378 6.26507 6.281384 6.216856 6.124049 6.001968 6.006015 6.034626 5.947331 5.874317 6.182781 6.163092 5.929848 5.668452 5.658035 5.806581 5.679282 5.653148 6.047265 6.595722 7.260806 7.597977 7.683614 7.935414 8.05577 8.283528 8.416862 8.677704 8.52035 8.891519 9.654693 10.54099 10.94306 9.965183 8.648018 8.392509 8.531304 8.717044 8.838752
6.544327 6.554441 6.58056 6.719331 6.739729 6.705695 6.651212 6.612745 6.597467 6.421875 6.208541 6.308722 6.368459 6.401154 6.415755 6.383422 6.369631 6.365418 6.36775 6.389917 6.419014 6.414203 6.435064 6.426359 6.306628 6.304026 6.281864 6.196007 6.123488 6.044381 5.87755 5.922274 5.83211 5.622805 5.859835 5.900248 5.746005 5.518076 5.370048 5.700728 5.858068 5.950707 6.202771 6.500528 7.054349 7.614343 7.561234 7.705496 7.97116 8.120594 8.287605 8.904698 9.239866 9.345674 9.582866 10.21655 11.25252 11.32286 9.933961 8.530117 7.478036 7.372424 7.889602
6.531857 6.539916 6.54771 6.626975 6.695882 6.685336 6.669122 6.666962 6.684421 6.596246 6.305208 6.190259 6.253716 6.259802 6.342097 6.332211 6.322597 6.2883 6.27542 6.387283 6.404712 6.368738 6.322689 6.314002 6.302756 6.274653 6.239537 6.181847 6.142476 6.084873 5.987956 6.024085 5.98513 5.670662 5.752583 5.811747 5.55475 5.382352 5.06043 5.30862 5.565674 5.70808 5.868129 6.390025 6.93119 7.349268 7.470367 7.411091 7.528332 7.732097 7.89753 8.313953 9.017607 9.419496 9.508645 9.393996 10.34011 11.15947 11.06176 10.6901 9.053282 7.234385 6.604594
6.582558 6.600225 6.595133 6.579021 6.625857 6.659943 6.675157 6.695719 6.703584 6.701245 6.557878 6.306912 6.198411 6.233248 6.264994 6.311492 6.319005 6.28735 6.221368 6.250817 6.312491 6.297006 6.284762 6.310045 6.348178 6.245443 6.206787 6.199689 6.162656 6.07255 5.980363 5.943106 5.982278 5.830242 5.804873 5.775022 5.59517 5.384448 5.009877 5.016939 5.039776 5.318058 5.456748 5.761424 6.134122 6.789133 7.023321 7.560502 7.741477 7.957871 8.234576 8.351487 8.670632 9.057746 9.18147 8.581811 8.870992 9.787303 10.0899 11.03165 11.15644 9.553951 7.718757
6.607728 6.645841 6.684443 6.575692 6.592369 6.64661 6.69174 6.736943 6.724424 6.730126 6.652257 6.526766 6.349733 6.240849 6.232346 6.289556 6.358635 6.421336 6.350697 6.23641 6.276017 6.305366 6.333372 6.3792 6.383309 6.290163 6.264956 6.243436 6.235722 6.098139 5.974378 5.806581 5.724989 5.84298 5.762935 5.712638 5.543179 5.364179 5.057634 4.925488 4.945236 5.167873 5.450709 5.534527 5.913634 6.436593 6.843782 7.247242 7.639122 8.132595 8.731272 8.88902 8.176263 8.548425 9.39726 8.590881 7.718637 8.134868 8.34065 9.639234 11.20078 11.30383 10.04277
6.576998 6.60505 6.661718 6.639833 6.61468 6.63052 6.7026 6.75389 6.742378 6.729953 6.662961 6.54717 6.37695 6.277233 6.263444 6.270715 6.293202 6.413733 6.449982 6.338815 6.353307 6.362208 6.357936 6.403036 6.404775 6.382671 6.375614 6.358808 6.24731 6.210041 6.123523 5.935113 5.625922 5.602596 5.578798 5.477155 5.299472 5.249578 5.024383 4.765429 4.798341 4.909736 5.431723 5.602915 5.847848 6.33528 6.643018 7.013621 7.586257 8.034787 8.69721 8.989147 8.060839 7.674397 9.289218 9.558939 7.953679 7.006009 6.878545 7.629834 9.663486 11.04376 11.11525
6.544961 6.565687 6.634622 6.634211 6.627571 6.625237 6.669407 6.739022 6.724105 6.712149 6.644624 6.53382 6.44109 6.36817 6.334246 6.303839 6.231577 6.271711 6.403902 6.387199 6.412561 6.451626 6.380895 6.396259 6.42404 6.424981 6.431316 6.40278 6.377433 6.357394 6.335229 6.210947 5.964381 5.640641 5.670675 5.484877 5.129886 4.921648 5.014834 4.888891 4.590794 4.306633 4.760284 5.086957 5.445901 6.070061 6.595647 6.855142 7.389447 7.83892 8.728212 9.069105 8.195277 6.951146 8.283795 10.18665 9.612068 7.645659 6.07783 6.026004 7.854536 9.618338 10.48821
6.551942 6.581939 6.60398 6.613802 6.634189 6.656714 6.695625 6.682815 6.690666 6.676069 6.637552 6.564531 6.488193 6.43442 6.421318 6.410805 6.314232 6.267168 6.296617 6.311288 6.3169 6.479486 6.486104 6.440016 6.45369 6.441777 6.449395 6.4613 6.499749 6.55373 6.53637 6.332753 6.049815 6.017612 6.187105 5.995175 5.325735 4.870476 4.99025 5.192466 4.985043 4.369934 4.204638 4.431726 4.877619 5.483025 6.060422 6.5036 7.028936 7.587636 8.661436 9.458035 8.682664 6.829802 6.96717 9.606596 10.54185 9.668844 7.183143 5.450202 6.22431 8.281138 9.628662
6.598654 6.588544 6.58112 6.612689 6.643506 6.682554 6.681744 6.66857 6.669643 6.659225 6.640718 6.589532 6.526993 6.463531 6.44009 6.482548 6.408467 6.309049 6.310191 6.288325 6.217334 6.262179 6.452508 6.436287 6.420078 6.482535 6.472458 6.479488 6.612338 6.842739 6.784091 6.354814 6.007489 6.171125 6.533481 6.754978 6.275738 5.237429 4.609447 5.484374 5.652127 5.087433 4.583309 4.204162 4.472463 5.092662 5.488089 5.96523 6.890541 7.481055 8.27986 9.289713 8.959858 7.227299 6.425659 8.195737 10.13168 10.58741 8.927943 6.303233 5.569317 7.208828 9.176189
6.586066 6.604555 6.624517 6.641242 6.66727 6.696435 6.672337 6.669432 6.659855 6.650559 6.636245 6.608878 6.571611 6.483426 6.38312 6.45867 6.457607 6.402989 6.392625 6.401811 6.307436 6.169767 6.295277 6.328428 6.359457 6.431941 6.419386 6.417269 6.694551 7.027481 7.250666 6.685882 5.980372 6.207264 6.535552 7.04732 6.986112 6.052693 4.677659 4.981464 5.889981 5.759913 5.363938 4.760118 4.559834 5.0463 5.27485 5.365515 6.268125 7.012608 7.901637 8.838112 8.768329 7.37288 6.236924 7.479586 9.31174 10.0204 9.316943 7.433033 5.568434 6.627853 9.170887
