py_wake/examples/data/AJ_ParqueFicticio/Rough survey   Sector 4   Height 200m   Mean speed.grd
DSAA
73  159
 258469   265669
 6501692   6517492
 5.472929   12.85992
[rows 56 to 83 of 159, columns 0 to 62 of 73]
8.749943 8.77319 8.810594 8.838453 8.86167 8.849912 8.834866 8.817379 8.806908 8.787258 8.772573 8.753569 8.742937 8.722463 8.681139 8.670701 8.673606 8.682291 8.690861 8.70593 8.68373 8.656141 8.669024 8.699145 8.714159 8.729523 8.733319 8.745326 8.828796 9.009964 9.186236 9.201175 9.107861 9.102113 9.183273 9.277515 9.317143 9.212311 9.014713 8.949715 9.051503 9.12388 9.155714 9.191051 9.273117 9.430968 9.580453 9.695187 9.918141 10.2403 10.59819 10.81966 10.68106 10.29897 10.00901 10.15939 10.47902 10.55309 10.21116 9.698833 9.316703 9.285019 9.544564
8.734936 8.76643 8.807249 8.835723 8.861784 8.845573 8.82493 8.808702 8.79063 8.775238 8.759105 8.742909 8.72625 8.716396 8.692581 8.677543 8.675318 8.683839 8.69587 8.707944 8.707756 8.692758 8.693558 8.707578 8.724133 8.744067 8.758044 8.775436 8.879728 9.098277 9.288009 9.300021 9.205874 9.184569 9.262892 9.351604 9.403574 9.314548 9.145844 9.043479 9.087783 9.155656 9.197757 9.241829 9.356444 9.513359 9.596411 9.623591 9.787355 10.07842 10.42089 10.61989 10.49661 10.1463 9.895907 10.07176 10.40435 10.49273 10.16038 9.652904 9.238299 9.130274 9.363361
8.719282 8.756878 8.800961 8.829765 8.848917 8.834039 8.805223 8.787593 8.771141 8.757748 8.741514 8.724984 8.716543 8.712608 8.704306 8.691856 8.684437 8.684405 8.690261 8.705726 8.72253 8.725435 8.723873 8.718962 8.736394 8.755892 8.784699 8.845706 8.96786 9.160411 9.360811 9.36887 9.292351 9.254986 9.30862 9.404563 9.478139 9.399785 9.241059 9.12213 9.129061 9.151289 9.185299 9.282427 9.423419 9.56396 9.614387 9.611117 9.718432 9.939316 10.22443 10.39817 10.30547 10.00808 9.805688 9.991709 10.28708 10.39222 10.11955 9.651441 9.208573 9.01747 9.208053
8.725671 8.774261 8.83993 8.859158 8.835118 8.813906 8.783252 8.76394 8.752142 8.738251 8.727614 8.720546 8.705564 8.701797 8.700957 8.697823 8.692886 8.695275 8.697104 8.713349 8.727101 8.741286 8.750368 8.743036 8.754659 8.782672 8.831861 8.927664 9.057916 9.237476 9.385003 9.406062 9.345315 9.293907 9.358006 9.450004 9.513309 9.473341 9.317878 9.176645 9.132648 9.125694 9.15428 9.291102 9.475094 9.6047 9.640491 9.630899 9.676068 9.827532 10.01706 10.16182 10.12489 9.896105 9.733367 9.87701 10.13949 10.27048 10.0568 9.641015 9.206923 8.955065 9.087276
8.755199 8.811283 8.879926 8.89196 8.840715 8.78721 8.752129 8.739082 8.733397 8.728217 8.721711 8.71196 8.698672 8.688095 8.690526 8.693329 8.689667 8.695446 8.709088 8.734179 8.7469 8.744196 8.752814 8.755122 8.766551 8.798397 8.879128 9.007085 9.166519 9.326125 9.443268 9.45057 9.406272 9.373279 9.411226 9.492682 9.533535 9.499871 9.365995 9.218424 9.133689 9.103114 9.147351 9.296451 9.486035 9.615387 9.667813 9.679801 9.694444 9.735509 9.824619 9.919702 9.943554 9.805393 9.658824 9.755471 10.00869 10.1494 9.956998 9.585238 9.195191 8.948914 8.992747
8.801173 8.863661 8.894445 8.883548 8.835293 8.774864 8.730674 8.718071 8.730533 8.729917 8.725646 8.716835 8.700726 8.689324 8.686647 8.687834 8.687839 8.696378 8.721853 8.749784 8.779008 8.772385 8.76634 8.76546 8.772123 8.820074 8.930466 9.093421 9.266205 9.440453 9.540718 9.533188 9.491799 9.473593 9.490118 9.53603 9.554994 9.500142 9.374705 9.247536 9.147076 9.076945 9.116216 9.269527 9.463086 9.596169 9.662947 9.73079 9.776726 9.729578 9.679249 9.715896 9.785409 9.736702 9.589673 9.640972 9.865207 9.997128 9.838142 9.512526 9.180547 8.959406 8.904185
8.827866 8.889631 8.884598 8.866347 8.819118 8.770349 8.728119 8.718122 8.726695 8.735371 8.733938 8.723306 8.710171 8.697367 8.689859 8.684174 8.680711 8.689071 8.723046 8.756692 8.790886 8.791574 8.783415 8.778596 8.796647 8.856238 8.971251 9.151155 9.345564 9.525002 9.627989 9.611343 9.564456 9.574087 9.583264 9.603678 9.592377 9.504222 9.369846 9.255519 9.147517 9.061724 9.078779 9.212688 9.415461 9.560114 9.647539 9.732811 9.825442 9.797402 9.650331 9.57245 9.64054 9.636127 9.554924 9.531941 9.698387 9.808338 9.69772 9.4289 9.143018 8.959265 8.87962
8.834749 8.878142 8.874235 8.851531 8.8143 8.780242 8.753004 8.744197 8.739541 8.74476 8.74649 8.730412 8.717614 8.708526 8.698653 8.690313 8.680106 8.682867 8.711124 8.748693 8.783187 8.795362 8.797784 8.805206 8.834607 8.919577 9.02637 9.187814 9.392891 9.582853 9.687182 9.679525 9.648751 9.669977 9.703947 9.698541 9.653203 9.536731 9.396111 9.268994 9.143884 9.054203 9.044042 9.156135 9.344948 9.517173 9.600515 9.698277 9.806737 9.831704 9.702045 9.549754 9.512565 9.518278 9.470945 9.422294 9.509913 9.6061 9.525177 9.323925 9.087047 8.948113 8.88117
8.828924 8.859282 8.851944 8.839182 8.820281 8.796653 8.786469 8.778378 8.759749 8.748302 8.746607 8.738746 8.727385 8.720634 8.706809 8.696312 8.686996 8.697437 8.722743 8.749475 8.769355 8.808966 8.825501 8.836021 8.877629 8.955452 9.072901 9.238827 9.441591 9.624705 9.721844 9.724458 9.713045 9.743278 9.791397 9.787267 9.719755 9.593049 9.453297 9.308897 9.172209 9.055223 9.020945 9.109715 9.281322 9.436439 9.524981 9.638865 9.73568 9.788488 9.755278 9.627336 9.46664 9.356807 9.314398 9.294853 9.31772 9.394819 9.361856 9.211614 9.057243 8.944974 8.867484
8.807842 8.833275 8.827134 8.819576 8.817343 8.81471 8.811865 8.811966 8.785443 8.750898 8.745253 8.739975 8.735307 8.732024 8.716649 8.703897 8.697585 8.717399 8.736 8.760816 8.800366 8.85193 8.877682 8.884345 8.919778 8.98731 9.106685 9.272371 9.461198 9.619957 9.718122 9.719935 9.74745 9.81654 9.861379 9.849163 9.781746 9.637706 9.488653 9.362778 9.220568 9.090835 9.031102 9.08033 9.213292 9.330502 9.419511 9.551651 9.644828 9.703941 9.755258 9.713927 9.528506 9.285021 9.156519 9.11687 9.131293 9.183375 9.189165 9.128317 9.054461 8.95417 8.843431
8.781301 8.800657 8.802106 8.803762 8.814394 8.823269 8.829642 8.82719 8.793232 8.751295 8.74331 8.738469 8.732445 8.727231 8.724249 8.720205 8.715045 8.732723 8.74861 8.769448 8.821688 8.89665 8.917757 8.930286 8.974725 9.037675 9.168056 9.327127 9.479177 9.605785 9.68594 9.707674 9.75916 9.870349 9.909662 9.896057 9.833821 9.681623 9.523533 9.390788 9.253098 9.153466 9.070929 9.072012 9.139062 9.193667 9.306242 9.473987 9.557678 9.587116 9.702923 9.753465 9.579315 9.274341 9.008834 8.89846 8.921774 8.996181 9.078866 9.127559 9.098714 9.003317 8.856042
8.770245 8.778252 8.780193 8.792366 8.80502 8.828429 8.838136 8.8319 8.809035 8.769476 8.751927 8.743603 8.736361 8.728185 8.725484 8.733417 8.740123 8.744315 8.754513 8.787053 8.839767 8.902202 8.932227 8.964226 9.025315 9.116777 9.23466 9.38724 9.526473 9.633817 9.686416 9.716975 9.761909 9.877879 9.929114 9.918844 9.880108 9.767512 9.603109 9.446692 9.302866 9.211554 9.135597 9.078283 9.058218 9.073051 9.195975 9.378662 9.478752 9.485115 9.632426 9.725062 9.577802 9.264034 8.923211 8.700143 8.72366 8.84297 9.00555 9.11147 9.127807 9.056549 8.88988
8.75884 8.758975 8.760678 8.779604 8.805934 8.833182 8.841813 8.836946 8.822447 8.790682 8.763537 8.75069 8.741055 8.736616 8.74159 8.757028 8.761163 8.761116 8.764005 8.790163 8.827402 8.873698 8.91695 8.981257 9.070386 9.198469 9.327501 9.437369 9.561703 9.674171 9.723938 9.732352 9.763346 9.849562 9.925247 9.921612 9.898839 9.815627 9.666024 9.536121 9.415006 9.314582 9.225474 9.131694 9.019484 8.999709 9.111319 9.279267 9.370316 9.387683 9.546123 9.630119 9.501846 9.209116 8.858524 8.583071 8.536219 8.706297 8.912251 9.070241 9.127863 9.085363 8.912734
8.741449 8.731639 8.729872 8.754091 8.801506 8.842552 8.845334 8.845895 8.835859 8.816011 8.787393 8.75788 8.73873 8.741516 8.77735 8.797853 8.794997 8.778911 8.776838 8.781325 8.798127 8.831173 8.901063 9.000927 9.131997 9.26545 9.384656 9.506792 9.632435 9.739709 9.78898 9.764933 9.756037 9.814617 9.894826 9.903488 9.887465 9.81276 9.700803 9.613024 9.518731 9.435294 9.332478 9.205675 9.059986 8.975932 9.034507 9.168683 9.262932 9.315454 9.440775 9.490007 9.37262 9.109708 8.79028 8.495853 8.410782 8.593886 8.825506 8.988505 9.063622 9.042645 8.917024
8.733438 8.716127 8.696501 8.731124 8.794926 8.842201 8.844747 8.848558 8.848783 8.834113 8.810482 8.780279 8.747355 8.752628 8.797168 8.837385 8.8194 8.796728 8.784835 8.787281 8.794711 8.819861 8.925777 9.05301 9.189582 9.312422 9.436739 9.555179 9.702807 9.831348 9.868299 9.833363 9.769515 9.786773 9.848754 9.873801 9.857633 9.792403 9.715953 9.676286 9.617884 9.518591 9.408303 9.257174 9.125224 9.008915 9.001931 9.074477 9.160292 9.243537 9.325882 9.324349 9.248055 9.03925 8.729786 8.457247 8.371367 8.524282 8.746553 8.903196 8.992949 8.976401 8.873229
8.743499 8.712356 8.684052 8.70249 8.772259 8.822029 8.826445 8.840656 8.855193 8.853359 8.830626 8.800364 8.771253 8.773448 8.805301 8.846195 8.832755 8.816281 8.801425 8.788645 8.797943 8.844126 8.970175 9.106431 9.243888 9.352528 9.477082 9.596782 9.755815 9.896192 9.96183 9.914107 9.821437 9.800637 9.82206 9.827233 9.816588 9.762312 9.728797 9.698031 9.665322 9.563504 9.427386 9.295628 9.18126 9.066387 9.004416 9.022515 9.092235 9.1932 9.225305 9.209077 9.163048 9.004951 8.71448 8.43011 8.351441 8.487656 8.675186 8.82163 8.911448 8.911143 8.815775
8.754448 8.715715 8.688971 8.701121 8.747479 8.782061 8.794978 8.826246 8.861785 8.877032 8.855358 8.829314 8.809412 8.799212 8.816308 8.836164 8.828392 8.819309 8.808052 8.794399 8.800975 8.863014 8.980478 9.125395 9.256763 9.371176 9.494501 9.634346 9.80515 9.965466 10.05384 10.0041 9.902771 9.847956 9.821685 9.806461 9.756251 9.715736 9.698923 9.688061 9.670098 9.57928 9.44693 9.329259 9.215348 9.091453 9.00709 8.983638 9.052358 9.13069 9.155108 9.150184 9.144188 9.051529 8.780141 8.436929 8.310159 8.434707 8.589076 8.733046 8.827475 8.830948 8.746522
8.756055 8.728188 8.720694 8.728825 8.736806 8.748425 8.76053 8.817286 8.880688 8.888739 8.880529 8.863225 8.855435 8.839754 8.824616 8.81988 8.814167 8.81143 8.803562 8.795303 8.806316 8.878164 8.995902 9.132633 9.259267 9.372964 9.491719 9.664732 9.874615 10.06384 10.13587 10.09189 9.99445 9.903322 9.844537 9.777897 9.714366 9.671974 9.660112 9.660375 9.64423 9.576624 9.467079 9.358356 9.233347 9.108208 8.973907 8.927724 8.974492 9.04535 9.077649 9.102069 9.147388 9.10933 8.841796 8.49258 8.277155 8.346281 8.504723 8.641885 8.726889 8.720247 8.632721
8.762253 8.7456 8.743199 8.756925 8.765899 8.730891 8.721429 8.807308 8.888086 8.894903 8.894137 8.885954 8.883014 8.883681 8.845152 8.803645 8.791564 8.80178 8.806758 8.807966 8.82333 8.905234 9.021875 9.150398 9.266363 9.372813 9.495482 9.677802 9.929279 10.14723 10.22099 10.17534 10.07612 9.962624 9.86651 9.775049 9.701014 9.640788 9.619411 9.618872 9.592222 9.522542 9.450825 9.375699 9.255101 9.142138 8.991514 8.899632 8.912547 8.981536 9.007145 9.04685 9.101287 9.085834 8.872455 8.558036 8.329078 8.298365 8.414589 8.5584 8.616801 8.585336 8.474957
8.761168 8.753859 8.751374 8.762941 8.772657 8.733897 8.722587 8.802215 8.876781 8.887059 8.886734 8.888703 8.890788 8.896449 8.849977 8.790798 8.785449 8.801693 8.817733 8.838428 8.866298 8.939046 9.055928 9.171824 9.27989 9.376342 9.496488 9.700808 9.964195 10.20331 10.29412 10.24125 10.12105 9.985264 9.86955 9.769 9.700226 9.638326 9.586155 9.565325 9.516313 9.450437 9.39664 9.336666 9.21422 9.112499 9.017493 8.909852 8.899905 8.929587 8.950275 8.993093 9.046082 9.018529 8.85258 8.621005 8.434418 8.325877 8.34741 8.439854 8.492454 8.411054 8.283134
8.744513 8.74269 8.744841 8.750855 8.760384 8.752861 8.75148 8.80125 8.858356 8.878495 8.881301 8.881932 8.883771 8.882441 8.856094 8.805745 8.793942 8.808483 8.826552 8.858211 8.918419 8.993802 9.08171 9.18333 9.279874 9.379323 9.505656 9.722932 9.996469 10.24532 10.34854 10.28246 10.13455 9.977334 9.838675 9.741803 9.689051 9.630177 9.53552 9.515388 9.478107 9.36973 9.306275 9.249872 9.16514 9.102907 9.033615 8.948642 8.920394 8.892153 8.88483 8.90837 8.947371 8.928537 8.821487 8.688201 8.551975 8.39945 8.310995 8.338214 8.346602 8.242268 8.09067
8.734081 8.730762 8.728408 8.72694 8.743535 8.769346 8.782762 8.810411 8.843389 8.866354 8.879642 8.884966 8.882762 8.882936 8.872788 8.8531 8.823066 8.817268 8.827665 8.877307 8.955982 9.048761 9.145225 9.228917 9.295136 9.394665 9.543419 9.780965 10.07308 10.31489 10.40432 10.32447 10.15036 9.984736 9.827727 9.708505 9.660595 9.593494 9.476925 9.445281 9.38983 9.296023 9.238182 9.217268 9.183371 9.141875 9.093063 9.010077 8.947835 8.866956 8.824838 8.841976 8.892522 8.907434 8.855084 8.78872 8.670799 8.493622 8.353245 8.262924 8.183715 8.057563 7.893568
8.73189 8.720345 8.708405 8.70914 8.728834 8.764761 8.797515 8.823457 8.836653 8.861774 8.878269 8.885815 8.890201 8.888515 8.88896 8.885948 8.859261 8.834135 8.833254 8.884963 8.966231 9.070744 9.19356 9.262859 9.316163 9.422281 9.60939 9.886024 10.19422 10.41553 10.48514 10.34651 10.13943 9.970798 9.820201 9.719646 9.657435 9.579357 9.466367 9.383733 9.281384 9.224273 9.223102 9.245606 9.223893 9.189243 9.115723 9.043187 8.968308 8.841362 8.792086 8.809973 8.870677 8.912499 8.90177 8.854913 8.721512 8.538257 8.369904 8.203111 8.030772 7.91182 7.757433
8.735415 8.722294 8.701975 8.697202 8.71249 8.766559 8.814749 8.846639 8.853093 8.861795 8.875598 8.881855 8.887784 8.895905 8.90733 8.905446 8.888947 8.86272 8.865234 8.914679 8.971451 9.073809 9.181546 9.260197 9.334783 9.465698 9.69325 10.01601 10.33821 10.54015 10.52019 10.33031 10.09598 9.915771 9.781106 9.682582 9.619324 9.52824 9.415393 9.33952 9.242148 9.216487 9.248268 9.26292 9.258605 9.208097 9.121184 9.017621 8.917746 8.825764 8.788932 8.806416 8.857011 8.929039 8.960305 8.906677 8.761383 8.581406 8.354753 8.123277 7.935091 7.800272 7.62949
8.733904 8.725621 8.704277 8.687724 8.729048 8.782564 8.835171 8.850625 8.868968 8.875474 8.876075 8.871404 8.87978 8.899534 8.91443 8.915262 8.909037 8.905564 8.922224 8.963133 9.014524 9.09917 9.173893 9.258595 9.350624 9.517767 9.786283 10.13724 10.47276 10.63757 10.54174 10.30614 10.0551 9.869792 9.743103 9.620401 9.536242 9.410463 9.321245 9.277737 9.255435 9.268005 9.28569 9.270759 9.257771 9.18565 9.073833 8.949157 8.875338 8.809052 8.787043 8.79325 8.842617 8.909508 8.958909 8.919117 8.766261 8.54889 8.28626 8.041508 7.836706 7.667512 7.486314
8.717587 8.719169 8.704808 8.697005 8.730611 8.791175 8.840364 8.861663 8.879018 8.893589 8.896491 8.87431 8.874176 8.902141 8.924701 8.927892 8.926208 8.947305 8.979657 9.009627 9.061666 9.135366 9.210324 9.284972 9.392943 9.583566 9.873173 10.23563 10.54564 10.66393 10.52509 10.26306 10.00801 9.839955 9.705146 9.580645 9.45456 9.331618 9.268937 9.277636 9.316085 9.340476 9.33179 9.289551 9.243543 9.152719 9.024871 8.91941 8.847445 8.802264 8.786509 8.796135 8.840526 8.9058 8.946486 8.895585 8.713754 8.47084 8.208696 7.954562 7.738545 7.534519 7.353072
8.70118 8.71184 8.71433 8.713252 8.731328 8.773904 8.823464 8.855036 8.880056 8.906713 8.919522 8.886705 8.876453 8.895478 8.907659 8.913464 8.921886 8.955938 9.001492 9.039954 9.101342 9.166715 9.253198 9.34236 9.470942 9.671978 9.967444 10.30892 10.57697 10.64707 10.47324 10.22782 9.994345 9.82798 9.691175 9.529228 9.391388 9.265141 9.24757 9.31834 9.397423 9.411989 9.36281 9.284177 9.215744 9.108749 8.972122 8.871922 8.805552 8.771376 8.770846 8.803817 8.855762 8.910974 8.939205 8.863941 8.658571 8.413585 8.144725 7.881328 7.655742 7.43661 7.224406
8.69349 8.687295 8.701799 8.719816 8.737765 8.768598 8.811067 8.850258 8.88151 8.913465 8.922563 8.918356 8.905146 8.913898 8.924914 8.920811 8.927092 8.96081 8.999823 9.060653 9.131572 9.19586 9.288484 9.41069 9.582521 9.828192 10.11002 10.39204 10.58371 10.59616 10.43138 10.21787 10.01398 9.837646 9.693018 9.483997 9.322688 9.233678 9.276167 9.387176 9.463491 9.46215 9.358679 9.248878 9.174506 9.058964 8.918728 8.822329 8.755894 8.722542 8.734872 8.788432 8.850346 8.899796 8.901637 8.808705 8.600262 8.356158 8.080824 7.803557 7.555333 7.329048 7.088437
