py_wake/examples/data/AJ_ParqueFicticio/Rough survey   Sector 10   Height 30m   Mean speed.grd
DSAA
73  159
 258469   265669
 6501692   6517492
 .2639414   11.76405
[rows 56 to 83 of 159, columns 0 to 62 of 73]
6.053153 6.043086 6.096734 6.134995 6.204151 6.106848 6.027603 5.979853 5.955122 5.918822 5.909506 5.873577 5.850263 5.807039 5.637783 5.630208 5.641862 5.647882 5.644938 5.671084 5.530008 5.354428 5.411312 5.488925 5.502182 5.50049 5.413888 5.211215 5.284361 5.813036 6.664963 6.347466 5.45451 5.47132 5.938148 6.292954 6.668907 6.159459 5.090449 4.776197 5.585823 5.924055 5.714058 5.530005 5.426665 5.801893 5.904224 5.627378 6.056861 6.923071 8.044358 9.085822 8.726153 6.888495 5.266639 6.518028 8.647045 9.176947 8.047861 6.306474 4.63631 4.836446 6.99507
6.000593 6.013885 6.090006 6.117773 6.212447 6.084727 6.003545 5.983142 5.94574 5.914301 5.877227 5.836944 5.78787 5.75173 5.654975 5.621029 5.617608 5.61888 5.617424 5.650416 5.609171 5.512824 5.477869 5.482141 5.50075 5.493219 5.416751 5.15561 5.198123 5.916385 6.926549 6.358801 5.666815 5.550374 5.994586 6.262726 6.602096 6.198756 5.444664 5.052315 5.512985 5.852511 5.832064 5.674994 5.853927 6.186042 6.111887 5.565243 5.690745 6.472954 7.84049 8.659884 8.455953 6.582988 5.129893 6.526034 8.675738 9.129603 8.042132 6.21252 4.804158 4.515818 6.101176
5.949534 5.969915 6.084496 6.096708 6.146677 6.051106 5.942855 5.913207 5.884908 5.856347 5.817173 5.774159 5.746002 5.738122 5.718817 5.670225 5.628543 5.598437 5.575562 5.625093 5.635857 5.615588 5.578318 5.455204 5.485125 5.470816 5.382403 5.397459 5.296614 5.921437 6.951275 6.386067 5.873984 5.651403 5.95468 6.283189 6.690717 6.2819 5.693565 5.27548 5.506132 5.608179 5.567832 5.748208 6.140718 6.417397 6.346029 5.72625 5.593424 6.236674 7.455608 8.123589 8.127367 6.554474 5.202401 6.584776 8.342186 8.995982 8.201534 6.575689 4.931456 4.135082 5.483889
5.941838 6.031575 6.240338 6.251584 6.094267 6.039391 5.892583 5.859043 5.840692 5.809154 5.779036 5.758195 5.71256 5.707257 5.719333 5.699814 5.662432 5.627053 5.575091 5.615129 5.619285 5.603197 5.590301 5.502205 5.469186 5.446987 5.487978 5.627095 5.581007 5.952715 6.61377 6.50455 6.097676 5.655241 5.938679 6.33318 6.701452 6.450015 5.887345 5.459357 5.406143 5.42016 5.30813 5.756515 6.443008 6.578467 6.511498 6.037948 5.627156 5.792029 6.864039 7.49055 7.780539 6.504316 5.37057 6.198121 7.895724 8.751339 8.162055 6.853771 5.405723 4.03919 5.335261
5.934441 6.10099 6.329034 6.346309 6.110285 5.911749 5.850945 5.82053 5.818294 5.799967 5.776394 5.745498 5.703296 5.663117 5.683975 5.662983 5.618222 5.579165 5.616412 5.666414 5.671573 5.592083 5.564147 5.508997 5.436952 5.390935 5.562492 5.686536 5.994928 6.308441 6.557894 6.380144 6.126277 5.846029 5.85959 6.360108 6.565573 6.519407 6.086456 5.62735 5.388278 5.216531 5.255854 5.760403 6.541322 6.649907 6.563773 6.381393 5.980468 5.668651 5.905314 6.681366 7.373987 6.619231 5.424249 5.766417 7.523577 8.550605 7.940089 6.747181 5.607363 4.509859 4.983918
6.10181 6.282545 6.348515 6.273006 6.085199 5.916883 5.761499 5.759649 5.814482 5.802713 5.782898 5.762997 5.709507 5.671419 5.667735 5.641948 5.595714 5.56733 5.65631 5.701154 5.754785 5.608556 5.5598 5.499597 5.386467 5.396516 5.516607 5.85871 6.243579 6.567958 6.765115 6.485706 6.169329 6.0289 5.991477 6.373286 6.461153 6.363248 6.033387 5.746464 5.504572 5.132159 4.99084 5.757946 6.400833 6.649676 6.503023 6.665152 6.742898 6.092272 5.487272 5.734101 6.861308 6.910562 5.700956 5.509712 7.293649 8.238191 7.809645 6.630301 5.676353 5.048627 4.867493
6.185497 6.387245 6.260935 6.189238 6.027646 5.870883 5.723635 5.738229 5.782557 5.795709 5.788948 5.751917 5.687448 5.664956 5.644166 5.610358 5.559342 5.516056 5.632221 5.681921 5.746809 5.675368 5.597432 5.492699 5.35891 5.421438 5.436018 5.938108 6.354232 6.756914 6.984238 6.51756 6.25392 6.417967 6.396891 6.459888 6.458803 6.276494 5.937088 5.726603 5.429265 5.084349 4.941695 5.32919 6.357868 6.50739 6.428171 6.581434 7.068367 6.959472 5.818346 5.136535 6.415775 6.758764 6.178387 5.435087 6.614225 7.821999 7.60154 6.587586 5.65286 5.400322 5.148735
6.213631 6.336935 6.237808 6.142992 6.011686 5.885139 5.804045 5.795639 5.787806 5.787564 5.793532 5.736042 5.714435 5.692872 5.662842 5.618139 5.550309 5.462453 5.558847 5.622664 5.693525 5.663031 5.603938 5.487271 5.431355 5.51898 5.525575 5.837997 6.352462 6.801345 6.972568 6.674854 6.489316 6.589396 6.722898 6.646633 6.536249 6.276087 5.918154 5.621299 5.32766 5.005726 4.855424 5.185527 6.007161 6.531287 6.354266 6.520717 7.062807 7.323206 6.769357 5.354194 5.530927 6.196179 6.325616 5.691549 6.027107 7.213771 7.244394 6.425717 5.582394 5.376765 5.420994
6.179391 6.261478 6.166672 6.109331 6.037871 5.954028 5.920507 5.913024 5.848807 5.771372 5.774206 5.768213 5.737366 5.711028 5.669606 5.614772 5.520645 5.527974 5.586415 5.605917 5.620965 5.699604 5.649083 5.515209 5.484358 5.493066 5.598036 5.870844 6.426922 6.886707 6.923816 6.696599 6.582041 6.641803 6.823471 6.805054 6.653246 6.374035 6.05337 5.739212 5.450841 5.125424 4.955978 4.992156 5.900787 6.324641 6.309027 6.471387 6.845613 7.049779 7.104604 6.096059 5.357119 5.297514 5.836314 5.925256 5.834173 6.504081 6.76079 6.170356 5.628503 5.553968 5.440333
6.094372 6.195282 6.108857 6.069427 6.041051 6.008913 5.993832 6.016255 5.936663 5.762062 5.766568 5.760194 5.742964 5.727778 5.67837 5.602548 5.509282 5.575537 5.595358 5.58735 5.667757 5.783276 5.764768 5.559938 5.519032 5.489293 5.544005 5.857036 6.347141 6.686766 6.953141 6.575221 6.580807 6.886671 6.911186 6.892331 6.79595 6.371552 6.044784 5.9452 5.635969 5.232654 5.030397 4.976625 5.622758 6.00926 6.095374 6.402524 6.480935 6.549859 7.110557 7.133536 6.223669 4.855995 5.036707 5.584864 5.778596 6.136717 6.284535 6.009906 5.877453 5.651124 5.350005
6.01334 6.086428 6.042352 6.020688 6.023241 6.025562 6.035121 6.007749 5.858357 5.710148 5.727775 5.728405 5.709881 5.697653 5.659555 5.586998 5.562993 5.594902 5.595139 5.551615 5.668983 5.838407 5.725175 5.649283 5.650718 5.587077 5.730522 6.041842 6.235088 6.523188 6.660702 6.528461 6.534119 7.124752 6.993098 6.96174 6.998574 6.50618 6.060971 5.906225 5.568262 5.420657 5.190267 5.07591 5.214938 5.326538 5.710397 6.50145 6.447142 5.925199 6.895019 7.505385 6.914203 5.507031 4.400063 4.664185 5.440075 5.832709 6.084362 6.301488 6.336485 6.099877 5.375278
5.984126 5.998485 5.987588 5.991105 5.995774 6.027133 6.074575 6.009911 5.899122 5.778526 5.746199 5.732746 5.713233 5.669321 5.606517 5.632714 5.630336 5.595096 5.548132 5.597228 5.663867 5.797896 5.76545 5.742947 5.736604 5.735044 5.89047 6.147978 6.346844 6.538267 6.519637 6.449514 6.433956 7.011671 7.056046 6.939079 7.023567 6.862553 6.231735 5.981063 5.598813 5.516352 5.373493 5.122546 4.924141 4.899626 5.339077 6.395631 6.407211 5.638317 6.510431 7.620336 7.141604 6.221171 4.837126 3.989546 4.783484 5.548984 5.940203 6.353252 6.428036 6.383296 5.891281
5.964848 5.941631 5.952002 5.981634 6.017673 6.073748 6.075034 6.012057 5.947236 5.850173 5.779286 5.735027 5.689303 5.643574 5.640278 5.70513 5.688217 5.631874 5.539524 5.571846 5.600148 5.632705 5.684179 5.721791 5.728333 6.015067 6.179955 6.148136 6.386463 6.599673 6.55307 6.428263 6.371531 6.767628 7.130448 6.941745 6.980289 7.005955 6.45982 6.208797 6.068371 5.807595 5.53835 5.375772 4.958727 4.834519 5.166914 6.171304 6.247039 5.499491 6.476545 7.423847 7.145189 6.32752 5.2148 3.881331 4.038422 5.150479 5.979825 6.422476 6.533927 6.628207 6.083998
5.975379 5.919818 5.844881 5.910652 6.009465 6.141341 6.066105 6.030269 5.991687 5.929758 5.848183 5.752491 5.653624 5.601134 5.768662 5.833493 5.769059 5.624091 5.55746 5.52583 5.505084 5.452584 5.606705 5.681216 5.925178 6.190823 6.23466 6.363669 6.551071 6.766228 6.737445 6.45529 6.27904 6.553711 6.934584 6.939853 6.938457 6.885455 6.518699 6.395586 6.244253 6.169745 6.052994 5.658242 5.235751 4.792871 4.978053 5.63133 5.881207 5.554352 6.090207 6.960377 6.830548 6.04456 5.23274 4.04738 3.883599 4.952403 5.888702 6.390701 6.567667 6.474718 6.172324
5.980182 5.909752 5.728061 5.835264 5.999272 6.142651 6.060604 6.043357 6.035704 5.997058 5.924391 5.818298 5.640126 5.615518 5.760328 5.900136 5.706194 5.578781 5.544899 5.520151 5.463604 5.302707 5.626177 5.74924 6.077779 6.228235 6.298193 6.408458 6.724388 7.005245 6.955982 6.67628 6.251156 6.347134 6.649636 6.874741 6.85373 6.756211 6.630653 6.613055 6.646078 6.377699 6.256395 5.819355 5.563262 5.008654 5.052483 5.370487 5.622201 5.709738 5.936432 6.05837 6.30727 5.867895 4.981108 4.096346 3.901547 4.854297 5.725756 6.197083 6.40353 6.321522 6.09116
6.052657 5.94555 5.768995 5.74417 5.932727 6.073139 6.002634 6.019159 6.047215 6.047541 5.957229 5.766284 5.609088 5.61018 5.681698 5.842256 5.728328 5.639273 5.570619 5.499835 5.382854 5.386458 5.663019 5.960442 6.183891 6.237452 6.359604 6.434179 6.792547 7.207066 7.286969 6.783774 6.261072 6.255816 6.460925 6.706793 6.716436 6.619066 6.586716 6.620222 6.763531 6.461083 6.135486 5.911062 5.738605 5.395659 5.108906 5.257457 5.557424 5.910918 6.028506 5.770381 5.974726 5.841377 4.869533 3.918169 4.010728 4.876759 5.631792 5.958985 6.273936 6.20679 6.00499
6.07867 5.874969 5.695793 5.722141 5.838286 5.931593 5.890365 5.964584 6.043658 6.066399 5.902606 5.790991 5.723136 5.675704 5.666684 5.765426 5.701492 5.665864 5.603846 5.510474 5.337321 5.425922 5.628339 5.958982 6.19777 6.218527 6.354839 6.494852 6.814191 7.352527 7.527566 7.001893 6.468522 6.446536 6.470161 6.548505 6.472749 6.465278 6.512139 6.544398 6.720744 6.558881 6.15233 6.021773 5.827174 5.560994 5.272952 5.136248 5.552913 5.892259 6.069822 5.876241 6.158243 6.48373 5.185069 3.647153 3.624021 4.658543 5.327708 5.780861 6.180587 6.087947 5.92298
5.976489 5.861422 5.811448 5.844693 5.848095 5.814196 5.738855 5.925161 6.122761 6.067985 5.973746 5.894328 5.868876 5.821465 5.708521 5.671677 5.655763 5.63909 5.583521 5.494265 5.338757 5.434391 5.616974 5.899921 6.131089 6.153134 6.235316 6.437432 7.093516 7.646881 7.639914 7.26933 6.813356 6.588448 6.539864 6.454384 6.333897 6.288476 6.351849 6.46536 6.588248 6.65595 6.30283 6.18211 5.901189 5.670177 5.03486 4.945708 5.261948 5.629841 5.796166 5.92511 6.361241 6.927873 6.154266 4.05258 3.563841 4.025178 4.909574 5.649671 6.021923 6.017241 5.782131
5.997219 5.92455 5.893835 5.939449 6.007396 5.770398 5.542184 5.886419 6.193916 6.067441 6.005244 5.957595 5.947901 5.983317 5.790153 5.578577 5.548604 5.598639 5.570688 5.492232 5.32287 5.457158 5.622056 5.889266 6.071938 6.090929 6.091547 6.353245 7.139819 7.926902 7.665702 7.362314 7.078764 6.774461 6.632535 6.46891 6.312749 6.179411 6.211549 6.355583 6.486788 6.412982 6.279854 6.330328 5.956424 5.961833 5.165358 4.77355 5.063481 5.513426 5.503412 5.662251 6.243107 6.652095 6.435248 4.672055 3.785777 3.894566 4.279162 5.305439 5.855506 5.87172 5.640469
6.006669 5.958306 5.917944 5.922701 5.983863 5.729771 5.548879 5.832483 6.111261 6.010851 5.953648 5.927963 5.91915 5.986624 5.77895 5.529223 5.518011 5.568303 5.548447 5.502745 5.406639 5.513614 5.650718 5.903118 6.04829 6.055819 5.999466 6.304708 7.001749 7.981271 7.828591 7.517985 7.182526 6.832072 6.600946 6.450503 6.362953 6.243883 6.130848 6.269418 6.333945 6.230599 6.132061 6.271848 5.906307 5.748358 5.561901 4.980863 5.174481 5.406996 5.446291 5.557154 5.957163 6.242632 5.978857 5.118781 4.284858 4.007903 3.923753 4.671231 5.432508 5.453811 5.17845
5.975862 5.936302 5.905105 5.881825 5.859261 5.734239 5.645664 5.787468 5.991585 5.977021 5.926355 5.888675 5.897103 5.920436 5.775894 5.534971 5.50058 5.522768 5.477368 5.465526 5.618039 5.696715 5.68499 5.866221 5.969507 5.992496 5.95939 6.277081 6.854546 7.920142 7.973821 7.60764 7.143327 6.751958 6.463468 6.31658 6.398427 6.320947 5.976517 6.165601 6.371649 5.991634 5.872545 5.987453 5.736055 5.746336 5.601704 5.242068 5.268492 5.25635 5.341805 5.484144 5.712219 5.861702 5.579453 5.344888 4.787631 4.404902 3.984376 4.292637 4.841075 4.897069 4.719671
5.953123 5.910397 5.846977 5.79907 5.787755 5.833545 5.803534 5.841498 5.924644 5.946244 5.926853 5.895531 5.884411 5.860226 5.791701 5.673392 5.568128 5.496959 5.411304 5.515974 5.653781 5.757583 5.937534 5.97027 5.918233 5.974312 6.023039 6.350596 6.976669 8.038767 8.120174 7.698214 7.120777 6.735457 6.429322 6.279354 6.452027 6.340299 5.947997 6.123909 6.16094 5.837834 5.757306 5.857187 5.838421 5.979626 5.977594 5.672977 5.569997 4.984352 5.174253 5.355385 5.617444 5.817629 5.621407 5.789545 5.382744 4.77399 4.56784 4.343516 4.24623 4.443044 4.40036
5.928426 5.875349 5.813391 5.763607 5.753203 5.848733 5.892676 5.909056 5.879018 5.884734 5.874342 5.861448 5.869658 5.844257 5.815316 5.770915 5.677102 5.533725 5.38258 5.495371 5.561941 5.792407 6.105089 6.009725 5.962828 5.906823 6.146775 6.531237 7.363242 8.090219 8.238154 7.542933 7.00386 6.720013 6.485341 6.338327 6.398511 6.36563 6.073123 6.023634 5.713773 5.679249 5.805994 6.067016 6.063124 6.062339 5.991202 5.926394 5.988575 5.131098 5.009915 5.199021 5.510472 5.885637 5.960593 6.103619 5.722905 5.152246 4.89469 4.578638 4.18799 4.147701 4.315335
5.984917 5.905812 5.816539 5.728515 5.683761 5.851711 5.93528 5.965385 5.881762 5.857358 5.852345 5.836077 5.834389 5.84265 5.831706 5.800143 5.725844 5.529222 5.411479 5.516357 5.495008 5.683898 5.959469 5.961547 5.877561 5.915938 6.126408 6.882239 7.942957 8.461315 8.137158 7.362884 6.749335 6.574479 6.399532 6.245302 6.356031 6.285181 5.986248 5.968797 5.654627 5.699943 5.968588 6.085054 6.191161 6.08323 5.955232 5.812661 5.547373 5.201784 5.12312 5.167612 5.445561 5.857379 6.148528 6.174635 5.774149 5.602814 5.148654 4.627331 4.162833 4.166057 4.058077
5.981148 5.949831 5.852895 5.655355 5.783196 5.895905 6.020433 5.945528 5.92591 5.887214 5.824466 5.7672 5.78176 5.83552 5.804474 5.751346 5.671708 5.561845 5.584861 5.61625 5.54132 5.711271 5.818171 5.857688 5.755497 5.922101 6.30267 7.228462 8.283158 8.634303 8.060575 7.306457 6.626522 6.508362 6.383354 6.232187 6.253084 5.90706 5.813249 5.763085 5.70761 5.803099 5.963491 5.997038 6.113694 6.00276 5.742867 5.540702 5.499771 5.337534 5.254642 5.272798 5.436193 5.721041 5.988796 6.187424 5.766612 5.57399 4.965439 4.416561 4.147086 4.001717 3.824388
5.938392 5.924822 5.76722 5.66392 5.744517 5.87656 5.995295 5.976305 5.964967 5.961134 5.925686 5.769872 5.727177 5.784873 5.763584 5.686959 5.657255 5.675158 5.691603 5.613584 5.668512 5.814604 5.841587 5.834127 5.746205 5.883857 6.374246 7.388814 8.342747 8.603807 7.99841 7.177747 6.494255 6.496941 6.407402 6.237813 6.042101 5.683774 5.667661 5.786947 5.972627 6.140851 6.151396 6.072465 6.060935 5.923776 5.556925 5.402246 5.362347 5.349426 5.365058 5.429523 5.545944 5.7499 5.988988 6.200259 5.649439 5.321834 4.816246 4.300496 4.072474 3.818178 3.648442
5.877056 5.86737 5.843417 5.760907 5.750159 5.817974 5.939987 5.962606 5.972622 5.979342 5.97166 5.748452 5.650551 5.680736 5.659171 5.616118 5.578634 5.632393 5.698005 5.734731 5.765086 5.826665 5.908616 5.895064 5.89506 5.974969 6.452595 7.416156 8.266879 8.488775 7.747541 7.129708 6.583626 6.531859 6.49394 6.103148 5.927267 5.487004 5.605091 5.921057 6.332866 6.349594 6.181766 5.989185 5.945295 5.772431 5.407061 5.271039 5.262328 5.308199 5.392507 5.515515 5.659019 5.826957 6.059378 6.08456 5.63039 5.247637 4.744988 4.276255 4.025414 3.717257 3.478045
5.903911 5.804221 5.810752 5.806901 5.793696 5.804116 5.906645 5.948864 5.962971 5.985265 5.944276 5.811009 5.721014 5.711825 5.706882 5.608222 5.511115 5.548434 5.557537 5.708589 5.797845 5.825963 5.863904 5.966391 6.067011 6.431569 6.890113 7.539429 8.118118 8.240376 7.581416 7.147621 6.813923 6.499361 6.633989 5.984064 5.685105 5.401985 5.654837 6.115896 6.385972 6.393837 6.012626 5.722733 5.910296 5.665848 5.263708 5.187348 5.15823 5.20101 5.3814 5.561446 5.727392 5.891109 6.163719 5.919783 5.568816 5.196132 4.674002 4.223146 3.88427 3.596196 3.247752
