py_wake/examples/data/AJ_ParqueFicticio/Rough survey   Sector 11   Height 30m   Orographic speed.grd
DSAA
73  159
 258469   265669
 6501692   6517492
 .21804   2.036368
[rows 84 to 111 of 159, columns 0 to 62 of 73]
1.015011 1.004377 1.004458 1.003805 1.005062 1.010441 1.018286 1.02558 1.032431 1.031926 1.023568 1.007125 .9865064 .9762012 .9812874 .9562488 .9331262 .9159095 .9057812 .9303312 .9678752 .9855722 .9990265 1.0236 1.074332 1.130598 1.156068 1.189154 1.228146 1.231055 1.167823 1.13077 1.123644 1.051131 1.041215 .9415503 .9548004 .9904984 1.001724 1.036586 1.057436 1.027577 .9485614 .8654773 .8929638 .8829594 .8035855 .7771639 .7368357 .7949301 .9373467 .9789588 1.001512 1.022087 1.038175 1.00237 .9493161 .8925436 .8368877 .777415 .7335508 .7268527 .7388756
1.025349 1.013484 1.00648 1.007251 1.007576 1.017688 1.022767 1.035512 1.037825 1.038876 1.029683 1.019269 1.00923 .9777998 .9751868 .9692603 .9605422 .9439277 .9008459 .8968933 .9256126 .9380526 .9643994 .985748 1.078155 1.189804 1.238805 1.259907 1.229142 1.187438 1.099769 1.064895 1.111409 1.056395 1.024814 .9081877 .9260341 1.011445 1.064361 1.087999 1.094693 1.040901 .9996079 .9091483 .8855669 .9084889 .8333484 .7751826 .7110618 .680546 .7821203 .9500617 1.006858 1.023825 1.055565 1.04831 .9900218 .9240961 .8641342 .800255 .7303736 .7075191 .7123814
1.006298 1.003099 1.005276 1.009238 1.012866 1.018745 1.030125 1.034205 1.04422 1.044243 1.03903 1.029653 1.015125 .9884784 .9728109 .9705212 .9723666 .9534357 .9306506 .9148445 .904941 .9065226 .9166162 .921393 1.021955 1.20119 1.315178 1.323232 1.250467 1.153868 1.06483 1.030072 1.04107 1.028177 1.005103 .9035349 .8986515 .9792501 1.054672 1.091446 1.110216 1.077885 1.005133 .9482622 .9096461 .9059775 .910902 .8363771 .7749884 .6483195 .6830529 .8042914 .9936764 .9885296 1.032935 1.074735 1.004422 .9493929 .8994445 .8448935 .7592518 .7265781 .7163301
.9848065 .9915512 .9993978 1.013362 1.015344 1.015995 1.033019 1.033999 1.044257 1.052263 1.050154 1.042395 1.032728 1.009549 .9804481 .9736527 .9738945 .9671414 .9582844 .9330707 .9260115 .9232718 .921712 .907721 .9634818 1.161684 1.364632 1.380319 1.299157 1.160391 1.048018 .9638645 .974001 .9737614 .9846066 .9277742 .887068 .9664381 1.05815 1.10439 1.111606 1.084967 1.046214 .95998 .9302327 .9043209 .9107233 .924736 .8299139 .6923141 .6544093 .7167722 .873327 .982739 1.002939 1.046252 .9972295 .9439773 .9097952 .876229 .7809791 .7640858 .7500871
.9917566 .9932876 1.003197 1.014234 1.020097 1.024627 1.026941 1.026732 1.04523 1.063922 1.063264 1.052874 1.045945 1.034622 1.000722 .9734102 .9649887 .9734542 .9665372 .9575101 .953511 .9591097 .9721787 .9746757 .9665962 1.084512 1.332086 1.41806 1.330269 1.170039 1.008871 .9342664 .9167903 .9125857 .8969153 .889347 .9380885 1.025684 1.078937 1.112995 1.115151 1.086733 1.029388 .9632184 .9055555 .8955034 .8606638 .9164045 .847014 .7476598 .676751 .6745496 .6905455 .8471922 1.006967 1.047742 .9853901 .9101882 .8896464 .8719554 .7686402 .7511719 .7982166
1.00716 1.008279 1.003303 1.011309 1.029596 1.035262 1.035106 1.023573 1.036559 1.047229 1.064876 1.063926 1.058853 1.052965 1.035977 .9934793 .9640639 .9621169 .962727 .9600195 .9742613 .9954199 1.02678 1.056417 1.037502 1.037108 1.247633 1.415827 1.360677 1.167058 .9786325 .9004059 .8788008 .8516384 .8193802 .8586528 .9374622 1.03449 1.10383 1.1283 1.117011 1.100023 1.019831 .9569565 .8919657 .9078918 .853519 .8639727 .8232559 .7507899 .7247182 .6932891 .6182036 .6974886 .8794077 .9940995 .9539825 .8619228 .8358397 .8328811 .7518442 .7306111 .7913489
1.025833 1.013458 1.013222 1.013337 1.035755 1.045743 1.051808 1.042138 1.033169 1.033767 1.052008 1.061552 1.068151 1.075339 1.066439 1.021199 .9793917 .9641724 .9541445 .9421025 .9726542 1.022561 1.071656 1.140577 1.13062 1.05412 1.181752 1.376696 1.358266 1.157165 .9596614 .8703523 .8575987 .8283825 .77285 .8388371 .8515649 1.016113 1.133985 1.156201 1.1476 1.09262 1.024292 .9531959 .962562 .9299576 .9361837 .8624882 .813703 .8235064 .840632 .8250303 .7151221 .6181892 .6806086 .8094052 .8827106 .797831 .7649087 .7291751 .6832079 .6869929 .7698564
1.03462 1.025622 1.027032 1.026354 1.035445 1.060477 1.069897 1.064907 1.05363 1.03733 1.038476 1.052444 1.065989 1.081954 1.088245 1.060513 1.017532 .9931093 .970521 .9128919 .9307145 1.032123 1.114941 1.194727 1.190864 1.10927 1.184199 1.355197 1.345702 1.129586 .9659781 .880148 .8600581 .7580549 .8175653 .8559577 .8180086 .9270467 1.117956 1.220231 1.175161 1.097473 .9904495 .9912515 .9894334 .9531375 .9376964 .9124193 .8621357 .8721606 .9319326 .9339436 .8831213 .746907 .61927 .6481827 .7775408 .7795056 .6641967 .6007722 .5635126 .6178513 .740497
1.047172 1.0452 1.041266 1.039163 1.048254 1.068317 1.082151 1.082576 1.078094 1.060621 1.03857 1.034635 1.056864 1.078938 1.09096 1.094136 1.060831 1.056512 1.039455 .9252886 .8409153 .9848002 1.144943 1.239418 1.230701 1.138454 1.204266 1.334188 1.3258 1.10597 .9566798 .8968775 .857757 .7437074 .8569302 .9296606 .8384643 .8385177 1.052075 1.203251 1.215346 1.092564 1.000606 .9823324 .9859749 .9821799 .9395103 .8665531 .8800728 .8969982 .9561489 .9808578 .9699087 .9486388 .7800179 .7145861 .7089549 .748647 .7123008 .583089 .4485683 .5459468 .6952393
1.068212 1.064606 1.057237 1.049892 1.051638 1.077385 1.099274 1.099198 1.095595 1.087984 1.058881 1.029746 1.04048 1.061238 1.083388 1.099693 1.104735 1.1331 1.157513 1.019455 .8018094 .8606188 1.139039 1.279961 1.261382 1.153763 1.19885 1.309854 1.276683 1.073336 .9343023 .8674473 .815413 .7890809 .8387521 .9498012 .8873895 .8136261 .9954203 1.183201 1.209319 1.099937 1.022157 .985625 1.017805 .9815553 .9122954 .8880693 .8591158 .8709323 .9242441 .9786442 .9781505 1.023041 .9472134 .8644683 .810635 .8076374 .7549888 .6243546 .4139349 .4785778 .6250873
1.077153 1.081489 1.074743 1.069907 1.062809 1.080369 1.109364 1.120503 1.114518 1.105897 1.090917 1.055171 1.034459 1.046976 1.051377 1.066249 1.110477 1.195233 1.273033 1.162041 .8765942 .7666408 1.045473 1.302509 1.301993 1.170008 1.183546 1.27307 1.258954 1.079322 .9439899 .8556558 .7587595 .7749494 .9106201 .9830276 .8811772 .8156716 .964233 1.107157 1.148875 1.115966 1.037121 .9963292 1.01689 .9868851 .9216061 .900728 .8835304 .8859025 .9038 .9192041 .9368254 .9608464 .9541715 .9443864 .8742256 .8755235 .8152524 .7066527 .458562 .4143076 .5163173
1.082689 1.101855 1.098457 1.089646 1.085277 1.079098 1.111138 1.135291 1.13465 1.123284 1.112341 1.089291 1.063137 1.046551 1.031987 1.007205 1.043231 1.209329 1.340233 1.293251 1.028909 .7939753 .9494734 1.269528 1.313112 1.172898 1.144349 1.217681 1.196125 1.104665 .9901303 .8716915 .7562652 .7490333 .9094461 1.015212 .9144655 .8105744 .9371563 1.098345 1.094056 1.066159 .9913604 .9978186 1.007435 1.010463 .9575001 .9222217 .9169565 .8977429 .9061948 .8814033 .8440038 .8870631 .933773 .9308845 .9061307 .8952255 .8960385 .8190709 .6025578 .3755398 .4189873
1.080534 1.103684 1.113412 1.10882 1.109622 1.102855 1.096826 1.133736 1.15081 1.139525 1.12766 1.123507 1.109759 1.08579 1.037894 .9762613 .9562435 1.129727 1.350881 1.382107 1.164363 .859374 .9178925 1.226621 1.277576 1.207476 1.092836 1.136572 1.145908 1.073993 .9944362 .8384604 .686017 .6915172 .8910582 1.025569 .9530846 .8153726 .8805559 1.067223 1.057482 1.031203 .9755843 .9609455 .9822273 .9901512 .9893892 .9557174 .9381436 .9222504 .92936 .8898854 .7915154 .7982962 .8649855 .8607666 .8690425 .8346706 .8924791 .8954548 .7647251 .5027552 .3851789
1.08175 1.10312 1.112924 1.116465 1.125136 1.141415 1.112674 1.11262 1.1538 1.157971 1.138334 1.142634 1.14977 1.157564 1.117203 1.010529 .9161857 1.01324 1.322481 1.389322 1.240009 .9378694 .9591553 1.19964 1.283041 1.174049 1.088357 1.116821 1.12506 1.05127 .9654092 .8341323 .6537485 .6073449 .7850237 .9841133 .9705744 .8573735 .8971932 1.038398 1.078352 1.030491 .9671692 .9436957 .9420293 .9317958 .9512962 .9289282 .9432068 .9295228 .9310457 .9510748 .829186 .7350597 .7333643 .7689268 .6969958 .6895311 .7417902 .7721027 .7775615 .6410062 .4393297
1.084471 1.1107 1.123459 1.109378 1.109842 1.161682 1.166088 1.110855 1.134987 1.162125 1.146556 1.142722 1.162932 1.225346 1.235015 1.116809 .9384221 .9644261 1.265061 1.381102 1.250498 1.001787 1.011099 1.169684 1.288184 1.167687 1.066614 1.128601 1.176771 1.04782 .9286861 .8270101 .6279066 .5684971 .6967921 .8952663 .8996301 .88691 .9236845 1.024985 1.063229 1.026574 .9548434 .9287041 .9473853 .9369946 .9324276 .9057328 .9659815 .9195039 .9527054 .957962 .8966888 .8988146 .7429333 .6815053 .6255565 .5549936 .5525681 .6247287 .6461584 .597043 .4826299
1.127626 1.13463 1.141038 1.122893 1.085224 1.139523 1.216746 1.150395 1.119439 1.162311 1.151022 1.141314 1.148505 1.249373 1.328816 1.251459 1.04916 1.009493 1.218312 1.355239 1.266163 1.061061 1.060517 1.15501 1.230016 1.150111 1.07337 1.152319 1.198965 1.076865 .9371345 .8196525 .6794935 .5984862 .6746638 .8086767 .8664798 .8463336 .8829256 1.029998 1.071656 1.025308 .9495966 .9235343 .9287387 .9555325 .9727353 .9236883 .950423 .9502497 .908824 .9142385 .9253075 .930175 .8344427 .7585919 .6888182 .5709861 .5385032 .4918315 .5125222 .5392032 .5101939
1.183707 1.177808 1.172833 1.160506 1.089993 1.083332 1.221956 1.224091 1.127732 1.172538 1.164528 1.141315 1.148129 1.204507 1.332215 1.333105 1.20847 1.130215 1.21163 1.347955 1.277445 1.117971 1.079852 1.13747 1.192259 1.171419 1.094682 1.131466 1.176825 1.10346 .9609973 .8228328 .6832859 .6590924 .7370454 .781529 .8118882 .7910429 .8367408 .9392548 1.0398 1.05184 .9694215 .9196289 .8659936 .9130204 .9732628 1.014433 1.037633 1.024586 .9360109 .879177 .8642085 .896171 .8480242 .7785716 .7227556 .657496 .5772888 .5511655 .5553911 .5494664 .5996485
1.187232 1.228752 1.2242 1.212106 1.142668 1.043929 1.155759 1.292349 1.178018 1.185034 1.212432 1.141012 1.164613 1.203686 1.284897 1.341119 1.298818 1.269822 1.280188 1.344403 1.291564 1.169422 1.073876 1.111323 1.188316 1.194105 1.141888 1.116947 1.143197 1.092172 .9802321 .841021 .712346 .6818978 .7804369 .802588 .8209895 .8145475 .8053013 .8737392 .9981909 1.032468 1.007152 .9422228 .8820544 .7853993 .9046452 1.076792 1.166322 1.114992 1.004668 .9258506 .8774642 .8463334 .8257123 .7737315 .7093407 .6685742 .6059148 .5435753 .4938774 .5827304 .6454912
1.175894 1.236554 1.268398 1.27381 1.222998 1.057053 1.066962 1.283714 1.261086 1.213683 1.290386 1.198877 1.185407 1.239842 1.260893 1.320394 1.314057 1.340813 1.362554 1.398664 1.330857 1.152307 1.095594 1.100742 1.18874 1.220235 1.191597 1.147258 1.109247 1.067755 .9992893 .8745522 .7573817 .7514787 .792681 .8159574 .8459121 .8429294 .8802419 .8755509 .9666967 1.015734 1.033365 .9647827 .8780314 .7567101 .8149555 1.003299 1.211915 1.236193 1.122151 1.003502 .9065821 .8371597 .7810761 .7611643 .6855575 .6488678 .5778589 .5176109 .4819327 .5538648 .6687733
1.155699 1.230177 1.295149 1.344445 1.306611 1.110445 .997501 1.188907 1.283215 1.253945 1.31686 1.303485 1.223871 1.273995 1.267035 1.311862 1.309004 1.347069 1.437661 1.465338 1.359585 1.226073 1.130425 1.135166 1.223711 1.255866 1.271392 1.148212 1.074311 1.025571 .964359 .8704056 .7893112 .7632347 .7793406 .8140622 .8167413 .8143961 .882987 .9528567 .9756842 .9975248 .9748877 .9927283 .872656 .7177268 .7429755 .925419 1.182226 1.303762 1.261077 1.134991 .9725868 .8433056 .74683 .7139703 .666021 .6169345 .5631915 .4849832 .4059865 .478837 .5526401
1.02453 1.169718 1.288622 1.391077 1.395624 1.196788 1.030441 1.103152 1.207875 1.248924 1.30237 1.355217 1.300848 1.281415 1.249455 1.278495 1.323788 1.35551 1.462685 1.499704 1.426295 1.292691 1.210671 1.206516 1.300016 1.35808 1.357513 1.21589 1.107019 1.035529 .9469998 .8431014 .7718251 .7812812 .8165333 .8527905 .8266823 .8220385 .8795775 .9578328 1.004607 1.023407 .9828088 .9247208 .8299713 .6855845 .6271156 .7708676 1.081787 1.30716 1.380321 1.296356 1.096512 .8697222 .7498614 .685622 .6434632 .5999488 .581634 .5287865 .4039425 .4256118 .3993995
.8721135 .9694802 1.161519 1.374164 1.435297 1.284342 1.102565 1.104272 1.155959 1.214425 1.267188 1.343712 1.343199 1.27893 1.200939 1.184006 1.276505 1.380381 1.46234 1.497162 1.428071 1.345688 1.292258 1.338558 1.439637 1.443722 1.419202 1.312791 1.181235 1.109505 .9715457 .8605733 .775281 .7891926 .8677757 .8659641 .834673 .8629043 .8839062 .9366155 1.040916 1.056313 .9856489 .8540823 .8013002 .7382523 .5735577 .5720522 .8962653 1.230017 1.42951 1.461052 1.254368 .9766954 .8390359 .7507275 .6780964 .6409893 .6280525 .6098599 .5084648 .4557668 .3783062
.8793598 .8432234 .9436567 1.191424 1.391163 1.356027 1.197402 1.10602 1.125447 1.199012 1.275291 1.331262 1.355947 1.264278 1.178976 1.057473 1.171124 1.3601 1.404848 1.454068 1.411298 1.331048 1.269355 1.397875 1.566266 1.630954 1.54011 1.436447 1.296888 1.17984 1.012488 .8774985 .8034913 .7769005 .8226279 .8368378 .8756961 .9126232 .9485075 .9495419 1.041372 1.099499 .9894232 .8591221 .7869133 .7926293 .6483414 .4666812 .6449971 1.052246 1.350334 1.466625 1.442455 1.126363 .97479 .8910404 .7735358 .6971322 .6709799 .64045 .5781868 .5378261 .4408308
1.00412 .8675047 .8962603 .9988365 1.212452 1.35528 1.32149 1.177217 1.108261 1.186111 1.311827 1.386472 1.367584 1.250492 1.151446 .9562628 .9296398 1.188433 1.409295 1.441421 1.428698 1.310822 1.229095 1.35285 1.606744 1.684496 1.675067 1.588837 1.433693 1.283297 1.084581 .9372985 .8473971 .8170311 .8346127 .8405297 .8751639 .9921645 1.049411 1.040288 1.069201 1.110983 1.019158 .8439535 .7517609 .8018823 .7621397 .5543239 .5371743 .8367916 1.209332 1.402766 1.371496 1.197895 1.062942 1.02886 .9173821 .8045797 .740553 .6911111 .602796 .5440993 .5270581
1.163975 .962916 .938454 .9908487 1.059817 1.226577 1.363146 1.295384 1.157645 1.177552 1.325682 1.444538 1.383565 1.289832 1.108531 .9511796 .79189 .9662855 1.254349 1.416736 1.423473 1.295494 1.17246 1.280679 1.535999 1.663161 1.726 1.760239 1.584281 1.398601 1.214582 1.053694 .9693487 .9260122 .917725 .8656009 .9125255 1.027573 1.153925 1.15486 1.117027 1.131151 1.033635 .823801 .694948 .7617401 .7709045 .7070427 .6308907 .8009186 1.106417 1.258431 1.25394 1.075112 .9955377 1.011582 .9784919 .8858024 .8062993 .7528749 .6606941 .5748016 .5785053
1.304245 1.123515 1.002356 1.061014 1.065513 1.127991 1.298358 1.341988 1.249357 1.201611 1.335893 1.489921 1.46585 1.283482 1.095095 .9591541 .8248751 .801672 1.007071 1.25363 1.354684 1.25037 1.106372 1.146649 1.465619 1.634609 1.729743 1.739781 1.722517 1.526989 1.339266 1.194925 1.062473 1.011149 .9554775 .8999628 .9326091 1.060067 1.239184 1.276547 1.183242 1.165223 1.067096 .8530059 .6509458 .6698589 .6932634 .6934726 .7367952 .8753805 1.107317 1.216757 1.21278 1.022876 .9104379 .9157451 .9280932 .8772112 .8042325 .7518457 .7090648 .6287525 .5877024
1.353367 1.256513 1.112809 1.115911 1.12378 1.121754 1.237452 1.322097 1.311473 1.259626 1.364035 1.507988 1.502914 1.32212 1.10035 .9390177 .8301366 .7715433 .8441176 1.041574 1.195884 1.192138 1.046793 1.041642 1.312278 1.522753 1.594755 1.722602 1.701058 1.634368 1.473531 1.284056 1.156355 1.041866 .9694502 .8959646 .8971427 1.055774 1.279908 1.374198 1.287689 1.220158 1.112277 .8976703 .6525013 .563596 .5723991 .573019 .6509703 .8993891 1.170456 1.232755 1.205222 1.064305 .9422713 .8929647 .8756427 .8449632 .7618698 .6647512 .6315909 .6068674 .5538802
1.320572 1.317647 1.211182 1.180384 1.202966 1.18382 1.231633 1.296123 1.341038 1.333871 1.419006 1.534945 1.515883 1.342629 1.187741 .9919084 .888882 .9053017 .8033146 .8197393 .9373376 1.050226 .990604 .9962763 1.23285 1.398484 1.52397 1.537771 1.578977 1.601451 1.629833 1.540204 1.332704 1.183204 1.071035 .9198276 .85843 1.001253 1.251918 1.411882 1.397871 1.311651 1.164536 .8996472 .6802881 .5492483 .4903548 .4576542 .4743721 .7790266 1.123517 1.248649 1.185163 1.076516 .9899881 .9508695 .9157225 .8722906 .7953061 .6437226 .5159889 .518175 .4724238
