py_wake/examples/data/AJ_ParqueFicticio/Rough survey   Sector 10   Height 200m   Weibull-A.grd
DSAA
73  159
 258469   265669
 6501692   6517492
 6.592178   15.43679
[rows 84 to 111 of 159, columns 0 to 62 of 73]
10.78622 10.784 10.79052 10.81058 10.83844 10.88113 10.92739 10.98166 11.02338 11.04386 11.04619 11.04178 11.01461 10.99453 11.00282 10.98811 10.9802 10.97612 10.99216 11.06084 11.14657 11.23534 11.35165 11.52586 11.7753 12.10111 12.42468 12.67124 12.79251 12.73122 12.51576 12.28379 12.0644 11.81484 11.59705 11.31878 11.22513 11.23043 11.31712 11.43217 11.46792 11.41503 11.26335 11.07535 10.9227 10.79259 10.61751 10.49027 10.38883 10.35373 10.4126 10.50505 10.60637 10.65584 10.64492 10.52636 10.30576 9.998961 9.644345 9.285336 8.931888 8.628379 8.327935
10.77318 10.78046 10.78657 10.80169 10.83162 10.88458 10.93329 10.99008 11.02619 11.05723 11.0686 11.06816 11.05842 11.01849 11.02218 11.03602 11.03435 11.02048 11.01548 11.05688 11.13144 11.23312 11.3676 11.57324 11.88293 12.2693 12.5959 12.78881 12.79481 12.64873 12.41031 12.17511 11.99233 11.73914 11.49601 11.26957 11.17414 11.26543 11.34072 11.46595 11.51069 11.4266 11.28105 11.08272 10.93556 10.80754 10.64881 10.48298 10.31443 10.22782 10.28163 10.4032 10.53063 10.61449 10.62259 10.51882 10.28579 9.961019 9.602416 9.212007 8.814895 8.46417 8.180449
10.73042 10.74548 10.76392 10.79481 10.83428 10.88656 10.94611 10.98321 11.03094 11.07251 11.09178 11.08824 11.08258 11.05697 11.05096 11.07028 11.07309 11.06685 11.07429 11.09035 11.148 11.24017 11.3836 11.5998 11.94097 12.35271 12.70231 12.8762 12.79575 12.58765 12.30291 12.04035 11.83173 11.61119 11.40056 11.20985 11.13438 11.27153 11.46165 11.58649 11.6136 11.52074 11.35916 11.12752 10.98127 10.84455 10.69613 10.52905 10.32386 10.16213 10.14286 10.27093 10.43101 10.52323 10.5671 10.48978 10.24309 9.910692 9.52829 9.116293 8.682736 8.315808 8.067879
10.68908 10.71155 10.74089 10.78986 10.83446 10.88397 10.94522 10.98713 11.03839 11.08942 11.10609 11.11497 11.11508 11.10805 11.0928 11.0919 11.09867 11.11375 11.1307 11.14604 11.20694 11.30942 11.4507 11.65612 11.97944 12.39699 12.76709 12.95203 12.85756 12.59071 12.25172 11.93728 11.70546 11.5008 11.33084 11.15195 11.12123 11.30327 11.49208 11.62748 11.6493 11.54988 11.40596 11.21024 11.04597 10.88939 10.76424 10.60908 10.38468 10.15105 10.06853 10.1762 10.31174 10.41393 10.46698 10.41245 10.16441 9.800374 9.421452 8.987779 8.538671 8.180551 8.048623
10.68019 10.69316 10.72792 10.78051 10.83623 10.88742 10.93225 10.97806 11.03738 11.09229 11.12331 11.13695 11.14632 11.15839 11.14297 11.12605 11.1241 11.14989 11.17064 11.2101 11.28559 11.40777 11.57733 11.79658 12.06942 12.43819 12.82697 13.04874 12.95929 12.6186 12.21577 11.83791 11.57854 11.34599 11.16603 11.05718 11.12711 11.31495 11.50781 11.6378 11.66981 11.60251 11.44256 11.22865 11.03657 10.8731 10.74483 10.60397 10.38806 10.18827 10.08924 10.1302 10.21405 10.29284 10.37439 10.32354 10.07859 9.696215 9.30102 8.8765 8.411958 8.106391 8.096066
10.67694 10.68874 10.7181 10.7735 10.84544 10.89004 10.9448 10.9773 11.02955 11.08629 11.14116 11.16099 11.17779 11.20342 11.20431 11.17338 11.16249 11.17676 11.21467 11.2631 11.36471 11.52122 11.74432 11.99967 12.24567 12.537 12.89761 13.13842 13.02886 12.6351 12.14781 11.7365 11.43147 11.18164 10.98936 10.95678 11.09665 11.32297 11.53316 11.67255 11.70672 11.62625 11.42901 11.19385 10.99014 10.85192 10.70029 10.55403 10.35213 10.2041 10.14848 10.13454 10.10456 10.14351 10.17915 10.14823 9.927437 9.538053 9.133548 8.729114 8.284354 8.03966 8.09166
10.66954 10.68514 10.72529 10.7609 10.83021 10.90292 10.96545 11.00177 11.0419 11.0854 11.13783 11.17016 11.20774 11.23992 11.25487 11.23617 11.22252 11.23636 11.27317 11.32011 11.4447 11.65065 11.92446 12.23137 12.47904 12.67582 12.9478 13.16924 13.05475 12.61479 12.07483 11.62076 11.29896 11.04884 10.85863 10.90628 11.03941 11.2873 11.55299 11.71517 11.73866 11.62303 11.39575 11.16502 11.0045 10.88192 10.75241 10.56221 10.36667 10.26807 10.26446 10.26091 10.14745 10.05254 9.997141 9.935304 9.746499 9.374962 8.962699 8.556462 8.145639 7.940434 8.021161
10.67192 10.6884 10.72112 10.75702 10.8158 10.90541 10.97621 11.03649 11.07794 11.10879 11.14664 11.18339 11.22446 11.26804 11.30057 11.29924 11.30097 11.33632 11.39415 11.42598 11.54251 11.79018 12.12093 12.46714 12.6861 12.82267 13.01361 13.17701 13.03138 12.54756 12.00389 11.53681 11.19825 10.91778 10.82513 10.91388 10.99664 11.21793 11.53307 11.75608 11.76728 11.60197 11.37533 11.19482 11.07032 10.92552 10.76469 10.54038 10.37152 10.3209 10.35073 10.33516 10.22645 10.06541 9.897932 9.709712 9.564005 9.291173 8.898294 8.462632 8.05415 7.840353 7.947531
10.65607 10.68249 10.71309 10.75228 10.81365 10.9082 10.99743 11.062 11.11737 11.15151 11.17381 11.19309 11.24148 11.28946 11.33276 11.37072 11.40517 11.49103 11.58336 11.5976 11.65637 11.92077 12.30948 12.65785 12.86483 12.9499 13.07787 13.17621 12.95737 12.46412 11.91658 11.45136 11.08714 10.80331 10.79184 10.93084 11.00082 11.15818 11.47975 11.74345 11.75636 11.58429 11.35908 11.19644 11.07362 10.9048 10.70701 10.46321 10.33655 10.33613 10.39721 10.39379 10.28218 10.11106 9.8774 9.653215 9.467664 9.246273 8.908155 8.430186 7.930265 7.687438 7.791701
10.64706 10.68078 10.71444 10.75301 10.81819 10.921 11.01776 11.09313 11.15292 11.19781 11.21698 11.22298 11.26051 11.31826 11.37207 11.43325 11.52969 11.69057 11.84335 11.86746 11.83064 12.00722 12.41251 12.80915 13.00916 13.03664 13.10392 13.13287 12.86041 12.35517 11.80526 11.3384 10.95378 10.72664 10.81182 10.98997 11.05012 11.14221 11.44175 11.70619 11.75395 11.5903 11.38435 11.19684 11.06367 10.85145 10.62621 10.44814 10.3601 10.36838 10.40824 10.3892 10.27978 10.11977 9.863889 9.639044 9.438689 9.231676 8.898026 8.396484 7.842714 7.526401 7.610682
10.6376 10.6845 10.72246 10.77421 10.83749 10.93497 11.03837 11.13184 11.19238 11.23923 11.27009 11.27958 11.31275 11.3703 11.42698 11.51049 11.67099 11.91486 12.14901 12.19438 12.07204 12.11307 12.48206 12.90668 13.1033 13.09441 13.0846 13.04071 12.74364 12.23858 11.69573 11.20937 10.83216 10.68206 10.84847 11.0422 11.07989 11.14521 11.39691 11.64879 11.71316 11.57002 11.36748 11.18277 11.00345 10.79181 10.60425 10.4833 10.42921 10.40036 10.38936 10.32949 10.21408 10.05484 9.847035 9.651073 9.450052 9.219785 8.893714 8.40339 7.815509 7.404732 7.395859
10.62189 10.69015 10.74072 10.80097 10.87509 10.9581 11.06586 11.16833 11.24231 11.29097 11.32593 11.36076 11.40131 11.45781 11.5281 11.61474 11.79924 12.13144 12.43502 12.53269 12.36985 12.28945 12.55368 12.96069 13.16297 13.11565 13.02705 12.89003 12.58078 12.12175 11.61564 11.132 10.75928 10.65551 10.85781 11.0521 11.08911 11.1175 11.32551 11.57762 11.61307 11.45671 11.25006 11.06212 10.89698 10.73855 10.60486 10.51266 10.46634 10.42311 10.38113 10.28313 10.13535 9.990177 9.827211 9.672878 9.458558 9.209129 8.897651 8.44653 7.863622 7.360014 7.220321
10.60813 10.69522 10.76962 10.83911 10.91959 11.00477 11.10016 11.20469 11.28299 11.33812 11.38216 11.44477 11.52234 11.6077 11.6855 11.77397 11.94448 12.28956 12.67044 12.82306 12.66445 12.49197 12.64182 13.00481 13.17147 13.08788 12.87619 12.67463 12.38359 11.97869 11.52947 11.08534 10.72063 10.63428 10.85315 11.08393 11.13265 11.13316 11.29086 11.53391 11.50366 11.33747 11.12789 10.94588 10.8202 10.71821 10.64544 10.5513 10.49849 10.4421 10.39411 10.27295 10.09114 9.904017 9.786265 9.651804 9.422581 9.152663 8.877767 8.469052 7.936758 7.407372 7.123629
10.60604 10.71076 10.80213 10.88399 10.96543 11.07234 11.15456 11.23964 11.33307 11.40356 11.46421 11.55122 11.66384 11.81044 11.93055 12.00028 12.11753 12.43139 12.83606 13.02496 12.90932 12.70306 12.76783 13.03273 13.1453 12.96285 12.70595 12.48173 12.25071 11.92228 11.53161 11.11735 10.7479 10.61068 10.805 11.0988 11.17828 11.18322 11.27543 11.43646 11.41669 11.25611 11.05013 10.88011 10.76646 10.6575 10.60039 10.52448 10.48532 10.44325 10.40055 10.29419 10.1042 9.931012 9.795551 9.630616 9.373837 9.089473 8.79733 8.420849 7.949285 7.450222 7.077172
10.62779 10.74575 10.85093 10.92993 11.00432 11.12681 11.23149 11.29082 11.38464 11.48123 11.56231 11.67531 11.82679 12.03612 12.21856 12.30071 12.35076 12.57913 12.96502 13.1919 13.08565 12.87344 12.86827 13.03132 13.04763 12.82194 12.55842 12.41534 12.27236 11.97596 11.58692 11.1645 10.77957 10.59342 10.74065 11.02969 11.12919 11.12181 11.16844 11.28964 11.28224 11.14931 10.96005 10.80747 10.71788 10.62731 10.5621 10.50055 10.47043 10.43195 10.39117 10.31654 10.18481 10.06155 9.867141 9.638206 9.344836 9.027849 8.69036 8.308156 7.865789 7.38632 7.020975
10.67223 10.80143 10.91709 11.00122 11.05484 11.17163 11.31252 11.38647 11.46337 11.5861 11.69762 11.82331 12.00775 12.27306 12.50693 12.61195 12.6257 12.79064 13.10616 13.306 13.21186 13.00161 12.93156 12.96247 12.88911 12.68819 12.51063 12.4531 12.35686 12.06726 11.65776 11.19323 10.78599 10.59409 10.69518 10.89493 10.99474 10.98145 11.02854 11.14709 11.16538 11.06763 10.9017 10.73984 10.64056 10.56768 10.50714 10.43591 10.46366 10.47233 10.44996 10.40479 10.33329 10.18993 9.964954 9.691248 9.371622 8.996214 8.625253 8.20542 7.767691 7.313681 6.965964
10.74056 10.88334 11.00658 11.09823 11.13912 11.21544 11.37881 11.50143 11.57836 11.73149 11.87864 12.01964 12.21948 12.48652 12.75845 12.87764 12.92784 13.04361 13.2566 13.40859 13.3114 13.08546 12.9161 12.82513 12.73504 12.65499 12.57549 12.55229 12.4358 12.13958 11.69147 11.19153 10.78244 10.6236 10.71434 10.79569 10.82168 10.80814 10.85497 10.96892 11.02459 10.99885 10.84409 10.67095 10.54291 10.43376 10.39928 10.42497 10.54155 10.6294 10.60908 10.53339 10.44199 10.2995 10.06069 9.759176 9.401251 8.98947 8.569744 8.142203 7.659163 7.164537 6.812954
10.79554 10.96692 11.10423 11.21542 11.26063 11.29236 11.43525 11.62824 11.73405 11.89616 12.08334 12.22901 12.44033 12.69135 12.91986 13.08142 13.16777 13.27471 13.42364 13.50275 13.3679 13.09103 12.82382 12.69857 12.71213 12.73815 12.70156 12.63189 12.47139 12.13424 11.66609 11.17361 10.78513 10.6553 10.71887 10.74018 10.7278 10.71206 10.72498 10.79692 10.89203 10.91133 10.83266 10.69654 10.49328 10.28776 10.24468 10.41115 10.62258 10.78321 10.77961 10.70131 10.56499 10.3769 10.11155 9.790791 9.408136 9.004829 8.568962 8.055227 7.455033 6.911271 6.653132
10.83968 11.02689 11.20034 11.35733 11.42854 11.41423 11.50227 11.73607 11.90196 12.09658 12.31838 12.49188 12.66955 12.87581 13.06701 13.22606 13.32188 13.43353 13.54987 13.57754 13.3892 13.03503 12.76336 12.69468 12.78581 12.87298 12.86405 12.71376 12.44722 12.05867 11.61568 11.16648 10.82294 10.6874 10.68377 10.66695 10.64915 10.63991 10.66314 10.72643 10.86292 10.95165 10.91685 10.75353 10.47995 10.19271 10.12659 10.40265 10.74784 10.99193 11.03795 10.95803 10.74943 10.48879 10.15938 9.800213 9.405289 8.991435 8.504059 7.918882 7.252743 6.724053 6.592178
10.87225 11.07144 11.29498 11.50983 11.61731 11.57475 11.59824 11.83599 12.08363 12.31095 12.56444 12.75416 12.89622 13.06944 13.19004 13.29898 13.39629 13.5002 13.60746 13.58711 13.35069 13.0111 12.77272 12.75445 12.90573 13.0278 12.98731 12.73875 12.37827 11.98782 11.56565 11.15801 10.82471 10.64141 10.57028 10.53222 10.48821 10.51022 10.5701 10.73076 10.89138 10.98376 10.94631 10.75671 10.40336 10.07339 10.03362 10.31901 10.76811 11.12283 11.25915 11.21082 10.98319 10.61015 10.17725 9.762254 9.344263 8.899248 8.391821 7.778165 7.116383 6.623346 6.625564
10.87381 11.09345 11.37013 11.64806 11.80222 11.75703 11.76273 11.96926 12.23448 12.49953 12.77125 13.00822 13.15 13.24442 13.27614 13.31089 13.38596 13.46861 13.58388 13.5285 13.29653 12.99926 12.80567 12.8376 13.02943 13.15915 13.07699 12.78278 12.40253 12.00613 11.57991 11.15355 10.79652 10.60036 10.51951 10.4831 10.40797 10.4046 10.52253 10.7532 10.95006 11.05259 10.94841 10.69339 10.33152 10.04378 9.976527 10.22657 10.69345 11.16002 11.43889 11.45522 11.17917 10.70389 10.19668 9.7466 9.318275 8.861073 8.319 7.723998 7.098733 6.601298 6.62185
10.90322 11.099 11.40107 11.73546 11.94754 11.9622 11.97921 12.14423 12.39162 12.66453 12.96255 13.23097 13.38558 13.39924 13.32735 13.26119 13.29515 13.38096 13.49064 13.45331 13.23183 12.96557 12.80862 12.88685 13.10231 13.21845 13.14578 12.89075 12.51786 12.12643 11.64406 11.15493 10.76448 10.53405 10.46253 10.36738 10.29661 10.36327 10.57253 10.82437 11.07105 11.13746 10.95945 10.63672 10.32643 10.12321 10.00028 10.10252 10.53006 11.11687 11.53691 11.63095 11.3509 10.82198 10.27598 9.789904 9.31375 8.778253 8.239843 7.694237 7.101191 6.617179 6.611701
11.04324 11.14434 11.39673 11.73582 12.02321 12.16257 12.23331 12.35496 12.54055 12.8311 13.16778 13.44405 13.58172 13.51949 13.35946 13.15031 13.11583 13.22143 13.33661 13.33121 13.15357 12.88609 12.72874 12.83611 13.09302 13.26057 13.24367 13.04888 12.70229 12.26138 11.70195 11.13682 10.70622 10.44392 10.29778 10.18738 10.17782 10.38313 10.70662 10.97241 11.19974 11.23191 11.03132 10.70362 10.41219 10.22628 10.07067 10.02909 10.36298 10.95631 11.48107 11.69303 11.46033 10.91412 10.33896 9.78694 9.233083 8.669871 8.156343 7.643719 7.099704 6.647545 6.609073
11.24586 11.27166 11.45215 11.73946 12.0564 12.32151 12.49082 12.58888 12.73615 13.03625 13.40205 13.68708 13.76229 13.6157 13.34774 13.00654 12.84315 12.9468 13.11157 13.16078 13.01752 12.7461 12.56018 12.64596 12.99134 13.24592 13.3046 13.19723 12.88513 12.38924 11.75176 11.11532 10.63364 10.32077 10.14014 10.04041 10.12405 10.48211 10.89378 11.20305 11.39363 11.41127 11.20311 10.84144 10.5326 10.34109 10.16378 10.05714 10.25904 10.80642 11.38348 11.67433 11.47528 10.93589 10.3026 9.722173 9.131749 8.569474 8.075508 7.612909 7.096784 6.686236 6.636383
11.47473 11.46083 11.57231 11.81634 12.09851 12.42185 12.69705 12.84442 12.97273 13.24461 13.6142 13.8994 13.93579 13.71138 13.30514 12.87388 12.60071 12.63759 12.80403 12.91565 12.85095 12.59547 12.37818 12.45707 12.8374 13.18834 13.33203 13.27997 12.97195 12.43332 11.73031 11.07991 10.5886 10.26227 10.07237 9.980455 10.12014 10.55576 11.05855 11.42168 11.58525 11.61907 11.3879 10.98516 10.60715 10.3931 10.20051 10.05746 10.20322 10.69252 11.25163 11.5666 11.36891 10.82936 10.16609 9.590142 9.052818 8.551955 8.095992 7.652844 7.133682 6.713968 6.657034
11.68961 11.6747 11.73008 11.93787 12.17773 12.48333 12.82462 13.0626 13.2281 13.469 13.82016 14.10582 14.10528 13.75631 13.25463 12.77664 12.44749 12.38 12.49809 12.6183 12.59853 12.38599 12.14735 12.25121 12.66165 13.06409 13.30828 13.30416 12.96498 12.39652 11.69798 11.07041 10.55265 10.24261 10.04404 9.981548 10.17839 10.67545 11.28597 11.70792 11.872 11.85482 11.59481 11.1439 10.68161 10.36048 10.14984 10.01395 10.16239 10.62171 11.14772 11.3975 11.18144 10.60123 9.932805 9.401573 8.964811 8.552423 8.1425 7.6954 7.178728 6.755914 6.689078
11.8518 11.86775 11.90134 12.07741 12.31828 12.60102 12.94069 13.23798 13.46618 13.70481 14.01675 14.25825 14.19861 13.79053 13.24368 12.74219 12.37123 12.20845 12.24098 12.31636 12.28853 12.13121 11.93437 12.02385 12.4733 12.91033 13.19645 13.17985 12.80313 12.2316 11.57494 10.98884 10.54996 10.26459 10.12914 10.08824 10.29368 10.84 11.52162 12.01292 12.19921 12.16287 11.87002 11.33327 10.74526 10.29522 9.997998 9.861298 10.01523 10.47919 11.01521 11.19614 10.93209 10.35822 9.743363 9.258945 8.883993 8.54871 8.164248 7.71787 7.203217 6.823139 6.771446
11.94143 12.0284 12.07974 12.23986 12.49332 12.77101 13.08891 13.39605 13.68435 13.94253 14.20722 14.39894 14.27069 13.85081 13.32049 12.7954 12.40699 12.23136 12.1213 12.0395 11.95844 11.8359 11.68648 11.81873 12.29252 12.7836 13.02208 12.86949 12.46563 11.91788 11.38396 10.92154 10.63119 10.44075 10.3309 10.30547 10.4932 11.02755 11.75324 12.29628 12.5404 12.48571 12.11334 11.47973 10.80408 10.27301 9.908754 9.733116 9.864872 10.2695 10.74808 10.88287 10.60942 10.07918 9.582855 9.192225 8.878271 8.594407 8.258378 7.786725 7.264374 6.937695 6.903801
