py_wake/examples/data/AJ_ParqueFicticio/Rough survey   Sector 4   Height 200m   Orographic turn.grd
DSAA
73  159
 258469   265669
 6501692   6517492
-10.12591   11.86711
[rows 108 to 134 of 159, columns 0 to 60 of 73]
2.309728 1.361301 .633089 .1553847 -.1264717 -.445848 -1.012337 -1.957833 -3.045598 -4.056335 -5.013174 -5.972153 -6.839547 -7.48274 -7.886288 -8.008717 -7.785702 -6.955012 -5.703133 -4.550853 -3.748337 -3.073972 -2.256569 -1.32546 -.5104924 .1020576 .3766871 .3259163 .07399825 -.0507236 .05975006 .2390208 .5616704 .8292343 1.267455 1.551109 1.663096 1.249675 .2413884 -.9884564 -2.269366 -3.537796 -4.834847 -6.185738 -7.17641 -7.614562 -7.721507 -7.645756 -7.256286 -6.404251 -5.568372 -4.8512 -4.286798 -3.65596 -2.920593 -2.156921 -1.53037 -1.307804 -1.409097 -1.709059 -2.219755
2.16697 1.306591 .4180593 -.2675781 -.8057746 -1.267194 -1.762524 -2.483286 -3.405255 -4.435632 -5.382654 -6.174868 -6.815464 -7.392204 -7.718215 -7.939197 -7.932221 -7.541285 -6.568005 -5.427279 -4.400601 -3.563433 -2.653936 -1.73143 -.7814312 -.11902 .2843878 .5110359 .8574615 1.273003 1.792483 2.207813 2.473317 2.594719 2.535233 2.342112 1.961322 1.196201 .06492494 -1.239053 -2.752041 -4.235538 -5.760489 -7.224243 -8.328918 -8.740224 -8.638712 -8.310531 -7.661436 -6.761753 -5.865076 -5.005918 -4.054148 -3.012157 -1.908574 -.9302078 -.3442079 -.2066257 -.4944983 -1.008641 -1.413658
1.96252 1.272034 .4654055 -.3271976 -1.018167 -1.634679 -2.240457 -2.840774 -3.694543 -4.648911 -5.526687 -6.167111 -6.536848 -6.957045 -7.327801 -7.618559 -7.788311 -7.821187 -7.380628 -6.481777 -5.368906 -4.318734 -3.339393 -2.448719 -1.49985 -.8266205 -.2976705 .4160872 1.412746 2.64318 3.752249 4.318556 4.455791 4.105339 3.462548 2.695124 1.826715 .7943612 -.3721952 -1.684308 -3.240367 -4.846312 -6.358553 -7.776826 -8.9132 -9.4569 -9.362098 -8.916295 -8.171313 -6.984316 -5.770217 -4.565935 -3.225171 -1.891154 -.6796811 .1847871 .6176888 .5686967 .134089 -.5252307 -1.037436
1.879923 1.3975 .699934 -.07343981 -.8425743 -1.630221 -2.346065 -3.079879 -3.911352 -4.731657 -5.483497 -5.948318 -6.185627 -6.448237 -6.724195 -6.940284 -7.207102 -7.538833 -7.845348 -7.576097 -6.585757 -5.412077 -4.325813 -3.368968 -2.481156 -1.755289 -1.025592 .09324934 1.85394 3.757403 5.359571 6.227172 6.139969 5.399912 4.274614 2.891863 1.47739 .1008069 -1.103862 -2.320345 -3.660249 -5.139673 -6.519754 -7.767115 -8.783486 -9.367197 -9.527481 -9.379125 -8.682383 -7.299124 -5.607536 -3.888555 -2.18144 -.6368299 .4980877 1.164196 1.480618 1.301506 .7499694 -.03642676 -.9619285
2.11481 1.679664 1.028951 .218876 -.6643208 -1.532668 -2.406706 -3.263655 -4.077769 -4.783715 -5.390904 -5.718354 -5.848849 -5.951657 -5.979172 -6.085515 -6.387788 -6.945632 -7.699492 -8.075191 -7.664907 -6.702291 -5.653604 -4.562425 -3.470932 -2.523048 -1.525634 .04230959 2.154164 4.342183 6.124154 7.113599 7.102462 6.277839 4.895717 3.168559 1.241435 -.5512342 -1.934036 -3.047149 -4.061114 -5.105665 -6.180498 -7.198442 -8.017025 -8.685496 -9.106439 -9.218654 -8.820707 -7.495219 -5.465453 -3.247344 -1.273618 .2779938 1.341449 1.821378 1.93713 1.824293 1.414715 .609845 -.757433
2.614503 2.004852 1.258412 .3707338 -.5314552 -1.503441 -2.440277 -3.34046 -4.145798 -4.757583 -5.214411 -5.465744 -5.473012 -5.384514 -5.242381 -5.192406 -5.53469 -6.217783 -7.071179 -7.847949 -8.178277 -7.892131 -7.137284 -6.019166 -4.581309 -3.103276 -1.664974 .1356246 2.298182 4.380405 5.967834 6.878401 7.084781 6.586007 5.37061 3.494332 1.223863 -.9897881 -2.628534 -3.610719 -4.30058 -4.813953 -5.417608 -6.108525 -6.781352 -7.497846 -8.080441 -8.37245 -8.198179 -7.054659 -5.089398 -2.816434 -.8046707 .7355312 1.648965 2.02828 2.136668 2.032199 1.889153 1.312408 -.1523468
3.036941 2.205638 1.316535 .4533615 -.5374909 -1.524615 -2.495711 -3.365478 -4.091857 -4.633945 -5.006609 -5.092511 -4.949453 -4.692725 -4.463119 -4.475733 -4.89084 -5.516836 -6.288878 -7.112325 -7.92375 -8.440785 -8.332691 -7.366142 -5.587692 -3.629363 -1.738541 .2200397 2.288143 3.983138 5.111731 5.794238 6.151639 6.02355 5.151152 3.481616 1.088309 -1.369305 -3.180201 -4.140409 -4.333839 -4.293726 -4.350067 -4.628068 -5.152513 -5.846069 -6.474576 -6.877768 -6.759813 -5.9276 -4.276897 -2.334508 -.5445704 .8548498 1.597237 1.929257 2.082276 2.108556 2.069336 1.732463 .7615823
3.091328 2.252594 1.347491 .4381337 -.5509043 -1.585881 -2.584732 -3.370005 -4.01604 -4.540421 -4.81039 -4.684623 -4.349745 -3.987607 -3.814858 -4.019375 -4.482659 -4.90574 -5.431666 -6.120865 -6.910773 -7.80934 -8.391538 -8.05452 -6.338737 -4.153528 -1.918806 .1600204 2.01972 3.183979 3.839285 4.29042 4.746577 4.74885 4.054792 2.600605 .4597403 -1.861778 -3.654776 -4.44146 -4.282402 -3.705252 -3.144132 -2.961094 -3.202341 -3.742776 -4.375036 -4.827264 -4.796422 -4.202103 -3.048744 -1.639984 -.232212 .7798419 1.38565 1.77579 1.890053 2.006343 2.020674 1.885001 1.261282
2.73766 1.980814 1.205834 .3214954 -.7290013 -1.751752 -2.714967 -3.488356 -4.118131 -4.566953 -4.702174 -4.413711 -3.843884 -3.457905 -3.413566 -3.807001 -4.205235 -4.472949 -4.71389 -5.100278 -5.600549 -6.212375 -6.948391 -7.318922 -6.472754 -4.454993 -2.245942 -.1415957 1.363607 2.126 2.528352 2.875283 3.203276 3.118161 2.369032 1.106138 -.6328082 -2.536127 -4.089955 -4.668303 -4.239242 -3.162845 -2.081467 -1.432746 -1.247249 -1.527362 -1.944001 -2.406708 -2.527999 -2.262429 -1.552771 -.7183489 .1378833 .846292 1.342121 1.647765 1.805687 1.869306 1.897029 1.867659 1.570732
1.94252 1.381935 .7554252 -.1234861 -1.156442 -2.143673 -3.048624 -3.835244 -4.450842 -4.83391 -4.794847 -4.324993 -3.677216 -3.232937 -3.160099 -3.545508 -3.957179 -4.1702 -4.234295 -4.335758 -4.398396 -4.453841 -4.713356 -5.254164 -5.348018 -4.393412 -2.534873 -.7035478 .4562561 .9693781 1.277818 1.619397 1.754035 1.419221 .6600457 -.3658994 -1.663581 -3.190694 -4.367581 -4.755656 -4.068719 -2.688575 -1.219263 -.2547651 .2177787 .3605284 .2423463 -.03550948 -.2406276 -.2051154 -.001517443 .4051771 .7925001 1.198446 1.481496 1.706795 1.856592 1.884141 1.92988 1.93627 1.830107
.9228134 .4781594 -.1542426 -1.00344 -1.955416 -2.872025 -3.690183 -4.400871 -4.867183 -5.099901 -4.943632 -4.448427 -3.787974 -3.27458 -3.049533 -3.174367 -3.544582 -3.749964 -3.743807 -3.592793 -3.402359 -3.094733 -2.797609 -2.974921 -3.491872 -3.647419 -2.777872 -1.58932 -.6737319 -.1576732 .2378038 .3998666 .3900121 -.01115327 -.5913615 -1.315816 -2.228298 -3.401635 -4.361573 -4.594236 -3.832799 -2.253339 -.6019077 .553059 1.267385 1.670724 1.882114 1.861676 1.694005 1.443796 1.357361 1.343307 1.442933 1.662966 1.779669 1.956319 2.005005 2.11886 2.183862 2.30763 2.520514
-.08784564 -.6433262 -1.370089 -2.225422 -3.10253 -3.937509 -4.628971 -5.041596 -5.226712 -5.20582 -4.945134 -4.423979 -3.877748 -3.349721 -2.995551 -2.799186 -2.838117 -2.883505 -2.836616 -2.711158 -2.521008 -2.250868 -1.803065 -1.672326 -1.965867 -2.384193 -2.577114 -2.302847 -1.734864 -1.114041 -.6136946 -.4366643 -.6190611 -.9060245 -1.306175 -1.963437 -2.635662 -3.350029 -3.906467 -4.05371 -3.412498 -1.937158 -.2420366 1.071764 1.929497 2.514667 2.934159 3.118973 2.940619 2.558773 2.181764 1.930592 1.954909 2.022699 2.135174 2.266368 2.362372 2.563379 2.921942 3.361947 3.564677
-.9413086 -1.779415 -2.66409 -3.54623 -4.397676 -5.118227 -5.633574 -5.811589 -5.57851 -5.027703 -4.470521 -4.062622 -3.774574 -3.445051 -3.100198 -2.626885 -2.21714 -1.910927 -1.764197 -1.719751 -1.758473 -1.797403 -1.716426 -1.399116 -1.333065 -1.506385 -2.005583 -2.467642 -2.418709 -1.861993 -1.267191 -1.107358 -1.150002 -1.345145 -1.791716 -2.4604 -3.034541 -3.261598 -3.307137 -3.074937 -2.608071 -1.60323 -.135681 1.312327 2.407683 3.166716 3.62353 3.7353 3.532306 3.121572 2.643835 2.333475 2.254627 2.336766 2.480645 2.614042 2.917976 3.394139 4.258601 4.866175 4.829504
-1.621376 -2.68073 -3.740038 -4.74612 -5.575401 -6.243792 -6.635718 -6.601258 -5.928937 -4.716798 -3.680702 -3.241669 -3.148429 -3.213628 -3.054542 -2.593165 -1.894626 -1.24238 -.8286604 -.779337 -.9469507 -1.324676 -1.632872 -1.630368 -1.397587 -1.265041 -1.574957 -2.201952 -2.658511 -2.434109 -1.98026 -1.710852 -1.516068 -1.707902 -2.277836 -3.005246 -3.384508 -3.262518 -2.678819 -1.972885 -1.439913 -.7976863 .1874919 1.493515 2.649282 3.45433 3.918223 4.013959 3.761305 3.36651 2.875093 2.620749 2.535672 2.649412 2.868061 3.287977 3.791769 4.734984 5.692208 6.018507 5.457247
-1.933814 -3.20449 -4.471832 -5.600101 -6.497859 -7.157923 -7.42939 -7.212845 -6.196934 -4.611522 -3.135713 -2.277698 -2.138188 -2.363436 -2.507167 -2.269169 -1.610006 -.867785 -.3061067 -.02271567 -.1736413 -.6755665 -1.305267 -1.626108 -1.590109 -1.392089 -1.55546 -1.989247 -2.625348 -2.85882 -2.708375 -2.275231 -1.992267 -2.243714 -2.946725 -3.497247 -3.575589 -3.145795 -2.101782 -.9785554 -.09793667 .4398295 .9928166 1.785454 2.653264 3.382775 3.756801 3.891256 3.772966 3.442424 3.214336 2.950712 3.024253 3.172179 3.640177 4.200301 4.88361 5.827878 6.391377 5.987288 4.872397
-2.198435 -3.536294 -4.917247 -6.140128 -7.078944 -7.677145 -7.88696 -7.506144 -6.4468 -4.86435 -3.14865 -1.896617 -1.292488 -1.22519 -1.358482 -1.313452 -.9172729 -.3379323 .1848466 .4290811 .358658 -.146554 -.9186316 -1.441866 -1.526082 -1.490836 -1.630155 -2.150114 -2.850919 -3.36501 -3.432116 -3.014322 -2.805609 -3.047212 -3.483901 -3.663004 -3.389099 -2.637026 -1.393013 -.1151755 .9750342 1.689294 1.999285 2.297256 2.702545 3.077255 3.428771 3.510698 3.598787 3.588445 3.562923 3.584801 3.739522 4.098684 4.711876 5.304038 5.769233 6.221483 5.855276 4.762559 3.671448
-2.659374 -3.910892 -5.226887 -6.339649 -7.195884 -7.649541 -7.760866 -7.422263 -6.66244 -5.403628 -3.724643 -2.190704 -1.130388 -.6275132 -.3785043 -.1952036 .1325374 .4980321 .7624455 .8049818 .6794397 .2336616 -.3294242 -.9044895 -1.064603 -1.137643 -1.570336 -2.329829 -3.317014 -4.082263 -4.328638 -3.997377 -3.735451 -3.75047 -3.714379 -3.457866 -2.822951 -1.775299 -.5200495 .6614461 1.762618 2.464542 2.75685 2.756011 2.853173 3.022349 3.0631 3.124883 3.186176 3.570866 3.884809 4.208903 4.781763 5.420043 6.032869 6.269608 6.280931 5.514388 4.319633 3.134195 2.250443
-3.500298 -4.466742 -5.424173 -6.313002 -6.907879 -7.071213 -6.996897 -6.795743 -6.545666 -5.911767 -4.589463 -3.005757 -1.6356 -.7393597 -.1834316 .2325112 .7206666 1.159082 1.403592 1.307587 1.095396 .8588331 .5929624 .3263132 -.06719741 -.4512654 -1.159905 -2.26622 -3.495778 -4.622552 -5.204746 -5.055299 -4.57986 -4.185709 -3.736228 -3.04639 -2.064419 -.8249061 .3693841 1.439198 2.31447 2.875848 3.074718 3.110161 3.096522 3.020434 2.959614 2.862389 2.882001 3.342125 4.03744 5.041037 6.07728 6.92153 7.163581 6.820815 5.970649 4.421872 2.692411 1.413469 .7888469
-4.500926 -5.153294 -5.765033 -6.214178 -6.361807 -6.141869 -5.869071 -5.834793 -6.02538 -6.05714 -5.311911 -3.96824 -2.494962 -1.266427 -.425151 .04109899 .4748652 .9602618 1.315935 1.459334 1.508544 1.601116 1.740734 1.698612 1.163115 .3145221 -.7420912 -1.964848 -3.191349 -4.485365 -5.430982 -5.615993 -5.144424 -4.529895 -3.69916 -2.631076 -1.30093 .08044874 1.218606 2.165789 2.841693 3.161366 3.302663 3.289056 3.200739 3.164425 3.092096 3.016316 3.058585 3.315691 4.398006 5.86802 7.391136 8.120677 7.744033 6.819802 5.298352 3.27609 1.244111 -.028683 -.5319856
-5.635268 -5.974528 -6.120495 -6.096487 -5.795724 -5.226517 -4.771448 -4.695521 -4.991657 -5.463816 -5.467129 -4.709095 -3.367574 -1.890917 -.889594 -.4290649 -.2010049 .1577133 .6554868 1.206153 1.738848 2.234824 2.673651 2.782033 2.153073 1.00185 -.370944 -1.603897 -2.663312 -3.867887 -5.037826 -5.556973 -5.317118 -4.664245 -3.620199 -2.21317 -.6397268 .9101583 2.108651 2.930357 3.402253 3.500587 3.478476 3.343789 3.255596 3.188154 3.177188 3.225232 3.434637 3.807728 4.93438 6.644373 8.069413 8.467056 7.634709 6.206526 4.304987 2.280178 .5211706 -.8147948 -1.486733
-6.870743 -6.880882 -6.632949 -6.123737 -5.334539 -4.392985 -3.733755 -3.536154 -3.805727 -4.42607 -5.006207 -4.917751 -4.029963 -2.603172 -1.420385 -.8690875 -.7653944 -.6001152 -.09263872 .8122847 1.767617 2.572136 3.203112 3.428977 2.838954 1.662419 .2677559 -.9936795 -2.009106 -3.135475 -4.457488 -5.396559 -5.37388 -4.627315 -3.404705 -1.783482 .02841842 1.697664 2.941956 3.638268 3.815518 3.696849 3.542758 3.367712 3.158475 3.04079 3.015109 3.141972 3.566374 4.295868 5.489322 6.992893 8.095229 7.974588 6.826053 5.235512 3.571372 2.065957 .6559998 -.8251564 -1.861342
-8.191495 -7.982803 -7.287807 -6.249403 -4.857221 -3.524289 -2.729206 -2.48665 -2.738636 -3.384212 -4.165064 -4.650793 -4.417652 -3.39322 -2.070318 -1.126486 -.8406443 -.8384436 -.5040873 .3493659 1.493239 2.504985 3.337947 3.681976 3.305279 2.398663 1.11953 -.1120227 -1.335428 -2.572096 -3.992208 -5.124843 -5.330295 -4.519438 -3.166195 -1.387248 .521252 2.273033 3.452038 4.038617 4.056559 3.815979 3.546225 3.275101 2.946579 2.765306 2.698198 2.856172 3.428229 4.420835 5.838115 7.039881 7.438992 6.776158 5.63999 4.375504 3.394578 2.581699 1.522999 -.04737702 -1.544076
-9.272208 -8.903273 -7.85654 -6.312909 -4.525201 -2.839741 -1.865264 -1.523248 -1.788187 -2.471635 -3.363147 -4.162971 -4.494066 -4.006634 -2.705202 -1.393648 -.7008435 -.6320593 -.4990192 .176497 1.193987 2.165468 3.025787 3.453026 3.3531 2.831865 1.967699 .8000473 -.5119629 -1.896347 -3.222988 -4.452005 -4.888395 -4.392915 -3.000425 -1.199384 .6970345 2.370961 3.478104 4.040065 4.094364 3.875244 3.576446 3.16894 2.699652 2.405722 2.295467 2.477874 3.166605 4.397575 5.742173 6.413082 6.239882 5.326406 4.532358 3.930532 3.495621 3.087822 2.358984 1.025923 -.7374974
-9.951766 -9.393789 -8.064096 -6.25264 -4.293523 -2.581837 -1.364281 -.7993305 -.996831 -1.614152 -2.542879 -3.501737 -4.181285 -4.152379 -3.178894 -1.720092 -.6596283 -.2087777 -.04567207 .3297021 .9472417 1.733981 2.526086 2.839412 2.947012 2.793997 2.278405 1.378748 .2372053 -.8389152 -1.978828 -3.080307 -3.84293 -3.755003 -2.866345 -1.311956 .416315 1.972481 3.1631 3.814889 4.129045 3.985642 3.734 3.288284 2.76781 2.270394 2.12198 2.302813 2.957522 4.118671 5.083006 5.17926 4.592536 3.967093 3.697359 3.606517 3.500006 3.350477 3.047421 2.099034 .4288826
-10.12591 -9.454886 -7.997632 -6.073339 -4.183219 -2.600959 -1.292932 -.6078404 -.5431458 -.9756445 -1.745853 -2.592838 -3.340586 -3.701699 -3.279008 -2.078928 -.7623039 .1307217 .555169 .7358379 1.044182 1.554254 2.044945 2.280219 2.233084 2.188123 1.877507 1.33418 .5572251 .006776819 -.6290127 -1.410415 -2.146897 -2.494523 -2.30338 -1.33425 -.01667316 1.347567 2.511698 3.439829 3.893477 3.917508 3.705838 3.343238 2.943572 2.625269 2.431609 2.496419 2.983812 3.697641 3.934663 3.447394 2.930856 2.774727 2.93241 3.177745 3.344267 3.434085 3.395025 2.870047 1.625847
-9.769855 -9.144258 -7.749786 -5.850311 -4.088824 -2.693348 -1.542566 -.7448688 -.391963 -.5009198 -1.000642 -1.651136 -2.329923 -2.854452 -2.920998 -2.239619 -.9844757 .1561379 .9231862 1.227995 1.346583 1.557954 1.767802 1.751923 1.609292 1.380755 1.074407 .7517676 .5478791 .3520879 .02797915 -.3240977 -.6406202 -.9018663 -1.022048 -.7812519 -.1025565 .8931152 1.941026 2.93473 3.414217 3.556332 3.401927 3.202051 3.08686 3.066936 3.047031 3.130421 3.298642 3.258484 2.737028 1.875525 1.270222 1.466067 1.968389 2.437261 2.852466 3.270298 3.468757 3.309698 2.515712
-8.931427 -8.468457 -7.303264 -5.624632 -4.069629 -2.928502 -1.956911 -1.061828 -.3940292 -.08414093 -.09408674 -.5013297 -1.124757 -1.763039 -2.173538 -2.003242 -1.088462 .02282868 .9414542 1.43307 1.616646 1.694709 1.657701 1.450091 1.099612 .6584457 .3508894 .1630479 .3718513 .4602489 .3467078 .2284857 .2636984 .2985668 .2871339 .2294956 .4679028 .9381219 1.654896 2.480429 3.013494 3.1365 3.026679 2.991455 3.143011 3.31114 3.637852 3.822302 3.762035 2.99425 1.891277 .8228419 -.02314073 -.07531498 .6534529 1.337466 1.923174 2.580578 3.096104 3.416166 3.193005
