py_wake/examples/data/AJ_ParqueFicticio/Rough survey   Sector All   Height 200m   Weibull-A.grd
DSAA
73  159
 258469   265669
 6501692   6517492
 7.03999   12.41252
[rows 28 to 55 of 159, columns 0 to 62 of 73]
9.063645 9.066698 9.06828 9.070377 9.074902 9.08221 9.089006 9.096536 9.098002 9.108868 9.123437 9.141036 9.154119 9.164127 9.170677 9.17598 9.183909 9.189994 9.19243 9.190437 9.178933 9.165563 9.167442 9.16467 9.153369 9.121537 9.083824 9.053258 9.045443 9.03192 9.010837 8.986918 8.928319 8.841809 8.806345 8.845303 8.871105 8.856561 8.843102 8.7743 8.72035 8.736954 8.807949 8.930286 9.064215 9.173383 9.252105 9.366219 9.521836 9.685312 9.846527 10.05329 10.30561 10.49434 10.55198 10.64819 10.77937 10.74625 10.43128 9.983141 9.552877 9.214113 8.994723
9.05649 9.061811 9.066918 9.069824 9.074576 9.080321 9.086379 9.094369 9.099941 9.10957 9.121279 9.136054 9.149603 9.160767 9.168059 9.17487 9.181243 9.189547 9.193321 9.191291 9.180346 9.161767 9.155127 9.152994 9.144265 9.120794 9.088662 9.066014 9.051777 9.041423 9.025732 8.995341 8.932008 8.851563 8.823296 8.858209 8.867973 8.858219 8.84433 8.796012 8.739712 8.735226 8.795739 8.884486 9.003924 9.140789 9.271355 9.427986 9.628776 9.845912 10.04855 10.26968 10.52151 10.75042 10.85839 10.92268 10.95301 10.79169 10.4008 9.930019 9.507414 9.203274 9.078824
9.046647 9.052026 9.058772 9.064702 9.068243 9.075503 9.082585 9.08783 9.096819 9.103142 9.113463 9.121879 9.131258 9.144065 9.15333 9.166553 9.178315 9.187288 9.190279 9.189791 9.178417 9.163626 9.150136 9.144184 9.133492 9.116491 9.097688 9.075828 9.056738 9.045836 9.026789 9.004265 8.940586 8.860224 8.833455 8.847023 8.854713 8.850884 8.847437 8.824151 8.768642 8.743622 8.787119 8.868276 8.96622 9.093192 9.254703 9.459881 9.704263 9.970559 10.23045 10.49137 10.74781 10.98157 11.13172 11.17501 11.09222 10.77933 10.30683 9.814878 9.420632 9.200992 9.234093
9.038637 9.043382 9.049352 9.05611 9.059836 9.068281 9.074122 9.079534 9.085235 9.093228 9.099397 9.107397 9.114604 9.124387 9.1407 9.157531 9.174595 9.186255 9.187951 9.183863 9.173227 9.161124 9.146976 9.134287 9.124738 9.114109 9.098092 9.082542 9.058102 9.04001 9.025278 9.002003 8.941448 8.876401 8.852583 8.841878 8.833123 8.828247 8.832195 8.835325 8.799617 8.769317 8.787436 8.858431 8.961587 9.079487 9.231369 9.43627 9.68852 9.975699 10.28237 10.60045 10.90663 11.16832 11.34926 11.37574 11.18321 10.75198 10.21256 9.711795 9.357716 9.247983 9.41908
9.028518 9.035266 9.042733 9.049441 9.054127 9.062915 9.06751 9.071371 9.075872 9.082509 9.087663 9.094016 9.097271 9.102518 9.120467 9.142076 9.165474 9.182622 9.184511 9.173985 9.165279 9.155268 9.142145 9.129148 9.118811 9.103558 9.091568 9.080005 9.058026 9.031172 9.01807 8.992602 8.940676 8.890244 8.861573 8.851408 8.829339 8.800081 8.8072 8.828012 8.830847 8.796514 8.795013 8.842994 8.945125 9.095248 9.264815 9.436525 9.640015 9.898929 10.20393 10.5492 10.90812 11.23065 11.47178 11.5026 11.24658 10.74826 10.1808 9.68396 9.379801 9.376563 9.638331
9.029657 9.033005 9.038995 9.04669 9.054753 9.061809 9.066286 9.070919 9.074221 9.077264 9.080787 9.08463 9.08577 9.087152 9.105948 9.128563 9.155052 9.172246 9.173703 9.167481 9.157234 9.148128 9.135622 9.123654 9.112202 9.098424 9.080708 9.07356 9.056788 9.029603 9.011204 8.985534 8.942895 8.89855 8.867426 8.857775 8.837657 8.786264 8.791368 8.818893 8.845649 8.850852 8.830125 8.834908 8.912342 9.066699 9.269541 9.469799 9.6652 9.897055 10.17987 10.51056 10.85913 11.20299 11.49067 11.58441 11.29841 10.79567 10.22591 9.755603 9.490692 9.550408 9.868885
9.035186 9.037199 9.041195 9.045697 9.050825 9.056369 9.061556 9.06686 9.072449 9.07588 9.079207 9.080828 9.084368 9.085989 9.100355 9.125826 9.149781 9.162959 9.160261 9.152935 9.143003 9.1305 9.120667 9.111399 9.101063 9.088077 9.073916 9.06149 9.047769 9.030711 9.007411 8.982182 8.950411 8.905735 8.862679 8.84119 8.840783 8.801977 8.78122 8.804118 8.856947 8.903861 8.913746 8.892545 8.900126 9.025634 9.238133 9.47282 9.714183 9.981247 10.28508 10.61636 10.93742 11.25031 11.51287 11.6234 11.38417 10.9101 10.3657 9.91866 9.695122 9.786741 10.0944
9.027548 9.033092 9.038465 9.045379 9.048624 9.051992 9.057694 9.061529 9.064572 9.068389 9.069336 9.072877 9.075727 9.080336 9.097078 9.116539 9.136423 9.149235 9.139253 9.126312 9.115308 9.105089 9.100056 9.094178 9.090301 9.079738 9.066415 9.053945 9.039072 9.022649 9.001589 8.976112 8.952007 8.915458 8.86737 8.823255 8.820585 8.816582 8.786505 8.804646 8.883085 8.96705 9.028123 9.025718 8.974716 9.023748 9.213694 9.480178 9.763431 10.06824 10.39544 10.7671 11.10726 11.38743 11.60664 11.69448 11.50028 11.05464 10.52733 10.11158 9.963757 10.08562 10.33724
9.014166 9.021453 9.028707 9.039161 9.048187 9.056684 9.058103 9.059357 9.061028 9.062609 9.062604 9.061809 9.061929 9.066436 9.082617 9.1009 9.115346 9.118823 9.108778 9.089536 9.081679 9.077244 9.076431 9.080985 9.080608 9.072609 9.060979 9.045544 9.030337 9.014298 8.997458 8.972394 8.946286 8.922616 8.879032 8.828752 8.803054 8.810891 8.804574 8.846678 8.955632 9.092844 9.203657 9.230945 9.156713 9.079627 9.189817 9.449202 9.768787 10.09842 10.44057 10.81987 11.18947 11.49684 11.71317 11.79488 11.60295 11.15984 10.65681 10.31425 10.27878 10.42509 10.61211
8.993268 9.003786 9.016319 9.029023 9.038666 9.049676 9.055886 9.059184 9.060597 9.058383 9.057279 9.056318 9.050865 9.052988 9.065205 9.076297 9.082805 9.07938 9.071727 9.05107 9.043157 9.046366 9.053845 9.065361 9.070746 9.061867 9.050962 9.034492 9.020932 8.999975 8.98679 8.971399 8.949184 8.929106 8.895853 8.838649 8.776392 8.780493 8.805897 8.867451 9.022278 9.232326 9.415925 9.496873 9.433553 9.2683 9.215756 9.385266 9.670568 9.990428 10.33587 10.70234 11.09454 11.45358 11.73505 11.85678 11.67843 11.25161 10.77835 10.52427 10.5665 10.73085 10.87202
8.986405 8.997466 9.010774 9.021819 9.028245 9.033772 9.038194 9.044995 9.054118 9.059406 9.06205 9.056094 9.049925 9.045207 9.05013 9.054574 9.056503 9.052873 9.046645 9.02936 9.007621 9.020065 9.037202 9.048315 9.055891 9.047335 9.037385 9.022496 9.004421 8.984529 8.968451 8.964654 8.95288 8.932833 8.905835 8.850911 8.762479 8.747242 8.785388 8.878272 9.058957 9.317157 9.584074 9.75313 9.744057 9.566822 9.399629 9.419246 9.579281 9.840201 10.17384 10.53618 10.93364 11.33012 11.67643 11.85844 11.74663 11.35267 10.92618 10.71793 10.76141 10.91961 11.00392
8.990329 9.00396 9.016518 9.026143 9.033288 9.036493 9.035121 9.042592 9.051834 9.061152 9.067373 9.064745 9.056561 9.047169 9.045466 9.046049 9.048336 9.049347 9.046451 9.0292 9.006597 9.008657 9.022978 9.036384 9.038057 9.032349 9.021536 9.008171 8.994549 8.974285 8.959711 8.954399 8.947784 8.931972 8.906108 8.85533 8.770073 8.734494 8.768864 8.888776 9.089563 9.365384 9.666262 9.915635 10.01241 9.887046 9.705456 9.649519 9.690209 9.854196 10.15992 10.51464 10.88769 11.2775 11.63863 11.86984 11.82621 11.48989 11.1013 10.87447 10.83642 10.8855 10.91353
8.98914 9.003739 9.017658 9.028999 9.039294 9.043569 9.043056 9.046322 9.052485 9.061063 9.065452 9.066204 9.056515 9.047208 9.040088 9.037496 9.038908 9.039762 9.041336 9.032912 9.017564 9.010398 9.008976 9.012834 9.014056 9.0041 8.998131 8.991445 8.982809 8.970535 8.959991 8.95376 8.943993 8.931936 8.91046 8.85869 8.777948 8.722001 8.76441 8.910023 9.137482 9.418837 9.71758 9.996194 10.17263 10.15188 10.00726 9.938418 9.943713 10.04521 10.2918 10.61329 10.9717 11.33563 11.66622 11.90325 11.90836 11.64129 11.2854 10.96872 10.74254 10.65037 10.61916
9.005127 9.012079 9.019278 9.023254 9.027054 9.030002 9.032875 9.038808 9.046632 9.050949 9.049648 9.048157 9.034229 9.021463 9.016969 9.018569 9.020415 9.022832 9.023698 9.020899 9.021882 9.017963 9.011084 8.995438 8.978799 8.968037 8.972742 8.975964 8.973492 8.965302 8.957162 8.954585 8.946236 8.936399 8.918005 8.875649 8.783384 8.7086 8.766308 8.92432 9.16633 9.44317 9.729391 10.01153 10.22385 10.28587 10.20266 10.13985 10.17151 10.27142 10.45876 10.72965 11.04593 11.37561 11.68084 11.92053 11.9737 11.77763 11.41176 10.9883 10.60394 10.36526 10.24881
9.024978 9.029475 9.03366 9.030561 9.018425 9.016933 9.018153 9.021626 9.027622 9.03239 9.028703 9.022828 9.009083 8.998395 8.997967 9.002023 9.003617 9.002958 9.000629 9.001343 9.006795 9.013955 9.019273 9.007044 8.972056 8.950199 8.951232 8.957221 8.958882 8.951689 8.947635 8.944648 8.942137 8.938822 8.923556 8.888531 8.80756 8.730075 8.768224 8.902865 9.116495 9.364977 9.623383 9.897572 10.11613 10.21073 10.17486 10.123 10.20207 10.33654 10.52007 10.74624 11.00932 11.29879 11.5997 11.86139 11.98029 11.84237 11.48348 11.00688 10.52864 10.14233 9.91604
9.034849 9.044381 9.054062 9.057278 9.032641 9.004617 8.994244 9.004571 9.018155 9.027291 9.031406 9.01874 9.004498 8.994329 8.991116 8.990851 8.989598 8.983388 8.975523 8.972674 8.982812 8.99745 9.011093 9.006972 8.980006 8.955251 8.944018 8.940047 8.935287 8.928875 8.930831 8.931297 8.930187 8.930264 8.921213 8.890626 8.825489 8.752635 8.747665 8.837323 8.998597 9.214446 9.453103 9.702219 9.895141 9.980696 9.966588 9.956843 10.04996 10.21074 10.39376 10.60072 10.84807 11.13037 11.46533 11.77223 11.93067 11.81852 11.46586 10.99726 10.51118 10.06438 9.731927
9.035237 9.046755 9.060273 9.069871 9.055061 9.017897 8.987355 8.989945 9.008463 9.025577 9.0391 9.031679 9.008309 8.992507 8.986444 8.98354 8.977276 8.966497 8.957422 8.945295 8.953815 8.969809 8.982662 8.978741 8.959297 8.940336 8.930937 8.925986 8.922235 8.910031 8.908598 8.917795 8.918124 8.916773 8.912726 8.886631 8.837231 8.779865 8.751571 8.787931 8.894278 9.08951 9.30528 9.496489 9.651937 9.734431 9.770507 9.809032 9.917529 10.08259 10.25231 10.44904 10.71516 11.05107 11.41979 11.73488 11.85045 11.69042 11.36887 10.94251 10.49594 10.07097 9.710437
9.034704 9.046766 9.059588 9.069228 9.07027 9.040839 9.011329 9.003915 9.01001 9.021795 9.033316 9.027535 9.013137 8.999335 8.989214 8.981891 8.972574 8.962391 8.948083 8.932527 8.934817 8.946965 8.950852 8.942913 8.922377 8.911389 8.909081 8.901858 8.886654 8.869973 8.867214 8.883298 8.885734 8.87708 8.889429 8.871867 8.832177 8.793853 8.787281 8.797325 8.860764 9.008822 9.183024 9.339348 9.50526 9.643369 9.760086 9.86001 9.971615 10.11404 10.27989 10.48173 10.75954 11.12102 11.48176 11.74533 11.76231 11.52194 11.18368 10.82268 10.47478 10.1357 9.822906
9.026731 9.044622 9.062792 9.072231 9.073615 9.064265 9.045529 9.038646 9.035123 9.022557 9.022302 9.015505 9.003493 8.993993 8.98493 8.973645 8.964684 8.95767 8.949424 8.937933 8.937162 8.945145 8.94884 8.938161 8.910779 8.897009 8.89259 8.878191 8.855931 8.827763 8.820191 8.832428 8.824635 8.821158 8.846158 8.840596 8.809059 8.782209 8.789802 8.834898 8.898932 9.000315 9.14616 9.331863 9.53299 9.718172 9.857355 9.978669 10.0974 10.23927 10.41439 10.65147 10.93398 11.25511 11.54842 11.73121 11.66854 11.39265 11.01349 10.65917 10.37263 10.12961 9.912443
9.015754 9.032771 9.046507 9.061742 9.068189 9.072927 9.071847 9.070707 9.070962 9.044665 9.006616 8.996775 8.982306 8.969814 8.959135 8.9525 8.950111 8.949182 8.948854 8.939834 8.942908 8.945706 8.951314 8.944159 8.915096 8.893677 8.876405 8.858403 8.834626 8.81366 8.79601 8.79654 8.78703 8.774874 8.795502 8.794887 8.773913 8.760753 8.772679 8.831114 8.920058 9.035985 9.186151 9.360717 9.557892 9.740396 9.86223 9.963917 10.08241 10.24945 10.48423 10.78738 11.09872 11.35771 11.52499 11.56657 11.508 11.2911 10.95906 10.60453 10.29333 10.04429 9.857799
9.010842 9.022886 9.033368 9.043881 9.059613 9.072183 9.082323 9.090576 9.093294 9.067488 9.012638 8.976458 8.956532 8.935423 8.929178 8.930626 8.933085 8.931889 8.927351 8.922292 8.924169 8.925545 8.925365 8.917118 8.894133 8.867821 8.854774 8.843352 8.83396 8.822733 8.81723 8.819331 8.801452 8.771286 8.783091 8.781752 8.760372 8.744456 8.744138 8.79578 8.883003 8.995069 9.131213 9.297373 9.470136 9.624554 9.746201 9.870551 10.05106 10.28717 10.57128 10.8773 11.16138 11.33314 11.37338 11.31644 11.23992 11.10803 10.89616 10.65914 10.3739 10.06988 9.81228
9.018684 9.029314 9.033931 9.036609 9.054341 9.074476 9.090241 9.099959 9.095589 9.075606 9.028317 8.972926 8.934938 8.914651 8.911163 8.922665 8.927022 8.919 8.904914 8.894431 8.896476 8.902057 8.900944 8.893782 8.880219 8.853395 8.848503 8.850023 8.841966 8.834949 8.828673 8.82964 8.825855 8.804119 8.800766 8.796609 8.766656 8.731593 8.713204 8.737192 8.805202 8.892122 9.007201 9.143443 9.298697 9.472927 9.648809 9.875094 10.12848 10.41667 10.71255 10.95724 11.11504 11.18098 11.1512 11.0289 10.91152 10.80792 10.68525 10.61322 10.47795 10.22611 9.940812
9.018551 9.036282 9.050773 9.050378 9.061484 9.082006 9.100257 9.106704 9.09893 9.078513 9.035001 8.98695 8.93813 8.919259 8.91807 8.926572 8.936648 8.934505 8.910067 8.888651 8.891302 8.895753 8.900427 8.898828 8.890805 8.882061 8.875247 8.8684 8.863802 8.856165 8.839075 8.821712 8.80449 8.797219 8.801367 8.79276 8.751158 8.710314 8.689366 8.698291 8.741035 8.815281 8.923112 9.041091 9.203522 9.420826 9.662893 9.934895 10.22391 10.51675 10.78987 10.96982 10.97734 10.9541 10.92984 10.79743 10.62996 10.50111 10.38775 10.38704 10.43291 10.36635 10.1621
9.009778 9.032769 9.052369 9.063595 9.073201 9.089286 9.107185 9.10995 9.099338 9.079192 9.040877 8.997901 8.956573 8.932929 8.927915 8.927147 8.929628 8.934827 8.925365 8.915005 8.912905 8.909392 8.906921 8.905735 8.907402 8.910929 8.909098 8.899611 8.88951 8.889393 8.878675 8.844906 8.794664 8.779723 8.794254 8.774991 8.724703 8.692895 8.67875 8.677694 8.711295 8.780717 8.890664 9.029819 9.208724 9.44463 9.704252 9.971988 10.24338 10.51505 10.75562 10.89462 10.81946 10.71212 10.70803 10.65709 10.47095 10.26653 10.10675 10.08987 10.20665 10.32124 10.29377
9.004151 9.027516 9.048568 9.065308 9.078507 9.0903 9.1006 9.104342 9.09514 9.078591 9.046498 9.007123 8.976732 8.954412 8.94318 8.931179 8.914778 8.909722 8.916037 8.923897 8.93388 8.933564 8.919653 8.915595 8.92351 8.93088 8.933557 8.9301 8.929663 8.933237 8.931017 8.894289 8.844002 8.825377 8.836941 8.803443 8.744287 8.710112 8.699154 8.70268 8.708567 8.743194 8.846816 8.991006 9.185626 9.430476 9.686446 9.923414 10.17236 10.42874 10.67889 10.80528 10.67834 10.48755 10.46652 10.53895 10.44691 10.20591 9.937968 9.826371 9.931513 10.11549 10.22935
9.009655 9.031657 9.050451 9.068227 9.083449 9.095118 9.098528 9.095289 9.086534 9.07287 9.050101 9.019697 8.990429 8.971623 8.961946 8.948989 8.921856 8.900787 8.90309 8.914061 8.926291 8.941291 8.933988 8.931437 8.938746 8.947849 8.947311 8.953905 8.968807 8.981091 8.97949 8.953537 8.912715 8.921802 8.945308 8.925401 8.86573 8.803301 8.770204 8.795522 8.793733 8.783667 8.835247 8.951271 9.131626 9.353891 9.587568 9.808019 10.05411 10.32343 10.58298 10.7073 10.55753 10.30492 10.23202 10.36029 10.44135 10.27857 9.954344 9.686075 9.689938 9.872748 10.06756
9.024102 9.042193 9.056568 9.073789 9.090071 9.102444 9.100318 9.092951 9.083935 9.070458 9.054558 9.031054 9.003193 8.979495 8.967471 8.961401 8.936802 8.91528 8.912513 8.910175 8.905013 8.9034 8.915845 8.92797 8.942527 8.953437 8.956144 8.966237 8.993591 9.037539 9.055048 9.031796 8.989646 9.012017 9.058913 9.081013 9.037323 8.947314 8.866012 8.89687 8.92861 8.924536 8.923841 8.975117 9.108012 9.286853 9.479668 9.687099 9.938892 10.2012 10.43191 10.55114 10.43334 10.15319 10.0212 10.16331 10.35618 10.33711 10.02863 9.681961 9.518953 9.667381 9.931546
9.032725 9.053672 9.0706 9.086801 9.098826 9.103408 9.099756 9.091102 9.08023 9.068258 9.055814 9.037164 9.016343 8.987308 8.962372 8.955256 8.950636 8.938098 8.934192 8.933369 8.910824 8.884636 8.898174 8.917656 8.933499 8.945104 8.951528 8.967703 9.016072 9.094214 9.157809 9.153108 9.092556 9.111701 9.161885 9.221524 9.207105 9.104253 8.986683 8.980405 9.052776 9.076717 9.080256 9.084025 9.13797 9.273993 9.421152 9.579992 9.783732 10.0091 10.23864 10.38635 10.29092 10.0191 9.849732 9.995225 10.24426 10.30953 10.05021 9.693051 9.444557 9.515583 9.800107
