py_wake/examples/data/AJ_ParqueFicticio/Rough survey   Sector 12   Height 200m   Power density.grd
DSAA
73  159
 258469   265669
 6501692   6517492
 114.8835   743.9581
[rows 112 to 139 of 159, columns 0 to 62 of 73]
608.5657 586.8981 558.2679 528.9458 495.3309 457.7016 436.7467 426.812 424.6504 416.1022 406.3499 399.7001 386.7897 370.75 352.7454 330.5768 309.0464 294.9379 277.3823 267.3655 292.0323 330.8928 373.0736 416.7745 458.4804 493.6472 530.651 574.3715 624.8436 664.6746 693.778 702.511 684.3136 649.7741 601.4421 553.5928 513.541 492.2634 482.1693 473.0133 463.0348 446.3122 426.1507 401.2035 371.8366 343.9918 323.9808 312.0281 312.7381 332.5517 360.5988 386.0781 401.6942 408.0572 407.9344 401.1494 393.3558 380.0669 359.9388 331.1293 296.8257 268.9784 253.1564
669.6785 641.9907 611.6351 580.2092 548.7918 510.2008 475.225 467.9584 456.0798 445.5004 436.0961 427.9187 414.5577 398.1184 379.4564 359.7667 344.2962 324.0491 299.3194 280.1734 285.3423 303.3828 334.6324 377.3891 421.6395 462.877 499.4887 539.1736 584.4461 628.0331 665.0609 703.4825 728.5009 723.5348 690.6561 642.0574 587.7455 549.4091 529.6839 520.0801 513.7471 501.4338 478.579 445.8004 406.4219 368.1753 337.8432 317.5119 305.6935 309.7124 328.8167 352.6855 371.2421 387.1592 392.1468 392.1539 389.062 380.5323 368.1315 343.7164 309.2686 275.2581 251.2659
721.5794 689.9642 658.2547 628.4631 593.1669 559.0048 525.5182 504.771 491.6897 478.5587 468.835 460.4175 446.1058 428.9209 410.1093 404.1437 384.17 363.7079 338.4218 319.665 306.9806 302.6852 310.9819 338.7854 381.9549 424.1182 465.3156 505.441 544.7267 583.6212 620.7787 665.3207 711.6849 739.6708 743.9581 717.6079 668.2579 619.5544 591.0179 579.9067 582.5145 574.9682 550.4097 511.8904 462.412 413.8855 372.5857 341.6472 321.148 312.0297 318.2401 333.2292 351.2252 369.17 377.6171 380.9749 380.7281 377.3003 370.8124 355.9875 330.4402 295.4243 264.6731
725.9241 705.6373 680.6584 651.9935 618.2198 580.879 550.2164 530.9082 519.3185 507.6709 498.9025 492.7054 481.4753 467.2291 477.2588 470.404 453.547 435.9989 413.8275 392.6973 367.6958 339.6752 318.4543 318.923 344.1121 381.0069 424.6812 467.7318 505.3503 534.4728 569.9793 609.5619 654.7991 694.8763 723.7977 732.1721 711.4667 672.4386 642.176 637.0403 643.9714 647.6622 631.2775 593.1351 539.5975 480.3273 425.5819 382.0861 353.3796 335.8505 331.1108 334.439 344.0524 356.5207 366.0981 371.6222 371.3168 370.7917 366.07 358.5817 341.659 314.0872 285.0565
664.8577 660.3549 645.1161 626.0904 595.5994 567.0341 546.2411 537.0433 529.8505 523.582 521.5768 519.6837 522.5767 546.1613 548.3118 537.8624 523.9813 511.6072 499.3887 479.4299 447.7716 406.8529 364.9843 331.7341 325.9153 350.9414 389.0471 429.578 463.471 492.4701 524.23 556.2519 594.22 632.9572 668.6762 692.5827 692.1476 674.3398 653.1995 643.5206 655.1069 670.4939 673.7414 649.8781 603.8364 546.0858 486.1965 433.8583 394.0135 367.3688 354.167 348.9092 349.6786 353.6684 359.2972 362.3511 362.8077 360.9056 358.9017 353.4413 343.8761 323.4945 300.3875
547.0811 551.0543 549.6692 538.9079 534.6504 532.2096 527.2261 523.2428 518.8809 519.8374 523.243 528.3474 569.1301 593.3438 596.8778 583.5328 562.0136 549.8613 540.7997 525.5203 501.4823 471.0041 426.3052 377.8481 343.3914 339.6387 366.9319 403.0441 435.4523 464.1218 488.4648 513.92 549.4353 583.5168 613.7712 630.7341 628.5364 606.6563 586.5831 584.1979 599.8508 623.5331 641.3513 635.7416 611.0297 572.0574 523.3695 472.5562 428.7954 398.0811 378.1515 367.869 361.9232 359.297 358.0803 357.638 356.7803 352.2396 346.3098 342.1314 336.5791 324.0441 304.3384
434.3122 447.2104 459.6907 470.8932 483.5027 489.6837 493.2714 492.1075 494.6517 495.4994 496.6812 504.5798 553.3879 581.2252 592.4782 580.8025 554.0704 528.6357 519.1124 510.1328 500.4256 483.2489 459.8413 423.7806 380.806 353.3259 356.2197 380.1918 413.3444 439.8037 460.8172 478.9108 507.9948 532.0429 547.8787 549.4661 532.4614 502.6882 483.767 485.3735 502.4247 530.986 557.5775 566.6115 558.6086 540.1866 514.7208 478.4548 444.4298 414.1515 394.374 381.6537 374.8479 370.2424 365.5056 362.4597 357.0807 350.9758 341.2251 330.2565 322.1154 312.2642 295.9584
371.9083 386.3227 402.7301 421.6688 434.4196 445.8733 453.7277 463.8297 472.151 470.9056 465.1079 470.8234 485.4188 512.0379 526.8822 527.732 508.6793 486.0859 467.1228 454.4463 449.8505 443.6525 441.6146 434.4769 409.6911 382.5922 366.2604 367.9312 389.2831 414.5666 432.0274 447.7027 465.048 476.6135 480.6543 467.2126 455.6644 451.6213 425.3887 403.7698 415.8424 440.8493 469.7673 489.6017 492.7642 486.72 475.2266 457.7165 435.624 412.6129 394.566 385.0816 380.0313 376.6326 373.3034 369.5963 362.1706 355.236 344.2967 331.0831 315.06 302.3769 289.5683
349.7676 359.005 373.4727 385.2852 397.4667 408.8672 421.0994 436.3675 452.4997 458.9627 456.9482 443.8498 432.9372 431.436 440.4193 453.0261 457.0537 445.1189 423.6872 415.25 404.2118 397.2789 397.1487 404.6612 407.8624 395.25 376.6064 363.0598 365.5074 382.4069 399.0771 414.105 427.5252 429.5298 423.452 408.213 420.2733 425.8814 409.6093 384.382 377.1169 385.0786 405.8946 431.2388 443.7227 443.8921 439.4852 429.9294 416.8626 401.4696 386.2688 377.2113 374.546 373.5978 371.5748 367.5043 362.0426 352.3388 344.6145 333.0111 317.618 302.8109 291.605
361.224 362.2155 362.6033 366.9196 372.9557 382.8923 394.2699 409.1599 427.6419 454.8584 463.1336 447.0756 422.4714 404.329 400.636 408.6513 419.8761 422.4534 417.5275 395.6741 381.9012 370.8354 360.8358 363.6476 373.3136 378.5856 369.9701 355.2462 345.9118 352.2324 367.5083 384.8176 395.9498 397.0079 382.8714 385.7459 399.1316 408.9236 405.5447 388.8809 376.9147 369.6852 372.6791 389.8816 405.9296 418.4837 419.9266 416.6075 407.3873 395.3715 381.4931 370.3253 364.5407 363.8135 361.9198 360.2597 354.0199 346.7797 340.0626 332.219 323.7218 312.4846 305.5131
385.457 377.2248 367.4205 361.7058 361.7414 364.6134 373.2602 383.9963 406.2254 437.3936 467.2307 469.4524 447.6418 421.7438 397.7901 387.5523 390.536 399.1527 398.2138 388.9487 368.5449 356.4928 343.4594 334.9257 337.6494 345.7733 349.4609 345.4748 333.9381 331.6855 342.7892 362.2447 376.2355 380.6719 364.0325 376.8182 389.3961 394.191 397.1854 390.0641 385.3198 374.9046 363.4683 362.6341 374.7876 391.7704 402.0822 408.2087 404.4792 394.9019 383.7631 370.2643 361.4419 354.2499 350.2426 345.314 340.5154 337.458 335.323 333.9412 332.2327 328.8801 326.5172
415.2762 400.9239 383.1156 369.9828 360.6408 356.3023 354.9275 360.282 374.5334 404.1175 446.9071 474.796 478.8338 460.9712 435.7314 412.6324 405.1357 397.05 390.894 382.4879 369.4077 353.9504 343.5306 333.4767 328.9928 327.7756 325.295 324.0531 320.8828 318.4864 326.5211 346.9592 364.6733 369.3904 360.1412 373.7083 381.8488 383.4052 383.227 377.667 378.4485 377.8313 364.3518 353.5486 354.3086 363.4384 378.2875 387.1902 394.7314 394.0292 388.7332 377.776 367.4155 354.4289 342.3586 333.2227 324.9223 323.9705 326.3552 332.8638 340.1949 341.6863 339.4309
430.088 420.1315 403.6796 386.4614 371.1318 357.9633 342.1023 337.7021 338.7539 358.2751 400.6396 443.6649 474.3495 483.2081 477.046 467.0908 453.0772 440.2537 427.3957 413.7194 402.9449 397.0417 383.659 366.2313 353.1351 338.4005 324.5141 313.7725 305.6833 305.0567 312.1063 333.5135 353.0648 355.5482 354.0004 368.5736 375.6266 376.1691 370.1577 360.7723 358.0126 367.185 365.6961 356.1497 350.0884 351.5659 352.609 360.1167 368.9156 381.6073 384.6869 379.0793 369.6159 356.0938 343.4865 329.6952 316.9798 312.7971 314.4449 323.1469 334.3646 341.5056 343.5882
420.7521 424.0597 417.5689 402.1345 384.9302 366.5537 348.5116 327.9088 313.0373 317.3651 347.3574 389.4196 431.8304 461.9941 481.6021 494.3209 505.6506 511.2253 509.4346 500.5997 492.6389 479.0027 454.8013 427.0749 399.0445 373.3161 355.0167 334.6134 317.9662 305.4157 302.6402 316.9943 331.7991 331.7289 340.8262 358.907 368.4352 369.4798 361.0927 351.0466 343.562 349.9602 352.0132 352.2491 350.2308 347.385 343.8068 340.728 340.9203 351.6387 360.6965 365.4179 361.8429 352.0699 338.96 324.4965 313.1294 307.3569 304.1342 304.346 317.1879 330.9977 338.0233
400.382 412.226 415.2803 409.887 398.3641 387.568 365.1735 336.4821 308.9179 293.4463 303.623 334.0318 375.8813 417.7049 441.8856 453.4205 477.1592 511.4485 539.5327 552.1767 550.0585 536.7019 515.0362 485.5726 449.1141 417.2024 389.8093 366.0955 342.1699 318.1046 302.7816 301.9395 308.2503 302.5168 323.0827 345.2758 359.9719 362.1972 354.3124 343.3753 334.3269 333.7055 333.3737 333.9054 335.4522 337.4088 336.1696 331.1749 328.143 324.6921 333.736 342.5906 347.7979 344.6193 332.9474 322.5526 314.2087 305.5241 297.0298 291.3369 298.5765 312.7785 323.8765
371.5128 389.6696 403.7733 411.1225 411.1635 403.431 386.6826 358.6972 324.5431 293.7952 280.8211 293.3471 328.9235 365.0188 393.7498 409.2476 416.2376 444.4891 483.3177 515.7466 531.0905 533.5739 526.7246 510.8355 477.1542 438.7079 403.1378 373.6885 349.1768 323.846 300.2997 289.2868 288.2842 282.0468 305.4751 328.0211 345.3534 352.193 347.2384 334.6028 324.1579 316.5257 315.5916 313.8561 317.0423 319.4824 324.0921 327.1962 326.9461 322.4657 325.4015 335.0677 345.7801 351.2518 346.2642 338.0061 327.0209 315.1404 300.0906 285.2414 282.6315 291.7256 302.4601
332.9993 358.153 381.4296 402.4685 409.527 410.8777 400.531 376.2527 342.6304 307.0773 280.0313 275.7953 291.6739 322.5636 355.2138 374.4835 374.8 380.4428 399.0081 433.2675 464.0922 486.1851 495.2751 492.854 468.3593 426.6935 383.7081 348.2118 325.6893 307.1454 285.9727 270.9326 263.6656 263.2257 284.272 305.6615 323.1011 334.173 335.5411 326.1051 314.375 304.3806 300.0058 297.0534 300.5873 304.9943 311.5329 319.9624 331.77 335.985 338.3302 344.5471 359.2256 372.5778 375.324 370.1612 360.1349 341.8938 314.911 287.6964 272.916 273.4449 280.2276
297.0268 322.5791 355.2802 380.7352 400.7109 410.4664 405.7663 385.2342 353.9673 318.6286 290.8808 271.0985 269.3857 291.1477 325.2687 351.8222 354.3462 347.1637 351.0534 365.5042 390.1092 424.7538 444.4492 451.4732 443.5024 409.8833 366.576 332.7593 299.0569 279.7144 263.2495 244.1067 227.5929 238.1911 257.4708 280.1007 298.0746 314.9063 322.2773 318.0008 309.8939 300.5801 292.9573 287.814 285.7417 292.8104 302.43 313.4052 326.9828 340.743 348.4773 355.9254 371.9531 388.2833 401.1571 401.3614 393.6234 375.3932 343.3962 307.1351 277.0707 266.3588 270.4966
279.2987 298.8727 328.5988 355.597 382.2012 405.4891 412.7837 397.5806 369.3437 339.3136 305.3857 278.0605 264.5725 272.6017 300.845 332.6069 345.2535 337.6411 327.6834 330.8318 344.3858 368.277 397.3714 412.7652 413.3741 396.5337 379.8196 350.5337 316.1813 279.6464 257.0994 228.565 213.9846 217.8566 233.842 256.0857 276.6092 299.1009 315.277 319.4673 314.7726 305.8934 296.864 288.7415 281.4129 282.8029 294.2782 306.6523 319.4423 334.39 346.1506 354.4672 371.9095 391.7512 409.6693 417.0661 414.8712 403.493 377.5608 342.0513 304.9617 278.3103 267.3279
276.0707 291.4809 312.0051 337.7286 364.2462 392.9552 417.5579 417.8816 402.3315 372.0252 335.172 300.9579 277.3237 268.0495 283.4957 315.0378 339.2379 339.863 328.2626 318.9674 321.0018 332.2387 356.7902 372.6725 379.8535 388.421 392.1972 376.9942 349.2299 317.0071 290.1233 253.3361 226.6638 216.419 222.1608 240.2016 261.3693 286.849 310.8389 323.5289 325.7115 320.2082 313.3018 305.459 296.0306 291.1131 293.9339 301.7094 310.4857 322.5834 332.1528 344.3868 361.2763 384.6747 405.1315 419.5118 424.3506 424.5698 414.8768 384.2224 341.0953 301.7516 276.8768
279.6253 283.4964 300.4435 324.6992 347.9532 375.8422 406.6222 426.1386 422.8837 398.3509 365.5653 329.0473 297.2233 276.5779 275.3561 298.088 326.9089 340.2632 333.7037 321.7231 313.72 315.8339 329.4374 340.542 351.4682 371.06 386.4146 389.651 370.1206 353.3342 336.3582 302.3596 266.4529 245.4508 233.5981 236.9194 253.802 275.1648 297.5482 317.425 328.4903 329.8939 326.7779 322.3505 316.5468 313.0207 307.0722 303.8985 304.9017 308.7187 314.272 322.7274 341.8445 367.5046 391.5564 411.6369 425.1244 432.8584 433.641 416.4532 378.5623 336.7567 301.5999
285.8596 280.4413 289.6579 310.6023 331.934 358.52 393.6989 417.8186 427.2648 413.9822 385.4544 349.5104 314.5237 287.4184 273.4443 282.2726 306.593 324.3145 329.9336 323.6915 313.5761 309.2682 313.1406 317.1535 330.9403 347.1872 362.2628 368.5226 364.2697 352.2305 351.5245 336.8021 310.9133 283.4948 263.5069 252.2378 252.5226 262.4772 280.3099 300.7874 314.4923 320.2617 322.978 324.1619 324.014 320.3146 318.012 312.2357 306.1961 298.6751 295.3648 298.0341 308.2809 333.8597 363.8054 389.2966 411.6651 430.4403 441.5455 439.562 413.8246 375.2025 335.3954
301.9167 286.7266 285.8387 299.5486 319.2499 348.2531 378.5951 407.056 427.3999 428.8369 409.8875 376.0574 337.0446 302.5515 278.224 272.0822 285.0578 301.9941 314.2724 317.2164 312.1497 305.8072 302.5927 305.4294 314.0835 323.8506 335.3554 341.5098 342.4193 337.3131 328.9082 326.5249 316.7539 304.8639 287.6795 270.9671 259.9143 259.4252 267.6901 283.4894 298.4918 304.6441 307.9037 310.6725 310.5299 310.0105 314.866 312.0138 305.413 291.5889 280.8447 276.9699 278.7957 295.0565 324.8458 354.818 383.1237 409.5108 432.4657 445.3155 437.3514 411.1339 375.3065
327.4501 305.4987 293.5008 298.1857 318.6084 339.2335 360.4959 383.9594 408.3181 422.5383 422.623 402.1732 368.7616 330.6676 297.1565 275.882 274.8065 284.4532 295.9008 304.5508 306.1239 303.2354 299.7723 300.9041 306.6693 312.6766 318.2612 318.4933 321.0227 320.3585 313.872 305.7951 301.4961 299.8599 293.2561 279.9703 268.7383 260.9116 262.0724 272.5725 285.0725 293.2775 294.7079 295.4509 296.1415 293.5406 297.6686 300.7364 297.4295 285.1263 271.3274 263.278 258.9862 264.6785 285.4285 313.7252 343.6174 374.3958 403.8179 428.0741 439.4787 431.3014 406.3598
352.5264 330.0983 310.238 306.9232 317.5874 332.0944 341.9038 354.1089 371.5168 387.9786 400.7688 402.6919 386.7651 360.2321 329.3038 300.226 282.0857 277.6695 283.0916 289.6416 294.5049 298.0808 298.0475 301.8434 308.6139 314.2759 314.4693 305.4955 303.3827 302.8521 301.8366 296.9648 289.6947 286.9092 285.2418 278.8162 271.0065 265.0694 262.5496 268.162 279.8909 288.3205 289.7296 288.4726 287.1967 285.2083 287.5446 295.0746 294.2877 286.6584 272.7942 259.0404 249.5158 246.1615 253.6236 272.553 297.6026 327.4937 361.9496 395.5504 420.9752 428.3516 418.1661
362.9928 345.312 325.0444 313.5372 316.4682 324.7831 329.1342 334.527 342.2089 349.671 360.6718 372.18 376.3943 366.9314 349.7784 325.2028 302.1027 286.3752 279.7521 279.4951 282.4442 287.4428 291.5787 300.5081 309.8511 317.9713 316.4468 302.8384 292.1182 286.2891 287.1993 288.2144 284.7961 279.4741 276.4715 274.3274 270.7217 266.2101 262.3451 266.1568 277.761 286.6406 290.8343 291.4136 289.4742 286.7947 293.5543 305.8979 307.5443 300.7801 283.6906 263.4886 245.8933 235.2889 233.3564 237.3954 253.5472 276.7403 308.1116 345.8319 381.154 405.445 412.4132
355.0947 346.1313 334.2838 318.7552 315.2569 319.8492 322.9446 327.2176 329.14 328.952 329.238 336.6227 345.8389 348.4599 345.0342 338.0392 321.9999 305.1281 291.2127 279.9681 274.6819 277.9387 280.7772 290.9721 305.1022 316.4771 316.8354 304.2909 289.9672 278.4357 275.5277 278.4325 281.5542 280.0261 276.5304 272.1987 268.91 264.3748 260.1845 260.6219 270.5444 280.5403 286.5459 290.1707 293.1273 292.4399 303.0184 311.149 313.0247 308.3814 295.0767 276.9782 254.7598 236.4959 226.1446 221.5564 222.8301 233.6811 255.2523 287.6693 326.8968 362.8331 387.514
340.3121 339.6558 332.3972 320.8467 316.9472 318.5597 322.5207 325.5012 328.8518 329.7442 323.0581 317.7044 320.6825 325.1104 327.1922 330.0562 327.2976 319.6688 311.2839 295.541 280.2656 273.3163 273.6506 283.4868 296.2482 310.7364 315.7304 307.2935 292.6808 279.5593 272.2249 271.326 276.0976 279.7352 277.9783 275.1175 270.4455 265.1225 259.8189 256.9682 261.9136 269.4055 277.5356 283.2337 287.5352 288.5088 294.1682 300.9458 305.9355 306.332 302.0794 292.9647 277.6131 257.1382 238.6432 223.6406 214.4209 211.0077 218.1584 239.571 272.4278 311.2069 344.5903
