py_wake/examples/data/AJ_ParqueFicticio/Rough survey   Sector All   Height 30m   Weibull-A.grd
DSAA
73  159
 258469   265669
 6501692   6517492
 2.59462   10.64407
[rows 56 to 83 of 159, columns 0 to 62 of 73]
5.535331 5.571192 5.598147 5.622373 5.663613 5.622825 5.57971 5.559777 5.541596 5.523864 5.507684 5.487243 5.470969 5.417237 5.29948 5.295726 5.312838 5.321318 5.315635 5.328157 5.270243 5.138103 5.145661 5.208048 5.236394 5.238379 5.200948 5.116492 5.241225 5.685643 6.271482 6.097011 5.453099 5.574396 5.859201 6.089177 6.378894 6.057436 5.369708 5.173718 5.707544 5.994019 5.880085 5.707202 5.586386 5.805561 5.933504 5.694302 5.821239 6.293177 7.062158 7.887724 7.61268 6.250044 5.155007 5.967835 7.55539 8.00229 7.158228 5.944552 4.876671 4.91936 6.583412
5.482231 5.538946 5.560444 5.58551 5.66139 5.618998 5.576943 5.553338 5.526332 5.500668 5.476533 5.449773 5.419996 5.424956 5.351714 5.308272 5.30579 5.30495 5.303704 5.346222 5.333559 5.255266 5.202771 5.225448 5.243994 5.237746 5.205675 5.081882 5.169288 5.729601 6.433039 6.133687 5.755281 5.682804 5.971035 6.135464 6.302082 6.064145 5.656998 5.384904 5.66407 5.91028 5.806307 5.664562 5.790091 6.020218 5.947271 5.492761 5.541201 6.017026 6.950544 7.548817 7.393589 6.069237 5.201958 6.112533 7.702163 8.025664 7.196349 5.735973 4.777251 4.611074 5.987433
5.413978 5.449486 5.508406 5.52492 5.578533 5.57226 5.528431 5.504797 5.480504 5.452014 5.423026 5.3968 5.373685 5.384872 5.382136 5.348306 5.319507 5.295176 5.286555 5.329926 5.340813 5.336081 5.296898 5.226087 5.246837 5.235372 5.18192 5.187041 5.141865 5.582746 6.31468 5.998983 5.719857 5.639822 5.828663 6.047672 6.266691 6.017927 5.713094 5.46738 5.612833 5.663148 5.531847 5.610197 5.876782 6.072675 5.951032 5.470993 5.389564 5.848312 6.650602 7.076493 7.114152 5.995132 5.129027 6.104637 7.423075 8.018435 7.484691 6.216552 4.964524 4.450033 5.477891
5.439998 5.478558 5.590261 5.596247 5.491523 5.495968 5.470025 5.453236 5.429059 5.403124 5.379625 5.357275 5.337845 5.351472 5.362655 5.350881 5.330972 5.306453 5.286521 5.310155 5.321222 5.330058 5.332569 5.279887 5.252948 5.240969 5.263182 5.28978 5.16949 5.40615 5.848722 5.810191 5.58915 5.352582 5.559545 5.904366 6.187304 6.059644 5.751954 5.490777 5.453925 5.421325 5.282183 5.559516 6.00258 6.100015 5.979366 5.591818 5.365542 5.530352 6.181351 6.540528 6.797887 5.852561 5.085527 5.713329 6.993906 7.751439 7.406701 6.571064 5.42527 4.442326 5.260476
5.513496 5.569355 5.687972 5.714615 5.534873 5.375083 5.38067 5.395361 5.389346 5.371186 5.35009 5.327199 5.297443 5.292083 5.312274 5.310792 5.299111 5.284115 5.322185 5.350367 5.345978 5.287558 5.291053 5.280093 5.245314 5.244949 5.356769 5.424923 5.55428 5.65598 5.795157 5.678771 5.517159 5.343429 5.418057 5.856237 6.024174 6.02905 5.772765 5.496694 5.329606 5.157836 5.192472 5.549018 6.057819 6.123517 6.011633 5.835967 5.546735 5.415661 5.488446 5.872587 6.450951 5.882592 5.081412 5.380954 6.69506 7.568842 7.173651 6.444279 5.657376 4.787368 4.928914
5.6443 5.706395 5.745896 5.710688 5.581569 5.426993 5.302246 5.325918 5.360956 5.363978 5.348097 5.33307 5.300393 5.277604 5.278883 5.274822 5.269259 5.277739 5.341104 5.376031 5.403822 5.319077 5.280703 5.256476 5.200755 5.241413 5.349796 5.620595 5.871094 6.023064 6.085283 5.80535 5.569191 5.574484 5.556763 5.848057 5.92744 5.88237 5.680765 5.488276 5.29525 5.037611 4.983694 5.497558 5.922897 6.077878 5.947955 6.042965 6.049855 5.583011 5.107394 5.201464 6.038061 6.136264 5.216624 5.138931 6.503938 7.327539 7.049588 6.313643 5.669329 5.099273 4.740792
5.699711 5.798423 5.727195 5.6948 5.594117 5.482852 5.354967 5.31997 5.345718 5.361285 5.360093 5.335149 5.302176 5.277163 5.26158 5.24635 5.224109 5.229717 5.302333 5.347613 5.394726 5.362993 5.305885 5.253489 5.199531 5.250045 5.302249 5.657338 5.966362 6.24167 6.422426 6.083149 5.870168 5.954484 5.883412 5.916532 5.915952 5.783589 5.555726 5.40646 5.206196 4.986833 4.932429 5.191093 5.839083 5.944673 5.888311 6.01105 6.305689 6.163799 5.333235 4.767784 5.646389 6.017967 5.631569 5.118473 5.940709 6.986354 6.897331 6.310506 5.661858 5.400092 5.008959
5.689674 5.767432 5.73087 5.690388 5.610455 5.516406 5.427444 5.376241 5.351027 5.353573 5.372 5.338619 5.313437 5.292963 5.267056 5.236841 5.197966 5.152809 5.222239 5.267555 5.33603 5.325585 5.284817 5.225899 5.218613 5.291221 5.338667 5.568367 5.940159 6.276537 6.374906 6.191214 6.053555 6.091167 6.148612 6.076879 5.981582 5.775379 5.532434 5.316183 5.113835 4.902673 4.808898 5.021083 5.563147 5.941854 5.827512 5.910939 6.286032 6.474231 5.928433 4.945574 5.105314 5.553522 5.70264 5.207303 5.384408 6.409373 6.58193 6.129562 5.581614 5.43815 5.357708
5.645872 5.722978 5.693133 5.674695 5.625335 5.563639 5.499068 5.452981 5.380183 5.342052 5.353514 5.356325 5.336533 5.309144 5.27871 5.238269 5.192878 5.18899 5.217505 5.237546 5.267863 5.313842 5.276371 5.189005 5.182811 5.224925 5.327232 5.541951 5.939525 6.294689 6.320536 6.182835 6.110145 6.145855 6.239026 6.190207 6.055523 5.839683 5.618175 5.392305 5.151359 4.888988 4.779695 4.83091 5.437753 5.763445 5.721634 5.812055 6.063005 6.27645 6.261427 5.443318 4.977632 4.829623 5.226527 5.350603 5.143607 5.679688 5.979617 5.647885 5.324594 5.182468 5.264101
5.575834 5.661778 5.648476 5.639326 5.626745 5.599377 5.56398 5.535836 5.442829 5.338741 5.348251 5.34263 5.330353 5.320363 5.29102 5.235221 5.181751 5.219558 5.23723 5.247679 5.31089 5.366698 5.339384 5.221108 5.182287 5.1594 5.174003 5.402343 5.764366 6.01564 6.213974 6.017266 6.051373 6.252746 6.229566 6.190047 6.094487 5.792192 5.572901 5.453597 5.223932 4.956902 4.826113 4.840962 5.285225 5.526864 5.54438 5.735692 5.803077 5.903641 6.381849 6.288541 5.530385 4.601052 4.574468 5.040424 5.252614 5.492837 5.632555 5.407348 5.199059 4.945851 4.76663
5.525308 5.579344 5.598614 5.604611 5.603838 5.602762 5.597166 5.567029 5.467526 5.345898 5.333054 5.332871 5.317566 5.302913 5.282376 5.236401 5.216428 5.231167 5.248078 5.250486 5.334654 5.424973 5.370571 5.307749 5.263892 5.18628 5.259544 5.486192 5.610505 5.807139 5.906364 5.853541 5.938657 6.367435 6.241395 6.196308 6.183786 5.816239 5.483442 5.335875 5.136482 5.044534 4.903716 4.8898 5.028604 5.035858 5.241187 5.787193 5.760205 5.417321 6.217577 6.675557 6.183043 5.053988 4.235244 4.360421 5.137571 5.474615 5.807365 5.965141 5.62859 5.348202 4.716746
5.502965 5.524059 5.558298 5.579527 5.590554 5.59519 5.605628 5.569506 5.488539 5.391082 5.350123 5.334211 5.32207 5.292691 5.250462 5.2589 5.252974 5.231048 5.221711 5.274125 5.321521 5.409278 5.422166 5.388913 5.341664 5.298591 5.362268 5.539058 5.677242 5.801311 5.786585 5.775437 5.829101 6.23175 6.265594 6.174367 6.22404 6.074233 5.598858 5.356154 5.068288 5.034229 4.994462 4.887435 4.776277 4.682675 5.008326 5.768567 5.827515 5.277991 5.890246 6.800483 6.487913 5.766657 4.634983 3.967739 4.521927 5.415017 5.824118 6.175826 6.211238 5.940574 5.390569
5.477983 5.494528 5.535503 5.565663 5.590013 5.602206 5.594315 5.560254 5.513246 5.435088 5.374858 5.339195 5.314159 5.291632 5.281009 5.302557 5.278225 5.24967 5.214423 5.240342 5.255919 5.280577 5.363678 5.384654 5.38097 5.530894 5.632209 5.538447 5.674755 5.806479 5.780259 5.740338 5.755239 6.018247 6.278279 6.15925 6.196422 6.222202 5.789929 5.535484 5.43817 5.298489 5.170923 5.058741 4.718971 4.595623 4.851336 5.538406 5.593043 5.066079 5.816211 6.587645 6.435196 5.909174 5.098845 4.081688 4.08306 4.948097 5.636948 6.065598 6.274572 6.377456 5.97869
5.439172 5.431085 5.452277 5.516174 5.564334 5.632086 5.590672 5.567806 5.538114 5.481881 5.408958 5.338186 5.283163 5.2695 5.368894 5.383952 5.320956 5.24809 5.223319 5.200999 5.181152 5.162972 5.297647 5.352301 5.507842 5.67776 5.696645 5.740215 5.832786 5.932153 5.891819 5.719728 5.643001 5.817151 6.094975 6.13945 6.161962 6.140742 5.875387 5.759979 5.720579 5.706821 5.596457 5.255815 4.890461 4.607569 4.709709 5.079793 5.164381 4.941111 5.449813 6.098506 6.068662 5.50869 4.972101 4.15562 3.928259 4.645668 5.39015 5.847435 6.120815 6.223687 6.072235
5.399452 5.372926 5.324356 5.428618 5.521319 5.616864 5.594217 5.587337 5.56626 5.523707 5.448976 5.362278 5.252703 5.259621 5.36549 5.4514 5.345594 5.253221 5.222948 5.202425 5.17306 5.10942 5.313695 5.409424 5.611011 5.726949 5.746119 5.812543 6.005928 6.146047 6.079255 5.833229 5.568682 5.6461 5.904293 6.09916 6.104977 6.062279 6.015161 6.036277 6.076342 5.893316 5.760411 5.406584 5.142048 4.762306 4.73141 4.866312 4.952428 4.975552 5.124826 5.161552 5.406189 5.060343 4.486731 4.029052 4.00931 4.61622 5.250682 5.69965 5.972775 6.052881 5.952274
5.438345 5.369406 5.266406 5.289622 5.408433 5.546095 5.560001 5.571832 5.574193 5.553281 5.472846 5.357496 5.263947 5.250597 5.312816 5.413908 5.37231 5.294676 5.23214 5.188935 5.126049 5.166366 5.340371 5.588212 5.713299 5.756553 5.808689 5.850476 6.065873 6.349712 6.392903 5.996596 5.637959 5.643577 5.814431 6.011127 6.051862 6.00795 5.997202 6.034503 6.120274 5.924602 5.664082 5.477784 5.33426 5.082414 4.842862 4.865875 4.962517 5.150041 5.151318 4.90468 5.075465 4.958653 4.230771 3.683985 3.969359 4.665978 5.248093 5.587543 5.902667 5.965003 5.900528
5.497774 5.393433 5.285969 5.244446 5.317203 5.407132 5.475671 5.534612 5.571114 5.570422 5.477664 5.396989 5.328999 5.275504 5.26623 5.33242 5.323435 5.290975 5.235824 5.173892 5.071987 5.14453 5.270671 5.522639 5.709569 5.731057 5.827538 5.912991 6.108422 6.463368 6.58327 6.179823 5.846698 5.866422 5.882524 5.949959 5.903458 5.895717 5.931007 5.941616 6.065046 5.976008 5.68802 5.562781 5.41958 5.230126 5.019063 4.88517 5.096795 5.314065 5.469108 5.338841 5.529696 5.674743 4.616404 3.617905 3.679232 4.483934 5.021436 5.445731 5.889143 5.911033 5.911997
5.501646 5.43195 5.37389 5.341374 5.309388 5.294335 5.349585 5.479224 5.585443 5.564595 5.513645 5.455672 5.408798 5.345231 5.24347 5.232796 5.25696 5.233571 5.187001 5.118718 5.019891 5.072895 5.19 5.397121 5.588614 5.623547 5.719482 5.904214 6.385375 6.756454 6.725133 6.442195 6.149124 6.037928 5.984734 5.866475 5.763182 5.746691 5.824184 5.913662 6.011671 6.110104 5.856473 5.714871 5.502415 5.292099 4.846066 4.717553 4.941416 5.228368 5.361007 5.531905 5.890497 6.317386 5.622782 4.043983 3.651772 3.966179 4.674314 5.281065 5.650846 5.893413 5.876748
5.530231 5.475804 5.43189 5.433061 5.429808 5.245726 5.187896 5.396643 5.588728 5.544106 5.509454 5.483561 5.46526 5.452931 5.283857 5.135081 5.140596 5.17525 5.157731 5.095339 4.976632 5.04325 5.164441 5.356356 5.506191 5.535951 5.576016 5.816057 6.418746 6.977352 6.775632 6.559706 6.397308 6.184547 6.034615 5.874582 5.745617 5.656106 5.683353 5.803381 5.932471 5.919047 5.842351 5.85889 5.580877 5.50796 4.882582 4.497775 4.653985 4.979615 4.955719 5.161022 5.738389 6.083328 5.929935 4.589869 3.78229 3.830955 4.154659 4.933313 5.414114 5.51635 5.498114
5.513186 5.482303 5.455076 5.449625 5.487134 5.30709 5.164098 5.320581 5.509305 5.49083 5.463957 5.451573 5.446727 5.484238 5.334311 5.11864 5.100305 5.133499 5.137186 5.112558 5.030513 5.063165 5.150932 5.328535 5.450311 5.45754 5.437343 5.662379 6.197788 6.926115 6.820786 6.603167 6.371331 6.153352 5.993062 5.881051 5.808454 5.715286 5.598769 5.661604 5.653475 5.595574 5.539102 5.628258 5.327374 5.173991 4.930989 4.49335 4.602512 4.766247 4.800426 4.870011 5.151733 5.39816 5.338024 4.711869 3.965919 3.789963 3.832685 4.344292 4.895649 4.92963 4.821264
5.462995 5.443743 5.426179 5.417299 5.438901 5.352176 5.243861 5.302533 5.437382 5.441208 5.42114 5.399939 5.401187 5.430617 5.360368 5.16732 5.09271 5.097952 5.090668 5.104806 5.189719 5.199511 5.157598 5.268187 5.349873 5.361349 5.336931 5.533354 5.95651 6.786685 6.862803 6.60199 6.270022 6.027391 5.850411 5.769328 5.824313 5.741171 5.458147 5.540365 5.658151 5.332923 5.183762 5.254132 5.039769 5.011564 4.847104 4.557498 4.625238 4.654006 4.707982 4.800655 4.944615 5.031466 4.860251 4.675015 4.169285 3.911616 3.67144 3.901952 4.246293 4.269975 4.154107
5.423009 5.402664 5.371569 5.343091 5.359842 5.369895 5.322473 5.313522 5.375603 5.392583 5.393213 5.393867 5.384279 5.372801 5.345912 5.233225 5.13315 5.070059 5.034866 5.109248 5.214545 5.304255 5.39074 5.389452 5.328817 5.340477 5.347836 5.552343 5.997573 6.83236 6.95114 6.671098 6.280706 6.019466 5.794752 5.648537 5.73857 5.636605 5.319726 5.381549 5.413528 5.198529 5.122203 5.183658 5.234162 5.375059 5.355388 5.095139 5.022518 4.52977 4.613013 4.734998 4.956607 5.137212 4.981126 5.074355 4.706062 4.167216 4.118629 4.011818 3.851402 3.9155 3.901849
5.409661 5.365597 5.322459 5.28282 5.28959 5.346511 5.360732 5.344972 5.325397 5.333774 5.342364 5.353806 5.380411 5.364006 5.339381 5.289549 5.196545 5.073422 4.976514 5.04168 5.107161 5.298762 5.515188 5.442554 5.385436 5.331859 5.48399 5.727974 6.335611 6.929991 7.105016 6.629645 6.255559 6.017752 5.835373 5.739475 5.764876 5.697464 5.462306 5.330325 5.054742 5.055748 5.146604 5.364681 5.434006 5.520042 5.555596 5.5878 5.568805 4.80124 4.523736 4.659516 4.961505 5.353722 5.48072 5.63142 5.342923 4.984824 4.820453 4.522484 4.147072 3.997272 4.078139
5.435874 5.374906 5.305901 5.255673 5.228318 5.322976 5.367502 5.376734 5.317021 5.298947 5.296618 5.303905 5.339446 5.351535 5.335948 5.307294 5.245523 5.102882 4.996264 5.032822 5.017025 5.147899 5.360886 5.383461 5.337327 5.382503 5.538155 6.098243 6.889733 7.297456 7.077528 6.506496 6.061121 5.887735 5.75781 5.662756 5.732848 5.65345 5.432104 5.371665 5.100465 5.08213 5.298319 5.419621 5.600004 5.588745 5.525052 5.424807 5.311021 5.06625 4.936375 4.907375 5.119843 5.472041 5.761511 5.848743 5.671113 5.615439 5.257328 4.857878 4.515399 4.444981 4.28311
5.447493 5.407266 5.319554 5.208337 5.276507 5.341474 5.40266 5.367201 5.343097 5.307645 5.256042 5.226253 5.262432 5.301819 5.285946 5.264246 5.262054 5.187659 5.148051 5.1242 5.072657 5.15292 5.234445 5.269547 5.220734 5.363114 5.690175 6.413581 7.221092 7.491797 7.052977 6.438201 5.931463 5.795985 5.681035 5.552919 5.515508 5.283696 5.233134 5.20797 5.195209 5.305811 5.495788 5.551269 5.651151 5.604973 5.402354 5.245842 5.277067 5.258614 5.25469 5.274959 5.354954 5.580822 5.737176 5.897598 5.637812 5.470772 5.059559 4.706888 4.516833 4.386773 4.256429
5.416603 5.403389 5.320812 5.221472 5.246564 5.320774 5.400547 5.378933 5.361672 5.34523 5.295059 5.169484 5.163674 5.207772 5.220695 5.228982 5.246914 5.252863 5.245481 5.185661 5.190309 5.265732 5.257323 5.222838 5.161758 5.273704 5.668949 6.464356 7.213495 7.409267 6.941053 6.291069 5.77789 5.735921 5.66393 5.528871 5.350278 5.113547 5.102582 5.198844 5.337403 5.512311 5.59254 5.59485 5.599154 5.531087 5.329627 5.256807 5.26905 5.3095 5.349127 5.391971 5.443689 5.540705 5.673618 5.791181 5.437085 5.170379 4.852528 4.557351 4.406632 4.268808 4.162109
5.345934 5.367239 5.352994 5.280074 5.24233 5.26452 5.330713 5.35296 5.357111 5.352 5.33293 5.175849 5.071112 5.092163 5.077281 5.055738 5.091537 5.133038 5.207567 5.255249 5.245368 5.283523 5.313767 5.288996 5.251057 5.276909 5.64199 6.418495 7.105286 7.282997 6.722258 6.239303 5.811814 5.748816 5.718131 5.430934 5.272973 4.971628 5.044629 5.253949 5.570438 5.679442 5.616271 5.515244 5.488292 5.387122 5.211816 5.163762 5.198166 5.266998 5.331998 5.394834 5.459369 5.538236 5.655322 5.643481 5.329759 5.050159 4.744273 4.50544 4.368613 4.213016 4.080299
5.345 5.290744 5.300165 5.292861 5.265031 5.254122 5.308342 5.332163 5.333423 5.335674 5.320562 5.212018 5.109512 5.091047 5.070428 4.979555 4.915786 4.975811 5.033531 5.169417 5.24402 5.273266 5.299482 5.368699 5.416197 5.636907 5.978456 6.53904 6.988102 7.079791 6.59588 6.296436 6.04017 5.849156 5.904414 5.440746 5.182713 4.93987 5.069843 5.42807 5.704737 5.733774 5.463185 5.277993 5.358456 5.183066 4.998352 4.976725 5.025013 5.146648 5.279529 5.380207 5.456551 5.518636 5.65281 5.445561 5.208132 4.948497 4.63885 4.407406 4.251453 4.118003 3.94089
