py_wake/examples/data/AJ_ParqueFicticio/Rough survey   Sector 10   Height 200m   Weibull-k.grd
DSAA
73  159
 258469   265669
 6501692   6517492
 2.181641   2.462891
[rows 112 to 139 of 159, columns 0 to 62 of 73]
2.337891 2.341797 2.345703 2.345703 2.349609 2.333984 2.326172 2.310547 2.302734 2.291016 2.283203 2.275391 2.275391 2.283203 2.291016 2.294922 2.294922 2.287109 2.279297 2.279297 2.294922 2.318359 2.341797 2.361328 2.369141 2.376953 2.388672 2.396484 2.396484 2.400391 2.396484 2.396484 2.400391 2.404297 2.408203 2.408203 2.412109 2.412109 2.408203 2.388672 2.373047 2.365234 2.357422 2.357422 2.361328 2.365234 2.369141 2.373047 2.376953 2.384766 2.400391 2.423828 2.427734 2.431641 2.435547 2.435547 2.435547 2.439453 2.439453 2.439453 2.439453 2.439453 2.443359
2.341797 2.341797 2.345703 2.349609 2.349609 2.341797 2.330078 2.314453 2.302734 2.294922 2.287109 2.283203 2.287109 2.298828 2.306641 2.310547 2.306641 2.302734 2.291016 2.287109 2.291016 2.302734 2.326172 2.341797 2.357422 2.373047 2.388672 2.396484 2.400391 2.400391 2.400391 2.400391 2.400391 2.404297 2.408203 2.408203 2.412109 2.412109 2.404297 2.388672 2.376953 2.373047 2.373047 2.376953 2.380859 2.384766 2.384766 2.384766 2.384766 2.388672 2.404297 2.427734 2.427734 2.431641 2.435547 2.435547 2.435547 2.439453 2.439453 2.439453 2.439453 2.439453 2.443359
2.341797 2.345703 2.345703 2.349609 2.353516 2.345703 2.330078 2.318359 2.310547 2.302734 2.294922 2.294922 2.302734 2.314453 2.322266 2.326172 2.322266 2.314453 2.306641 2.302734 2.298828 2.298828 2.310547 2.330078 2.349609 2.369141 2.392578 2.396484 2.400391 2.400391 2.400391 2.404297 2.404297 2.404297 2.408203 2.412109 2.412109 2.412109 2.404297 2.388672 2.384766 2.388672 2.392578 2.400391 2.408203 2.408203 2.404297 2.404297 2.404297 2.408203 2.419922 2.427734 2.431641 2.431641 2.435547 2.435547 2.435547 2.439453 2.439453 2.439453 2.439453 2.443359 2.443359
2.341797 2.345703 2.349609 2.349609 2.353516 2.345703 2.330078 2.322266 2.314453 2.306641 2.302734 2.306641 2.318359 2.330078 2.337891 2.337891 2.333984 2.330078 2.326172 2.322266 2.318359 2.318359 2.314453 2.322266 2.341797 2.365234 2.392578 2.400391 2.400391 2.400391 2.404297 2.404297 2.404297 2.408203 2.408203 2.412109 2.412109 2.412109 2.400391 2.392578 2.396484 2.404297 2.416016 2.419922 2.423828 2.423828 2.423828 2.427734 2.427734 2.427734 2.427734 2.427734 2.431641 2.435547 2.435547 2.435547 2.439453 2.439453 2.439453 2.439453 2.439453 2.443359 2.443359
2.345703 2.349609 2.349609 2.353516 2.353516 2.337891 2.330078 2.322266 2.314453 2.306641 2.306641 2.318359 2.330078 2.341797 2.349609 2.345703 2.345703 2.345703 2.345703 2.345703 2.345703 2.345703 2.341797 2.337891 2.341797 2.365234 2.392578 2.400391 2.400391 2.400391 2.404297 2.404297 2.408203 2.408203 2.408203 2.412109 2.412109 2.412109 2.392578 2.392578 2.400391 2.416016 2.419922 2.423828 2.423828 2.423828 2.423828 2.427734 2.427734 2.427734 2.427734 2.431641 2.431641 2.435547 2.435547 2.435547 2.439453 2.439453 2.439453 2.439453 2.439453 2.443359 2.443359
2.345703 2.349609 2.349609 2.353516 2.341797 2.330078 2.322266 2.314453 2.306641 2.302734 2.310547 2.322266 2.337891 2.349609 2.357422 2.357422 2.353516 2.349609 2.353516 2.357422 2.365234 2.373047 2.373047 2.365234 2.361328 2.369141 2.396484 2.400391 2.400391 2.404297 2.404297 2.404297 2.408203 2.408203 2.412109 2.412109 2.412109 2.392578 2.380859 2.384766 2.400391 2.419922 2.419922 2.423828 2.423828 2.423828 2.423828 2.427734 2.427734 2.427734 2.427734 2.431641 2.431641 2.435547 2.435547 2.435547 2.439453 2.439453 2.439453 2.439453 2.443359 2.443359 2.443359
2.349609 2.349609 2.345703 2.337891 2.326172 2.318359 2.310547 2.302734 2.298828 2.298828 2.310547 2.322266 2.337891 2.349609 2.361328 2.357422 2.353516 2.353516 2.357422 2.365234 2.376953 2.388672 2.392578 2.392578 2.384766 2.384766 2.396484 2.400391 2.404297 2.404297 2.404297 2.408203 2.408203 2.412109 2.412109 2.412109 2.392578 2.376953 2.369141 2.373047 2.392578 2.419922 2.423828 2.423828 2.423828 2.423828 2.427734 2.427734 2.427734 2.427734 2.427734 2.431641 2.435547 2.435547 2.435547 2.439453 2.439453 2.439453 2.439453 2.439453 2.443359 2.443359 2.443359
2.333984 2.330078 2.322266 2.314453 2.306641 2.298828 2.291016 2.291016 2.291016 2.298828 2.306641 2.318359 2.333984 2.345703 2.357422 2.357422 2.357422 2.357422 2.361328 2.369141 2.380859 2.392578 2.392578 2.396484 2.396484 2.400391 2.400391 2.400391 2.404297 2.404297 2.404297 2.408203 2.408203 2.412109 2.412109 2.396484 2.376953 2.365234 2.361328 2.373047 2.388672 2.416016 2.423828 2.423828 2.423828 2.423828 2.427734 2.427734 2.427734 2.427734 2.431641 2.431641 2.435547 2.435547 2.435547 2.439453 2.439453 2.439453 2.439453 2.439453 2.443359 2.443359 2.443359
2.322266 2.314453 2.302734 2.294922 2.287109 2.279297 2.275391 2.279297 2.287109 2.298828 2.310547 2.322266 2.330078 2.341797 2.345703 2.353516 2.357422 2.361328 2.369141 2.373047 2.380859 2.388672 2.392578 2.396484 2.396484 2.400391 2.400391 2.400391 2.404297 2.404297 2.408203 2.408203 2.408203 2.412109 2.400391 2.380859 2.365234 2.361328 2.365234 2.380859 2.396484 2.416016 2.423828 2.423828 2.423828 2.427734 2.427734 2.427734 2.427734 2.427734 2.431641 2.435547 2.435547 2.435547 2.439453 2.439453 2.439453 2.439453 2.439453 2.443359 2.443359 2.443359 2.443359
2.318359 2.302734 2.291016 2.275391 2.267578 2.259766 2.259766 2.267578 2.283203 2.306641 2.322266 2.330078 2.333984 2.337891 2.341797 2.345703 2.357422 2.365234 2.376953 2.380859 2.384766 2.388672 2.392578 2.396484 2.400391 2.400391 2.400391 2.404297 2.404297 2.404297 2.408203 2.408203 2.412109 2.408203 2.388672 2.369141 2.357422 2.357422 2.373047 2.392578 2.408203 2.423828 2.423828 2.423828 2.423828 2.423828 2.427734 2.427734 2.427734 2.431641 2.431641 2.435547 2.435547 2.435547 2.439453 2.439453 2.439453 2.439453 2.439453 2.439453 2.443359 2.443359 2.443359
2.318359 2.298828 2.283203 2.267578 2.251953 2.244141 2.244141 2.259766 2.283203 2.310547 2.330078 2.345703 2.349609 2.349609 2.345703 2.349609 2.357422 2.369141 2.376953 2.388672 2.392578 2.392578 2.392578 2.392578 2.396484 2.400391 2.404297 2.404297 2.404297 2.408203 2.408203 2.412109 2.412109 2.396484 2.376953 2.357422 2.353516 2.361328 2.380859 2.404297 2.423828 2.423828 2.423828 2.423828 2.423828 2.423828 2.427734 2.427734 2.427734 2.431641 2.435547 2.435547 2.435547 2.439453 2.439453 2.439453 2.439453 2.439453 2.439453 2.439453 2.443359 2.443359 2.443359
2.314453 2.298828 2.279297 2.259766 2.244141 2.236328 2.236328 2.255859 2.283203 2.310547 2.333984 2.353516 2.365234 2.365234 2.365234 2.361328 2.365234 2.376953 2.384766 2.392578 2.392578 2.396484 2.392578 2.392578 2.396484 2.400391 2.404297 2.400391 2.400391 2.400391 2.404297 2.408203 2.400391 2.388672 2.369141 2.353516 2.357422 2.369141 2.388672 2.416016 2.423828 2.423828 2.423828 2.423828 2.423828 2.427734 2.427734 2.427734 2.427734 2.431641 2.435547 2.435547 2.435547 2.439453 2.439453 2.435547 2.435547 2.435547 2.439453 2.443359 2.443359 2.443359 2.443359
2.310547 2.291016 2.275391 2.255859 2.240234 2.236328 2.240234 2.255859 2.279297 2.302734 2.330078 2.353516 2.369141 2.373047 2.380859 2.380859 2.388672 2.392578 2.392578 2.392578 2.396484 2.396484 2.400391 2.400391 2.400391 2.404297 2.400391 2.396484 2.388672 2.388672 2.396484 2.396484 2.388672 2.376953 2.365234 2.357422 2.365234 2.376953 2.400391 2.423828 2.423828 2.423828 2.423828 2.423828 2.423828 2.427734 2.427734 2.427734 2.431641 2.435547 2.435547 2.435547 2.435547 2.435547 2.435547 2.431641 2.435547 2.439453 2.443359 2.443359 2.443359 2.443359 2.443359
2.298828 2.287109 2.271484 2.255859 2.244141 2.244141 2.251953 2.263672 2.279297 2.294922 2.318359 2.341797 2.361328 2.373047 2.384766 2.384766 2.388672 2.392578 2.392578 2.392578 2.396484 2.396484 2.400391 2.400391 2.400391 2.404297 2.404297 2.396484 2.388672 2.384766 2.388672 2.384766 2.376953 2.369141 2.361328 2.365234 2.373047 2.388672 2.412109 2.419922 2.419922 2.423828 2.423828 2.423828 2.423828 2.427734 2.427734 2.427734 2.431641 2.435547 2.435547 2.435547 2.431641 2.427734 2.427734 2.427734 2.435547 2.439453 2.443359 2.443359 2.443359 2.443359 2.447266
2.283203 2.275391 2.263672 2.255859 2.255859 2.263672 2.271484 2.279297 2.283203 2.291016 2.306641 2.326172 2.349609 2.365234 2.376953 2.388672 2.392578 2.392578 2.392578 2.396484 2.396484 2.400391 2.400391 2.400391 2.404297 2.404297 2.404297 2.400391 2.392578 2.388672 2.384766 2.376953 2.369141 2.361328 2.361328 2.369141 2.384766 2.400391 2.419922 2.419922 2.419922 2.419922 2.423828 2.423828 2.423828 2.427734 2.427734 2.427734 2.431641 2.435547 2.435547 2.431641 2.423828 2.419922 2.419922 2.427734 2.435547 2.443359 2.443359 2.443359 2.443359 2.447266 2.447266
2.263672 2.259766 2.255859 2.255859 2.263672 2.279297 2.287109 2.294922 2.298828 2.298828 2.302734 2.318359 2.333984 2.353516 2.365234 2.376953 2.388672 2.392578 2.392578 2.396484 2.396484 2.400391 2.400391 2.400391 2.404297 2.404297 2.404297 2.404297 2.392578 2.388672 2.384766 2.373047 2.365234 2.357422 2.361328 2.376953 2.392578 2.412109 2.416016 2.416016 2.416016 2.419922 2.419922 2.423828 2.423828 2.427734 2.427734 2.427734 2.431641 2.431641 2.431641 2.431641 2.423828 2.416016 2.423828 2.431641 2.439453 2.443359 2.443359 2.443359 2.443359 2.447266 2.447266
2.240234 2.240234 2.248047 2.259766 2.275391 2.291016 2.302734 2.310547 2.310547 2.310547 2.310547 2.314453 2.326172 2.345703 2.361328 2.369141 2.376953 2.380859 2.392578 2.396484 2.400391 2.400391 2.400391 2.404297 2.404297 2.404297 2.408203 2.400391 2.396484 2.388672 2.380859 2.369141 2.357422 2.357422 2.365234 2.380859 2.400391 2.416016 2.412109 2.412109 2.416016 2.416016 2.419922 2.419922 2.423828 2.427734 2.427734 2.431641 2.431641 2.431641 2.435547 2.431641 2.427734 2.423828 2.431641 2.435547 2.443359 2.443359 2.443359 2.443359 2.443359 2.447266 2.447266
2.212891 2.220703 2.236328 2.259766 2.283203 2.306641 2.314453 2.322266 2.326172 2.322266 2.318359 2.314453 2.322266 2.333984 2.353516 2.365234 2.369141 2.373047 2.384766 2.396484 2.400391 2.400391 2.400391 2.400391 2.404297 2.404297 2.408203 2.408203 2.396484 2.388672 2.376953 2.361328 2.349609 2.353516 2.365234 2.384766 2.404297 2.416016 2.408203 2.408203 2.412109 2.416016 2.419922 2.419922 2.423828 2.427734 2.427734 2.431641 2.435547 2.435547 2.435547 2.435547 2.435547 2.435547 2.439453 2.439453 2.443359 2.443359 2.443359 2.443359 2.447266 2.447266 2.447266
2.193359 2.205078 2.228516 2.259766 2.291016 2.314453 2.326172 2.333984 2.337891 2.333984 2.326172 2.322266 2.322266 2.330078 2.345703 2.361328 2.369141 2.373047 2.380859 2.396484 2.400391 2.400391 2.400391 2.400391 2.400391 2.404297 2.404297 2.412109 2.400391 2.392578 2.380859 2.365234 2.353516 2.349609 2.365234 2.388672 2.408203 2.416016 2.412109 2.408203 2.412109 2.416016 2.419922 2.423828 2.423828 2.427734 2.431641 2.435547 2.435547 2.435547 2.435547 2.439453 2.439453 2.439453 2.439453 2.443359 2.443359 2.443359 2.443359 2.443359 2.447266 2.447266 2.447266
2.181641 2.197266 2.232422 2.267578 2.298828 2.322266 2.337891 2.345703 2.345703 2.341797 2.337891 2.330078 2.326172 2.333984 2.345703 2.361328 2.373047 2.380859 2.384766 2.396484 2.400391 2.400391 2.404297 2.404297 2.404297 2.404297 2.408203 2.408203 2.412109 2.404297 2.396484 2.380859 2.365234 2.361328 2.369141 2.388672 2.412109 2.419922 2.416016 2.412109 2.412109 2.416016 2.419922 2.423828 2.427734 2.427734 2.431641 2.435547 2.435547 2.439453 2.439453 2.439453 2.439453 2.439453 2.443359 2.443359 2.443359 2.443359 2.443359 2.447266 2.447266 2.447266 2.447266
2.181641 2.205078 2.240234 2.275391 2.302734 2.326172 2.337891 2.349609 2.353516 2.353516 2.345703 2.341797 2.341797 2.341797 2.349609 2.361328 2.373047 2.384766 2.396484 2.400391 2.400391 2.404297 2.404297 2.404297 2.404297 2.404297 2.408203 2.408203 2.412109 2.412109 2.412109 2.404297 2.392578 2.384766 2.384766 2.396484 2.412109 2.423828 2.419922 2.416016 2.416016 2.416016 2.419922 2.423828 2.427734 2.431641 2.431641 2.435547 2.435547 2.439453 2.439453 2.439453 2.439453 2.439453 2.443359 2.443359 2.443359 2.443359 2.443359 2.447266 2.447266 2.447266 2.447266
2.193359 2.216797 2.248047 2.283203 2.310547 2.326172 2.341797 2.349609 2.357422 2.357422 2.357422 2.353516 2.353516 2.353516 2.353516 2.361328 2.373047 2.384766 2.396484 2.400391 2.400391 2.404297 2.404297 2.404297 2.404297 2.408203 2.408203 2.408203 2.412109 2.412109 2.416016 2.416016 2.412109 2.408203 2.404297 2.408203 2.416016 2.423828 2.423828 2.419922 2.419922 2.419922 2.423828 2.423828 2.427734 2.431641 2.431641 2.435547 2.435547 2.439453 2.439453 2.439453 2.439453 2.439453 2.443359 2.443359 2.443359 2.443359 2.443359 2.447266 2.447266 2.447266 2.447266
2.212891 2.236328 2.263672 2.291016 2.314453 2.326172 2.337891 2.349609 2.357422 2.361328 2.365234 2.369141 2.369141 2.365234 2.361328 2.361328 2.369141 2.384766 2.396484 2.400391 2.404297 2.404297 2.404297 2.404297 2.408203 2.400391 2.396484 2.396484 2.404297 2.416016 2.416016 2.419922 2.419922 2.419922 2.419922 2.423828 2.423828 2.423828 2.423828 2.419922 2.419922 2.419922 2.423828 2.423828 2.423828 2.427734 2.431641 2.431641 2.435547 2.439453 2.439453 2.439453 2.439453 2.443359 2.443359 2.443359 2.443359 2.443359 2.447266 2.447266 2.447266 2.447266 2.447266
2.240234 2.259766 2.279297 2.302734 2.318359 2.330078 2.337891 2.345703 2.353516 2.365234 2.376953 2.380859 2.384766 2.380859 2.373047 2.369141 2.373047 2.384766 2.396484 2.400391 2.404297 2.404297 2.404297 2.408203 2.408203 2.392578 2.384766 2.388672 2.400391 2.412109 2.416016 2.419922 2.419922 2.419922 2.423828 2.423828 2.423828 2.423828 2.423828 2.423828 2.423828 2.423828 2.423828 2.423828 2.427734 2.427734 2.427734 2.431641 2.435547 2.439453 2.439453 2.439453 2.439453 2.443359 2.443359 2.443359 2.443359 2.443359 2.447266 2.447266 2.447266 2.447266 2.447266
2.267578 2.283203 2.298828 2.314453 2.322266 2.330078 2.333984 2.341797 2.349609 2.361328 2.373047 2.388672 2.392578 2.392578 2.392578 2.384766 2.384766 2.388672 2.392578 2.404297 2.404297 2.404297 2.408203 2.408203 2.404297 2.392578 2.384766 2.384766 2.396484 2.408203 2.416016 2.419922 2.419922 2.419922 2.419922 2.419922 2.423828 2.423828 2.423828 2.423828 2.423828 2.423828 2.423828 2.423828 2.423828 2.423828 2.423828 2.431641 2.435547 2.439453 2.439453 2.439453 2.443359 2.443359 2.443359 2.443359 2.443359 2.443359 2.447266 2.447266 2.447266 2.447266 2.447266
2.283203 2.302734 2.318359 2.326172 2.333984 2.337891 2.337891 2.337891 2.345703 2.353516 2.369141 2.380859 2.388672 2.392578 2.392578 2.396484 2.400391 2.396484 2.396484 2.400391 2.404297 2.404297 2.408203 2.408203 2.400391 2.392578 2.384766 2.388672 2.396484 2.412109 2.416016 2.416016 2.419922 2.419922 2.419922 2.419922 2.423828 2.423828 2.423828 2.423828 2.423828 2.423828 2.423828 2.423828 2.423828 2.423828 2.427734 2.431641 2.435547 2.439453 2.439453 2.439453 2.443359 2.443359 2.439453 2.439453 2.443359 2.447266 2.447266 2.447266 2.447266 2.447266 2.447266
2.294922 2.314453 2.330078 2.337891 2.341797 2.341797 2.341797 2.341797 2.345703 2.353516 2.361328 2.373047 2.384766 2.388672 2.392578 2.392578 2.396484 2.396484 2.400391 2.400391 2.404297 2.404297 2.408203 2.404297 2.400391 2.392578 2.388672 2.392578 2.400391 2.412109 2.416016 2.416016 2.416016 2.419922 2.419922 2.419922 2.423828 2.423828 2.423828 2.427734 2.427734 2.423828 2.423828 2.423828 2.423828 2.427734 2.431641 2.435547 2.435547 2.439453 2.439453 2.439453 2.443359 2.443359 2.435547 2.431641 2.431641 2.435547 2.447266 2.447266 2.447266 2.447266 2.447266
2.302734 2.322266 2.337891 2.349609 2.353516 2.349609 2.345703 2.345703 2.349609 2.357422 2.365234 2.373047 2.380859 2.388672 2.392578 2.392578 2.396484 2.396484 2.400391 2.404297 2.404297 2.400391 2.400391 2.400391 2.396484 2.392578 2.392578 2.396484 2.404297 2.416016 2.416016 2.416016 2.416016 2.419922 2.419922 2.419922 2.423828 2.423828 2.423828 2.427734 2.427734 2.427734 2.423828 2.427734 2.427734 2.427734 2.431641 2.435547 2.439453 2.439453 2.439453 2.443359 2.443359 2.443359 2.443359 2.435547 2.427734 2.423828 2.427734 2.439453 2.447266 2.447266 2.451172
