py_wake/examples/data/AJ_ParqueFicticio/Rough survey   Sector 7   Height 30m   Orographic turn.grd
DSAA
73  159
 258469   265669
 6501692   6517492
-136.9426   66.49909
[rows 27 to 53 of 159, columns 0 to 61 of 73]
-2.643414 -2.507437 -2.41774 -2.452755 -2.589473 -2.670431 -2.80251 -2.955139 -2.880326 -2.630732 -2.702523 -2.999543 -3.254384 -3.235938 -3.338064 -3.605901 -3.814598 -4.01615 -4.071649 -4.059263 -4.02992 -3.675296 -4.013793 -4.473109 -5.168033 -5.969797 -6.273643 -5.584985 -5.377418 -5.477555 -4.695182 -4.557083 -5.076997 -5.094836 -7.132543 -7.130388 -5.628289 -5.522221 -5.879421 -5.868711 -5.185802 -5.634546 -6.066192 -10.1588 -12.57944 -14.24414 -17.36231 -18.60431 -20.46055 -20.22449 -17.42919 -15.32774 -12.03718 -7.109122 1.41036 7.859773 11.6404 12.88807 14.45304 12.24721 6.22939 .2837259
-2.755618 -2.562186 -2.459999 -2.430502 -2.486375 -2.5318 -2.663182 -2.731715 -2.483121 -2.389923 -2.464491 -2.614354 -2.954263 -3.192565 -3.397589 -3.641084 -3.910026 -4.029677 -4.105038 -3.983177 -3.580411 -3.416262 -3.930836 -4.517171 -5.227808 -5.981822 -6.387746 -5.940496 -5.651054 -5.560367 -5.395733 -5.465706 -6.201814 -6.421883 -8.174883 -5.105401 -4.232543 -5.51383 -6.937911 -8.603878 -7.37042 -5.306144 -6.271428 -8.657707 -12.66362 -14.7845 -16.66456 -19.20579 -19.59181 -17.99253 -14.59836 -11.06878 -8.280277 -6.407909 -.5628338 8.379602 14.49974 13.92948 10.80726 6.461356 2.247347 -4.281695
-2.761091 -2.653539 -2.446271 -2.397818 -2.339112 -2.31318 -2.399362 -2.595681 -2.456775 -2.328304 -2.250508 -2.330548 -2.478639 -3.417175 -3.676372 -3.85086 -3.966739 -4.024579 -3.979752 -3.760668 -3.584912 -3.619979 -4.051137 -4.58751 -5.204397 -5.786598 -6.085537 -6.114367 -5.979895 -5.876105 -5.845131 -5.758628 -5.854403 -5.94968 -5.085538 -3.761003 -5.451269 -6.48614 -7.173242 -7.864154 -6.543386 -6.101815 -7.040934 -8.131863 -10.3845 -13.77484 -15.29449 -15.83886 -15.16853 -13.81305 -11.73304 -8.370454 -5.833025 -5.299036 -.9604639 8.551907 14.41578 13.49175 8.910345 3.203578 -2.05238 -8.670164
-2.649846 -2.557889 -2.417428 -2.33794 -2.224321 -2.21868 -2.222168 -2.526195 -2.468832 -2.239279 -2.169986 -2.111568 -2.185892 -3.476469 -3.86087 -3.940562 -3.982352 -3.956685 -3.710334 -3.489867 -3.656902 -3.920485 -4.302916 -4.752299 -5.163348 -5.614355 -5.964029 -6.000735 -6.024858 -5.893444 -5.777923 -5.735965 -5.507818 -5.328319 -5.421849 -5.503403 -5.784482 -6.257657 -7.442815 -7.821464 -7.411493 -7.429174 -6.443532 -7.883288 -9.665657 -10.63971 -11.53414 -11.2214 -10.48582 -9.941915 -9.805005 -8.030655 -5.509222 -3.810733 -.01728501 7.458608 11.97106 12.7409 6.578764 .388275 -6.610051 -11.16594
-2.523885 -2.43341 -2.36566 -2.309401 -2.171839 -2.165587 -2.137365 -2.448629 -2.297907 -2.206571 -2.087879 -2.018328 -2.088513 -3.230323 -3.858857 -3.940097 -3.906576 -3.765916 -3.323205 -3.484585 -3.766349 -4.074965 -4.459829 -4.822715 -5.166453 -5.573557 -5.807127 -5.856332 -5.594344 -5.552409 -5.590862 -6.359707 -7.483688 -6.776039 -6.36531 -5.563478 -5.902339 -6.216704 -7.520802 -8.407053 -8.221274 -7.061414 -6.510791 -6.899681 -8.671815 -9.756003 -8.872861 -6.280143 -5.407401 -6.907535 -7.898757 -7.639481 -6.504832 -4.576338 -1.509515 3.763761 7.828339 8.04047 2.98738 -3.186018 -8.426196 -12.23932
-2.132015 -2.188232 -2.207924 -2.210634 -2.167556 -2.202055 -2.221328 -2.1885 -2.158935 -2.138549 -2.065086 -2.027345 -2.020857 -2.781373 -3.41287 -3.6045 -3.602209 -3.455279 -3.263929 -3.533889 -3.886825 -4.219145 -4.580925 -4.876387 -5.210154 -5.430789 -5.665316 -5.620484 -5.539742 -5.286139 -5.649355 -6.34388 -7.138387 -6.993519 -6.071764 -5.578693 -5.661941 -6.2168 -7.972463 -8.457068 -8.513437 -7.641835 -6.124912 -5.634044 -6.91733 -8.221066 -7.425196 -5.047297 -3.491365 -3.237982 -3.905198 -5.16896 -5.997658 -6.387391 -3.985709 -.4230641 3.129776 1.528624 -2.398049 -5.469388 -7.467268 -7.780067
-1.904998 -2.025711 -2.102962 -2.094273 -2.137038 -2.077415 -2.195004 -2.105687 -2.109406 -2.034394 -2.017091 -2.018566 -2.185109 -2.520227 -2.784926 -3.000806 -3.149618 -3.097261 -3.207654 -3.651206 -4.034653 -4.41363 -4.711158 -4.967523 -5.217102 -5.359498 -5.230162 -5.079913 -5.246912 -5.464186 -5.764338 -6.178054 -6.633291 -6.612749 -6.147786 -6.230297 -6.59609 -6.877893 -7.390734 -7.90264 -9.475264 -8.928016 -7.037666 -4.733615 -3.821181 -5.662666 -6.670645 -7.130356 -6.314728 -5.95458 -5.015725 -2.107878 -1.395423 -2.330623 -4.900276 -3.280255 -1.359558 -3.865301 -5.369092 -4.647728 -4.093876 -1.455804
-2.103595 -2.114208 -2.139998 -2.053559 -2.058341 -1.942464 -2.155412 -2.166628 -2.057184 -2.015813 -1.894537 -1.91839 -2.085056 -2.060853 -2.118271 -2.387602 -2.617233 -2.700791 -3.174739 -3.758344 -4.310354 -4.629948 -4.930263 -5.098571 -5.202994 -5.176757 -4.785402 -4.907583 -5.152509 -5.519423 -5.874956 -6.134619 -6.443097 -6.24519 -5.980413 -6.315399 -7.396357 -7.338648 -7.487764 -8.444874 -11.25296 -10.97494 -9.141241 -3.778761 -1.404308 -2.205878 -5.534228 -7.755137 -7.3447 -6.389074 -5.788326 -4.035128 -.467524 1.464923 .4733293 -3.195173 -5.937238 -4.572661 -3.52395 -4.306354 -2.955876 3.060506
-2.363891 -2.258624 -2.155817 -2.136863 -2.101668 -2.108465 -2.052812 -2.000743 -1.987253 -1.907931 -1.758385 -1.70943 -1.688473 -2.059687 -1.949532 -1.84483 -1.851962 -2.58117 -3.183958 -4.01278 -4.657567 -4.9407 -5.055665 -5.148808 -5.148337 -4.785153 -4.642996 -4.866236 -5.125257 -5.47972 -5.848949 -6.172537 -6.518633 -6.602908 -6.691108 -6.385417 -6.633615 -7.136854 -8.308262 -11.64503 -12.51478 -13.3664 -11.04523 -5.488032 2.27429 3.87056 -.9670253 -4.220477 -4.499047 -3.37048 -3.175501 -3.172425 -2.353824 -.7504331 -.4842488 -1.937276 -3.764659 -2.931006 -4.077688 -5.94271 -4.39623 4.708349
-2.583674 -2.447547 -2.206294 -2.023376 -1.986175 -2.085308 -1.793769 -1.913595 -1.934673 -1.885175 -1.721302 -1.530689 -1.445583 -1.909633 -1.763205 -1.498342 -1.402318 -1.807813 -3.352599 -4.076997 -4.989614 -5.106295 -5.073583 -4.965501 -4.878263 -4.546827 -4.698892 -4.869233 -5.106936 -5.416046 -5.856944 -6.267655 -6.389915 -6.18692 -5.929649 -5.600351 -5.899694 -7.433531 -9.58185 -10.63869 -13.05857 -14.22783 -11.39963 -6.354311 3.682954 9.441161 6.497242 1.55547 -.0820234 -.07436527 -.1838616 -1.686353 -3.271238 -3.916005 -2.951232 -2.975626 -2.873743 -2.438962 -5.011122 -6.275303 -3.140024 4.854335
-2.50298 -2.289587 -2.096345 -1.881642 -1.616688 -1.522052 -2.291908 -2.154667 -2.025473 -1.848424 -1.841187 -1.671069 -1.391394 -1.773533 -1.562037 -1.441222 -1.504822 -1.731728 -2.641372 -3.484719 -4.74142 -4.882032 -4.692999 -4.539285 -4.640495 -4.521659 -4.691313 -4.865661 -5.110048 -5.295022 -5.767128 -6.055966 -5.94727 -5.752764 -5.345679 -4.569065 -4.857939 -7.270895 -8.364297 -10.02329 -11.31256 -12.33741 -11.44561 -8.734035 -1.853391 11.07171 14.19225 11.66789 6.4757 2.869532 1.286249 -.1175523 -3.551587 -6.099378 -6.111843 -4.740899 -4.306368 -2.822638 -3.779859 -3.159713 1.525174 5.622695
-1.811261 -1.932284 -1.833525 -1.804011 -1.691192 -1.492228 -2.155095 -2.039111 -1.974305 -1.935237 -2.027935 -1.921619 -1.677062 -1.162192 -1.314842 -1.499248 -1.81067 -2.257133 -2.952231 -3.278157 -3.604848 -3.822065 -3.935585 -4.010862 -4.251655 -4.353165 -4.638011 -4.81629 -4.993659 -5.191965 -5.545754 -5.677333 -5.56358 -5.303541 -5.036548 -5.528504 -5.619397 -5.820307 -6.971529 -8.645235 -8.515272 -9.310639 -10.23868 -9.179853 -6.751009 1.614343 10.57833 14.52738 15.13656 8.349748 4.139188 3.70705 .556125 -2.401072 -5.133005 -4.811118 -3.662482 -2.187033 -.309545 3.15431 7.917379 6.874176
-1.7039 -1.633069 -1.647913 -1.67536 -1.905286 -1.94033 -1.469513 -1.724497 -1.814112 -1.783713 -1.834548 -1.880993 -1.145234 -1.140103 -1.394525 -1.71275 -2.005769 -2.462761 -3.110648 -3.054787 -2.656697 -2.789261 -3.008047 -3.186181 -3.864107 -4.354229 -4.568247 -4.712666 -4.948156 -5.072451 -5.002107 -5.061331 -4.984018 -4.725892 -4.629262 -4.801231 -4.580808 -4.839028 -6.675095 -7.50867 -6.928913 -5.693876 -6.353166 -7.58672 -7.561036 -4.615268 1.400546 6.130602 11.39072 9.833524 5.523262 3.570257 3.406218 2.62261 .6386943 -.2348175 -3.123496 -.122696 5.150802 10.08805 11.48407 9.965814
-1.510673 -1.553525 -1.511714 -1.4382 -1.525077 -1.589136 -1.602113 -1.705897 -1.644361 -1.519807 -1.367212 -1.107296 -1.352952 -1.72144 -1.756291 -1.744124 -1.906487 -2.20221 -2.562842 -2.81949 -2.559219 -2.668432 -2.562721 -2.486086 -3.739588 -4.422272 -4.464528 -4.541775 -4.611898 -4.492661 -4.197676 -4.403256 -4.516728 -4.237118 -4.133321 -3.589657 -3.074417 -3.644809 -5.192477 -4.699413 -3.768882 -2.513949 -2.637259 -4.356969 -5.616406 -5.541305 -1.560063 .8000241 2.057345 5.720946 6.47441 5.04621 4.284823 4.24341 3.488714 .8115263 .265983 2.188424 8.389478 14.10436 15.05637 11.68971
-1.620951 -1.637865 -1.633106 -1.364032 -1.036908 -1.456378 -2.081628 -2.053519 -1.807489 -1.369769 -.8219597 -.6227456 -1.568119 -2.167493 -1.950253 -1.784254 -1.704543 -1.678716 -2.209342 -2.770055 -2.78381 -2.727886 -2.902231 -2.589046 -2.498325 -3.834293 -3.802739 -3.803941 -3.819649 -3.644427 -3.63695 -3.773138 -3.82344 -3.642294 -3.666721 -2.84785 -1.514438 -2.158909 -.9605752 -.207869 .2277709 .6517285 .01645522 -1.340284 -2.497422 -2.651192 -1.325892 -.2200265 .01014715 1.997624 4.688725 5.668584 5.526233 4.216399 2.170011 1.04407 .5207433 3.377483 8.86342 14.0545 17.09911 15.6377
-1.946262 -1.917821 -1.871325 -1.667766 -1.002952 -.8787873 -1.974973 -2.283154 -1.908385 -1.504662 -1.102971 -.8976098 -1.322278 -1.698194 -1.699568 -1.548388 -1.37912 -1.296125 -1.643771 -2.805409 -3.020721 -2.979941 -3.086342 -2.970433 -2.325623 -2.270983 -2.654179 -2.777366 -2.890407 -3.276538 -3.277171 -3.272752 -3.340641 -3.123441 -2.784552 -2.299484 -2.296217 .2712034 3.243096 3.551601 3.102859 2.44528 1.818961 1.288101 .8804423 -.4071922 -.8079942 -.9850148 -1.776963 .1719403 2.455772 3.773901 3.953253 2.889835 .7716109 .6751751 1.325469 3.960664 6.105073 8.953404 12.59974 16.46526
-2.27156 -2.237635 -2.29968 -2.310076 -1.066743 -.3072007 -1.206638 -2.373076 -1.900486 -1.609717 -1.595759 -1.391749 -1.187271 -.9538051 -1.150341 -1.274575 -1.252696 -1.158909 -1.227219 -2.438923 -2.910224 -2.562803 -2.184461 -2.458651 -2.466371 -2.216143 -2.225876 -2.224095 -2.163518 -2.473015 -2.764513 -2.710658 -2.279263 -2.277266 -1.98946 -1.441918 -.7995493 .9546608 4.327838 6.77626 5.568548 4.199917 5.230036 4.826399 3.486011 1.362771 -2.045343 -1.814103 -.009771529 1.481289 3.245172 3.926678 2.242008 1.399428 1.211283 3.707077 5.697882 4.647295 4.08836 4.052926 5.389922 9.772203
-2.549207 -2.571772 -2.580745 -2.828354 -3.02498 -2.240448 -1.450975 -1.728958 -1.490056 -1.453326 -1.537613 -1.195746 -.8188308 -.8731185 -1.135736 -1.338764 -1.342422 -1.407847 -1.490509 -1.684679 -2.286887 -1.786892 -1.216886 -1.597593 -2.673675 -2.561817 -1.988656 -1.461358 -1.456413 -1.681508 -2.066638 -1.947313 -1.464573 -1.578418 -1.489972 -.9683818 -.2977913 .6501703 3.681092 6.252132 7.422888 6.426616 6.182665 5.662597 2.142183 -3.35885 -7.384276 -2.073771 3.615782 4.969293 5.861997 6.089318 2.492828 1.116913 6.071924 9.866226 10.24957 8.349487 2.726734 -.3062696 -1.10989 .7197735
-2.680509 -2.569711 -2.733784 -3.099195 -3.57848 -3.318246 -2.255638 -1.454335 -1.145462 -.9224393 -.7252502 -.9955108 -1.097144 -1.276436 -1.455046 -1.573305 -1.573399 -1.75607 -1.849832 -1.690857 -1.43317 -1.376355 -1.118379 -1.235512 -1.809751 -2.229465 -1.546375 -.7731773 -.2031658 -1.122574 -1.331564 -.3181331 -.8637013 -.9731167 -1.305189 -.7342443 .0460199 .933281 2.213228 3.252906 6.261957 7.649574 5.359529 1.868185 -3.515205 -6.839523 -3.382795 -.7568251 3.777316 4.492098 3.813631 3.506409 5.509069 7.722908 10.97025 12.85687 11.72923 9.177141 2.914397 -2.25836 -5.045312 -5.877515
-2.643009 -2.437657 -2.662386 -3.393731 -3.55434 -3.197583 -2.326761 -1.638419 -1.147634 -.3844979 .03742036 -.7692319 -1.299195 -1.662271 -1.858957 -1.747436 -1.71443 -1.874382 -2.117255 -1.397684 -1.238299 -1.320773 -1.531357 -1.742009 -1.411843 -1.261973 -1.263422 -.6361889 -.05048307 .1341939 -.3975727 .8008454 1.13636 .527441 .2245903 -.1418948 .6767827 1.779066 1.59064 1.884042 3.450799 4.155249 1.917559 .3672048 .3403875 2.067345 2.799193 3.052143 1.998055 1.697073 .7953998 2.155471 7.07278 11.93312 13.42433 10.44861 6.45056 3.760263 2.831956 -.4105451 -2.836609 -4.720743
-2.589615 -2.350687 -2.298346 -3.709659 -3.710626 -3.13854 -2.516195 -1.996554 -1.4604 -.1158503 .8889708 -.07792208 -1.181995 -2.031138 -2.303169 -1.949522 -1.708577 -1.555574 -1.554876 -1.651342 -1.568866 -1.245083 -1.128788 -1.130618 -1.251757 -1.743831 -1.648336 -.9762638 -.5983477 -.4261471 .5190184 1.030424 1.759959 2.363445 2.207245 2.273526 2.207773 3.223829 3.553429 3.009738 3.310903 4.07238 4.353014 4.60254 4.839261 4.377923 3.621293 1.65668 -.338024 -.2631735 .7295608 4.148088 9.29567 12.66311 13.71675 9.443192 1.882962 -4.318814 -4.917805 -2.867235 -.01678985 -.4151423
-2.663002 -2.592524 -2.482954 -3.308115 -3.634236 -3.135128 -2.58205 -2.078848 -1.519271 -1.450974 .159777 .4550039 -.7113426 -1.893572 -2.526069 -2.094971 -1.70672 -1.14353 -.8952748 -2.323975 -2.105159 -1.418949 -.7387032 -.6505368 -1.690624 -2.652696 -2.205457 -1.475226 -1.031013 -.699854 1.010791 1.234419 1.359939 2.338791 3.070447 3.36742 4.501048 5.05232 6.228703 5.985766 5.778312 5.98521 6.191479 5.407236 4.216075 2.87104 -.3641743 -2.102848 -1.883719 .4237315 6.76385 12.36892 13.86528 13.34825 12.15433 8.479246 .6150767 -5.233854 -10.1762 -12.62056 -7.379788 -1.191214
-2.944731 -3.006286 -3.106616 -3.195833 -3.098194 -2.893051 -2.496848 -2.073615 -1.888545 -2.373038 -2.299966 -.8795152 -.981142 -2.11109 -2.154856 -1.948294 -1.798424 -1.541503 -1.086316 -1.973258 -2.22941 -1.734927 -1.469634 -1.925944 -2.917076 -3.075545 -2.248331 -1.730099 -1.272496 -.3353794 1.552377 2.550282 1.888733 2.777595 3.660838 4.64546 5.113703 5.933158 7.705156 8.48912 9.155174 8.547901 8.836351 7.806303 5.140125 .009107728 -2.223727 -1.892737 2.741641 7.076517 11.8629 15.86725 15.40984 12.97482 10.07249 7.8035 3.022863 -3.892586 -10.0017 -13.62544 -16.15998 -12.47692
-3.242821 -3.322138 -3.572383 -2.695946 -2.456009 -2.45043 -2.243665 -1.962568 -2.318357 -2.856139 -3.218835 -3.260656 -2.614573 -1.853475 -1.234835 -1.475649 -1.828789 -2.363293 -2.329757 -2.058552 -2.068161 -2.100394 -2.220071 -2.82105 -2.936688 -1.832137 -1.801814 -1.763582 -1.66773 .1777469 1.679959 3.410377 3.893162 2.438177 4.371274 5.503936 5.351491 6.228938 8.376016 9.389853 9.999066 8.812933 8.079816 6.351503 3.985201 2.624734 4.187798 6.487716 8.304818 10.32301 11.46069 13.29816 16.39814 10.54967 3.962286 3.616458 5.482733 .8952167 -4.734866 -11.24128 -16.4376 -17.85733
-3.316508 -3.097852 -3.245258 -2.696464 -2.237764 -1.976078 -1.880939 -2.326416 -2.620328 -2.981408 -3.303939 -3.296613 -2.662725 -1.844951 -1.392469 -1.259744 -1.271969 -2.387547 -2.705442 -1.758668 -1.981183 -2.267486 -2.41235 -3.028978 -2.392097 -1.728038 -1.772101 -2.133239 -1.249797 -.115293 1.05662 2.360148 4.02111 3.455574 5.875068 7.599558 6.899293 7.003796 9.445519 11.01272 11.9357 10.66529 8.258595 7.079985 6.889354 7.736236 9.276567 10.20102 10.12638 10.37437 10.6 12.38233 14.52085 9.689505 -.8952211 -4.089174 1.488348 5.086845 .8937123 -4.471535 -13.04084 -16.32071
-3.229322 -2.882155 -3.137103 -2.746876 -2.303592 -1.910298 -1.721094 -2.482245 -2.661109 -2.867996 -2.947748 -2.787424 -2.591035 -2.083861 -1.749581 -1.560297 -1.147861 -1.698098 -2.579605 -1.724731 -1.660172 -2.173012 -2.40741 -2.36742 -2.153142 -1.790381 -1.831291 -1.859578 -1.578892 -1.073841 -.3788134 -.2076536 .1817647 3.407931 4.719697 6.649283 8.811669 10.86664 9.641315 10.8005 14.97268 15.86524 14.31558 11.54004 10.86417 11.42105 11.12891 11.10099 10.35752 9.701992 9.707178 11.25515 11.73196 9.548224 .3761831 -9.150468 -8.467144 .4661232 6.768773 4.137896 -6.013513 -12.9154
-3.084236 -2.890019 -2.737893 -2.416192 -2.214723 -2.023355 -1.90704 -2.174681 -2.543237 -2.642003 -2.713826 -2.666859 -2.542773 -2.304576 -2.189966 -2.101041 -1.774997 -2.171935 -1.928674 -1.373531 -.8961171 -2.387619 -2.790356 -2.278556 -2.001604 -1.514798 -1.877483 -1.964959 -2.26829 -2.421916 -1.691035 -.3551453 .5558335 1.179658 1.054721 4.102439 10.06586 13.54627 9.56832 11.44991 13.78646 17.73907 19.81907 18.81723 17.5981 16.78326 14.81909 12.51007 11.55497 11.28041 10.03615 7.55462 7.185147 8.212942 3.956403 -9.433928 -12.71695 -8.004633 2.204982 6.414798 2.188974 -10.04268
