py_wake/examples/data/AJ_ParqueFicticio/Rough survey   Sector 6   Height 200m   Orographic turn.grd
DSAA
73  159
 258469   265669
 6501692   6517492
-15.24533   14.5797
[rows 81 to 107 of 159, columns 0 to 60 of 73]
-2.868702 -2.940696 -2.971873 -2.994424 -3.123225 -3.285858 -3.472389 -3.594004 -3.66929 -3.753556 -3.790992 -3.718249 -3.703423 -3.615428 -3.505528 -3.411786 -3.356032 -3.267323 -3.190988 -3.151133 -3.249001 -3.364264 -3.527681 -3.65889 -3.773667 -3.90355 -4.158257 -4.586145 -4.964765 -5.057202 -4.663752 -3.991285 -3.334498 -3.029686 -2.78718 -2.598941 -2.549677 -2.523433 -2.668159 -2.723053 -2.516034 -2.036541 -1.588943 -1.133563 -.8778839 -.5636491 -.2128485 .05277662 .2846178 .4442782 .547426 .6182466 .5423425 .3826184 .2379141 .2441904 .5698623 .9775807 1.420279 1.803677 2.025933
-3.039073 -3.139935 -3.178187 -3.245639 -3.360615 -3.539814 -3.765779 -3.900372 -4.005649 -4.097497 -4.151435 -4.043866 -3.959633 -3.92619 -3.83801 -3.779191 -3.721187 -3.549168 -3.458878 -3.450874 -3.517414 -3.599063 -3.752857 -3.91764 -4.063558 -4.220249 -4.460161 -4.817012 -5.190759 -5.247534 -4.720956 -4.094421 -3.421257 -3.046445 -2.797286 -2.528134 -2.477283 -2.45984 -2.64963 -2.745866 -2.453498 -1.979359 -1.495334 -1.045426 -.7708249 -.4077261 .06267451 .3991949 .6510634 .7960591 .7953667 .6948154 .5178881 .3008463 .07955083 .0954772 .4350819 .8705447 1.368414 1.844913 2.156015
-3.224782 -3.310148 -3.404167 -3.502224 -3.651196 -3.825979 -4.005539 -4.191176 -4.318523 -4.417246 -4.409435 -4.335321 -4.316643 -4.308508 -4.28797 -4.222884 -4.089586 -3.92013 -3.811339 -3.822828 -3.807838 -3.831137 -3.955793 -4.1194 -4.323615 -4.547031 -4.735188 -5.027261 -5.261871 -5.186266 -4.679434 -4.043073 -3.455935 -2.949762 -2.727751 -2.330503 -2.285563 -2.396952 -2.596453 -2.434509 -2.190877 -1.941879 -1.479503 -1.044645 -.8063174 -.4384335 .08210096 .4576531 .8054444 .9542964 .8756348 .6371303 .3913674 .1254867 -.06474532 -.01051399 .322871 .8179985 1.384041 1.940223 2.354316
-3.349102 -3.488734 -3.616612 -3.744618 -3.881704 -4.082676 -4.249393 -4.46582 -4.640708 -4.701232 -4.696348 -4.698925 -4.703697 -4.674591 -4.659889 -4.545279 -4.449096 -4.332028 -4.201157 -4.112945 -4.107184 -4.104109 -4.148561 -4.270834 -4.457621 -4.731743 -4.99929 -5.183506 -5.282689 -5.045573 -4.482709 -3.88925 -3.369249 -2.842633 -2.588555 -2.098375 -2.090235 -2.276613 -2.278998 -2.250251 -2.21665 -2.051029 -1.593471 -1.09427 -.8229303 -.462503 .1313588 .5895651 .9769018 1.132401 .9514999 .6534203 .2909129 .0150189 -.1366468 -.003211172 .3683304 .8921787 1.535718 2.132242 2.595803
-3.594607 -3.70536 -3.820084 -3.974587 -4.121902 -4.334992 -4.507339 -4.736294 -4.887121 -4.975584 -5.010343 -5.069001 -5.107999 -5.038141 -4.930575 -4.851686 -4.781788 -4.719297 -4.581866 -4.519816 -4.484294 -4.462956 -4.439066 -4.524308 -4.790803 -5.213262 -5.52273 -5.688886 -5.475433 -5.135304 -4.439302 -3.751982 -3.368715 -2.823995 -2.481041 -1.971812 -1.935593 -2.158299 -2.19251 -2.197119 -2.203356 -1.985503 -1.634984 -1.086154 -.6896883 -.3230529 .1519286 .6528534 1.112034 1.364726 1.196357 .8095831 .43242 .1581932 .03496153 .1748256 .5980881 1.141477 1.737623 2.317124 2.791344
-3.811064 -3.905638 -4.037354 -4.219269 -4.389832 -4.554367 -4.774733 -4.955338 -5.076727 -5.207367 -5.304126 -5.341246 -5.337984 -5.3153 -5.221582 -5.132428 -5.08302 -5.009431 -4.981125 -4.97617 -4.954856 -4.943643 -4.938792 -5.018596 -5.35509 -5.894969 -6.373789 -6.409581 -5.982274 -5.294226 -4.410024 -3.670714 -3.098807 -2.5921 -2.224795 -1.760746 -1.706912 -1.945346 -2.068525 -2.173521 -2.197472 -1.991076 -1.48789 -.9427721 -.520538 -.1682654 .2430135 .6744277 1.197058 1.610989 1.590673 1.210977 .7538936 .5018643 .3265826 .4313795 .8750163 1.388727 1.945509 2.486876 2.985049
-3.98303 -4.122814 -4.279814 -4.486713 -4.683551 -4.8504 -5.045195 -5.171341 -5.308513 -5.468301 -5.557024 -5.644484 -5.652474 -5.641524 -5.576255 -5.473435 -5.399497 -5.371633 -5.340315 -5.35239 -5.414887 -5.517699 -5.623765 -5.693995 -6.001828 -6.546932 -7.015867 -6.965495 -6.34871 -5.277841 -4.08907 -3.118114 -2.462603 -1.985721 -1.692634 -1.413887 -1.428415 -1.687177 -1.986562 -2.182204 -2.167291 -1.886997 -1.409639 -.7687427 -.3271579 .03572922 .2617133 .6234061 1.141979 1.615024 1.759959 1.474351 1.136225 .8727059 .7060041 .7486949 1.120589 1.630322 2.056459 2.665775 3.223327
-4.183309 -4.350979 -4.545767 -4.745903 -4.964538 -5.192728 -5.343063 -5.490209 -5.647773 -5.767557 -5.834422 -5.926047 -5.950526 -5.956884 -5.918584 -5.904077 -5.809396 -5.755905 -5.692316 -5.68368 -5.750066 -5.91704 -6.044688 -6.183697 -6.324995 -6.639906 -6.975862 -6.82812 -6.001643 -4.706983 -3.440851 -2.317701 -1.758609 -1.258554 -.9852307 -.9516816 -1.135006 -1.422224 -1.803161 -2.031564 -2.009868 -1.700371 -1.233119 -.6938912 -.2866983 .01783141 .2301481 .4906596 .9257279 1.313524 1.504004 1.413953 1.315556 1.125739 .8810466 .838783 1.165496 1.708262 2.223398 2.796837 3.530645
-4.37766 -4.586355 -4.75791 -4.964081 -5.229779 -5.462036 -5.654148 -5.846854 -5.986377 -6.071431 -6.150515 -6.180268 -6.240067 -6.254446 -6.237825 -6.282626 -6.233523 -6.104901 -6.006762 -5.884569 -5.829215 -5.91779 -6.032544 -6.071703 -5.977194 -6.051465 -6.146334 -5.998318 -5.127621 -3.818641 -2.448951 -1.515594 -.9347941 -.568118 -.3513565 -.5041314 -.8086665 -1.101295 -1.517051 -1.778507 -1.772414 -1.537669 -1.081823 -.6296625 -.2756059 -.04615525 .2169979 .4286851 .7435039 1.028271 1.053468 1.12304 1.146804 1.039216 .9167237 .8514443 1.108621 1.66306 2.279762 3.009333 3.866463
-4.530672 -4.727552 -4.932386 -5.187072 -5.442014 -5.696162 -5.942617 -6.113681 -6.2789 -6.370713 -6.411053 -6.417743 -6.473976 -6.527628 -6.510813 -6.513366 -6.513158 -6.438446 -6.223968 -5.878805 -5.638275 -5.567235 -5.55406 -5.450478 -5.198757 -4.935581 -4.902684 -4.799042 -4.089196 -2.861602 -1.584833 -.6703883 -.1447948 .1342709 .2598106 .01161965 -.2357275 -.6628647 -1.168871 -1.45298 -1.474482 -1.235087 -.8084462 -.3915085 -.002078596 .3026044 .5597491 .8848133 1.060718 1.062394 1.00691 .9558482 1.166466 1.242327 1.127074 .9816607 1.055196 1.544413 2.38179 3.407628 4.414352
-4.661098 -4.88193 -5.078922 -5.337553 -5.611093 -5.913291 -6.139164 -6.324001 -6.460276 -6.547693 -6.606946 -6.635678 -6.641057 -6.655345 -6.663525 -6.666311 -6.679128 -6.59073 -6.310555 -5.750711 -5.19777 -4.911157 -4.829667 -4.65587 -4.251283 -3.891527 -3.730278 -3.665051 -3.140822 -2.009225 -.8548457 .06184287 .5699308 .9113982 .7420997 .5936292 .3706809 -.07169338 -.6789034 -1.11601 -1.119724 -.8145566 -.2997686 .1256009 .5596631 .9343986 1.151387 1.477982 1.588953 1.523645 1.474666 1.453158 1.524282 1.688952 1.623507 1.476761 1.436621 1.943204 3.013583 4.278816 5.335522
-4.762886 -5.041533 -5.26406 -5.508732 -5.787811 -6.037569 -6.248428 -6.445895 -6.578389 -6.677886 -6.701834 -6.675909 -6.725844 -6.679455 -6.600419 -6.680552 -6.617509 -6.475898 -6.112133 -5.336187 -4.476937 -4.038195 -3.923109 -3.829614 -3.448873 -3.027612 -2.816208 -2.776044 -2.282912 -1.271423 -.1703371 .6795763 1.140058 1.392306 1.133179 .9561082 .8703728 .566112 -.1166029 -.6243567 -.6320008 -.2464278 .3367696 .8589697 1.201414 1.470216 1.653214 2.006703 2.174132 2.182064 2.106722 2.049099 2.080644 2.151502 2.302598 2.403833 2.566248 3.027744 3.97173 5.267462 6.564574
-4.947125 -5.216661 -5.446865 -5.671912 -5.886414 -6.14361 -6.343344 -6.532294 -6.64879 -6.724824 -6.740814 -6.742807 -6.700461 -6.652374 -6.527166 -6.390023 -6.294736 -6.112399 -5.681979 -4.795674 -3.634209 -3.026337 -2.996808 -3.041812 -2.731 -2.269272 -2.030124 -1.993397 -1.566318 -.7187306 .3016714 1.023911 1.599262 1.768389 1.527627 1.301216 1.282471 1.115373 .5441841 .06931884 .01167511 .4759918 1.03267 1.433661 1.563703 1.763769 2.012565 2.235661 2.498189 2.565664 2.497258 2.47537 2.497392 2.554773 2.898041 3.216111 3.598541 4.044312 4.831735 6.07755 7.538698
-5.138816 -5.389442 -5.635785 -5.852301 -6.039793 -6.225826 -6.412995 -6.620114 -6.689525 -6.727175 -6.783045 -6.759393 -6.717369 -6.604933 -6.342836 -6.058955 -5.782558 -5.519632 -5.150461 -4.222103 -2.920966 -2.104578 -2.067349 -2.283778 -2.063476 -1.632558 -1.376939 -1.351317 -1.193392 -.4874389 .3930317 1.202526 1.871957 2.059558 1.822022 1.6326 1.699601 1.702866 1.301046 .8502765 .7579822 1.071207 1.482005 1.656274 1.728268 1.844133 2.058298 2.303001 2.521324 2.578299 2.543963 2.529532 2.673541 2.890519 3.224117 3.605567 4.068009 4.522009 5.220973 6.441788 8.056345
-5.336281 -5.617781 -5.806149 -5.973804 -6.161802 -6.284035 -6.446568 -6.554402 -6.654443 -6.709787 -6.692961 -6.670541 -6.624349 -6.476022 -6.149139 -5.633734 -5.114971 -4.91611 -4.572526 -3.739085 -2.418827 -1.367734 -1.236253 -1.531925 -1.490911 -1.162848 -1.039195 -1.217636 -1.17371 -.6914142 .1375859 1.145382 2.085382 2.484082 2.233537 2.085571 2.185663 2.315361 1.997912 1.471487 1.271581 1.39833 1.639902 1.695776 1.726832 1.793836 1.989174 2.22085 2.279974 2.29415 2.230782 2.311621 2.566032 2.845146 3.221775 3.663739 4.224932 4.749751 5.4389 6.545613 8.161238
-5.508652 -5.766809 -5.90906 -6.013068 -6.149741 -6.274528 -6.400128 -6.495827 -6.502638 -6.55054 -6.503979 -6.450223 -6.368216 -6.164819 -5.746254 -5.121708 -4.479576 -4.230165 -4.038002 -3.33524 -1.990766 -.774696 -.4891932 -.9539486 -1.110533 -1.124728 -1.247653 -1.615033 -1.698494 -1.177946 -.1524827 1.192169 2.534616 3.09489 2.936593 2.599771 2.707406 2.871764 2.535104 1.883969 1.531328 1.455746 1.515179 1.548894 1.56919 1.659517 1.709884 1.808484 1.753192 1.695454 1.595013 1.683052 1.880604 2.247957 2.855103 3.442047 4.18423 4.939199 5.677273 6.661277 8.021483
-5.635919 -5.83643 -5.951009 -6.021676 -6.066562 -6.178065 -6.269897 -6.324957 -6.329954 -6.315388 -6.199195 -6.072869 -5.906575 -5.696836 -5.219116 -4.492488 -3.800907 -3.514477 -3.388933 -2.777792 -1.63257 -.512962 -.187521 -.6242933 -1.156707 -1.481054 -1.858184 -2.27516 -2.267843 -1.473925 -.05203902 1.647015 3.171314 3.915818 3.765326 3.186408 3.190598 3.142844 2.654003 1.907529 1.346055 1.154375 1.165733 1.21274 1.210557 1.2002 1.058553 1.034903 .846066 .7318866 .6459627 .5998945 .8766742 1.369342 2.131911 2.946676 3.995356 4.962814 5.852036 6.867563 8.035258
-5.630816 -5.823311 -5.9398 -5.956587 -5.971266 -5.981535 -6.046084 -6.064281 -6.020436 -5.922654 -5.681084 -5.446801 -5.168146 -4.885787 -4.423847 -3.749446 -2.957614 -2.592032 -2.558113 -2.201394 -1.218871 -.3161076 -.0633104 -.5916967 -1.372162 -1.86511 -2.19628 -2.392344 -1.927441 -.7165393 .8632113 2.45868 3.84727 4.500286 4.259934 3.595698 3.304531 3.007841 2.437605 1.602314 .9752131 .7010513 .6817297 .7128605 .6651554 .530869 .2381817 -.01311495 -.3097332 -.4623577 -.4680693 -.3288502 .1590445 .9986568 2.023705 3.130008 4.206401 5.337209 6.336507 7.314165 8.404223
-5.547287 -5.777193 -5.809886 -5.816333 -5.712485 -5.667549 -5.672687 -5.673799 -5.521195 -5.332338 -5.037795 -4.629532 -4.243313 -3.915704 -3.43737 -2.789763 -1.999562 -1.608197 -1.573525 -1.40194 -.7650988 -.06554975 .03146033 -.6253793 -1.523658 -1.966191 -2.011082 -1.602955 -.8316437 .4187845 1.757048 3.143373 4.229393 4.628359 4.308938 3.648783 3.010324 2.51704 1.932893 1.104178 .4270147 .04434739 .01411017 .04895022 .1090544 -.02858966 -.3586668 -.8166767 -1.194318 -1.312325 -1.044775 -.4669923 .3817967 1.53088 2.706005 3.942579 5.101159 6.404716 7.367459 8.423872 9.465697
-5.315091 -5.471559 -5.525533 -5.490969 -5.288333 -5.106816 -5.088876 -5.000019 -4.796318 -4.585154 -4.183378 -3.706828 -3.236608 -2.796597 -2.384371 -1.74667 -1.079301 -.662258 -.6435582 -.6240924 -.2802072 .1072903 .06569797 -.6856781 -1.415551 -1.672505 -1.244248 -.577344 .3193594 1.232822 2.306396 3.463682 4.350052 4.552037 4.03218 3.395371 2.64685 2.016882 1.260674 .468522 -.2820651 -.7952702 -.7339144 -.4309232 -.246668 -.190055 -.4827586 -.9552147 -1.265253 -1.231357 -.6117069 .2810586 1.328978 2.490481 3.717153 4.983376 6.224255 7.501488 8.668965 9.714358 10.71707
-4.890414 -5.007044 -5.105295 -5.016106 -4.721449 -4.391823 -4.218814 -4.170805 -3.930451 -3.600655 -3.181692 -2.621911 -2.073796 -1.628559 -1.167575 -.6534658 -.1192927 .1669171 .1282434 .0315442 .126166 .2449712 .07688382 -.4849923 -.9514255 -.8437889 -.1772569 .4946818 1.042708 1.640495 2.47576 3.412782 4.19305 4.296183 3.792188 3.092148 2.405449 1.681447 .874011 -.06735359 -.8712919 -1.266045 -1.101298 -.5646557 .03716373 .4844568 .272453 -.2391229 -.4516313 -.3512462 .2643186 1.180007 2.339091 3.524887 4.75228 5.937777 7.170179 8.34557 9.525023 10.61035 11.59365
-4.333092 -4.46903 -4.545965 -4.500592 -4.13808 -3.599337 -3.280469 -3.164119 -2.89267 -2.568144 -2.140108 -1.640051 -1.01 -.4426748 .0221095 .4479169 .8091874 .9284807 .7919375 .528507 .4164395 .5437649 .4787256 .1672509 -.01025112 .1202819 .4704852 .8880838 1.219507 1.726639 2.379021 3.192138 3.883187 3.966666 3.468648 2.832399 2.171858 1.416034 .5261222 -.3735064 -1.013692 -1.178589 -.7336119 .03499109 .83978 1.504193 1.581744 1.063808 .6423762 .5456027 .9957719 1.857443 3.039344 4.28809 5.518185 6.575309 7.695397 8.742765 9.875102 11.02639 12.16363
-3.728107 -3.849243 -3.970803 -3.943669 -3.572822 -2.953784 -2.459427 -2.274038 -2.012065 -1.702882 -1.294331 -.7266535 -.04310434 .6179455 1.213324 1.632431 1.748443 1.674865 1.376976 1.069715 1.029188 1.249794 1.369066 1.245914 .9801154 .744259 .655983 .7763887 1.070291 1.503332 2.222835 2.993047 3.612041 3.666906 3.268151 2.655235 2.024826 1.280183 .4425921 -.309202 -.610153 -.5422844 -.01014445 .7356836 1.697155 2.575011 2.842734 2.503651 1.801621 1.426502 1.598851 2.290289 3.383202 4.697511 5.94568 6.978378 8.001998 8.989547 10.0971 11.31829 12.78591
-3.261313 -3.25082 -3.329738 -3.372098 -3.152238 -2.525382 -1.952274 -1.608384 -1.380868 -1.075782 -.6804712 -.1421686 .655558 1.509169 2.279158 2.729976 2.748221 2.529666 2.078391 1.877568 1.951675 2.252089 2.414919 2.1878 1.594427 .8824379 .459383 .4807567 .833083 1.417612 2.248516 3.052965 3.592771 3.545655 3.122086 2.501726 1.942875 1.207082 .4569166 -.08499956 -.210222 -.06194279 .4449154 1.288168 2.290196 3.32874 4.069374 3.993861 3.212499 2.484859 2.282168 2.675093 3.685327 5.041873 6.354443 7.461329 8.465715 9.399568 10.44233 11.65743 13.13963
-2.84016 -2.696465 -2.759745 -2.931026 -2.825041 -2.362658 -1.674335 -1.14318 -.861465 -.595894 -.2459787 .3055189 1.15247 2.165739 3.085213 3.668082 3.697401 3.362175 2.884385 2.659867 2.822092 3.122518 3.190262 2.701387 1.758459 .8318236 .3455924 .3810861 .8931308 1.542953 2.476053 3.293773 3.697044 3.670729 3.154529 2.627586 2.011503 1.172189 .5084323 .1062089 -.1010168 .106581 .7375202 1.800664 3.007621 4.221485 5.280992 5.634969 4.899076 3.79772 3.183748 3.290076 4.172529 5.571748 6.92861 8.078149 9.03084 9.915663 10.77148 11.78992 13.1475
-2.478624 -2.159692 -2.156682 -2.376784 -2.415806 -2.084755 -1.439357 -.817681 -.3606171 -.07082769 .1883234 .6946389 1.478139 2.591111 3.605335 4.363044 4.447251 4.039904 3.486 3.18475 3.292499 3.545095 3.540624 2.86667 1.797572 .8585894 .4518603 .5022904 1.035727 1.795302 2.733542 3.514645 3.855058 3.766692 3.274523 2.723635 2.010797 1.101131 .45841 .1140187 -.02847989 .2725207 1.185549 2.622922 4.143124 5.536984 6.724972 7.27795 6.642168 5.347261 4.355172 4.149434 4.86823 6.213767 7.525551 8.526899 9.364003 10.09264 10.78688 11.72207 12.88998
-1.936422 -1.484886 -1.422948 -1.563031 -1.683467 -1.512152 -1.045618 -.4247635 .1252327 .3503577 .5158157 .8890518 1.655627 2.727113 3.76811 4.663506 4.927255 4.45544 3.768899 3.386225 3.404458 3.658045 3.640032 3.040529 1.956446 1.112132 .7069238 .7515532 1.22709 1.936379 2.823666 3.542922 3.844083 3.759816 3.378242 2.864098 2.062897 1.170172 .5336974 .2209707 .232531 .7968734 2.068341 3.942748 5.690021 7.062652 8.121238 8.698173 8.234619 6.86611 5.530671 5.00967 5.53214 6.621771 7.710422 8.398353 9.048994 9.748466 10.47019 11.33127 12.51852
