py_wake/examples/data/AJ_ParqueFicticio/Rough survey   Sector 1   Height 200m   Mean speed.grd
DSAA
73  159
 258469   265669
 6501692   6517492
 3.591073   7.682683
[rows 84 to 111 of 159, columns 0 to 62 of 73]
5.045156 5.02014 5.001365 4.984038 4.967659 4.944614 4.928688 4.906864 4.88755 4.874552 4.862849 4.843258 4.817709 4.803632 4.794214 4.786613 4.777715 4.776129 4.790027 4.816847 4.843261 4.867249 4.893393 4.923909 4.962042 4.995837 5.022794 5.048329 5.063499 5.084869 5.114336 5.144603 5.162817 5.165635 5.142844 5.140532 5.1143 5.10439 5.123681 5.140716 5.157077 5.153325 5.158001 5.156815 5.159774 5.176231 5.20448 5.233819 5.277826 5.330903 5.380572 5.410026 5.415762 5.404136 5.384585 5.373183 5.361187 5.347709 5.339314 5.319427 5.288642 5.237868 5.197607
5.014482 4.997755 4.978923 4.959398 4.941937 4.921423 4.905039 4.883193 4.864219 4.851275 4.832192 4.808689 4.78438 4.765137 4.763523 4.757702 4.74882 4.736228 4.733219 4.740549 4.762695 4.787878 4.826653 4.873545 4.927538 4.970311 4.999806 5.012902 5.02532 5.027555 5.055024 5.097429 5.116047 5.129024 5.115044 5.122147 5.115027 5.131367 5.163866 5.189469 5.195329 5.188527 5.181626 5.183729 5.184602 5.199904 5.209283 5.214662 5.222778 5.255963 5.30974 5.358078 5.393461 5.40926 5.410126 5.413716 5.414466 5.399609 5.377525 5.3446 5.297437 5.230579 5.185092
4.975178 4.965207 4.952102 4.93392 4.914655 4.89905 4.879005 4.860113 4.849837 4.831216 4.809027 4.789397 4.769694 4.747152 4.735652 4.73219 4.725269 4.714067 4.696047 4.68453 4.685758 4.701278 4.730837 4.773131 4.827628 4.879529 4.909589 4.938021 4.946364 4.961224 5.001235 5.037334 5.07851 5.106688 5.115128 5.131752 5.127383 5.149707 5.189741 5.218924 5.223585 5.217008 5.229703 5.241365 5.248748 5.256282 5.259392 5.249485 5.241047 5.242834 5.26342 5.314533 5.369259 5.405187 5.431019 5.447548 5.456182 5.439986 5.41183 5.366229 5.309863 5.237206 5.193992
4.949011 4.935841 4.923333 4.90392 4.883037 4.866169 4.850737 4.838669 4.827854 4.809536 4.790361 4.768461 4.751899 4.726348 4.703724 4.697545 4.693453 4.68206 4.673552 4.655703 4.642306 4.637269 4.641484 4.671813 4.718706 4.777669 4.826173 4.878196 4.90759 4.951667 5.011963 5.056461 5.103389 5.140914 5.16311 5.168644 5.168387 5.190397 5.210638 5.231699 5.241211 5.254688 5.272991 5.298869 5.305515 5.304233 5.293484 5.286713 5.264542 5.242021 5.232357 5.265923 5.321561 5.384607 5.424715 5.452348 5.455741 5.441098 5.402014 5.368616 5.319789 5.269929 5.237417
4.93649 4.914369 4.896626 4.877004 4.855543 4.832189 4.815922 4.802482 4.789561 4.782312 4.770627 4.749902 4.732596 4.712336 4.685517 4.658291 4.649981 4.64473 4.64234 4.63385 4.627477 4.621499 4.626473 4.640945 4.682779 4.752219 4.831678 4.914261 4.977121 5.043438 5.084436 5.131847 5.152443 5.185136 5.204598 5.204639 5.225798 5.251857 5.258861 5.267986 5.280551 5.304698 5.315008 5.315055 5.306714 5.292744 5.274525 5.266301 5.243928 5.21102 5.182804 5.1822 5.225251 5.287136 5.35112 5.382296 5.388793 5.379621 5.3623 5.336908 5.321603 5.301819 5.313428
4.929471 4.901211 4.877737 4.85871 4.836905 4.812485 4.78905 4.761009 4.747268 4.742934 4.741057 4.734154 4.717227 4.69928 4.676555 4.635592 4.611316 4.609351 4.613703 4.624866 4.645474 4.661917 4.685637 4.724228 4.776383 4.842067 4.940691 5.041969 5.134697 5.184398 5.208172 5.211417 5.216955 5.221018 5.224977 5.228446 5.261434 5.30838 5.324083 5.332299 5.344398 5.350503 5.344514 5.323251 5.296208 5.281744 5.258772 5.239058 5.210608 5.182861 5.141769 5.119327 5.096914 5.136893 5.203193 5.254359 5.269338 5.271764 5.271963 5.285773 5.304913 5.323165 5.365417
4.930624 4.898775 4.872228 4.841683 4.822405 4.798347 4.772985 4.746915 4.722216 4.708603 4.709115 4.712452 4.702188 4.689913 4.672726 4.64042 4.603218 4.587737 4.59543 4.634291 4.688076 4.745987 4.807091 4.880174 4.956324 5.040959 5.134922 5.230191 5.300009 5.324434 5.318728 5.301619 5.294568 5.28215 5.268779 5.279967 5.311243 5.360974 5.392773 5.412018 5.416145 5.409121 5.394608 5.372716 5.379149 5.375826 5.367212 5.345111 5.301876 5.25984 5.228303 5.187113 5.143684 5.105365 5.103674 5.132551 5.142938 5.146194 5.17143 5.232831 5.294974 5.356496 5.411431
4.930864 4.897998 4.871885 4.841034 4.815521 4.791291 4.769972 4.746553 4.721627 4.703045 4.692518 4.692596 4.693366 4.69177 4.684207 4.65983 4.626718 4.610544 4.620111 4.662951 4.753052 4.859094 4.956897 5.060966 5.170826 5.251408 5.329497 5.400285 5.437091 5.437216 5.420837 5.401762 5.383479 5.368484 5.348962 5.368771 5.375311 5.414581 5.462734 5.490238 5.500231 5.491547 5.482355 5.492477 5.523082 5.532273 5.512225 5.488815 5.444402 5.414363 5.415341 5.379731 5.322247 5.254977 5.171187 5.110392 5.106503 5.129078 5.179032 5.256103 5.324853 5.409594 5.470891
4.937817 4.898595 4.869297 4.839602 4.811932 4.795194 4.778977 4.756506 4.73697 4.713969 4.695801 4.691669 4.690212 4.701457 4.712973 4.699433 4.688885 4.689382 4.708016 4.753608 4.849771 4.984753 5.123427 5.245597 5.353456 5.421772 5.48904 5.53653 5.545636 5.530703 5.510463 5.489004 5.458705 5.423867 5.40722 5.437237 5.44807 5.475798 5.522911 5.565276 5.58832 5.591837 5.607386 5.644243 5.665433 5.656162 5.619657 5.585511 5.571107 5.580931 5.594822 5.578197 5.533926 5.462023 5.374313 5.309684 5.279387 5.295144 5.326974 5.364578 5.408096 5.474217 5.540133
4.933151 4.900667 4.868919 4.839989 4.819407 4.803244 4.79185 4.773101 4.755922 4.738724 4.718748 4.699986 4.700644 4.713928 4.737187 4.762773 4.786052 4.815211 4.857962 4.909343 4.993241 5.13396 5.279516 5.404568 5.502404 5.560757 5.61402 5.646367 5.632996 5.593104 5.558837 5.520133 5.493034 5.468902 5.474616 5.503661 5.519145 5.533913 5.587106 5.646469 5.68751 5.718989 5.751045 5.768609 5.753436 5.718613 5.680901 5.647749 5.654117 5.672481 5.687785 5.68904 5.666661 5.629622 5.582551 5.54084 5.522732 5.515505 5.499496 5.486107 5.493705 5.535291 5.601494
4.92791 4.901947 4.869976 4.844553 4.823457 4.814501 4.807839 4.793238 4.781765 4.770335 4.750719 4.729355 4.720181 4.731734 4.766768 4.821091 4.892855 4.97148 5.038455 5.101713 5.185506 5.283576 5.411242 5.528337 5.621965 5.668094 5.704222 5.717188 5.663618 5.608722 5.557165 5.512295 5.495455 5.494036 5.53363 5.576523 5.590745 5.61871 5.67627 5.735516 5.785187 5.812918 5.828498 5.806379 5.77399 5.732844 5.69855 5.685239 5.691626 5.693599 5.684289 5.669343 5.676248 5.68265 5.673079 5.667075 5.659794 5.643413 5.61532 5.586231 5.570563 5.58437 5.645792
4.915648 4.896103 4.875765 4.857655 4.838748 4.828398 4.827423 4.827852 4.820846 4.808747 4.798677 4.785381 4.772141 4.77472 4.808804 4.880562 4.9881 5.102791 5.207968 5.291904 5.377445 5.443301 5.531106 5.630654 5.708634 5.736859 5.733756 5.693439 5.623493 5.557474 5.506618 5.480052 5.487293 5.523079 5.584248 5.648824 5.671144 5.702743 5.756154 5.805576 5.822711 5.822275 5.816078 5.786059 5.753935 5.726332 5.707677 5.703364 5.683868 5.655177 5.622869 5.596655 5.592579 5.60825 5.635158 5.661805 5.681989 5.686596 5.685612 5.671216 5.64129 5.624691 5.654261
4.906894 4.894316 4.88849 4.88025 4.872154 4.861835 4.855267 4.860704 4.869524 4.864496 4.862453 4.864466 4.861401 4.868804 4.89855 4.96606 5.075296 5.208602 5.337478 5.459278 5.556511 5.604967 5.657976 5.713473 5.757885 5.734304 5.658819 5.567157 5.480264 5.427942 5.420582 5.444841 5.498771 5.568987 5.657273 5.724784 5.761578 5.783364 5.819127 5.849562 5.822542 5.783364 5.748675 5.714654 5.695036 5.690435 5.680155 5.652689 5.61148 5.566099 5.518459 5.473331 5.430763 5.41956 5.481277 5.534209 5.587834 5.635799 5.690317 5.708379 5.683816 5.650011 5.638626
4.908695 4.90451 4.902844 4.906368 4.912776 4.914096 4.904517 4.903319 4.92057 4.930777 4.943096 4.963226 4.98691 5.013089 5.05045 5.106096 5.191346 5.31141 5.461753 5.60606 5.697151 5.727005 5.754752 5.778519 5.754528 5.659368 5.54026 5.420431 5.348745 5.348097 5.406649 5.484962 5.550106 5.619037 5.713017 5.781054 5.839209 5.840969 5.825971 5.810472 5.752693 5.700049 5.655205 5.61904 5.591626 5.572342 5.537546 5.503783 5.455762 5.405634 5.358924 5.30072 5.252378 5.227414 5.269982 5.334496 5.412991 5.48633 5.568842 5.645 5.674792 5.654949 5.620747
4.93684 4.930745 4.931561 4.93736 4.946764 4.971433 4.976605 4.969505 4.988436 5.015923 5.050814 5.093833 5.148713 5.211387 5.272549 5.320459 5.385572 5.493778 5.619681 5.740671 5.819037 5.829777 5.826902 5.810166 5.727528 5.601313 5.477334 5.404467 5.420764 5.480575 5.550934 5.605817 5.636985 5.652337 5.710518 5.76326 5.797894 5.793207 5.762117 5.71924 5.65038 5.589118 5.539791 5.502911 5.473778 5.431633 5.368342 5.308871 5.254641 5.201754 5.167717 5.14413 5.147946 5.196961 5.240818 5.292089 5.335186 5.399113 5.473428 5.553252 5.617938 5.648308 5.626179
4.985797 4.977474 4.986241 4.99087 5.000895 5.037678 5.069071 5.073281 5.091123 5.134359 5.185856 5.252088 5.333111 5.431618 5.528491 5.593956 5.666965 5.734307 5.822131 5.901249 5.941757 5.936852 5.907369 5.831701 5.700832 5.586552 5.520663 5.560503 5.636012 5.693781 5.720592 5.726256 5.708506 5.671629 5.681957 5.695763 5.680703 5.653367 5.624682 5.586789 5.526185 5.45389 5.399274 5.357207 5.34081 5.315504 5.267976 5.191381 5.135922 5.095447 5.088147 5.132594 5.223751 5.329945 5.3856 5.440491 5.477511 5.519691 5.549991 5.604209 5.677273 5.721947 5.715123
5.056212 5.065243 5.075072 5.08323 5.095194 5.129889 5.184483 5.221251 5.243157 5.295105 5.362278 5.43981 5.536339 5.652399 5.77367 5.88961 5.968654 6.017517 6.050519 6.084685 6.084838 6.038393 5.966245 5.839608 5.719655 5.657765 5.680164 5.761763 5.846628 5.862355 5.841505 5.80247 5.753313 5.708797 5.67201 5.626276 5.567447 5.511148 5.460686 5.424454 5.367091 5.293714 5.251489 5.240425 5.230061 5.233313 5.228279 5.202387 5.190448 5.187872 5.216894 5.297215 5.397786 5.500637 5.573341 5.633258 5.673926 5.714656 5.748612 5.783347 5.822572 5.82236 5.812365
5.13829 5.173082 5.190539 5.206614 5.227496 5.25635 5.326747 5.394113 5.438025 5.502666 5.578663 5.662125 5.770109 5.891384 6.036636 6.165356 6.252159 6.291522 6.292791 6.278818 6.227771 6.133164 6.013224 5.895571 5.837999 5.855291 5.917993 5.969422 5.984594 5.949228 5.895987 5.833088 5.776178 5.720858 5.685445 5.608543 5.529963 5.454236 5.365521 5.280338 5.218868 5.18247 5.179952 5.208649 5.248661 5.277583 5.294409 5.340053 5.390554 5.41632 5.463518 5.524375 5.599276 5.676483 5.743597 5.792696 5.827829 5.85679 5.872115 5.876691 5.864435 5.856009 5.86949
5.224013 5.276757 5.318017 5.348598 5.382283 5.414768 5.47905 5.574724 5.650465 5.72923 5.821734 5.900947 6.023888 6.163826 6.291141 6.413949 6.491333 6.526619 6.520669 6.471549 6.372213 6.255762 6.150112 6.079403 6.072021 6.098727 6.112255 6.090202 6.031117 5.966704 5.90205 5.84021 5.78861 5.732008 5.670237 5.59435 5.511517 5.428016 5.325365 5.22145 5.178518 5.188046 5.254456 5.321669 5.364941 5.400551 5.453856 5.532945 5.622213 5.680486 5.721811 5.755477 5.792937 5.829893 5.863431 5.878513 5.888642 5.886836 5.877687 5.855542 5.838983 5.858068 5.935069
5.295037 5.369477 5.434198 5.492135 5.543803 5.57193 5.620296 5.718738 5.827831 5.923625 6.03105 6.148489 6.27299 6.405622 6.530054 6.642265 6.700161 6.727939 6.723491 6.668139 6.576073 6.490294 6.420269 6.379061 6.36174 6.326965 6.254475 6.141313 6.030384 5.940565 5.884637 5.839006 5.792907 5.72901 5.657592 5.578265 5.495021 5.406282 5.322208 5.271016 5.271301 5.303126 5.37485 5.432319 5.470383 5.508685 5.598311 5.717 5.827955 5.917717 5.961296 5.97741 5.971023 5.954408 5.936209 5.912331 5.905394 5.893779 5.872077 5.841595 5.829704 5.861551 5.940088
5.313013 5.420174 5.525864 5.616241 5.675328 5.707365 5.74331 5.829621 5.932719 6.046938 6.181462 6.325009 6.462124 6.59033 6.715243 6.819423 6.8858 6.912238 6.913612 6.889056 6.836701 6.788686 6.746679 6.701097 6.632028 6.513796 6.359576 6.206525 6.081815 5.992899 5.938577 5.886394 5.83361 5.763632 5.690468 5.609701 5.523456 5.421363 5.350102 5.343703 5.376214 5.418214 5.44931 5.478412 5.512236 5.571097 5.688852 5.851565 5.997628 6.116691 6.193614 6.208733 6.182063 6.122016 6.071005 6.030687 6.011234 5.989009 5.96004 5.915824 5.870818 5.862217 5.890548
5.32272 5.4259 5.553992 5.668562 5.758337 5.802198 5.851117 5.928291 6.020838 6.146514 6.284193 6.435597 6.580061 6.708098 6.812042 6.917516 7.004796 7.054036 7.078504 7.076414 7.064023 7.043985 7.010683 6.949304 6.83295 6.662802 6.497654 6.353619 6.246682 6.156852 6.084055 6.006756 5.921011 5.847548 5.767017 5.67731 5.571589 5.464778 5.414311 5.414186 5.443321 5.474244 5.487784 5.525321 5.595836 5.699675 5.808179 5.960613 6.133664 6.285345 6.404291 6.457495 6.444867 6.393571 6.341621 6.29168 6.232523 6.165571 6.102875 6.030121 5.953606 5.883444 5.847356
5.400588 5.461369 5.560129 5.681379 5.802515 5.891723 5.957541 6.025038 6.134691 6.260287 6.387173 6.517927 6.644482 6.758456 6.847013 6.912695 7.00473 7.093762 7.133458 7.151599 7.152728 7.13944 7.116611 7.063278 6.968704 6.824581 6.695045 6.576018 6.478223 6.380557 6.275455 6.158781 6.042086 5.931879 5.81897 5.712348 5.611468 5.523575 5.49537 5.483829 5.508215 5.543464 5.583432 5.661239 5.770867 5.903139 6.003766 6.094457 6.241298 6.407438 6.556157 6.66771 6.704553 6.692643 6.645023 6.559879 6.444674 6.31999 6.207472 6.119291 6.02839 5.93542 5.861633
5.581761 5.598417 5.653254 5.745212 5.864854 5.995095 6.090379 6.173929 6.272264 6.376041 6.484131 6.585795 6.677348 6.746849 6.790329 6.817233 6.867848 6.96285 7.041313 7.089305 7.104664 7.103155 7.090501 7.072175 7.040148 6.980617 6.898667 6.815912 6.726144 6.609499 6.472241 6.321847 6.16255 6.019334 5.888525 5.773262 5.674011 5.627631 5.618578 5.610214 5.631115 5.692749 5.773555 5.883188 6.007084 6.140501 6.240551 6.29911 6.381316 6.507181 6.633725 6.767938 6.834019 6.832825 6.784707 6.675518 6.530639 6.387073 6.264682 6.16161 6.065692 5.974746 5.904144
5.83432 5.835474 5.862466 5.915367 5.996319 6.110959 6.230374 6.332749 6.403349 6.473702 6.555887 6.631914 6.679312 6.690839 6.669068 6.652006 6.654655 6.718801 6.818065 6.90762 6.97446 7.003503 7.023073 7.046789 7.057231 7.053657 7.032183 6.991767 6.926699 6.805283 6.654141 6.480033 6.292649 6.125814 5.980421 5.865572 5.794349 5.775692 5.793266 5.810849 5.85097 5.926865 6.026505 6.124467 6.233493 6.352266 6.44346 6.500371 6.547943 6.617006 6.694822 6.773878 6.789714 6.768475 6.694359 6.589262 6.468425 6.348946 6.25015 6.162458 6.077375 5.992835 5.945363
6.117883 6.117407 6.119557 6.155282 6.195978 6.265306 6.349955 6.437284 6.49025 6.534935 6.591363 6.631584 6.64342 6.589181 6.528502 6.480149 6.448186 6.465415 6.554218 6.670776 6.780898 6.852827 6.891843 6.951885 7.003666 7.047444 7.097391 7.114239 7.053735 6.927655 6.760837 6.556849 6.356854 6.16758 6.032145 5.950062 5.932696 5.963338 6.01275 6.069825 6.12637 6.202275 6.285977 6.343586 6.397509 6.47482 6.543077 6.603622 6.658362 6.719227 6.753703 6.753479 6.707124 6.623784 6.509867 6.399595 6.305978 6.222184 6.156445 6.105997 6.043368 5.980458 5.954938
6.3752 6.384838 6.370886 6.377384 6.381102 6.396719 6.438687 6.496031 6.55053 6.580813 6.609972 6.626298 6.598611 6.528911 6.450779 6.373977 6.308049 6.260342 6.304809 6.426635 6.562655 6.66853 6.732331 6.816453 6.903267 6.987362 7.080819 7.124523 7.072861 6.946186 6.76863 6.563435 6.360617 6.198401 6.089678 6.059374 6.084359 6.15674 6.243925 6.331344 6.398668 6.459111 6.498521 6.500118 6.489635 6.48464 6.503272 6.542853 6.603601 6.680248 6.725893 6.696562 6.606609 6.47617 6.341178 6.224802 6.140355 6.077018 6.029353 5.979364 5.93671 5.904678 5.917462
6.59035 6.585505 6.561367 6.550167 6.539138 6.526764 6.534594 6.571692 6.620458 6.654629 6.667278 6.671624 6.626552 6.554145 6.483554 6.38947 6.280163 6.209043 6.180874 6.239304 6.35671 6.487995 6.593739 6.702758 6.825675 6.92581 7.018388 7.036709 6.972117 6.883303 6.765962 6.611502 6.465742 6.344658 6.264036 6.23926 6.271008 6.365043 6.469678 6.571156 6.644973 6.680296 6.665667 6.608791 6.536476 6.46466 6.426026 6.415854 6.457253 6.539624 6.565664 6.5342 6.431427 6.307588 6.191671 6.099266 6.031043 5.976372 5.930021 5.878839 5.831044 5.812334 5.842137
