py_wake/examples/data/AJ_ParqueFicticio/Rough survey   Sector 11   Height 30m   Power density.grd
DSAA
73  159
 258469   265669
 6501692   6517492
 .01056863   1188.928
[rows 84 to 111 of 159, columns 0 to 62 of 73]
204.2101 194.7733 191.8147 189.0431 187.6326 187.3678 187.9038 188.4554 189.4642 187.3722 181.5479 171.379 159.0907 154.2838 154.3847 143.2722 130.8905 123.1193 121.2775 130.3148 146.4253 154.996 161.9863 173.4867 198.0739 221.3906 221.5775 223.8546 237.064 247.0197 227.405 216.8518 216.5327 180.4976 173.0779 138.1233 143.1124 159.3163 161.7542 168.4848 173.4552 157.0396 126.6128 98.86249 107.869 105.1393 82.78958 76.26273 67.28345 84.81857 138.9121 157.9125 168.0466 175.8099 179.863 162.7158 140.0997 119.8006 99.33366 79.2459 64.30562 57.82962 49.89112
208.2863 198.1447 192.0217 189.9263 187.5992 189.8027 190.049 193.3548 192.2404 189.8245 182.643 174.5575 166.8709 152.4655 151.3309 147.3979 140.4578 132.5454 116.0764 113.7357 124.9309 129.8819 142.2718 153.5132 198.0191 251.9358 265.6798 256.3364 232.2802 218.4791 183.6765 177.1396 200.2127 178.6736 164.294 123.2915 131.4721 167.6868 187.8512 194.8553 195.1951 167.8785 148.7236 116.1974 105.6829 114.5506 90.56271 72.7314 58.0806 53.13039 80.94537 144.7765 170.3475 177.588 192.6488 188.4773 163.5651 133.0447 108.6252 85.40519 62.28857 49.40992 35.49294
194.3407 191.0917 190.515 189.4261 189.1888 189.8502 192.2427 192.5758 195.4125 191.5938 185.8376 180.4133 172.1609 157.6368 149.2935 146.6459 147.5369 138.0272 124.9368 117.3323 111.84 112.299 114.9542 118.2687 156.9949 239.0945 287.3826 270.0632 217.9404 184.181 154.5761 149.3185 161.8466 163.0825 155.1554 119.8355 120.1736 149.2879 176.9903 195.2351 203.7245 188.7426 155.6861 135.1097 120.8831 121.0742 122.9175 95.07298 77.05399 46.12585 53.9086 87.85271 163.2261 161.422 182.978 204.5167 170.617 143.3577 119.3226 96.62826 63.79361 43.82264 19.1761
182.2513 183.5665 186.1218 190.3295 188.6605 186.7793 192.5395 192.2164 195.35 195.2076 192.6779 186.6264 179.5017 164.3828 149.5134 146.1743 146.8504 142.1193 136.9285 124.2928 116.9317 112.6513 107.2495 99.17113 115.8738 190.7999 270.4427 263.6647 211.3926 156.5893 142.084 122.0174 133.5947 141.607 151.6638 133.4889 117.1126 141.6025 177.0568 198.1985 201.5043 190.3036 175.4696 142.9814 132.3152 122.7827 125.5457 131.2059 96.47728 56.07307 47.37299 62.16402 112.1962 159.6465 169.2991 190.6451 166.9143 139.2482 119.292 101.7536 56.97361 21.84209 10.71827
184.925 183.3096 185.9136 189.0157 189.1932 188.4369 186.9079 185.8883 193.0918 200.7565 198.5569 189.4551 184.1853 176.7086 156.9733 143.5103 140.7509 141.8984 138.5947 132.7895 127.9519 124.551 121.6427 108.541 94.85445 137.3628 241.6363 275.0847 237.3444 185.787 131.7481 118.7991 114.66 118.7113 118.5016 119.8549 139.3628 170.5912 189.0306 202.1129 202.524 191.12 166.4971 141.8333 120.2558 116.9249 104.0784 123.1644 101.2725 70.55391 52.35468 50.50586 55.46193 102.3327 171.5088 191.643 160.8404 123.7193 109.1705 95.35992 37.77326 11.81078 18.00377
191.9784 189.871 184.734 186.9158 192.5547 192.7913 188.4319 179.3389 183.3797 189.3551 196.0376 196.1241 190.8413 184.4079 172.3904 149.2443 135.0851 134.8442 134.1937 132.8468 137.5792 142.5162 147.7768 148.295 125.3161 121.797 207.8864 306.6398 294.3161 204.8112 135.0566 110.8795 104.4122 98.11617 92.53036 106.9289 136.4801 174.778 206.1864 214.324 206.2535 197.3242 162.0875 137.3913 112.4237 115.4911 94.96326 97.52226 88.69352 68.3283 59.38656 49.08092 33.93044 51.45318 107.9756 159.622 145.0402 105.9199 90.78611 84.20245 29.44724 19.03529 30.05035
203.0775 193.1451 189.5848 186.2882 195.5753 197.5418 195.5061 189.2063 179.1044 177.7203 185.3292 191.8319 192.8674 193.9728 187.2004 161.7037 139.2921 130.4758 126.0858 124.0953 137.8747 157.4675 175.6279 200.9778 189.0669 151.2256 203.9895 307.7554 310.9099 213.2119 134.4904 103.7111 100.6428 93.50019 78.65155 98.52592 103.478 169.242 224.8593 234.2108 225.1947 194.6557 166.7298 137.1895 141.0381 125.7158 131.216 103.358 89.79727 91.39648 93.6366 79.83002 53.00657 33.10717 44.32144 80.21701 109.0537 83.27451 73.72782 59.73503 33.07099 22.90086 39.11607
207.558 199.1941 196.6066 193.7433 195.0278 203.6245 206.2808 199.3082 189.2672 178.3016 176.9435 184.0259 190.8537 196.9465 198.616 181.8852 157.9211 141.4272 127.0878 108.2071 121.3371 164.9 201.891 237.5034 231.9933 191.3688 222.9589 306.3773 309.6699 207.6056 142.4105 111.903 105.8334 74.34608 93.20019 106.3885 91.89111 131.1433 217.6272 273.481 243.6933 201.7963 155.0303 158.2191 159.9104 145.0318 137.6189 126.9615 107.532 111.5247 135.75 135.1194 113.3614 66.74942 36.16899 39.36538 70.32461 74.36263 49.33217 36.76376 23.56115 19.40154 37.87791
213.8742 208.8549 203.0562 199.0537 200.1065 208.5819 212.4482 209.6469 204.3755 189.7639 176.4533 174.7985 184.8264 196.0836 201.9736 202.5771 182.3511 172.6502 154.5325 106.9497 88.86008 146.1709 221.1967 265.8406 257.7108 210.784 240.6505 305.5806 307.5768 203.6742 143.6434 122.719 107.1513 70.09109 107.1004 132.7609 99.49204 99.5965 185.4649 261.5268 271.9319 204.7434 164.3201 157.8715 159.563 157.9364 138.5639 109.2798 113.9005 121.1048 146.641 158.4339 153.3242 143.313 79.91411 61.74855 60.34214 70.89635 61.3112 33.69792 13.26133 14.49415 28.4478
223.3679 217.5697 210.2833 203.6655 201.9302 212.7605 222.5555 219.2473 214.3843 206.8332 187.3971 171.4092 175.8638 184.9693 199.0658 209.437 211.1292 218.1584 218.911 146.6149 76.17477 100.0998 216.5197 292.1959 277.5499 219.7933 243.1113 310.6699 296.8083 193.7467 135.1878 110.6234 91.94079 82.19618 100.0534 139.8021 115.7683 90.80001 157.0057 250.6472 272.6834 216.1369 177.6114 159.4256 175.7439 157.9755 127.519 117.5781 106.6067 110.9044 132.488 157.2883 157.3575 176.3755 135.4262 104.2901 87.77113 89.37691 73.03985 41.25535 10.37016 11.43397 17.50894
226.1506 225.5001 218.46 212.0577 205.8655 214.0304 227.5166 231.1992 224.1211 216.6447 205.7681 183.425 170.1177 175.1175 178.8429 191.6499 218.9617 264.2048 301.6232 226.2595 101.6134 71.5671 168.4797 301.4219 305.7006 232.4409 241.6391 297.6617 294.1041 200.9296 139.6779 106.0057 74.14685 78.66085 127.6819 155.2262 114.5448 90.87191 147.1291 212.9415 243.761 230.9 185.7863 164.9845 175.722 161.1581 131.3028 123.0811 115.7499 116.687 123.931 130.4388 138.0593 147.2347 137.7431 132.1116 109.3521 109.3206 89.08354 57.75389 14.2736 9.741626 12.78117
226.3265 234.7502 228.476 221.7197 216.7953 211.4336 228.0037 240.5646 237.0721 227.8183 219.4218 203.6572 184.1293 171.0444 164.4434 157.9852 181.2808 274.2701 355.4691 314.9954 164.9021 81.12405 130.2592 276.8669 313.118 237.5735 226.3859 269.968 264.2987 216.6459 158.246 111.9807 73.29286 70.95599 125.5063 169.2235 126.107 89.17612 137.1965 210.1152 211.2616 201.0414 162.7068 166.1605 171.5472 171.9434 147.3054 132.0097 129.3462 121.4486 124.9824 115.0542 101.0564 116.2645 130.9481 130.4695 120.1384 111.4823 110.8808 81.92641 30.22039 8.655603 12.46925
222.4167 232.3039 237.2709 232.4451 231.1034 223.0111 218.0258 237.9645 246.8377 238.1571 228.971 224.4843 212.5146 191.816 163.5509 138.8459 136.8927 221.9639 356.697 381.7333 240.7868 104.6179 123.2532 251.0638 288.9703 251.507 192.3433 212.6342 215.1456 181.9997 149.1749 95.5798 54.37981 55.59241 118.3027 178.2165 144.6078 90.83453 114.0203 198.1755 196.4255 183.2108 155.363 148.6214 159.2749 163.0063 162.4582 146.8441 138.4706 131.5458 134.5916 118.1801 83.06819 85.59895 107.8494 107.2248 107.4794 91.41326 107.5572 100.1214 55.28355 14.44961 9.687603
220.1709 230.8255 235.1172 236.1076 240.2872 247.7729 227.0495 224.4228 248.6134 249.4599 236.3757 237.8247 239.292 236.9351 205.1914 148.5901 116.2227 157.7981 322.3861 372.7052 281.8228 133.5991 139.7059 244.3585 286.1264 218.9652 177.6146 185.0284 175.2487 147.5239 124.416 91.2756 47.03084 37.7267 81.07811 159.7684 153.2453 105.4335 120.762 184.881 204.479 182.6448 151.5431 140.8963 140.2027 135.6012 144.2444 134.5122 141.0665 134.6489 135.0764 139.0509 93.99759 60.37897 59.92419 71.56002 56.93323 55.1661 68.25995 70.5336 59.65624 25.87638 12.70483
221.2055 234.139 239.2774 230.3054 229.0731 260.4038 259.6082 223.4252 236.3587 251.6502 241.9267 239.9414 252.4125 290.2764 284.8474 207.7139 126.3563 135.6219 275.8621 354.6316 282.5337 158.1962 158.7908 225.3891 282.7165 220.234 173.0892 189.624 203.3571 159.7378 123.3112 94.29411 41.70446 30.91462 56.83842 119.9273 122.1864 116.7684 131.8909 179.7318 195.5604 178.8486 145.7935 134.1327 142.3167 136.5278 131.928 120.9044 143.8127 121.0838 134.2303 133.8661 107.9519 106.3929 61.29266 46.21863 38.19543 28.79986 28.44698 41.00894 40.53676 21.52595 7.986415
242.8568 245.6971 249.912 237.0119 214.4108 246.3516 294.1328 247.9487 228.5526 252.6002 247.5086 242.616 248.9585 313.4869 367.2427 305.5358 183.7085 158.6732 255.5495 337.3303 291.3039 185.5477 183.3177 221.197 253.8804 218.0867 179.395 219.351 251.8682 192.4476 134.9013 92.60908 52.90416 36.08948 51.60941 87.39822 106.5787 101.7069 115.3253 179.6879 197.4738 174.4975 139.5869 129.2717 129.5766 143.2146 146.7341 125.4265 127.9487 121.162 104.9179 110.4676 120.9033 127.3289 95.98666 73.12493 54.83464 31.29825 26.30578 20.06517 22.76011 21.04553 12.72371
279.2702 275.7278 271.1139 261.9275 218.3306 215.4622 299.9504 300.5251 237.7703 264.3155 257.5245 245.4756 249.189 282.2524 373.8236 379.2597 285.472 227.8881 262.1373 344.6355 303.6521 214.7278 192.6029 218.0884 244.4813 229.0832 192.0333 213.3818 246.7246 213.6538 148.3739 93.70336 53.76252 48.15279 67.41335 78.38492 85.92496 80.12955 92.81709 130.7519 176.9053 177.9953 140.1087 119.8122 100.4881 121.8422 145.7111 157.5284 164.2355 154.4861 122.9179 104.7148 102.4124 117.1135 102.0264 78.8466 63.16864 47.63383 32.29974 28.18638 28.12904 21.35446 .03818419
286.2052 314.271 308.439 297.8711 252.7111 197.2565 262.2261 356.9218 274.5881 279.7829 293.4338 247.1786 261.7652 281.3698 337.5867 387.8424 357.5729 330.0042 322.214 356.5319 318.9666 245.3634 192.3561 209.2141 244.0759 253.8265 228.2356 217.2313 234.1433 210.9162 157.9621 99.95766 60.63015 53.13776 79.70998 86.47182 90.44345 88.79008 83.01314 102.6227 146.7759 160.3849 147.5239 118.7485 103.8138 80.54748 117.9853 187.4701 248.8788 218.6211 161.2305 127.313 110.1251 100.8584 93.7158 77.20288 59.59266 49.9781 37.16526 26.87833 19.47881 3.872639 .2185398
282.5495 320.4493 342.5779 346.497 311.5737 209.2126 214.8879 358.0808 341.2516 306.2652 360.3388 289.1609 278.5241 311.9543 326.4371 373.4844 372.0479 391.556 397.2831 415.0308 355.7155 240.019 209.7279 211.9599 261.8914 281.2512 261.8663 236.6526 215.7836 197.3117 166.0403 111.9209 72.55625 70.8248 83.25526 90.5386 100.3306 99.28598 109.2844 104.8512 132.1966 149.381 161.4866 140.4312 111.0943 72.23337 82.32588 159.7923 289.8783 306.6612 227.6508 163.1449 122.5163 97.36449 79.17999 73.40327 53.60537 45.54524 32.23925 23.23649 14.05211 29.03772 1.42926
273.0713 319.3677 364.9436 408.8059 381.0631 242.5425 175.4422 291.0412 364.4203 342.6288 390.5447 376.0428 310.4107 342.8825 339.7286 376.0939 373.2224 402.7793 474.887 488.4148 396.5628 304.7647 242.6623 245.3433 296.4334 311.4586 311.1257 229.4842 190.5197 168.2085 145.0089 109.6481 81.7989 74.1329 78.9137 89.75985 90.56146 90.00273 113.8068 139.2572 145.9887 150.2671 145.7348 156.1159 110.4295 59.23078 61.90693 128.2046 271.2759 362.8215 322.6346 232.7971 148.7718 99.60037 68.98789 60.43561 49.15917 39.16238 29.87048 19.17437 9.591849 18.75367 28.7793
195.8385 279.465 365.4532 455.6337 460.8374 299.392 191.8876 233.8754 302.7288 335.7324 373.6535 416.8283 369.4485 351.2262 330.4211 352.734 390.5645 418.4017 515.5704 553.1639 485.3593 361.2671 296.7243 292.1639 363.0227 395.6362 375.6291 272.9001 205.3811 169.2166 134.5778 99.28448 76.2842 79.38241 90.43449 103.066 93.99342 92.53939 112.3676 143.0723 160.2917 166.3182 147.9411 125.3824 95.21867 53.84562 41.22034 76.26582 208.5361 367.1031 426.5598 344.5166 210.4642 110.1944 69.79514 53.47011 44.28948 35.98219 33.39046 24.69271 10.31388 13.16284 10.86542
117.9071 165.0223 276.4836 441.8946 497.1085 361.2777 235.7609 234.7071 264.141 302.1617 338.0561 397.456 397.1489 349.3627 293.3995 280.4135 350.1225 441.3768 522.5053 558.9067 484.076 404.2209 353.32 396.2067 490.9012 477.6173 439.792 350.4374 258.5429 216.3075 150.8353 105.3373 77.37654 81.69997 108.3506 108.1051 94.19802 101.4122 114.0709 133.2979 172.2229 173.2643 142.2947 100.6042 85.69063 66.93845 31.39097 31.09909 118.8487 306.6263 478.3026 510.0538 323.1266 153.2223 97.42191 69.95208 51.6888 44.47043 40.61919 33.97343 18.23967 16.15975 9.235825
117.2028 104.6907 145.2672 287.0048 447.6947 419.0827 294.6723 231.3743 243.9039 290.9499 340.9004 378.0153 397.5075 335.4327 277.2695 199.3452 269.4949 419.8503 461.0723 508.3077 464.6385 389.1962 333.0313 437.2354 619.4739 700.0379 582.5739 472.3186 352.9682 267.6069 170.6534 111.4422 85.77843 77.85455 92.5414 93.5074 97.74098 117.5508 140.5566 134.3775 166.8239 190.474 144.7192 102.9812 80.83165 82.50882 45.16642 16.81509 44.16504 193.3314 406.7178 513.8928 491.3453 234.6272 152.6673 116.5348 77.71684 54.44237 44.1344 36.26675 22.93207 26.5071 14.59937
177.6345 115.4359 123.577 167.5477 299.1831 422.3104 395.9288 280.3123 236.0321 285.0823 372.2239 420.4552 396.8916 315.1829 255.1907 146.775 134.4381 279.3331 463.5219 494.1355 479.4185 369.7252 294.6837 385.5078 654.8 760.9628 757.4072 655.643 481.5014 346.0969 209.2202 136.1448 100.5513 89.60619 93.08881 88.2822 93.23507 146.2517 187.4706 172.6942 179.3566 199.7656 162.1923 99.05328 70.20473 84.8643 72.87021 28.44822 25.80138 97.14896 288.577 449.1557 419.9054 281.4448 194.474 171.9421 113.2087 68.51995 49.82644 40.81713 23.85034 27.40229 24.93675
282.3793 161.3439 148.687 170.5644 206.0742 317.4747 433.198 376.1193 269.4347 279.8002 378.39 460.2145 403.9651 333.7692 222.2763 143.9255 82.94055 149.9752 326.309 468.1302 473.8584 357.1865 253.0776 316.6754 575.453 732.6148 816.7164 875.0793 648.6985 446.4883 287.0547 183.2166 136.2483 115.0058 108.1534 82.66996 92.12132 160.4724 247.3339 238.8777 212.4513 219.3577 174.8723 91.4872 55.11234 73.46484 76.11025 58.63626 41.19534 84.09325 220.8271 325.1752 321.1927 203.323 160.4808 153.8554 121.0942 80.02068 58.26779 48.06188 27.71376 32.38235 32.79347
396.0924 255.702 181.1536 213.4017 214.9422 252.9323 372.8716 410.0534 331.5705 290.78 373.7024 485.7735 456.7674 309.2517 205.6008 144.0857 93.67151 85.70352 169.108 322.179 408.9397 321.4597 214.3334 235.6051 499.3731 695.2715 825.173 851.0604 818.9432 558.8412 356.0999 239.6573 157.9351 131.4884 109.054 82.70953 92.07629 174.7534 307.937 328.5724 260.313 246.4764 198.8621 102.7031 45.70225 49.81928 55.2638 54.60773 65.66822 109.5619 221.2067 294.0938 294.5305 177.5692 121.8901 112.844 105.4926 82.91266 62.58638 50.16355 30.71261 17.75264 34.36993
441.0557 349.4763 245.4276 246.4711 249.7903 246.5887 319.5718 381.4058 369.2689 321.548 382.8524 474.5957 463.9118 330.2676 198.7971 129.6642 93.43207 73.65935 95.40658 180.8379 279.9417 279.0081 188.0556 182.3944 368.653 575.9678 660.2251 828.8746 782.1828 635.1733 419.829 259.9144 183.3301 134.1382 113.9786 85.49294 88.87064 176.6269 341.9287 411.6935 341.7589 289.9037 225.4245 119.207 45.9295 29.66098 30.70768 30.85019 45.18994 118.8342 261.2314 309.3589 289.3168 196.5578 124.7084 99.56946 90.27576 80.68871 59.7778 38.76694 18.63131 .02798751 28.76502
408.0987 397.9881 309.5399 289.2054 303.6166 285.8997 309.2215 350.2725 379.6454 368.8672 421.9618 501.5266 481.7701 350.4533 257.0887 156.8153 113.4456 114.5762 77.74014 84.3738 134.2382 191.1037 160.0232 159.3447 306.1687 444.6736 575.0627 590.3643 613.3901 543.4257 473.1361 355.7063 249.0891 191.3864 154.5156 100.2819 86.87052 157.8751 324.0531 452.0143 433.8384 355.1535 254.4443 119.7692 51.42033 27.08963 19.32816 15.89717 17.6935 78.08949 234.4511 321.9846 275.745 189.7512 132.0694 112.6227 98.48377 88.84898 71.46092 37.75415 7.366606 11.55358 16.26832
