py_wake/examples/data/AJ_ParqueFicticio/Rough survey   Sector 9   Height 200m   Power density.grd
DSAA
73  159
 258469   265669
 6501692   6517492
 168.9136   2068.485
[rows 112 to 139 of 159, columns 0 to 62 of 73]
773.7195 803.514 839.9288 895.8569 974.6387 1068.226 1175.788 1294.714 1418.412 1533.481 1638.994 1693.855 1649.152 1533.916 1390.19 1259.457 1193.051 1188.792 1182.488 1132.643 1050.425 983.1508 924.3439 925.3774 984.9644 1034.423 1006.394 889.3924 731.9732 602.4356 513.2815 463.8369 446.8881 453.2371 473.6534 512.6395 588.3845 706.8681 859.813 1013.614 1130.462 1178.025 1130.099 1011.449 878.9451 777.5988 709.3013 671.9721 664.874 688.3715 690.6206 642.2968 557.0999 471.4182 408.4419 372.4119 352.2558 335.1226 317.7755 293.251 268.5274 257.985 265.6409
779.3558 820.8726 870.1398 935.7958 1022.558 1132.18 1252.651 1378.489 1499.18 1601.147 1683.444 1713.32 1643.42 1501.552 1341.89 1223.708 1193.324 1210.846 1194.229 1130.197 1043.821 971.2927 925.244 932.6645 980.2979 1007.062 945.1796 810.1473 660.103 555.2303 489.5336 466.3423 467.5412 478.0399 508.9518 566.2212 663.9464 799.5002 959.4971 1108.446 1212.325 1227.46 1141.657 1000.964 864.234 762.6667 697.2646 648.8844 629.181 625.4481 611.5836 564.4501 496.3008 431.9089 386.5529 361.5416 345.9102 333.5737 315.9857 295.215 278.7761 272.112 276.4366
792.8662 847.0616 911.275 981.6946 1077.837 1198.294 1334.31 1459.25 1567.575 1654.319 1719.946 1715.908 1610.284 1445.626 1292.982 1207.619 1219.094 1239.227 1206.468 1131.798 1052.051 976.1169 927.3038 923.2267 946.4308 947.2185 871.6772 738.2664 607.179 527.5102 485.7888 478.5762 491.1089 511.837 555.4724 633.2207 759.4266 914.1375 1074.222 1202.27 1265.335 1240.69 1122.383 970.6964 839.8688 743.4841 677.132 627.3877 593.2129 567.5924 538.6779 499.6851 450.609 406.7093 376.783 357.2512 343.1374 330.5336 316.2673 300.0847 287.7914 282.7884 285.4001
814.6759 876.1964 946.4637 1028.01 1133.832 1264.959 1408.286 1527.989 1625.047 1702.585 1745.908 1697.65 1564.316 1397.43 1269.203 1226.419 1254.169 1265.615 1220.754 1143.241 1063.541 986.1986 922.0195 891.9207 889.5933 871.2745 795.4191 675.277 572.1255 515.9735 497.7361 500.3967 511.7781 540.6875 604.7517 720.0186 877.1697 1044.137 1185.463 1271.202 1286.396 1218.589 1078.602 929.8309 808.1807 718.1494 650.262 595.7626 551.4623 518.3339 487.0656 454.1943 416.6178 390.1457 371.6142 354.9407 342.9596 329.1232 316.2038 302.5631 293.8199 289.7545 290.2135
832.8969 898.5026 970.041 1063.061 1186.341 1327.302 1468.685 1583.533 1680.261 1750.516 1764.639 1674.194 1517.679 1364.418 1276.655 1266.547 1289.835 1289.959 1233.79 1154.747 1065.755 974.9308 899.6751 849.0618 823.5584 795.3573 727.8156 630.7513 555.9648 528.0901 523.3387 526.0757 541.306 588.0871 678.9689 817.6114 995.2902 1171.758 1287.25 1304.937 1254.931 1151.793 1010.62 874.137 763.8008 679.9609 612.0049 556.855 508.8729 473.7469 446.4432 423.4749 400.2225 379.2497 363.85 351.1093 339.4337 327.1161 315.1492 302.7773 294.6671 290.5728 291.4301
847.6368 913.8661 988.4909 1091.466 1232.556 1380.634 1520.57 1643.254 1737.781 1796.096 1760.568 1639.014 1478.867 1350.188 1289.279 1294.982 1312.856 1296.62 1232.171 1140.429 1038.604 937.3616 854.2442 800.2123 763.8113 728.0538 671.199 603.5436 559.6718 552.6797 549.1145 547.4333 579.0948 651.9833 761.2952 911.9288 1093.283 1255.999 1317.101 1268.291 1168.585 1042.621 910.0388 793.2463 699.0233 625.2166 562.7032 509.3828 465.8844 433.026 412.2762 397.0934 383.9451 369.2067 356.9669 346.0681 335.0042 322.2141 307.5036 295.3422 289.3288 284.4545 285.54
859.6025 926.4342 1014.772 1132.088 1287.026 1444.144 1588.881 1709.509 1785.096 1794.936 1714.775 1581.497 1430.812 1319.208 1282.066 1290.895 1294.753 1257.731 1180.389 1078.953 970.0856 871.2592 798.2277 750.5092 718.9163 681.134 631.0428 591.6091 578.9558 578.0582 566.5332 571.5352 620.9471 703.5866 808.9742 963.5828 1143.114 1286.627 1298.079 1193.089 1049.311 911.5837 797.4694 704.0104 621.9631 559.282 504.2785 457.9024 422.8544 399.7108 385.0409 378.8024 372.0054 361.964 352.8824 341.7302 331.9341 318.2112 301.1835 282.9195 269.5299 266.3955 268.8791
871.334 954.1384 1065.145 1209.991 1377.625 1542.132 1681.323 1775.392 1810.091 1760.703 1646.58 1499.397 1364.255 1268.231 1239.03 1244.003 1232.784 1177.971 1090.602 990.3533 887.8137 799.7701 735.9146 711.3103 688.737 653.2143 615.1548 590.3054 590.7275 589.2081 574.0007 585.8817 646.3416 724.671 827.4393 991.1791 1166.036 1277.379 1240.46 1097.859 930.0026 795.0267 698.0809 623.9554 551.8423 493.5297 447.6328 410.3668 386.649 372.5885 365.4378 365.4859 361.0972 355.0737 347.6647 338.4811 326.9916 310.8561 287.0003 262.2818 246.7143 245.3209 252.0452
914.5587 1020.737 1162.992 1330.456 1504.813 1663.109 1778.296 1834.225 1807.364 1698.996 1555.937 1405.626 1286.524 1212.984 1189.017 1180.865 1154.017 1088.559 998.9098 906.9766 819.9925 746.6824 699.9036 683.0544 669.4499 637.6835 610.4577 590.836 587.7498 584.2301 571.3428 595.9573 654.6268 726.2593 845.3179 1020.635 1183.81 1255.476 1178.226 1005.649 834.4472 705.7286 622.7278 561.3152 505.2822 452.5278 411.2129 383.313 364.5754 356.0421 352.089 350.6918 349.1205 344.8341 337.3306 328.1933 311.7303 287.4639 254.8754 232.8733 226.3779 233.4703 247.3508
993.412 1124.494 1289.864 1473.73 1648.559 1791.27 1880.804 1867.277 1751.14 1601.794 1455.742 1318.062 1212.604 1153.792 1131.218 1112.861 1067.771 998.3375 918.6263 847.6949 776.4893 717.131 677.7393 664.357 651.3718 624.9713 605.6135 592.3755 581.1572 573.3278 572.4175 602.9186 654.2039 733.9343 880.702 1061.493 1202.922 1224.423 1101.696 919.1533 756.3393 635.6477 562.7379 512.7007 471.3128 430.6949 397.748 375.0426 361.0727 351.5865 348.2178 341.3766 336.3909 330.5662 320.7025 305.4564 283.4474 252.226 225.6767 215.7301 222.4005 239.8801 264.4234
1082.201 1237.65 1419.656 1615.079 1785.436 1904.969 1948.082 1852.756 1663.469 1486.513 1362.354 1244.423 1158.664 1111.56 1078.948 1042.72 988.4482 921.634 856.9818 795.7686 739.0981 695.4733 665.1195 647.417 634.3418 612.9801 603.1921 596.2955 584.2127 568.2284 575.8971 604.9929 661.0974 771.6307 942.3069 1113.594 1213.042 1167.51 1012.231 830.5632 678.903 574.9925 509.3023 473.7276 444.5944 416.6142 395.4128 378.7504 365.8386 357.0408 344.8714 335.8908 321.6523 310.1411 293.1344 275.9666 254.7692 227.7179 212.4308 219.2761 240.2657 266.0256 298.3433
1181.618 1361.122 1561.044 1754.786 1910.26 1989.213 1953.041 1786.17 1558.451 1384.714 1281.117 1189.796 1119.326 1070.88 1032.293 984.8512 928.626 870.4509 812.3736 763.8277 721.2764 685.9105 665.9063 644.4066 621.8379 604.9034 596.8629 602.4254 597.3777 580.9125 580.9742 613.251 693.2513 829.6029 1000.576 1139.218 1174.053 1079.599 903.8242 740.6309 615.1129 527.8807 476.8362 447.3177 425.8339 407.7465 390.4207 380.0585 369.0739 358.0174 343.1003 326.2787 307.8736 288.1242 267.6999 249.1245 231.6042 217.4916 219.8924 242.2243 271.9182 305.4287 337.3275
1293.359 1497.83 1704.348 1881.409 2000.684 2013.275 1890.314 1681.471 1451.605 1297.212 1213.194 1138.899 1082.37 1041.606 997.1393 947.0421 897.7556 849.7731 804.8213 770.1636 735.5164 705.8395 679.8659 649.1538 616.3417 600.4678 603.3184 619.0259 620.3108 600.5692 592.0381 635.0162 731.3145 874.4149 1021.876 1111.431 1092.08 964.5641 809.3168 666.3922 559.1793 494.7029 458.2477 437.6468 419.3369 401.7396 389.0437 377.684 366.914 351.8663 334.7925 313.8066 287.9446 263.1823 242.8722 231.5376 221.136 228.0533 244.0508 274.2778 308.6011 341.5422 369.0303
1416.804 1629.528 1821.654 1970.193 2026.641 1949.659 1780.121 1560.331 1351.901 1223.484 1156.83 1095.912 1048.765 1012.638 970.4163 923.7837 876.11 841.0505 807.8361 785.7141 759.1288 725.0939 683.1017 635.4085 604.2458 599.0853 622.1874 655.4362 660.1751 631.401 612.9517 655.1156 755.0463 887.5234 1002.741 1045.23 986.9195 869.8893 733.9708 610.3885 521.2836 468.3311 444.0289 429.6828 416.7364 404.0647 391.6417 378.3597 361.3365 341.3932 317.7259 287.566 256.9338 233.9293 223.8405 223.8254 231.7992 253.0905 281.1168 310.2826 338.2707 367.3638 394.914
1542.77 1745.324 1914.456 2010.135 1986.641 1839.877 1657.807 1461.508 1287.625 1168.798 1101.56 1053.106 1014.601 975.9969 934.6411 899.8032 859.6926 834.0656 819.0556 800.9335 764.9726 717.6265 658.0042 608.1627 590.7804 605.7774 649.6177 690.3975 692.0861 656.2946 628.0864 663.1002 756.9055 879.4269 962.0269 965.899 889.5149 786.2148 670.0536 565.7964 495.0517 454.5128 430.7266 419.2519 409.7567 399.2281 389.9032 377.1112 352.4178 325.9411 291.9642 256.8134 226.4641 212.8061 216.9102 230.8741 255.148 288.5206 326.9083 343.848 361.341 387.2351 408.8406
1668.023 1849.376 1969.221 2002.492 1899.554 1722.931 1548.116 1382.497 1231.51 1121.149 1051.028 1009.117 975.1785 934.1843 902.1124 882.062 848.7341 829.7384 817.2985 786.6476 739.696 684.261 623.147 581.8585 580.7721 615.157 671.4864 710.0865 705.1614 663.7416 632.2478 659.2689 753.9992 859.9884 907.9849 876.2549 799.337 708.4612 610.7539 524.941 467.7024 440.3161 426.4399 416.3727 405.1237 393.8569 383.4986 372.9028 347.2359 311.5385 267.1104 229.7293 208.9146 209.4965 229.0119 256.8739 293.7301 332.6198 364.47 369.5518 377.2723 397.9906 410.163
1772.17 1927.396 1993.604 1949.556 1789.089 1588.948 1431.496 1293.767 1171.476 1081.593 1016.535 965.8055 932.7918 899.0994 877.7344 870.8416 842.4138 818.2672 797.6186 752.5891 697.3209 642.2963 588.0715 558.6426 574.7248 615.9804 663.0351 697.4364 691.7951 659.5118 629.806 659.2761 745.5375 819.2622 837.5867 782.3256 708.3612 631.2122 556.4348 491.1616 449.4702 428.479 419.1084 414.1796 409.039 396.5694 382.2813 368.6444 344.8288 302.7933 253.0252 216.6239 206.3213 223.3959 258.4284 297.6052 337.2942 368.0775 385.14 384.3708 386.6362 399.4677 406.8034
1880.257 1991.148 1981.124 1854.555 1644.372 1440.926 1301.302 1191.466 1100.878 1036.31 984.0704 934.8906 899.5864 879.2065 865.1992 853.5985 829.0648 795.1345 761.0295 714.0181 657.2615 608.3453 560.2507 539.153 567.3996 616.1785 658.2031 671.4905 673.5104 655.0015 634.324 659.8521 723.2783 761.6891 754.8285 694.6254 630.243 568.1057 516.6095 470.2482 441.9649 425.3439 417.1325 411.8132 411.4174 403.8391 388.8346 366.3863 337.1208 293.456 242.8285 212.7816 215.3004 249.3822 296.524 338.0095 367.0156 383.6863 388.61 392.3256 394.6756 399.1925 407.0154
1990.596 2023.011 1920.129 1720.302 1492.967 1304.499 1210.116 1126.029 1053.139 1002.456 966.7618 923.0603 882.8298 864.0759 848.4326 827.4384 812.4153 777.9402 727.6348 672.0065 621.2317 582.8244 542.2427 532.7752 566.6476 618.3368 658.9048 675.1981 667.8898 660.0138 642.5717 653.9517 690.5221 708.4805 681.9576 625.743 570.9907 528.0837 498.8179 470.7906 447.3046 430.0101 422.5592 419.6589 418.2898 409.6657 395.787 370.0045 328.9756 280.6586 236.5374 218.4973 233.3592 279.0112 327.8172 361.1528 380.8282 392.9111 394.7647 399.8761 409.2306 411.4046 416.356
2066.089 1987.409 1803.505 1577.353 1355.353 1208.028 1150.253 1096.722 1050.571 1003.263 972.5459 932.8131 887.6014 842.8984 823.0888 802.464 792.4026 759.6082 704.1878 643.02 596.6068 564.1874 533.1044 533.4521 571.3964 622.4014 672.1527 694.8845 691.1682 665.5023 643.6178 646.8475 664.0692 660.1421 632.5375 580.4846 538.6719 508.7173 491.1128 476.6615 454.507 441.008 434.2413 434.6317 432.6602 422.3154 399.0675 366.5359 321.1969 270.8004 237.5372 232.8736 260.2887 304.888 344.7689 370.5489 386.8392 400.5173 403.0349 404.2559 416.1759 422.1122 429.452
2068.485 1882.66 1652.022 1432.65 1244.343 1140.479 1097.009 1077.202 1056.504 1015.807 972.46 927.8011 874.356 821.7875 790.334 778.648 761.4507 733.4405 681.9666 624.8481 576.9675 546.939 526.9828 534.1891 581.5891 641.2988 699.993 732.7639 708.4349 661.6409 631.0319 631.7613 641.7773 634.1998 601.8177 551.6205 519.9606 499.0466 486.3376 474.9048 462.0604 455.0017 450.0386 451.0059 446.2647 428.8766 401.7549 360.548 309.4069 266.1187 249.452 260.8885 290.7011 327.7784 356.1251 373.6854 388.3574 402.2276 408.9011 412.1189 417.0611 425.5979 436.1303
1995.301 1742.987 1492.793 1295.416 1149.781 1084.59 1063.812 1060.807 1051.255 1014.754 962.0485 899.2696 844.2507 793.4968 756.3852 744.8477 725.0746 697.3778 655.3719 608.1444 564.6805 535.7404 522.9589 540.5762 592.335 662.5219 724.3612 750.1483 717.2754 663.4124 624.8439 612.8897 612.6608 602.5515 571.9711 532.9365 501.7332 485.3784 476.4677 466.9573 463.7524 458.9356 459.5841 460.9713 450.7109 425.5479 393.9885 351.4675 302.157 269.5818 268.6122 284.7163 310.8199 340.0359 365.4097 379.5401 389.0079 400.0459 411.3242 419.0427 419.6037 429.0289 442.8261
1884.783 1600.883 1349.717 1178.857 1076.114 1052.579 1048.268 1048.707 1040.949 1008.392 945.8768 870.7034 801.9926 755.7114 720.7752 704.6973 685.1277 660.6729 627.7783 592.8972 556.4138 527.9041 519.8174 542.7005 601.6371 676.2853 741.0696 755.7149 708.7878 650.9949 608.076 591.8888 585.1526 570.9763 536.5485 506.4985 480.8065 466.2582 460.8618 459.6697 461.2245 461.0736 462.2442 458.6631 442.7775 416.0793 377.9371 338.6012 298.5712 277.7804 286.2689 303.6143 324.9455 351.4229 373.9012 388.5067 397.373 402.1121 412.5061 420.331 422.3271 427.2127 442.8579
1766.33 1476.121 1234.99 1086.635 1033.489 1034.147 1036.815 1025.856 1016.292 980.6815 918.1649 848.6803 779.3732 723.678 685.9507 664.4353 648.1171 630.3926 607.0568 578.3573 549.5261 528.8391 523.1556 551.0823 615.7051 693.7472 748.5776 746.0345 694.5278 638.8653 593.9673 568.6706 554.7554 540.987 513.5948 488.206 465.0756 447.4833 446.5535 451.9956 460.7383 465.3947 462.1867 448.6793 427.324 395.776 360.0466 327.3333 301.6622 291.9483 303.6588 321.3617 339.2485 360.185 381.3423 395.8298 404.6242 411.0139 412.9558 419.8832 424.0295 429.7542 439.0338
1635.326 1360.643 1142.473 1014.495 988.8718 997.8736 993.3593 986.0942 979.075 940.494 881.5289 817.9087 761.1653 706.1293 663.0294 639.5977 620.1969 601.4124 588.3494 566.9446 546.7838 536.3524 533.2985 565.6222 634.6161 714.6802 760.1973 734.3459 671.128 611.4669 570.932 545.925 523.0588 503.8082 483.8081 465.8354 449.2731 439.1573 440.41 447.2579 458.5248 467.9093 460.8144 436.4154 407.0671 377.379 349.0617 327.7223 316.313 314.7785 323.2821 338.129 350.2814 367.6318 386.1429 400.5825 408.3683 414.7284 417.2565 417.541 425.1915 431.9336 439.9304
1494.538 1249.423 1054.769 947.3947 930.4282 933.2311 931.8892 942.0936 937.246 896.5182 838.4529 785.8244 737.7349 683.8199 643.6193 621.3859 597.718 580.9042 570.4222 559.1292 548.588 543.5493 543.6999 579.193 648.9341 726.3713 760.1222 717.5131 647.2297 588.4247 549.3351 525.0665 505.5651 482.385 466.0192 452.6117 440.697 434.4587 437.0935 447.9572 459.3565 463.6125 452.062 425.9849 398.1952 373.8267 354.7779 345.8937 341.5417 336.075 338.1428 348.0022 360.2545 375.348 389.3957 400.8911 408.5916 415.293 418.1959 420.255 422.8048 431.5545 439.1223
1347.678 1137.684 973.8185 876.2456 859.6989 863.7084 888.2369 908.7782 895.6534 850.6164 799.3196 753.3892 711.9116 661.219 623.4756 603.7853 583.0587 569.5961 563.4421 562.5376 556.0317 553.3923 554.6475 591.9133 655.0933 718.1212 738.1292 694.0767 623.0652 560.0854 521.4404 508.0226 495.0849 477.2858 457.0743 446.325 438.8245 437.7982 440.0157 445.8324 455.512 456.8974 441.2564 417.2445 395.0783 380.2814 370.1922 364.4909 360.9992 349.4636 346.1148 355.2807 369.6326 382.3479 391.1212 399.188 406.5355 412.6133 416.3142 421.9561 426.7946 431.7514 439.177
1225.786 1043.591 899.9518 806.5154 788.5816 818.857 867.8585 885.1814 858.5455 819.8281 774.3552 729.0248 685.7538 642.3123 604.5048 587.7225 570.6608 561.1644 566.7774 575.866 568.5276 565.1437 569.4121 603.1458 650.36 695.7597 710.5888 670.991 605.4943 546.4745 507.7835 487.7344 484.4155 471.0186 459.5876 451.3822 443.7181 443.7899 445.9715 443.534 449.0139 447.4146 429.1871 407.6295 393.1227 385.59 377.5403 374.6644 368.9814 356.952 355.5779 367.5258 379.2469 386.4111 390.901 394.3798 403.6656 412.4257 418.3103 423.3326 430.0987 434.5052 440.4997
