py_wake/examples/data/AJ_ParqueFicticio/Rough survey   Sector 5   Height 200m   Power density.grd
DSAA
73  159
 258469   265669
 6501692   6517492
 236.2846   1634.063
[rows 84 to 111 of 159, columns 0 to 62 of 73]
741.153 738.1569 736.5226 735.6423 735.5271 736.2162 737.525 739.3716 739.5701 736.1274 729.613 719.7503 707.4166 699.1762 692.5751 681.4724 671.3702 663.0317 660.7776 665.2354 673.9598 682.2061 693.4693 710.7301 732.881 756.1781 775.0027 789.9594 799.6703 797.1358 780.9711 764.319 744.9587 718.1611 698.7718 675.8841 667.8203 675.1455 680.9902 682.3605 681.6927 668.8471 644.6626 618.2856 607.2584 596.6733 578.5607 567.6441 565.4601 577.2183 604.4174 632.7294 656.7418 670.2091 673.6025 664.4116 639.3871 605.3677 568.7645 532.9049 503.8022 483.7431 465.8765
742.6515 740.8895 738.9092 738.7628 738.67 740.9543 742.2837 744.7875 744.2386 742.2781 734.0729 725.6116 715.8248 702.3877 693.7892 685.1219 675.685 666.0515 655.8096 653.3746 659.1361 666.0162 678.3513 699.3373 732.6273 768.7294 792.0508 801.3021 790.4602 774.2325 748.1127 730.7542 723.4002 702.1754 682.8763 662.4383 659.9707 678.2965 690.8656 697.6884 696.5078 679.5444 656.5771 628.1485 608.2888 596.9707 577.9666 557.0724 540.4808 540.9492 567.4506 604.7341 640.012 663.1984 672.8254 668.7652 644.1201 608.4318 569.8688 531.7159 497.905 471.6582 455.295
738.8564 739.0349 740.511 742.311 742.8954 743.9096 746.6716 747.543 748.51 746.5437 740.4847 732.6031 722.1183 709.2145 697.2646 688.8401 681.4131 671.2816 659.9557 653.1638 649.8193 653.3085 661.8972 679.5322 715.7081 763.405 798.5175 807.1594 781.9094 749.5818 717.7209 696.3973 687.897 678.1431 667.7427 653.7094 652.2136 672.8101 691.0014 706.3115 708.1705 692.0753 667.0289 641.7423 622.9669 608.6759 590.2164 567.1357 541.8616 525.7039 533.9515 568.716 611.4324 640.4457 662.356 663.6574 641.2728 607.4639 569.9242 530.6751 493.565 465.7241 449.4742
737.9805 739.7628 742.7982 744.7916 746.0361 746.5663 749.8799 750.3953 752.0361 751.7421 746.7598 740.5073 732.0706 717.8245 702.0464 692.0466 684.2499 675.8344 668.6922 659.4631 654.5574 654.3304 656.83 667.9059 697.8354 748.6025 792.497 808.8644 781.9587 736.803 697.811 668.2966 658.7679 655.0436 654.8258 647.6611 650.9801 670.2906 692.5445 710.8439 712.5092 699.7025 678.8762 653.3627 633.0109 615.2574 601.0352 581.849 551.4258 525.213 516.9413 539.7313 574.0759 610.5651 635.5089 644.2225 625.5102 594.5603 562.1992 523.6295 486.6376 459.8934 451.8437
745.2177 744.5934 747.2192 748.3687 750.2878 752.0018 751.7861 753.3919 754.9041 757.0242 754.0613 749.0601 740.8012 729.4937 712.9276 697.9871 687.3747 679.8427 673.0138 666.6433 664.3245 667.0793 670.2224 676.2129 695.0163 736.5521 786.9838 812.2905 789.4412 738.2194 687.615 653.2228 638.0895 630.9392 630.089 633.6068 653.6859 677.2764 699.6729 714.8945 717.1926 707.0015 683.8354 654.2393 631.4777 612.3391 596.0229 581.7465 555.5974 529.3388 512.8315 516.114 533.7451 563.2346 598.7858 613.7853 600.0334 570.6469 541.5023 508.6158 473.3357 451.4417 456.6393
754.1765 753.1481 751.7958 753.5691 757.8618 759.4089 758.3287 754.9944 755.5803 756.7932 759.1218 756.5193 750.518 740.2897 727.0206 708.7967 692.6213 682.3691 676.5676 672.3256 674.8742 682.5929 693.0444 703.7446 711.8876 738.5688 781.7018 815.4654 799.736 744.4855 683.2205 641.6924 620.2162 608.85 604.7445 617.3054 645.9656 678.2206 707.1509 724.2557 727.1855 715.2264 686.6772 655.0316 627.9357 612.1817 592.3356 576.785 554.7153 533.8384 519.7676 509.2074 501.7804 518.9839 547.1985 569.9781 563.9103 539.4379 512.2432 483.777 453.0155 439.8501 454.3859
764.8079 761.4003 759.6637 759.9678 764.8946 767.032 768.3176 764.8422 760.9919 758.6769 759.6843 760.0712 756.6057 752.5673 740.8911 723.7098 704.0573 689.8109 677.9205 673.8271 680.3699 697.202 716.6201 733.1378 742.9701 751.9012 783.9295 816.1766 804.6559 747.5577 681.3199 633.7015 609.8627 596.3601 590.0972 607.025 630.0741 671.3201 711.5618 735.2614 737.1282 720.288 691.9649 662.1449 644.4694 627.6887 612.8116 590.9717 570.4032 557.8741 549.1948 537.4466 515.0056 501.073 506.6806 525.4621 527.5254 507.9781 478.2367 450.6918 425.5338 420.8044 442.8084
773.6974 770.7192 769.5275 769.2349 772.5451 777.8914 779.5432 777.569 771.4191 766.4791 763.1967 763.1012 762.0734 760.2625 754.9825 741.8938 723.8264 707.4503 691.3953 674.9586 679.6464 704.7827 735.8146 762.4152 770.7364 775.8403 793.6822 818.5544 806.3994 746.2286 683.2521 634.2782 606.9047 589.4896 593.372 606.6818 619.3676 656.1241 707.3914 744.1746 749.0963 729.035 696.8109 678.1226 665.3259 649.2084 632.4235 607.9015 588.585 582.973 585.3854 575.1512 554.0136 526.6009 506.199 496.4604 498.5078 483.238 450.9941 419.3139 395.4144 395.0699 424.8658
784.4038 781.5259 780.4428 780.2696 782.723 787.697 790.5152 789.7842 786.4 778.9869 769.4816 764.4641 765.0155 765.4623 764.6036 760.838 748.832 736.035 716.4435 686.572 675.7685 703.0473 746.2726 780.8697 794.6073 792.8964 806.4907 823.5809 801.644 743.3188 681.3994 634.891 605.6293 585.111 593.1341 610.6014 617.2509 642.4025 695.9956 742.3315 753.9642 733.6252 706.6083 691.5143 680.8585 662.4691 640.3354 610.038 596.7796 599.537 607.7516 605.7846 590.4522 565.0212 532.5483 510.2546 494.8445 478.8206 447.4171 406.3889 370.0249 367.8673 400.2619
794.4225 794.9139 792.2304 791.0457 792.6309 798.2678 802.7759 803.2076 799.8655 793.5108 782.4317 771.6225 767.2562 768.3307 769.8121 771.4188 773.8155 770.6102 755.7153 718.129 681.7125 694.8847 744.4396 792.0746 809.3602 804.5137 811.9599 823.7126 796.9774 738.2915 675.4953 629.379 596.1248 582.6072 595.7981 614.6844 619.3019 632.9019 680.7545 729.8208 751.0549 737.4232 718.5292 702.575 689.6017 666.281 639.9862 617.0771 604.6213 606.764 615.4893 617.3611 609.596 595.5695 563.7732 536.296 513.1787 490.9956 453.904 403.3397 355.7976 342.4219 372.518
805.5818 807.0716 805.7567 805.3597 804.1722 809.0241 815.1373 818.6326 814.5087 809.2217 800.5485 786.1893 776.3486 772.3319 769.9593 776.4783 789.72 803.4755 802.296 763.5804 709.4514 695.4495 737.1642 792.9536 816.4647 810.0121 810.3496 815.6934 788.9084 732.5834 670.9979 618.8724 584.0521 575.7164 599.2689 619.9834 621.7382 630.949 670.3054 715.7742 741.2535 735.5198 719.8621 701.7004 686.7772 666.7036 643.3051 624.982 614.7329 612.3761 611.6409 608.1348 602.9601 593.7576 573.6558 552.6475 528.4802 503.0392 465.574 411.2498 353.9105 324.255 342.2563
812.8404 819.8917 820.4809 819.6127 819.9061 819.3267 826.8607 830.7469 831.6246 826.5394 817.8652 807.1314 794.1151 782.8238 774.9224 772.9623 786.053 820.526 838.7567 814.228 752.6188 712.9854 735.9497 787.5169 815.9823 809.6491 802.4144 798.5132 773.3483 725.9758 667.0941 610.5026 571.8004 563.4789 594.2515 620.4669 623.1883 627.7652 660.0436 705.2037 723.7127 719.5353 705.4419 692.1871 680.1593 667.6444 650.0638 635.0855 625.5389 615.789 609.3772 597.1147 582.8771 573.4202 562.3288 547.9368 526.7693 503.712 473.2908 425.3281 363.3963 317.5401 316.8859
820.8157 829.4316 833.1401 832.8939 834.7847 835.084 837.2062 843.0374 845.4249 843.7877 836.5431 831.1534 820.5084 805.6211 787.9368 774.8934 779.2758 817.8853 857.2501 853.7906 795.7408 741.1096 743.668 786.8967 813.4097 805.6124 784.5149 773.0511 749.3392 705.0681 651.0615 596.293 554.4739 548.4584 581.4728 618.2885 625.0599 624.0761 653.3985 697.538 709.4796 702.97 689.6835 676.8462 669.6628 663.2791 657.156 642.327 632.2858 620.9889 611.3702 592.4123 569.615 547.9115 535.6631 522.5526 503.0421 482.5388 464.0251 428.7951 375.2889 323.8242 302.271
830.4702 838.7857 842.1783 845.7924 849.2636 853.8277 852.3526 852.1658 858.6634 859.9738 855.8724 853.804 850.2658 843.2335 821.8365 793.8022 782.4355 811.5002 859.134 870.0902 828.5125 772.1874 763.3165 794.1743 813.9437 796.0455 775.2924 757.0182 732.2822 689.962 638.7083 586.335 541.6104 527.2154 558.2003 605.9504 623.6304 627.0856 648.5567 683.2294 695.9985 691.8453 678.8568 664.561 656.2552 651.0999 648.8204 639.2737 634.9364 624.7538 613.7691 597.8051 567.7145 534.5087 509.9969 491.1231 466.9691 445.9002 430.2551 408.2238 372.9824 329.6847 298.9249
844.4913 850.5533 855.0334 856.0339 858.6853 868.5383 872.006 866.7994 870.495 874.3439 872.1468 873.9395 877.7595 882.2062 871.2378 840.0235 809.1937 818.6423 860.8403 883.5665 851.0963 800.3207 783.5063 804.8561 817.4338 799.8834 776.063 761.5738 740.6787 695.9354 641.6837 586.9028 536.6656 512.7465 536.7621 582.032 606.0321 618.7178 638.7814 669.3674 681.8295 679.1943 666.7042 654.9532 649.0986 644.3606 642.2872 638.2323 635.6535 623.7695 612.0138 595.6299 569.7423 542.1353 506.1342 472.4854 440.4803 413.1124 393.4792 375.6923 351.8983 322.5457 297.5849
863.1607 870.6448 872.7347 871.9946 866.6619 878.9631 891.6958 891.4955 885.8807 890.3825 891.9601 892.1886 899.4153 917.361 921.0731 898.6516 861.1094 852.3788 879.3391 897.6435 872.5173 827.6116 809.3408 816.6698 820.7256 807.2999 786.9174 777.0391 759.3906 711.6192 654.3149 593.2616 538.859 512.3765 527.483 560.5146 585.2184 600.4841 620.7668 651.0269 670.0574 669.9692 655.7255 642.4749 635.3151 637.9252 642.3199 640.1073 639.3878 629.4266 611.8585 596.1856 580.0522 554.5201 514.9196 476.5517 440.0606 402.5586 375.9977 352.1955 332.3484 311.7944 297.953
881.6315 893.4113 897.7358 894.6488 882.9315 884.7858 907.4612 916.889 909.6256 915.5891 914.4362 913.3891 920.3141 936.6485 957.3263 952.446 926.3243 908.5955 915.2607 925.2675 902.2353 858.1153 831.4732 828.5911 829.1674 822.638 803.7329 792.8267 772.6397 728.3752 667.1971 600.3661 544.2675 522.3632 535.3167 551.1432 567.7849 580.5334 601.0514 630.8612 655.5056 662.559 646.7325 627.9609 616.0938 619.3229 635.7106 652.929 663.7284 658.8394 634.2995 607.8444 585.5383 557.6005 521.0636 482.4749 443.144 405.4212 372.8023 345.8856 321.4408 302.091 293.3273
891.1999 913.2187 925.5582 922.4297 906.8651 894.3225 913.9599 940.1125 941.2556 943.5414 943.2499 936.6729 940.5328 955.9863 976.0598 987.2057 978.6426 969.6285 968.978 966.936 937.8782 890.1669 854.1932 845.137 853.363 852.0176 830.8948 808.9946 783.1175 737.7556 676.9332 609.9432 555.5296 535.9574 547.3786 557.6637 566.9933 578.6336 590.8591 612.8886 639.1307 649.6306 641.1708 621.0537 605.6566 595.4792 618.1356 664.0078 694.319 694.908 669.3432 634.4753 594.8278 559.1371 521.3176 483.2325 442.8027 405.9441 369.3922 336.1366 304.685 285.5859 283.5016
891.7294 925.3939 948.7372 955.2583 940.0103 912.542 917.7699 951.4963 964.62 973.3455 978.205 971.0171 968.4403 975.9006 991.5021 1009.242 1013.066 1017.301 1022.887 1019.622 984.1887 926.8376 889.6428 883.2526 889.7568 887.9534 867.7708 832.4113 790.516 739.8306 683.9991 621.2451 571.2693 551.4485 555.794 563.7908 571.7028 585.0611 598.5663 612.805 634.0464 645.8005 644.2548 625.5839 600.0322 577.2538 592.23 650.1149 708.8533 734.4898 715.7789 671.677 617.8075 566.8825 519.9701 478.8037 437.2575 399.0556 359.9656 321.3608 286.7046 266.9027 271.5912
878.8542 922.7284 961.482 984.0183 975.4977 938.3746 921.3696 950.0998 977.8098 995.0897 1007.306 1005.158 995.2852 995.2469 1001.357 1016.37 1032.811 1049.825 1071.276 1071.137 1034.579 981.8472 944.3225 935.4409 943.6255 942.9503 916.7032 862.3068 801.6695 743.9304 686.2632 629.8502 583.8126 562.4423 559.8411 566.6417 573.7465 586.4169 606.4142 630.4377 643.5933 647.6021 641.9831 623.3253 585.8302 553.3485 566.9089 621.6478 701.6259 759.1471 761.8178 720.7571 654.6462 582.4991 520.3643 471.2324 429.9073 392.1494 352.1554 311.1318 271.2498 247.7182 255.2323
850.3304 898.4922 953.7053 998.4532 1005.309 968.5665 938.1573 946.7657 973.1111 998.0635 1018.693 1028.033 1017.37 1003.931 997.6583 1008.241 1035.195 1063.996 1101.35 1108.657 1080.476 1031.452 998.8074 998.0151 1017.94 1020.709 983.3397 915.1473 840.5447 770.1371 703.8266 640.0369 594.9788 576.3104 575.0657 582.8356 587.0195 596.6189 617.2571 642.9957 656.475 658.8343 641.3695 609.2355 567.6777 534.3327 532.3059 581.2803 669.0065 756.4451 798.8613 776.9586 704.2703 612.042 535.6064 478.5616 434.6896 396.0534 355.9856 312.985 268.7603 236.2846 240.1273
820.929 855.6981 917.4388 983.8818 1017.499 999.0219 963.8705 952.4657 968.2155 993.5729 1017.873 1032.781 1024.911 1001.26 978.0594 977.4516 1006.351 1051.56 1102.316 1120.77 1098.307 1060.631 1038.901 1057.485 1095.614 1105.268 1068.702 997.4672 909.4594 826.8431 738.1069 662.6983 613.6551 591.9821 594.866 596.7274 599.5391 614.8128 636.821 656.173 672.3609 667.621 637.7331 596.441 556.6202 528.6467 510.8687 534.3867 616.9571 727.8427 811.1385 823.6198 760.0421 660.7639 575.8788 510.6732 457.7889 410.3938 368.913 325.4968 278.6966 239.4266 236.5504
827.3214 830.0519 870.7394 941.4952 1001.143 1015.805 990.9027 967.0861 967.5683 991.8083 1019.994 1031.791 1023.064 990.6609 956.3206 926.3517 948.4129 1009.082 1070.425 1103.348 1091.77 1061.522 1051.053 1092.141 1157.902 1190.273 1169.438 1102.996 1005.735 897.8719 787.7893 697.0415 639.3945 611.0298 604.3109 603.5847 614.7195 641.0744 668.835 679.6104 690.0119 681.8914 645.6302 595.358 552.5992 524.7693 500.3181 499.8215 563.0341 675.3844 784.4048 838.1063 800.5973 710.9048 623.2131 551.0794 487.1692 431.3067 384.7491 339.6348 293.5488 253.9567 245.164
870.1375 841.2415 857.3759 906.1895 967.8193 1013.856 1017.101 994.4819 982.5934 1002.641 1030.436 1041.728 1021.487 975.8874 924.3494 873.7929 867.0256 927.5096 1006.464 1056.647 1059.488 1033.978 1030.786 1079.61 1177.142 1245.419 1252.2 1202.354 1104.694 983.2672 854.7531 748.6362 677.2165 638.3713 620.9673 616.5764 634.7206 675.0735 709.0029 719.5932 718.5372 703.4663 660.7122 595.489 547.3757 520.7006 500.0793 490.6089 528.777 624.8708 736.7856 814.2006 799.8032 727.735 648.8782 582.4741 515.8404 454.6938 403.1716 356.1177 306.9986 269.9235 261.6519
932.8796 891.968 881.5736 904.9847 946.58 998.7902 1032.258 1026.843 1009.432 1017.959 1044.858 1056.866 1031.136 973.2186 896.9565 832.0635 799.0849 833.7842 908.7365 977.1906 1002.814 988.8771 987.9081 1045.135 1153.77 1255.314 1297.576 1277.09 1191.377 1066.797 930.6822 814.6195 734.6447 681.5903 655.8553 642.2427 659.8653 710.6978 756.8649 775.5817 763.4229 734.1731 674.6785 595.6265 536.564 512.1831 497.157 490.0976 518.1501 598.013 697.2012 770.7231 763.4424 710.1902 644.4766 587.4327 531.8616 474.7621 422.1211 372.883 320.6179 281.9475 273.9386
993.0334 952.0126 924.2914 933.7831 956.0177 992.6465 1035.847 1052.55 1045.708 1044.849 1064.828 1079.425 1053.503 970.8113 880.7584 804.1681 758.8595 761.2064 812.8385 875.7715 916.7141 919.3169 919.7857 980.4899 1100.329 1216.386 1294.337 1306.879 1245.69 1134.943 1005.824 888.9474 793.7009 732.4747 690.3823 670.1699 688.0977 742.9587 805.2457 833.6664 816.6675 774.1301 698.7649 606.4917 531.8843 495.3287 479.713 479.1266 512.7215 588.4794 679.9032 740.7302 738.2422 688.1843 627.0154 578.3271 533.2968 484.8317 434.0924 382.2061 330.8565 291.5641 280.5559
1039.608 1011.885 980.7134 976.8688 989.6089 1012.56 1044.267 1072.708 1077.751 1077.652 1091.902 1102.97 1073.555 984.4091 883.989 798.4491 739.9758 713.9559 733.1242 778.2197 816.6827 835.2495 845.1603 899.5381 1021.438 1141.735 1235.948 1275.113 1241.885 1169.351 1065.695 954.1238 859.8294 785.1356 735.1902 705.0813 714.4203 772.8603 848.8344 890.6943 874.5709 820.8443 734.5642 625.8249 531.5899 474.9585 451.1423 451.2954 485.8848 566.5029 663.0769 721.3385 721.1673 676.4778 620.0297 571.6116 530.2322 487.1256 436.9254 381.9365 330.2265 293.0574 280.8384
1075.506 1068.507 1043.953 1035.468 1044.027 1057.613 1077.267 1097.976 1113.366 1121.196 1131.335 1140.084 1102.013 1015.664 917.9685 827.4404 757.8862 718.5027 694.4786 696.1473 718.0535 742.6285 762.9922 823.025 940.7731 1065.77 1154.111 1183.163 1182.843 1150.712 1094.989 1016.617 941.8962 868.5982 808.9463 760.8131 751.9578 799.6691 881.1177 937.0043 937.1712 879.1932 776.6503 651.8918 543.8619 473.6287 435.518 423.4806 452.0565 526.5609 624.4646 688.5129 697.1758 662.2002 615.1314 574.6928 538.1714 498.168 448.9958 388.2203 329.669 291.2695 277.7275
