py_wake/examples/data/AJ_ParqueFicticio/Rough survey   Sector 3   Height 200m   Orographic turn.grd
DSAA
73  159
 258469   265669
 6501692   6517492
-16.79348   11.99736
[rows 0 to 26 of 159, columns 0 to 60 of 73]
-.02088098 -.02774914 -.01402849 .03616914 .07402103 .127787 .1943248 .2434923 .2828602 .3044241 .3367402 .3355517 .3454819 .3047472 .2404797 .1991047 .1347598 .1235453 .09433503 .1462814 .2682924 .5592403 .6844353 .5197516 .131765 -.4463463 -.9482782 -1.011377 -1.009459 -1.092471 -1.264868 -1.349858 -1.531765 -1.575871 -1.495368 -1.230797 -.7434332 -.1501894 .2169382 .488387 .7750159 1.117827 1.428162 1.698645 1.781213 1.82418 1.815528 1.863943 1.892402 1.958771 2.010644 2.034342 2.057738 2.086257 2.017853 1.945943 1.881896 1.750902 1.617132 1.426143 1.205127
.2501312 .1360044 .09962818 .1223189 .177806 .2352084 .2745579 .335871 .3678636 .3897809 .4322363 .4381245 .4313388 .3865322 .297206 .2098617 .1243526 .05162583 -.06095901 -.1015814 -.07120054 .2058761 .5377764 .5964831 .2070942 -.4558292 -1.138543 -1.285106 -1.228419 -1.332514 -1.420662 -1.605266 -1.821671 -1.915027 -1.912209 -1.605902 -1.054742 -.3383846 .1360661 .4496011 .7752244 1.121669 1.478533 1.717639 1.721841 1.764287 1.80956 1.868554 1.93416 1.995769 2.100221 2.152526 2.215697 2.218758 2.16444 2.110205 1.991812 1.845701 1.59143 1.367245 1.096259
.5102545 .3025297 .2012294 .213712 .3015043 .3604038 .4043325 .4421301 .4644528 .4802903 .5210145 .5651354 .550144 .5111329 .3989292 .2368782 .09776862 -.03138788 -.2066931 -.3263588 -.3100269 -.09442628 .4082465 .6361498 .3963141 -.3748427 -1.098121 -1.371314 -1.397984 -1.466561 -1.560952 -1.772124 -1.977708 -2.124469 -2.198708 -1.96833 -1.382995 -.5429182 .02685179 .4411397 .7984343 1.200005 1.552581 1.814603 1.830067 1.800911 1.811291 1.860943 1.9711 2.061494 2.204413 2.325412 2.357317 2.311269 2.271576 2.22735 2.103798 1.919145 1.662246 1.365717 1.024912
.8379669 .5710748 .397887 .3838286 .4323741 .4798671 .5422831 .5735824 .5857029 .5946021 .598381 .663203 .6844906 .6505496 .5117418 .2806452 .08799474 -.08537462 -.2939959 -.4829092 -.4932364 -.2717872 .1828527 .5171114 .4851763 -.1511658 -.8679433 -1.283332 -1.390381 -1.49538 -1.609523 -1.762776 -1.949146 -2.124041 -2.196236 -1.97191 -1.495239 -.6641486 .05828668 .5346179 1.025449 1.461636 1.766553 1.941105 2.011552 1.895524 1.906523 1.962648 2.050917 2.143349 2.275664 2.352344 2.39576 2.453796 2.480006 2.41352 2.280598 2.058971 1.763659 1.379257 .940505
1.139605 .8965938 .6752905 .5862731 .550552 .6292956 .6948894 .7328894 .7286583 .713773 .6980528 .6852896 .7594262 .7610686 .6053396 .3722553 .1000373 -.1433121 -.3809125 -.6263322 -.6322434 -.3723308 -.01646906 .3637485 .4780404 .01956258 -.5692317 -.9512815 -1.160743 -1.307144 -1.461317 -1.609408 -1.697346 -1.792058 -1.749197 -1.586765 -1.134728 -.4495212 .3209858 .8930241 1.500249 1.900842 2.085796 2.01244 2.019405 1.971834 2.023904 2.076038 2.095481 2.171962 2.23888 2.366126 2.495691 2.648267 2.708083 2.676203 2.523854 2.265872 1.903652 1.449371 .9418663
1.281064 1.171012 1.018316 .8396171 .7143022 .7591931 .8452908 .8448398 .8126433 .7934245 .792384 .7474577 .8191525 .8244159 .6864048 .5071949 .1831075 -.16806 -.5033054 -.7141432 -.6821805 -.4687469 -.1339705 .2311492 .4496478 .2253211 -.2000709 -.5512664 -.7871079 -.9569008 -1.083303 -1.070496 -.956589 -.8162355 -.7881635 -.7186219 -.4215797 .07403071 .6647171 1.276726 1.83824 2.274958 2.308716 2.137711 2.138593 2.251353 2.285789 2.249488 2.175506 2.180363 2.301005 2.499138 2.718403 2.933246 3.079151 3.079259 2.904643 2.593317 2.170237 1.632434 1.034829
1.288768 1.267211 1.253066 1.18078 1.000488 .8973924 .8878734 .8519454 .817726 .8031149 .817746 .808081 .8263503 .8290503 .7570465 .6359877 .3753388 -.05678534 -.451333 -.7657513 -.7747949 -.5308826 -.2269408 .1509118 .4811403 .4612546 .1984632 -.1068115 -.3650717 -.533332 -.6271844 -.5550559 -.2418336 -.146317 -.1391463 -.07098779 .08723385 .4313954 .8283459 1.256082 1.865679 2.303266 2.42113 2.362699 2.448977 2.577061 2.55277 2.427641 2.274478 2.274513 2.458483 2.756787 3.099901 3.392272 3.602623 3.613761 3.389868 3.044027 2.58059 1.955705 1.358037
1.234225 1.23858 1.198616 1.215424 1.114069 1.023889 .9212359 .8216532 .7648474 .7664948 .7773892 .8366998 .877144 .9444506 .9088306 .8396279 .6157846 .2335402 -.2446093 -.6986766 -.7969616 -.566772 -.2021007 .1714238 .542421 .7184089 .5355809 .2868497 .06465204 -.1006193 -.1435142 .01796024 .2184875 .3314027 .3838538 .4481359 .5597143 .7784342 .9940072 1.272976 1.848832 2.381958 2.678835 2.819505 2.966753 2.98388 2.799025 2.689284 2.512606 2.546394 2.746852 3.12801 3.600282 4.072602 4.297611 4.237971 3.966523 3.611705 3.105866 2.622277 2.122917
1.205959 1.226608 1.224121 1.296512 1.276702 1.17615 .9826707 .8122826 .6996059 .6963834 .7871921 .8551819 .9659029 .9912727 1.058368 1.094806 .9492088 .594971 .1079447 -.3970253 -.7051603 -.4471714 -.05977447 .2706223 .7003253 1.008877 1.023209 .7681804 .575875 .4315492 .3697979 .5185639 .7142845 .8653306 .9594662 1.042863 1.172628 1.268593 1.415042 1.61587 2.229315 2.866755 3.305837 3.545883 3.627367 3.550563 3.42054 3.429922 3.339975 3.393723 3.590561 3.928721 4.379228 4.732441 4.979033 4.863071 4.542071 4.231292 3.916297 3.574625 3.242652
1.164125 1.195701 1.248921 1.269097 1.215537 1.127693 .8671043 .6513648 .6068428 .6571 .8468522 .9518243 1.014201 1.058072 1.181389 1.280247 1.236624 .9552444 .538279 .07255285 -.3115865 -.2571518 .1832108 .5329747 .8554031 1.207022 1.374071 1.266424 1.088547 .9163975 .8744637 1.013548 1.234446 1.376188 1.524723 1.629199 1.638762 1.755871 1.96252 2.274885 2.892608 3.54493 4.103401 4.311671 4.378884 4.399907 4.412584 4.493013 4.525378 4.500134 4.647532 4.889984 5.160406 5.339062 5.412894 5.341968 5.056704 4.929134 4.751858 4.705604 4.482694
1.127882 1.152462 1.184961 1.151645 .9590598 .8005764 .65227 .5230221 .5665817 .6839121 .9276394 1.113815 1.094363 1.049306 1.152079 1.386335 1.497806 1.288809 .9424593 .5845127 .2844803 .1957904 .4567336 .6983311 1.013941 1.368764 1.695645 1.70459 1.578157 1.373373 1.43169 1.572352 1.741902 1.933656 2.056849 2.072446 2.135071 2.2278 2.495507 2.916058 3.515946 4.167405 4.687775 4.91954 5.151142 5.348046 5.595499 5.78175 5.801691 5.707331 5.695421 5.669701 5.690117 5.740915 5.793324 5.726054 5.661982 5.691607 5.774199 5.899308 5.758437
1.022534 1.052176 1.046186 .9421863 .9333266 .8926721 .832292 .6592217 .5262057 .6880881 .9829563 1.130884 1.118416 .9542971 1.011093 1.302817 1.529097 1.450857 1.211576 .987455 .7762334 .672782 .7045656 .8495311 1.083578 1.454063 1.88109 1.879341 1.862497 1.853251 1.980225 2.091474 2.274999 2.472255 2.556641 2.548332 2.591272 2.731019 2.995459 3.481419 4.037184 4.618958 5.111535 5.489568 5.836154 6.155157 6.497249 6.754295 6.899938 6.75357 6.472307 6.230263 6.168815 6.306557 6.412724 6.525288 6.703224 6.996979 7.250806 7.398253 7.195962
.9059569 .9129883 .9273281 .8927995 .960843 1.0338 1.031732 .9068686 .6167479 .601096 .7997907 .9974648 1.063637 .9615904 .9797119 1.205643 1.453561 1.5695 1.444757 1.232356 1.040086 .9045768 .9506873 1.056335 1.231364 1.544711 1.918176 2.141546 2.257829 2.418818 2.509044 2.641528 2.796028 2.976133 3.098506 3.082533 3.070768 3.217305 3.523067 3.975165 4.523083 5.084601 5.61676 6.069143 6.439754 6.723784 7.123839 7.41193 7.551637 7.448193 7.128149 6.84695 6.916822 7.260109 7.655808 8.128678 8.702171 9.168897 9.431441 9.286891 8.68656
.8055555 .8542868 .9271166 .954663 1.015435 1.092057 1.095942 .91891 .6118333 .4673393 .6132586 .8607073 1.001452 .9607293 .9389043 1.080436 1.378827 1.555768 1.466018 1.329013 1.251669 1.265388 1.243268 1.269668 1.429009 1.671437 2.070829 2.422833 2.615156 2.77553 2.874938 2.973226 3.19029 3.434363 3.574047 3.593575 3.538983 3.673634 3.955179 4.437131 5.028876 5.57821 6.103359 6.605894 6.967206 7.343257 7.657947 7.951059 8.013379 7.983075 7.742207 7.624768 7.944231 8.638011 9.456262 10.31006 10.90627 11.25071 11.19426 10.64315 9.609972
.7229754 .8193244 .9128602 .9672657 1.028932 1.069772 1.047454 .9150882 .6827915 .5420939 .6728091 .8270314 .9421871 .9255999 .9161733 1.010474 1.162609 1.244067 1.317318 1.30255 1.335578 1.440886 1.571483 1.646563 1.666419 1.836322 2.060421 2.329126 2.603945 2.817698 2.990013 3.218609 3.463247 3.826169 4.059587 4.067505 3.925309 3.975317 4.277015 4.862845 5.544298 6.163815 6.680129 7.115238 7.540806 7.864226 8.148368 8.357523 8.544242 8.53131 8.429639 8.554393 9.073156 9.889778 10.80191 11.56409 11.99736 11.99044 11.50901 10.6363 9.394215
.6989483 .8068894 .8898791 .9553465 1.02582 1.026696 .9830552 .9123759 .7963525 .7047133 .7276766 .8016437 .8647898 .8479185 .7387252 .7149281 .8332359 .9479246 1.128269 1.257705 1.365456 1.555898 1.81391 1.903933 1.949799 1.946464 2.042998 2.264832 2.470469 2.754736 2.926244 3.208965 3.587858 4.077262 4.370843 4.332523 4.112271 4.096883 4.40357 5.04062 5.846415 6.458274 6.952692 7.526183 7.91591 8.219329 8.388987 8.528543 8.67509 8.765326 8.841043 9.069277 9.611747 10.3863 10.99125 11.34175 11.35543 10.95822 10.30156 9.416165 8.304994
.6878219 .8045694 .8663844 .9306426 .9816204 .9872305 .9683471 .8788479 .8077055 .7440872 .7435964 .7443919 .7386662 .7127264 .6710775 .6709323 .73807 .9166687 1.114574 1.285115 1.446893 1.647062 1.897809 2.127107 2.180306 2.127725 2.05491 2.106958 2.319654 2.49295 2.682175 2.933362 3.430408 3.972512 4.182813 4.177176 3.93949 3.854297 4.173903 5.042313 5.890815 6.562768 7.202208 7.671137 8.04325 8.195601 8.22427 8.291545 8.42873 8.482919 8.567194 8.766947 9.148477 9.510398 9.802827 9.814946 9.518373 9.174576 8.626647 8.019259 7.279267
.669422 .7696219 .8626996 .9182869 .9507967 .9548863 .9273577 .8859566 .8098842 .7878835 .7537029 .7331903 .6715673 .7106155 .7661716 .8051493 .8683008 .9902738 1.153196 1.344616 1.490872 1.657358 1.841188 2.013278 2.125716 2.144482 1.942273 1.843536 1.881426 1.974346 2.017824 2.298095 2.798416 3.270669 3.585646 3.661402 3.417302 3.210108 3.404414 4.289152 5.388678 6.345396 7.003398 7.438341 7.677892 7.615322 7.532467 7.536052 7.589451 7.562611 7.500894 7.613584 7.808363 8.040063 8.115321 8.054748 7.960955 7.787148 7.562602 7.235107 6.76662
.6494177 .7384585 .8025032 .8986738 .9143966 .9337326 .9176501 .8610913 .7999845 .8023711 .7737871 .7264189 .6692951 .7584945 .845861 .8858174 .9814613 1.094857 1.197131 1.345846 1.464961 1.586614 1.701438 1.826246 1.832933 1.748336 1.618135 1.477121 1.327401 1.245955 1.281561 1.488973 1.96304 2.495603 2.881294 3.152012 2.96821 2.55514 2.599565 3.464739 4.74406 5.635097 6.154958 6.410442 6.453986 6.4023 6.352787 6.344218 6.39871 6.42206 6.397062 6.482238 6.645751 6.83149 7.04551 7.209233 7.296323 7.327931 7.25631 7.041928 6.64816
.6153718 .7006074 .7850656 .8834558 .8982245 .919376 .8751739 .8422839 .8030332 .8052956 .817013 .7797299 .734521 .8120974 .9138339 .9918995 1.06191 1.191657 1.241793 1.350449 1.410775 1.514057 1.55912 1.66167 1.73668 1.674016 1.502548 1.275526 1.059623 .9355093 .9291582 .9541847 1.260689 1.881334 2.445042 2.835024 2.715343 2.19218 1.911154 2.578345 3.652542 4.518642 4.940378 5.096045 5.151617 5.14829 5.131703 5.281568 5.414748 5.589743 5.755016 5.830714 6.058399 6.318707 6.684724 7.018907 7.232264 7.326112 7.312799 7.066099 6.637825
.6377515 .6820642 .7458686 .8189951 .8771649 .8606991 .8521872 .8419665 .8209444 .8349115 .8629476 .8609182 .8378157 .902902 .9884356 1.061268 1.106966 1.221396 1.253853 1.275933 1.322129 1.406555 1.50069 1.604991 1.650127 1.626384 1.4718 1.316041 1.184498 1.064697 .9656261 .8318703 .778497 1.514152 2.178639 2.60713 2.52277 1.827822 1.33213 1.60175 2.55059 3.391427 3.916416 4.184753 4.330829 4.502891 4.644374 4.797162 5.031542 5.393906 5.585891 5.823235 6.04107 6.414509 6.800836 7.215824 7.489068 7.579063 7.455595 6.990328 6.395468
.69267 .7279908 .7680789 .8323604 .8642484 .8563886 .834309 .8168537 .8079909 .877369 .9311727 .9466679 .9254456 .982926 1.049922 1.086394 1.140843 1.210396 1.249981 1.265802 1.296031 1.396791 1.472055 1.57215 1.618516 1.625502 1.539709 1.443297 1.377264 1.267426 1.080016 .8811724 .6506065 .9905826 1.783084 2.507069 2.397235 1.662469 .8816314 .9875563 1.782301 2.718024 3.460516 3.940533 4.234869 4.52115 4.659538 4.813837 5.200588 5.641793 5.940613 6.102739 6.349689 6.694221 7.083278 7.454358 7.713412 7.665588 7.317881 6.673988 5.829994
.6917716 .7645932 .8095829 .7979616 .81989 .8174385 .8021253 .8063518 .8060375 .8885677 .9744672 1.020271 1.018963 1.051553 1.088971 1.138007 1.132593 1.236361 1.283733 1.320114 1.329718 1.429692 1.505868 1.555835 1.601792 1.638567 1.635389 1.574213 1.465564 1.351944 1.168323 .8880948 .6116347 .6430966 1.297839 2.237319 2.322328 1.656676 .8179889 .6354559 1.38954 2.472022 3.421666 3.959574 4.353927 4.679762 4.968071 5.256301 5.712306 6.147798 6.444211 6.695902 6.847461 7.077003 7.297747 7.552073 7.595044 7.350662 6.799376 6.045808 5.02859
.6992047 .7678609 .7318313 .7228687 .7251771 .7502669 .7634773 .7790496 .8010647 .8825805 .9795449 1.034132 1.052514 1.083969 1.107288 1.122485 1.161829 1.24108 1.298483 1.321486 1.369169 1.450676 1.513507 1.551299 1.600023 1.625011 1.6179 1.580264 1.393059 1.224205 1.096035 .9706391 .6792948 .5386553 .9373099 1.84434 2.179885 1.706997 .976472 .6998565 1.239787 2.302258 3.302659 3.990647 4.529304 5.011076 5.410556 5.812445 6.246517 6.679081 7.005813 7.195885 7.258366 7.325538 7.336128 7.364412 7.190041 6.771521 6.039654 5.1254 4.150361
.6672457 .7200456 .6887833 .6730248 .6894584 .7171649 .7182193 .7496448 .780287 .8881078 .9539169 1.008667 1.035457 1.053801 1.094388 1.14463 1.173352 1.213876 1.293393 1.322103 1.358043 1.420066 1.501347 1.514289 1.550184 1.534361 1.482934 1.371167 1.17419 .9889768 .8630189 1.000647 .9674741 .7859052 .7849815 1.486858 1.868628 1.668469 1.247887 1.007119 1.323617 2.207231 3.181766 3.958976 4.621089 5.229265 5.754219 6.232406 6.652907 7.055881 7.380434 7.562581 7.485331 7.316422 7.04324 6.883427 6.598534 5.975336 5.124301 4.266971 3.360229
.6846305 .6734972 .6539606 .6574421 .6642943 .7068569 .7342402 .7297978 .7641321 .8442041 .9235598 .960955 1.004936 1.060988 1.088212 1.131335 1.177819 1.215323 1.273875 1.296979 1.324978 1.348624 1.425485 1.447102 1.434202 1.323137 1.241606 1.192603 1.065433 .9228704 .987945 1.13596 1.09532 .9836648 .858454 1.264893 1.626738 1.62489 1.392473 1.186811 1.305081 1.894941 2.94514 3.86855 4.63911 5.297044 5.823852 6.374461 6.870039 7.256053 7.482584 7.606945 7.482253 7.105721 6.602283 6.27227 5.92388 5.236702 4.387724 3.594473 2.882925
.6510577 .5984883 .5695258 .6086201 .6411027 .6801109 .7003917 .7372276 .7437854 .7531852 .8154525 .8823446 .9578214 1.02064 1.076103 1.08654 1.139319 1.198061 1.232864 1.264689 1.266232 1.285528 1.317387 1.322951 1.398526 1.320866 1.148516 1.142274 1.165621 1.069617 1.134091 1.204591 1.151445 1.048969 1.01809 1.292921 1.477031 1.558459 1.471615 1.219605 1.254407 1.80157 2.760806 3.583755 4.428833 5.082509 5.734566 6.379866 6.923243 7.163319 7.383372 7.414948 7.231305 6.73427 6.067003 5.577916 5.263757 4.689239 3.977567 3.246284 2.657211
