py_wake/examples/data/AJ_ParqueFicticio/Rough survey   Sector 1   Height 30m   Mean speed.grd
DSAA
73  159
 258469   265669
 6501692   6517492
 .3484707   7.297954
[rows 56 to 83 of 159, columns 0 to 62 of 73]
3.16042 3.195099 3.194288 3.207578 3.206653 3.242118 3.228251 3.227212 3.214688 3.22088 3.222789 3.231439 3.217041 3.182923 3.17446 3.17467 3.191593 3.203986 3.189371 3.16661 3.190516 3.15689 3.125081 3.141243 3.164902 3.152219 3.16552 3.204879 3.291236 3.4434 3.667176 3.848883 3.715973 3.910789 3.908642 3.921087 4.018433 4.008035 3.87015 3.816458 3.866755 4.099057 4.041825 3.889534 3.618637 3.413256 3.262552 3.152261 3.18985 3.322659 3.360181 3.463331 3.409335 3.328983 3.181583 3.132131 3.068755 3.170493 3.26032 3.306942 3.303015 3.245838 3.155657
3.14864 3.150276 3.138147 3.182135 3.205361 3.241516 3.237868 3.217523 3.20436 3.200749 3.206379 3.214013 3.218958 3.218713 3.220609 3.197568 3.197107 3.198925 3.197481 3.191831 3.226987 3.200896 3.15402 3.179668 3.178741 3.164905 3.170897 3.240709 3.409298 3.623701 3.761642 3.89455 3.991626 4.009783 4.046298 4.040129 3.937308 3.978211 4.031125 3.904927 3.863851 3.937049 3.853651 3.747196 3.653315 3.531983 3.307838 3.107531 3.09474 3.260651 3.399708 3.431423 3.31518 3.344337 3.411145 3.520895 3.460553 3.35627 3.219977 3.043646 3.037376 3.038192 3.212647
3.056567 3.030034 3.047652 3.096625 3.14116 3.188118 3.203179 3.177929 3.165653 3.1623 3.169531 3.183511 3.178668 3.166309 3.190065 3.199733 3.19247 3.183871 3.183726 3.186399 3.210684 3.225121 3.199387 3.215611 3.199839 3.179982 3.177316 3.227395 3.316539 3.39578 3.464958 3.6302 3.731822 3.839873 3.830962 3.844054 3.746975 3.763796 3.858603 3.79983 3.759435 3.740412 3.623769 3.594572 3.518245 3.413537 3.221911 2.993671 2.972976 3.150156 3.281363 3.207141 3.179028 3.204564 3.336349 3.465334 3.43404 3.471929 3.454693 3.318615 3.223157 3.185945 3.290574
3.045652 3.039834 3.007442 3.02512 3.048062 3.112407 3.159156 3.134635 3.115535 3.11845 3.127891 3.132735 3.151812 3.137397 3.148655 3.172258 3.184453 3.176194 3.182323 3.175672 3.198397 3.243052 3.248973 3.248712 3.227595 3.203685 3.201016 3.130244 3.000631 2.957384 2.931388 3.03889 3.172421 3.267519 3.311741 3.450363 3.526067 3.612018 3.696985 3.643152 3.56896 3.559767 3.483467 3.498682 3.467061 3.389819 3.177292 2.952226 2.734452 2.719605 3.062356 3.023766 2.997054 3.004607 3.104101 3.243746 3.181617 3.308014 3.415367 3.472697 3.33808 3.232469 3.254244
3.181076 3.136065 3.104275 3.137508 3.114508 3.063309 3.10825 3.077626 3.069605 3.075304 3.080619 3.083835 3.087491 3.089692 3.114353 3.144116 3.172544 3.175532 3.192998 3.190299 3.1759 3.184469 3.201252 3.23796 3.247224 3.251153 3.257602 3.220053 3.189452 2.968083 2.874168 2.894328 2.937145 2.967223 3.004896 3.167498 3.247428 3.344035 3.437479 3.433222 3.342202 3.295785 3.398916 3.467084 3.48414 3.433742 3.319593 3.142363 2.840893 2.611912 2.740612 2.81544 2.851763 2.847175 3.054824 3.192509 3.156889 3.310746 3.329348 3.372479 3.308927 3.263519 3.236943
3.252995 3.19635 3.195422 3.183716 3.133449 3.089646 3.040122 3.031425 3.033695 3.054698 3.060786 3.065135 3.073553 3.09089 3.104797 3.132302 3.167631 3.179762 3.190181 3.204751 3.203816 3.231272 3.211644 3.223292 3.23132 3.264452 3.321274 3.418006 3.487337 3.412445 3.249369 3.049974 3.003111 3.17169 3.058769 3.085299 3.132388 3.188446 3.222998 3.234145 3.172279 3.122252 3.154714 3.359889 3.371663 3.373437 3.322545 3.291533 3.072212 2.705127 2.451227 2.595735 2.852723 2.991621 2.926522 3.042746 3.187971 3.308278 3.268173 3.234051 3.215154 3.178795 2.955236
3.279427 3.252514 3.237316 3.219868 3.18818 3.147846 3.112972 3.060636 3.050403 3.061615 3.064692 3.070656 3.099679 3.100388 3.100592 3.113886 3.136807 3.142398 3.150575 3.194401 3.184443 3.205157 3.209005 3.230273 3.263016 3.303653 3.379494 3.474035 3.549344 3.561327 3.674115 3.62645 3.543026 3.474203 3.285464 3.143759 3.113031 3.089804 3.0714 3.102756 3.102849 3.076973 3.119685 3.194015 3.279315 3.288993 3.285069 3.356728 3.261846 3.060051 2.722089 2.408704 2.738792 3.006311 3.130126 3.098665 3.123355 3.224778 3.248346 3.242874 3.176324 3.041491 2.938918
3.263739 3.227778 3.236602 3.241616 3.226457 3.194916 3.14974 3.086302 3.060122 3.070946 3.092297 3.111182 3.107129 3.100472 3.09137 3.086401 3.08648 3.077672 3.097091 3.128498 3.116515 3.123109 3.148266 3.197419 3.238925 3.308024 3.402375 3.459311 3.526082 3.598327 3.579838 3.613161 3.598402 3.541355 3.429168 3.24329 3.162449 3.084324 3.05177 3.009198 2.979253 2.949923 3.000895 3.079013 3.141345 3.261208 3.258425 3.22203 3.230237 3.134337 2.777233 2.59736 2.51642 2.876152 3.034967 2.931802 2.78247 2.927864 3.045028 3.048409 3.013428 3.063779 3.00041
3.231334 3.202351 3.220845 3.229863 3.223352 3.201558 3.147855 3.09172 3.05788 3.074065 3.085059 3.099097 3.109288 3.095587 3.086271 3.07555 3.08343 3.084481 3.078177 3.075909 3.077485 3.066063 3.075234 3.103787 3.151627 3.249293 3.301918 3.383698 3.444114 3.532192 3.511904 3.550959 3.573018 3.58181 3.496223 3.384431 3.232886 3.149592 3.106934 3.026803 2.905301 2.837675 2.766185 2.758012 2.989142 3.127173 3.117691 3.077838 3.033076 3.123566 2.945001 2.754668 2.411993 2.365271 2.744645 2.832502 2.441401 2.285647 2.262784 2.401584 2.411422 2.488333 2.825511
3.195472 3.171214 3.191369 3.202528 3.206204 3.194827 3.1588 3.10711 3.075689 3.086005 3.08455 3.088569 3.096634 3.091988 3.085152 3.062827 3.073734 3.087532 3.095 3.103904 3.116908 3.073835 3.060279 3.120484 3.109289 3.1134 3.072485 3.113927 3.177033 3.221056 3.225899 3.374739 3.44633 3.452551 3.353243 3.278217 3.188591 3.099098 3.066891 2.956182 2.895331 2.881399 2.771417 2.725212 2.886276 3.072301 3.050174 3.011917 3.048294 3.149215 3.180481 3.000993 2.730646 2.36238 2.411386 2.647413 2.591501 2.403681 2.176062 1.919337 1.962143 2.008095 2.215821
3.17122 3.153455 3.165699 3.181185 3.178003 3.175363 3.167015 3.156882 3.147844 3.122045 3.100543 3.100191 3.096411 3.089587 3.083762 3.085389 3.09909 3.101134 3.12552 3.163184 3.170417 3.141069 3.172213 3.14972 3.070957 3.008612 2.983815 3.014379 2.982545 2.968828 2.982414 3.090066 3.281741 3.305653 3.243434 3.188247 3.081175 3.005092 2.893929 2.798109 2.829174 2.854474 2.73308 2.661364 2.691094 2.805777 2.951003 2.975081 2.985796 3.052869 3.199097 3.227025 3.18605 2.826664 2.495275 2.613964 2.718601 2.644809 2.652642 2.56177 2.29955 2.166384 2.169968
3.149243 3.145692 3.159409 3.164566 3.167346 3.152101 3.142824 3.155192 3.154008 3.12349 3.104913 3.099431 3.096445 3.081902 3.072886 3.074536 3.091279 3.105144 3.146707 3.175494 3.192812 3.166239 3.176034 3.138588 3.05642 3.004759 2.965531 2.962742 2.957928 2.922875 2.925792 3.022442 3.176632 3.170306 3.165689 3.154744 3.116758 3.028472 2.941252 2.768843 2.661222 2.607801 2.59755 2.521781 2.455005 2.642103 2.907878 3.082402 3.218581 3.17692 3.213814 3.379971 3.432791 3.309899 2.935397 2.697834 2.686179 2.841915 2.98527 3.066298 3.106214 2.960577 2.704668
3.12655 3.150133 3.175119 3.163033 3.148107 3.121371 3.12436 3.136447 3.135542 3.11241 3.091583 3.087963 3.096548 3.087864 3.086997 3.075951 3.073814 3.101755 3.14084 3.150729 3.152539 3.122394 3.099894 3.096496 3.069968 3.099761 3.111789 2.963526 2.885223 2.827651 2.839704 2.950985 3.086052 3.070898 3.04849 3.109321 3.124981 3.106287 3.039917 2.853236 2.854183 2.827718 2.679904 2.549265 2.391134 2.429462 2.53888 2.837038 2.898176 2.90469 3.091919 3.264324 3.384928 3.404252 3.204466 2.9817 2.725055 2.742901 2.882675 2.995678 3.133272 3.171264 3.02035
3.070687 3.11151 3.148216 3.149061 3.12251 3.101077 3.127291 3.119248 3.113369 3.092365 3.065675 3.058398 3.081546 3.084772 3.105525 3.088495 3.071105 3.124545 3.143857 3.1315 3.104547 3.078475 3.051106 3.064961 3.121426 3.178178 3.160339 3.059407 2.974152 2.831264 2.777549 2.821542 2.93071 2.936092 2.956117 3.072443 3.129988 3.151954 3.127755 3.087962 3.228627 3.281449 3.139522 2.851552 2.657961 2.525429 2.439845 2.455212 2.417471 2.445873 2.730827 2.888499 2.944794 2.852801 2.816262 2.668667 2.628889 2.590582 2.689625 2.789472 2.887924 3.039152 3.09831
2.983114 3.027609 3.100855 3.090852 3.085248 3.086144 3.12256 3.114187 3.093002 3.074335 3.042671 3.029133 3.043834 3.074525 3.136559 3.162255 3.195187 3.168898 3.145233 3.12873 3.108633 3.115614 3.099273 3.14595 3.190859 3.222541 3.154362 3.131495 3.079674 2.930591 2.848855 2.74017 2.776306 2.813728 2.945365 3.081808 3.151047 3.206405 3.29622 3.383914 3.433914 3.3962 3.278869 3.141126 2.914031 2.744661 2.577666 2.48313 2.369594 2.231575 2.056858 1.939529 1.899886 1.872221 2.211991 2.510042 2.711506 2.741174 2.766025 2.85058 2.92182 3.078187 3.146774
2.951438 2.958621 2.979704 3.006395 3.042445 3.05519 3.097146 3.086056 3.067337 3.048268 3.038623 3.065159 3.103771 3.118896 3.16845 3.161807 3.17627 3.14345 3.115076 3.113933 3.116974 3.155561 3.173099 3.263141 3.271526 3.258922 3.191022 3.173313 3.073179 3.021647 3.029641 2.987476 2.955097 2.901079 3.009312 3.127934 3.235846 3.315386 3.346192 3.379468 3.350057 3.365916 3.26699 3.207944 3.138833 3.04777 2.896559 2.750801 2.570816 2.377646 1.990936 1.725793 1.603479 1.634876 1.90117 2.243055 2.655437 2.894843 2.981115 3.058174 3.069643 3.182436 3.224929
3.01251 3.045118 3.063133 3.009486 2.997889 3.019001 3.058184 3.05509 3.050738 3.071253 3.108003 3.113973 3.101728 3.08889 3.103453 3.098375 3.087197 3.072931 3.060723 3.066843 3.083166 3.094741 3.120936 3.178824 3.202181 3.227401 3.205637 3.170998 3.059517 3.047645 3.076529 3.067324 3.076472 3.101178 3.117448 3.170597 3.252389 3.285959 3.307388 3.277427 3.283785 3.34639 3.323958 3.237385 3.199803 3.166559 3.098983 3.015162 2.913993 2.872032 2.82982 2.797616 2.796792 2.554522 2.268846 2.304665 2.514853 2.874876 3.019171 3.148726 3.260091 3.3564 3.470057
3.117922 3.125978 3.101502 3.018243 2.958189 2.959637 3.020143 3.017197 3.021584 3.06358 3.092665 3.098772 3.074097 3.032391 2.997201 3.019338 2.998484 2.976703 2.973936 2.974328 2.987366 2.962018 2.982848 3.006905 3.057256 3.104007 3.146867 3.191211 3.250569 3.254109 3.248803 3.235267 3.241191 3.287305 3.252661 3.14359 3.122541 3.176789 3.272514 3.32618 3.368371 3.489804 3.44968 3.329615 3.27758 3.145631 3.061749 2.939952 2.981552 3.075602 3.093662 3.184444 3.302553 3.34806 3.103902 2.744154 2.511758 2.560459 2.930306 3.122039 3.304151 3.586303 3.750108
3.132895 3.128721 3.099892 3.038593 2.963977 2.925421 3.000763 2.979611 2.977975 3.026155 3.04578 3.06371 3.053447 3.005281 2.955899 2.925466 2.904526 2.895561 2.901039 2.886371 2.880857 2.869816 2.90548 2.920344 2.968304 3.001647 3.069912 3.17656 3.290091 3.335202 3.334824 3.369706 3.45473 3.396399 3.2727 3.177171 3.109399 3.102115 3.123455 3.193124 3.317011 3.433436 3.455631 3.421819 3.362067 3.203507 3.00152 2.733674 2.659405 2.694357 2.647972 2.842851 3.180876 3.297904 3.268409 2.963129 2.588407 2.400598 2.554758 2.908778 3.136073 3.287708 3.333818
3.080486 3.093569 3.097339 3.065572 3.023085 2.979124 2.983983 2.969287 2.948061 2.97564 2.997136 3.014464 3.027594 2.980151 2.952507 2.911944 2.87535 2.868848 2.881661 2.864645 2.877236 2.829936 2.83047 2.841952 2.876951 2.883016 2.924374 2.956082 3.030972 3.028261 3.102341 3.174161 3.203469 3.278027 3.254277 3.235142 3.207432 3.147185 3.069012 3.025556 2.921667 2.984226 3.009197 2.912887 2.854353 2.637344 2.441809 2.396779 2.338868 2.32152 2.323743 2.296698 2.208403 2.246175 2.463822 2.344553 2.315177 2.167598 2.22107 2.442639 2.606848 2.65056 2.70336
3.013219 3.039187 3.05609 3.056432 3.035953 3.037098 2.995212 2.963873 2.937505 2.929379 2.947006 2.958734 2.963686 2.936934 2.961228 2.933703 2.881764 2.869803 2.886219 2.894185 2.901059 2.813509 2.771147 2.742605 2.757429 2.747956 2.74146 2.663566 2.636916 2.714488 2.886309 2.965133 3.01119 3.105844 3.15061 3.194292 3.207404 3.096728 3.003629 2.935667 2.877754 2.72603 2.446518 2.307874 2.124324 2.068163 1.965275 2.03824 2.202088 2.31387 2.290776 2.209737 2.032309 1.723812 1.712151 1.850765 1.887518 1.875253 1.738075 1.742053 1.951906 1.928346 1.879897
2.969343 2.983112 2.995635 3.000798 2.964465 2.943078 2.926261 2.899258 2.896882 2.882921 2.905276 2.918164 2.906851 2.901072 2.924221 2.884508 2.842116 2.828404 2.86057 2.855603 2.90703 2.944937 2.88216 2.855897 2.787058 2.695561 2.610936 2.511053 2.459254 2.513982 2.800321 2.945161 3.040002 3.080265 3.072957 2.972214 2.888653 2.851921 2.774466 2.606816 2.60518 2.569499 2.461321 2.367284 2.522106 2.749218 2.709877 2.671978 2.690251 2.441282 2.373894 2.272053 2.191302 2.119989 2.179911 2.223164 2.109562 1.918455 2.12285 2.052047 1.894266 1.910715 1.926875
2.94112 2.930031 2.927042 2.913252 2.875658 2.859609 2.857714 2.829588 2.833019 2.837802 2.866089 2.893477 2.897899 2.88943 2.875773 2.845297 2.796912 2.755264 2.762749 2.767324 2.845021 2.881115 2.90506 2.887263 2.822743 2.725898 2.681967 2.588571 2.608921 2.786729 3.008522 3.10287 3.143521 3.109352 3.094722 3.117544 3.078776 2.975332 2.909795 2.652677 2.465073 2.443302 2.431555 2.534644 2.827263 3.064728 3.236721 3.380544 3.235471 2.857769 2.42763 2.367959 2.503681 2.767338 3.011739 3.195237 3.152514 3.229457 3.212355 3.012787 2.791359 2.554837 2.491945
2.927703 2.888992 2.870465 2.860744 2.827828 2.810616 2.808424 2.810123 2.814415 2.803234 2.817474 2.84614 2.843906 2.843186 2.83336 2.820447 2.790705 2.756922 2.744119 2.712003 2.72297 2.725651 2.770537 2.780525 2.804872 2.825213 2.830215 2.930704 3.041566 3.090993 3.12614 3.114516 3.092688 3.04973 3.039817 3.067489 3.072244 3.017258 2.952274 2.744903 2.55165 2.454594 2.612331 2.765516 3.043556 3.189904 3.246019 3.222986 3.150846 3.110135 3.066755 3.02879 3.087404 3.24313 3.439472 3.608845 3.765452 3.87149 3.732303 3.56379 3.403869 3.270023 3.067271
2.915833 2.871982 2.829592 2.839811 2.838809 2.828669 2.795389 2.808969 2.781153 2.752152 2.734794 2.761562 2.751786 2.7649 2.791652 2.809756 2.870548 2.879909 2.809944 2.74553 2.760306 2.678537 2.678044 2.685698 2.743392 2.820917 2.981988 3.17185 3.312217 3.339702 3.267078 3.099987 3.045259 2.953283 2.888506 2.83033 2.710806 2.72898 2.704139 2.671575 2.712903 2.931587 3.169586 3.234252 3.285391 3.350408 3.291539 3.232335 3.255946 3.368274 3.495674 3.582596 3.584819 3.672821 3.638347 3.694 3.73002 3.643488 3.563086 3.457262 3.375721 3.258107 3.168895
2.900149 2.885169 2.886092 2.863022 2.841635 2.836367 2.795021 2.767339 2.735794 2.700719 2.648555 2.625847 2.634428 2.664303 2.741439 2.828215 2.848655 2.863382 2.862719 2.867424 2.807876 2.753301 2.694653 2.610279 2.619087 2.70919 2.847707 3.012649 3.13424 3.120422 3.096372 2.982687 2.925176 2.824812 2.806409 2.773365 2.66819 2.690991 2.643169 2.638425 2.712022 2.929811 3.087212 3.206442 3.244642 3.309608 3.39348 3.433526 3.493213 3.555457 3.612734 3.641259 3.618361 3.561358 3.51373 3.467664 3.48372 3.360222 3.295847 3.26514 3.221157 3.188127 3.120859
2.847558 2.848025 2.861243 2.840895 2.802425 2.767893 2.69697 2.695448 2.683347 2.655336 2.60671 2.604338 2.55855 2.563612 2.582348 2.590782 2.644937 2.724015 2.774765 2.811035 2.764618 2.755926 2.685525 2.614755 2.567038 2.512089 2.598635 2.768429 2.917425 2.961795 2.974173 2.910247 2.85937 2.788646 2.787431 2.779612 2.674329 2.683095 2.5943 2.522486 2.688765 2.933128 3.041042 3.116339 3.155045 3.213473 3.354806 3.428621 3.495399 3.553586 3.566628 3.548695 3.5065 3.45105 3.379267 3.309773 3.269578 3.195592 3.174565 3.200154 3.190246 3.181376 3.121125
2.794131 2.785878 2.791327 2.792369 2.754818 2.708518 2.665527 2.648062 2.626597 2.585895 2.611453 2.597632 2.52328 2.49403 2.447018 2.388993 2.414833 2.529349 2.610962 2.651437 2.69816 2.717005 2.698079 2.699629 2.623573 2.582073 2.633238 2.789684 2.874316 2.922658 2.986033 3.042879 3.034147 3.123664 3.027666 3.017535 2.820313 2.646905 2.515431 2.747013 2.938587 2.981793 2.912343 2.954093 2.916064 2.921594 3.112039 3.175951 3.307524 3.477393 3.488209 3.457673 3.405943 3.325958 3.202205 3.095948 3.073886 3.063133 3.074932 3.112607 3.162836 3.127282 3.078357
