py_wake/examples/data/AJ_ParqueFicticio/Rough survey   Sector 8   Height 30m   Weibull-A.grd
DSAA
73  159
 258469   265669
 6501692   6517492
 .06085515   11.45488
[rows 56 to 83 of 159, columns 0 to 62 of 73]
5.028238 5.009002 5.030774 5.055871 5.067216 5.083425 5.011281 4.964341 4.929415 4.916603 4.898574 4.887413 4.866175 4.825764 4.813413 4.798237 4.801826 4.817384 4.788866 4.748392 4.737077 4.711411 4.706716 4.729851 4.761096 4.731186 4.723726 4.715897 4.761558 4.944841 5.540076 5.942597 5.811895 6.085479 6.137805 6.215493 6.357699 6.53814 6.589823 6.59795 6.816347 6.929611 7.074111 6.929889 6.779459 6.51764 6.523521 6.32199 6.043791 5.877208 6.002235 6.192584 5.950063 5.273426 4.563458 4.743219 5.193506 5.416384 5.202255 4.786188 4.50842 4.59297 4.310772
5.036596 4.921504 4.968071 5.067852 5.094002 5.046769 4.989132 4.929762 4.890577 4.8814 4.880571 4.873638 4.871216 4.816306 4.848273 4.832088 4.816863 4.811939 4.805301 4.746126 4.81472 4.791975 4.745797 4.789087 4.7842 4.763659 4.744277 4.81796 5.134066 5.516746 5.942546 5.995394 6.104352 6.265449 6.447322 6.441255 6.379209 6.462984 6.742824 6.738063 6.823313 6.924503 6.564788 6.460568 6.516332 6.499182 6.318301 5.975345 5.893845 5.907438 6.079605 6.087841 5.710945 5.094255 4.835256 5.268723 5.540343 5.535585 4.977439 4.518882 4.335032 4.262826 4.216065
4.887342 4.763448 4.877803 5.010038 5.07936 4.972683 4.917389 4.851727 4.825964 4.821918 4.83273 4.843501 4.820066 4.73228 4.796939 4.829051 4.817348 4.793832 4.76717 4.737391 4.803139 4.833903 4.810034 4.85276 4.814517 4.770225 4.763969 4.929953 5.202701 5.476345 5.634768 5.738432 5.892949 6.042643 6.114269 6.207707 6.132175 6.197361 6.505344 6.634496 6.69026 6.63964 6.254439 6.084401 6.156295 6.20628 5.93643 5.630255 5.632342 5.821666 5.910235 5.73048 5.429129 4.916602 4.932371 5.301482 5.491675 5.40535 5.035433 4.677687 4.576801 4.36792 4.456526
4.775758 4.834451 4.885754 4.970987 5.013397 4.988522 4.857605 4.77371 4.752284 4.760725 4.777799 4.798792 4.801934 4.703726 4.750926 4.786665 4.810589 4.782816 4.766396 4.744103 4.78932 4.882947 4.882113 4.885615 4.8483 4.779136 4.787347 4.796982 4.784971 5.024742 5.123699 5.159653 5.250093 5.420313 5.509027 5.851594 6.011167 6.088459 6.2874 6.395082 6.410493 6.236397 5.983007 5.881485 5.924424 5.98355 5.718261 5.426668 5.351884 5.415232 5.603029 5.383494 5.139771 4.79388 4.729545 5.070385 5.158464 5.277402 5.050808 4.72683 4.5664 4.331548 4.607314
4.931101 4.971531 5.04549 5.097054 5.062365 4.961304 4.875631 4.690341 4.691443 4.709925 4.721647 4.73019 4.72719 4.661777 4.696963 4.767855 4.799475 4.784122 4.793202 4.799123 4.780113 4.813549 4.815585 4.873118 4.873116 4.81092 4.832644 4.779397 4.988418 4.95198 5.046408 5.028793 5.006831 5.069521 5.321328 5.695334 5.814767 5.921906 5.96402 6.034958 6.01598 5.802896 5.776756 5.833934 5.868242 5.887071 5.705087 5.539437 5.337726 5.241606 5.235438 5.011924 4.858775 4.64432 4.824229 4.997298 5.073212 5.324173 4.997094 4.606241 4.334194 4.406885 4.780817
5.094835 5.12665 5.176722 5.038708 4.882982 4.856801 4.76317 4.664437 4.672483 4.695261 4.699231 4.691421 4.681476 4.71144 4.728923 4.752556 4.821106 4.787632 4.802374 4.835169 4.857039 4.891923 4.853292 4.85638 4.842534 4.85807 4.950159 5.095617 5.329223 5.470789 5.391341 5.159729 5.084104 5.414888 5.479577 5.613614 5.69252 5.754303 5.780772 5.746753 5.620111 5.560937 5.716816 5.696582 5.754038 5.712702 5.581231 5.549911 5.470261 5.1459 4.773046 4.783401 4.848947 4.933283 4.671906 4.948192 5.162477 5.247348 4.91604 4.410919 4.210355 4.351841 4.29934
5.199049 5.225609 5.102975 4.996888 4.871495 4.770468 4.738818 4.720657 4.708911 4.713554 4.701955 4.699937 4.728339 4.744586 4.741288 4.750436 4.776861 4.731997 4.769119 4.863124 4.842817 4.847067 4.854136 4.877536 4.896687 4.98715 5.093414 5.300234 5.436514 5.550491 5.870478 5.791604 5.725453 5.77129 5.681857 5.673467 5.669786 5.618044 5.584565 5.5425 5.505207 5.51003 5.65195 5.630058 5.559896 5.597888 5.572641 5.600053 5.524512 5.371649 5.026453 4.559447 4.808976 4.962635 5.059471 5.04197 5.145471 5.056439 4.826435 4.373484 4.113104 3.957908 4.104458
5.232958 5.128069 5.037257 4.982996 4.902069 4.841089 4.803969 4.757321 4.725155 4.739336 4.738445 4.754609 4.757377 4.748343 4.734315 4.716842 4.693193 4.633456 4.718102 4.810153 4.738687 4.736051 4.797904 4.872234 4.921832 5.072668 5.233647 5.336602 5.489477 5.664911 5.751348 5.694968 5.692428 5.74122 5.819941 5.803164 5.722013 5.587221 5.538477 5.453736 5.402824 5.376752 5.422527 5.390772 5.450313 5.546888 5.552186 5.447457 5.456847 5.217582 4.825735 4.76034 4.791689 4.985344 4.946788 4.742537 4.742168 4.67837 4.490053 4.090632 3.83885 3.9161 3.969962
5.22015 5.069726 4.982621 4.93548 4.901741 4.859987 4.816476 4.776194 4.752577 4.752717 4.75036 4.75454 4.765126 4.745336 4.716992 4.691935 4.658327 4.681434 4.702691 4.722933 4.674976 4.683663 4.726879 4.783544 4.868226 5.079032 5.125262 5.32128 5.524643 5.689078 5.61838 5.6011 5.630757 5.748344 5.866691 5.80031 5.715889 5.598244 5.545435 5.459104 5.272306 5.102525 5.08123 5.144812 5.273428 5.430573 5.279358 5.22298 5.15689 5.106991 4.916426 4.855707 4.670073 4.440613 4.602407 4.52813 4.09583 3.877915 3.60029 3.404684 3.189767 3.466381 3.804881
5.170245 5.032744 4.937486 4.889395 4.873761 4.856329 4.82331 4.802702 4.810792 4.773338 4.747281 4.752289 4.75474 4.741431 4.705881 4.657537 4.657431 4.722894 4.730464 4.746927 4.763292 4.740137 4.748052 4.835143 4.857951 4.893891 4.89289 5.103647 5.310472 5.390429 5.364515 5.379947 5.465325 5.625615 5.641438 5.583424 5.510465 5.445967 5.41852 5.241713 5.139805 5.106084 5.081859 5.183733 5.32579 5.325574 5.155115 5.118397 5.15878 5.112119 5.009682 5.043331 4.87021 4.565742 4.266837 4.221311 3.885443 3.674943 3.246939 2.825852 3.115619 3.368033 3.523902
5.104453 5.018357 4.89604 4.84847 4.831447 4.827852 4.833927 4.835667 4.78719 4.76618 4.76073 4.755961 4.743044 4.717236 4.687306 4.671756 4.721108 4.761588 4.783207 4.799347 4.852952 4.871126 4.8917 4.863672 4.797235 4.743692 4.830318 5.016061 5.087768 5.144442 5.133163 5.188502 5.356679 5.503144 5.478835 5.427279 5.321981 5.231059 5.100347 4.946052 5.00335 5.007348 5.014751 5.11128 5.225019 5.14527 4.991617 5.083724 5.1382 5.042729 5.021272 5.205375 5.216887 4.812293 4.482973 4.13163 3.821766 3.628988 3.438422 3.321229 3.592914 3.598895 3.70772
5.056357 4.988236 4.891312 4.838388 4.803953 4.811424 4.814929 4.823626 4.811999 4.757626 4.745781 4.741517 4.728364 4.69062 4.657439 4.684743 4.742748 4.780194 4.842191 4.869558 4.915291 4.904022 4.837908 4.794342 4.705511 4.708286 4.876929 4.962275 5.054247 5.08657 5.075865 5.162858 5.336144 5.398101 5.365435 5.345878 5.294942 5.182468 5.083093 4.835904 4.715669 4.76596 4.880498 4.931367 4.905204 4.878192 5.035363 5.260782 5.384448 5.078289 5.254039 5.460475 5.33685 5.088585 4.651589 4.281017 4.010314 3.724851 3.838184 3.953073 4.062731 4.201276 4.013144
5.034306 4.984253 4.893705 4.83264 4.794319 4.781138 4.80829 4.805587 4.797762 4.753562 4.720277 4.712153 4.714269 4.66229 4.679523 4.710805 4.743507 4.796937 4.844527 4.864919 4.888361 4.794748 4.651331 4.661855 4.62844 4.902486 5.044219 4.93692 4.939015 4.977437 5.006299 5.131913 5.268817 5.276313 5.265611 5.299752 5.291494 5.191871 5.070765 4.876995 4.863234 5.022861 5.074794 4.959506 4.706745 4.661956 4.81452 5.035385 5.020488 4.806682 5.127667 5.423218 5.447662 5.104939 4.664714 4.386599 3.92197 3.8083 4.007327 4.090863 4.146903 4.174291 3.842489
4.968245 4.9665 4.852667 4.789506 4.773084 4.776311 4.817416 4.780174 4.768116 4.738461 4.701016 4.680561 4.692219 4.641835 4.750466 4.790283 4.792079 4.848135 4.854325 4.824415 4.772805 4.65756 4.531516 4.594532 4.795964 5.063486 5.073098 5.013878 5.008671 4.976186 4.986703 5.026121 5.143513 5.111627 5.198225 5.290298 5.305773 5.260857 5.093957 5.105407 5.38217 5.524256 5.463474 5.176403 4.86542 4.803914 4.700503 4.590996 4.407053 4.372942 4.891955 5.025545 4.797678 4.339253 4.039521 3.640366 3.785362 3.792003 3.982626 4.066992 4.004898 3.978091 3.948403
4.859851 4.893837 4.858931 4.734919 4.779872 4.791181 4.779005 4.752018 4.727193 4.711212 4.683005 4.672332 4.662499 4.677003 4.837111 4.94264 4.942424 4.894407 4.842824 4.806327 4.727399 4.640454 4.644392 4.736743 5.000201 5.084165 5.035408 5.04234 5.111357 5.099638 5.01836 4.926952 4.968138 5.015588 5.214964 5.343613 5.358798 5.328528 5.336599 5.433174 5.602876 5.680594 5.522275 5.285359 5.000235 4.933825 4.728442 4.512328 4.271387 4.12202 3.935659 3.757704 3.553783 3.376988 3.432665 3.577989 3.822947 4.032558 4.160232 4.16319 4.090974 4.126307 4.123057
4.806074 4.790394 4.767778 4.713952 4.841849 4.773689 4.707351 4.672359 4.663624 4.665075 4.679855 4.687511 4.738032 4.817547 4.931194 4.943169 4.868645 4.825893 4.791067 4.769925 4.742541 4.753735 4.839434 4.978712 5.150723 5.096043 5.053663 5.064405 5.03686 5.082621 5.22516 5.210906 5.166466 5.199528 5.325765 5.429381 5.501348 5.484774 5.477434 5.526874 5.52919 5.566655 5.427634 5.245274 5.170277 5.123959 4.979633 4.760138 4.425255 4.230861 3.765372 3.389596 3.221943 3.263202 3.47722 3.56579 3.963437 4.32278 4.460023 4.434777 4.311331 4.317866 4.244119
4.846583 4.803359 4.805714 4.809769 4.83016 4.788111 4.614449 4.593081 4.631464 4.72369 4.743245 4.759437 4.780176 4.805479 4.880035 4.854918 4.72342 4.708527 4.708302 4.710701 4.714915 4.710662 4.828519 4.951334 4.973623 5.051472 5.006497 4.985089 4.891483 5.175083 5.364183 5.35586 5.421519 5.529371 5.527042 5.579102 5.550644 5.484684 5.46432 5.423306 5.431007 5.481371 5.347537 5.279334 5.250973 5.194103 5.140861 4.990372 4.773506 4.682435 4.475647 4.320226 4.42913 4.341529 4.06932 4.064614 4.30197 4.455625 4.581983 4.636379 4.592609 4.602472 4.615528
4.926281 4.904735 4.896647 4.814798 4.750165 4.720215 4.573886 4.567653 4.671041 4.722668 4.751186 4.759457 4.769459 4.751894 4.751813 4.765654 4.588906 4.568244 4.582522 4.591199 4.594621 4.571783 4.705778 4.786582 4.852033 4.9148 4.911531 4.941039 5.187302 5.469691 5.618025 5.574295 5.661026 5.770697 5.698 5.491973 5.399511 5.427258 5.519123 5.518035 5.54019 5.634671 5.414068 5.329263 5.266071 5.142347 5.04887 4.800163 4.862303 4.856011 4.824064 4.7841 4.991945 5.137054 4.87415 4.524799 4.353794 4.39817 4.602571 4.781073 4.946968 5.050051 5.150689
4.940949 4.916212 4.886021 4.806314 4.741124 4.690137 4.581593 4.612353 4.698768 4.677147 4.7021 4.728193 4.722657 4.713814 4.710743 4.636328 4.477563 4.466989 4.478945 4.460287 4.435388 4.514627 4.639214 4.722229 4.813082 4.842404 4.86743 5.00589 5.306173 5.706917 5.705781 5.739341 5.836982 5.835268 5.65109 5.469703 5.392793 5.383877 5.4039 5.478297 5.580152 5.46973 5.420274 5.429348 5.257241 5.129803 4.837472 4.465534 4.35349 4.444222 4.356165 4.523337 4.905701 5.102364 4.961186 4.356317 4.191251 4.218734 4.452261 4.701747 4.93071 5.002242 4.701466
4.869246 4.880801 4.874673 4.801354 4.695382 4.570248 4.615486 4.696917 4.690889 4.617492 4.631802 4.656981 4.689442 4.604023 4.530663 4.523066 4.457938 4.457697 4.449118 4.388866 4.45117 4.491652 4.572565 4.675765 4.723763 4.739186 4.765329 4.916016 5.129422 5.380475 5.501215 5.606352 5.58972 5.583629 5.566005 5.511034 5.467051 5.450295 5.310001 5.214888 5.04398 5.001925 4.967434 4.700509 4.634576 4.150653 4.070375 3.88078 4.017691 4.045109 3.988841 4.032335 4.011825 4.029424 3.857342 3.413764 3.692824 3.852813 4.111897 4.256266 4.396104 4.28223 4.018405
4.779261 4.812711 4.826275 4.794842 4.649864 4.637956 4.63947 4.673103 4.641496 4.567988 4.56895 4.581666 4.60055 4.504796 4.466054 4.446605 4.452494 4.458385 4.453803 4.419048 4.505808 4.456545 4.485672 4.542256 4.570032 4.564649 4.547562 4.584131 4.73039 5.085007 5.348537 5.401848 5.368083 5.381165 5.405222 5.445933 5.440038 5.351327 5.146433 4.984724 4.925201 4.595959 4.055749 3.831563 3.473947 3.501134 3.467642 3.644977 3.92896 4.03538 3.942089 3.825645 3.611128 3.228626 2.95296 3.096713 3.39079 3.40191 3.329185 3.335456 3.56837 3.394359 3.132309
4.734571 4.738904 4.747582 4.726213 4.548831 4.546365 4.568146 4.581487 4.557604 4.52177 4.532702 4.532861 4.505959 4.47488 4.474513 4.443424 4.40073 4.395946 4.412856 4.409412 4.538852 4.602693 4.631083 4.681529 4.576506 4.427776 4.336003 4.333799 4.538188 4.92956 5.354087 5.448307 5.445025 5.395742 5.29429 5.137776 5.074121 4.96811 4.735716 4.598956 4.52735 4.17584 3.952187 3.81427 3.91755 4.36094 4.356795 4.370974 4.542115 4.215747 3.985498 3.771671 3.567549 3.396457 3.479619 3.736487 3.640708 3.465363 3.74511 3.817031 3.507181 3.33605 3.228637
4.708615 4.657461 4.639287 4.59565 4.426336 4.428824 4.473494 4.476352 4.479123 4.482383 4.504277 4.516186 4.473976 4.452104 4.436151 4.417007 4.357488 4.300437 4.270104 4.344709 4.523184 4.544353 4.712077 4.665856 4.539747 4.345853 4.378475 4.415117 4.823396 5.330648 5.712731 5.681946 5.609208 5.423455 5.287375 5.261276 5.228498 5.083266 4.804313 4.543657 4.133147 3.933602 3.946939 4.16432 4.622018 4.947938 5.04888 5.14597 4.975877 4.397798 3.953831 3.807725 3.926987 4.23585 4.607856 4.959816 4.84818 5.042304 5.197242 4.944201 4.496044 4.107082 3.812893
4.684203 4.59711 4.536707 4.459947 4.35832 4.376823 4.411109 4.467471 4.47217 4.447188 4.459862 4.473188 4.386152 4.378407 4.386298 4.373763 4.322727 4.227108 4.245366 4.312868 4.357903 4.421133 4.540238 4.48266 4.472059 4.457016 4.498181 4.897265 5.512219 5.854364 5.843474 5.66183 5.513166 5.293175 5.226525 5.234641 5.204554 5.028276 4.738237 4.351532 3.953602 3.925418 4.319151 4.625249 5.021192 5.195109 5.178047 5.016246 4.558756 4.453545 4.524382 4.586794 4.723574 5.000925 5.286274 5.568285 5.71869 5.916917 5.705532 5.304089 4.90199 4.685502 4.320949
4.640454 4.547343 4.459518 4.383516 4.436212 4.442855 4.450124 4.45049 4.422408 4.376878 4.356001 4.377065 4.263332 4.306521 4.356023 4.361207 4.361853 4.371163 4.345282 4.340644 4.387521 4.377537 4.389827 4.379834 4.400746 4.541611 4.835182 5.356448 5.926188 6.167387 5.98189 5.578296 5.345998 5.135145 5.028513 4.935276 4.734907 4.51806 4.319074 4.173445 4.156322 4.5981 5.158349 5.264292 5.313129 5.34491 5.179361 4.956891 4.80593 4.89639 5.0881 5.309467 5.452743 5.631927 5.600159 5.674966 5.818431 5.634224 5.325694 4.952525 4.732408 4.461999 4.222814
4.576565 4.501915 4.440102 4.430599 4.445451 4.492834 4.405393 4.36758 4.337266 4.294716 4.246991 4.218872 4.144075 4.243116 4.368025 4.383791 4.33435 4.395202 4.445071 4.45738 4.429077 4.434393 4.398699 4.295007 4.284146 4.530432 4.875443 5.370478 5.80317 5.849477 5.643997 5.305165 5.097072 4.958295 4.915118 4.824876 4.599482 4.400411 4.234464 4.202966 4.417904 4.903005 5.162719 5.306618 5.306843 5.267276 5.251685 5.218071 5.24757 5.279358 5.363267 5.447788 5.487686 5.469413 5.438306 5.443607 5.351494 5.077919 4.812199 4.570068 4.433626 4.233573 4.021964
4.504042 4.423972 4.440843 4.404927 4.363613 4.34251 4.23615 4.224001 4.223663 4.197247 4.142552 4.090435 4.097723 4.132962 4.190669 4.184616 4.095635 4.286585 4.339869 4.37215 4.370188 4.392056 4.347478 4.228258 4.274382 4.318445 4.706317 5.208817 5.571034 5.625786 5.370822 5.121882 4.99823 4.929073 4.914243 4.777175 4.50912 4.323761 4.13829 4.119741 4.660671 5.091627 5.221514 5.275365 5.236198 5.176626 5.248057 5.28627 5.309365 5.322614 5.327199 5.335869 5.319067 5.285817 5.277593 5.177695 4.967144 4.780369 4.638329 4.48794 4.361599 4.173014 3.915205
4.415922 4.348057 4.337538 4.335989 4.277029 4.200133 4.158449 4.135423 4.121805 4.089769 4.114597 4.118928 4.048313 4.028439 3.98607 3.919595 3.954607 4.147373 4.176055 4.209034 4.319069 4.335601 4.302676 4.323968 4.256964 4.505291 4.886108 5.302037 5.513392 5.534172 5.357024 5.231275 5.210652 5.270403 5.170156 4.961978 4.43884 4.064752 3.985802 4.662231 5.11276 5.174531 5.099361 5.093461 4.926078 4.820643 4.968118 4.997369 5.205673 5.277571 5.216067 5.181813 5.143934 5.124063 5.044603 4.828458 4.674432 4.59078 4.508652 4.408602 4.341516 4.048017 3.729896
