py_wake/examples/data/AJ_ParqueFicticio/Rough survey   Sector All   Height 30m   Weibull-A.grd
DSAA
73  159
 258469   265669
 6501692   6517492
 2.59462   10.64407
[rows 0 to 27 of 159, columns 0 to 62 of 73]
5.200489 5.24822 5.261987 5.264575 5.26214 5.257133 5.2588 5.259329 5.258078 5.252169 5.24163 5.222107 5.202655 5.183004 5.156227 5.12754 5.100036 5.068655 5.024541 4.954418 4.851953 5.162051 5.496906 5.921242 5.563694 4.761292 4.588809 5.069901 5.268758 5.156902 5.050897 5.054097 5.109112 5.180027 5.208338 5.414816 5.773152 6.118282 5.983559 5.930756 5.90529 5.901562 5.908175 5.853032 5.789077 5.792488 5.749103 5.710362 5.691959 5.663936 5.641993 5.607305 5.587075 5.583181 5.57128 5.566354 5.56292 5.552182 5.544707 5.52575 5.502174 5.481574 5.458226
5.177755 5.226646 5.249439 5.256265 5.256295 5.252477 5.253064 5.254261 5.252818 5.251886 5.24234 5.222969 5.199443 5.177235 5.149083 5.114643 5.083732 5.04916 4.978543 4.877083 4.860116 5.134025 5.712689 6.068965 5.922878 5.195681 4.495999 5.011241 5.187967 5.163755 5.128325 5.106848 5.150339 5.203306 5.208026 5.402671 5.7241 6.170156 6.013176 5.936842 5.886916 5.885086 5.953144 5.946959 5.755102 5.74052 5.743605 5.729569 5.707645 5.673961 5.657544 5.621513 5.606765 5.603215 5.591712 5.591422 5.587221 5.581348 5.558896 5.539247 5.516143 5.488397 5.463076
5.256785 5.151598 5.200546 5.227838 5.234809 5.235899 5.237048 5.236062 5.23635 5.237711 5.282283 5.241815 5.1975 5.174976 5.143652 5.103253 5.065261 5.026495 4.949377 4.812357 4.848048 5.045883 5.661954 6.083042 6.198749 5.464568 4.883825 4.978977 5.097549 5.112885 5.130027 5.128582 5.181313 5.221144 5.184752 5.331432 5.595588 6.197752 6.092333 5.971555 5.872634 5.861815 5.906987 6.047717 5.827096 5.688648 5.661095 5.682274 5.700671 5.672162 5.655144 5.657348 5.614911 5.618801 5.615426 5.617792 5.616048 5.605299 5.586031 5.559312 5.529573 5.499793 5.476203
5.614462 5.286356 5.136277 5.194125 5.211104 5.228444 5.230759 5.225112 5.218516 5.218801 5.220664 5.264657 5.262459 5.233585 5.150953 5.086979 5.040033 4.984324 4.905334 4.765768 4.791989 4.974689 5.486776 5.884604 6.184775 5.64435 5.130771 5.046853 5.074396 5.106592 5.146972 5.189516 5.246848 5.174136 5.08442 5.059756 5.270541 5.900862 6.267204 6.042406 5.915503 5.900249 5.940521 6.037131 6.015882 5.765605 5.643907 5.638662 5.650113 5.631155 5.674673 5.710979 5.667481 5.65982 5.664041 5.661504 5.65893 5.643836 5.6205 5.587342 5.555919 5.533489 5.511332
5.834605 5.449251 5.091412 5.144937 5.176304 5.195974 5.207472 5.206864 5.194196 5.186371 5.181642 5.169941 5.255049 5.283803 5.16925 5.060247 5.006371 4.946242 4.866032 4.713231 4.832559 4.951684 5.30876 5.699796 6.067818 5.784644 5.339076 5.181354 5.13802 5.1649 5.179372 5.288732 5.214526 5.026074 4.841304 4.537099 4.654702 5.34994 5.847429 5.744303 5.749404 6.075495 6.02376 6.020392 6.128067 5.863058 5.701012 5.641671 5.620714 5.645077 5.729151 5.767063 5.745249 5.733198 5.724495 5.717957 5.709544 5.69064 5.661397 5.631347 5.608379 5.584824 5.568264
5.797542 5.609398 5.376119 5.185383 5.085503 5.14514 5.205129 5.212798 5.17625 5.162823 5.177276 5.12964 5.189279 5.262146 5.18923 5.049082 4.984994 4.908652 4.782214 4.845871 4.993279 5.131072 5.327155 5.622739 5.998847 5.81013 5.478261 5.296583 5.209577 5.189089 5.185042 5.211006 5.046031 4.750174 4.609035 4.423658 4.277668 4.628266 5.057732 4.973643 5.328993 6.222491 6.183324 6.068871 6.003048 5.909863 5.773138 5.69855 5.652047 5.641809 5.724195 5.837804 5.823857 5.806171 5.797738 5.786917 5.775005 5.755888 5.72874 5.709532 5.697089 5.704315 5.694167
5.743739 5.744411 5.748386 5.585047 5.20074 5.038254 5.252176 5.288518 5.24475 5.224497 5.217395 5.133893 5.102102 5.191151 5.214618 5.116713 4.962505 4.878795 4.764838 4.683852 4.924464 5.207726 5.4822 5.674854 5.974751 5.801897 5.599891 5.395926 5.241972 5.150247 5.088974 4.98574 4.906992 4.781034 4.650227 4.504013 4.422017 4.393769 4.330345 4.455207 5.281999 6.275436 6.340044 6.072549 5.86606 5.783498 5.801027 5.789179 5.668433 5.617107 5.662955 5.728001 5.82333 5.936512 5.919265 5.886639 5.867301 5.846116 5.830729 5.829514 5.868958 5.702897 5.382499
5.72234 5.72395 5.736887 5.725443 5.423092 5.142909 5.210931 5.30709 5.292965 5.266934 5.225183 5.170986 5.163662 5.217444 5.252666 5.192195 5.022778 4.868956 4.756038 4.57002 4.837632 5.202778 5.639018 5.778045 5.976173 5.829508 5.698617 5.444438 5.270801 5.121175 4.999887 4.959625 4.892059 4.792016 4.666467 4.518416 4.43114 4.402674 4.334608 4.226993 5.317348 6.233279 6.222644 5.889578 5.581662 5.691665 5.920627 5.902881 5.683391 5.548566 5.641302 5.64021 5.621198 5.777947 6.11658 6.040485 5.986124 5.969163 5.981174 6.057923 5.711624 5.376784 4.950358
5.724527 5.729304 5.747299 5.736239 5.615252 5.362097 5.33425 5.349858 5.320033 5.277909 5.234911 5.208224 5.209006 5.241635 5.288989 5.264939 5.147945 4.89851 4.74024 4.591249 4.609493 4.930799 5.381891 5.56314 5.867778 5.940814 5.838094 5.553561 5.341259 5.164076 5.03131 4.962552 4.892409 4.808468 4.696545 4.556342 4.432999 4.41842 4.490799 4.42604 5.00969 5.702538 5.655087 5.291446 5.516299 5.948148 5.891744 5.89587 5.493694 5.184093 5.43734 5.415396 5.201889 5.594182 6.109746 6.235996 6.126928 6.119957 6.208885 6.063033 5.448736 4.869999 4.431135
5.732343 5.73777 5.748496 5.762574 5.734583 5.581253 5.496534 5.443759 5.32198 5.261526 5.234808 5.249254 5.239972 5.250382 5.31939 5.353843 5.280187 5.083048 4.835173 4.627273 4.491049 4.569246 4.891115 4.956961 5.424106 5.945667 5.974102 5.703056 5.457997 5.225269 5.065607 4.990222 4.912051 4.824793 4.724983 4.616196 4.563232 4.469676 4.577203 4.643537 4.710814 4.90992 4.865379 4.546188 5.395134 5.845247 5.626216 5.62544 5.334314 4.834298 5.028465 5.019461 4.897451 5.404625 6.156913 6.436729 6.288383 6.308649 6.399125 6.105104 5.407192 4.459178 3.900275
5.734778 5.73801 5.728387 5.757906 5.849632 5.738785 5.772163 5.656852 5.298066 5.208006 5.241276 5.297187 5.251536 5.188329 5.268135 5.557977 5.552397 5.248025 5.019391 4.833595 4.568333 4.464162 4.644081 4.778629 4.77279 5.391798 5.89726 5.862972 5.572168 5.255924 5.090445 5.025085 4.966119 4.883043 4.772979 4.679801 4.652092 4.58245 4.558254 4.732659 4.801658 4.839011 4.784561 4.61172 4.917714 5.291269 5.004946 5.141714 5.139799 4.651572 4.597525 4.579124 4.975851 5.689285 6.229442 6.477385 6.49098 6.527319 6.49421 6.201525 5.509773 4.455059 3.998111
5.720646 5.734392 5.715813 5.701832 5.790935 5.804941 5.858575 5.659373 5.103839 5.137101 5.254735 5.487519 5.323588 5.080234 5.079366 5.585035 5.961829 5.666591 5.127086 4.903427 4.665867 4.479032 4.525904 4.653666 4.718374 4.757451 5.457637 5.695766 5.544767 5.234353 5.082308 5.001513 4.978388 4.950016 4.863721 4.724101 4.702318 4.658978 4.598808 4.684633 4.787356 4.820472 4.815694 4.797766 4.804424 4.809813 4.702349 4.706947 4.767914 4.570373 4.314981 4.45055 5.289142 5.945451 6.141716 6.244893 6.429167 6.582919 6.464087 6.189754 5.680953 4.807004 4.20925
5.689424 5.716319 5.732107 5.710473 5.748198 5.796865 5.819776 5.757647 5.0049 5.067278 5.439638 5.793848 5.674655 5.020799 4.911637 4.984887 5.652086 5.810957 5.728703 5.230847 4.840597 4.694753 4.690669 4.675094 4.688508 4.752085 4.824814 5.296086 5.362177 5.112355 5.011446 4.93628 4.929293 4.909731 4.858637 4.773133 4.732188 4.701779 4.668396 4.638484 4.711763 4.780559 4.797925 4.84342 4.783536 4.703492 4.661725 4.650608 4.699036 4.600711 4.443235 4.337841 5.032884 5.730072 6.007954 5.844348 5.774333 5.762899 5.696153 5.477524 5.251041 4.673841 4.429174
5.650246 5.675823 5.712974 5.724734 5.743429 5.769388 5.757298 5.725526 5.142075 5.178616 5.569215 5.732961 5.73981 5.491825 5.088161 5.1051 5.351872 5.503942 5.71438 5.628201 5.526884 5.29682 4.941931 4.674731 4.676041 4.710131 4.801973 4.891709 4.924403 4.908982 4.873586 4.845648 4.83898 4.830042 4.811114 4.780181 4.741293 4.713462 4.68763 4.667691 4.657972 4.678235 4.708437 4.832489 4.746849 4.658677 4.611885 4.542162 4.605163 4.582153 4.545661 4.488847 4.639771 5.248768 5.430016 5.103538 5.031779 5.140563 5.146234 5.029961 4.867526 4.671816 4.500131
5.630321 5.665815 5.692739 5.718719 5.736891 5.736656 5.709563 5.657135 5.426254 5.310985 5.559381 5.680209 5.69448 5.630758 5.515316 5.457111 5.479041 5.592951 5.715212 5.673347 5.700917 5.724073 5.574158 4.923319 4.614317 4.669249 4.706703 4.760646 4.793585 4.800554 4.793015 4.776661 4.819788 4.822078 4.813133 4.774766 4.748662 4.676538 4.651774 4.664267 4.678379 4.689153 4.680759 4.791759 4.806622 4.61715 4.581672 4.518696 4.523378 4.589175 4.594819 4.608975 4.690633 4.83638 4.973517 5.014861 5.09564 5.224895 5.222111 5.044337 4.886471 4.692173 4.462085
5.617164 5.647714 5.674551 5.694857 5.714641 5.705778 5.671403 5.62486 5.540655 5.444431 5.536616 5.623759 5.663097 5.685933 5.70081 5.599646 5.505791 5.630023 5.759134 5.726151 5.73492 5.841383 5.916582 5.532683 4.926917 4.540228 4.60453 4.649515 4.68234 4.728863 4.736317 4.708675 4.695731 4.765046 5.01589 4.916627 4.607424 4.56987 4.55937 4.673188 4.839911 4.822196 4.764379 4.822855 4.782832 4.625426 4.545983 4.542074 4.63403 4.667559 4.644968 4.61074 4.653539 4.746316 4.825153 4.922016 5.201708 5.508007 5.6947 5.496582 5.324266 5.085041 4.268851
5.603162 5.622573 5.641149 5.664894 5.685458 5.685858 5.657282 5.612957 5.558308 5.512101 5.525028 5.575434 5.636924 5.664561 5.73209 5.688999 5.612762 5.617692 5.690373 5.675528 5.687115 5.774931 5.829187 5.877067 5.74531 5.071168 4.458269 4.485118 4.568396 4.633462 4.676668 4.585971 4.548199 4.779278 5.432022 5.466403 4.796656 4.40714 4.325563 4.406132 4.841009 4.892018 4.809587 4.792481 4.753845 4.634878 4.519336 4.556077 4.670062 4.726521 4.614334 4.491676 4.543331 4.701912 4.947385 5.266571 5.798529 6.156923 6.337227 6.227295 5.997574 5.607228 4.557543
5.597143 5.607231 5.630065 5.652414 5.665001 5.668748 5.65051 5.615956 5.578948 5.568321 5.571588 5.555689 5.58119 5.670559 5.698715 5.693368 5.641653 5.631042 5.655159 5.663257 5.665995 5.727166 5.779236 5.850999 5.894717 5.806998 5.134724 4.499025 4.439561 4.680272 4.777729 4.521164 4.43594 4.901391 5.703448 5.849872 5.245685 4.491325 4.267968 4.336345 4.973909 5.226561 4.866364 4.768332 4.693431 4.584328 4.399041 4.662494 5.076795 5.187546 4.919267 4.662118 4.809494 5.216315 5.592836 5.91538 6.251979 6.436949 6.502748 6.437911 6.213706 5.895396 5.017914
5.581485 5.595971 5.623529 5.645353 5.65408 5.656005 5.646697 5.616215 5.594842 5.598477 5.628705 5.589715 5.553996 5.628841 5.674273 5.687145 5.663379 5.654232 5.657735 5.65422 5.642452 5.668136 5.726709 5.853897 5.952015 5.88055 5.64953 5.258136 4.945773 5.039182 4.78174 4.443031 4.808738 5.465639 5.873648 6.005212 5.705101 4.762081 4.12462 4.207459 5.200795 5.744153 5.660181 5.527203 5.345001 5.19719 4.803229 5.077431 5.587894 5.606237 5.187173 4.869692 4.940761 5.321334 5.756521 6.128044 6.315482 6.451366 6.421105 6.338641 6.318256 6.032988 5.304471
5.575386 5.586296 5.610771 5.624113 5.62596 5.63214 5.630599 5.620854 5.607051 5.612494 5.650933 5.631498 5.584031 5.610647 5.650978 5.679842 5.686337 5.683794 5.6748 5.659836 5.632312 5.626425 5.635014 5.757057 5.827423 5.832419 5.832146 5.650372 5.414083 5.291432 4.76082 4.332407 4.920712 5.830257 5.93512 6.060964 5.854721 4.90224 3.913579 4.113937 5.21901 6.009429 6.192401 6.226774 6.127199 5.86448 5.339604 5.452803 5.922969 5.862158 5.386604 5.083631 5.06231 5.322881 5.672575 5.992166 6.23575 6.442406 6.381823 6.301627 6.222039 6.094129 5.533081
5.565537 5.56745 5.570651 5.570044 5.578153 5.585186 5.601755 5.607306 5.608858 5.625882 5.651649 5.655205 5.618855 5.621705 5.646923 5.674392 5.69627 5.699555 5.696329 5.659138 5.632028 5.609989 5.643431 5.686864 5.739495 5.734517 5.700907 5.678617 5.708914 5.200119 4.783125 4.617559 4.542032 5.563302 5.928682 6.188203 5.818856 4.829747 3.9413 4.335857 5.392983 6.062839 6.262769 6.363712 6.319745 6.222561 5.884434 5.805344 5.957497 5.888649 5.43814 5.347804 5.284488 5.317149 5.654245 5.949517 6.214764 6.402986 6.419648 6.341694 6.221196 6.018055 5.718205
5.548357 5.543233 5.510197 5.518478 5.542622 5.557383 5.564882 5.573981 5.59195 5.616926 5.647935 5.664404 5.654675 5.646703 5.648463 5.662586 5.694791 5.724803 5.7038 5.670761 5.643414 5.624701 5.638035 5.668287 5.694697 5.693178 5.648828 5.587445 5.548221 5.068792 5.079555 5.125099 4.489558 4.876112 5.646692 6.065789 5.821654 4.766713 3.909667 4.554883 5.502867 5.995776 6.185714 6.218414 6.219112 6.215008 6.113407 5.969735 5.87984 5.714198 5.502342 5.453701 5.458487 5.371942 5.662035 5.962615 6.167869 6.423634 6.513216 6.447048 6.251224 6.011191 5.7641
5.523181 5.511399 5.489638 5.484632 5.510147 5.524091 5.534103 5.546242 5.558784 5.588155 5.625792 5.646229 5.660595 5.663181 5.6566 5.656055 5.653063 5.704908 5.707356 5.689065 5.65783 5.640575 5.650484 5.667608 5.676817 5.654161 5.588118 5.501037 5.336075 5.22508 5.507625 5.660318 4.960511 4.60776 5.081257 5.890147 5.775626 4.924591 4.147179 4.233251 5.119741 5.791087 6.113671 6.083877 6.104126 6.162952 6.145823 6.066185 5.922336 5.650681 5.505701 5.492413 5.584868 5.464912 5.67218 6.038863 6.309329 6.533494 6.753769 6.792913 6.423291 6.012908 5.691637
5.526727 5.523463 5.480901 5.466203 5.483347 5.499997 5.511354 5.521897 5.534055 5.56 5.601063 5.624937 5.638861 5.65739 5.667654 5.670086 5.647094 5.649862 5.675368 5.688787 5.682124 5.667718 5.664093 5.679163 5.668661 5.608466 5.514136 5.404843 5.138147 5.202816 5.713305 5.804598 5.38746 4.699418 4.652989 5.50265 5.709881 5.397861 4.849838 4.230636 4.525375 5.318796 5.733608 5.858905 5.903947 6.059925 6.093246 6.063293 5.933066 5.727148 5.593761 5.581273 5.67863 5.58162 5.683927 6.195947 6.604398 6.749278 7.072974 7.216033 6.750118 6.032918 5.620834
5.519518 5.515037 5.518667 5.494984 5.490013 5.493551 5.498258 5.510361 5.520314 5.548619 5.580768 5.60596 5.624499 5.634203 5.648123 5.679296 5.66109 5.642891 5.656289 5.671926 5.68488 5.680589 5.676736 5.692369 5.664931 5.579995 5.459066 5.343616 5.176172 5.101588 5.526108 5.651523 5.62045 5.078587 4.463928 5.172652 5.514877 5.438354 5.227926 4.78466 4.425197 4.901295 5.370166 5.573521 5.68606 5.89313 5.976436 6.02507 5.963662 5.782142 5.702692 5.731894 5.88311 5.752116 5.716648 6.36623 7.01162 7.192318 7.466684 7.579775 6.897746 6.070495 5.478897
5.518176 5.488494 5.502384 5.510674 5.508657 5.503725 5.505431 5.502402 5.504002 5.524191 5.562895 5.58776 5.604593 5.62181 5.644727 5.66605 5.66638 5.656638 5.651516 5.659364 5.675577 5.67982 5.680779 5.691945 5.667605 5.560076 5.406869 5.353253 5.380591 5.222917 5.364531 5.526301 5.514682 5.375349 4.490515 4.98783 5.342641 5.420243 5.317943 4.958811 4.583283 4.877783 5.396508 5.532093 5.607385 5.721366 5.802387 5.911873 5.979718 5.878178 5.831892 5.971236 6.213495 6.069645 5.767096 6.540207 7.580355 7.828685 7.759724 7.557106 6.802956 6.015869 5.352568
5.530174 5.492346 5.493286 5.502723 5.515805 5.521082 5.519606 5.518653 5.512614 5.51071 5.53955 5.570441 5.597057 5.616439 5.648315 5.65143 5.658711 5.663674 5.656297 5.64837 5.644836 5.662207 5.680826 5.648064 5.662074 5.588233 5.401418 5.384409 5.492301 5.354721 5.388104 5.461112 5.442888 5.261456 4.809271 5.039986 5.230249 5.321194 5.38684 4.950659 4.683231 4.827901 5.335697 5.572617 5.675689 5.618311 5.63021 5.766658 5.916288 5.933184 5.947809 6.178714 6.66411 6.661013 6.003028 6.556222 8.021608 8.472556 7.967779 7.224123 6.391938 5.730929 5.081422
5.542259 5.534791 5.513612 5.512918 5.521193 5.528419 5.533428 5.528358 5.511084 5.526659 5.546246 5.570239 5.592429 5.626234 5.646544 5.649983 5.652102 5.663756 5.662988 5.650382 5.623508 5.613152 5.637398 5.643069 5.632747 5.568178 5.46863 5.390345 5.471739 5.418675 5.404233 5.44953 5.380977 5.145668 4.856617 5.097755 5.221208 5.253416 5.32678 4.968809 4.658433 4.674804 5.031319 5.481534 5.67833 5.655231 5.564737 5.664731 5.841574 5.968056 6.018494 6.331245 7.096165 7.406499 6.544723 6.738711 8.138956 8.77924 8.007952 6.750333 5.831701 5.239477 4.571747
