py_wake/examples/data/AJ_ParqueFicticio/Rough survey   Sector 7   Height 30m   Weibull-A.grd
DSAA
73  159
 258469   265669
 6501692   6517492
 .3886977   9.489745
[rows 0 to 27 of 159, columns 0 to 62 of 73]
4.073225 4.046519 4.039048 4.015776 4.010957 3.968013 3.963183 3.93308 3.914158 3.910129 3.891968 3.874572 3.860817 3.849651 3.851649 3.85284 3.857379 3.84879 3.848116 3.898012 3.982964 4.116672 4.168004 4.218525 4.104706 3.825119 3.963515 4.076261 4.209349 4.253605 4.237864 4.20097 4.339321 4.461441 4.586152 4.726143 4.798238 4.656041 4.611148 4.570138 4.48695 4.331583 4.214929 4.048296 4.073058 4.107029 4.111235 4.089682 4.078005 4.052739 4.029942 3.994425 3.969325 3.945632 3.940049 3.943568 3.954285 3.989066 4.023329 4.072858 4.122331 4.179768 4.240291
3.945337 3.981171 4.004448 3.995466 3.983846 3.939213 3.938987 3.913615 3.894563 3.894931 3.868598 3.84662 3.834288 3.823503 3.83297 3.845965 3.854312 3.861423 3.877614 3.960947 4.134671 4.273491 4.344109 4.279176 4.252591 4.189733 3.967057 4.149547 4.190666 4.25604 4.268573 4.293055 4.39941 4.539113 4.691778 4.828728 4.915013 4.757596 4.683931 4.636352 4.546241 4.434673 4.365464 4.232457 4.154456 4.139742 4.154454 4.157454 4.119809 4.087965 4.04385 3.979278 3.940708 3.915809 3.912452 3.91866 3.930883 3.972952 4.033513 4.083137 4.138905 4.199186 4.267104
3.93345 3.926519 3.981507 3.96916 3.944493 3.899421 3.899534 3.877699 3.864945 3.870602 3.888478 3.833299 3.788752 3.768584 3.793176 3.832225 3.8549 3.869822 3.901539 4.011118 4.159262 4.241852 4.196529 4.289205 4.294127 4.362254 4.25868 4.237318 4.199595 4.253076 4.290897 4.315715 4.407435 4.561979 4.728685 4.930166 5.094652 5.012044 4.840878 4.761031 4.637634 4.480116 4.381594 4.317101 4.219924 4.154213 4.130239 4.142854 4.136226 4.111059 4.03162 3.950373 3.900624 3.916137 3.913873 3.913835 3.925233 3.963875 4.02221 4.081895 4.147023 4.225471 4.304239
4.19424 3.949666 3.932446 3.908969 3.89808 3.882115 3.853365 3.831376 3.810909 3.82374 3.819085 3.833599 3.800856 3.757605 3.712502 3.804511 3.838127 3.857799 3.898776 3.999068 4.088089 4.139705 4.111811 4.280141 4.325257 4.514474 4.42771 4.32638 4.259341 4.308113 4.356099 4.336169 4.428549 4.535353 4.583493 4.686926 4.936873 5.040238 5.156574 5.087779 4.815421 4.498153 4.337382 4.338436 4.232827 4.239384 4.16719 4.119484 4.094904 4.079675 4.070148 4.024066 3.99435 3.948301 3.919242 3.907783 3.911106 3.944034 4.009129 4.083924 4.170652 4.262904 4.36515
4.364128 4.091164 3.79615 3.797392 3.843715 3.827829 3.778732 3.76211 3.740613 3.756152 3.741855 3.758112 3.753458 3.731367 3.672737 3.747282 3.810494 3.851171 3.905599 4.060675 4.100713 4.019807 4.091759 4.147059 4.203471 4.489531 4.479511 4.362336 4.283343 4.311592 4.362336 4.412872 4.392671 4.34995 4.178543 3.921518 4.045587 4.392612 4.604691 4.613134 4.484138 4.3843 4.217947 4.341289 4.470862 4.485086 4.269489 4.135445 4.127966 4.166258 4.262219 4.158476 4.094958 4.011164 3.946655 3.903319 3.888011 3.90977 3.986601 4.081459 4.18942 4.328887 4.48807
4.313955 4.24273 3.998217 3.772469 3.737846 3.765092 3.664358 3.678835 3.658582 3.670744 3.679219 3.695093 3.674964 3.661267 3.654725 3.629246 3.754236 3.838353 3.971801 4.207011 4.257641 4.231852 4.173265 4.193775 4.166514 4.307523 4.391612 4.328315 4.255528 4.223567 4.205414 4.105263 3.934084 3.60654 3.50358 3.402651 3.182285 3.331999 3.503512 3.546209 3.817886 4.017977 4.175367 4.340342 4.36506 4.384383 4.224741 4.136987 4.165656 4.24786 4.31602 4.374089 4.226012 4.080222 3.957532 3.874632 3.844249 3.854607 3.952442 4.07565 4.225109 4.428267 4.673015
4.345085 4.390063 4.391853 4.214569 3.819788 3.67501 3.6933 3.807369 3.790984 3.789 3.760675 3.689034 3.640994 3.664958 3.67168 3.618187 3.625444 3.764524 3.860173 4.051444 4.229526 4.277454 4.329696 4.3683 4.216198 4.221722 4.299608 4.265589 4.186341 4.114757 4.050979 3.838806 3.638422 3.601649 3.547814 3.459559 3.356457 3.164312 3.009097 3.278756 3.710267 4.109436 4.359369 4.460017 4.311194 4.148201 4.087723 4.146565 4.220994 4.290215 4.289856 4.283112 4.330978 4.282927 3.979294 3.832912 3.788254 3.79189 3.891525 4.062933 4.270936 4.31403 4.216494
4.367646 4.380658 4.39144 4.340107 4.236034 3.868359 3.802269 3.897448 3.900056 3.888178 3.842033 3.77612 3.705648 3.689609 3.685092 3.603729 3.495166 3.608913 3.728802 3.877879 4.142587 4.37826 4.509213 4.56182 4.343092 4.181043 4.232724 4.195021 4.131275 4.028079 3.940424 3.78481 3.664409 3.578818 3.501923 3.414997 3.352688 3.267332 3.249453 3.419859 3.836279 4.114234 4.233761 4.165264 3.930971 3.948265 4.253695 4.271063 4.46144 4.437811 4.366631 4.242252 4.173831 4.026917 3.996447 3.763346 3.720606 3.717295 3.813018 3.979247 3.885312 3.781498 3.546062
4.389421 4.389994 4.379209 4.291307 4.172156 4.011189 3.883504 3.954324 3.990625 3.977536 3.885973 3.818987 3.74801 3.740731 3.713402 3.595752 3.476687 3.398732 3.521142 3.615974 3.815736 4.029348 4.250559 4.474965 4.344481 4.212683 4.093524 4.154684 4.077226 3.953723 3.894848 3.740105 3.59875 3.47987 3.383332 3.279729 3.103921 3.131078 3.218084 3.252001 3.369748 3.58056 3.546673 3.462664 3.771127 3.901325 4.046859 3.999201 3.843154 3.764791 3.857254 3.751467 3.501483 3.616804 3.637561 3.675078 3.677159 3.662812 3.688069 3.608459 3.304301 3.018632 2.645296
4.421957 4.412292 4.386027 4.336901 4.25018 4.050692 3.966184 4.096342 4.092696 4.023721 3.930096 3.831054 3.774373 3.786143 3.80706 3.648658 3.507406 3.424252 3.410212 3.3463 3.367148 3.382038 3.361953 3.396858 3.951338 4.159379 4.131094 4.111328 3.991899 3.901292 3.847416 3.688667 3.50702 3.3529 3.215545 3.124709 3.137051 3.049379 3.03981 3.00861 2.724526 2.314859 2.176458 2.463481 3.156278 3.480468 3.511956 3.45164 3.292896 3.135328 3.187633 3.097571 3.044758 3.185581 3.459467 3.683986 3.709324 3.671289 3.618834 3.258753 2.900617 2.420126 2.021513
4.456576 4.445996 4.420255 4.450873 4.609548 4.553117 4.463557 4.352656 4.130636 4.112736 3.972916 3.790424 3.750946 3.825189 3.986257 4.003433 3.6034 3.439764 3.464642 3.387266 3.186903 3.119267 3.006403 3.065392 3.093566 3.47843 3.715459 3.912421 3.847125 3.847731 3.741211 3.5841 3.441957 3.283858 3.156235 3.151939 3.093838 3.034483 2.904301 2.838648 2.657674 2.426656 2.265949 2.259069 2.271434 2.511513 2.37165 2.524103 2.662401 2.533535 2.479782 2.647223 2.994017 3.207551 3.469795 3.786904 3.934852 3.911822 3.698257 3.310609 2.876831 2.460269 2.276838
4.497856 4.498163 4.46884 4.535627 4.524203 4.583443 4.504261 4.375829 4.213837 4.126729 3.918653 3.74228 3.631565 3.780407 3.889802 4.208147 4.307495 3.944923 3.489993 3.382879 3.180164 2.972624 2.886781 3.02128 3.099101 3.061249 3.355936 3.766076 3.803314 3.783418 3.614103 3.483087 3.376353 3.260083 3.181498 3.12729 3.061766 2.97843 2.849205 2.724174 2.628563 2.505745 2.368809 2.253548 2.053524 1.892615 1.860834 1.789515 1.785202 1.848547 1.930552 2.492597 2.946052 3.221605 3.370191 3.615736 3.711816 3.789777 3.725649 3.437917 3.018969 2.617324 2.301831
4.512979 4.546227 4.535155 4.494812 4.443277 4.454125 4.402154 4.343029 4.236269 4.137757 4.250396 4.362085 4.17049 3.654561 3.624206 3.61787 3.808273 4.177618 4.124497 3.650198 3.351264 3.309816 3.101103 3.076212 3.092742 3.094458 3.006608 3.263076 3.495419 3.40299 3.366054 3.287702 3.232634 3.165456 3.110182 3.05621 3.007913 2.935518 2.818318 2.640425 2.536577 2.475262 2.317275 2.137982 1.968918 1.979005 1.910613 1.847606 1.794544 1.81335 1.896177 2.092528 2.475598 2.724243 2.910864 2.763618 2.415285 2.062973 1.874531 1.815744 2.009257 1.909144 2.003286
4.513191 4.493367 4.447106 4.444438 4.416021 4.427748 4.406872 4.496182 4.45311 4.541467 4.54872 4.410424 4.400336 4.387816 4.061148 3.78646 3.659397 3.670569 3.976337 4.081828 3.995286 3.638341 3.281076 3.129098 3.105282 3.072978 3.007815 2.865487 2.885477 3.024879 3.07479 3.100126 3.059096 3.006495 2.94755 2.913764 2.918303 2.875626 2.791213 2.651835 2.439973 2.305205 2.178083 1.978386 1.815318 1.740759 1.708967 1.596715 1.640836 1.590127 1.677396 1.713729 1.588172 1.538439 1.168297 .4477006 2.177855 2.548991 1.896269 .4389713 .780675 1.252103 1.640371
4.490165 4.456302 4.418205 4.41999 4.418605 4.405961 4.419725 4.452162 4.537451 4.567181 4.437777 4.391678 4.396819 4.418983 4.341153 4.08253 3.967957 4.029589 4.023529 4.127725 4.155531 3.980078 3.678721 3.25217 3.050884 3.045485 3.00638 2.962003 2.959654 2.980765 2.996027 2.993395 3.027941 2.91142 2.758543 2.698134 2.822018 2.790798 2.747262 2.592858 2.371886 2.16012 1.998779 1.872885 1.779512 1.676798 1.665376 1.557248 1.333602 1.35076 1.425538 1.393508 1.166401 .7603691 .4436657 .4455564 1.078664 2.262567 3.074385 .3886977 .4805094 1.051059 1.561626
4.451742 4.424745 4.406089 4.40796 4.406702 4.418217 4.441244 4.45473 4.485809 4.479908 4.373127 4.394302 4.422187 4.472964 4.521044 4.410154 4.291358 4.400739 4.352287 4.360742 4.278963 4.265547 4.193341 3.704618 3.171169 2.931156 2.985433 2.952931 2.950773 2.954567 2.959107 2.947622 2.915478 2.775476 2.534967 2.381039 2.479353 2.650872 2.681266 2.723588 2.513407 2.330213 2.109356 1.885891 1.777877 1.706221 1.631835 1.57029 1.422099 1.268587 1.251183 1.204602 1.03085 .7724947 .6100159 1.07431 .9214635 .7327281 1.061122 1.238472 1.489845 1.727931 1.807092
4.422379 4.390473 4.383761 4.397899 4.405098 4.425494 4.45503 4.474864 4.48959 4.47409 4.420242 4.434259 4.486849 4.532056 4.542521 4.550458 4.496528 4.318583 4.271442 4.252488 4.193843 4.18902 4.164943 4.156337 3.968727 3.308191 2.881704 2.874295 2.868039 2.86268 2.844438 2.906284 2.911766 2.85361 2.904212 2.926848 2.799706 2.67661 2.637469 2.552883 2.41077 2.291678 2.026269 1.840698 1.726391 1.737898 1.750248 1.619164 1.295005 1.074486 1.014961 1.039818 1.069649 1.183743 1.373819 1.728466 2.205259 2.533534 2.730539 2.865111 2.790432 2.550077 2.26991
4.407985 4.393853 4.374646 4.391459 4.400053 4.422926 4.462352 4.455187 4.486032 4.479082 4.452255 4.428043 4.481789 4.448807 4.42911 4.442122 4.405287 4.321809 4.267107 4.223948 4.18629 4.194714 4.190892 4.196562 4.149592 4.062459 3.615133 3.127951 2.905921 3.073451 3.329651 3.301049 3.184813 3.233027 3.360026 3.479877 3.340023 3.278753 3.275322 3.200143 2.9189 2.558876 1.930102 1.556267 1.44247 1.521348 1.663369 1.912992 2.043539 2.174712 2.233177 2.263693 2.481814 2.749033 2.995926 3.174026 3.204555 3.308393 3.289498 3.183143 2.999654 2.789048 2.551704
4.400477 4.391474 4.396078 4.391509 4.404166 4.416962 4.458986 4.457897 4.487875 4.488626 4.475759 4.424767 4.434312 4.375041 4.383742 4.403936 4.36989 4.314217 4.273639 4.232456 4.198016 4.226372 4.294051 4.378361 4.505609 4.461993 4.324919 4.192754 3.900919 3.903489 3.779697 3.810325 3.924422 3.948932 3.913604 3.944776 3.814001 3.650903 3.613104 3.402327 3.269283 3.371426 3.313421 3.160779 2.934688 2.900599 2.821929 2.930033 3.05416 3.092137 3.033328 2.939923 3.014678 3.158394 3.267099 3.291242 3.176046 3.069956 2.981534 2.925964 2.908761 2.797253 2.636369
4.400976 4.399828 4.412574 4.397422 4.390665 4.401421 4.452488 4.468311 4.486765 4.49917 4.494117 4.490612 4.441147 4.373972 4.371224 4.37636 4.36665 4.318472 4.280673 4.241339 4.22763 4.250244 4.308399 4.300554 4.370322 4.470379 4.623609 4.593103 4.44746 4.362605 4.085788 4.023496 4.384369 4.349453 4.207589 4.00381 3.890785 3.873839 3.73947 3.491818 3.713417 4.077545 4.33373 4.434687 4.333241 4.16531 3.894805 3.740716 3.765796 3.707406 3.549584 3.329389 3.198635 3.191385 3.152402 3.044029 3.007803 2.95217 2.812887 2.742552 2.747749 2.746503 2.712148
4.361148 4.390067 4.42404 4.385145 4.362997 4.378952 4.403368 4.447494 4.47269 4.479787 4.434224 4.452868 4.421215 4.385139 4.368082 4.372883 4.3866 4.335303 4.304135 4.286722 4.278422 4.276382 4.258102 4.21466 4.268488 4.329413 4.407775 4.50042 4.510246 4.254078 4.02825 3.892051 4.09888 4.064197 4.315341 4.303802 4.051756 4.052743 3.942792 4.146749 4.33957 4.541186 4.698126 4.858627 4.82236 4.695635 4.467971 4.184546 3.992451 3.876684 3.733733 3.575098 3.334874 3.153087 3.007192 2.853459 2.733288 2.670783 2.592121 2.613179 2.66709 2.820985 2.978466
4.298036 4.279444 4.337699 4.331634 4.323176 4.345035 4.370522 4.418917 4.442893 4.424209 4.397367 4.405712 4.410063 4.381232 4.368307 4.372997 4.397501 4.37606 4.350821 4.357244 4.342247 4.286034 4.230337 4.200323 4.217522 4.238257 4.247402 4.25742 4.243146 4.094996 4.053997 3.889357 3.716262 3.903924 4.26858 4.229447 4.147131 3.879912 3.952858 4.425683 4.663661 4.661098 4.642013 4.567423 4.558847 4.493395 4.425702 4.254543 3.976851 3.761723 3.63212 3.548775 3.338471 3.092464 2.939857 2.744393 2.553577 2.529316 2.534512 2.591555 2.796509 3.109648 3.369027
4.273407 4.230952 4.237272 4.282643 4.29736 4.317654 4.340498 4.380559 4.4017 4.37992 4.364964 4.367834 4.385464 4.370257 4.362455 4.352893 4.367056 4.318924 4.335508 4.338207 4.327902 4.277069 4.234447 4.21889 4.203089 4.174464 4.115861 4.086822 4.176297 4.204525 4.329214 4.30816 4.206522 3.987326 4.063423 4.104911 4.102431 3.959071 4.051565 4.309614 4.337714 4.488075 4.391337 4.395727 4.399546 4.386648 4.31896 4.175597 3.938941 3.689985 3.505535 3.399127 3.243309 3.003157 2.926311 2.753846 2.668786 2.696513 2.822831 3.001242 3.283878 3.596388 3.744205
4.284538 4.270337 4.306985 4.298819 4.292042 4.301952 4.316151 4.352596 4.356935 4.34517 4.333536 4.345796 4.355484 4.358943 4.358206 4.345271 4.294995 4.263386 4.292593 4.328029 4.323638 4.284418 4.247807 4.233084 4.208929 4.145142 4.072978 3.991618 4.067502 4.233772 4.510767 4.522604 4.301046 4.052321 4.006586 3.958738 4.122225 4.264027 4.28683 4.047519 3.980948 3.957336 4.036135 4.150339 4.165669 4.076225 4.061266 3.97473 3.776396 3.572078 3.413016 3.28147 3.12363 2.936221 2.932276 2.930029 2.925176 2.995546 3.267804 3.678202 3.940987 4.03256 4.060817
4.288515 4.311298 4.341493 4.319951 4.299165 4.294958 4.298337 4.332626 4.330387 4.338591 4.320135 4.332149 4.352101 4.348798 4.349932 4.343266 4.342058 4.310251 4.298506 4.322141 4.336114 4.308273 4.267219 4.262634 4.218937 4.171509 4.139087 4.129373 4.195093 4.275844 4.401966 4.35298 4.378772 4.171592 4.086654 3.876711 4.063169 4.249527 4.286018 4.144505 3.880123 3.648327 3.713266 3.856518 3.899279 3.858804 3.861142 3.826097 3.688071 3.540071 3.396149 3.281697 3.150848 3.005624 3.096527 3.206117 3.276864 3.483316 3.94708 4.376287 4.483949 4.394837 4.222841
4.258106 4.285191 4.311936 4.321617 4.304271 4.288298 4.289774 4.310917 4.305537 4.328595 4.315193 4.331284 4.346022 4.329549 4.332635 4.316706 4.326123 4.328269 4.317326 4.32955 4.340902 4.345884 4.315119 4.323921 4.326365 4.303376 4.268927 4.290488 4.369109 4.321623 4.275344 4.207756 4.261267 4.328194 4.153497 4.012669 4.034047 4.174129 4.208027 4.138782 4.092162 4.043763 3.895861 3.911229 3.762906 3.745392 3.777212 3.746795 3.714498 3.565655 3.492044 3.451793 3.334227 3.142839 3.247792 3.558821 3.771086 4.057697 4.605633 4.739624 4.676591 4.477792 4.179472
4.321422 4.33449 4.330965 4.311383 4.312004 4.29795 4.29074 4.283162 4.310087 4.337259 4.33019 4.342672 4.348594 4.324611 4.323259 4.326294 4.337619 4.341864 4.3384 4.331004 4.345091 4.369296 4.373055 4.357876 4.338711 4.336967 4.356152 4.371391 4.322769 4.3254 4.195054 4.133407 4.175448 4.243556 4.209432 4.11108 4.043658 4.149868 4.249723 4.241328 4.163904 4.134605 3.994159 4.013137 3.900325 3.809846 3.717937 3.583614 3.596504 3.597641 3.589607 3.648487 3.674274 3.533928 3.493013 3.802865 4.167143 4.618394 4.68803 4.529343 4.404879 4.17872 3.874831
4.351576 4.358027 4.337355 4.327785 4.322933 4.31587 4.303238 4.299083 4.346759 4.365858 4.357141 4.35853 4.354627 4.331518 4.334887 4.341713 4.356404 4.355361 4.354136 4.345806 4.336592 4.345981 4.30882 4.334972 4.343623 4.322438 4.308047 4.283564 4.246647 4.227398 4.176624 4.133606 4.070608 4.053704 4.074038 4.029156 4.048892 4.132502 4.096903 4.126778 4.021064 3.949816 3.987004 3.996353 3.974389 3.832323 3.621746 3.576566 3.506089 3.537411 3.691529 3.891857 4.047283 4.073112 3.894562 3.967931 4.269217 4.699426 4.583828 4.331863 3.864785 3.594278 3.521898
