py_wake/examples/data/AJ_ParqueFicticio/Rough survey   Sector All   Height 200m   Power density.grd
DSAA
73  159
 258469   265669
 6501692   6517492
 238.8899   1354.657
[rows 84 to 111 of 159, columns 0 to 62 of 73]
535.3354 533.0822 532.1232 532.251 533.1208 535.6329 538.3415 542.1142 544.3259 544.3437 542.0764 538.6862 532.6364 528.2331 526.7272 522.4346 518.6486 516.2585 517.0569 523.9405 533.7513 544.0468 557.6199 578.7713 610.0709 652.6468 697.9532 734.918 753.3158 743.2637 711.1918 678.183 647.7697 614.0333 585.0838 551.847 536.9537 537.9976 548.0983 560.6613 567.8454 561.1826 543.28 521.4545 506.398 493.0623 475.6484 463.9672 456.4068 456.2728 466.0309 478.8898 491.0362 496.5062 495.1177 483.3611 461.5367 434.4922 405.7373 377.8415 353.0053 333.4253 316.4129
534.1129 532.9724 531.6901 531.8729 533.1465 536.632 539.5759 543.6652 545.4625 546.3643 544.5598 541.6193 537.7619 530.4868 527.9715 526.9705 523.9749 519.9342 516.9524 519.7929 528.0936 539.216 555.2883 581.0204 622.0275 674.9131 722.4974 752.1493 752.1518 728.2255 692.4093 659.451 634.0831 600.9157 569.8534 541.2927 530.3824 542.2665 555.5046 571.0262 576.5949 566.1481 548.3973 525.55 508.8613 495.4265 478.8104 461.9416 445.5075 438.7987 447.9328 464.1101 480.708 491.9097 493.8953 485.0612 463.9024 435.5935 405.589 375.2303 347.159 324.0167 308.3407
528.4533 529.1125 529.9437 531.8879 533.6954 537.1402 541.0915 543.41 546.9324 548.1033 547.7123 544.5123 540.8327 534.8417 530.9333 530.2505 528.0813 524.7372 522.2162 521.6974 526.232 536.0264 552.4937 579.4465 625.269 683.9751 737.1136 764.1594 750.2412 717.0626 675.6556 638.8816 611.0615 583.4951 557.3523 534.0606 525.2655 542.1308 565.7867 582.6368 586.6074 574.9249 556.2156 533.1666 516.8549 501.847 485.9085 467.8366 446.7098 431.2427 430.8604 446.9504 467.4483 480.5146 488.474 483.0818 462.566 434.3635 403.4459 371.8961 341.6749 317.7319 303.8148
524.7014 526.1409 528.6492 531.5211 534.2604 536.9576 541.7859 544.2471 548.0776 550.7806 549.9617 548.699 545.9727 540.881 535.39 532.1992 530.4914 529.296 528.9055 527.5803 532.1271 542.1019 557.5596 582.877 626.5004 687.6482 745.1584 775.1648 759.0507 718.0838 669.3259 625.2288 594.402 568.8654 548.7309 528.5074 525.2164 546.2886 569.8585 587.7634 591.2314 581.2719 564.4493 542.437 524.1078 506.5373 492.5265 475.6957 451.6078 429.5497 421.2343 433.8043 450.8769 466.1736 475.8856 473.9225 453.8119 425.1416 395.6548 364.5056 334.9489 313.4894 305.9407
525.9789 525.7166 528.1096 531.3282 535.0485 538.2806 540.8674 543.6559 548.1419 552.0445 552.9121 552.2589 550.2991 548.0308 541.8195 535.9519 532.5771 532.8378 532.7909 534.7881 541.2978 554.3511 573.2419 600.3956 637.5449 692.7929 753.893 791.0943 776.9559 726.3238 668.5422 616.5221 581.5441 552.8606 531.7583 519.7951 528.9861 551.9413 575.3524 591.8169 596.2997 588.8192 569.8132 544.4898 522.2372 503.7124 489.0249 473.8068 450.8079 429.6192 419.1366 423.0659 433.1017 444.5961 457.7602 457.2498 438.0663 409.4296 381.9737 353.7857 326.5819 309.6923 311.979
528.5623 528.158 528.5689 532.2791 537.947 540.5541 543.3659 543.6492 546.8282 551.0634 555.6815 556.0524 555.0393 554.5507 550.5402 542.4123 536.8635 535.2062 537.3017 540.7014 551.4044 569.1996 596.2882 629.1544 664.1751 709.0421 767.5655 808.4208 794.1853 734.753 664.0713 606.587 566.3141 535.1436 512.7465 509.632 527.4218 555.6987 581.5505 599.2333 604.0468 594.1436 569.5369 540.9579 516.8146 501.0256 483.9294 467.8217 445.9803 429.637 422.1543 419.7994 416.2018 421.9353 429.4826 431.2205 414.7476 388.1889 362.0758 338.3607 315.0477 304.7243 313.0358
531.8368 530.2302 531.3411 533.3036 538.8101 543.8244 547.6937 548.1638 549.2961 551.1172 554.7896 557.3041 559.2968 560.5287 558.4123 551.461 544.7982 542.354 543.0594 546.7554 560.9802 586.8958 622.5504 664.6255 702.1045 737.3554 784.3174 823.522 806.1705 737.5493 657.5142 595.2487 553.0428 522.1699 500.3298 505.4885 522.3392 553.4871 586.8602 608.1659 611.293 596.3824 568.2463 540.4982 522.8121 509.2416 493.8974 473.2496 451.784 440.3076 437.8791 435.1977 422.2634 411.6426 406.8165 403.9807 390.7366 366.8617 341.1443 319.9611 301.6995 297.0035 309.0652
534.3134 533.3315 534.6252 536.1073 540.3655 547.1842 552.2224 555.1185 555.1691 555.2043 556.4246 559.1964 562.0038 564.8306 565.8126 561.5722 556.6646 555.8625 557.7663 558.6562 572.7493 605.7268 651.9763 703.5748 742.6988 770.375 805.7983 834.4346 809.3075 731.8262 651.5388 587.3621 543.8751 511.3349 499.8807 510.1807 520.0011 547.1625 587.2359 616.2119 618.7123 598.0744 568.8693 548.675 536.2029 520.8196 502.7207 478.8611 460.3186 454.1371 457.4809 453.3639 439.4199 420.8115 401.5554 383.1445 372.6334 355.1381 330.9057 308.4485 290.6263 288.0817 303.4915
537.1221 536.8856 537.7335 539.6351 543.3583 550.9867 557.4581 561.1415 563.0143 562.4756 560.2554 559.9241 563.7993 567.9423 571.2547 573.0639 572.838 577.9905 583.3607 580.3947 587.3091 624.6776 683.0632 740.4692 780.2397 800.2017 824.708 841.105 802.5657 723.1976 642.4708 579.8755 533.9693 500.9102 498.68 515.2087 523.6967 543.2702 583.3376 617.9437 621.2681 600.368 574.5864 557.7831 545.3232 526.4166 504.0732 478.0028 465.1356 466.0453 472.4798 471.1824 457.8236 437.5375 411.7206 389.7804 373.7827 359.3511 337.3723 308.9308 283.6492 278.6062 294.4391
539.9502 541.4454 541.9625 543.3182 547.0589 555.5159 563.2018 568.1035 570.3167 570.6829 567.8247 564.4697 565.925 571.087 575.8563 581.7548 591.4105 606.6446 620.8956 618.976 613.5981 643.4174 706.7651 773.7327 812.8707 822.9262 836.3953 838.6076 789.6824 708.5142 628.9811 566.3419 519.6395 493.6284 502.3451 522.7109 531.1287 542.5678 580.0083 614.9067 623.6583 605.8658 583.8029 565.1157 549.3823 525.1377 500.2089 480.7222 472.2169 474.2851 479.3081 478.1665 467.115 451.5041 426.7442 405.7145 388.6532 372.7155 347.0703 312.9909 281.5125 269.9203 284.0847
543.1364 546.2495 547.4172 549.606 552.735 560.5836 569.1118 576.2718 578.6668 579.4274 577.8534 573.2039 572.9048 576.9067 581.3615 590.7248 610.1221 639.2437 666.5394 668.9039 655.2145 667.5462 727.181 799.2255 837.4287 839.9279 838.6031 825.8693 770.9163 690.2705 612.9196 550.0255 505.9593 489.7915 508.8851 531.9344 537.3046 546.5158 579.1897 612.5116 623.732 608.2218 585.9228 563.8249 543.2338 519.565 498.5291 485.6542 480.3713 478.7288 477.1508 471.1478 461.7096 450.2693 432.9837 417.0032 400.2749 381.756 356.0025 320.4185 284.1454 264.3831 271.9074
544.5519 551.1109 553.7138 556.5515 561.0411 565.5559 575.2948 583.3834 588.2278 589.1992 587.9896 586.2333 585.7072 587.6749 592.4427 601.019 623.9824 669.0393 710.9825 723.4115 706.2585 702.5195 748.42 817.4486 854.7679 848.1047 829.5099 798.0761 741.2249 668.5979 598.4843 538.4157 497.2923 488.3101 513.4727 538.5353 544.6866 550.3914 577.0062 609.6439 615.2686 596.6528 572.6654 550.7236 532.2318 515.0153 500.5273 490.8298 484.774 478.7133 472.5671 461.937 447.8147 437.2648 426.7907 416.5495 401.1762 383.6078 361.7444 330.0685 291.7249 263.7194 260.9977
546.8536 554.9249 560.0999 563.8768 569.3987 574.7596 581.2933 590.2175 596.2133 598.8434 599.1485 601.1438 604.5365 608.4645 611.978 619.3995 640.7222 690.2487 748.0151 774.7009 758.6254 741.5151 771.2875 831.8715 860.084 841.3261 798.0471 755.1304 703.1249 641.9258 582.6221 531.2264 494.5529 489.1363 516.6837 546.1761 554.4496 556.2545 576.2198 606.1868 600.8781 578.9022 554.3615 533.6075 520.0963 510.2141 502.702 491.5233 483.8644 475.335 467.8951 453.2946 434.4648 417.19 410.2421 402.4133 388.557 372.9026 358.6075 333.7614 299.341 267.8601 253.676
550.195 559.0892 565.5877 571.623 578.0166 586.2657 590.5226 596.317 604.4664 609.9182 612.4545 617.7266 626.6882 638.8317 646.8876 650.7497 665.0901 711.9645 777.3699 814.9213 804.8926 780.6249 796.2873 839.0764 852.4355 812.0183 759.9961 715.6451 676.5591 630.4867 582.7624 537.4959 500.5997 489.8315 514.7502 550.0386 562.3978 562.8844 572.1255 589.0326 583.25 562.5127 538.1188 519.2343 506.4156 496.6882 489.8595 480.6542 474.6348 467.2722 460.0072 446.7345 426.2807 408.2914 397.2733 386.2729 369.6323 353.5995 340.5192 323.3111 298.575 270.4926 250.3721
557.007 565.5948 573.6037 578.4863 584.0983 595.5717 603.5355 605.3388 612.9857 621.0126 626.0638 635.5568 651.2634 674.0543 692.6126 698.3759 704.0771 742.5464 807.1807 850.9446 841.506 812.6917 813.889 836.7514 827.9271 779.9162 729.9127 702.7234 681.8873 644.0532 597.6268 549.9924 509.4596 491.1216 508.7722 542.2344 554.5529 552.2393 554.9508 565.616 561.6082 544.153 522.0765 504.8194 494.5751 484.705 476.1453 468.2586 463.4834 457.4064 451.1455 441.8366 428.2505 417.3516 400.8884 383.1708 361.0842 340.5251 322.8146 306.4091 287.6161 266.627 248.7393
567.1325 577.1506 584.9597 589.5947 590.6321 602.8662 616.7941 621.6077 624.937 635.6268 644.8737 656.4837 677.976 711.8353 741.9396 754.0334 757.8582 787.21 842.2275 880.218 869.1696 836.9992 823.5288 819.525 794.5144 753.7122 722.4937 714.4545 703.1703 667.2492 615.6521 560.3013 514.5351 492.8372 503.6184 524.9501 531.798 527.6791 530.5135 541.1215 540.9626 527.7147 507.9506 490.0897 479.679 472.8967 467.3997 460.2141 460.078 457.7357 452.6219 448.0766 444.0381 435.0961 416.4356 394.9271 370.5403 344.3372 321.0284 300.6223 283.4298 266.0951 252.341
578.4624 591.4294 600.8978 604.9273 603.0397 608.8299 628.3723 640.1758 643.6807 657.7121 669.8691 685.2132 709.9196 746.8664 787.5416 808.5766 820.3901 842.1992 880.095 907.835 891.7595 851.851 818.5546 792.0919 767.455 750.3527 739.2695 739.1453 726.7563 686.3227 626.3497 563.7795 515.7947 496.539 503.2873 508.5767 507.2789 502.0745 504.0524 514.5603 518.6743 513.9371 495.9452 477.7936 464.8777 456.5687 457.215 463.1084 472.9531 478.5685 473.3498 467.2583 462.1368 453.1072 434.6103 411.0642 383.7957 355.4579 329.7115 307.61 286.0709 265.4521 253.1513
585.9294 605.2824 618.7086 624.2382 621.1775 619.2056 636.7439 660.5347 669.7545 684.3157 702.6415 718.8578 746.8546 784.9265 825.282 856.9005 875.5455 895.1682 920.7828 932.5181 905.9442 853.0273 801.5382 772.0253 768.1664 771.8542 769.9538 762.8555 740.0463 689.9896 624.6719 562.1878 516.1865 499.028 502.6679 499.8331 493.3777 487.547 484.5712 488.7504 497.3343 499.7678 491.5504 477.5435 459.8963 443.094 446.1931 470.1566 493.0161 505.5531 503.9333 496.3938 485.5545 471.1208 449.8226 424.0324 394.4634 365.7192 337.0398 308.1428 278.3636 256.9157 250.539
589.8176 614.801 634.8486 647.5712 646.8981 636.7361 646.1442 676.303 695.3597 716.1575 742.6531 763.7658 791.4909 827.9192 864.5577 896.7956 917.0142 936.8833 954.9986 954.0613 913.8599 847.7604 797.3494 780.554 791.0078 805.0894 804.573 780.9125 737.7564 678.9466 617.197 559.8147 518.7314 500.7036 496.0263 488.9943 482.1368 477.0612 474.9326 477.3923 490.5666 501.2678 500.7821 486.2024 461.1822 437.7348 439.6241 473.8541 514.2698 539.8893 544.3001 535.0367 515.7261 491.3824 461.7468 430.1734 397.2855 365.7756 332.597 298.7585 266.8282 248.229 250.713
588.2809 617.813 647.352 670.3896 675.9285 660.9384 658.3453 688.0397 720.26 749.5056 784.1857 813.5428 839.9343 874.0154 901.4731 926.218 944.7484 962.1187 977.4122 966.8022 919.2154 857.63 815.1805 807.7625 826.7491 841.6634 829.8417 785.2549 726.0554 666.4663 608.7774 557.7908 518.446 495.4838 483.6632 475.3335 467.1738 463.6954 466.6739 481.4553 497.8571 508.6976 507.9987 490.9625 458.925 431.1378 435.7053 471.5927 524.9636 568.0978 584.278 577.2379 550.5471 510.4616 467.4353 428.6353 393.6697 360.1024 325.9075 290.6042 259.1527 242.1423 248.5839
578.3893 611.3724 650.9843 687.99 702.9645 688.4235 680.2142 702.1985 737.9057 776.5691 819.4407 860.9935 891.017 916.2244 930.9539 943.2838 958.298 971.4304 986.8143 972.6608 929.2538 878.6423 845.4708 843.8678 864.14 872.7777 847.6992 792.7454 730.0757 670.4761 612.6672 559.2015 517.3502 492.9115 480.2535 472.7466 461.9585 457.6658 466.3428 489.0359 510.0219 522.655 513.0302 486.3224 453.2596 430.3813 431.9618 466.3412 523.5487 583.301 620.2341 621.5434 587.1351 531.9522 478.351 435.5689 399.204 364.0526 328.9093 293.6125 260.8363 239.8623 242.6972
570.4461 597.2714 641.8516 690.6511 720.4675 716.6498 709.1051 724.5369 758.1216 801.5992 852.2404 902.6008 938.6263 952.8923 950.2349 946.0996 954.6136 968.3351 984.9811 975.6683 938.4011 895.3964 868.4647 873.3029 893.5232 895.8478 869.2362 818.6225 756.0318 695.5464 629.0721 566.6942 519.6339 492.1373 480.5744 467.7672 458.0215 460.1125 475.9424 500.0566 526.3177 534.3796 515.6683 483.9759 457.4824 444.4774 440.4315 460.499 514.3898 587.0825 645.2236 660.7728 626.7372 564.8589 506.2333 458.5477 415.4206 374.0598 337.2575 302.1454 268.0288 242.2013 238.8899
584.0264 593.1976 626.9667 677.8932 722.7012 741.4075 743.4363 754.8854 783.4248 831.2413 890.0299 944.4109 979.0864 980.9808 962.6878 932.3249 928.0046 945.7499 964.3196 962.9026 933.8433 892.6607 868.1574 879.2733 908.737 920.7086 905.6422 863.5166 800.5924 729.6626 649.9316 576.5874 523.8751 491.2615 473.3165 460.1333 456.7375 470.4631 495.3579 519.1931 543.5895 548.7208 528.5836 497.9673 475.4865 466.1852 459.3848 462.9915 504.9822 578.038 649.6962 685.2922 661.2546 600.0798 538.5139 483.5731 431.2634 383.3724 343.7723 309.0236 275.535 248.8669 241.1181
616.8675 610.121 629.9685 670.0369 717.9185 759.0602 781.9816 794.7272 818.8464 868.8926 934.6707 992.488 1016.956 1001.208 960.864 905.7824 878.7537 893.655 919.6339 929.1396 907.6056 868.19 843.0156 857.3099 906.8069 941.3853 941.2169 911.5168 852.142 769.631 676.2736 592.6444 532.8813 494.7292 471.8094 458.4669 462.3971 489.7683 522.5186 549.5785 570.293 575.3975 556.2795 524.2451 501.7936 492.8278 483.9725 479.9872 505.1065 568.8598 642.2265 690.3858 673.3854 614.7563 551.7875 494.4405 437.9882 388.3409 348.2741 314.1255 280.6212 255.4823 247.4997
661.597 648.1045 654.5464 683.2815 723.1882 772.3854 815.8403 839.9649 861.7622 908.6608 976.7297 1034.689 1050.542 1015.237 945.9483 874.111 829.5012 831.5357 855.4119 874.8669 869.2495 836.0614 810.879 829.7227 887.7697 944.045 965.2496 950.6453 894.5367 806.2847 704.8524 617.1695 553.1126 508.8081 482.7455 467.5716 475.5966 511.9045 555.3119 589.1692 607.9999 613.4213 593.3689 557.1493 527.4461 515.5928 504.2609 496.0369 513.7817 566.689 632.474 675.9683 654.9822 597.5983 534.2996 480.7686 432.494 388.7289 351.7968 318.7499 285.2019 259.746 253.1861
709.8488 696.3757 692.7578 713.3058 743.8958 788.267 839.8424 878.7949 906.9902 949.8616 1015.414 1073.052 1077.98 1014.703 925.3298 845.1003 791.6559 778.4983 793.7383 812.4878 815.2131 791.8087 766.2975 789.1667 854.4565 921.4302 966.9986 970.0699 917.1333 830.468 731.0198 642.6873 572.3229 525.8188 495.1277 481.1235 494.7866 537.7062 595.2252 639.4437 660.4445 663.0377 638.8786 594.6224 552.0597 526.4235 509.6089 501.7617 519.4218 568.1505 625.9671 654.4332 627.5778 565.7986 502.4366 454.9168 417.2449 382.4529 349.8093 318.429 286.2241 261.8788 255.9543
750.8644 744.3486 736.8901 749.5883 775.9385 812.5927 861.8641 909.6111 949.1561 992.0331 1051.717 1099.804 1089.03 1011.797 913.7751 829.3981 769.0835 741.7767 744.4293 755.3305 755.8746 740.8812 722.3109 742.9413 811.5059 883.9858 939.9637 950.7236 904.2765 830.5479 743.5612 661.1213 594.9037 546.6443 517.1898 503.1617 516.7859 567.5751 637.5084 694.7166 720.7702 721.2404 689.8207 629.895 568.179 523.4679 496.1498 486.1825 503.6131 551.9967 608.4547 626.3933 594.0648 535.6708 478.17 434.6644 402.2227 373.4825 343.0888 310.9055 279.9133 258.9053 255.5569
782.4753 785.9966 780.6254 789.9559 814.0726 847.5497 891.6578 940.1793 990.7075 1038.274 1089.029 1126.69 1099.702 1017.573 921.1226 831.3683 767.1911 738.2308 722.2708 711.3161 700.9006 689.5101 678.2651 703.9935 775.2354 852.4037 898.6384 891.8256 853.5824 799.8181 743.6125 683.6442 634.2061 591.5389 560.5336 541.2622 549.8495 600.1621 677.8698 748.981 786.5213 783.1 734.9738 655.9275 577.5858 519.632 482.6706 466.0481 479.3848 520.2332 568.0114 581.3063 553.2459 504.3985 458.7991 424.5662 397.4246 372.1172 343.5504 308.3573 275.1813 255.5654 253.7336
