py_wake/examples/data/AJ_ParqueFicticio/Rough survey   Sector 6   Height 30m   Orographic speed.grd
DSAA
73  159
 258469   265669
 6501692   6517492
 .2350238   2.018837
[rows 84 to 111 of 159, columns 0 to 62 of 73]
.9709567 .9523578 .9466257 .9411727 .9377367 .9310871 .9260357 .92142 .9174291 .9141655 .9056568 .8858855 .8606933 .8542041 .8503141 .833177 .7967504 .7792573 .7907098 .8057419 .8443865 .8663927 .8872969 .9100852 .946139 .9435553 .8842773 .8401071 .8393588 .8806975 .9072725 .9352719 .9504164 .9065641 .8841917 .8940699 .9040655 .9287956 .9198561 .8717276 .8511855 .8128716 .7678796 .7229391 .7455245 .7487493 .7219408 .7178544 .7303705 .8516455 .989455 .9968002 .9903088 .9836832 .9639978 .9371755 .9073458 .8938894 .8870767 .8694479 .8717178 .8831819 .9113109
.9690289 .9541304 .9453177 .9417958 .9354495 .9331639 .9280537 .9270912 .9245623 .9183668 .9019369 .8848085 .8656204 .8441857 .8437304 .8345523 .8106505 .7936404 .7622312 .7531054 .7842961 .794534 .830914 .8655372 .9357483 .9673265 .9330567 .8729016 .8309161 .839961 .8185778 .8522822 .8924243 .8844034 .8721266 .855522 .8799969 .9381937 .9365127 .9188126 .901305 .8544276 .8218052 .7823635 .7419896 .7714128 .7276082 .6681935 .6499313 .6741217 .7933282 .9543312 .9912934 .9971028 1.012814 1.004476 .9933244 .9696167 .9409723 .9116287 .8825638 .8720697 .8963575
.9397796 .9401435 .9431669 .9407516 .9355031 .9323575 .9288324 .9294708 .9328451 .9208213 .9062976 .9008667 .8867663 .859394 .8423779 .830551 .8339198 .8140367 .7716221 .7489799 .730037 .7302901 .7316657 .7483506 .8101601 .9044901 .9246649 .8783963 .8000686 .763696 .7351251 .7571753 .8140985 .8509627 .8584377 .8366635 .8565453 .8842166 .8853307 .9129739 .9208217 .9054532 .8619255 .8508297 .8325864 .8475396 .8494911 .7734625 .7407268 .6913543 .7146741 .8104718 .9753425 .9758538 1.013718 1.044041 1.044589 1.031592 1.013287 .9742315 .9276882 .8981304 .90813
.9244826 .9302902 .9384176 .9362149 .9303684 .9256539 .9292232 .9323066 .9354818 .9285184 .9238089 .9118559 .8970973 .8619126 .8307978 .8255365 .8312249 .8168017 .8015473 .7700866 .7340797 .7107322 .6803157 .6454554 .6715198 .7949654 .8924315 .875915 .79913 .6936179 .696112 .6919487 .760092 .8241207 .8856797 .8982846 .8674695 .8535252 .8776044 .9037868 .9064285 .9013864 .8966528 .8832795 .8834013 .8774487 .8857661 .8956066 .8352547 .753475 .7094687 .7315952 .8766237 .9946057 1.002466 1.033723 1.049643 1.045749 1.03729 1.019392 .9776381 .9746272 .969233
.9321885 .9309127 .9335903 .9308937 .9264864 .9216042 .9172837 .9194199 .9261163 .9350605 .9319791 .9140746 .903215 .8862931 .841198 .811399 .8124054 .8079673 .8029061 .7840513 .7622557 .7356458 .7096961 .6514226 .5986239 .6831099 .8571066 .889614 .8181663 .7404947 .6745695 .7215519 .7336345 .789223 .8405516 .890767 .9273362 .9210861 .9087767 .9096615 .9059038 .896274 .8746871 .8644895 .8411516 .8403884 .808836 .8362586 .8300561 .7693632 .6936145 .6388787 .6905774 .8490099 1.010206 1.036754 1.015275 1.015615 1.021155 1.015772 .9900555 .9831113 1.029054
.9442446 .9431472 .9312444 .9311597 .9318322 .9303563 .9149238 .8980882 .900566 .9144725 .922402 .9263328 .9148482 .8971314 .8671867 .8174186 .7866602 .7868443 .7848131 .784799 .7889744 .786438 .7742864 .7418939 .6611687 .6398039 .7836609 .8982655 .8805816 .7901638 .7408938 .7344323 .738095 .7540433 .8015297 .8461916 .9011624 .9276505 .9527037 .937622 .9174786 .9057648 .869481 .848618 .8020463 .7861734 .7245326 .7284498 .7478184 .6975917 .6340716 .5456395 .4549167 .5776073 .8009693 .9411283 .9443777 .9312975 .9419228 .9557474 .9652816 .9670838 1.028283
.9760365 .9555164 .9406431 .9321957 .9414525 .9377512 .9258158 .915844 .8909524 .8897249 .8985512 .9164468 .9142979 .9106456 .8941649 .8433608 .7907763 .7670406 .753168 .7626221 .7958338 .8262511 .8416953 .8466501 .7985629 .7163365 .7792664 .8868753 .9057549 .8417162 .7869825 .7534904 .7630152 .7799237 .781343 .8086094 .8274385 .9362763 .9910096 .9862564 .9553956 .908866 .9019772 .8623555 .8709335 .821337 .8606799 .8020678 .8001753 .7882189 .7596865 .6410528 .5562677 .4356804 .497962 .6789098 .8044199 .7577696 .7868963 .8115955 .8831413 .9352922 1.010166
.9845319 .9680827 .9601336 .9535828 .9498064 .9506663 .9485153 .930679 .9093527 .888708 .885285 .8984585 .9123832 .9171389 .915442 .8855075 .8361316 .7891875 .7417175 .704169 .7612714 .8494605 .889648 .9024178 .8758191 .8204574 .8324194 .8894915 .9122613 .8706079 .8480884 .8225257 .8183044 .8219941 .8691401 .8538358 .8009101 .8832398 .990802 1.037532 .9931765 .9487721 .9108139 .9381073 .9609308 .9602143 .95537 .9757084 .9381205 .923376 .9481653 .9156606 .8499352 .6777444 .5054609 .503751 .6540672 .6997922 .6556951 .6984496 .7954334 .8975681 .9978807
1.004122 .990602 .9754052 .9648809 .9634047 .966418 .9611239 .9537467 .9389117 .9093137 .8850397 .8860342 .8996634 .9200227 .9286394 .928747 .8923135 .8591685 .7922313 .6758067 .6727192 .8221441 .9187889 .938153 .9094666 .8636637 .8709598 .9048107 .9364234 .907739 .8938144 .897752 .8835729 .8542004 .8851296 .8893878 .8369042 .8495055 .959823 1.020184 1.046629 .9852774 .9663486 .9925425 1.013468 1.022387 .9931767 .9782459 .9942687 1.020204 1.052129 1.045303 1.058872 1.006155 .8378122 .7376649 .7111946 .7541623 .787012 .7292057 .7626822 .8714221 .99139
1.022334 1.006901 .9910728 .9807361 .9748152 .9772642 .9821611 .9709869 .9585572 .9419425 .9066198 .8779159 .8872283 .8986601 .9287369 .9553024 .9612674 .9469176 .9059385 .7632261 .6176563 .7290618 .9037963 .9620451 .9303214 .8748039 .8895618 .9568518 .97672 .9310014 .893912 .8746108 .8976291 .916997 .8893547 .8958091 .8590081 .8300672 .9053643 1.019073 1.072023 1.058235 1.067734 1.069791 1.072071 1.040353 1.018636 1.004801 1.00033 1.012569 1.04074 1.0841 1.11259 1.145108 1.132669 1.061217 1.025848 .9787501 .9174963 .8354049 .776221 .849483 .972663
1.034362 1.028017 1.011723 .995724 .9801028 .9848166 .9934487 .9903702 .9734752 .9591698 .9389518 .9001964 .8716159 .8789696 .8928316 .9302427 .9903114 1.0299 1.031433 .9141774 .6985373 .6511598 .8228778 .9549913 .9579374 .8967103 .913654 .9791767 1.009942 .9774964 .9095574 .866516 .8586549 .8960732 .9273404 .931078 .8831694 .8746367 .9380488 .9986724 1.08228 1.117369 1.104163 1.082587 1.077482 1.07534 1.021588 1.006653 1.00355 1.010033 1.002497 1.009312 1.074219 1.110629 1.148004 1.144063 1.085696 1.064967 .9936989 .9173546 .8046304 .8211538 .9273919
1.032842 1.042526 1.029517 1.01258 .9944263 .9775299 .9986253 1.010813 .9982398 .9815875 .9683648 .9415118 .8999277 .8637879 .8539412 .8620403 .9259213 1.043558 1.09995 1.036683 .839442 .6926672 .7645363 .902002 .956489 .9133675 .9251759 .9893541 1.032403 1.017253 .9351047 .8722546 .8349227 .8668901 .9021195 .9583625 .8903236 .86517 .9444339 1.000849 1.032161 1.058344 1.062391 1.082277 1.087948 1.100009 1.051621 1.058577 1.030446 1.007946 .9828072 .9623609 .9886423 1.04142 1.103763 1.102975 1.106901 1.109877 1.094596 1.057645 .9303554 .8114506 .8607893
1.030127 1.03965 1.046455 1.035476 1.025158 1.000035 .9847986 1.008798 1.019297 1.005826 .9929566 .9826792 .9538895 .9049583 .83923 .7972983 .8219346 .9621382 1.086354 1.09782 .9658274 .7928044 .7965045 .8585119 .9226843 .9013259 .8525535 .8916413 .9070236 .8889535 .8593427 .7864211 .7782325 .8590671 .9341395 1.004605 .9669935 .9216803 .9722192 1.019446 1.04987 1.03469 1.027998 1.036589 1.054983 1.082348 1.097077 1.076175 1.032614 1.014567 .9773696 .9253439 .8488457 .8656013 .9834162 1.003947 1.052308 1.067617 1.133753 1.153809 1.081454 .9105846 .8253393
1.033586 1.037598 1.038267 1.041067 1.050844 1.046104 .9981655 .9917501 1.028525 1.030103 1.011089 1.01173 1.010654 .9866389 .9108511 .7944858 .7455327 .835719 1.009675 1.054922 .9953272 .8460888 .8309407 .8841702 .9059203 .8281385 .8129782 .8321171 .801606 .7597063 .7381577 .7429601 .7458301 .799067 .8987677 .9977242 1.058301 1.001292 .9814577 1.014482 1.032612 1.026489 1.00089 .9908686 .9890066 .9818474 .9902186 1.002642 .9953419 .9744529 .9358728 .9007582 .8044682 .6315724 .6240916 .6876922 .7279622 .7905475 .8900832 1.013772 1.067414 .990279 .8521733
1.046588 1.044976 1.038666 1.023756 1.033255 1.068821 1.050902 .994054 1.014096 1.033642 1.025966 1.025726 1.048538 1.075308 1.037665 .9131953 .7770585 .7851478 .9303339 1.008478 .976252 .8669084 .8365436 .8595917 .9083919 .8865406 .8549964 .8510165 .8437206 .7995532 .7974204 .8130387 .7880262 .7872283 .839644 .8882272 .9461101 1.014495 1.013234 1.020975 1.012345 1.004607 .972314 .9579485 .9581692 .9269557 .8914844 .8683272 .8980324 .829224 .8573979 .84314 .7751685 .747162 .6164309 .5365462 .542222 .564061 .6152628 .7687695 .8436435 .8898344 .848543
1.090393 1.064098 1.052631 1.031113 1.008046 1.060242 1.105896 1.039909 1.013361 1.040356 1.033485 1.038321 1.055374 1.127864 1.165366 1.092332 .928835 .8464591 .9203992 .9905288 .9893807 .9187706 .8938952 .8867529 .9192982 .9326504 .8873244 .9291679 .9756553 .9286779 .8948387 .8776703 .8705354 .7862418 .7535806 .7789035 .8245404 .8726313 .9232319 1.002164 1.005048 .9737491 .909589 .896378 .8809193 .9245964 .9054722 .8656346 .8204481 .7818725 .7335292 .7600304 .8127571 .8513789 .8115146 .7851291 .7538585 .6868712 .6612256 .6850306 .7744342 .8977675 .9250355
1.147296 1.119871 1.096076 1.07357 1.012417 1.027825 1.132379 1.124612 1.044989 1.072066 1.057808 1.056484 1.0643 1.09425 1.185003 1.210214 1.124089 1.008688 .9732568 1.030111 1.020133 .9546608 .9123266 .9367324 .9772227 .9520782 .8960667 .9172723 .9925917 1.001849 .9589218 .9111452 .8686393 .8149808 .7794665 .7434313 .7404515 .7397345 .7564116 .853052 .9490954 .9322741 .8623877 .8197081 .7720872 .8551079 .9251497 .9501064 .8909164 .8545927 .8079484 .7747821 .7889863 .8559052 .8750847 .8807844 .9031323 .9257393 .9300642 .947141 1.013812 1.026418 1.017973
1.160125 1.191233 1.173642 1.141373 1.072891 1.006317 1.114208 1.214065 1.127559 1.124556 1.1213 1.075261 1.098765 1.107459 1.167259 1.23956 1.236125 1.185433 1.104959 1.089333 1.057446 1.004883 .941955 .9664114 .9851069 1.010181 .9812514 .9757931 1.012632 1.024241 .9888452 .931041 .8799631 .8390845 .8259699 .8039871 .7843617 .7907339 .7356522 .7687306 .8483504 .8711202 .840844 .760643 .7658724 .7811201 .9235985 1.065052 1.104012 1.028388 .9328679 .8686627 .8402772 .8572227 .9196692 .9392741 .9652895 .9904751 1.00011 .9867474 .9754577 1.007726 1.019369
1.174604 1.220439 1.239025 1.216504 1.157655 1.048587 1.09142 1.24486 1.248512 1.205485 1.242641 1.16167 1.153757 1.174347 1.1868 1.242526 1.268306 1.279773 1.22873 1.195312 1.130449 1.033714 1.010517 1.013908 1.065289 1.069818 1.039745 1.016863 1.004496 1.011392 .9970955 .9475366 .8967421 .8638971 .8360812 .8348192 .8396849 .8373562 .8254319 .7963174 .8164169 .8357936 .8721318 .8735352 .8571985 .8536184 .9309158 1.07381 1.203455 1.194023 1.071856 .954575 .8900929 .8892752 .9077626 .9382636 .9405812 .9277216 .910349 .8824442 .885869 .9651362 1.085403
1.180108 1.246338 1.291438 1.30054 1.246391 1.109412 1.059895 1.182783 1.289573 1.28924 1.313409 1.302376 1.224518 1.237688 1.253511 1.296409 1.298532 1.314372 1.335857 1.308831 1.242618 1.204306 1.163003 1.169361 1.161424 1.138828 1.082216 .9779449 .9392318 .9193856 .9155529 .9007694 .8814169 .8524473 .8141425 .8182276 .8147272 .834057 .873161 .9160786 .8968302 .8672841 .8890115 .9305702 .9136947 .8995152 .9489919 1.054818 1.205939 1.289353 1.209177 1.063279 .9274454 .8597928 .8451856 .851994 .8506933 .8394261 .8251388 .8004465 .8172169 .9336178 1.062645
1.050248 1.202658 1.313934 1.371782 1.345253 1.214643 1.103744 1.115619 1.204024 1.259503 1.292372 1.332684 1.288021 1.262604 1.282841 1.349384 1.399474 1.396262 1.43512 1.462581 1.452146 1.414072 1.388278 1.341146 1.304676 1.260734 1.17258 1.065038 .9625198 .9015504 .8760855 .8627034 .871159 .8760554 .8733111 .8678149 .8704854 .8523335 .8763573 .9223722 .9302699 .917295 .8845601 .8593077 .8798714 .7936853 .8204181 .9681198 1.171915 1.323545 1.34696 1.214472 1.037089 .8938545 .8401904 .8089807 .8280764 .8583885 .891239 .883108 .8548688 .9071958 .9179966
.8663631 .9868752 1.177394 1.344743 1.381353 1.282476 1.148388 1.123211 1.154037 1.192908 1.220967 1.270865 1.276489 1.254243 1.25581 1.341385 1.446541 1.515809 1.538469 1.567359 1.596675 1.599725 1.595984 1.551849 1.494339 1.373557 1.291754 1.200099 1.091931 1.036159 .9655579 .9367183 .9147435 .9324468 .9666728 .957945 .9387663 .9276091 .9071587 .9033901 .9193739 .8850993 .8340527 .8175541 .8333262 .8183455 .7474581 .8502525 1.077834 1.309067 1.440106 1.437536 1.255736 1.10683 1.052213 1.01643 1.012388 1.027116 1.034759 1.029674 .9788093 .9383706 .8666442
.8418983 .827136 .9198477 1.134534 1.319258 1.326299 1.183577 1.094647 1.123336 1.172417 1.204996 1.211651 1.22213 1.224106 1.237922 1.257496 1.402341 1.549522 1.537402 1.570808 1.593621 1.589131 1.576892 1.619703 1.658749 1.608341 1.484504 1.381519 1.269944 1.16801 1.077397 1.01847 .9743267 .9422969 .9356536 .9678093 .9950977 .9698583 .93766 .8709416 .8806215 .9041709 .8517521 .8314466 .8658107 .9138522 .8509189 .7985066 .9613181 1.192996 1.403762 1.525889 1.566908 1.434726 1.376653 1.305393 1.21721 1.155949 1.115391 1.077238 1.045842 1.019422 .9177447
.9870003 .871594 .868387 .9457963 1.151152 1.31603 1.304769 1.172239 1.129248 1.183852 1.240431 1.231303 1.181908 1.151599 1.156359 1.164111 1.215423 1.393608 1.548793 1.556672 1.572182 1.51794 1.516895 1.590142 1.718181 1.756685 1.707013 1.598303 1.458192 1.327548 1.205553 1.113533 1.037932 .9887133 .9820948 .9902168 1.003285 1.050165 1.019189 .9306906 .9009119 .9318222 .9055396 .8833687 .9315182 1.016088 1.054141 .9661129 .952331 1.065128 1.257938 1.445447 1.515771 1.542998 1.51805 1.47423 1.368938 1.255402 1.180093 1.116862 1.061178 1.024495 .9815507
1.182307 1.017947 .9897677 .9939244 1.049414 1.211297 1.339557 1.306265 1.202281 1.190833 1.233482 1.232126 1.173795 1.127819 1.062725 1.047859 .9851399 1.11519 1.318416 1.463511 1.510384 1.48624 1.483992 1.573629 1.672488 1.741596 1.792295 1.799849 1.643249 1.511964 1.415818 1.300932 1.226906 1.165687 1.123665 1.077535 1.092907 1.116742 1.121452 1.059607 .9938231 .9915239 .9646733 .9369802 .993143 1.096356 1.185077 1.216247 1.138176 1.141377 1.200882 1.296382 1.332757 1.356464 1.364828 1.376974 1.350505 1.282061 1.214343 1.161803 1.106625 1.048901 1.030395
1.367625 1.232416 1.134043 1.147028 1.127434 1.171328 1.279224 1.328433 1.254547 1.185779 1.193787 1.212075 1.168822 1.024172 .9735794 .9273989 .8964702 .8577563 1.036844 1.248788 1.384134 1.386334 1.391227 1.438921 1.61928 1.715109 1.797327 1.797607 1.815902 1.7114 1.589203 1.460214 1.327781 1.233774 1.156553 1.119431 1.147225 1.181609 1.229724 1.207922 1.105283 1.072821 1.048154 1.021764 1.033447 1.101295 1.200768 1.269553 1.311578 1.305522 1.272826 1.289669 1.295308 1.241639 1.185519 1.190458 1.217424 1.196266 1.15951 1.145993 1.147591 1.085079 1.04295
1.460967 1.417335 1.296589 1.251826 1.213294 1.179029 1.215344 1.267172 1.251856 1.176992 1.15806 1.14446 1.128599 1.040741 .9109453 .8344262 .8071535 .7185328 .7722312 .9875073 1.192582 1.278625 1.266815 1.283523 1.412807 1.560116 1.639369 1.783148 1.830312 1.829359 1.686019 1.480123 1.332295 1.206777 1.136144 1.10813 1.131716 1.208171 1.297721 1.321116 1.229781 1.151939 1.107543 1.064348 1.020664 1.013672 1.069696 1.127479 1.215923 1.305665 1.365304 1.343845 1.339073 1.27366 1.193066 1.133828 1.110601 1.091734 1.042343 .9964863 1.02232 1.019196 1.012162
1.46126 1.46673 1.374941 1.311606 1.275518 1.208878 1.185904 1.206923 1.216239 1.19054 1.176931 1.175214 1.163255 1.086203 1.037755 .9395022 .8490064 .7945055 .6433029 .6899746 .9185575 1.130121 1.217061 1.256593 1.335109 1.414295 1.542997 1.615306 1.713279 1.796379 1.838423 1.744643 1.506772 1.349977 1.241975 1.138074 1.099367 1.176038 1.286154 1.366895 1.328121 1.220737 1.127308 1.054036 1.004355 .9594125 .9496114 .9577734 .9999635 1.166817 1.29149 1.330261 1.311444 1.265851 1.214499 1.16914 1.134255 1.087596 1.01804 .9056941 .8736995 .9211957 .9383401
