py_wake/examples/data/AJ_ParqueFicticio/Rough survey   Sector 2   Height 200m   Power density.grd
DSAA
73  159
 258469   265669
 6501692   6517492
 44.61195   362.0808
[rows 28 to 55 of 159, columns 0 to 62 of 73]
108.2388 108.6618 108.6936 108.8287 108.8568 108.7908 108.9679 108.8459 109.2528 109.4172 109.3628 109.4706 109.3265 109.0579 108.9042 108.8674 108.5915 108.361 108.2033 108.0811 107.9459 107.6158 107.0383 106.3323 105.3287 103.7511 102.6634 101.8606 102.1209 101.6156 101.019 100.4076 98.46869 96.05296 95.12401 96.96644 97.49904 95.67997 94.49194 91.86649 90.02389 89.20619 88.13315 87.50801 86.37252 84.92086 83.71709 83.62841 86.01114 90.11198 96.387 105.3832 117.6308 135.4827 150.5835 166.1618 179.3546 182.2696 172.8606 156.5555 137.9114 121.4836 111.003
108.0115 108.2892 108.635 108.8709 108.9595 109.0955 109.2344 109.023 109.3922 109.8045 109.8218 109.7161 109.7265 109.3432 108.9993 108.9036 108.7426 108.6638 108.6489 108.447 108.4011 107.7758 106.9295 106.1926 105.2722 104.2013 103.4799 102.5819 102.3974 102.3177 102.2256 101.6312 99.86034 98.4836 98.92964 100.2706 98.89903 96.89124 95.43864 93.14617 91.49551 90.60629 89.42892 88.17839 87.76318 87.76512 88.77118 91.44337 96.10551 102.3185 109.7904 119.0528 131.4898 149.6499 165.6552 180.7118 189.8306 186.2259 171.4641 152.2346 132.7358 117.7309 113.4511
107.9257 108.2336 108.2974 108.7647 109.0606 109.0392 109.1313 108.9473 109.1382 109.5116 109.7349 109.7306 109.5514 108.8206 108.7912 108.857 108.8211 108.8285 108.9448 108.7961 108.4971 107.7481 106.9095 106.0143 105.6043 104.9452 104.1672 103.7112 103.3116 103.3405 103.3344 103.1459 101.9789 100.2268 99.79028 99.50725 98.98991 98.14217 96.52924 95.13938 93.00822 91.90728 91.54371 91.06441 90.17499 91.31448 94.17618 99.54745 106.471 114.7767 123.1529 132.6983 144.4155 162.036 178.3687 190.1214 192.7075 182.4003 164.7148 144.252 125.7065 115.3226 120.936
107.8295 108.1389 108.2621 108.6635 108.8434 108.8355 108.9505 108.8174 109.0751 109.3132 109.4928 109.4746 109.3985 108.6677 108.4829 108.6832 108.9384 109.066 109.0837 108.8676 108.4909 107.707 107.0548 106.384 105.885 105.4084 105.0676 104.6885 104.3212 104.5266 104.0332 103.1093 101.3275 100.4354 100.1291 99.79877 98.87824 98.24519 96.83109 95.39382 93.93763 93.10867 93.59975 94.26701 94.86019 95.70376 99.20716 105.111 112.8559 120.7079 129.6447 140.4669 152.9431 169.5343 183.8989 190.8106 187.8825 174.1643 155.342 135.9994 121.9003 118.8616 134.2666
108.0216 108.1855 108.2483 108.5661 108.6296 108.7975 108.6576 108.7266 108.8738 109.034 109.2309 109.2078 109.1645 108.8074 108.649 108.7712 109.1458 109.2398 109.2221 108.9304 108.3948 107.7055 107.2617 106.7792 106.1059 106.1181 105.6335 105.6961 105.7 105.1993 104.6057 103.6753 102.1858 101.2312 101.0743 100.8813 99.61813 97.92099 96.23993 95.31518 94.66196 93.87706 94.20891 96.27212 98.29902 100.9585 104.4224 109.2196 114.7684 121.5537 129.6414 139.6107 154.7188 169.5453 182.0468 186.4147 180.1573 166.0329 148.0668 132.6411 124.631 129.8135 151.6602
108.5074 108.1923 108.317 108.3302 108.4845 108.7103 108.7764 108.7655 108.7906 109.003 109.0756 109.0152 109.0338 109.0087 108.9767 109.2128 109.4752 109.3649 109.3101 108.7336 108.2943 107.6272 107.0778 106.8742 106.3456 106.0863 106.2306 106.2341 106.2759 105.6761 104.9192 104.2891 103.1694 102.2083 102.0525 102.1831 100.8419 98.4582 96.54147 95.70883 94.7773 94.20844 94.26917 96.69633 100.8627 104.7572 108.5332 113.3248 118.0972 123.4835 130.6512 142.3367 156.0269 168.7775 178.7454 182.9974 175.2121 162.0401 147.4307 136.6049 133.7855 145.7523 169.7182
108.5573 108.1798 108.1837 108.2548 108.3531 108.46 108.476 108.5639 108.7129 108.8659 109.0527 109.2399 109.1195 109.3782 109.5814 109.5445 109.6395 109.6309 109.2009 108.5923 107.7803 107.4302 106.8456 106.7921 106.6081 106.6534 106.7131 106.6791 106.5635 105.9232 105.2898 104.9148 103.941 103.5139 102.4825 102.6309 101.8811 99.92565 97.51617 95.66167 94.23958 94.04839 95.01725 98.23032 103.0087 109.0229 113.5779 118.7338 124.9305 132.1098 140.3067 152.4003 165.3559 175.5607 182.3343 184.5595 176.7059 166.6558 154.3261 145.6782 147.4594 164.3739 188.5612
108.0977 107.8339 107.9983 107.9899 108.1912 108.2061 108.1882 108.4488 108.5766 108.7164 109.0245 109.202 109.212 109.2503 109.528 109.7069 109.813 109.3711 108.9473 108.0118 107.1675 106.7545 106.6253 106.7081 106.7402 107.1306 107.274 107.0593 107.0786 106.471 105.9422 105.5024 105.1596 104.7102 104.1935 103.6519 103.4794 102.5564 99.6319 97.00404 95.30609 95.40459 97.642 101.8805 108.0665 115.7162 122.9265 129.3676 137.0065 146.0846 155.7045 168.074 179.7299 187.6325 192.1359 192.5415 186.0137 176.8115 164.9016 158.3449 166.5007 187.3479 210.2427
107.2677 107.2086 107.5574 107.8457 108.1155 108.4124 108.5632 108.4942 108.4215 108.5495 108.6758 108.9518 109.0473 108.9496 109.1516 109.3975 109.3687 108.7379 107.5187 106.9117 106.0558 106.2273 106.448 106.8603 106.9581 107.2736 107.4263 107.4965 107.4664 107.2724 106.8444 106.4775 106.418 106.9872 106.9945 106.3323 106.0137 105.5886 103.5916 101.9469 101.8792 102.6869 105.1733 110.1949 116.4086 124.4746 133.2814 141.1045 149.1658 158.3581 168.6554 179.127 187.8516 195.0971 200.2863 201.206 196.5164 187.9482 177.5746 179.0123 195.0566 220.102 237.0123
106.6504 106.6908 107.1523 107.568 108.0447 108.3092 108.0552 108.1252 108.2475 108.3707 108.3983 108.5022 108.6594 108.5351 108.7281 108.7553 108.4164 107.5997 106.3785 105.3905 105.3003 105.8149 106.3799 106.9798 106.9786 107.3871 107.5315 107.9465 107.9064 108.0057 107.9622 108.1402 108.4996 109.1866 109.9631 109.6729 108.841 108.1338 108.1034 108.051 109.888 113.5194 117.6687 122.6875 128.6083 134.655 143.562 152.0402 158.4137 165.004 172.3351 180.2303 187.6928 194.9514 202.3886 207.311 204.9944 199.8233 196.1308 207.822 233.7619 259.6803 270.9345
106.5919 106.6469 107.0286 107.2933 107.5175 107.6909 107.4604 107.7686 108.0306 108.2729 108.2424 108.2697 108.3655 108.5496 108.5161 108.2684 107.6921 106.8565 105.8081 104.9585 105.3831 106.0503 106.7324 107.2433 107.232 107.5965 107.9464 108.2179 108.2487 108.336 108.6283 109.1697 110.3638 111.6249 112.566 112.9311 111.9259 111.8338 113.1502 114.8808 118.8042 124.8888 131.6093 137.8995 143.2047 147.9205 152.5386 158.6734 161.388 165.4274 170.9053 178.1153 186.7842 196.001 205.6316 213.659 215.552 216.4573 220.7941 244.8191 272.4783 292.9693 294.1993
106.7139 106.8787 107.0706 107.3815 107.5139 107.4493 107.6872 107.7264 107.9345 108.2463 108.5551 108.6729 108.9938 108.8786 108.462 108.0983 107.5383 107.0056 106.3267 106.2009 106.7597 106.7491 107.2455 107.5421 107.4959 107.7372 108.2898 108.5295 108.8179 109.3949 110.0346 110.8718 112.1669 113.6942 114.9806 116.4188 116.3792 116.6984 118.6137 122.3983 128.8249 137.1729 145.7774 153.528 159.8972 164.1082 167.0524 170.1503 172.3136 172.6294 178.3555 186.6601 196.096 207.0386 217.1836 226.4052 230.7852 235.984 247.7311 272.5497 296.1336 304.93 295.2585
106.671 106.9272 107.1174 107.4425 107.7746 107.9184 107.9654 107.8534 107.9732 108.3245 108.7712 109.3059 109.1552 108.4896 108.1887 107.883 107.6185 107.3502 107.0406 107.0811 107.4617 107.1692 107.4173 107.5819 107.1921 107.6527 108.3069 109.0302 110.0434 110.873 111.9673 113.0437 114.2622 115.7946 117.7664 119.8063 120.4054 122.2453 125.8648 132.4791 141.5156 151.7201 161.2085 169.1537 176.3723 182.1918 186.063 188.8471 188.2868 191.9304 196.2048 205.3847 216.1395 226.3025 234.6898 241.2516 247.1496 253.9563 266.9314 281.6133 290.6886 287.4938 273.117
107.0165 106.8244 106.8209 107.0394 107.4615 107.2896 107.2134 107.3636 107.4723 107.9375 108.4869 108.5167 107.9471 107.3315 107.2897 107.3187 107.3492 107.3796 107.0911 107.2664 107.3329 107.2905 107.0941 106.9444 106.9613 107.5264 108.7396 110.0848 111.3677 112.2584 113.5512 115.0575 116.5796 118.4487 120.6497 122.9804 125.2807 127.9158 134.0745 142.7035 152.9894 163.9458 173.1957 180.7981 188.2324 195.3013 199.1344 201.8647 205.0259 208.322 216.2718 221.7922 231.0792 238.3698 243.9311 250.4787 256.5122 263.4031 269.655 268.2689 263.265 253.3816 240.3485
107.0213 106.7848 106.7583 106.5359 106.5735 106.8834 106.6287 106.4549 106.6872 107.1288 107.3588 107.2857 106.7522 106.5049 106.7333 106.8234 107.0801 107.0534 106.916 106.7671 106.875 107.0135 107.0171 107.2754 107.8825 108.787 109.7622 110.8433 112.0761 113.2551 114.6184 116.2879 117.9607 120.5687 123.287 126.2539 128.9635 133.0204 140.6142 148.7692 157.217 165.864 173.2634 180.417 186.3262 190.3246 192.4305 194.2014 198.5074 204.0357 214.0018 219.7508 227.2287 232.7497 239.0638 248.4438 257.7711 263.075 260.4028 250.7858 235.3267 219.122 206.469
106.7576 106.6853 106.544 106.2344 106.2829 106.2885 105.9116 105.6676 106.1428 106.708 107.0234 106.9233 106.9011 106.8791 106.8199 106.6358 106.5793 106.4889 106.4745 106.0019 106.1973 106.6405 107.2272 108.149 108.7691 109.3767 110.0843 111.0665 112.3038 113.5496 115.2954 116.8607 119.2196 121.8709 124.4258 127.8319 130.8889 135.0079 140.9578 147.6257 153.8735 159.0396 164.2397 167.4844 168.5026 167.555 166.6238 169.2139 175.0867 183.658 194.2478 202.6647 209.3108 217.074 228.9593 243.8022 255.6902 256.9599 246.3312 230.7597 211.1084 193.7461 179.3428
106.3279 106.2981 106.2335 105.9002 105.6904 105.4521 105.196 105.2518 106.0472 106.7827 107.4616 107.7204 107.5838 107.1976 106.6459 106.37 105.9685 105.6293 105.4529 105.4422 105.4887 106.2309 106.8804 107.1037 107.6144 108.2856 109.4625 110.9369 112.1613 113.8967 115.2424 117.1124 119.7 122.0224 124.6031 127.5591 131.1525 134.7106 139.3699 143.6891 147.6861 152.6602 155.3784 154.673 150.1317 146.6029 146.7076 151.9225 161.9001 171.9201 180.2036 187.5375 197.1792 211.276 228.6447 245.1082 253.1748 246.8755 231.1889 209.6454 189.2468 173.0554 161.9896
105.8955 105.9812 105.9174 105.4834 105.5027 105.4408 105.4956 105.5249 106.1419 106.9866 107.8531 108.1031 107.7628 107.0968 106.4976 105.9329 105.4815 105.1053 104.9159 104.9991 105.2955 105.6559 105.9284 105.7151 105.5529 106.5786 108.1151 109.3772 111.0502 112.2207 113.8962 116.0564 118.5079 120.9145 123.4372 126.2732 130.3142 133.9688 137.7656 140.6202 144.8616 148.1821 147.9626 144.986 143.4278 144.7879 149.8228 157.1896 165.9252 173.5949 181.0279 190.6532 205.1655 224.3646 243.0472 254.0575 250.313 234.5645 211.9576 190.4017 172.0148 158.297 150.4185
105.3998 105.5841 105.5764 105.3441 105.5095 105.7375 105.9957 106.0491 106.4505 106.993 107.7677 107.6845 107.2222 106.5624 105.7348 105.2965 105.022 104.8396 104.841 105.1751 105.2403 105.3667 105.5251 105.2299 105.1895 105.7823 106.4485 107.4724 108.7163 109.6226 111.1483 113.3263 115.604 118.631 121.081 124.3135 128.5462 132.635 136.5384 141.0986 145.71 148.3389 149.3897 151.0726 154.1675 159.0589 164.7287 171.0126 176.9127 183.6741 192.8397 207.1537 225.9612 246.0388 259.8064 260.2575 244.3726 218.8756 193.2606 171.8658 156.8639 147.0437 141.0419
104.8013 104.9333 105.0081 104.5448 104.8251 105.6092 106.2472 106.4891 106.8588 107.1721 107.4469 107.1769 106.4871 105.347 104.4764 104.36 104.4506 104.6637 105.0097 104.9515 104.883 105.0489 105.4243 105.6688 105.2909 104.8018 104.7107 105.1855 105.9684 106.959 108.6298 110.686 113.3076 116.5502 119.7088 123.8085 127.9956 133.2549 138.2576 143.2407 148.689 153.6113 158.4748 162.549 166.5852 169.525 170.6562 172.8573 176.8659 185.9665 201.5704 223.2139 246.0271 261.8788 265.498 254.0926 231.9001 203.9385 177.2014 156.1385 143.2865 134.7061 130.1404
104.272 104.2079 104.1566 103.9346 104.3422 105.2134 106.0521 106.7026 106.9231 106.9264 106.924 106.2782 105.2783 103.9686 103.2798 103.3266 103.5799 104.0128 104.274 103.6844 103.664 103.974 104.2306 103.8347 103.1186 102.6793 102.7725 103.5719 104.6023 105.8446 108.0043 110.5051 113.331 116.6877 120.0114 124.356 129.1115 134.2548 139.4236 144.7138 149.9833 155.2721 160.0272 163.4024 165.1321 163.8077 164.098 167.7133 176.7655 191.9003 213.6087 236.6622 255.2891 261.2779 253.0892 235.2265 212.4096 187.307 161.6653 145.3296 134.4824 126.4749 120.3327
103.9186 103.793 103.545 103.5668 104.283 105.2329 106.1058 106.4839 106.5662 106.2387 105.5054 104.85 103.7459 102.668 102.4854 102.8584 103.0835 102.969 102.7456 102.4445 102.4179 102.4565 102.3601 101.8386 101.0657 100.8924 101.574 102.6156 103.7198 105.2427 108.7156 112.2064 114.6515 117.0606 120.2758 124.6068 128.9173 133.3081 138.3391 142.8992 147.4253 150.8951 153.6817 155.7133 155.6142 157.2908 162.2152 172.8282 188.8577 208.396 228.9005 245.0934 252.0556 245.5302 229.5213 208.4695 189.1023 169.3089 148.6961 138.4817 129.3617 122.1686 116.658
103.5726 103.6656 103.7615 104.3576 105.0343 105.737 106.4151 106.5985 106.362 105.7837 104.8234 103.8413 102.8145 102.7367 102.8849 103.0316 103.2101 102.8309 102.4648 102.1509 101.9123 101.9502 101.8205 101.597 101.6738 102.2155 102.0289 102.5058 103.3481 105.6392 108.57 111.5844 113.8082 116.0659 119.8734 123.6874 126.6662 130.455 135.4507 139.626 143.4365 146.9002 149.2069 151.6411 155.3465 161.8499 173.1194 187.8922 204.7862 221.1145 234.4008 241.1571 236.7219 222.7644 204.6937 184.5969 167.9442 153.6763 137.9042 130.1034 124.8272 120.1465 116.2403
103.0931 103.5728 104.0964 104.8633 105.5803 106.1685 106.5461 106.5242 106.2337 105.7618 104.8691 104.1005 103.502 103.1648 103.177 103.2137 103.4203 103.2678 103.0299 103.0569 102.6521 102.3093 102.0844 102.0055 102.6219 103.2922 103.0567 103.0772 103.7975 106.0475 108.6634 110.3 112.0308 114.2037 118.2174 122.0576 124.8193 128.0135 132.1164 136.5712 141.2357 146.3428 150.6577 156.3866 164.0225 174.2473 186.9579 199.9695 211.8852 220.6647 226.0152 226.9234 217.1482 200.9384 183.8981 167.0954 152.5125 141.8422 131.1623 122.8871 119.5314 118.0515 116.9113
102.7468 103.4732 103.8038 104.6826 105.5183 106.1172 106.2909 106.1653 106.0738 105.7677 105.2651 104.588 103.8965 103.6436 103.3896 103.03 102.848 102.5076 102.7172 103.4423 103.725 103.3126 102.9865 103.1316 103.7031 104.1897 104.2349 104.3852 104.7421 106.362 108.6393 110.403 112.0021 114.6504 118.2081 121.3505 124.4867 128.9149 132.9858 136.9262 141.7112 147.0984 153.5937 161.1968 171.0506 182.1993 192.7876 201.4342 208.2812 212.3135 214.1419 212.0535 200.2174 183.8727 167.7446 154.2126 142.9459 134.6304 127.3315 119.1854 115.4257 113.9835 113.7391
102.9176 103.4858 104.0533 104.9011 105.7193 106.1713 106.2721 106.1838 105.9957 105.8243 105.5185 104.8735 104.2052 103.8172 103.5177 103.1117 102.6136 102.1541 102.4343 103.1888 104.1958 104.1153 103.7642 104.1406 104.698 105.2795 105.1799 105.3782 105.6312 106.9279 109.1156 112.0278 114.3536 118.3707 121.9853 126.4037 131.2509 134.124 137.7054 143.0397 146.4613 150.7678 157.4723 165.2572 174.4605 183.1546 190.4321 196.4615 200.8845 203.683 203.7055 199.2946 186.8448 170.6284 155.6922 143.7883 136.3455 131.6748 126.3255 118.574 112.9713 110.0815 108.9514
103.2932 104.0558 104.7709 105.3381 105.9914 106.5404 106.5542 106.3103 106.0491 105.9002 105.5821 105.1169 104.3106 103.8185 103.5619 103.407 103.1224 102.8036 102.8878 102.9733 103.1931 103.0044 103.0039 104.1792 105.2887 105.6461 105.7692 105.743 105.9429 107.3484 111.3473 115.8258 119.3023 123.886 129.3109 135.1682 140.352 144.3076 147.4219 152.1841 156.2591 160.114 164.6161 170.1369 176.7338 182.3906 187.7278 192.4071 194.724 195.1865 191.7235 185.4555 174.6102 159.7569 145.5508 136.9481 132.3791 130.0102 124.8457 117.3282 110.6505 106.9494 105.5338
103.8969 104.7288 105.2931 105.9089 106.2331 106.4494 106.6333 106.3466 106.055 105.8157 105.5587 105.2681 104.5316 103.9401 103.6651 103.4643 103.711 103.5089 103.5901 103.4004 103.0323 102.5413 102.9281 104.173 105.269 105.6486 105.9935 106.322 107.3255 110.575 116.8371 123.1941 127.0681 132.4625 138.2571 144.5368 150.9665 155.1823 160.0035 164.8802 169.4145 172.7836 175.1358 177.2486 180.09 182.7142 185.9783 187.6762 186.8239 183.6849 178.9049 173.8944 164.1423 150.0812 137.1884 131.4955 129.4825 128.4753 122.9003 115.0248 108.7823 104.4954 102.3971
