py_wake/examples/data/AJ_ParqueFicticio/Rough survey   Sector 5   Height 200m   Mean speed.grd
DSAA
73  159
 258469   265669
 6501692   6517492
 6.575564   12.64484
[rows 28 to 55 of 159, columns 0 to 62 of 73]
9.588212 9.586844 9.587944 9.58954 9.595565 9.604585 9.61448 9.624559 9.626539 9.636923 9.657456 9.680504 9.701357 9.7218 9.73644 9.749152 9.766603 9.779096 9.788973 9.790089 9.781171 9.771122 9.785919 9.800356 9.809069 9.797101 9.771117 9.741672 9.735412 9.724598 9.713076 9.693126 9.641007 9.563244 9.539243 9.574566 9.607585 9.622583 9.627877 9.578694 9.532848 9.569957 9.685083 9.856534 10.0564 10.23008 10.35951 10.51465 10.67813 10.82478 10.93447 11.06549 11.21355 11.24615 11.11075 10.99079 10.95932 10.87993 10.61634 10.27746 9.975986 9.748071 9.586379
9.579258 9.584274 9.583391 9.586868 9.591 9.596868 9.605695 9.61873 9.625228 9.634115 9.648043 9.670284 9.691428 9.717935 9.73594 9.752006 9.764916 9.779386 9.78795 9.790455 9.781618 9.768369 9.776892 9.791345 9.802094 9.795714 9.771867 9.756466 9.744887 9.737873 9.726732 9.700071 9.646332 9.559898 9.528685 9.570471 9.603434 9.621879 9.631474 9.601741 9.551082 9.560212 9.667964 9.805823 9.978374 10.17811 10.35852 10.54642 10.75807 10.96283 11.12212 11.26903 11.41905 11.50803 11.43089 11.28042 11.15718 10.97457 10.66938 10.33397 10.03806 9.823588 9.70495
9.565365 9.56986 9.57505 9.578512 9.579993 9.590811 9.597751 9.609926 9.621059 9.624202 9.637062 9.65029 9.667856 9.700047 9.720583 9.743062 9.761084 9.775401 9.782391 9.784851 9.780603 9.776859 9.777936 9.787951 9.790849 9.786865 9.778531 9.762323 9.749353 9.739972 9.723812 9.705083 9.644093 9.563319 9.550282 9.571722 9.594448 9.609018 9.6351 9.63075 9.58494 9.57138 9.638416 9.763653 9.914642 10.08439 10.2839 10.51376 10.76927 11.03239 11.2754 11.48556 11.65223 11.75008 11.73205 11.58622 11.37279 11.04863 10.67121 10.30703 10.0314 9.868039 9.853596
9.55399 9.55706 9.562741 9.567503 9.569136 9.580615 9.586382 9.59802 9.602286 9.611306 9.617966 9.631111 9.645723 9.674915 9.707782 9.732759 9.754776 9.769899 9.774197 9.778028 9.777956 9.778045 9.777837 9.777028 9.779819 9.782658 9.773834 9.764977 9.743203 9.727221 9.720263 9.711843 9.662152 9.596291 9.576837 9.568954 9.577044 9.589583 9.622598 9.649103 9.622031 9.5948 9.621082 9.716389 9.860761 10.01868 10.1876 10.39926 10.65987 10.95913 11.27021 11.56075 11.80318 11.95731 11.995 11.87618 11.58073 11.14463 10.68276 10.28343 10.00514 9.903996 9.965359
9.536124 9.543606 9.551566 9.55764 9.564144 9.572906 9.581273 9.584334 9.589047 9.597344 9.603416 9.614174 9.622302 9.641956 9.676182 9.708011 9.73815 9.761184 9.766517 9.7682 9.772704 9.775185 9.773914 9.770744 9.772683 9.763505 9.761956 9.754754 9.734147 9.711164 9.709185 9.697329 9.65839 9.611905 9.580857 9.575198 9.568995 9.561261 9.602506 9.648129 9.665453 9.626826 9.618318 9.669344 9.791458 9.974085 10.16289 10.33483 10.53616 10.79757 11.10137 11.43471 11.75197 12.00598 12.15514 12.09005 11.77226 11.27543 10.75901 10.31491 10.02176 9.97846 10.08363
9.531726 9.537663 9.544446 9.552691 9.563329 9.568458 9.577254 9.582173 9.585763 9.58837 9.593624 9.601457 9.607755 9.617521 9.648678 9.682379 9.717531 9.74239 9.751827 9.76195 9.766576 9.77046 9.769295 9.765035 9.763742 9.758079 9.74156 9.737398 9.725392 9.704922 9.699368 9.685029 9.652868 9.614184 9.583087 9.579822 9.577844 9.547242 9.585192 9.639415 9.694253 9.702435 9.662756 9.632219 9.694797 9.8718 10.11091 10.32779 10.52802 10.75562 11.02274 11.31965 11.62532 11.92914 12.17693 12.234 11.92931 11.4394 10.88639 10.41448 10.11293 10.07439 10.22848
9.540219 9.543587 9.547581 9.549542 9.556633 9.562058 9.569452 9.576159 9.581431 9.585137 9.586758 9.592248 9.600669 9.608996 9.629265 9.668129 9.702311 9.723621 9.73675 9.747458 9.753894 9.751301 9.753859 9.75215 9.749848 9.739824 9.72508 9.717852 9.710471 9.70458 9.691961 9.676302 9.654829 9.612185 9.575471 9.55966 9.582935 9.56294 9.571296 9.63316 9.726724 9.781688 9.764589 9.67836 9.626163 9.742086 9.995107 10.27191 10.5333 10.80695 11.10189 11.40417 11.6759 11.94979 12.19615 12.31567 12.1017 11.6325 11.08664 10.61058 10.30324 10.25193 10.39081
9.534377 9.539632 9.543183 9.551137 9.554184 9.55801 9.563129 9.565261 9.56908 9.571754 9.571101 9.577271 9.583337 9.598469 9.620731 9.647866 9.675376 9.703102 9.711962 9.719567 9.726077 9.726251 9.73013 9.731261 9.731496 9.721189 9.709394 9.703872 9.695804 9.689977 9.679312 9.663037 9.647618 9.615157 9.567584 9.526679 9.542991 9.564769 9.569462 9.637457 9.762347 9.867179 9.897413 9.813759 9.650107 9.63585 9.838885 10.164 10.49176 10.81985 11.16418 11.53514 11.86296 12.12131 12.3299 12.43152 12.26319 11.82434 11.28728 10.82373 10.55343 10.51042 10.6001
9.524047 9.530303 9.534167 9.540818 9.550633 9.560363 9.558403 9.559406 9.561524 9.562504 9.561013 9.557449 9.562475 9.577729 9.598677 9.622329 9.645453 9.662251 9.679279 9.678268 9.691938 9.693012 9.700866 9.710686 9.713522 9.70552 9.699742 9.689424 9.680294 9.672925 9.668241 9.650562 9.627413 9.603023 9.556011 9.509146 9.495502 9.530755 9.564631 9.655008 9.811331 9.985501 10.08203 10.02478 9.811646 9.596658 9.665202 9.965789 10.35536 10.7384 11.1276 11.54823 11.95664 12.28057 12.48926 12.57393 12.3881 11.93851 11.40989 10.98033 10.80175 10.78575 10.87098
9.500168 9.509225 9.519114 9.527293 9.535582 9.548873 9.559448 9.561302 9.560965 9.555095 9.554126 9.550795 9.546635 9.559232 9.574999 9.593026 9.611269 9.618242 9.633589 9.634686 9.640804 9.652279 9.666571 9.682334 9.697305 9.688569 9.68232 9.668721 9.662402 9.647723 9.642669 9.632212 9.61261 9.588325 9.548183 9.486518 9.427728 9.462847 9.518556 9.623526 9.831903 10.08672 10.27942 10.30474 10.10326 9.76397 9.594747 9.752001 10.10096 10.49557 10.91214 11.3439 11.80751 12.22356 12.52161 12.64484 12.46196 12.00112 11.46173 11.06497 10.94378 10.98297 11.08691
9.487534 9.498309 9.508204 9.518353 9.524992 9.528693 9.537832 9.542504 9.550483 9.555716 9.558729 9.552384 9.54643 9.541467 9.553505 9.567034 9.5832 9.592735 9.604158 9.601675 9.58578 9.607057 9.632355 9.651573 9.669873 9.662752 9.658672 9.647326 9.634479 9.619273 9.607657 9.607111 9.594915 9.567529 9.533563 9.469801 9.376906 9.37421 9.43255 9.564107 9.788915 10.0979 10.40046 10.55229 10.45355 10.11227 9.790726 9.737747 9.923242 10.24412 10.65174 11.07602 11.5382 11.99808 12.39088 12.59473 12.48294 12.02476 11.48791 11.06592 10.94478 11.05064 11.18128
9.487563 9.501903 9.512601 9.521292 9.531172 9.532358 9.526615 9.535703 9.546341 9.551723 9.557054 9.557555 9.548257 9.541108 9.547896 9.55963 9.57244 9.586263 9.599081 9.590614 9.566928 9.576467 9.597581 9.623114 9.634769 9.638296 9.630139 9.62115 9.612969 9.590708 9.575437 9.570035 9.561502 9.540117 9.50381 9.437366 9.333017 9.298075 9.346056 9.491455 9.720674 10.03874 10.38594 10.66162 10.72642 10.48518 10.15954 10.0123 10.02707 10.23029 10.57969 10.98263 11.4048 11.83748 12.24614 12.51309 12.47971 12.0611 11.51295 11.05658 10.86172 10.90947 11.05403
9.487988 9.500899 9.510922 9.520593 9.531795 9.536512 9.533362 9.536647 9.539781 9.546188 9.551139 9.54913 9.544839 9.546594 9.544827 9.546818 9.556975 9.570827 9.584309 9.586091 9.570301 9.569251 9.571429 9.584062 9.601188 9.596124 9.593537 9.588929 9.578124 9.56316 9.55011 9.543145 9.531281 9.509704 9.473979 9.395175 9.290981 9.210196 9.249372 9.39763 9.644334 9.959444 10.30618 10.64113 10.83342 10.7534 10.49698 10.34167 10.31299 10.4067 10.69299 11.03535 11.42142 11.82484 12.19787 12.47622 12.47785 12.12011 11.58122 11.05931 10.69626 10.62564 10.73744
9.507939 9.511435 9.518858 9.515378 9.514019 9.520976 9.527267 9.531331 9.533974 9.530355 9.524857 9.525726 9.524423 9.520853 9.520477 9.526012 9.533687 9.541741 9.557266 9.564068 9.57234 9.572325 9.57464 9.559097 9.545593 9.541301 9.547093 9.547993 9.541451 9.533096 9.520756 9.516025 9.502148 9.480145 9.445433 9.373087 9.232664 9.114813 9.142064 9.287177 9.545237 9.852592 10.19615 10.54526 10.80254 10.84859 10.6971 10.56937 10.56485 10.6401 10.82325 11.12593 11.4653 11.83768 12.18074 12.44938 12.4886 12.19584 11.67362 11.10257 10.61094 10.37516 10.37083
9.536495 9.536394 9.537018 9.52868 9.50659 9.500712 9.509112 9.514371 9.513703 9.511747 9.505489 9.497353 9.493385 9.492102 9.4966 9.502969 9.506192 9.513257 9.522988 9.538832 9.553234 9.568931 9.579062 9.570127 9.522949 9.496552 9.497239 9.502336 9.503076 9.493441 9.487802 9.480035 9.46984 9.450561 9.41346 9.346228 9.21392 9.066154 9.044722 9.159055 9.39257 9.679854 9.997658 10.34151 10.61721 10.73697 10.6825 10.59332 10.65058 10.76283 10.9262 11.16457 11.43316 11.74654 12.07101 12.33272 12.42746 12.22671 11.78833 11.22036 10.67443 10.27039 10.08344
9.553135 9.559898 9.566754 9.567819 9.525103 9.484613 9.482148 9.496809 9.503572 9.508702 9.511835 9.497774 9.48418 9.477348 9.479592 9.484506 9.488178 9.486039 9.487653 9.50225 9.522226 9.540945 9.555629 9.555131 9.52272 9.490589 9.475684 9.466135 9.453605 9.444672 9.445362 9.438752 9.422736 9.41047 9.380547 9.314892 9.199417 9.053027 8.97869 9.032598 9.203236 9.467684 9.76575 10.0947 10.3722 10.51796 10.52287 10.48428 10.54553 10.68403 10.82609 11.00498 11.25115 11.53291 11.85391 12.13186 12.2742 12.17012 11.82929 11.34879 10.84006 10.35418 10.00773
9.561044 9.57182 9.58295 9.590561 9.572407 9.521903 9.479993 9.477794 9.490667 9.506207 9.518675 9.51131 9.484332 9.47223 9.474259 9.478676 9.474744 9.470534 9.470061 9.464636 9.483451 9.498631 9.511767 9.511279 9.498342 9.471224 9.451877 9.433493 9.422167 9.400725 9.397914 9.398623 9.382666 9.368654 9.34475 9.288153 9.189004 9.071145 8.971548 8.968137 9.073092 9.308307 9.588371 9.871526 10.1318 10.28195 10.33793 10.34451 10.39277 10.51153 10.64212 10.81264 11.06288 11.36593 11.69031 11.9663 12.09667 12.0087 11.78768 11.43782 11.01292 10.55789 10.13689
9.564125 9.574185 9.588425 9.598036 9.603 9.562947 9.515246 9.492513 9.489257 9.497329 9.503851 9.500084 9.491278 9.484843 9.482327 9.479929 9.47228 9.469318 9.459136 9.445189 9.449635 9.465563 9.467311 9.467023 9.451345 9.437198 9.420847 9.398405 9.365934 9.343684 9.333812 9.334589 9.324143 9.298321 9.298592 9.255711 9.165415 9.075869 9.020732 8.994947 9.040807 9.218723 9.462995 9.714288 9.963298 10.15186 10.27567 10.3515 10.41647 10.52234 10.65662 10.81363 11.0274 11.32078 11.62996 11.89305 11.98361 11.8639 11.67212 11.42266 11.13701 10.80009 10.42604
9.559217 9.573619 9.596428 9.608749 9.609462 9.592901 9.553884 9.530071 9.515851 9.491512 9.484347 9.483412 9.482995 9.483315 9.481354 9.471064 9.465647 9.464252 9.461186 9.448251 9.450071 9.458686 9.463873 9.458358 9.429399 9.41291 9.401369 9.369599 9.328547 9.291769 9.271456 9.262305 9.236073 9.212152 9.226073 9.197871 9.121503 9.044807 9.018714 9.037527 9.085582 9.203579 9.400056 9.657823 9.919773 10.14177 10.2968 10.41687 10.52569 10.64025 10.77472 10.93643 11.11509 11.34353 11.62455 11.88115 11.96661 11.84812 11.59693 11.33967 11.1077 10.88461 10.64849
9.55011 9.563859 9.577116 9.602704 9.608414 9.59886 9.583169 9.56733 9.556509 9.512788 9.460564 9.458949 9.461668 9.463614 9.460908 9.451262 9.449578 9.450482 9.454054 9.450156 9.456027 9.456034 9.462569 9.455935 9.43173 9.410999 9.38737 9.354403 9.316692 9.279028 9.239107 9.216102 9.177731 9.138509 9.138786 9.106043 9.045294 8.982662 8.957177 8.996582 9.075399 9.20009 9.373075 9.592195 9.843889 10.08379 10.25135 10.37521 10.49298 10.62293 10.7822 10.97873 11.18151 11.38027 11.57742 11.76247 11.91788 11.90163 11.70136 11.41251 11.10598 10.84764 10.6452
9.547524 9.558352 9.567245 9.582761 9.598099 9.59768 9.593903 9.590968 9.58387 9.551077 9.476331 9.438416 9.437214 9.432335 9.432714 9.432998 9.433608 9.428932 9.428371 9.43887 9.440852 9.437678 9.43315 9.427764 9.418594 9.392845 9.368084 9.34393 9.31868 9.288768 9.255238 9.231302 9.185195 9.1141 9.098595 9.059073 8.988761 8.921295 8.874817 8.9035 8.983871 9.099099 9.254138 9.465654 9.708074 9.941216 10.11232 10.24827 10.40413 10.57167 10.74599 10.9353 11.15151 11.33122 11.46114 11.56376 11.72053 11.82209 11.79073 11.62914 11.33158 10.97073 10.65886
9.561117 9.569037 9.57408 9.573956 9.586235 9.597361 9.601563 9.605385 9.593987 9.574203 9.524905 9.457156 9.421245 9.416928 9.417093 9.425048 9.429495 9.422355 9.409997 9.409711 9.415154 9.419898 9.418139 9.418566 9.41443 9.384437 9.366214 9.351855 9.327159 9.296493 9.250092 9.214245 9.190814 9.139063 9.100235 9.052628 8.971515 8.880193 8.806538 8.797664 8.850091 8.943772 9.085708 9.270424 9.502864 9.742805 9.953561 10.17001 10.37224 10.57261 10.76523 10.92168 11.06407 11.20368 11.3036 11.34826 11.42027 11.52887 11.61008 11.67032 11.58311 11.29211 10.91983
9.56469 9.580584 9.59456 9.583998 9.584678 9.600358 9.609997 9.612716 9.607285 9.590714 9.549316 9.501746 9.449569 9.423498 9.41784 9.426612 9.44261 9.451585 9.429049 9.408052 9.413219 9.419226 9.427198 9.433619 9.425339 9.403506 9.391398 9.372035 9.354061 9.312336 9.256437 9.193845 9.146611 9.114031 9.07464 9.023037 8.941972 8.847931 8.765381 8.732633 8.750414 8.822404 8.964821 9.122965 9.333306 9.591713 9.841308 10.0883 10.33328 10.56962 10.78817 10.92195 10.94585 11.05174 11.19298 11.19853 11.16031 11.18804 11.25265 11.41788 11.58835 11.55545 11.30323
9.556262 9.5761 9.590718 9.592431 9.591888 9.599339 9.616379 9.622911 9.615156 9.599664 9.56455 9.522161 9.473161 9.440026 9.43098 9.428891 9.434236 9.453519 9.450841 9.433575 9.435267 9.436672 9.439503 9.444592 9.440605 9.430385 9.424175 9.409279 9.379449 9.349577 9.297842 9.227289 9.131785 9.081173 9.048701 8.975647 8.882688 8.803212 8.741465 8.689879 8.684498 8.741639 8.864578 9.024997 9.225095 9.475527 9.730711 9.99087 10.25558 10.51537 10.75128 10.89008 10.85439 10.88909 11.07617 11.17609 11.06251 10.92616 10.87841 11.0165 11.29498 11.51754 11.50863
9.549874 9.564749 9.58475 9.592691 9.59715 9.600651 9.608633 9.619332 9.614086 9.601353 9.570565 9.527606 9.497375 9.467217 9.451495 9.43899 9.423496 9.429484 9.439967 9.44068 9.450971 9.459168 9.45086 9.449271 9.452322 9.451031 9.449683 9.442102 9.428344 9.407066 9.370148 9.295852 9.202332 9.13466 9.095262 9.00583 8.87775 8.782092 8.73212 8.687842 8.636447 8.630705 8.71606 8.861776 9.058365 9.312012 9.586248 9.841111 10.12129 10.41546 10.69549 10.85369 10.78851 10.73033 10.90773 11.16058 11.1404 10.90392 10.65654 10.64214 10.90057 11.23098 11.42248
9.550044 9.567303 9.580859 9.588382 9.597431 9.606172 9.608012 9.607124 9.604891 9.594294 9.573999 9.543099 9.512045 9.490556 9.480919 9.467918 9.439821 9.422499 9.425124 9.428863 9.436532 9.466139 9.467812 9.460315 9.46406 9.464429 9.465381 9.469837 9.477832 9.470107 9.435432 9.363866 9.281589 9.244932 9.220783 9.135028 8.983451 8.849909 8.771263 8.751117 8.695763 8.617035 8.609362 8.698917 8.873368 9.10347 9.373786 9.642862 9.950643 10.28656 10.61902 10.81381 10.74252 10.6141 10.71133 11.03142 11.21906 11.05042 10.69406 10.45066 10.56483 10.89706 11.19931
9.559787 9.56936 9.57865 9.59026 9.601674 9.60877 9.60964 9.604646 9.601026 9.590554 9.578783 9.555143 9.527134 9.504235 9.493802 9.491349 9.466424 9.440084 9.433866 9.427259 9.418684 9.425096 9.449882 9.456515 9.461293 9.473066 9.478859 9.492496 9.522015 9.551834 9.525385 9.440546 9.349087 9.329177 9.33467 9.295498 9.160483 8.97299 8.829841 8.828074 8.819156 8.743427 8.670439 8.656178 8.764615 8.948176 9.181164 9.448327 9.789947 10.141 10.48144 10.70405 10.68588 10.51868 10.53571 10.83199 11.14591 11.15531 10.82375 10.46915 10.36069 10.63135 11.01773
9.560372 9.575061 9.589091 9.597185 9.60742 9.610648 9.607347 9.604801 9.597222 9.58836 9.578163 9.560744 9.541881 9.513491 9.4879 9.485397 9.478594 9.464912 9.454735 9.453769 9.430542 9.406514 9.425487 9.438606 9.447338 9.460725 9.470851 9.496157 9.552362 9.610822 9.623538 9.540735 9.425161 9.402817 9.414584 9.427994 9.333337 9.130881 8.907878 8.85648 8.89628 8.877615 8.822221 8.769816 8.788564 8.91557 9.069342 9.281616 9.585728 9.940379 10.29883 10.56646 10.58438 10.43591 10.3929 10.65602 11.0061 11.11745 10.86801 10.51717 10.29938 10.45818 10.86683
