py_wake/examples/data/AJ_ParqueFicticio/Rough survey   Sector 1   Height 30m   Orographic turn.grd
DSAA
73  159
 258469   265669
 6501692   6517492
-136.9426   66.49902
[rows 54 to 80 of 159, columns 0 to 61 of 73]
-3.02112 -2.605282 -2.338281 -2.321725 -2.150313 -1.859805 -1.898333 -2.163477 -2.423599 -2.54059 -2.604625 -2.567093 -2.562465 -2.451347 -2.359697 -2.759114 -2.693091 -2.063486 -1.719383 -1.381615 -.6908227 -1.409802 -3.335067 -2.392148 -1.574105 -1.928147 -2.015577 -2.415142 -4.014058 -4.347396 -3.045948 .5207449 1.137554 1.314538 1.460568 2.17303 5.784437 11.69946 12.74136 9.312676 9.376932 14.31491 18.30183 21.9492 22.10243 20.52212 18.86124 15.73001 13.22999 12.20808 9.788545 5.353422 3.801256 4.622201 2.946433 -4.593143 -10.30604 -9.784149 -5.146194 2.947367 1.953494 -6.362763
-2.432652 -2.306693 -2.233076 -2.125501 -2.062693 -1.769425 -1.946324 -2.222646 -2.370327 -2.463942 -2.483933 -2.47178 -2.539341 -2.29838 -1.98214 -2.657675 -2.340799 -2.074864 -1.8798 -1.800066 -1.404642 -1.581964 -2.367167 -1.865803 -1.430833 -1.966721 -1.96567 -2.671589 -5.307687 -5.706576 -3.747754 1.581643 2.949443 2.718458 2.892472 2.503979 3.971354 7.873237 12.26095 10.53132 9.37519 9.50603 13.13798 17.40444 19.69317 20.57726 21.14218 20.25473 16.07896 12.06481 8.325911 5.372169 3.176177 2.548532 .9407369 -3.96051 -7.507449 -6.602516 -6.096843 -2.709209 .2517036 -4.605298
-1.811081 -2.503636 -2.186857 -1.874944 -1.755576 -1.630105 -2.054718 -2.401918 -2.477224 -2.526286 -2.464507 -2.508139 -2.766941 -2.570475 -2.289313 -2.289467 -2.277293 -2.078398 -2.086741 -2.234072 -2.690307 -2.169717 -1.558718 -1.483656 -1.493392 -1.680549 -1.91386 -2.520566 -3.550261 -4.322434 -1.710171 1.517383 3.703242 3.980354 3.768562 4.144062 4.028546 6.593856 10.21032 11.42074 11.70168 9.324778 11.52181 12.52585 15.22104 17.55005 20.30062 20.38601 17.56486 11.7153 9.002556 4.944901 2.977505 .1686779 -3.167694 -3.611264 -4.182012 -4.455533 -4.285944 -4.627949 -4.300296 -2.77393
-1.264388 -2.946723 -2.164658 -1.373527 -1.368996 -2.072206 -2.43987 -2.693514 -2.744151 -2.58244 -2.440859 -2.301797 -2.249593 -3.285709 -2.72963 -2.349668 -2.299258 -2.118951 -1.987079 -2.638737 -2.312283 -1.976502 -1.576831 -1.393346 -1.388164 -1.351943 -1.667132 -1.523116 .2716547 .253895 1.747983 1.382165 2.584507 4.394424 5.071195 4.795825 6.11993 6.285087 9.026787 11.09427 11.85504 11.60133 9.778625 10.57956 12.98366 15.40334 17.92402 18.21198 17.7888 14.36342 10.81497 5.653864 1.645652 -1.837045 -2.994132 -1.866023 -4.628314 -5.024014 -7.13175 -4.384451 -2.941236 -3.333582
-1.758139 -3.109207 -2.019371 -.689248 -.3803038 -2.166575 -2.728258 -3.031896 -2.962676 -2.661187 -2.367869 -2.158966 -2.109322 -3.037753 -2.788307 -2.435951 -2.300472 -2.197843 -2.300978 -2.624658 -2.086542 -1.879606 -1.5911 -1.167064 -1.33525 -1.508838 -1.430815 .1300767 2.950254 4.839509 2.406228 3.038148 3.864718 4.238163 4.864182 5.689261 6.091308 7.48506 8.979568 11.30696 12.24459 12.20053 10.61059 9.566763 12.08342 14.59864 15.67395 17.12137 17.49136 15.9381 12.29373 6.366129 .609625 -2.148881 -.2401544 -.6425303 -3.644987 -7.82542 -9.5117 -7.174618 -2.888552 -2.18968
-3.232192 -2.472764 -1.651922 -.4807577 .5570723 -.7122806 -2.711383 -3.288047 -3.086556 -2.73639 -2.35686 -1.930198 -1.918733 -2.911511 -2.739161 -2.410826 -2.216149 -2.277874 -2.411613 -2.340715 -1.996926 -1.485729 -1.553599 -1.350835 -1.354995 -1.816734 -1.593688 -.5107035 2.316702 7.018192 6.952935 5.234777 5.602635 7.555684 7.430668 8.881535 8.827114 8.679283 9.549525 11.4302 12.85796 11.47718 10.31998 9.313644 9.801877 12.17337 13.63273 15.43191 20.1343 21.70185 14.49861 6.880559 .4564429 -.3304786 1.049485 1.079796 -3.165812 -6.679341 -8.759864 -9.328629 -6.071837 -2.853408
-3.23229 -2.218482 -1.172941 -.9867232 -.02759838 .2143022 -1.492557 -3.418248 -3.136454 -2.720176 -2.363157 -2.040117 -1.888293 -2.689927 -2.429682 -2.099322 -2.077948 -2.254196 -2.332254 -2.064921 -1.911979 -1.219318 -1.458741 -1.300301 -1.316095 -2.211043 -2.114685 -2.444176 .3783821 3.352329 7.091194 7.128211 6.636225 8.340938 11.86555 12.99901 12.50303 11.89795 11.0609 12.09625 13.40492 11.96967 9.692532 9.512412 8.380254 9.654076 9.750334 11.80527 17.30603 22.52138 18.83897 8.92574 -.1547328 -.466945 3.921796 2.679329 -2.55136 -5.142433 -7.718747 -9.369781 -9.227841 -4.633523
-2.640355 -1.646462 -1.017057 -2.334184 -3.029059 -1.968337 -1.829655 -2.944334 -2.802527 -2.596459 -2.404577 -2.325002 -2.310668 -1.942034 -1.804913 -1.646208 -1.604475 -2.25245 -2.175917 -1.918987 -1.619214 -1.108087 -1.093528 -1.17159 -1.346671 -1.720575 -1.59464 -1.638182 -.4488918 2.179843 3.542145 5.128113 6.428267 8.875601 12.79854 13.86376 13.67709 13.34379 13.29113 12.8692 12.777 13.13228 13.75622 9.866255 9.423179 8.134445 7.556783 7.334389 11.72837 18.71741 20.80363 15.48208 2.361804 .646133 2.578103 6.303193 -.5519788 -5.047775 -7.60573 -9.95702 -9.835011 -5.83045
-2.150004 -1.549929 -2.346623 -3.217599 -3.875741 -4.06805 -3.316065 -2.488153 -2.476552 -2.418888 -2.464247 -2.321853 -2.00453 -1.587568 -1.493715 -1.380697 -1.201605 -2.218536 -1.886306 -1.307577 -1.588444 -1.50652 -1.054462 -.9778599 -1.104802 -.5251911 -.3374339 .07114986 -.1953008 .1053463 2.326903 3.725502 5.215862 6.955966 9.85104 13.2045 13.87119 13.98654 14.24277 13.14239 12.88391 13.53649 13.77182 12.71874 8.525919 8.582426 8.494704 7.015419 5.678098 8.846214 15.92046 18.11122 7.368577 1.66466 3.537117 6.873164 3.504448 -5.073686 -7.800014 -10.45391 -10.66824 -10.30297
-1.521947 -2.384942 -3.219126 -3.713705 -4.011615 -3.851172 -3.228444 -2.627692 -2.371281 -2.206029 -2.355592 -2.095022 -1.758187 -1.565346 -1.442701 -1.414055 -1.478624 -1.863232 -1.504798 -.804938 -1.877226 -1.851642 -1.019488 -.3783614 -.3502898 .6353262 1.312359 1.341936 1.069291 1.089907 2.272447 1.798598 2.86122 4.589293 8.023402 12.47892 13.34456 13.67655 14.11409 14.17706 14.34114 14.73755 13.86299 12.26564 10.79806 8.305698 9.018484 7.700384 5.109233 1.360015 4.573593 15.40868 18.72891 8.995614 2.711519 4.233916 6.894178 -4.046825 -8.749031 -11.54463 -12.32067 -11.28449
-1.125413 -2.804411 -3.662938 -4.001678 -4.024158 -3.8895 -3.349153 -2.810779 -2.170598 -1.989973 -2.093007 -2.004225 -1.77302 -1.604461 -1.620062 -1.588551 -1.877011 -1.389197 -1.056986 -1.145177 -1.885481 -1.81199 -1.084174 -.06670916 .8699974 2.40198 1.906797 2.886346 3.1992 2.463835 1.62358 1.414668 1.950356 3.733207 7.045919 8.61397 11.29146 12.07199 12.79815 13.80835 14.34619 13.79942 15.26867 16.29448 11.92624 10.22242 7.675767 7.047566 4.75334 .7161027 .5692843 10.51521 20.27285 17.51735 5.233736 .9765317 1.570881 -4.244607 -11.71733 -13.52738 -14.81951 -10.55968
-.9909809 -2.660929 -3.859689 -4.215155 -4.236758 -4.005833 -3.68878 -3.030231 -1.931286 -1.828133 -2.073059 -1.908825 -1.723403 -1.674132 -1.796763 -1.838635 -1.683987 -1.077418 -.984781 -1.234732 -1.375819 -1.352469 -.8289872 .2651526 1.296852 2.327603 3.172611 5.144079 5.761146 4.802837 3.018414 1.682361 1.713618 3.300501 6.0036 6.877178 8.284311 10.80622 11.88022 12.0415 12.4761 12.79346 15.16992 17.40214 15.58372 10.54373 7.796418 6.723063 6.429532 2.413314 -2.265535 1.8344 11.37225 19.44507 12.05624 .353332 -5.859451 -8.527448 -14.61614 -18.84023 -11.85686 -4.685167
-1.334969 -2.284719 -3.908329 -4.386371 -4.339855 -4.174016 -3.793448 -3.331917 -3.23477 -2.464418 -2.004887 -1.952871 -1.890891 -1.885024 -2.012776 -1.904896 -1.253674 -.746827 -.7836888 -.9916871 -.9217424 -.6003693 -.4594345 -.1920011 .3596279 1.124252 3.201991 5.097422 6.784896 7.171036 5.672659 4.706068 3.504729 3.307145 4.915753 5.450266 5.887722 8.669101 10.89772 11.10784 12.09729 11.78287 15.13285 18.15457 18.95481 15.2133 8.511487 6.458728 8.074993 6.369063 -1.532225 -1.357852 2.217224 9.299335 14.20737 4.04136 -7.622756 -11.20484 -15.5396 -17.33805 -9.613757 -5.550488
-1.621856 -2.369377 -3.727631 -4.35745 -4.538356 -4.157867 -3.755631 -3.476399 -3.086935 -2.815642 -2.34918 -2.096169 -2.079928 -2.160408 -2.120561 -1.703717 -.9967462 -.527705 -.2008513 -.3212624 .0644624 -.3792292 -1.455283 -1.391098 -1.273417 -.06501637 3.694492 4.734671 6.119361 7.099697 6.918543 6.565782 6.277733 4.9787 4.272594 4.705945 4.255143 4.808881 8.505288 9.266875 11.50394 14.45014 16.91231 19.6786 20.92278 15.68081 11.14013 8.044944 7.062171 5.047387 3.983321 -.295756 -1.32214 .05415202 5.597056 5.996681 -1.179261 -11.46257 -12.97613 -13.59158 -12.65154 -8.501928
-1.53817 -2.349068 -3.752929 -4.36137 -4.548844 -4.130734 -3.635384 -3.445307 -3.155812 -2.917158 -2.627518 -2.330579 -2.204559 -2.601519 -2.189194 -1.563053 -.8551971 -.2576441 .02364145 .157722 .5086384 -.394626 -2.720417 -2.598895 -2.656305 .3376191 2.152372 3.930185 5.21709 6.931235 7.86013 8.222306 7.656379 6.305708 4.833496 4.938527 4.227495 2.451044 4.124236 6.285771 6.800392 12.10135 17.57045 19.66914 20.32411 18.40029 17.73164 11.44461 9.009038 7.075087 4.516172 2.162187 1.302747 -1.666845 -1.846926 2.498997 -1.378831 -7.157196 -8.953343 -10.80538 -12.07529 -12.45447
-1.563002 -1.811488 -3.674033 -4.513245 -4.416382 -4.103389 -3.589544 -3.612631 -3.371209 -3.065165 -2.71807 -2.403822 -2.132983 -2.706405 -1.85016 -1.067022 -.2713636 .2209291 .1664475 .06141563 -.1527183 -1.257477 -3.093652 -2.933831 -1.595149 .934871 1.381361 2.115977 3.457752 5.839891 8.325758 9.956395 9.956943 7.729223 7.045253 5.834128 4.665591 3.371065 2.343902 4.043839 6.969732 8.434159 11.03897 14.37068 15.06061 17.66683 18.86705 16.65862 11.98303 11.72769 12.44329 5.402749 -.3572665 -3.510427 -4.752346 -5.696094 -1.235092 -3.92819 -6.294698 -8.350436 -11.24545 -13.18473
-1.742945 -1.47876 -2.594463 -4.167066 -3.672956 -3.760259 -3.96006 -4.058945 -3.764061 -3.393277 -2.870581 -2.257678 -1.921719 -2.012104 -1.04394 -.1826686 -.1017795 .06035997 -.01529695 -.13712 -.782584 -2.025667 -2.312804 -1.932451 .03922483 .3343996 .6370594 .8638092 2.139018 4.471824 5.459822 8.554086 11.21057 10.68899 9.81321 7.415653 5.814784 4.039587 2.782545 2.772676 4.858242 7.918873 8.320923 8.701582 10.04006 13.96634 15.28866 14.05336 11.11826 12.88616 17.76229 10.12217 -1.325053 -2.750581 -3.739607 -3.308967 -2.349166 -2.035583 -3.648413 -6.858116 -9.696527 -10.93268
-2.328305 -2.012614 -1.815531 -2.797504 -1.833401 -3.288963 -4.498197 -4.682597 -4.389672 -3.809943 -2.969974 -2.476881 -1.716182 -.6365408 .08818715 .03177609 -.9554577 -.6652806 -.322138 -.3534799 -.6216646 -1.193859 -.7319054 -1.078732 .603306 -.1588009 .04599849 .3575314 .5340186 .8038976 3.368408 7.24332 9.892322 12.38303 11.09283 8.935961 7.461689 5.499322 4.664299 4.802135 4.93645 6.494841 7.365301 6.266201 7.106228 9.229498 10.9766 10.84186 7.991792 7.156054 6.542851 6.763745 2.044972 4.879096 10.11739 5.065076 1.336092 -.0541202 -1.933428 -4.886986 -7.897895 -9.09715
-2.842631 -3.046297 -2.643777 -1.324919 -.9795251 -2.014018 -4.889207 -5.175693 -4.579041 -3.432006 -2.972078 -2.300254 -1.384799 -.4938468 .6347603 .08928917 -1.542994 -1.331652 -.8116464 -.4258932 -.2195492 -.5815829 .2731402 .1164589 -.7256683 -.2121031 -.9757437 -1.14984 -1.877108 1.304801 3.896506 7.022904 10.94642 12.37148 11.89334 11.23276 8.86303 6.880014 5.705179 5.544352 4.74685 5.059622 4.673425 5.887461 6.881066 7.377074 8.614658 8.459194 5.915553 3.408895 -.6293198 -2.191628 -1.21097 .7812645 12.34407 13.19932 11.07666 3.860726 .4688397 -2.458226 -6.247121 -7.047848
-3.172298 -2.949651 -2.190819 -1.848161 -1.575515 -1.670743 -4.392953 -4.790388 -3.755527 -3.345203 -2.893183 -2.37598 -1.567772 -.7649465 .439836 .5088173 -1.931712 -1.768008 -1.211442 -.5968521 -.1357411 -.2963057 1.059345 .9705592 .2669723 .4076496 -.9883333 -2.040112 -1.467779 1.191998 4.293268 5.644878 9.883912 11.32425 11.14864 10.64379 9.833703 9.105998 8.101564 6.502841 5.543643 4.296002 2.565056 4.133318 5.171782 6.734865 8.357705 7.54261 6.860523 3.351823 1.470926 -1.552571 -1.79353 -2.14521 .8691676 8.686131 11.90565 11.4887 4.901073 .9098339 -1.091317 -4.092701
-3.331624 -3.0289 -2.579548 -2.616528 -2.330301 -1.391375 -3.38288 -3.350181 -2.898031 -3.334756 -2.932428 -2.542549 -2.192274 -1.447895 .3325029 .5063152 -1.728302 -1.864329 -1.580294 -1.224184 -.7882018 .5066178 1.46466 1.673019 1.629334 1.443004 .505726 -.3641112 -.3623526 2.688472 3.914501 5.157106 6.670168 9.275551 9.641285 9.302877 10.16778 10.53211 10.15183 9.387956 7.867342 3.524389 2.696332 3.400949 3.029482 4.21538 6.251449 7.178176 6.120176 4.754825 3.88695 1.747534 -.6064947 -.9911705 -1.784892 -.6312069 7.576065 13.35094 12.87396 6.020949 2.729749 .5095966
-3.538099 -3.128702 -2.827236 -3.079824 -3.905621 -3.977739 -2.52914 -1.717428 -2.19767 -3.266019 -3.094565 -2.731628 -2.322534 -2.850111 -2.679662 -1.083001 -1.354467 -1.350187 -1.642647 -2.126143 -.7948796 .7286756 1.800108 2.571371 2.101368 2.307659 2.164925 2.802526 2.37325 2.979076 4.688768 6.819108 7.606505 7.227755 8.589509 8.636973 8.829694 10.44024 10.13767 9.129735 8.222717 5.877171 4.872261 .9429596 2.64483 -1.560885 2.422298 2.277711 7.058195 6.769818 4.734306 6.376122 6.320397 2.984 -5.03951 -7.317959 4.197295 13.96274 16.77763 12.21709 7.471594 2.755721
-3.64863 -3.175255 -2.808161 -2.91264 -4.432378 -4.00795 -2.68768 -1.885324 -2.421577 -3.134732 -3.063771 -2.809841 -2.471595 -3.488445 -3.771131 -2.690078 -1.474741 -1.130764 -1.373115 -2.020661 -1.102417 -.4419878 1.297367 2.413908 2.197246 2.284501 2.296722 3.716723 4.525683 5.342754 6.773364 7.939732 8.364374 7.957643 8.575095 8.827621 8.258459 9.763437 9.396609 7.058616 6.1776 4.7122 .09857665 -2.521629 -5.349662 -3.429237 -.3041247 6.128905 9.395575 8.244352 5.469365 3.58955 1.233479 -2.828657 -9.31423 -5.987469 7.697124 13.58002 20.82567 22.09615 12.93396 4.966743
-3.512454 -3.249943 -2.879044 -2.804122 -4.539104 -4.120502 -3.19086 -2.350002 -2.724183 -2.95011 -2.884845 -2.94109 -2.989025 -3.188161 -3.239655 -2.46489 -1.895202 -1.281898 -1.314814 -1.610186 -.7807082 -.7211804 .4555931 2.087594 1.871998 .7824382 .647495 1.474554 4.835505 8.089746 10.02629 9.606248 9.747011 9.142264 8.424539 8.738565 9.349492 8.54301 7.230774 7.89606 5.638919 .01767044 -1.904304 -3.414125 -4.255417 -.7756268 .007578976 2.764352 7.348058 10.27228 4.9003 1.138241 -3.802623 -7.68176 -5.683939 -1.266475 2.14284 9.850282 11.88933 17.08631 16.63218 8.010894
-3.567098 -3.528554 -3.249119 -3.215868 -4.773084 -4.564436 -3.774818 -3.088068 -2.788324 -2.588718 -2.520894 -2.621227 -3.293143 -3.289503 -3.143356 -2.689179 -2.214872 -1.72701 -1.733132 -.8537668 .6302395 -.5905645 .8088889 .7997651 .204443 -1.246255 -.7399107 .2929543 5.377705 10.37833 12.64513 11.84391 10.92063 8.947201 7.399832 6.933671 7.212761 7.272382 4.005586 5.346471 2.315926 -1.524013 -1.610459 -.5757233 2.405525 3.508554 1.855351 .9312603 .5966836 1.384535 3.202312 .3300895 -1.911489 -3.095247 -1.355588 .6733087 1.16135 4.544337 7.219767 8.213831 7.001837 7.017833
-3.944729 -3.931149 -3.840708 -4.253096 -4.81696 -4.538196 -4.037757 -3.12445 -2.499264 -2.404891 -2.174991 -2.264416 -3.589329 -3.659383 -3.289412 -3.058147 -3.024136 -3.111417 -1.955791 -.3227338 .4195289 .8655368 1.078984 -.2373067 -.4950767 -1.227753 -1.421545 .7925905 6.317121 12.27491 12.97133 11.72507 11.27281 8.411051 8.030866 8.096651 6.955304 4.893316 1.948507 -.9747368 -3.304928 -2.079099 1.531178 3.954806 5.139587 5.624442 4.468751 2.42468 -2.97692 -2.944064 -.8100131 1.25314 1.418549 1.408699 1.372061 2.865024 2.550493 3.610414 4.209057 3.317349 2.222255 1.269111
-4.500707 -4.639671 -4.493793 -4.766701 -4.085902 -3.896767 -3.466261 -3.249917 -2.907459 -2.748439 -2.32919 -2.078443 -3.77964 -3.448602 -2.850842 -2.829599 -3.507186 -3.052465 -2.133161 -.9121439 -.02628871 .931725 .7716517 .2889334 -.005864047 .4277182 1.063186 2.896508 6.522027 10.15375 11.55052 10.56816 9.538435 7.941689 8.088803 8.508857 6.815268 2.867976 -.2008609 -2.010865 -2.802156 .6485364 5.648953 6.19106 5.504856 5.033141 4.299653 2.29682 -.7891831 -1.497272 -.4911835 1.261181 2.859638 3.264853 3.250885 2.938119 4.534694 3.953458 2.590209 1.199762 .5120777 -.9519251
