py_wake/examples/data/AJ_ParqueFicticio/Rough survey   Sector 3   Height 200m   Weibull-k.grd
DSAA
73  159
 258469   265669
 6501692   6517492
 2.462891   2.986328
[rows 112 to 139 of 159, columns 0 to 62 of 73]
2.943359 2.943359 2.919922 2.880859 2.857422 2.837891 2.810547 2.783203 2.759766 2.740234 2.724609 2.716797 2.716797 2.736328 2.755859 2.779297 2.787109 2.787109 2.798828 2.822266 2.826172 2.826172 2.822266 2.814453 2.802734 2.802734 2.814453 2.845703 2.935547 2.943359 2.943359 2.943359 2.943359 2.943359 2.943359 2.896484 2.830078 2.810547 2.802734 2.798828 2.798828 2.806641 2.822266 2.849609 2.876953 2.900391 2.916016 2.919922 2.912109 2.884766 2.841797 2.814453 2.806641 2.810547 2.818359 2.818359 2.814453 2.814453 2.818359 2.837891 2.880859 2.916016 2.939453
2.943359 2.943359 2.916016 2.876953 2.849609 2.830078 2.814453 2.787109 2.767578 2.748047 2.736328 2.728516 2.736328 2.751953 2.775391 2.787109 2.787109 2.787109 2.798828 2.822266 2.833984 2.841797 2.841797 2.830078 2.810547 2.798828 2.810547 2.841797 2.927734 2.943359 2.943359 2.943359 2.943359 2.943359 2.943359 2.896484 2.826172 2.806641 2.802734 2.802734 2.802734 2.806641 2.818359 2.837891 2.865234 2.888672 2.904297 2.912109 2.904297 2.876953 2.837891 2.810547 2.806641 2.818359 2.822266 2.822266 2.818359 2.814453 2.814453 2.822266 2.857422 2.896484 2.923828
2.943359 2.943359 2.908203 2.873047 2.841797 2.826172 2.810547 2.794922 2.775391 2.759766 2.748047 2.748047 2.755859 2.771484 2.791016 2.798828 2.798828 2.794922 2.806641 2.818359 2.833984 2.853516 2.861328 2.849609 2.822266 2.802734 2.806641 2.837891 2.908203 2.943359 2.943359 2.943359 2.943359 2.943359 2.943359 2.892578 2.822266 2.806641 2.806641 2.810547 2.810547 2.806641 2.814453 2.830078 2.849609 2.869141 2.884766 2.892578 2.888672 2.865234 2.833984 2.810547 2.806641 2.818359 2.826172 2.822266 2.818359 2.814453 2.814453 2.818359 2.833984 2.869141 2.896484
2.943359 2.943359 2.919922 2.876953 2.845703 2.826172 2.810547 2.794922 2.779297 2.771484 2.763672 2.763672 2.775391 2.798828 2.798828 2.798828 2.798828 2.798828 2.806641 2.818359 2.833984 2.849609 2.865234 2.861328 2.830078 2.806641 2.806641 2.833984 2.880859 2.923828 2.931641 2.943359 2.943359 2.943359 2.935547 2.865234 2.814453 2.806641 2.814453 2.818359 2.814453 2.810547 2.814453 2.818359 2.833984 2.849609 2.861328 2.869141 2.869141 2.853516 2.830078 2.810547 2.806641 2.814453 2.822266 2.822266 2.818359 2.814453 2.814453 2.814453 2.822266 2.841797 2.865234
2.943359 2.943359 2.943359 2.896484 2.853516 2.830078 2.806641 2.787109 2.779297 2.771484 2.771484 2.783203 2.798828 2.798828 2.798828 2.802734 2.802734 2.802734 2.806641 2.814453 2.826172 2.837891 2.853516 2.857422 2.837891 2.810547 2.802734 2.822266 2.845703 2.857422 2.857422 2.857422 2.869141 2.876953 2.857422 2.830078 2.810547 2.806641 2.814453 2.822266 2.822266 2.814453 2.810547 2.810547 2.818359 2.826172 2.833984 2.841797 2.841797 2.833984 2.822266 2.810547 2.810547 2.814453 2.818359 2.822266 2.818359 2.814453 2.814453 2.814453 2.818359 2.826172 2.837891
2.943359 2.943359 2.943359 2.923828 2.861328 2.818359 2.791016 2.775391 2.767578 2.767578 2.779297 2.794922 2.798828 2.798828 2.802734 2.802734 2.802734 2.802734 2.806641 2.814453 2.818359 2.826172 2.830078 2.833984 2.830078 2.814453 2.802734 2.810547 2.818359 2.822266 2.822266 2.822266 2.826172 2.830078 2.822266 2.814453 2.806641 2.802734 2.806641 2.814453 2.814453 2.806641 2.806641 2.806641 2.810547 2.810547 2.814453 2.814453 2.818359 2.818359 2.814453 2.810547 2.810547 2.814453 2.818359 2.822266 2.822266 2.818359 2.814453 2.814453 2.814453 2.814453 2.818359
2.919922 2.919922 2.916016 2.892578 2.826172 2.787109 2.763672 2.751953 2.751953 2.759766 2.771484 2.794922 2.798828 2.798828 2.798828 2.798828 2.798828 2.798828 2.802734 2.806641 2.806641 2.810547 2.810547 2.810547 2.810547 2.814453 2.806641 2.806641 2.806641 2.810547 2.810547 2.810547 2.810547 2.810547 2.810547 2.814453 2.810547 2.798828 2.798828 2.802734 2.806641 2.802734 2.810547 2.826172 2.830078 2.830078 2.826172 2.818359 2.814453 2.814453 2.814453 2.814453 2.818359 2.822266 2.822266 2.826172 2.822266 2.822266 2.818359 2.818359 2.818359 2.818359 2.814453
2.880859 2.880859 2.876953 2.818359 2.771484 2.744141 2.732422 2.732422 2.740234 2.748047 2.763672 2.783203 2.798828 2.798828 2.802734 2.802734 2.802734 2.802734 2.802734 2.802734 2.802734 2.802734 2.802734 2.802734 2.802734 2.806641 2.810547 2.810547 2.810547 2.806641 2.806641 2.806641 2.806641 2.806641 2.810547 2.814453 2.802734 2.779297 2.775391 2.798828 2.798828 2.806641 2.830078 2.876953 2.904297 2.912109 2.908203 2.888672 2.861328 2.837891 2.826172 2.822266 2.826172 2.826172 2.830078 2.830078 2.833984 2.833984 2.837891 2.845703 2.861328 2.869141 2.861328
2.861328 2.857422 2.794922 2.748047 2.720703 2.712891 2.712891 2.724609 2.736328 2.744141 2.755859 2.771484 2.787109 2.798828 2.802734 2.810547 2.818359 2.826172 2.833984 2.826172 2.814453 2.806641 2.806641 2.806641 2.806641 2.806641 2.806641 2.810547 2.814453 2.810547 2.806641 2.806641 2.806641 2.806641 2.814453 2.810547 2.779297 2.767578 2.771484 2.794922 2.806641 2.814453 2.845703 2.927734 2.943359 2.943359 2.943359 2.943359 2.943359 2.884766 2.849609 2.837891 2.833984 2.837891 2.841797 2.845703 2.853516 2.869141 2.908203 2.943359 2.943359 2.943359 2.931641
2.869141 2.794922 2.740234 2.705078 2.693359 2.693359 2.701172 2.720703 2.740234 2.751953 2.767578 2.783203 2.787109 2.791016 2.791016 2.798828 2.826172 2.865234 2.888672 2.880859 2.853516 2.822266 2.810547 2.806641 2.810547 2.806641 2.802734 2.806641 2.810547 2.810547 2.810547 2.806641 2.806641 2.806641 2.814453 2.787109 2.763672 2.763672 2.791016 2.822266 2.830078 2.833984 2.869141 2.943359 2.943359 2.943359 2.943359 2.943359 2.943359 2.939453 2.880859 2.857422 2.853516 2.853516 2.865234 2.888672 2.919922 2.943359 2.943359 2.943359 2.943359 2.943359 2.912109
2.841797 2.763672 2.716797 2.689453 2.681641 2.685547 2.701172 2.724609 2.744141 2.759766 2.783203 2.810547 2.818359 2.810547 2.802734 2.810547 2.849609 2.904297 2.912109 2.923828 2.931641 2.865234 2.826172 2.814453 2.810547 2.810547 2.806641 2.802734 2.806641 2.810547 2.810547 2.806641 2.802734 2.806641 2.802734 2.767578 2.755859 2.767578 2.818359 2.876953 2.900391 2.900391 2.927734 2.943359 2.943359 2.943359 2.943359 2.943359 2.943359 2.943359 2.927734 2.888672 2.884766 2.896484 2.939453 2.943359 2.943359 2.943359 2.943359 2.943359 2.943359 2.923828 2.853516
2.818359 2.751953 2.705078 2.681641 2.677734 2.681641 2.697266 2.720703 2.748047 2.767578 2.787109 2.826172 2.857422 2.861328 2.853516 2.861328 2.900391 2.904297 2.908203 2.916016 2.931641 2.916016 2.845703 2.818359 2.814453 2.810547 2.806641 2.802734 2.806641 2.814453 2.818359 2.810547 2.802734 2.798828 2.791016 2.759766 2.759766 2.794922 2.873047 2.923828 2.943359 2.943359 2.943359 2.943359 2.943359 2.943359 2.943359 2.943359 2.943359 2.943359 2.943359 2.943359 2.943359 2.943359 2.943359 2.943359 2.943359 2.943359 2.943359 2.943359 2.904297 2.849609 2.822266
2.791016 2.736328 2.701172 2.681641 2.673828 2.677734 2.689453 2.716797 2.748047 2.763672 2.779297 2.814453 2.865234 2.896484 2.916016 2.931641 2.935547 2.931641 2.931641 2.935547 2.943359 2.927734 2.861328 2.826172 2.818359 2.818359 2.810547 2.802734 2.802734 2.818359 2.830078 2.818359 2.806641 2.798828 2.783203 2.763672 2.783203 2.857422 2.888672 2.919922 2.943359 2.943359 2.943359 2.943359 2.943359 2.943359 2.943359 2.943359 2.943359 2.943359 2.943359 2.943359 2.943359 2.943359 2.943359 2.943359 2.943359 2.943359 2.943359 2.876953 2.837891 2.822266 2.810547
2.751953 2.716797 2.693359 2.677734 2.669922 2.673828 2.681641 2.705078 2.736328 2.759766 2.767578 2.791016 2.837891 2.888672 2.931641 2.943359 2.943359 2.943359 2.943359 2.943359 2.943359 2.923828 2.880859 2.849609 2.830078 2.826172 2.814453 2.802734 2.802734 2.822266 2.837891 2.830078 2.810547 2.798828 2.775391 2.775391 2.833984 2.869141 2.888672 2.919922 2.943359 2.943359 2.943359 2.943359 2.943359 2.943359 2.943359 2.943359 2.943359 2.943359 2.943359 2.943359 2.943359 2.943359 2.943359 2.943359 2.943359 2.943359 2.888672 2.822266 2.814453 2.810547 2.810547
2.716797 2.697266 2.681641 2.673828 2.669922 2.677734 2.685547 2.705078 2.728516 2.748047 2.759766 2.771484 2.802734 2.861328 2.923828 2.935547 2.943359 2.943359 2.943359 2.943359 2.943359 2.943359 2.935547 2.912109 2.873047 2.841797 2.822266 2.806641 2.802734 2.822266 2.841797 2.837891 2.814453 2.798828 2.771484 2.791016 2.869141 2.869141 2.888672 2.916016 2.939453 2.943359 2.943359 2.943359 2.943359 2.943359 2.943359 2.943359 2.943359 2.943359 2.943359 2.943359 2.943359 2.943359 2.943359 2.943359 2.943359 2.943359 2.841797 2.810547 2.806641 2.806641 2.806641
2.689453 2.677734 2.669922 2.669922 2.677734 2.693359 2.705078 2.716797 2.728516 2.744141 2.751953 2.759766 2.775391 2.830078 2.904297 2.916016 2.935547 2.939453 2.943359 2.943359 2.943359 2.943359 2.943359 2.943359 2.943359 2.892578 2.837891 2.810547 2.802734 2.810547 2.830078 2.830078 2.810547 2.791016 2.767578 2.818359 2.869141 2.869141 2.884766 2.904297 2.927734 2.939453 2.943359 2.943359 2.943359 2.943359 2.943359 2.943359 2.943359 2.943359 2.943359 2.943359 2.943359 2.943359 2.943359 2.943359 2.943359 2.943359 2.830078 2.806641 2.810547 2.806641 2.806641
2.666016 2.662109 2.662109 2.669922 2.685547 2.712891 2.736328 2.748047 2.744141 2.740234 2.748047 2.751953 2.763672 2.794922 2.865234 2.900391 2.912109 2.908203 2.939453 2.943359 2.943359 2.943359 2.943359 2.943359 2.943359 2.943359 2.916016 2.845703 2.810547 2.798828 2.810547 2.818359 2.806641 2.783203 2.771484 2.849609 2.869141 2.865234 2.873047 2.892578 2.912109 2.923828 2.935547 2.939453 2.943359 2.943359 2.943359 2.943359 2.943359 2.943359 2.943359 2.943359 2.943359 2.943359 2.943359 2.943359 2.943359 2.927734 2.841797 2.806641 2.806641 2.806641 2.806641
2.650391 2.650391 2.658203 2.673828 2.701172 2.748047 2.798828 2.818359 2.791016 2.759766 2.744141 2.751953 2.755859 2.771484 2.822266 2.888672 2.896484 2.904297 2.916016 2.931641 2.943359 2.943359 2.943359 2.943359 2.943359 2.943359 2.939453 2.931641 2.849609 2.806641 2.798828 2.806641 2.798828 2.767578 2.771484 2.873047 2.865234 2.861328 2.865234 2.884766 2.900391 2.916016 2.923828 2.931641 2.939453 2.943359 2.943359 2.943359 2.943359 2.943359 2.943359 2.943359 2.943359 2.943359 2.943359 2.943359 2.943359 2.943359 2.884766 2.818359 2.806641 2.806641 2.806641
2.654297 2.658203 2.666016 2.677734 2.712891 2.787109 2.837891 2.837891 2.845703 2.806641 2.759766 2.751953 2.759766 2.763672 2.791016 2.873047 2.884766 2.892578 2.904297 2.919922 2.935547 2.943359 2.943359 2.943359 2.943359 2.939453 2.919922 2.916016 2.916016 2.830078 2.802734 2.798828 2.775391 2.755859 2.775391 2.869141 2.869141 2.869141 2.873047 2.884766 2.900391 2.916016 2.919922 2.927734 2.935547 2.943359 2.943359 2.943359 2.943359 2.943359 2.943359 2.943359 2.943359 2.943359 2.943359 2.943359 2.943359 2.943359 2.943359 2.849609 2.806641 2.806641 2.810547
2.673828 2.677734 2.681641 2.689453 2.724609 2.802734 2.845703 2.841797 2.845703 2.861328 2.798828 2.763672 2.767578 2.771484 2.779297 2.841797 2.888672 2.888672 2.904297 2.916016 2.931641 2.943359 2.943359 2.943359 2.943359 2.927734 2.912109 2.912109 2.923828 2.873047 2.818359 2.802734 2.779297 2.763672 2.783203 2.880859 2.880859 2.888672 2.892578 2.896484 2.912109 2.919922 2.927734 2.931641 2.939453 2.943359 2.943359 2.943359 2.943359 2.943359 2.943359 2.939453 2.908203 2.923828 2.943359 2.943359 2.943359 2.943359 2.943359 2.912109 2.826172 2.806641 2.806641
2.681641 2.693359 2.701172 2.708984 2.732422 2.798828 2.849609 2.845703 2.849609 2.857422 2.857422 2.794922 2.779297 2.779297 2.783203 2.818359 2.892578 2.892578 2.900391 2.919922 2.931641 2.939453 2.943359 2.943359 2.935547 2.916016 2.900391 2.908203 2.923828 2.931641 2.861328 2.833984 2.822266 2.802734 2.806641 2.869141 2.904297 2.904297 2.904297 2.908203 2.916016 2.927734 2.935547 2.939453 2.943359 2.943359 2.943359 2.943359 2.943359 2.943359 2.904297 2.849609 2.837891 2.853516 2.896484 2.943359 2.943359 2.943359 2.943359 2.943359 2.880859 2.818359 2.806641
2.689453 2.705078 2.716797 2.720703 2.744141 2.791016 2.857422 2.849609 2.849609 2.857422 2.869141 2.853516 2.806641 2.794922 2.791016 2.810547 2.896484 2.892578 2.900391 2.916016 2.931641 2.939453 2.943359 2.939453 2.919922 2.896484 2.884766 2.892578 2.916016 2.943359 2.904297 2.880859 2.880859 2.876953 2.873047 2.892578 2.923828 2.916016 2.908203 2.912109 2.916016 2.919922 2.931641 2.935547 2.943359 2.943359 2.943359 2.943359 2.943359 2.935547 2.857422 2.822266 2.814453 2.822266 2.849609 2.888672 2.935547 2.943359 2.943359 2.943359 2.943359 2.861328 2.818359
2.693359 2.716797 2.732422 2.736328 2.751953 2.779297 2.845703 2.857422 2.857422 2.861328 2.869141 2.884766 2.888672 2.833984 2.814453 2.822266 2.892578 2.888672 2.896484 2.908203 2.923828 2.935547 2.939453 2.931641 2.908203 2.880859 2.865234 2.873047 2.896484 2.927734 2.943359 2.943359 2.943359 2.939453 2.935547 2.935547 2.931641 2.923828 2.916016 2.908203 2.908203 2.912109 2.919922 2.927734 2.935547 2.943359 2.943359 2.943359 2.943359 2.943359 2.845703 2.814453 2.810547 2.810547 2.818359 2.841797 2.869141 2.927734 2.943359 2.943359 2.943359 2.935547 2.857422
2.701172 2.728516 2.751953 2.759766 2.759766 2.771484 2.814453 2.861328 2.857422 2.861328 2.873047 2.884766 2.900391 2.908203 2.884766 2.865234 2.892578 2.888672 2.892578 2.904297 2.916016 2.931641 2.935547 2.927734 2.896484 2.865234 2.849609 2.857422 2.884766 2.912109 2.927734 2.935547 2.931641 2.927734 2.931641 2.931641 2.935547 2.927734 2.919922 2.908203 2.904297 2.900391 2.904297 2.912109 2.923828 2.939453 2.943359 2.943359 2.943359 2.943359 2.849609 2.814453 2.806641 2.806641 2.806641 2.814453 2.830078 2.857422 2.923828 2.943359 2.943359 2.943359 2.935547
2.712891 2.740234 2.767578 2.775391 2.767578 2.775391 2.814453 2.849609 2.841797 2.849609 2.861328 2.876953 2.892578 2.908203 2.912109 2.912109 2.900391 2.888672 2.888672 2.896484 2.912109 2.923828 2.931641 2.923828 2.892578 2.857422 2.841797 2.849609 2.876953 2.900391 2.916016 2.919922 2.919922 2.916016 2.919922 2.923828 2.927734 2.931641 2.923828 2.912109 2.904297 2.900391 2.900391 2.908203 2.919922 2.931641 2.943359 2.943359 2.943359 2.943359 2.853516 2.814453 2.806641 2.806641 2.806641 2.806641 2.810547 2.822266 2.857422 2.935547 2.943359 2.943359 2.943359
2.720703 2.748047 2.775391 2.783203 2.779297 2.798828 2.853516 2.833984 2.826172 2.830078 2.841797 2.857422 2.880859 2.900391 2.912109 2.908203 2.904297 2.896484 2.892578 2.892578 2.904297 2.919922 2.927734 2.919922 2.888672 2.853516 2.833984 2.841797 2.869141 2.888672 2.904297 2.908203 2.908203 2.908203 2.912109 2.916016 2.923828 2.927734 2.923828 2.919922 2.912109 2.904297 2.908203 2.916016 2.923828 2.939453 2.943359 2.943359 2.943359 2.943359 2.876953 2.822266 2.806641 2.802734 2.802734 2.802734 2.802734 2.806641 2.822266 2.865234 2.943359 2.943359 2.943359
2.724609 2.759766 2.783203 2.794922 2.802734 2.845703 2.845703 2.826172 2.818359 2.818359 2.822266 2.841797 2.861328 2.884766 2.900391 2.908203 2.908203 2.904297 2.896484 2.892578 2.900391 2.916016 2.923828 2.912109 2.880859 2.845703 2.826172 2.833984 2.861328 2.884766 2.896484 2.900391 2.900391 2.904297 2.908203 2.912109 2.919922 2.919922 2.919922 2.919922 2.912109 2.908203 2.908203 2.919922 2.931641 2.943359 2.943359 2.943359 2.943359 2.943359 2.912109 2.845703 2.814453 2.802734 2.802734 2.802734 2.802734 2.802734 2.806641 2.822266 2.876953 2.943359 2.943359
2.732422 2.771484 2.802734 2.822266 2.853516 2.869141 2.841797 2.826172 2.822266 2.818359 2.818359 2.830078 2.845703 2.865234 2.884766 2.896484 2.904297 2.904297 2.900391 2.896484 2.904297 2.912109 2.919922 2.912109 2.880859 2.845703 2.822266 2.830078 2.857422 2.880859 2.896484 2.900391 2.900391 2.904297 2.908203 2.912109 2.912109 2.916016 2.916016 2.916016 2.912109 2.904297 2.912109 2.919922 2.931641 2.943359 2.943359 2.943359 2.943359 2.943359 2.927734 2.865234 2.826172 2.810547 2.802734 2.802734 2.802734 2.798828 2.802734 2.802734 2.822266 2.884766 2.943359
