py_wake/examples/data/AJ_ParqueFicticio/Rough survey   Sector 1   Height 200m   Orographic turn.grd
DSAA
73  159
 258469   265669
 6501692   6517492
-10.85354   12.10055
[rows 27 to 53 of 159, columns 0 to 61 of 73]
-1.336422 -1.331313 -1.298173 -1.297736 -1.32811 -1.347802 -1.370605 -1.407225 -1.437814 -1.424109 -1.424533 -1.479701 -1.529329 -1.552029 -1.57344 -1.638678 -1.691112 -1.747882 -1.778679 -1.805725 -1.85528 -1.843555 -1.914423 -2.0282 -2.19526 -2.34788 -2.465201 -2.451188 -2.416561 -2.423787 -2.387371 -2.375361 -2.530355 -2.682979 -2.874024 -2.891268 -2.860101 -2.878065 -2.971517 -3.079217 -3.142948 -3.405746 -3.686807 -4.321068 -4.981647 -5.535972 -6.186284 -6.582102 -6.757225 -6.530065 -5.920659 -5.016187 -3.783119 -2.217797 -.3676434 1.428713 2.829055 3.648695 3.785334 3.314274 2.295085 1.22451
-1.329324 -1.301009 -1.289078 -1.282236 -1.289467 -1.300349 -1.323338 -1.347164 -1.341898 -1.343881 -1.364371 -1.399309 -1.453512 -1.529769 -1.583134 -1.63242 -1.702394 -1.745796 -1.791998 -1.807639 -1.797207 -1.801455 -1.903856 -2.045563 -2.222262 -2.400092 -2.523592 -2.515977 -2.504206 -2.487593 -2.49055 -2.525779 -2.655649 -2.803768 -2.938836 -2.804228 -2.770204 -2.958155 -3.109822 -3.336063 -3.424963 -3.527523 -3.829961 -4.271537 -4.902812 -5.544007 -6.053802 -6.432544 -6.403103 -6.0837 -5.385354 -4.44287 -3.279818 -1.876453 -.167255 1.725308 3.142447 3.607787 3.299937 2.47803 1.390357 .3970231
-1.305614 -1.303432 -1.254639 -1.25139 -1.233957 -1.238991 -1.270262 -1.307015 -1.301758 -1.297732 -1.297099 -1.345814 -1.396574 -1.507195 -1.595869 -1.662332 -1.703408 -1.738231 -1.761801 -1.783135 -1.776004 -1.810278 -1.928602 -2.068786 -2.236795 -2.398525 -2.50223 -2.554935 -2.560137 -2.565 -2.576434 -2.615132 -2.72762 -2.765933 -2.772815 -2.766215 -2.88082 -3.098965 -3.246284 -3.405965 -3.478545 -3.548792 -3.865701 -4.202269 -4.671804 -5.227908 -5.620286 -5.777603 -5.676311 -5.337502 -4.725519 -3.859355 -2.809723 -1.623678 -.07254706 1.730635 3.026587 3.271914 2.672174 1.606001 .5241858 -.292647
-1.269816 -1.260525 -1.23457 -1.221833 -1.190374 -1.213965 -1.229676 -1.268906 -1.286396 -1.244383 -1.259675 -1.287379 -1.349913 -1.505864 -1.588288 -1.652845 -1.689757 -1.714981 -1.723809 -1.733367 -1.77877 -1.866717 -1.980175 -2.113982 -2.241831 -2.376965 -2.491782 -2.543843 -2.591549 -2.603456 -2.61683 -2.663718 -2.754821 -2.796827 -2.888068 -2.940426 -3.005561 -3.132412 -3.390299 -3.522066 -3.574992 -3.677333 -3.757293 -3.99438 -4.3431 -4.659868 -4.868735 -4.875031 -4.718885 -4.428636 -4.057998 -3.432052 -2.534199 -1.480299 -.1391066 1.36689 2.424265 2.578838 1.899633 .8721961 -.1543131 -.6628858
-1.228142 -1.223049 -1.216923 -1.205642 -1.165709 -1.192986 -1.200258 -1.242701 -1.222324 -1.220279 -1.217639 -1.248781 -1.300891 -1.455397 -1.58517 -1.638028 -1.664494 -1.667809 -1.665349 -1.717058 -1.796087 -1.893675 -2.015332 -2.130149 -2.249175 -2.388459 -2.461988 -2.510616 -2.563679 -2.5885 -2.643588 -2.795751 -2.970819 -3.015321 -3.045439 -3.016048 -3.128036 -3.276876 -3.513499 -3.661655 -3.686655 -3.694655 -3.650088 -3.711555 -3.903336 -4.051962 -4.040178 -3.885333 -3.717538 -3.596266 -3.416199 -2.977192 -2.340713 -1.529484 -.4561188 .6294802 1.438675 1.548123 1.007041 .186048 -.45379 -.5155131
-1.167415 -1.172696 -1.169686 -1.169284 -1.160838 -1.176641 -1.193735 -1.18505 -1.183272 -1.194875 -1.19365 -1.222159 -1.248851 -1.37107 -1.482437 -1.550168 -1.588545 -1.617124 -1.627367 -1.709216 -1.814357 -1.921998 -2.041353 -2.144627 -2.265807 -2.353548 -2.440432 -2.486114 -2.517222 -2.548283 -2.65495 -2.800478 -2.987138 -3.057509 -3.02665 -3.037064 -3.166451 -3.381723 -3.629432 -3.765867 -3.799861 -3.715358 -3.550878 -3.433135 -3.420575 -3.452224 -3.36458 -3.201016 -3.018625 -2.860611 -2.681539 -2.423835 -2.045248 -1.524025 -.8503916 -.1566433 .3411124 .4331357 .103094 -.2724679 -.3515849 .0562933
-1.118576 -1.127 -1.133413 -1.127529 -1.144602 -1.132106 -1.162003 -1.164442 -1.165745 -1.150935 -1.162733 -1.184686 -1.234177 -1.309116 -1.374908 -1.431819 -1.486141 -1.53305 -1.584581 -1.712833 -1.837608 -1.958553 -2.057312 -2.16123 -2.262064 -2.340247 -2.372234 -2.392437 -2.460988 -2.547307 -2.662084 -2.791494 -2.931313 -3.028327 -3.056839 -3.109006 -3.260207 -3.495528 -3.742347 -3.868883 -3.979434 -3.84604 -3.543473 -3.094209 -2.819732 -2.742151 -2.762928 -2.751437 -2.645909 -2.473775 -2.21413 -1.898379 -1.551451 -1.246348 -.9855677 -.7171381 -.5180593 -.4679205 -.4703141 -.3886464 -.05511472 .8274516
-1.137971 -1.129803 -1.129112 -1.106311 -1.115831 -1.105199 -1.132224 -1.145555 -1.137316 -1.134042 -1.112071 -1.128376 -1.168599 -1.221173 -1.25107 -1.327972 -1.388106 -1.439806 -1.562307 -1.7122 -1.8668 -1.971457 -2.085444 -2.169981 -2.246964 -2.286394 -2.277305 -2.339699 -2.424189 -2.542884 -2.672198 -2.777914 -2.899897 -2.953085 -3.064151 -3.157319 -3.359608 -3.567868 -3.817801 -4.086151 -4.252361 -4.054296 -3.575679 -2.810712 -2.181048 -1.897928 -2.008797 -2.134442 -2.139762 -2.022345 -1.798814 -1.529609 -1.161547 -.9249669 -.8795514 -.9597456 -1.065676 -.8942003 -.7430999 -.4546689 .2222691 1.42689
-1.143256 -1.123297 -1.110454 -1.12455 -1.11111 -1.11141 -1.113207 -1.100579 -1.098432 -1.084075 -1.051054 -1.068666 -1.095232 -1.162438 -1.186201 -1.223503 -1.264739 -1.380767 -1.527977 -1.727633 -1.902358 -2.004759 -2.077026 -2.14199 -2.197316 -2.194918 -2.213954 -2.298333 -2.390482 -2.513484 -2.632853 -2.747127 -2.862994 -2.928454 -3.015107 -3.110527 -3.285632 -3.54042 -3.896122 -4.320346 -4.455862 -4.282137 -3.617547 -2.630978 -1.540142 -.9390693 -.8885484 -1.065746 -1.186484 -1.189017 -1.14776 -1.068766 -.9727095 -.8867772 -.8965868 -1.024405 -1.1425 -.9936015 -.7952332 -.4358997 .4491838 1.857958
-1.161948 -1.151811 -1.120978 -1.088211 -1.081183 -1.084001 -1.060651 -1.066648 -1.064703 -1.05282 -1.02224 -.9952278 -1.019063 -1.095227 -1.118623 -1.138317 -1.190438 -1.29115 -1.528986 -1.704166 -1.919197 -1.982657 -2.036477 -2.077114 -2.097545 -2.111852 -2.186407 -2.257473 -2.353574 -2.461148 -2.598159 -2.706423 -2.763348 -2.803216 -2.831858 -2.950518 -3.133424 -3.443748 -3.880985 -4.231753 -4.370334 -4.248203 -3.64188 -2.545142 -1.187866 -.05269719 .3609713 .2545306 .004747577 -.1944593 -.4025699 -.6257935 -.8838769 -1.034786 -1.054007 -1.106051 -1.055773 -.8358667 -.555065 -.07396928 .8572353 2.192699
-1.146796 -1.127491 -1.101655 -1.0623 -1.019732 -1.044098 -1.094132 -1.081148 -1.064206 -1.013704 -1.01337 -.9963726 -.9805374 -1.052524 -1.064593 -1.10357 -1.18161 -1.266641 -1.466141 -1.65276 -1.82058 -1.892707 -1.929722 -1.962083 -2.016285 -2.049461 -2.12456 -2.196059 -2.306866 -2.389511 -2.508072 -2.581374 -2.621602 -2.624323 -2.627465 -2.699349 -2.892655 -3.259568 -3.574021 -3.911456 -4.075752 -3.958179 -3.506837 -2.624998 -1.24248 .2161446 1.131546 1.422096 1.220026 .7905094 .3521082 -.05122216 -.5362877 -.9348106 -1.065624 -1.043367 -.8975666 -.478772 .0912032 .7660483 1.738431 2.67363
-1.088927 -1.086794 -1.054657 -1.047704 -1.028417 -1.014594 -1.066449 -1.042042 -1.028932 -1.014099 -1.021469 -.9924194 -.9846592 -.9683332 -1.005866 -1.0688 -1.173925 -1.281696 -1.435217 -1.558434 -1.645558 -1.713879 -1.771002 -1.813678 -1.896287 -1.946044 -2.045239 -2.120336 -2.203916 -2.300574 -2.388912 -2.413134 -2.432838 -2.405505 -2.419222 -2.479303 -2.662616 -2.893927 -3.143105 -3.401254 -3.456464 -3.384637 -3.133594 -2.542251 -1.588789 -.2209058 1.016991 1.762073 1.883786 1.538201 1.047983 .6184959 .1740717 -.265139 -.5690718 -.615043 -.454756 .1938339 1.0535 2.062655 2.904791 3.235299
-1.045521 -1.055275 -1.040886 -1.019777 -1.038126 -1.023609 -.9898212 -1.002127 -1.003065 -.9709762 -.953025 -.9570253 -.932116 -.9378155 -.992983 -1.075436 -1.154654 -1.251561 -1.384355 -1.448509 -1.480917 -1.522308 -1.569929 -1.63865 -1.74601 -1.862382 -1.932148 -2.008196 -2.102963 -2.150707 -2.174956 -2.193708 -2.179367 -2.173429 -2.13086 -2.174351 -2.227207 -2.417267 -2.644074 -2.715384 -2.62588 -2.508257 -2.389909 -2.165126 -1.676183 -.7628218 .3540466 1.227151 1.698896 1.765564 1.521196 1.229671 .9118128 .6321514 .320338 .1551711 .2303608 .9765178 2.174314 3.289621 3.954883 3.820176
-1.059311 -1.048583 -1.01476 -.9871576 -.9857316 -.9892006 -.9718552 -.9741334 -.9462608 -.9209003 -.8959122 -.8577004 -.9104567 -.9860126 -1.012888 -1.036883 -1.095619 -1.187378 -1.279639 -1.372292 -1.385628 -1.425692 -1.431369 -1.486676 -1.655915 -1.745047 -1.818053 -1.877405 -1.905562 -1.914535 -1.924405 -1.94592 -1.943964 -1.890419 -1.826358 -1.735404 -1.75684 -1.803911 -1.85804 -1.709735 -1.571442 -1.447793 -1.403017 -1.465748 -1.35183 -.9079582 -.125935 .5855368 1.115949 1.531268 1.711032 1.692312 1.566926 1.337372 1.059349 .8004462 .9261755 1.688311 2.993088 4.14774 4.654792 4.295138
-1.089245 -1.067326 -1.060716 -.9981092 -.9432151 -.9802591 -1.014944 -.9964987 -.9550813 -.8758876 -.8067222 -.8173003 -.9239267 -.9999033 -1.015004 -1.027813 -1.051694 -1.078769 -1.184781 -1.278679 -1.331841 -1.347684 -1.404856 -1.390485 -1.445099 -1.579557 -1.621223 -1.644681 -1.630634 -1.671559 -1.653507 -1.658247 -1.626987 -1.558373 -1.471251 -1.339254 -1.177955 -1.082021 -.8382091 -.5840135 -.4463964 -.381169 -.470336 -.6389409 -.7597716 -.6357479 -.2621976 .2157002 .6925294 1.248321 1.696049 1.930431 1.873069 1.626553 1.372926 1.189906 1.349116 2.116353 3.244309 4.211425 4.723208 4.467344
-1.162151 -1.133182 -1.098462 -1.057377 -.9632492 -.921727 -.9908771 -1.007021 -.9459767 -.8858197 -.8375971 -.8184835 -.8792329 -.9532515 -.9736918 -.974797 -.9681362 -.9990081 -1.08102 -1.221104 -1.289497 -1.323612 -1.327426 -1.352371 -1.301587 -1.331423 -1.357653 -1.384798 -1.40091 -1.411389 -1.413135 -1.411797 -1.338648 -1.238869 -1.108424 -.9380655 -.7168627 -.3379774 .129848 .4375232 .5142766 .5107872 .3704713 .1822131 -.05294368 -.1901281 -.1572881 .1005849 .4833902 .9894919 1.512802 1.794953 1.832834 1.69457 1.532979 1.543871 1.772768 2.305398 2.9205 3.550875 3.97964 4.044384
-1.22667 -1.199661 -1.182158 -1.170087 -1.003481 -.8931603 -.9676307 -1.014224 -.9421266 -.8861149 -.8700491 -.8432899 -.8334637 -.8459874 -.8746709 -.9058188 -.9313373 -.9394569 -.9907289 -1.143164 -1.215813 -1.195141 -1.15727 -1.201596 -1.204314 -1.192836 -1.191266 -1.181296 -1.130987 -1.132205 -1.157522 -1.103073 -.9741931 -.8872085 -.7587095 -.5527227 -.2774892 .1781888 .7275711 1.164083 1.302171 1.246285 1.140781 .8676628 .4753425 .1105386 -.04086148 .2109889 .6625639 1.116019 1.54313 1.815422 1.872015 1.894044 2.006942 2.249393 2.434412 2.47569 2.448074 2.539326 2.667128 2.887506
-1.301219 -1.290671 -1.276284 -1.267469 -1.232754 -1.112703 -1.018352 -.982263 -.9173049 -.8716273 -.8435351 -.8314365 -.7894905 -.8089906 -.8650825 -.9114799 -.9221429 -.9596213 -1.013556 -1.043134 -1.102375 -1.051508 -1.014467 -1.00967 -1.132772 -1.101402 -1.034958 -.9324341 -.8951855 -.8463808 -.857438 -.7755513 -.6355271 -.5549365 -.4013221 -.2069507 .09343806 .4925413 1.0703 1.515805 1.756175 1.760256 1.620448 1.25289 .7089239 .2124253 .0982236 .4086879 .9539315 1.400959 1.763724 2.006178 2.164392 2.453276 2.810878 3.134647 3.088926 2.646831 1.97784 1.42394 1.197409 1.338934
-1.340176 -1.319168 -1.337197 -1.345784 -1.372265 -1.270274 -1.112296 -.9795677 -.8819953 -.8164709 -.7525249 -.7563511 -.7965057 -.8600914 -.9058113 -.9439008 -.9426129 -.9867435 -1.004126 -.9853059 -.9624665 -.956239 -.9054862 -.9402603 -.9764905 -.9948557 -.8827544 -.745217 -.6266968 -.6281232 -.553513 -.366892 -.3128782 -.2008873 -.08021968 .09914428 .4134198 .7739813 1.197119 1.577396 1.896627 1.962098 1.758268 1.325069 .8079376 .4877935 .5037524 .7877925 1.222385 1.563928 1.858378 2.256608 2.796052 3.364043 3.773279 3.785058 3.265973 2.448395 1.377181 .5337731 .013836 -.07847561
-1.364801 -1.336949 -1.385704 -1.419021 -1.400887 -1.32416 -1.142333 -.9921429 -.8847505 -.759385 -.6734823 -.7133785 -.8106837 -.8920258 -.94967 -.9416248 -.952152 -.9804786 -1.004107 -.9489438 -.9367373 -.9092416 -.8859051 -.9160627 -.8739631 -.8509845 -.7742416 -.617308 -.4719664 -.4144032 -.2983102 -.07817585 .05975896 .2078491 .3468564 .4826461 .752359 1.109139 1.378758 1.668905 1.933255 2.011107 1.881863 1.574246 1.339314 1.227163 1.187577 1.277277 1.419569 1.686565 2.052558 2.682709 3.522764 4.25936 4.390166 3.827869 2.755995 1.556246 .5446403 -.2395105 -.7064228 -.8726239
-1.39427 -1.367144 -1.368116 -1.471655 -1.445516 -1.309184 -1.163233 -1.022603 -.9135585 -.7440798 -.5999164 -.6665922 -.8128608 -.9503036 -1.009499 -.959647 -.9441879 -.9333457 -.9331874 -.9445812 -.9350376 -.8727843 -.8526838 -.8283129 -.8475286 -.8416201 -.7644449 -.6002813 -.4543973 -.3129816 -.1028888 .1234416 .3902665 .5840596 .7966782 1.029743 1.271997 1.583358 1.859162 2.064569 2.228563 2.308671 2.301584 2.170626 1.963509 1.741404 1.567121 1.474724 1.540572 1.898777 2.544267 3.424041 4.307728 4.786051 4.577586 3.554513 1.954101 .3917533 -.7236523 -1.343324 -1.476745 -1.47126
-1.422901 -1.420035 -1.412542 -1.462539 -1.441092 -1.31216 -1.167563 -1.048347 -.9531103 -.8803639 -.6936599 -.6694713 -.8347815 -.9922001 -1.035776 -1.004898 -.9625661 -.8985474 -.8915641 -1.006482 -.9757903 -.8974252 -.83162 -.8384388 -.9419593 -.9314144 -.8004076 -.6468002 -.4656071 -.251485 .0481317 .3159906 .5797949 .895663 1.158416 1.451332 1.7869 2.124199 2.458526 2.652714 2.801097 2.866248 2.864703 2.685045 2.392743 2.046839 1.727732 1.698033 1.960297 2.573002 3.514704 4.458744 4.999865 4.975187 4.337483 3.121428 1.344254 -.4342426 -1.874761 -2.698357 -2.781186 -2.44232
-1.480232 -1.463745 -1.475721 -1.451455 -1.38579 -1.28716 -1.159756 -1.092203 -1.022587 -1.021212 -.9996121 -.8843182 -.9121125 -1.052243 -1.065109 -1.005546 -.9800212 -.9604064 -.9389464 -1.006846 -1.002963 -.9690641 -.9372028 -.9888787 -1.054535 -1.006572 -.8518037 -.6668326 -.4696314 -.2084862 .1831188 .5516334 .7737077 1.097778 1.453344 1.812582 2.176136 2.576708 2.959803 3.267627 3.465439 3.508518 3.441546 3.227973 2.84603 2.393648 2.190598 2.348068 2.856746 3.611662 4.452139 5.152592 5.302369 4.757855 3.776953 2.475801 .9755443 -.7031245 -2.312745 -3.524775 -4.103423 -3.931524
-1.518852 -1.507859 -1.506467 -1.408047 -1.296244 -1.234188 -1.136 -1.090845 -1.111591 -1.144254 -1.165191 -1.177628 -1.140201 -1.063848 -.9982736 -.9757645 -1.000242 -1.067005 -1.058131 -1.036978 -1.038813 -1.020247 -1.02818 -1.076123 -1.040781 -.8960523 -.8259873 -.676101 -.5127954 -.1675853 .2182021 .641918 .9507314 1.234228 1.668523 2.102998 2.484327 2.905543 3.37535 3.725116 3.982869 4.071749 3.915384 3.717479 3.442782 3.183325 3.22133 3.49632 3.908572 4.404087 4.864222 5.227162 5.131662 4.169757 2.844632 1.653709 .5568146 -.6974763 -2.072886 -3.501794 -4.632261 -5.019976
-1.52895 -1.500789 -1.449961 -1.359281 -1.243151 -1.152215 -1.124042 -1.151225 -1.170947 -1.213835 -1.244534 -1.251062 -1.173377 -1.076247 -1.017945 -.9807232 -.9688918 -1.064922 -1.094334 -1.007767 -1.022413 -1.041551 -1.067218 -1.101076 -1.010931 -.8493636 -.7929379 -.7178796 -.4953951 -.2010256 .186579 .5362254 .9781323 1.344852 1.820964 2.362407 2.79058 3.233848 3.689123 4.143392 4.48105 4.602452 4.55933 4.437724 4.339279 4.304874 4.414185 4.543624 4.659486 4.787794 4.86709 4.906232 4.615559 3.494668 1.889472 .5642368 -.1340426 -.6999981 -1.565705 -2.810719 -4.217171 -5.140785
-1.529059 -1.447069 -1.435814 -1.346873 -1.241384 -1.148095 -1.115725 -1.171994 -1.200259 -1.22863 -1.234105 -1.20139 -1.201797 -1.110438 -1.050214 -1.026426 -.9996231 -1.073566 -1.078067 -.9752166 -.9474218 -1.002059 -1.031987 -1.027969 -.9438155 -.8316402 -.7756649 -.7098764 -.55589 -.3160663 .01768521 .3788193 .7982548 1.281266 1.796238 2.367367 3.011779 3.597147 3.978359 4.416626 4.945364 5.308252 5.4855 5.479921 5.488571 5.479763 5.415622 5.32093 5.148782 4.935361 4.715379 4.461483 3.958188 2.89245 1.2251 -.3498904 -1.067678 -1.139616 -1.24397 -1.972069 -3.304981 -4.582763
-1.477977 -1.429382 -1.381322 -1.276412 -1.195531 -1.14777 -1.126238 -1.140899 -1.194452 -1.212251 -1.222929 -1.218514 -1.200687 -1.159963 -1.132897 -1.104392 -1.079098 -1.089478 -1.062678 -.9523902 -.8710532 -.9793834 -1.036197 -.9655414 -.8869726 -.7731802 -.7676303 -.7216817 -.6285013 -.4269512 -.1142207 .3231916 .7517726 1.232203 1.673531 2.322761 3.171254 3.831597 4.241416 4.677981 5.16554 5.793355 6.300137 6.528403 6.615486 6.588169 6.346755 6.012689 5.603912 5.121913 4.538662 3.933885 3.310892 2.307023 .8555931 -.8271949 -1.798422 -1.753672 -1.418101 -1.571718 -2.535769 -3.891795
