py_wake/examples/data/AJ_ParqueFicticio/Rough survey   Sector 2   Height 30m   Power density.grd
DSAA
73  159
 258469   265669
 6501692   6517492
 .0001479314   389.8945
[rows 112 to 139 of 159, columns 0 to 62 of 73]
76.57042 72.45499 70.36859 75.11279 80.40298 87.28305 94.27805 105.879 127.1365 143.4361 151.2245 161.7457 154.6521 151.297 133.7765 93.12066 70.93788 80.99508 88.81423 82.91671 72.75167 84.8222 79.26718 82.0474 123.608 140.6283 150.5795 113.7817 70.60661 41.52035 28.06693 25.32623 24.3048 27.73732 29.05291 30.43089 38.32248 60.08826 92.19327 117.2174 153.2962 177.0827 179.061 163.0588 135.5776 113.5347 101.3374 101.0292 103.6448 115.3173 104.873 71.76144 44.16825 28.48488 22.16017 21.35803 22.10906 22.78138 22.72194 17.85991 9.120058 11.91042 17.476
76.96523 78.48317 82.45086 90.05895 98.06186 105.9236 124.0057 147.6175 166.2835 170.5228 175.727 190.7122 181.595 162.2056 120.7615 83.77303 79.67648 98.95164 100.2411 84.99427 79.65369 79.56665 86.29037 109.1691 140.8424 143.7557 120.635 75.86285 49.26711 34.6998 24.05684 28.10667 37.97293 41.39833 41.97821 46.68005 57.59927 81.94711 123.5551 149.1091 186.043 204.0026 188.5343 153.4022 118.5825 100.4705 94.69892 92.22952 90.31044 79.20535 62.17383 43.84135 28.77881 22.43592 19.40946 22.21425 22.80015 24.05859 21.60882 17.14921 12.86474 16.22135 21.01035
85.41983 97.63038 104.3232 109.1427 116.6226 131.9572 164.2951 188.2024 191.6857 187.3869 206.2238 214.5987 185.1362 141.05 94.30554 74.94289 98.23451 117.0267 102.0913 82.05547 71.27347 85.62536 96.19762 118.7094 132.0244 122.6856 95.91164 64.8574 39.41605 28.16938 27.00212 34.55527 43.60797 48.81039 54.92869 65.29884 89.6937 134.0069 199.0088 236.0325 260.039 246.2437 202.9962 143.5706 114.8987 104.4316 96.32034 88.03362 79.14289 64.46218 44.71643 33.47392 23.06113 21.36859 21.95808 22.88892 23.69028 23.55789 21.89712 19.21949 16.15187 18.13933 22.72928
100.797 114.5972 121.1125 126.1576 135.7461 159.6024 191.0962 200.4423 201.357 215.0688 241.7057 222.026 180.7829 122.3093 89.74557 100.2699 138.8778 145.4552 130.4978 119.6085 116.7156 110.3526 98.14945 99.97636 100.8073 86.90153 67.97948 45.10655 26.24571 24.99931 31.72545 39.75714 42.53134 44.14382 51.77988 80.93594 133.5497 210.9413 314.4545 357.605 337.4007 297.8169 213.7199 156.3605 125.0395 108.0695 91.13114 81.51096 70.32426 56.13028 43.08498 29.64813 22.63556 22.94699 24.47957 24.43229 24.46776 23.93356 22.74282 20.69919 19.94964 20.42912 21.63667
96.36558 110.035 114.4878 123.1006 141.1069 164.2855 184.9254 195.7898 223.4924 237.8929 258.5908 238.0272 191.0054 140.478 130.2857 168.5145 209.6407 209.9956 204.2283 197.154 185.3729 155.3574 117.563 93.05029 73.0603 64.41779 54.02544 33.4255 24.478 29.19803 37.44528 38.52263 34.23245 38.98563 60.95255 107.6171 183.8216 260.1478 384.752 389.8945 372.3844 293.7511 218.2523 166.8313 130.1746 108.3045 89.0854 73.05056 58.5847 45.65754 36.42016 30.32799 26.67455 24.72511 23.49396 24.12184 23.62854 23.7644 23.80284 21.7527 20.6264 21.30874 21.36327
80.3105 87.37579 90.89019 98.77897 118.3518 142.9693 166.0184 198.5892 238.2559 267.5621 274.6217 252.5663 209.4059 175.1528 173.7856 207.9616 243.7211 250.7536 247.7521 223.6191 189.6963 145.3357 109.0308 92.09211 76.01881 58.75448 44.67982 27.67169 28.74478 41.56087 45.1697 37.62796 39.19598 66.24591 100.9391 147.0715 200.7269 278.2657 315.0723 350.3761 277.8177 199.0152 150.2496 125.0426 106.9659 90.38597 76.46367 59.78944 45.61082 35.65227 30.15744 28.08607 27.01813 23.99247 23.64271 22.50308 22.05216 22.42547 21.23949 20.64741 22.39053 19.78819 21.01521
46.95227 49.4028 55.6545 72.12203 101.3011 130.9763 160.9695 196.531 227.7083 246.9181 233.9846 246.0977 208.2195 178.3938 180.9287 198.3478 222.2584 222.1431 198.513 171.4199 140.0555 112.0211 87.07282 68.57532 67.20935 58.96832 38.88626 32.33257 40.90102 53.16482 50.58729 42.06019 56.66862 91.47004 100.1461 119.7615 160.3978 197.2222 198.7771 182.1012 153.334 108.5117 80.68135 69.78095 60.84839 57.9944 50.27164 38.34998 32.64482 27.74789 26.29432 27.45769 27.70807 25.25485 25.16055 23.08777 23.60355 22.8562 21.25291 18.90541 14.25695 14.58393 14.02806
27.79285 33.66227 46.20943 69.48805 99.45986 131.3815 166.2772 200.2873 217.422 218.0113 190.9449 163.3296 154.5956 138.173 137.9949 146.2756 154.2398 131.9344 105.4966 88.36993 76.31838 60.42132 51.57984 58.18105 59.06507 55.00852 50.80539 48.63933 56.57216 63.13745 46.21386 39.68188 64.4498 75.2977 67.69355 88.85882 127.5152 149.6659 128.519 98.71129 75.88889 60.40776 45.35088 41.10146 36.4032 31.74397 27.53902 23.61348 22.38781 21.52742 23.74751 27.2196 27.39165 27.02953 26.6554 26.12674 27.06125 26.60318 22.80784 14.65506 7.347793 5.971695 5.838739
29.15792 40.58326 58.12506 82.07404 110.1345 142.7641 180.9669 222.4482 231.5014 204.8119 145.4198 113.0213 96.33015 94.05494 107.4774 114.7686 112.7246 89.87476 71.48574 57.39347 47.95404 45.62774 42.53121 50.03259 63.3188 54.54034 49.56948 54.53062 56.85986 50.44267 34.23688 43.6521 61.37519 49.65328 50.51125 81.55654 115.7815 134.6351 122.8543 85.42616 60.93264 45.04428 36.31543 33.74794 27.81745 21.59748 17.51187 16.42039 16.85698 18.44335 20.57195 23.22192 25.17898 26.54143 26.67923 28.3205 26.95118 26.75394 14.50769 5.808102 3.929986 5.186096 4.580244
58.37819 65.25773 80.53271 102.8997 129.4521 166.922 202.197 233.9078 221.7569 168.7478 123.5487 98.95879 77.3207 68.64162 76.96796 88.06155 84.40089 70.54404 59.87857 51.74937 45.63223 43.94249 41.5616 49.72452 48.31172 44.00076 41.76876 44.28009 48.83977 38.61863 32.88659 42.55538 42.93525 34.79748 51.75262 89.90339 124.8048 142.0602 121.5606 78.06241 57.34066 42.40948 34.60263 27.59472 23.18206 20.60868 18.45876 18.02916 18.75915 20.35392 22.75299 22.02181 23.1857 24.41635 25.9978 23.71631 23.7434 13.01757 3.36955 2.36213 3.047913 3.522143 6.392521
75.35553 81.3531 96.78514 119.9864 150.4836 196.1685 225.1482 249.8112 194.3013 144.0102 115.7892 86.45872 80.09647 81.97872 65.63327 54.57046 47.25438 47.91445 42.62112 39.08032 35.36249 29.96154 35.74949 32.94117 33.42787 27.77252 38.99333 40.29428 44.73722 35.17989 36.9845 37.02015 31.20171 40.82864 81.06281 128.7439 147.7916 142.4712 106.8224 64.20599 47.10599 33.92745 26.67133 20.93928 18.45028 20.05639 22.06225 22.40409 22.52625 23.92656 23.64907 23.34932 21.35784 20.95145 18.97893 16.83028 12.19289 4.29945 1.76924 2.823581 7.144251 12.19888 18.68324
86.11389 103.7072 129.5997 153.507 185.0062 217.4073 236.917 206.9245 164.7705 137.4069 110.8701 102.546 91.24464 89.02791 77.73079 61.17583 45.85386 32.33603 24.74371 21.13035 19.5716 21.14286 28.84708 33.59452 30.97971 29.04079 26.35691 33.47349 40.62883 39.39154 38.25284 33.7883 41.66782 79.81324 124.8547 146.2828 140.7768 111.7798 74.35962 44.08613 34.50585 25.60232 22.07914 18.73823 16.41607 18.08932 19.7977 23.6153 25.79031 25.54515 24.89223 23.80256 22.40815 18.6144 12.8645 7.280535 4.279455 2.161188 2.682282 8.456012 17.67833 21.84342 28.61463
112.6518 151.4268 178.2766 198.9378 221.4196 234.4085 205.4565 152.8982 116.465 112.9556 108.9383 99.8699 95.43981 98.11132 95.7963 84.29383 63.90664 47.5335 35.95286 33.01109 30.28732 35.91185 44.08329 46.99849 37.61648 26.93136 25.46014 28.68676 35.26099 43.431 39.00255 41.63073 70.71944 117.2447 132.9658 136.3362 115.8324 80.42693 51.22886 29.64499 20.99019 21.21488 22.14717 22.64715 21.28404 18.81 18.51194 21.15466 24.04702 26.10487 26.33421 25.14482 22.25738 14.81409 7.914781 3.746494 2.194012 4.299728 8.001626 15.18946 22.21782 29.01272 34.45892
129.8454 168.9194 205.6509 223.2921 231.8342 196.6091 142.7455 94.86305 77.79427 82.24177 92.25929 85.78323 82.55875 99.23521 99.41146 104.4647 93.84459 86.29292 77.04 83.24349 84.72959 86.93287 76.45998 53.90907 35.39505 28.3548 29.82591 42.8134 49.81168 58.58893 56.61858 60.62096 85.92126 104.9901 114.3632 112.4794 86.47033 58.27994 38.39466 25.59427 20.88695 18.61501 20.94276 23.0468 24.15045 23.28206 21.15307 21.17508 21.22721 22.54234 24.23258 20.62492 12.84606 5.078619 2.798534 3.164501 3.501498 6.405084 13.56198 22.29508 25.40546 32.10815 42.70955
148.836 180.0671 213.0741 227.3992 216.0089 172.852 122.3551 93.61658 80.47005 73.04237 72.31254 71.22733 78.90614 75.86233 66.04198 68.50446 75.99323 79.70425 97.10854 113.6221 112.5807 102.7932 79.61239 50.59393 40.71172 44.13729 64.29976 79.6147 92.95773 81.42416 64.19745 65.3044 73.56964 84.79922 97.29404 94.33984 69.68515 48.2815 32.7681 23.40257 20.86534 18.35698 16.69604 17.36824 18.61265 20.28647 20.22858 17.93955 17.91304 14.92043 13.43277 8.005474 2.406326 1.982958 2.344844 2.691947 3.420801 8.950892 28.74873 29.57582 29.10308 38.84565 42.10411
167.9383 199.8554 223.1282 225.44 195.8518 158.8221 127.1954 109.0518 88.15098 72.42289 58.94945 63.85498 65.4164 54.40998 46.5636 56.16258 56.80383 70.86124 87.58175 96.69037 87.1367 74.58554 54.19145 41.33851 41.85297 52.98912 69.86745 89.48107 87.90694 72.06503 61.27192 50.78541 76.47675 90.48131 92.84558 78.9567 58.3446 39.72543 26.11419 17.18856 14.0581 15.13772 16.63234 15.19894 14.86547 15.62265 17.00155 16.20798 14.02035 13.51586 8.058927 2.237105 2.119964 1.964465 1.426083 2.402856 10.06265 28.88271 35.62279 32.18777 33.20379 38.63664 34.6591
142.6336 190.9454 215.4582 218.8508 186.8977 139.4294 118.773 101.1788 82.61826 71.16517 65.94551 54.47023 52.83884 46.04702 44.76655 54.51975 54.72806 60.57561 66.79758 56.98221 48.45 44.68142 35.87957 28.8193 35.33822 42.87406 50.74585 52.14899 50.86594 49.64466 35.91537 61.87429 85.03587 87.47678 78.52789 59.50925 40.17227 23.6095 14.45439 10.13854 10.14551 11.03669 11.56767 13.76261 15.17541 15.34453 15.80782 17.98016 19.44051 16.15204 9.511326 1.074996 1.40674 4.02143 10.78244 20.62308 33.58762 37.80189 33.11923 26.58277 30.52238 30.07508 25.50295
122.4959 174.1051 204.5855 201.6629 158.958 98.42257 79.55095 69.00148 56.88225 54.51204 52.363 47.94149 46.00706 47.52465 51.02869 51.97133 48.81367 47.34692 45.73109 40.75982 30.48913 30.77175 25.59431 22.44773 28.48275 31.47582 33.69911 30.34978 27.02969 26.10661 34.73245 48.38316 57.22371 55.11871 47.94932 36.5764 21.46763 11.42385 8.046103 6.815587 8.975525 9.6522 10.11298 10.61389 13.44671 15.58507 17.2541 19.23866 20.03201 18.61728 7.097395 .9189398 .4591799 11.83914 26.37726 39.07582 38.90473 32.46609 23.82726 20.3624 24.89305 25.66085 27.52615
159.8054 194.2449 189.8077 147.0961 105.2009 67.94566 66.54563 53.9557 45.50247 43.63268 42.35563 42.91397 46.16702 50.79369 52.93656 47.95604 42.68244 45.15918 37.07792 30.3507 25.36476 25.59385 20.41064 22.08583 27.44129 28.78914 27.9684 27.9729 30.37954 28.55433 25.87722 29.7506 27.1168 26.69741 26.89931 22.03274 12.42725 10.25639 10.35264 10.238 11.51057 11.19224 10.5621 11.61747 12.91432 14.64326 18.5626 21.35478 19.92402 14.44661 2.589448 1.21555 1.480609 22.80922 34.80433 34.89764 33.57642 29.91635 25.88429 26.32463 30.47863 32.15904 31.36033
230.7629 220.5295 168.9636 121.1954 79.72541 71.4697 68.59406 56.24944 60.38207 66.65332 64.29919 64.57974 66.09818 56.84732 49.19374 45.91093 46.41283 42.12224 39.37327 30.77694 26.67378 23.63613 18.79155 21.57895 24.6172 27.11976 32.81821 40.30059 50.03235 47.81216 39.78605 32.93172 27.01314 18.40903 17.29884 18.4185 15.26342 14.43235 15.29551 15.51818 14.89543 15.27291 16.18913 16.69446 18.24578 22.53897 21.31838 21.08161 19.59261 9.248408 1.252673 2.171142 11.86584 32.2792 35.70496 33.02446 33.72937 35.63906 33.52518 33.33685 33.39698 30.7515 32.69373
227.4585 183.8297 144.4762 113.5267 75.04037 69.89658 61.18885 60.64041 68.78153 74.77565 82.90995 79.32346 69.73945 65.73975 54.91166 50.67345 47.84735 46.47859 34.44899 30.31253 25.64202 22.2601 19.27991 19.50609 24.28291 31.06304 44.30148 60.86441 66.01361 61.06935 49.23792 45.35509 48.2854 34.90391 26.87053 20.3177 21.96377 21.23993 20.3627 19.02843 19.25831 21.81517 23.62902 24.96659 29.22922 28.51241 25.03697 21.60978 14.12822 4.024759 6.117744 6.497201 23.90864 34.37671 35.17477 32.94078 34.53403 34.55268 34.89705 32.01622 31.61612 30.35441 31.6353
203.0408 143.7172 108.7849 84.89353 55.9931 58.36127 59.88938 61.37637 65.51257 68.90724 67.28945 61.70691 56.30397 51.85582 50.05317 50.16751 47.24611 37.59284 30.25925 25.56365 26.65432 22.7592 20.36687 21.63818 24.29277 35.61973 50.44806 64.27529 56.6074 54.2719 49.99826 54.5733 56.87403 45.29866 38.89816 33.85255 25.46307 20.38755 17.21346 16.5562 18.56903 18.83154 23.96853 29.44316 32.36665 30.435 26.37385 20.26744 10.64209 6.090975 9.993347 14.59856 22.15226 28.12952 32.1689 33.99544 34.5621 33.29688 35.96207 37.1871 34.0147 32.81317 33.81987
170.3052 118.4062 87.13343 63.64569 51.35914 63.04958 75.40432 78.94619 75.05252 75.33321 62.38928 55.31561 46.14805 39.03848 35.66252 37.63284 34.16535 28.54491 23.66307 23.50045 21.87388 21.90251 18.35762 19.25991 21.58496 35.27349 45.02453 54.47378 43.71556 37.09157 38.21492 42.74989 43.33208 43.40352 36.19948 30.18128 23.68434 19.5132 16.80583 14.3033 13.9423 15.82945 20.15093 23.52477 24.93126 23.85795 20.46503 15.27281 8.197854 7.252302 11.79257 15.57029 19.25941 23.81564 30.41534 33.06705 34.69675 35.81005 38.76969 37.31475 36.53303 37.31343 39.23028
165.8407 117.356 92.69595 66.03429 65.30756 79.67152 88.98701 86.9983 86.34533 76.8229 66.76545 53.49436 43.15058 37.43837 35.74438 29.00957 26.53607 25.74794 23.15916 22.00778 19.47951 18.86686 19.38184 20.3946 21.38969 36.51007 44.85415 49.13912 43.47583 32.23208 29.01498 29.17843 27.59439 28.91891 25.65496 21.97999 20.97131 16.61014 13.95381 13.7907 14.54958 16.65149 18.55006 19.42351 17.05566 13.51654 8.311512 5.977453 6.188471 7.26371 12.53281 16.50787 19.66788 25.92068 30.10679 31.39943 33.9809 36.80369 38.30835 38.15632 36.6147 38.25194 40.02374
169.4858 122.7042 95.16655 76.53212 75.4873 80.86182 70.32774 60.15703 64.89624 66.7355 56.24384 49.41641 44.95964 43.02888 37.02078 35.96134 29.0044 21.45691 23.76261 19.95375 17.81676 19.97968 21.87986 23.35262 29.29654 45.47429 49.61729 47.26233 37.06147 28.6749 26.98213 25.04195 21.38646 18.96875 16.20455 15.94767 15.65876 14.89839 15.61717 16.72888 16.41937 18.03488 18.7957 14.56987 10.61547 7.01333 4.705317 4.616429 6.356638 11.70757 15.92519 19.07938 20.33954 24.43846 29.64026 31.80687 32.27425 34.95506 36.73159 37.02327 37.26618 36.62868 37.52633
146.2246 104.2899 84.91877 68.07511 69.71754 60.63307 46.86193 46.43193 48.58664 44.98733 40.35032 35.29694 40.07186 40.12011 36.92107 29.25509 25.19727 22.81462 19.85342 16.90516 19.73463 22.23736 23.3336 25.95865 38.19921 50.95636 52.75578 42.98878 31.43939 23.57409 20.788 19.80316 18.239 14.50213 13.7416 12.48763 13.77522 15.30359 16.98236 19.60639 19.56031 20.18735 20.25731 13.99633 10.80855 8.928019 10.19057 12.84211 19.11614 19.84236 18.01336 17.69481 19.52024 22.56728 23.97697 25.42479 28.77561 30.48408 30.52368 31.95813 34.89349 35.79198 35.38733
102.021 77.60493 63.9379 52.89318 49.24473 38.35569 38.46151 46.21016 43.68428 33.90829 27.03225 29.2848 30.23176 27.66681 26.32048 28.21839 23.61472 20.46892 19.02105 20.10687 21.22088 21.12626 22.27671 29.76394 43.55661 47.36475 48.87484 35.33389 25.95943 19.90703 16.96666 16.84234 16.36324 15.97272 13.08193 13.40717 13.48051 15.34527 17.75744 19.26175 20.71753 22.30807 18.25695 14.99076 13.60961 12.98133 16.91973 19.98938 22.01348 19.78809 16.14055 14.82551 16.58876 20.42983 22.5465 21.6559 18.99685 20.38777 23.26295 25.44635 29.19617 32.09011 34.1932
75.14143 62.19856 53.38832 38.41778 30.27994 33.22057 44.03094 53.0509 46.28905 33.18718 29.18913 25.88005 24.63671 21.77188 19.62075 24.17828 23.87568 20.59225 20.03136 24.27172 24.55971 24.59894 27.84339 38.16228 41.82986 39.75109 35.46434 28.09455 20.84893 18.88761 18.52586 15.64808 17.15103 15.98389 14.24771 14.36967 13.78893 15.68763 18.24584 18.55328 18.99724 18.68681 15.46076 10.63918 9.705963 10.54244 12.75935 13.9792 13.72023 14.4113 16.89718 21.87918 25.15736 28.55081 25.16624 20.63599 17.66572 16.91005 17.95011 22.37163 24.86965 28.38549 32.5256
