py_wake/examples/data/AJ_ParqueFicticio/Rough survey   Sector 3   Height 30m   Orographic speed.grd
DSAA
73  159
 258469   265669
 6501692   6517492
 .05140821   2.584912
[rows 56 to 83 of 159, columns 0 to 62 of 73]
.953627 .9491857 .9623967 .9741176 .9869071 .9795133 .9652765 .9566331 .9536984 .9495683 .9476091 .943308 .9368364 .9326445 .9143747 .9154541 .920365 .9268367 .928331 .9317616 .9111241 .8963338 .9125872 .9277865 .9335741 .9325075 .9202181 .8884784 .890532 .9613571 1.126463 1.14747 1.062197 1.089999 1.144543 1.200529 1.257625 1.246731 1.187919 1.176951 1.288645 1.298342 1.326079 1.309642 1.332964 1.410377 1.48165 1.427164 1.394285 1.392208 1.511549 1.620135 1.528788 1.185836 .8950244 1.073313 1.425347 1.512852 1.318437 1.035653 .8014226 .8465272 1.078556
.9523671 .9375047 .9587348 .9765895 .9931973 .9707667 .9572823 .9497198 .9454246 .94446 .942639 .940169 .9356552 .9193696 .9149848 .9159957 .9182736 .9232994 .9275336 .9266274 .9296585 .922272 .9225975 .9311063 .9362932 .9374968 .9256006 .8975193 .9425704 1.051812 1.226476 1.150981 1.09509 1.120273 1.194857 1.22286 1.287466 1.241928 1.222043 1.213803 1.283562 1.329204 1.265026 1.250927 1.323702 1.413804 1.435627 1.337152 1.33679 1.379217 1.518061 1.559521 1.46241 1.109765 .890898 1.107209 1.41626 1.492235 1.285372 1.017104 .8274709 .7834759 .9401302
.9357546 .925196 .9562045 .980359 .9960263 .9630762 .944467 .9374399 .9355713 .9362791 .935843 .9341908 .9315881 .9199705 .9234109 .9237539 .9216852 .920934 .9191579 .9249965 .9371784 .9405934 .9404914 .9330322 .9364246 .9335797 .9245257 .9517958 .9906161 1.115966 1.22526 1.164994 1.120752 1.110403 1.163516 1.226321 1.281605 1.257467 1.22816 1.229905 1.277696 1.285762 1.220985 1.215395 1.31698 1.40044 1.385417 1.301565 1.291812 1.367008 1.476722 1.473163 1.391405 1.097708 .935013 1.132197 1.372874 1.432618 1.284289 1.049556 .8557473 .7603303 .8883976
.9174494 .9410916 .9821262 1.002463 .9976403 .9766681 .9356244 .9252902 .9264817 .9280494 .930241 .9337073 .9295977 .9172518 .9231719 .9261197 .9263535 .9229055 .9178923 .9267144 .9356231 .9452424 .9457293 .9391285 .9358318 .9278452 .9380904 .9676741 .9955963 1.120559 1.213403 1.178197 1.135367 1.118698 1.159933 1.258266 1.316741 1.28839 1.244131 1.229934 1.250116 1.214665 1.161096 1.197846 1.298191 1.360012 1.353739 1.294275 1.311099 1.368187 1.40658 1.368325 1.329312 1.108875 .9595597 1.089645 1.305516 1.408302 1.28416 1.071305 .8858331 .7415326 .9030581
.9225116 .957701 1.004275 1.012555 .9937271 .9686916 .9405133 .9147463 .9205285 .9245228 .9270508 .9280985 .9254581 .9121578 .9211465 .9259661 .92392 .9191698 .926874 .9397762 .9443188 .9452887 .9420926 .9413477 .9342277 .9185828 .9453005 .9579138 1.037582 1.117688 1.205656 1.181942 1.140522 1.129248 1.199938 1.313844 1.34256 1.336372 1.271761 1.235855 1.224638 1.161201 1.128386 1.199258 1.284157 1.320821 1.298459 1.29346 1.308429 1.347324 1.314056 1.255954 1.25219 1.122823 1.008698 1.048036 1.250502 1.391351 1.258464 1.054277 .8780184 .7770017 .907036
.956678 .9936883 1.013777 .9865679 .9527423 .9424244 .9229541 .91178 .9230649 .9258924 .9268203 .9262599 .9204002 .9219171 .9257493 .9278932 .9264605 .9174145 .9335136 .9463993 .9601495 .9510941 .945299 .9393739 .9248432 .9263423 .9492626 1.001766 1.075217 1.160748 1.203995 1.17576 1.14715 1.187385 1.245694 1.323827 1.33888 1.326631 1.285997 1.240539 1.197697 1.151187 1.154366 1.193236 1.273865 1.284217 1.247597 1.264827 1.335938 1.327414 1.242042 1.197736 1.197453 1.186891 1.01966 1.060021 1.238435 1.338945 1.23876 1.030929 .8822672 .8317565 .8451738
.9754088 1.0113 .9849964 .9658591 .9367822 .9134473 .9033061 .9147654 .9228219 .9285324 .9288807 .9272317 .9250603 .928608 .9285155 .9279442 .9266459 .9109412 .9338639 .9528141 .960344 .9553365 .9520289 .9425358 .927426 .9483093 .960035 1.039323 1.09743 1.162117 1.239695 1.197169 1.182606 1.233669 1.269254 1.328987 1.338657 1.312334 1.269891 1.222977 1.178495 1.145597 1.142576 1.177917 1.240225 1.264102 1.250966 1.25212 1.293565 1.316331 1.237359 1.134057 1.186238 1.175991 1.117909 1.064604 1.184783 1.269433 1.202943 1.019503 .8701114 .8350263 .8453051
.9852689 .9913249 .9702225 .9543037 .9348367 .9207765 .9175547 .9228919 .9255193 .9296538 .9313959 .9291316 .9313784 .9321799 .9310268 .927213 .9195411 .9058315 .9273825 .94902 .9477226 .9466109 .9522449 .9497978 .9476785 .9787936 .9985354 1.045998 1.117401 1.187156 1.232076 1.183061 1.175689 1.218177 1.294046 1.353181 1.345375 1.305794 1.262415 1.218271 1.179432 1.143463 1.113025 1.130663 1.218861 1.258503 1.246642 1.242929 1.280192 1.263439 1.207224 1.144665 1.218242 1.189125 1.122788 1.043489 1.123842 1.182261 1.138874 .9870477 .8459275 .8219036 .8465078
.9853951 .9765308 .9560446 .9464595 .9382372 .9299613 .9319193 .9370731 .9362946 .9316348 .9331316 .9356901 .9362002 .9357257 .9314375 .9260504 .9124767 .9217569 .935746 .9398907 .9350929 .9488283 .9539705 .9519795 .9656814 .9990602 1.011154 1.072289 1.160615 1.22 1.211176 1.176586 1.170864 1.212831 1.295722 1.313433 1.328601 1.295041 1.260355 1.228279 1.183026 1.118486 1.116729 1.143337 1.207493 1.251429 1.202246 1.212532 1.231299 1.210575 1.214922 1.185849 1.205552 1.135466 1.065961 1.027846 1.010416 1.071512 1.063203 .947507 .8526696 .8618363 .8497657
.9751467 .9677959 .944642 .9372832 .9358617 .9372479 .9399879 .951139 .9533938 .9334883 .9329159 .935885 .937699 .9377731 .9316852 .9226069 .9147063 .9339691 .9405818 .9396639 .9513816 .9677551 .972836 .9637623 .9746874 .988472 1.007881 1.088302 1.174336 1.211247 1.223998 1.153387 1.158545 1.230896 1.276747 1.284447 1.288017 1.263706 1.234786 1.209893 1.167607 1.118002 1.124462 1.162061 1.230201 1.206151 1.166667 1.19126 1.201405 1.155746 1.181841 1.237297 1.215705 1.116473 1.016726 .9609019 .9270234 .9688079 .9673026 .9203923 .9238427 .9277406 .8809559
.9595884 .9581487 .9354372 .9292215 .9322202 .9368532 .9448548 .948753 .9315468 .9222059 .9308817 .933273 .9330107 .9317271 .9268975 .9206898 .9283167 .94128 .9447975 .9411108 .9612637 .9894507 .9797394 .9734005 .9784195 .9783075 1.029464 1.107159 1.160736 1.20901 1.207608 1.179467 1.17286 1.260675 1.26277 1.263339 1.269849 1.23499 1.197188 1.167807 1.141662 1.119028 1.13724 1.178171 1.221157 1.169932 1.113583 1.198549 1.217905 1.118288 1.156173 1.258641 1.212052 1.087127 .9797057 .8663093 .8609622 .8979016 .9148953 .9471591 1.000588 .9946501 .9395812
.9521538 .9461227 .9305548 .9256319 .92662 .9376402 .9492828 .9469324 .9388096 .926237 .9284111 .9311893 .9304464 .9257557 .9197395 .9305588 .9419618 .9461606 .949104 .9582717 .9756199 .9885956 .9736452 .9711925 .9690618 .9833737 1.059469 1.114022 1.165313 1.207114 1.202083 1.193647 1.198784 1.263331 1.259657 1.247523 1.2522 1.230797 1.186835 1.146185 1.115114 1.147041 1.173405 1.189064 1.181501 1.097379 1.104996 1.218327 1.214976 1.065412 1.17735 1.294752 1.204812 1.079086 .9423321 .8110914 .8227353 .8488871 .8983423 .9596766 .9782324 1.005572 .9486104
.9496331 .9392933 .9234637 .9222088 .9274741 .9420477 .9509402 .9479566 .9447772 .935461 .9301926 .9295709 .927381 .9180877 .9246899 .942634 .9508961 .9553384 .9521106 .9610574 .9718924 .9647137 .9451406 .9532876 .9537706 1.034849 1.087112 1.101353 1.15235 1.206831 1.214831 1.211462 1.205873 1.240857 1.274348 1.249189 1.24554 1.223232 1.159182 1.141717 1.128727 1.176209 1.224424 1.223919 1.153229 1.104691 1.153759 1.218349 1.196419 1.056168 1.173445 1.296263 1.243021 1.073173 .9038891 .7751462 .721507 .8217919 .9367102 .9923002 .999204 1.011324 .9168419
.9429134 .936806 .9085405 .9102859 .9272356 .9513633 .9509952 .9485331 .94815 .9446085 .9383029 .9305735 .9235789 .9121817 .9484777 .9679894 .9707388 .9625532 .9567333 .9523203 .947161 .9274735 .9287564 .9432562 .9966664 1.073386 1.086712 1.112999 1.157676 1.218392 1.245486 1.231511 1.216449 1.220914 1.269969 1.259542 1.244922 1.218778 1.145894 1.150263 1.188255 1.210259 1.229354 1.203 1.12997 1.104717 1.1349 1.179253 1.139378 1.09001 1.212761 1.25298 1.159 .9933896 .8570047 .6707548 .6960405 .8170599 .9427047 1.007126 1.014635 .9836316 .9312977
.9374322 .935231 .9040466 .9020452 .933153 .9554152 .9465116 .9456836 .949588 .9500746 .9468712 .9408314 .9234021 .9229828 .9599485 .9939498 .9729177 .9589783 .9537969 .9498714 .9350018 .9003842 .9422044 .9674954 1.042554 1.071771 1.085444 1.105187 1.170471 1.242112 1.244578 1.236525 1.216861 1.226529 1.269978 1.275482 1.250777 1.211132 1.176924 1.178707 1.223991 1.240552 1.219655 1.151607 1.115507 1.092685 1.097254 1.103466 1.083521 1.106543 1.181741 1.116918 1.067766 .9804116 .8151147 .6939384 .6898644 .8268294 .9421574 .9880686 .9989116 .9750133 .9353656
.9390476 .9304292 .9120494 .9020329 .9435301 .9500459 .931839 .9349042 .9442366 .9524692 .9512157 .9340438 .9260339 .9425784 .9674342 .9900584 .96504 .9569863 .9525951 .9446775 .9278492 .9253074 .970996 1.013987 1.070758 1.068034 1.087226 1.10289 1.158029 1.227115 1.275644 1.251004 1.214821 1.252008 1.270997 1.280377 1.265214 1.222377 1.205243 1.215026 1.236515 1.22224 1.183192 1.125844 1.110352 1.092107 1.068041 1.067391 1.047705 1.079861 1.080505 1.033425 1.039059 1.033439 .9154495 .7432077 .7430767 .859601 .9517168 .9722894 .9926289 .9715942 .929419
.938811 .9130755 .8976695 .916909 .9405499 .9440879 .9114045 .9215107 .9418343 .9609308 .9475751 .942848 .9462544 .9522863 .9708358 .9778217 .9504336 .9495673 .9488375 .9431103 .9253597 .9351916 .9764622 1.025799 1.051251 1.063727 1.073344 1.091761 1.13048 1.258134 1.323092 1.285696 1.276267 1.303546 1.299909 1.30468 1.25726 1.222485 1.209844 1.21053 1.223123 1.208173 1.140875 1.136957 1.124079 1.092886 1.069615 1.038783 1.043883 1.053501 1.027886 .9783229 1.0353 1.109342 1.025044 .8319101 .8238125 .8845691 .9391778 .97478 .9965205 .9757488 .9403329
.9265723 .916678 .9210105 .9281585 .9329374 .9303703 .8949059 .9195392 .9614508 .962558 .9584488 .9562783 .9634562 .967166 .9683909 .9675578 .9363841 .9371696 .9377757 .9342902 .9210536 .9322799 .9789556 1.021689 1.049976 1.058113 1.053507 1.07429 1.185077 1.310427 1.355259 1.317662 1.32531 1.327094 1.31253 1.277831 1.243165 1.22883 1.22866 1.220297 1.224144 1.220386 1.135515 1.137549 1.11185 1.09566 1.029586 .9891537 1.025335 1.027337 1.024043 1.004979 1.071857 1.156989 1.071067 .8671142 .8304339 .8887152 .9402338 .9981685 1.034155 1.007867 .9673052
.92839 .9246268 .927764 .9336805 .9467635 .9271746 .8794147 .9289903 .979977 .9619951 .961309 .962368 .9672337 .9816161 .9776369 .952567 .9222416 .9297955 .9314497 .9257303 .9086136 .9446229 .9846244 1.028987 1.059151 1.061725 1.052427 1.084206 1.208851 1.379771 1.35751 1.331894 1.322944 1.324206 1.298234 1.258463 1.245098 1.232348 1.232081 1.245699 1.248049 1.16692 1.134739 1.152617 1.088558 1.098275 1.002694 .9374672 .9552149 1.005104 .9894667 .9961096 1.066977 1.129118 1.083593 .8294837 .795389 .8812469 .9466304 1.013063 1.057794 1.034627 .9456909
.9253082 .9270676 .9286425 .9283172 .9292705 .8951935 .8902294 .9403808 .9769358 .9565637 .954137 .9579099 .9643023 .968874 .9430086 .9261565 .9221985 .931248 .928184 .91783 .9208925 .9548274 .9904434 1.040181 1.058616 1.063516 1.055507 1.112529 1.218567 1.38592 1.386862 1.372187 1.335421 1.282732 1.271954 1.249398 1.237754 1.243687 1.213161 1.210427 1.19522 1.14711 1.119395 1.081193 1.044354 .9618841 .9718249 .877045 .9599225 .9920169 .9759769 1.011046 1.073438 1.089854 .9682909 .810807 .7912553 .8690655 .9172318 .9719555 1.028721 .971247 .8661128
.9175524 .9217551 .9259975 .925164 .9099504 .9009111 .9053484 .9350632 .9599105 .9526857 .949917 .9507335 .956476 .9511112 .9313339 .9103791 .918698 .927269 .9227355 .9164767 .9498715 .9682658 .9877788 1.029419 1.043727 1.048303 1.043682 1.108963 1.211679 1.399114 1.431325 1.391148 1.326478 1.268538 1.241146 1.229193 1.231644 1.23832 1.172433 1.154122 1.166929 1.079255 .9975028 .9912107 .9284393 .946686 .9482496 .9444797 .9920475 .9852409 .965315 .9665087 .9814857 .9846733 .8970285 .8681471 .8798931 .8789236 .8891721 .9471316 .9476297 .876793 .798744
.9153244 .9164805 .91887 .9168631 .8982623 .9117704 .9203174 .9351473 .9454957 .9488117 .9504936 .9505937 .9508495 .9479212 .941188 .9334658 .9249176 .922719 .9137736 .9270275 .9604797 .9794329 1.020392 1.046667 1.033973 1.025008 1.029572 1.090123 1.229872 1.447192 1.495556 1.430738 1.350107 1.285919 1.22795 1.201966 1.230086 1.196845 1.111212 1.134573 1.111871 .9924977 .9580011 .9604779 .9484874 1.010015 1.018252 1.002268 1.050418 .98365 .9359931 .9214818 .9206123 .92782 .9072337 .973002 .9352034 .8997661 .9121969 .9451594 .8979008 .8297847 .7789348
.91497 .9106394 .908072 .9045184 .8871136 .9078289 .9253765 .9375209 .940001 .9465161 .9493605 .9500559 .947456 .9464212 .9460844 .9462054 .9382964 .922711 .9024105 .9299529 .9627377 .9843348 1.051915 1.03764 1.019637 .993781 1.037062 1.110088 1.306192 1.496587 1.567114 1.456343 1.364067 1.283316 1.220487 1.192761 1.202991 1.190591 1.091939 1.089006 .995884 .9492729 .9693023 1.023717 1.065282 1.091907 1.065782 1.050227 1.046741 .9116282 .8938156 .8904326 .9202542 .9713607 1.008834 1.065476 1.013643 .9944793 1.008201 .9626338 .8644117 .8333709 .7811657
.9150956 .9099834 .9011272 .8878282 .8786054 .9080798 .9283087 .9462097 .9445006 .9449039 .9481911 .9485551 .9393708 .9429052 .9475449 .9473085 .9383012 .9100431 .9055671 .9399832 .9473722 .9825417 1.030007 1.015755 1.001073 .9993021 1.030304 1.179389 1.428892 1.604297 1.568573 1.428875 1.32839 1.247781 1.214476 1.195411 1.19236 1.143893 1.05243 1.006291 .9284276 .9475158 1.032584 1.086611 1.135635 1.138961 1.105067 1.04889 .9326171 .8821015 .8944933 .9262924 .9723261 1.041419 1.095105 1.137262 1.088803 1.097653 1.038204 .9398651 .8505214 .8213885 .7643312
.911553 .9079188 .8980136 .8716761 .8999606 .9203528 .9454452 .9429804 .9473548 .9465944 .9449207 .9421986 .9282802 .9423977 .9471376 .942966 .9291034 .92024 .93189 .9498618 .9516071 .9877785 1.003547 1.004395 .9866673 1.019711 1.092063 1.269109 1.498353 1.61552 1.543518 1.396677 1.274236 1.221503 1.199554 1.178569 1.147741 1.042571 .9895635 .9605942 .9436829 1.00572 1.120331 1.139529 1.148495 1.129536 1.074895 1.007967 .95763 .9335492 .9465441 .9834255 1.032576 1.08626 1.12005 1.146512 1.124004 1.078903 .9672022 .8684106 .8177736 .7664618 .7176576
.8988499 .8929579 .8774877 .8769584 .8986749 .9268953 .9381872 .9404112 .9453039 .9491383 .9511656 .9386389 .921785 .9464253 .9581053 .9395976 .9285011 .9403137 .953485 .9506947 .964843 .9940112 1.003966 1.000294 .988155 1.043541 1.149139 1.343559 1.537642 1.586523 1.466109 1.321847 1.222072 1.20337 1.189685 1.157514 1.099336 .9993128 .9678777 .9748667 1.030676 1.12723 1.1659 1.169318 1.156017 1.111516 1.04714 1.005567 .993151 .9874354 .9973357 1.016522 1.043909 1.079497 1.112745 1.142931 1.058344 .9818584 .887105 .8037198 .7676677 .7159913 .6695215
.8897481 .883918 .8893358 .8861803 .8924494 .9078283 .9210963 .9280568 .9362939 .9431008 .947017 .9177396 .9220035 .9357685 .9459169 .9406885 .9105094 .9404194 .9502184 .9556164 .9713071 .9861732 1.001314 .9908103 1.014553 1.05115 1.193111 1.402154 1.557236 1.565739 1.39432 1.280629 1.213279 1.20799 1.202793 1.127231 1.057913 .9616605 .9495498 .9966406 1.140331 1.214667 1.209762 1.183957 1.154054 1.101089 1.040782 1.012102 .999853 .9939662 1.00013 1.017987 1.042281 1.071222 1.108027 1.0991 1.009364 .9397629 .8636152 .7931858 .7533141 .6998227 .641121
.8876818 .8757734 .8818706 .8887376 .8906436 .8941996 .9113768 .9211608 .9290931 .9386739 .9391157 .9327626 .9275327 .9324107 .9367592 .9281948 .9218568 .9459385 .9371886 .953256 .9779719 .9835374 .9857925 1.000072 1.014205 1.126588 1.285095 1.467167 1.565996 1.529768 1.371086 1.271424 1.239679 1.209435 1.210794 1.097432 .9754456 .8997846 .9382479 1.100819 1.21743 1.229908 1.202529 1.157234 1.131881 1.073199 1.02428 1.004031 1.013522 .9905435 .9890198 1.005946 1.032306 1.061766 1.094203 1.041587 .9716496 .9203206 .8463246 .7850082 .746129 .6739148 .5998216
