py_wake/examples/data/AJ_ParqueFicticio/Rough survey   Sector 2   Height 30m   Orographic speed.grd
DSAA
73  159
 258469   265669
 6501692   6517492
 .2405694   2.345622
[rows 56 to 83 of 159, columns 0 to 62 of 73]
.9302323 .929298 .9361592 .9454339 .9504014 .9564104 .9451546 .9389992 .934862 .9344218 .9348267 .9349115 .9276106 .9213073 .9169163 .9172696 .9222825 .9285696 .9259262 .9209023 .9155571 .9092392 .9129627 .9215144 .9280027 .923361 .9202657 .9138581 .9229225 .9654375 1.086711 1.162653 1.132643 1.188015 1.200441 1.225616 1.263535 1.2943 1.312946 1.323015 1.366965 1.380573 1.418785 1.396031 1.386937 1.395387 1.431967 1.386286 1.316827 1.255079 1.286696 1.314638 1.245252 1.063739 .9047702 .9463654 1.067471 1.116845 1.052804 .9560089 .8977353 .9093674 .861867
.9325916 .9125342 .9239943 .9459122 .9558799 .9493313 .9409863 .9321718 .9277504 .9282873 .9302497 .9324063 .9325949 .9180248 .9224874 .9215834 .9226118 .926122 .9282906 .9207355 .9319181 .9275622 .9217153 .9312083 .9326263 .9305003 .9252397 .933014 .994516 1.073349 1.177975 1.171535 1.18801 1.225185 1.264751 1.267514 1.283451 1.281203 1.338737 1.347938 1.368584 1.393237 1.316786 1.300733 1.341468 1.379583 1.372595 1.294871 1.279798 1.273195 1.311684 1.289936 1.186739 1.017549 .9538964 1.049883 1.119836 1.129253 .9994398 .9026738 .8585314 .8442873 .8430108
.9043339 .8832442 .9066303 .9371119 .9541521 .9353209 .9273818 .9172873 .9149189 .9173234 .9214413 .9257699 .9244794 .9098193 .918029 .9234421 .9226264 .9216017 .9200953 .9192863 .9328924 .9388111 .9362217 .9412682 .9374794 .9309463 .9284183 .9603525 1.015886 1.094469 1.127538 1.141111 1.156027 1.181547 1.204022 1.237742 1.239979 1.254673 1.29456 1.326693 1.346496 1.340838 1.261247 1.233641 1.284959 1.324651 1.286075 1.224986 1.225258 1.26607 1.285032 1.218989 1.122774 .9839267 .9732682 1.061414 1.110537 1.086682 1.005796 .9345019 .905766 .877128 .8902227
.8828663 .8960515 .9113041 .9330996 .9455681 .9386826 .9160152 .9025373 .900946 .9053054 .911432 .9174412 .920189 .9043341 .9099689 .9187332 .923126 .9198502 .9184073 .9202661 .930764 .9475815 .948304 .9482028 .9428306 .9312519 .9358137 .9410485 .950345 1.02757 1.061317 1.053466 1.063715 1.098722 1.120627 1.202276 1.238543 1.246562 1.267913 1.285758 1.298551 1.259144 1.203933 1.200785 1.231044 1.266158 1.232278 1.181913 1.203184 1.2414 1.233799 1.144794 1.064327 .9698074 .9466113 1.021455 1.047519 1.067101 1.009109 .9445527 .9069085 .8775307 .9170457
.9116991 .922745 .9421236 .9532074 .9515821 .9351864 .9186393 .8867334 .889479 .8957166 .9008752 .9048358 .9061673 .8952219 .9053006 .9158592 .9212649 .9188508 .9239399 .9297007 .929576 .9380932 .938321 .9471142 .9467766 .9347302 .9446266 .9375298 .985445 1.00032 1.048651 1.041934 1.028709 1.044966 1.117135 1.209094 1.231155 1.244232 1.235188 1.241606 1.238787 1.183236 1.162866 1.196461 1.2118 1.229192 1.197087 1.180073 1.18353 1.215213 1.17981 1.072732 1.001671 .9455599 .9777517 1.009295 1.028437 1.079652 .9991296 .9206477 .8664618 .8809824 .9472421
.9419307 .951565 .9644552 .9401119 .9129378 .9110841 .8963931 .8810013 .8861839 .8931557 .8964404 .8978792 .8979258 .905285 .9105264 .9182262 .9254007 .9192294 .9267763 .9360008 .942817 .9504632 .94482 .9447024 .9404504 .9442959 .9638871 .9988323 1.0481 1.091059 1.08927 1.053658 1.042392 1.115804 1.157667 1.203627 1.217723 1.223302 1.218765 1.202369 1.172674 1.153506 1.175486 1.173678 1.196109 1.185366 1.155126 1.153369 1.179048 1.1701 1.101759 1.058183 1.002337 1.007135 .9481016 1.015471 1.050495 1.059613 .9834546 .8817617 .8418407 .8632168 .8563219
.9576421 .9692843 .9501578 .9322987 .9109868 .8943637 .8915528 .8919833 .8924718 .8969969 .8972976 .899313 .9074401 .9125018 .9133753 .916932 .9228435 .9099883 .9215214 .9415958 .9392539 .9426834 .9466958 .9488857 .9500306 .9695452 .9896242 1.038758 1.070552 1.098613 1.172088 1.15907 1.152604 1.175611 1.181033 1.210882 1.215468 1.202108 1.188751 1.166618 1.150492 1.146605 1.162877 1.172553 1.153415 1.165058 1.158416 1.158354 1.146627 1.143336 1.109281 1.02107 1.017809 1.015122 1.032392 1.034837 1.057433 1.018664 .9647771 .8744402 .8225762 .7917556 .8213084
.9635959 .9498373 .9369326 .9283854 .9168563 .908081 .9039341 .8983005 .8962177 .901185 .9046139 .9101613 .913144 .9138209 .9127505 .9108284 .9079019 .8984824 .9122177 .9317216 .918965 .9201837 .9347531 .9498871 .9579903 .9892954 1.020378 1.048711 1.08617 1.125438 1.150872 1.133885 1.137249 1.158598 1.199958 1.233387 1.222693 1.194359 1.1792 1.156402 1.140824 1.131152 1.123208 1.121429 1.142175 1.154253 1.156881 1.134278 1.13053 1.070241 1.011735 1.041136 1.084306 1.055174 1.009288 .9701144 .9946031 .9472728 .8976622 .8179821 .7678438 .7835371 .7945358
.9609315 .9360861 .9252064 .9209148 .9170545 .9116285 .9065496 .9019458 .9009523 .9044198 .9061342 .910566 .9149213 .913571 .9102229 .9066848 .9015199 .9089862 .9150807 .9151311 .907144 .9098526 .9201348 .9347697 .956605 .9999679 1.010365 1.057281 1.105096 1.139148 1.123165 1.115898 1.122852 1.156297 1.203904 1.20423 1.206924 1.185452 1.173432 1.158015 1.12082 1.076547 1.079626 1.101394 1.116356 1.143301 1.097159 1.088267 1.070341 1.040956 1.009342 1.041918 1.071812 1.000756 .9522504 .9193428 .84588 .7987437 .7261159 .6808856 .6380519 .693608 .7616151
.9517562 .9286118 .9140382 .9106863 .9108163 .9111844 .9078222 .907205 .912096 .9088863 .9061507 .9093954 .9132947 .9128391 .9084488 .9007736 .9019769 .9162234 .9206536 .9198742 .9248638 .9219402 .9261448 .9452035 .9551905 .96893 .9750378 1.030128 1.081316 1.097285 1.087639 1.07603 1.092112 1.136084 1.158499 1.154782 1.151085 1.147824 1.14306 1.110224 1.087024 1.07315 1.081244 1.117565 1.148546 1.118629 1.070777 1.064513 1.073407 1.040888 1.009278 1.040337 1.05628 1.023814 .9162649 .8541859 .7763579 .7367904 .6487952 .565159 .6293209 .6927318 .7150989
.938738 .925725 .9057481 .9024249 .9030846 .9055 .909867 .9134862 .9075375 .9068498 .9093797 .9105219 .9102544 .9085401 .9047084 .9041412 .9152014 .9242776 .9299818 .934577 .9429699 .9497215 .9538592 .94989 .941421 .9362037 .9669665 1.017955 1.046854 1.067658 1.05902 1.059563 1.082531 1.119883 1.124217 1.118741 1.10514 1.096677 1.079009 1.0491 1.05776 1.052892 1.073609 1.114018 1.148194 1.103955 1.037039 1.059167 1.081114 1.039849 1.010831 1.056709 1.067763 1.008294 .9521608 .8377439 .7617338 .7252315 .6873254 .6644989 .7243394 .7377884 .7748062
.9293044 .9196865 .9048324 .898347 .8974127 .9012186 .9067115 .9112046 .9123296 .9050403 .9063113 .9084025 .9077256 .9026214 .8993443 .9068202 .920231 .9286941 .9410082 .9486154 .9616103 .9564923 .9429834 .9353384 .919807 .9263523 .9793115 1.00879 1.039382 1.058015 1.055056 1.066446 1.095351 1.11117 1.10235 1.099354 1.090021 1.069763 1.063016 1.018449 1.003083 1.032908 1.070474 1.097367 1.098356 1.046039 1.054102 1.099801 1.116678 1.033139 1.07565 1.109492 1.073824 1.02018 .9434896 .8537508 .7995209 .7444811 .767491 .790605 .8132979 .8412048 .8037546
.9247376 .9187117 .9057469 .8970388 .8936825 .8966441 .9047133 .9080695 .9097355 .9045939 .9015628 .9034219 .9056589 .8974299 .90306 .9121708 .9210222 .9337006 .9429937 .9492468 .9566165 .939625 .9068978 .9098895 .9042503 .9667633 1.005293 .9980544 1.01428 1.03982 1.051587 1.073104 1.092128 1.093867 1.091649 1.093572 1.088604 1.059638 1.037061 1.011235 1.009196 1.069506 1.118298 1.112579 1.056856 1.026402 1.060664 1.080171 1.062643 .9925686 1.056021 1.114964 1.107655 1.018098 .9242403 .8727818 .7747905 .7595358 .8013968 .8184312 .8303814 .8360198 .7696845
.9112049 .9151945 .8968291 .8894251 .8897821 .8956727 .9057572 .9031996 .9042568 .9019518 .8980089 .8971211 .9021419 .8940809 .9172515 .9276336 .9328465 .9451756 .9465055 .9415722 .9324769 .9107314 .8886661 .8973593 .9385615 1.001501 1.007236 1.004723 1.018185 1.036677 1.057738 1.069869 1.08541 1.070599 1.091514 1.098767 1.093272 1.075021 1.032386 1.042014 1.107652 1.142337 1.148241 1.112684 1.049118 1.045404 1.043743 1.029117 .9663782 .949186 1.064326 1.058198 .9781262 .8686039 .8055519 .7196898 .7481242 .75651 .794856 .8138296 .8021446 .796862 .7910258
.8904341 .9009485 .8959945 .8786654 .891266 .8973207 .8998678 .8969991 .8968605 .8969176 .8946817 .8958606 .8964385 .9016576 .9346007 .9594674 .9595565 .9512179 .9440619 .9383156 .9234944 .9031842 .909722 .9304996 .9841466 1.003566 .9984452 1.003598 1.030944 1.053405 1.04787 1.048511 1.064698 1.071931 1.109038 1.118816 1.109072 1.088518 1.080574 1.098037 1.142311 1.172051 1.143842 1.094194 1.045699 1.047403 1.020978 .9829273 .9271942 .9219717 .9501637 .8608425 .7624353 .7092438 .68816 .7094778 .757746 .8049032 .8333722 .833056 .8196215 .8267643 .8262025
.8793908 .8808996 .8810216 .8744023 .9032828 .8941458 .8852658 .8821661 .8841162 .8885326 .8943089 .8988578 .9112215 .9292823 .9542493 .9601188 .9450268 .9385494 .9347783 .9315891 .9244142 .9263521 .9484061 .9769983 1.015344 1.004283 1.000239 1.0057 1.009556 1.030067 1.075489 1.089923 1.089174 1.116219 1.133941 1.141748 1.143704 1.124636 1.116593 1.127902 1.132362 1.143672 1.117777 1.073309 1.061843 1.059673 1.03817 1.000595 .9299083 .9037179 .832211 .7679411 .7272447 .7440323 .7608998 .7250119 .7832251 .8624254 .8930663 .8859916 .8632759 .8653756 .8506836
.8864858 .8831829 .8859904 .892913 .9015727 .8971544 .867853 .8673567 .8783023 .8993013 .9068543 .912979 .9201208 .9278941 .9477339 .9440315 .9170677 .9159021 .9181904 .9211074 .9203295 .9225532 .9497252 .9766764 .9817421 .9961655 .9876755 .9860039 .9724787 1.052063 1.108564 1.118169 1.149017 1.180648 1.177401 1.18347 1.157635 1.131342 1.119836 1.113051 1.113182 1.121091 1.087067 1.079693 1.077312 1.064947 1.057077 1.025975 .9797446 .9575216 .904442 .8658025 .8958789 .9000127 .8891167 .8436855 .8713322 .8954424 .9186669 .9282867 .9180521 .9226264 .9253303
.9006307 .9014738 .9048625 .8934739 .8856921 .8841935 .8602847 .8630609 .886695 .8991535 .9079233 .9133899 .9184182 .9194182 .9242625 .9289169 .8914022 .888859 .8938115 .8984341 .9007024 .8981124 .930822 .9500928 .9634473 .9766529 .9693845 .9742523 1.031631 1.108891 1.157057 1.151707 1.191817 1.219198 1.203927 1.161033 1.134909 1.133621 1.143371 1.135022 1.135908 1.146597 1.090895 1.082074 1.071712 1.05425 1.032997 .9823756 .9959953 .9835942 .9723427 .9539014 .9969019 1.031668 .9857875 .9107227 .8834614 .905257 .9352664 .9634805 .9916678 1.009728 1.023386
.9026631 .9036013 .9029464 .8921524 .8843201 .8791641 .8612893 .8722167 .8927561 .8918077 .8992575 .906817 .9096935 .9126971 .9185616 .9053295 .8703271 .8699371 .8742073 .8727289 .8697425 .8917243 .9214393 .9425223 .962586 .9681984 .9690208 .9922964 1.059577 1.166951 1.170142 1.178352 1.202415 1.217768 1.185635 1.146758 1.136365 1.134463 1.134801 1.146505 1.157389 1.108142 1.092788 1.099281 1.060084 1.04324 .9864608 .9153991 .8954014 .9137187 .8935574 .9160695 .9844747 1.024864 .9946595 .8615056 .8402072 .8846318 .9372744 .9667826 1.0028 1.004893 .9428523
.8892714 .8962976 .9003709 .8915355 .8755859 .8560547 .8687895 .8890081 .8930221 .8809789 .8859744 .8939842 .9024694 .8898076 .8776364 .879084 .868202 .8701391 .8688102 .8575098 .8732165 .8896388 .9120321 .9395974 .9492684 .9540906 .9576208 .9912072 1.043232 1.118022 1.147482 1.173656 1.168642 1.156973 1.160743 1.148731 1.140677 1.147571 1.115772 1.095092 1.060523 1.034555 1.020342 .954335 .9441811 .8363395 .8368508 .790233 .8432153 .8531654 .8333533 .8540925 .8650095 .8561355 .7779791 .6807471 .7521341 .8246166 .8887903 .9075885 .9245277 .8782026 .8041524
.8725326 .8833987 .891489 .8903287 .8673929 .8690276 .8741671 .8845866 .8829355 .8720887 .8752297 .8801336 .8861737 .8696887 .8654113 .8634762 .8671153 .8709484 .8702944 .8636827 .8850627 .8810844 .89546 .9153488 .9218915 .9226439 .9197255 .9431611 .9881483 1.091015 1.146998 1.152951 1.135846 1.124318 1.127393 1.134711 1.132467 1.127 1.078808 1.037112 1.026164 .9505172 .830012 .7828779 .7055928 .7191582 .7255859 .7768909 .8453542 .8562114 .8277407 .8009699 .7611454 .689891 .6063593 .6350457 .7301653 .7547839 .778534 .8078994 .7971925 .7211646 .64539
.8644669 .8699764 .8766216 .8777229 .8488125 .8525666 .8605574 .8678856 .8674238 .8637967 .8691617 .8710692 .8685641 .8646235 .8663748 .863438 .8578426 .8600954 .8628306 .8637605 .8929083 .9073865 .921223 .9405913 .9209096 .8912114 .8764996 .8901734 .9677065 1.100986 1.187237 1.180375 1.161278 1.136452 1.105218 1.077405 1.077629 1.050409 .9899902 .974411 .9485078 .84925 .8006722 .7730212 .7872071 .8816652 .8845491 .894338 .9484754 .8934778 .8274585 .7764699 .7251043 .6860077 .7029834 .7712364 .7604423 .7552121 .8099118 .851297 .7891105 .7137777 .6695516
.8583117 .8551591 .8563471 .8528416 .8259071 .8310512 .8435638 .848684 .8530334 .8580924 .8649821 .8693618 .8628867 .86097 .8596575 .858419 .8511098 .8422809 .836498 .8549098 .8945441 .8982843 .940523 .9317286 .9075825 .8671041 .8802308 .9020749 1.031546 1.187997 1.277626 1.236514 1.197203 1.139519 1.097678 1.086899 1.085873 1.061523 .9847239 .9456156 .8499654 .7972781 .8023506 .8504105 .9451228 1.009295 1.018404 1.031892 .9997633 .8844709 .8091807 .7756373 .7936944 .8493097 .9244014 .9993866 .9772722 1.013148 1.046456 .9990103 .9035072 .839516 .7686273
.8522225 .8432465 .8377286 .8279834 .8136458 .8220233 .8327644 .8478066 .8538969 .8528548 .858799 .8634166 .8472379 .8476246 .850953 .8507165 .8424117 .8254879 .8320965 .8527483 .8638694 .8812561 .9095072 .8943725 .8910556 .8874738 .8980874 .9946347 1.169489 1.307296 1.300758 1.225774 1.176084 1.108647 1.089822 1.088279 1.078158 1.032421 .9598583 .877691 .7932822 .7939855 .8852465 .9548675 1.034826 1.067344 1.055296 1.01299 .9109299 .888476 .9022275 .9208907 .9507782 1.006726 1.063647 1.123927 1.135222 1.174271 1.134327 1.057976 .9868107 .9388933 .8648097
.8436317 .8327534 .8228858 .8143646 .8290009 .8352883 .8415914 .8452643 .8449649 .840884 .8409695 .8472049 .8246566 .8351483 .8473402 .8493895 .8496925 .8528038 .8520349 .8574796 .8686529 .875003 .8796115 .8772432 .8786244 .9092591 .9724482 1.094336 1.250411 1.340279 1.304087 1.199546 1.128275 1.075599 1.055149 1.038272 .9920887 .9216691 .8707653 .8380681 .8322062 .9269125 1.057563 1.081363 1.088711 1.090175 1.05143 .9979876 .9604947 .9701821 1.006661 1.050426 1.082712 1.123067 1.127347 1.144756 1.163404 1.123328 1.056067 .9919189 .9545431 .9029303 .8619351
.8322908 .8236467 .818481 .8232022 .8320487 .8452882 .833613 .8305253 .8292676 .8257856 .8217475 .8201868 .8044216 .8289043 .8550876 .8543618 .845129 .8583232 .8714638 .8771796 .8763272 .8826945 .8805065 .8629915 .8606429 .919898 1.002568 1.130334 1.257543 1.281085 1.210832 1.123149 1.072535 1.041532 1.032706 1.010778 .9561872 .8929197 .8534821 .846492 .8995435 1.014527 1.071992 1.098563 1.093262 1.073717 1.056859 1.037564 1.038878 1.044353 1.060923 1.077791 1.089932 1.097226 1.101227 1.105395 1.073459 1.010165 .9532145 .9143208 .8931918 .8648421 .8312608
.8195268 .8099021 .8182845 .817953 .8168328 .8178383 .8023176 .8041722 .8075666 .80726 .8010885 .791831 .7997519 .810779 .8261803 .8248328 .8007 .8425473 .8530428 .8595868 .8653731 .8728437 .86806 .844897 .8639109 .8861106 1.000277 1.149072 1.251582 1.246414 1.141423 1.074245 1.049443 1.038079 1.036037 .9942829 .9265826 .8729299 .8323634 .8354883 .973846 1.077881 1.101475 1.104591 1.08629 1.060497 1.056577 1.052794 1.052824 1.053104 1.054336 1.058351 1.062529 1.066829 1.071209 1.050868 .9983038 .9529349 .9186866 .8965262 .8798758 .8581161 .822391
.8039539 .796447 .7999786 .805574 .7998117 .7912256 .7881701 .7881704 .7893084 .7877084 .7951643 .8000852 .7914881 .7913345 .7872056 .7775289 .7849339 .8256615 .8263205 .8322011 .8570673 .8625251 .8566324 .8620514 .8528349 .9302572 1.058866 1.202183 1.265578 1.227159 1.135947 1.084216 1.082678 1.0913 1.06942 1.012375 .889309 .809256 .799867 .96412 1.078887 1.095075 1.088687 1.076413 1.031755 .997912 1.014642 1.012288 1.04447 1.046669 1.033411 1.030653 1.033632 1.035176 1.024719 .9779159 .9379498 .9195547 .8932523 .878864 .8786232 .8375888 .8012981
