py_wake/examples/data/AJ_ParqueFicticio/Rough survey   Sector 8   Height 200m   Orographic turn.grd
DSAA
73  159
 258469   265669
 6501692   6517492
-11.06624   14.65756
[rows 54 to 80 of 159, columns 0 to 61 of 73]
-.1974287 -.1102558 -.08541982 .0006576279 .09231429 .1599775 .1077356 .06331869 -.02421195 -.1236031 -.2026381 -.2644825 -.2935201 -.3346889 -.3106329 -.3168131 -.3742258 -.3491494 -.2808016 -.1842352 -.1461927 -.1926658 -.2386017 -.2234335 -.1137521 -.06434537 -.06304002 -.0004811682 .1796494 .502178 .8349328 1.119674 1.175685 1.316793 1.55717 1.784541 2.077761 2.263553 2.155556 2.179338 2.368833 2.805106 3.118133 3.46014 3.806007 4.233834 4.489427 4.663653 4.969908 5.448245 5.90281 6.128872 5.701228 4.737071 3.947712 3.858178 3.908603 3.739959 2.966323 1.906142 1.149161 .9012842
-.1245787 -.07055365 -.02391448 .08979741 .170161 .174583 .1194718 .03088297 -.04458833 -.1154203 -.1713421 -.2270605 -.2471305 -.3012369 -.3300629 -.3428636 -.3441101 -.3318631 -.2221732 -.1309681 -.1478903 -.2209872 -.2254341 -.1559007 -.1001918 -.05439877 -.06829067 -.1056788 -.007494877 .3963843 .7768127 .9761565 .9483142 1.054611 1.233656 1.478419 1.73048 1.875976 1.72918 1.724446 2.084626 2.35596 2.812551 3.233286 3.722463 4.387422 4.831759 5.053223 5.323049 5.637682 6.069189 6.177855 5.62669 4.497545 3.616773 3.690189 4.053376 3.956356 3.033519 1.789597 .7554342 .6272573
-.05778463 -.05112673 .09248505 .160048 .2387577 .1530678 .09669971 -.004144244 -.02380298 -.1249105 -.1687751 -.2561934 -.2744672 -.2708942 -.3457401 -.3671903 -.3648355 -.3327355 -.2745061 -.1899945 -.2554786 -.2766125 -.2003991 -.1293396 -.0929864 -.0469511 -.07500777 -.1293103 -.01779421 .4290736 .8411306 .9080568 .8515262 .8628843 1.117832 1.395756 1.621129 1.640902 1.505581 1.557197 1.924893 2.113667 2.437498 2.906923 3.540239 4.280341 4.900129 5.216702 5.482 5.792717 6.065936 6.061161 5.437388 4.236418 3.285776 3.491963 4.097745 4.143753 3.225434 1.759075 .5458301 .2781132
-.061384 -.01052909 .1701766 .2308174 .2762969 .1465843 .04922643 -.004763772 -.06636105 -.1116667 -.167907 -.2327289 -.2935387 -.3458525 -.3663068 -.361285 -.3704425 -.3325026 -.2680738 -.2243531 -.2333533 -.2313325 -.1652793 -.141165 -.07147667 .01896896 .02988623 .02787706 .2223269 .7236331 1.120834 1.142266 1.000849 1.055194 1.271198 1.572806 1.821995 1.749666 1.674508 1.680089 1.919584 2.155094 2.468593 2.892838 3.53281 4.304606 4.897185 5.226944 5.580165 5.880238 6.033865 5.929904 5.241486 3.978222 3.055162 3.232871 3.863464 3.998847 3.158229 1.769907 .4585184 -.05986055
-.04215918 .09621765 .2623365 .3540695 .3736042 .2265166 .07237667 -.00117572 -.049626 -.08021891 -.1342481 -.2155056 -.2226429 -.2582048 -.2847027 -.3228723 -.3272275 -.3104644 -.292169 -.2499567 -.1616743 -.1704217 -.1302769 -.1186198 -.06315526 .01686204 .122095 .3503052 .7742518 1.330372 1.762833 1.738536 1.619003 1.564913 1.76825 2.050482 2.330003 2.268539 2.088632 2.03652 2.210892 2.385157 2.605761 3.04437 3.683064 4.397421 4.979856 5.358898 5.717248 5.987296 6.079681 5.861282 5.106702 3.951518 3.103599 3.245261 3.709792 3.75485 2.97282 1.663975 .3475564 -.3330551
-.08569696 .1459579 .4330278 .5252492 .469383 .3205372 .1049176 .01742427 -.0104006 -.0531801 -.08897277 -.09661675 -.171208 -.2016642 -.2153108 -.24417 -.2694908 -.2467432 -.2452785 -.1793328 -.1413807 -.1063759 -.06447139 -.0933211 -.01610635 .07624023 .2726837 .6815205 1.293303 2.023823 2.476881 2.541481 2.452908 2.413046 2.636619 2.849112 2.998846 2.92917 2.647743 2.500148 2.54561 2.602985 2.817204 3.164263 3.782345 4.424998 4.945438 5.445025 5.880888 6.195254 6.150107 5.816181 5.130674 4.141177 3.394807 3.361449 3.661877 3.665699 2.902883 1.564696 .2617902 -.4470131
-.1252414 .1675447 .4942011 .5318309 .4443804 .3166476 .1283915 .02129201 .005984741 .0001612747 -.006425457 -.0250291 -.07517117 -.1482995 -.16257 -.163477 -.2290978 -.2217627 -.1916942 -.0814874 -.036237 .002721088 -.004702284 -.03722916 .00371564 .05119974 .3326779 .7820308 1.441195 2.220166 2.787745 2.981478 3.038309 3.134592 3.395875 3.627709 3.703099 3.602287 3.315982 3.062119 3.031767 3.022391 3.0994 3.359814 3.802458 4.307406 4.756999 5.211273 5.766687 6.168492 6.134293 5.747859 5.094609 4.343528 3.663494 3.475464 3.637644 3.583742 2.86086 1.543294 .2775511 -.34549
-.04139695 .2802959 .4357598 .3811997 .2643508 .1670188 .07974856 .02763038 .07663672 .05253708 .04931723 .02498318 -.03203223 -.07154515 -.09373271 -.1204741 -.1674766 -.1782743 -.09722307 -.004802019 .09660088 .0972712 .08789285 .05959806 .05577169 .1524141 .4540738 .9279134 1.460401 2.198193 2.737062 3.02345 3.194082 3.382869 3.774442 4.067768 4.188536 4.078784 3.853622 3.618226 3.495416 3.413197 3.479585 3.626813 3.953704 4.269698 4.592062 4.966717 5.524614 5.93475 6.040168 5.764594 5.122013 4.411314 3.829733 3.621859 3.645715 3.485623 2.82218 1.637 .5036335 -.08149093
.01429823 .2992329 .2545359 .1837838 .06818204 -.01372288 -.05498077 .01620658 .0552925 .08095613 .07831256 .05454592 .0160641 -.0005497572 -.02372569 -.0598814 -.09904017 -.1154466 .02297463 .09673288 .2257692 .2012251 .2027008 .1507311 .1815435 .3273434 .615005 1.083129 1.606342 2.197269 2.628711 2.879341 3.053012 3.402448 3.875295 4.269704 4.454619 4.401258 4.214962 4.035851 3.834208 3.707758 3.703857 3.866709 4.129021 4.343151 4.577947 4.787388 5.160999 5.551326 5.672479 5.642309 5.228644 4.51954 3.918219 3.656719 3.655924 3.422589 2.827725 1.75952 .7532676 .2417209
.06380393 .2243345 .1512379 .02303579 -.06478492 -.08058046 -.05185249 .05456264 .09980301 .1355475 .1200871 .06483134 .0678831 .06375147 .05246272 .04118659 -.00668807 .004213407 .08656424 .2112648 .3067134 .3622528 .3854049 .3859486 .4258377 .6649262 .9308247 1.327896 1.872808 2.374845 2.730912 2.848863 3.01966 3.417562 3.918637 4.369495 4.570251 4.571992 4.471968 4.3384 4.13309 4.013172 3.9942 4.129529 4.330558 4.47031 4.583157 4.771309 4.93726 5.187021 5.34612 5.41546 5.279366 4.693729 4.068453 3.748747 3.745058 3.547683 2.999768 2.123986 1.180588 .6639613
.1100928 .1678675 .06545675 -.02652003 -.06966618 -.0788455 .02329131 .1158883 .1566432 .1469521 .1464499 .1360157 .1011206 .1293387 .09618536 .09535065 .0358133 .09599192 .2051151 .3089441 .3515307 .5147865 .5909619 .652999 .78175 .9924268 1.329128 1.80092 2.348091 2.754541 2.988627 3.042228 3.164629 3.504176 4.003007 4.395097 4.634812 4.648835 4.612632 4.493351 4.400871 4.313834 4.36127 4.547623 4.613221 4.645927 4.627066 4.768778 4.829203 4.84825 5.04019 5.187496 5.19743 4.753882 4.056908 3.64099 3.631945 3.617881 3.338497 2.684191 2.040556 1.569358
.1013231 .1369548 .02866752 -.06010691 -.08011013 -.03045065 .05218941 .1816485 .1976782 .1382229 .1586724 .1696003 .1695137 .1859148 .1395157 .1361404 .1236931 .2067119 .2595653 .3571806 .496221 .698343 .832619 .8807139 1.064023 1.346536 1.782771 2.335488 2.899863 3.270238 3.454309 3.401062 3.521481 3.863333 4.26447 4.536812 4.716733 4.737632 4.689538 4.71781 4.603464 4.496555 4.618968 4.809113 4.903754 4.787391 4.679245 4.681816 4.660904 4.576007 4.628953 4.880635 4.868385 4.583891 4.012063 3.356742 3.120298 3.110802 3.084013 2.988063 2.724175 2.332149
.04740681 .08834298 -.006422754 -.07119075 -.02345343 .02914446 .10074 .1687852 .1283162 .09337797 .1513008 .150469 .1626009 .1736255 .1804571 .1787714 .1983919 .2978891 .3188972 .3598692 .5530486 .8293652 .9257404 1.019629 1.303979 1.634159 2.180538 2.771161 3.381948 3.737432 3.889986 3.889872 3.974834 4.244317 4.507572 4.692248 4.776001 4.727194 4.796011 4.829422 4.74975 4.725867 4.866431 5.052431 5.090565 4.952308 4.737223 4.710345 4.616541 4.434376 4.370439 4.481137 4.349944 3.901264 3.338428 2.756967 2.366956 2.317417 2.221356 2.345889 2.449232 2.355883
.0666064 .05501483 -.03556424 -.05266165 -.03756904 .1082146 .2041651 .1870267 .183237 .1461154 .164834 .1832563 .1793135 .1797195 .2087858 .278501 .3330899 .3632632 .3835622 .4693277 .6363415 .8419704 .9400323 1.104335 1.44673 1.877635 2.459324 3.118945 3.701501 4.089887 4.295209 4.326852 4.364479 4.615797 4.749159 4.771631 4.813 4.738722 4.772476 4.758287 4.815872 5.001998 5.140973 5.251848 5.260391 5.081258 4.884004 4.761137 4.625629 4.407209 4.372525 4.287878 3.934242 3.258865 2.554257 1.983648 1.712138 1.56374 1.569613 1.493952 1.546291 1.618952
.1090532 .01392472 -.0733173 -.03726338 .04335385 .1933507 .2574274 .2537286 .2568359 .2294247 .2108055 .2244276 .2175538 .2057807 .2728187 .3750083 .4421842 .4688759 .4769106 .545332 .6696839 .8382313 .9437197 1.16776 1.525863 2.058773 2.654375 3.273306 3.87616 4.428415 4.702788 4.727759 4.719969 4.882384 5.014878 4.928088 4.851652 4.686816 4.572052 4.652051 4.644104 4.807503 5.034201 5.209652 5.200328 5.208356 5.235215 5.130696 4.981827 4.763473 4.681121 4.461848 3.908777 3.038115 2.122571 1.434937 1.15798 1.203188 1.343526 1.310358 1.165592 1.00476
.1532556 .03062439 -.07392503 -.04996066 .1396465 .3087386 .3154024 .3448303 .3404895 .3530315 .3411466 .3071302 .2597581 .2645899 .435503 .546919 .6051122 .5653347 .5557502 .5775658 .6398847 .7463801 .9246694 1.255522 1.696604 2.212347 2.696871 3.314642 3.969058 4.577925 5.005653 5.140484 5.108498 5.155025 5.207146 5.053885 4.835257 4.582736 4.355068 4.35638 4.321697 4.432533 4.649045 4.825937 4.866091 4.94033 5.162706 5.317925 5.365498 5.262039 5.26238 4.979722 4.319956 3.415191 2.347036 1.359524 .943314 1.091364 1.30512 1.274674 .9898399 .6089894
.2836041 .1594063 -.02345908 .03589652 .2573264 .4053126 .3617848 .3733255 .4280828 .434518 .4687114 .450719 .3803106 .401793 .543962 .6733055 .6384965 .6266713 .6152315 .6392492 .6562523 .7079534 1.029304 1.421211 1.878334 2.255901 2.797309 3.321203 3.990119 4.691539 5.089369 5.301052 5.401826 5.360783 5.32259 5.10866 4.829904 4.46781 4.185699 4.090843 4.092872 4.146709 4.247564 4.30414 4.406809 4.481252 4.775831 5.023618 5.169847 5.413955 5.613839 5.503391 5.021862 4.181401 2.901779 1.678148 1.018881 1.020928 1.151965 1.100335 .7641179 .1679107
.3499202 .2413123 .1283668 .1353431 .3490243 .4486045 .3834037 .4159114 .5072625 .5535561 .5577436 .5312414 .4714114 .53912 .6339449 .7615899 .7068092 .7315757 .7601916 .7203698 .7484382 .8491263 1.247102 1.598834 2.0587 2.371231 2.874961 3.359261 4.042532 4.676665 5.117167 5.328988 5.360564 5.40606 5.333145 5.111354 4.776915 4.368457 4.161786 4.040316 4.041446 3.997302 3.947069 3.893419 3.956633 3.999423 4.114051 4.353986 4.57669 4.856359 5.141798 5.315504 5.107157 4.47191 3.41763 2.145831 1.30812 1.051106 1.030247 .8399159 .4394406 -.1866785
.3034962 .1701512 .1117991 .2401195 .4050633 .4623604 .3781203 .4572102 .611187 .6933897 .6560218 .6342605 .6662164 .7131858 .8222666 .872014 .8541283 .8644279 .8902226 .865979 .9073356 1.09412 1.446463 1.851675 2.179595 2.517066 2.921067 3.429607 4.124112 4.743757 5.161274 5.343019 5.439438 5.378107 5.301925 5.142548 4.80712 4.448141 4.219041 4.130846 4.021869 3.858688 3.693473 3.640844 3.634328 3.597056 3.628075 3.696429 3.868066 3.963092 4.013362 4.066631 4.069245 3.928446 3.299335 2.268836 1.589177 1.271257 1.057644 .7649181 .2843206 -.4478988
.2064618 .127167 .1939109 .329282 .4295027 .4758371 .3956592 .5667418 .8211506 .8100659 .8129849 .8001218 .8990508 .9433005 1.025982 1.024956 .9941249 1.036216 1.057731 1.074109 1.137067 1.395459 1.785501 2.166981 2.493546 2.788416 3.06463 3.577122 4.225158 4.852934 5.185989 5.267623 5.381029 5.314572 5.225322 5.114582 4.874098 4.595558 4.373734 4.16551 3.983299 3.704536 3.493701 3.45526 3.393965 3.388323 3.336344 3.39918 3.511103 3.499204 3.464147 3.341007 3.285519 3.166303 2.76982 2.087529 1.670917 1.592149 1.37348 1.014345 .4417199 -.4385659
.1845715 .1587709 .2468825 .3835811 .5189984 .4854439 .374467 .6961688 .9929047 .9719181 .9900068 .9812906 1.042177 1.143394 1.184423 1.160863 1.123311 1.187562 1.233724 1.297614 1.401895 1.721288 2.106179 2.4999 2.815832 3.091224 3.386769 3.825706 4.517172 5.130913 5.395243 5.39323 5.307776 5.302217 5.218898 5.082402 4.926022 4.702271 4.556257 4.390507 4.096314 3.756055 3.545035 3.459066 3.367607 3.371634 3.328012 3.422609 3.558036 3.629539 3.575993 3.438951 3.284508 3.122197 2.671962 2.10431 1.894216 1.998934 1.957736 1.615573 1.001361 .1292478
.2462626 .247618 .2734508 .3726789 .4784439 .4258425 .4741229 .8227404 1.108804 1.109467 1.100608 1.129765 1.17029 1.250596 1.207852 1.168139 1.239424 1.316474 1.379968 1.476114 1.6472 1.989713 2.448974 2.834239 3.166587 3.442768 3.774151 4.391885 5.127712 5.796529 6.001803 5.87909 5.650324 5.389963 5.242112 5.035691 4.897573 4.76369 4.66011 4.549912 4.36185 4.057252 3.861986 3.775991 3.636554 3.567554 3.666051 3.687313 3.890145 3.884143 3.849704 3.826994 3.819786 3.626816 3.12469 2.641699 2.479787 2.590665 2.63627 2.321924 1.783825 .8604507
.3196423 .3179416 .339153 .387971 .4463692 .4972865 .6364406 .9061522 1.148631 1.247336 1.24313 1.264845 1.297457 1.309558 1.26766 1.23819 1.345676 1.447091 1.514682 1.62175 1.871439 2.237556 2.667894 3.069398 3.436275 3.774148 4.194876 4.973708 5.813725 6.527894 6.670063 6.441006 6.046541 5.622426 5.303552 5.068868 4.931582 4.85568 4.682811 4.610445 4.416134 4.128992 4.06035 3.948924 3.910778 3.839827 3.829614 3.847993 3.934312 3.871015 3.780884 3.765121 3.843409 3.837464 3.533837 3.13185 3.034812 2.989013 3.040295 2.8841 2.269511 1.327404
.3994152 .3968234 .4090183 .4261079 .5156628 .7174314 .8750523 1.087648 1.245576 1.358791 1.388754 1.401166 1.425885 1.460264 1.45401 1.534354 1.543898 1.614956 1.643451 1.831279 2.10799 2.438248 2.853122 3.246233 3.558756 3.958383 4.524725 5.408397 6.410767 7.124158 7.182245 6.837351 6.290196 5.820062 5.415219 5.171115 5.089573 4.931123 4.645539 4.609865 4.418504 4.092047 4.01267 3.951902 3.754514 3.49552 3.345714 3.235608 3.252076 3.243149 3.182955 3.221672 3.222418 3.145761 2.982365 2.782188 2.666302 2.517541 2.376897 2.202362 1.754512 .8998307
.4674163 .4684952 .4712912 .534524 .6469317 .8470595 1.053049 1.266253 1.384399 1.499915 1.547429 1.563024 1.569748 1.595701 1.653345 1.744732 1.773908 1.809082 1.845361 2.047038 2.33919 2.663783 3.095787 3.38197 3.593357 4.01445 4.671631 5.684022 6.707936 7.380533 7.461543 7.016603 6.371216 5.86118 5.397083 5.106281 4.945815 4.763616 4.423234 4.335082 4.170417 4.001029 3.97049 3.844066 3.515014 3.157291 2.689599 2.390696 2.289067 2.267408 2.310021 2.375967 2.346068 2.199403 1.976765 1.765536 1.448514 1.174111 .9033231 .6171787 .128847 -.3870407
.5035235 .563832 .5530273 .5834159 .7164695 .9910927 1.247081 1.461961 1.571176 1.644472 1.720487 1.737452 1.766049 1.799667 1.884299 1.921864 1.944788 1.964226 2.06385 2.316605 2.565058 2.944231 3.281306 3.534193 3.750414 4.139269 4.857234 5.848043 6.897543 7.596585 7.531594 7.0127 6.401685 5.807868 5.420431 5.113244 4.837502 4.500655 4.165464 4.002411 3.887683 3.852828 3.78835 3.623233 3.278963 2.924773 2.448252 1.989655 1.591474 1.4098 1.377427 1.425971 1.435595 1.38816 1.25225 .9984885 .6242517 .220219 -.2706932 -.7908216 -1.346483 -1.918715
.5086764 .5825294 .6185027 .6152362 .8418766 1.121905 1.425534 1.557788 1.725719 1.837035 1.939653 1.953946 1.992927 2.051868 2.119352 2.11644 2.083604 2.137447 2.280072 2.542786 2.81433 3.191387 3.47976 3.746285 3.992049 4.463408 5.194223 6.186004 7.151784 7.664726 7.537984 6.9292 6.301245 5.764605 5.482692 5.131168 4.835294 4.316173 4.007321 3.89918 3.793336 3.688865 3.565993 3.359608 3.078357 2.663064 2.237328 1.749339 1.251146 .850226 .7139667 .6761477 .7677429 .841959 .8875158 .6836467 .3184364 -.2259461 -.955497 -1.676022 -2.350294 -3.013047
