py_wake/examples/data/AJ_ParqueFicticio/Rough survey   Sector 3   Height 30m   Power density.grd
DSAA
73  159
 258469   265669
 6501692   6517492
 .0001479314   1045.697
[rows 0 to 27 of 159, columns 0 to 62 of 73]
48.15673 49.3223 49.658 49.23215 48.9784 48.62992 48.27549 48.03584 47.70497 47.44626 47.51665 47.84525 47.78996 47.60543 47.59748 46.59989 45.29296 43.11868 39.95391 34.87832 27.20876 31.39392 41.24032 64.43531 70.48437 68.38815 53.70426 71.2129 78.30072 73.32903 72.73134 74.93072 77.70705 74.77612 71.05454 78.85217 89.78615 101.8605 96.03751 91.91438 87.67641 80.16939 74.7628 73.49824 72.38186 70.14981 68.00278 65.78513 64.83396 63.69658 62.76634 61.94245 61.51477 61.87455 62.91184 64.17348 66.08174 69.90431 72.62874 75.2486 77.93193 79.98608 80.80747
46.44272 49.03117 49.0833 48.36331 47.64229 47.24066 47.18821 47.14355 46.93394 46.35858 45.54631 46.03981 46.1694 46.43614 46.92667 46.29338 45.17886 43.07105 40.13556 33.23537 28.70467 34.65009 51.96401 67.93703 64.48718 62.35997 55.26588 80.74973 80.62409 78.74429 78.03911 79.47032 83.11098 82.50629 78.36087 83.85305 91.36101 96.50224 90.71385 86.37301 79.57904 73.21017 72.07034 73.85886 76.2126 72.35159 68.11439 65.31268 64.0332 62.75786 61.36661 61.14187 60.71177 61.85551 63.19948 64.6162 66.3615 70.55308 75.16683 78.8365 81.92206 84.28054 85.99674
44.27962 51.38505 49.15369 47.57462 46.37845 45.86173 45.69921 45.80443 46.26729 46.1408 45.60205 44.7018 44.65314 44.67293 46.19274 46.25602 45.14671 43.37436 40.72978 35.50336 33.46059 40.82335 53.09867 62.13435 73.56173 78.58974 67.83424 76.29041 81.38155 81.17513 81.11243 84.08868 88.46441 89.85456 85.15723 84.31191 86.76973 92.38219 85.17512 80.29804 72.58688 68.61543 69.34177 71.812 70.41534 71.87026 67.43243 64.46455 62.7327 59.63283 57.72063 58.10631 59.71115 62.25024 63.70902 65.28504 67.33047 71.83004 77.73067 82.52627 86.89407 89.76828 92.16187
46.42386 46.1155 47.59798 45.9144 44.96866 44.44952 44.62841 44.90925 45.19954 45.49223 45.15141 44.26238 44.28899 45.04035 44.6972 46.16189 45.56672 43.6328 40.84802 36.48045 36.68094 45.61669 53.54599 62.39933 72.10564 72.58933 74.23358 80.12482 82.70748 83.17654 83.8582 90.53733 97.18551 92.06479 87.75864 81.58724 79.26009 90.94382 78.96883 71.93768 60.66697 63.50764 69.21275 71.75648 70.16254 70.61539 63.87589 61.73437 60.05127 57.35929 56.10908 60.74307 61.63665 63.05806 64.35756 66.2578 68.77354 73.73626 81.25301 87.9653 94.0357 98.19529 100.448
45.44435 42.68857 42.83403 44.24477 44.49936 43.55463 43.72732 44.38839 44.7235 44.65377 45.01377 43.95792 43.77239 45.34319 44.94643 45.60482 45.78278 44.20885 40.68655 35.38965 41.07283 47.11343 62.54499 65.18969 75.44086 77.56216 80.1767 82.00758 84.54322 88.31197 91.77721 99.94327 99.82887 88.01122 80.52811 66.98456 68.76064 83.88672 83.42218 54.2103 43.58323 60.61857 72.04454 75.38792 74.83247 67.25832 59.86407 58.98539 58.2337 58.08851 58.27874 61.43536 62.02308 62.86838 64.41039 66.87447 70.20088 75.08302 85.72359 95.67387 104.2646 110.7963 113.9997
44.09314 39.9617 39.68887 43.09014 46.20354 42.15693 42.81989 44.7715 44.86559 44.68674 44.93528 44.17115 42.85051 45.77501 45.09201 44.63473 46.49039 45.95759 42.45176 44.02408 47.1442 55.33302 64.76046 73.63396 79.09401 80.82533 84.17605 84.12822 85.54663 89.83659 96.02816 101.5392 82.6609 65.44268 60.10058 59.65032 64.10118 71.45773 58.41755 34.19264 35.8397 65.01202 80.34467 81.90818 78.19181 63.49382 58.39449 59.61028 59.98554 59.19006 60.52834 59.53162 59.86137 60.63742 63.10447 66.91594 71.69851 76.73629 92.04304 107.0504 121.116 133.258 139.553
42.6072 41.20945 40.20565 41.82733 42.00904 41.11283 45.96207 47.16798 46.42958 46.23051 45.1657 43.22802 43.28563 45.20128 45.37796 43.99616 46.82662 48.15439 47.58787 44.36412 49.63243 56.49015 71.76517 81.48312 83.67811 78.94307 85.583 85.44338 84.43433 84.85955 86.92534 82.31942 67.78874 60.92376 59.40684 57.2432 58.90864 59.89016 47.84691 30.94487 49.57039 86.33656 92.32892 85.34194 65.30817 56.68751 58.5927 64.48054 64.22662 61.27059 59.58547 57.69174 55.17184 56.00322 60.77153 66.78764 73.50276 80.60097 99.86451 126.3036 153.5898 149.8197 123.2509
42.57412 42.02975 42.24848 41.41759 39.38623 40.20068 44.39416 47.3791 47.66173 46.44456 44.75301 43.43015 43.96788 44.7794 45.07764 44.31804 43.60036 49.09649 50.45596 49.03938 55.65521 66.71472 82.63342 86.17621 77.04203 71.327 82.34996 83.24912 80.67056 77.94143 73.04523 67.19662 62.82519 59.42747 57.73254 55.13778 53.60147 50.95814 47.39318 48.95186 86.96008 105.7404 93.78473 66.25597 46.28977 54.13065 66.10326 74.31059 77.93069 63.39902 57.91329 56.8413 50.01438 47.06135 56.71592 68.08474 76.29913 85.201 109.3197 158.059 149.1227 122.246 89.13432
42.41702 41.8383 42.08924 41.5924 41.26863 41.41747 44.47259 47.1748 48.69509 46.22992 44.00627 43.41025 43.76804 43.5929 43.59684 43.59583 44.05643 48.33356 53.57811 56.36613 60.64953 67.10898 80.12049 76.81673 69.86587 67.03274 70.76352 79.71622 74.47806 68.64667 63.85443 59.86985 56.74283 54.72465 54.12199 51.54256 48.44801 48.13797 51.7134 62.0967 95.75358 104.9406 71.13676 42.18023 45.28509 68.99398 74.70996 71.12419 58.70536 47.64951 48.55891 45.96674 34.02553 39.42808 56.56859 72.38863 80.13768 90.11803 111.4367 132.672 115.5259 80.97126 41.7823
42.35498 41.57905 41.16558 41.35946 41.85101 44.94695 51.32859 56.74311 51.60955 43.86487 41.57085 42.42948 43.26971 42.38761 41.09937 41.80486 44.09831 45.75513 55.20462 60.45036 63.34196 68.3612 69.59935 71.13706 73.08868 66.65679 68.08414 69.5438 62.31104 58.24347 56.98376 53.31942 48.98608 46.07657 43.74391 39.37325 45.80536 52.69453 53.96143 61.20262 71.36732 57.7422 43.90556 34.5931 54.66093 73.1748 63.73111 54.88653 46.95436 36.76945 36.87904 29.71171 24.54774 41.37472 70.49989 81.67302 85.7429 94.80583 110.2926 93.74571 68.99043 40.26124 18.88082
42.14156 41.52682 40.67389 41.1946 43.82337 45.54608 51.89889 61.77052 51.29615 38.94777 38.33315 41.0932 43.41434 41.13943 38.96401 41.46968 43.96589 46.69902 50.22744 57.63815 63.09853 63.54581 66.23007 72.19097 77.14221 69.53765 68.0297 62.87712 57.41581 52.83369 46.66061 44.37022 43.43282 41.33786 38.72966 38.77036 41.54603 46.82299 51.64738 50.94977 48.83397 46.24987 41.71119 42.14783 55.73178 57.60039 40.85763 38.4035 36.95334 27.97272 26.2839 21.9188 30.6541 63.63689 88.52354 95.55952 93.62009 101.8482 94.46601 77.81169 52.84404 28.87644 21.03277
42.11599 41.75652 42.13237 43.42515 46.70933 47.28868 51.36599 49.21496 39.71794 31.98715 34.30585 44.65185 46.07523 42.78527 38.8894 40.94982 51.88924 49.7377 45.60996 46.71048 51.56249 60.12865 72.01613 73.48061 72.76865 73.95643 57.89021 58.49372 57.47747 46.74698 41.60321 40.32597 40.17208 39.74125 37.5018 37.1866 39.5492 40.74773 45.01442 43.82677 44.32297 42.45703 41.53019 42.57699 44.84185 39.33281 31.87691 29.03678 24.65557 22.96412 23.61925 27.20433 50.91032 80.27535 97.59702 101.3572 101.6596 93.43964 83.09449 60.91059 41.48913 25.17123 22.64741
42.10387 42.47336 44.12166 45.45288 46.67813 47.66027 47.23264 42.76982 29.59702 26.962 39.74466 52.27454 47.93044 41.44218 38.23224 39.70246 54.41878 47.44942 45.93558 43.7832 46.40915 59.37812 74.06329 72.46216 69.42561 67.38412 66.58311 57.51098 49.72996 38.77514 37.29021 36.01822 36.30735 36.51165 35.5414 35.62405 37.97209 38.82304 39.32055 39.80543 40.05479 39.51539 38.05153 39.20037 39.84972 36.73669 32.30112 27.56189 25.25594 25.03742 28.32932 37.32335 56.90335 79.33132 92.9439 85.84008 65.5137 46.76847 28.26859 15.19456 18.35085 15.55124 24.82307
42.28975 43.991 45.1425 45.73481 46.07466 45.85966 43.96738 38.83503 27.54983 31.92742 46.13626 47.46713 42.31639 36.59903 36.20703 48.46714 48.35928 47.79679 49.39726 47.5367 48.3503 54.08919 71.4199 69.99741 64.84962 61.11796 55.338 46.18967 39.40264 36.46185 34.83732 34.34857 33.90055 33.12888 34.34373 34.94413 36.49669 36.66669 36.15683 35.49713 35.53103 35.09624 33.29051 34.86663 34.8212 31.47629 28.65004 24.19596 23.86676 23.8519 29.53476 35.60402 43.70639 48.56025 13.43149 6.777096 5.732675 5.716167 5.447257 4.954939 5.000684 13.45256 28.72405
43.39868 44.44336 45.05198 45.44401 45.25894 44.42451 42.23341 39.19199 33.91076 33.42107 41.88554 44.69489 42.21072 39.25926 41.46259 47.26319 48.38414 50.72183 53.02226 50.59436 50.32537 56.06022 58.01776 61.58976 61.26472 56.17951 49.79111 42.4169 39.29606 36.747 35.09552 33.48016 33.01344 31.66746 32.34157 34.92758 36.25301 34.77481 32.50877 30.17379 29.4593 29.31688 29.22497 30.69159 28.71222 26.46617 23.86738 22.05106 17.62341 20.63419 25.1112 26.55981 19.75015 8.171592 6.283932 4.829851 4.651116 5.5488 22.80032 .0001479314 6.654836 16.73355 36.76534
44.14426 44.26038 44.47289 44.6284 44.5382 43.29497 41.13802 38.31231 35.47962 35.14676 40.72477 43.02973 42.62581 42.16149 45.58298 49.4701 48.53263 51.17855 52.73851 49.59286 52.69654 53.65431 51.57288 49.16017 45.96454 54.27747 48.02855 39.68107 37.03402 35.34524 34.10979 32.10558 28.62948 25.48178 30.81472 36.96556 36.30524 33.53075 29.96615 25.91245 27.33515 29.61877 30.77935 28.72554 24.33229 20.7198 20.60925 21.35075 20.99477 18.64203 17.37159 13.50452 5.610222 4.612147 3.721 3.048281 4.04236 7.331938 11.35222 21.14878 50.01886 62.29923 74.84206
44.06017 44.19517 43.92135 43.97967 43.85202 42.89021 40.86529 38.52797 36.81333 37.26989 39.31656 41.39456 43.05082 44.5277 48.27679 46.96126 46.96102 50.74619 50.72026 49.02899 49.93922 51.15737 49.0882 46.71881 45.92667 44.06856 46.1154 38.00836 34.25215 32.71838 33.46185 29.9673 23.35803 22.10359 42.36626 47.45829 40.01783 32.50921 25.30356 19.05865 23.80733 28.6532 27.7692 25.41111 21.21564 19.45104 19.43933 19.04616 11.23194 6.57703 6.563067 4.856116 3.442604 3.213578 4.328526 25.4258 53.16672 72.78316 89.2326 93.1627 93.08293 84.98911 82.87434
43.97612 43.50414 43.91876 43.72344 43.48225 42.73264 41.15474 39.5093 38.36501 38.61952 40.25114 41.6058 43.5945 47.119 47.88487 47.19707 46.45033 47.777 48.40538 48.26973 47.89251 48.64494 47.94531 47.07218 47.76054 46.59048 39.52618 33.36227 31.55798 37.19849 38.79369 25.46634 18.90326 29.59316 56.71588 57.56767 47.66793 35.99488 22.604 16.52807 21.66282 25.08128 20.60121 15.33802 10.54087 16.01791 17.28161 21.09184 32.4316 40.88777 37.64583 30.55438 29.96157 37.94912 50.05902 66.64964 87.58944 100.3586 100.994 96.39844 91.57235 83.98269 61.06388
43.84591 43.41381 43.59613 43.4805 43.11152 42.63572 41.69823 40.4159 39.54657 39.70574 42.03143 44.16274 44.37535 46.19696 47.16027 47.2397 46.75823 47.08898 47.59355 47.65506 47.12828 46.73906 46.1074 47.35795 48.76873 47.41345 44.25217 39.72369 42.64843 56.66206 44.1054 22.35838 23.0416 45.43944 62.96093 61.30991 56.83398 37.49055 18.3947 11.07456 22.85051 29.28026 30.21934 33.48129 35.95111 37.81866 31.68117 37.00833 53.57462 56.97141 46.60356 37.59229 38.2445 48.95821 62.39228 80.01883 85.66248 93.82751 93.16637 88.28544 86.25709 77.71903 59.00372
43.86397 43.43301 43.07953 42.69329 42.39583 42.26148 41.90833 41.44768 40.66343 40.7658 43.33002 43.26126 43.76724 45.3508 46.14494 46.78931 46.85805 46.99031 47.66145 47.97379 47.20351 46.34489 46.44635 50.08216 49.48806 46.51745 43.62367 43.45325 50.95204 50.71243 28.6913 25.23125 40.78916 58.50397 58.0802 60.69809 54.08365 31.90974 11.53026 8.871073 25.33206 39.30149 44.63761 46.16049 50.55618 49.30421 40.90215 48.69912 66.41059 61.44548 46.88238 39.96062 42.75188 51.41859 60.90646 69.35793 79.55455 86.31393 82.91881 83.76685 82.0193 75.88269 58.99487
44.55384 43.09105 41.63803 40.97728 41.27359 41.62503 41.79203 41.97419 41.87368 42.34136 44.18397 44.24448 43.98206 44.54888 45.55864 46.26506 46.77788 47.00532 48.34332 48.17139 47.53458 46.87394 48.14186 49.30275 49.29386 47.41873 46.00388 44.8719 46.9636 38.52025 24.51943 32.92815 42.12896 45.67389 49.19942 60.43807 54.21043 26.41181 7.9803 12.78119 34.47184 52.37902 51.66689 57.85662 52.62379 45.3651 44.86997 56.71499 63.92453 52.54565 40.8891 39.57396 45.64832 46.40652 56.60701 64.53255 72.39424 77.38778 78.74855 82.75417 83.30147 77.52541 65.46521
44.51948 44.20187 41.1723 39.82335 40.73946 41.39525 41.86115 42.20702 42.66809 43.37583 44.05134 44.58493 44.73145 44.84324 45.05048 45.79786 46.7734 47.93261 48.28197 46.86002 46.20785 46.44701 48.05112 48.84623 48.61563 47.805 46.69011 45.21195 38.82061 21.79181 28.33315 40.51024 48.37487 52.21277 48.68876 52.51262 42.52572 22.40677 11.06957 24.8552 41.74504 51.58691 53.52007 51.91149 47.07246 43.90977 47.30352 52.82813 52.15908 43.45856 36.67521 38.79289 42.28243 43.30671 50.38626 58.37651 62.51309 71.79034 80.07555 90.25622 95.51051 89.93543 78.24454
43.26054 42.78214 41.52253 40.31182 40.99767 41.41007 41.94222 42.46719 42.94679 43.4505 43.37716 44.13367 44.77422 45.2601 45.33558 45.46309 46.89984 47.57358 47.53492 46.88223 46.22065 46.21336 47.2401 47.76608 47.78221 46.64012 44.83487 42.86183 31.88562 23.40474 35.66082 51.37754 55.48368 50.66008 41.39492 44.42076 34.95634 19.79831 20.56202 30.7613 40.06905 45.06335 49.37004 44.99898 43.39196 44.99555 45.86777 44.39779 40.15567 36.40109 33.22189 33.67228 39.61027 39.46705 45.87856 54.46777 65.45888 79.93043 96.43508 117.6618 121.9456 122.3095 99.79697
42.54467 41.89586 40.78878 41.0741 41.49039 41.71728 42.13831 42.43176 43.01643 42.88775 42.9462 43.50677 44.2536 44.9402 45.81442 46.42516 47.33604 46.9267 46.66245 46.67752 46.45206 46.11929 46.5367 47.1912 46.86282 44.90111 41.77106 38.07664 29.12439 28.32074 50.65111 52.10411 47.17386 48.54464 38.10529 39.56794 34.60073 24.66255 24.54676 33.20759 40.6116 39.12915 43.31808 38.59869 39.48539 41.94086 41.11079 38.83231 34.44458 30.86243 29.86258 32.61586 38.57485 39.29435 43.41061 57.85964 78.33886 96.62852 130.7326 163.5007 177.0707 147.6596 109.6263
42.44508 41.36423 42.04631 42.31696 42.14021 42.15697 42.3809 42.62995 43.08722 42.1228 42.96203 43.41201 44.03886 44.72637 45.65049 46.63693 46.53679 46.13541 45.94267 45.91924 46.01352 45.90821 45.90267 46.61346 46.46049 44.32003 39.94841 34.90971 31.25961 35.58447 51.16795 47.81518 43.62881 36.64497 30.72343 36.09835 36.61707 32.23172 29.78217 30.5468 25.92747 33.12199 37.03608 34.96846 36.34735 36.62516 36.02863 34.60249 31.91664 28.4643 26.60555 30.69747 39.94897 43.55164 47.13784 66.39631 100.8607 136.2426 189.245 232.521 210.6155 143.9424 101.7855
42.53057 41.62687 42.22138 43.07952 43.15693 42.99025 42.71797 42.80322 42.8354 41.67862 42.9997 43.62656 44.20093 44.98525 45.99392 46.66641 46.40229 45.9433 45.45257 45.30188 45.70292 45.86053 45.43502 45.82867 45.82162 44.11782 39.25079 35.02061 36.37906 40.13274 44.1665 44.40265 41.54312 32.13899 22.59666 34.14685 35.19258 34.01593 32.08782 27.22118 24.87873 31.69086 35.719 35.65034 34.51911 32.71489 31.80388 30.27154 29.85423 26.89537 26.99989 32.49185 44.42895 53.75262 55.48024 82.6127 141.4325 207.464 309.5043 291.2692 189.9966 120.0817 75.04803
42.23917 42.05434 42.44294 43.08301 43.44526 43.60442 43.37005 43.22891 42.73671 42.63538 43.40096 43.77535 44.49994 45.34554 46.09465 46.24837 46.03937 45.79237 45.341 44.92017 44.96368 45.53573 46.24186 45.61255 44.36421 41.39899 38.08399 35.87516 39.56638 37.95349 41.22791 42.84591 40.94312 34.01631 24.03576 28.1584 32.56782 33.46424 35.52946 29.78399 24.94432 25.78358 33.72271 34.06939 33.94389 30.42392 27.7078 26.37358 26.7874 27.07612 28.44017 35.4473 54.17848 73.2515 73.72426 102.4424 197.0153 277.9106 347.6146 268.5358 146.594 81.64951 41.0513
42.87445 43.23752 43.295 43.45107 43.65535 43.85712 43.86579 43.51037 43.05145 44.06446 44.57452 44.60827 44.73645 45.92823 46.37864 45.92859 45.54778 45.45114 45.43846 45.36309 44.95866 45.7519 45.86518 44.8843 43.01329 39.65088 36.38763 36.1961 39.20468 37.80994 39.5489 41.30836 38.72217 33.08867 22.50226 28.2392 33.9841 34.56824 35.79975 27.02841 22.43862 22.48683 29.24375 31.45162 31.22775 28.74613 23.34521 23.61771 24.65488 27.31453 31.96654 41.84256 71.39851 99.27582 95.53855 130.2484 240.9425 319.6711 306.2096 193.2881 89.14597 48.24792 23.19823
