py_wake/examples/data/AJ_ParqueFicticio/Rough survey   Sector 3   Height 200m   Mean speed.grd
DSAA
73  159
 258469   265669
 6501692   6517492
 4.422212   10.3357
[rows 56 to 83 of 159, columns 0 to 62 of 73]
6.125606 6.14095 6.165193 6.186053 6.201166 6.19819 6.187498 6.174831 6.167046 6.157028 6.150368 6.141558 6.132394 6.119973 6.101862 6.096615 6.101138 6.110239 6.117366 6.124468 6.114818 6.102159 6.115264 6.13821 6.153834 6.163175 6.170467 6.186599 6.247701 6.374891 6.511548 6.647843 6.739524 6.843857 6.967138 7.077472 7.193706 7.273999 7.291748 7.335621 7.458065 7.532943 7.605878 7.66609 7.735403 7.831264 7.91026 7.89361 7.850649 7.767428 7.648354 7.505635 7.334682 7.056106 6.837568 6.842355 6.9458 6.956456 6.787587 6.543298 6.335632 6.265234 6.305699
6.118219 6.130107 6.158971 6.185429 6.201614 6.193023 6.178408 6.164679 6.152847 6.146816 6.140315 6.133715 6.125542 6.114885 6.106632 6.101735 6.102483 6.109882 6.120369 6.126645 6.134585 6.131142 6.136016 6.150445 6.167199 6.182861 6.197307 6.22697 6.320755 6.466371 6.638493 6.76812 6.849483 6.956084 7.073752 7.174993 7.270534 7.34113 7.371769 7.405046 7.489089 7.550036 7.578841 7.607256 7.685789 7.778765 7.811092 7.764469 7.736337 7.676854 7.556564 7.375802 7.208014 6.950675 6.773911 6.812749 6.920115 6.92413 6.741353 6.490499 6.270032 6.176984 6.218904
6.096492 6.112792 6.148652 6.179073 6.194238 6.179737 6.160344 6.144891 6.135396 6.131133 6.126819 6.120654 6.116306 6.109042 6.110598 6.109321 6.107048 6.109305 6.115257 6.126114 6.146678 6.156264 6.160766 6.166894 6.179376 6.195954 6.223987 6.278148 6.389478 6.560923 6.714347 6.817278 6.897529 6.98327 7.100254 7.203889 7.29833 7.370549 7.406093 7.426922 7.493933 7.515462 7.503722 7.525805 7.591998 7.668986 7.678319 7.629111 7.608749 7.580096 7.462059 7.233786 7.080503 6.862521 6.723797 6.778888 6.861695 6.865702 6.710093 6.471568 6.24461 6.126289 6.165827
6.091529 6.124719 6.169157 6.189723 6.184157 6.168028 6.141866 6.124676 6.117642 6.114032 6.113136 6.113992 6.10841 6.10099 6.104072 6.109549 6.112557 6.115889 6.119858 6.132281 6.150198 6.170016 6.183609 6.183744 6.197168 6.217969 6.252902 6.318608 6.414621 6.576491 6.71747 6.80599 6.880939 6.97969 7.100218 7.220161 7.321971 7.385287 7.408302 7.418814 7.442978 7.437414 7.422003 7.439204 7.487603 7.542608 7.540365 7.505383 7.503928 7.489877 7.362151 7.114488 6.966393 6.790902 6.687647 6.723439 6.783888 6.798579 6.669499 6.447794 6.227725 6.091013 6.124818
6.116823 6.155566 6.199482 6.207671 6.184422 6.153322 6.123379 6.103545 6.101311 6.103271 6.104063 6.103376 6.098781 6.090028 6.097188 6.107191 6.11154 6.11812 6.129308 6.149656 6.162499 6.171905 6.184426 6.195835 6.209877 6.232669 6.285077 6.365357 6.470323 6.587847 6.724576 6.810473 6.885494 6.992137 7.128903 7.251057 7.332459 7.388652 7.385149 7.378386 7.372082 7.346349 7.34278 7.372 7.397066 7.424171 7.410682 7.393289 7.390136 7.375444 7.247602 7.02623 6.86912 6.743733 6.651948 6.666739 6.723401 6.739895 6.609197 6.395271 6.193913 6.070852 6.077359
6.152347 6.190155 6.210246 6.197818 6.164432 6.130569 6.100738 6.087511 6.096046 6.100951 6.103457 6.101234 6.09656 6.094326 6.098765 6.10636 6.113544 6.120631 6.137708 6.161709 6.184332 6.192048 6.196492 6.205757 6.218647 6.254132 6.325777 6.427759 6.542755 6.673264 6.78202 6.859867 6.931219 7.044461 7.153977 7.248835 7.328141 7.358049 7.356431 7.331773 7.30757 7.288044 7.304924 7.314263 7.325244 7.324619 7.297417 7.28347 7.285482 7.240018 7.12513 6.95333 6.797201 6.723233 6.620116 6.615261 6.659806 6.655878 6.533749 6.332411 6.150412 6.039553 6.001209
6.170333 6.208285 6.200358 6.182024 6.148677 6.115725 6.092956 6.087796 6.095614 6.104919 6.106995 6.104396 6.103252 6.10297 6.102382 6.104296 6.10883 6.113828 6.139385 6.166993 6.191272 6.199085 6.207327 6.217236 6.241221 6.287869 6.364151 6.47854 6.600004 6.713027 6.834107 6.907777 6.974636 7.070856 7.169253 7.256797 7.315596 7.32301 7.309036 7.291296 7.264009 7.251136 7.254897 7.270353 7.255306 7.249084 7.224924 7.191341 7.147151 7.108926 7.015328 6.89715 6.768402 6.69172 6.615404 6.559754 6.574667 6.547122 6.437249 6.254898 6.090669 5.989317 5.949424
6.175288 6.195425 6.185639 6.167336 6.14225 6.121244 6.107364 6.102091 6.102646 6.111095 6.114734 6.112107 6.109172 6.10745 6.107025 6.104482 6.102918 6.105718 6.129188 6.15876 6.179547 6.19272 6.209824 6.231022 6.26346 6.32864 6.415244 6.520779 6.64149 6.749854 6.849109 6.909158 6.972873 7.077531 7.19085 7.271939 7.29838 7.294404 7.275946 7.255618 7.226243 7.199115 7.194538 7.203673 7.207345 7.188069 7.15483 7.097891 7.030662 6.948443 6.8712 6.836411 6.783282 6.65076 6.567044 6.481796 6.446638 6.40567 6.301735 6.15258 6.012566 5.946051 5.91617
6.171021 6.177279 6.16574 6.153335 6.140184 6.125971 6.12229 6.117718 6.112721 6.112682 6.114009 6.114572 6.113038 6.11246 6.107595 6.10468 6.104808 6.116833 6.137833 6.154999 6.165832 6.194575 6.214849 6.239099 6.281126 6.349865 6.448995 6.564742 6.683657 6.770366 6.83731 6.891003 6.963181 7.064535 7.175444 7.234075 7.244293 7.242185 7.237718 7.220508 7.178037 7.140938 7.135243 7.166519 7.164013 7.146304 7.077352 7.007311 6.927591 6.837802 6.793159 6.771203 6.743507 6.607546 6.476537 6.386664 6.301328 6.242576 6.154494 6.033441 5.937968 5.903826 5.886111
6.157165 6.157899 6.14573 6.134696 6.131139 6.130647 6.13119 6.132393 6.124389 6.112559 6.111169 6.112329 6.115421 6.115959 6.1104 6.10732 6.112271 6.130037 6.147714 6.164467 6.189318 6.219201 6.240361 6.260977 6.295396 6.351835 6.440519 6.564305 6.687608 6.769787 6.819876 6.855906 6.93042 7.018489 7.104953 7.139914 7.154232 7.154395 7.157607 7.147997 7.116282 7.092564 7.108503 7.145217 7.157562 7.101296 7.014722 6.948008 6.878917 6.778688 6.76202 6.739403 6.673062 6.571231 6.390541 6.276811 6.177472 6.114787 6.039077 5.949343 5.915882 5.895613 5.865645
6.135958 6.134631 6.125115 6.118262 6.122823 6.127047 6.134882 6.137032 6.125167 6.109067 6.108796 6.10897 6.110268 6.110283 6.111661 6.118889 6.125124 6.144313 6.160473 6.176238 6.205979 6.249004 6.265975 6.277811 6.308404 6.356492 6.45224 6.565091 6.673528 6.754377 6.802685 6.846786 6.912904 6.975735 7.021112 7.041655 7.046799 7.058938 7.067947 7.055888 7.044836 7.055901 7.08345 7.120902 7.138141 7.070439 6.976151 6.927372 6.862663 6.753771 6.730754 6.731518 6.647281 6.488515 6.308068 6.157729 6.073911 6.025764 5.995755 5.975593 5.959807 5.937741 5.885034
6.123056 6.119705 6.109006 6.10657 6.110085 6.123505 6.133919 6.134879 6.130088 6.111523 6.107604 6.108351 6.10759 6.106403 6.112586 6.126288 6.14155 6.154561 6.171155 6.191445 6.221252 6.253879 6.265285 6.281635 6.319088 6.38315 6.473647 6.575121 6.66984 6.744668 6.80173 6.85992 6.915783 6.952386 6.967288 6.972106 6.974767 6.975464 6.995307 6.985282 6.99421 7.029787 7.070314 7.088993 7.072053 7.009835 6.956446 6.91039 6.845658 6.739196 6.708916 6.712289 6.614843 6.441666 6.2409 6.064074 5.999396 5.971833 5.98738 6.004102 6.002453 5.974184 5.89582
6.112786 6.104804 6.096151 6.09748 6.105682 6.120922 6.129726 6.132312 6.130815 6.117191 6.10691 6.105071 6.106978 6.108075 6.118969 6.138101 6.153591 6.167073 6.175658 6.192052 6.212296 6.230994 6.242253 6.277304 6.332104 6.422576 6.51255 6.583808 6.667203 6.748178 6.803425 6.870065 6.916981 6.947028 6.953554 6.957064 6.943919 6.925493 6.929091 6.940642 6.965264 7.032417 7.082937 7.081132 7.022439 6.970875 6.937699 6.877003 6.780753 6.68334 6.659458 6.656251 6.548419 6.367925 6.165952 5.991562 5.914789 5.933123 5.980649 6.016586 6.022586 5.990218 5.887772
6.091697 6.085574 6.076158 6.079116 6.100574 6.121096 6.129323 6.12934 6.129869 6.123185 6.112334 6.102345 6.102171 6.109712 6.142615 6.167785 6.175912 6.178742 6.181937 6.183836 6.189137 6.198287 6.227331 6.282827 6.365891 6.456306 6.535228 6.609058 6.689217 6.765309 6.822307 6.876091 6.929616 6.963554 6.974645 6.972737 6.950722 6.921289 6.904386 6.928528 6.981643 7.027389 7.051282 7.027114 6.973114 6.932163 6.898124 6.822104 6.712499 6.624835 6.581632 6.542756 6.425457 6.250765 6.072104 5.913128 5.858386 5.907882 5.973013 6.012177 6.01696 5.98372 5.90229
6.073584 6.069717 6.055034 6.063518 6.096256 6.120239 6.12221 6.12292 6.127082 6.12419 6.117093 6.110459 6.104058 6.116555 6.160844 6.198018 6.196772 6.187967 6.181709 6.183415 6.182423 6.193828 6.246494 6.317735 6.401862 6.47926 6.549512 6.620709 6.715336 6.80468 6.848969 6.865878 6.949389 7.001536 7.03256 7.016149 6.995011 6.943435 6.929494 6.942324 6.982998 7.017845 6.999905 6.954919 6.905109 6.868489 6.824603 6.734078 6.619415 6.519784 6.465497 6.386713 6.284311 6.152392 6.006771 5.885527 5.849258 5.911102 5.980652 6.013859 6.020297 5.989566 5.911858
6.068969 6.055901 6.042751 6.048526 6.09025 6.110218 6.104662 6.109126 6.119252 6.125427 6.122089 6.119051 6.11859 6.135308 6.169714 6.202047 6.194201 6.186583 6.180894 6.176256 6.183273 6.208567 6.277391 6.351829 6.433085 6.493103 6.562418 6.628475 6.721988 6.815603 6.890516 6.917994 6.998787 7.065392 7.088026 7.080346 7.056769 7.005643 6.971876 6.978577 6.969886 6.963515 6.929558 6.879397 6.845644 6.803758 6.750538 6.666394 6.552914 6.432479 6.369953 6.289674 6.221931 6.141484 6.020181 5.90684 5.88341 5.939399 6.003778 6.033361 6.036024 6.005471 5.928683
6.071395 6.054232 6.042704 6.052001 6.075672 6.085758 6.078945 6.093095 6.117345 6.135787 6.135281 6.133309 6.136286 6.143554 6.166722 6.180794 6.172466 6.168982 6.166708 6.166353 6.177427 6.21164 6.279421 6.358191 6.430511 6.495985 6.560563 6.634886 6.732215 6.85071 6.944251 6.975209 7.07299 7.130544 7.133678 7.133227 7.090287 7.031899 6.996557 6.97484 6.944184 6.914608 6.856474 6.82032 6.780353 6.730928 6.673264 6.598663 6.501801 6.388811 6.340297 6.287039 6.255199 6.207524 6.101742 5.998394 5.992726 5.965864 6.013901 6.049911 6.055638 6.024771 5.94774
6.072804 6.060115 6.060557 6.058847 6.059315 6.060543 6.056602 6.085901 6.12604 6.135803 6.142663 6.143734 6.151144 6.150376 6.149596 6.154014 6.143171 6.142345 6.143402 6.147321 6.161324 6.203619 6.275166 6.349989 6.420318 6.486387 6.54963 6.644756 6.769476 6.906188 6.995685 7.021759 7.098804 7.153811 7.1554 7.121248 7.083231 7.042955 7.014623 6.983389 6.946534 6.880657 6.799456 6.747927 6.697642 6.631696 6.571259 6.489085 6.429269 6.344003 6.313504 6.289286 6.297138 6.271586 6.150393 6.04756 6.045798 6.04264 6.016917 6.054522 6.065018 6.024729 5.933576
6.070723 6.06305 6.065093 6.067101 6.065708 6.047022 6.034707 6.082341 6.126842 6.131432 6.139973 6.145047 6.150681 6.156004 6.144044 6.125021 6.111322 6.118638 6.125108 6.132709 6.149416 6.202752 6.275815 6.348333 6.41575 6.475982 6.547906 6.649639 6.803987 6.95724 7.044008 7.069982 7.111902 7.150778 7.137892 7.104839 7.073532 7.032039 6.998379 6.958886 6.897187 6.801056 6.720451 6.661314 6.568454 6.509 6.441067 6.358198 6.317044 6.285281 6.264789 6.259668 6.272073 6.251035 6.145093 6.009158 5.99915 6.051903 6.069024 6.039649 6.036216 5.975249 5.850465
6.057937 6.057367 6.058933 6.059379 6.058233 6.036263 6.034066 6.079737 6.116337 6.11906 6.123921 6.130953 6.13817 6.141754 6.121818 6.097218 6.09433 6.106522 6.118569 6.132564 6.159442 6.204989 6.278954 6.348739 6.411695 6.466264 6.537524 6.656527 6.816697 6.975708 7.070908 7.098154 7.093573 7.098959 7.098933 7.079399 7.055145 7.010866 6.938653 6.867404 6.761471 6.645255 6.571936 6.50072 6.415538 6.340277 6.290346 6.233938 6.233801 6.236958 6.217103 6.211544 6.210628 6.171817 6.070198 5.968791 5.931986 6.006982 6.049113 6.02154 5.962207 5.871537 5.728811
6.033867 6.038018 6.042203 6.043839 6.038905 6.037083 6.03994 6.068799 6.094943 6.104035 6.107705 6.11218 6.117169 6.114714 6.106616 6.087049 6.08544 6.098818 6.114681 6.134952 6.173957 6.219804 6.277766 6.338232 6.392595 6.44797 6.520239 6.647565 6.81693 6.987464 7.095826 7.10677 7.07584 7.071783 7.05126 7.035021 7.006146 6.946588 6.84323 6.746372 6.636893 6.527799 6.440265 6.375625 6.306029 6.274831 6.252292 6.232255 6.236438 6.217691 6.179114 6.149776 6.127328 6.075134 6.002667 5.9742 5.969139 6.000464 6.037415 6.001368 5.880033 5.76053 5.60959
6.015982 6.015525 6.016656 6.015373 6.01471 6.02657 6.038552 6.056213 6.072759 6.085805 6.094445 6.098279 6.098653 6.100481 6.100772 6.09585 6.083807 6.08844 6.101287 6.132894 6.186339 6.245442 6.303645 6.354932 6.388704 6.435425 6.517685 6.658262 6.848165 7.030824 7.147924 7.14193 7.103062 7.073938 7.011418 6.954585 6.919229 6.843351 6.702502 6.60253 6.533223 6.433746 6.366815 6.341894 6.330096 6.333056 6.318062 6.293664 6.282178 6.224278 6.164518 6.128302 6.1124 6.09844 6.076015 6.080441 6.059705 6.063508 6.085916 6.042471 5.880689 5.689654 5.530336
6.001784 5.992885 5.986856 5.983866 5.983984 6.002641 6.02557 6.042092 6.052652 6.069063 6.079994 6.087611 6.08879 6.090193 6.0941 6.095951 6.085752 6.077608 6.085599 6.122921 6.182805 6.246431 6.322845 6.362119 6.386776 6.440758 6.549236 6.72259 6.940642 7.13349 7.232285 7.187224 7.145444 7.070498 6.983215 6.925869 6.873286 6.763257 6.618261 6.535069 6.430767 6.364943 6.358981 6.390702 6.413362 6.420797 6.396251 6.360884 6.316111 6.228138 6.176385 6.155094 6.168942 6.188689 6.206268 6.21354 6.181671 6.195867 6.167543 6.075757 5.898002 5.678017 5.485692
5.98917 5.97595 5.963244 5.955612 5.956763 5.98689 6.015767 6.039782 6.049159 6.053534 6.062747 6.067862 6.069963 6.075723 6.085646 6.091532 6.0876 6.077012 6.089096 6.127377 6.168902 6.231273 6.297997 6.341254 6.388178 6.468331 6.611598 6.823071 7.065614 7.246699 7.277043 7.202325 7.133221 7.031206 6.946924 6.875025 6.786073 6.660493 6.558213 6.480652 6.395331 6.376382 6.423131 6.460723 6.497916 6.514973 6.480601 6.41498 6.325712 6.265414 6.242013 6.23356 6.25982 6.30866 6.341798 6.36654 6.360944 6.322186 6.21547 6.053063 5.855392 5.644971 5.425138
5.971309 5.959644 5.944048 5.934136 5.956178 5.986392 6.016839 6.027997 6.037864 6.038498 6.039255 6.041196 6.041858 6.058871 6.077195 6.084805 6.086832 6.094394 6.111542 6.14379 6.183696 6.23174 6.27663 6.328621 6.394059 6.508257 6.690017 6.929048 7.17832 7.318941 7.292516 7.167936 7.075033 6.968344 6.879179 6.792168 6.67578 6.561199 6.474477 6.431341 6.419889 6.462275 6.539146 6.599616 6.624142 6.602816 6.540254 6.464228 6.395748 6.35768 6.361525 6.385277 6.417524 6.452272 6.489432 6.483104 6.432782 6.321317 6.157378 5.96984 5.77494 5.566231 5.336601
5.946403 5.941815 5.930531 5.926939 5.944779 5.979711 6.002831 6.011332 6.019674 6.022666 6.022047 6.0137 6.015024 6.042676 6.06844 6.078585 6.082122 6.105513 6.136546 6.164111 6.195796 6.242823 6.287801 6.335823 6.410852 6.552336 6.761762 7.016981 7.237236 7.328136 7.257948 7.117676 7.00286 6.904634 6.817351 6.726802 6.602437 6.497857 6.430094 6.429961 6.481583 6.553857 6.65708 6.712951 6.70445 6.663293 6.594144 6.527671 6.487363 6.458817 6.453833 6.470594 6.49649 6.521984 6.524511 6.476195 6.375759 6.228796 6.047083 5.858605 5.669035 5.462177 5.245802
5.919749 5.919164 5.919644 5.916103 5.923782 5.943778 5.96503 5.979127 5.991416 6.002771 6.007435 5.994695 5.99621 6.01332 6.030706 6.040702 6.05124 6.091047 6.132274 6.161225 6.2032 6.246421 6.301208 6.356402 6.44971 6.603375 6.831577 7.084466 7.268569 7.312471 7.214304 7.074641 6.956534 6.87493 6.786126 6.667741 6.55139 6.448912 6.414521 6.46229 6.558207 6.67685 6.749476 6.768304 6.741242 6.69203 6.633738 6.585011 6.546749 6.518079 6.493548 6.494944 6.50472 6.507427 6.483918 6.413641 6.292845 6.1423 5.963377 5.778704 5.59393 5.385559 5.157571
5.896939 5.88653 5.890672 5.898303 5.902166 5.913686 5.933451 5.949276 5.965496 5.980726 5.987908 5.992476 5.986503 5.994864 6.006543 6.011579 6.029332 6.068927 6.106723 6.150253 6.204849 6.251773 6.311294 6.39218 6.513664 6.702941 6.935451 7.155495 7.293916 7.296667 7.193073 7.070952 6.962615 6.875174 6.766416 6.633117 6.504551 6.4227 6.439484 6.548276 6.679129 6.760304 6.789429 6.78026 6.740892 6.684618 6.637133 6.595585 6.579291 6.541952 6.500345 6.479572 6.476229 6.460125 6.414592 6.339142 6.214993 6.07056 5.900942 5.716972 5.525557 5.296194 5.060798
