py_wake/examples/data/AJ_ParqueFicticio/Rough survey   Sector 4   Height 200m   Weibull-A.grd
DSAA
73  159
 258469   265669
 6501692   6517492
 6.123357   14.39575
[rows 28 to 55 of 159, columns 0 to 62 of 73]
9.750997 9.753098 9.756893 9.759446 9.7648 9.773551 9.779005 9.786349 9.78723 9.798261 9.818757 9.84314 9.861857 9.874542 9.882635 9.886481 9.895969 9.906693 9.90916 9.907201 9.897952 9.885611 9.884906 9.87155 9.841564 9.789305 9.732775 9.704376 9.697433 9.69151 9.680891 9.652741 9.574315 9.464362 9.41124 9.469239 9.512566 9.503157 9.484513 9.395878 9.335559 9.364246 9.454753 9.612682 9.764815 9.876034 9.950673 10.08639 10.31699 10.58071 10.87377 11.24752 11.71487 12.16052 12.40811 12.67267 12.91777 12.88987 12.44075 11.77403 11.10562 10.55601 10.21001
9.746979 9.751711 9.759686 9.763066 9.771492 9.776484 9.778929 9.78742 9.79408 9.803134 9.820049 9.83925 9.856661 9.869172 9.873704 9.878197 9.888212 9.901608 9.907207 9.907962 9.894643 9.872326 9.860554 9.84866 9.823763 9.780758 9.732621 9.707928 9.693775 9.684459 9.668714 9.631409 9.552025 9.44826 9.403007 9.444508 9.470877 9.459263 9.449522 9.396024 9.331696 9.33451 9.40526 9.522146 9.66258 9.801641 9.934928 10.12084 10.3948 10.71905 11.05984 11.46509 11.94083 12.43497 12.74962 12.97863 13.09748 12.89624 12.33241 11.6068 10.92117 10.40981 10.23893
9.738816 9.744381 9.756238 9.759782 9.766933 9.774639 9.779284 9.78597 9.794118 9.805281 9.815875 9.825899 9.836158 9.849821 9.853671 9.865967 9.884399 9.899218 9.904618 9.908112 9.888683 9.86491 9.841415 9.828111 9.800537 9.769102 9.73807 9.709294 9.685096 9.669427 9.646375 9.61364 9.526387 9.429596 9.396002 9.411906 9.428933 9.424325 9.410491 9.387621 9.337514 9.307466 9.373483 9.476099 9.594872 9.738005 9.921421 10.16569 10.48754 10.85706 11.24534 11.68239 12.16268 12.67751 13.04854 13.25416 13.23439 12.83613 12.14783 11.37862 10.70937 10.32622 10.42525
9.735177 9.737422 9.744866 9.75065 9.760697 9.76827 9.772735 9.778275 9.786463 9.796318 9.803781 9.812502 9.819132 9.827444 9.839013 9.857209 9.87991 9.902021 9.909425 9.900081 9.876454 9.856504 9.827527 9.80454 9.783308 9.757878 9.732143 9.712452 9.674956 9.647827 9.629762 9.591038 9.502354 9.417537 9.388628 9.388119 9.379667 9.365726 9.363765 9.374068 9.347461 9.319326 9.356633 9.453315 9.580512 9.729312 9.928676 10.20512 10.53407 10.92618 11.35275 11.83633 12.35755 12.88623 13.2981 13.47399 13.3075 12.74583 11.96101 11.17096 10.56435 10.37963 10.71907
9.725615 9.732344 9.742236 9.74761 9.756987 9.762816 9.769775 9.774932 9.779997 9.786252 9.792561 9.799592 9.803353 9.800805 9.818127 9.845216 9.874367 9.901336 9.907014 9.883304 9.861384 9.841883 9.815109 9.790653 9.769038 9.736981 9.717472 9.697222 9.664435 9.632406 9.60898 9.566499 9.486238 9.419924 9.388698 9.380401 9.353055 9.307741 9.315904 9.349093 9.367954 9.346814 9.370252 9.441872 9.576324 9.769515 10.00689 10.25649 10.55568 10.93367 11.37915 11.88816 12.46847 13.02028 13.46384 13.6116 13.3345 12.66313 11.82997 11.05328 10.56245 10.56617 11.04064
9.728501 9.735618 9.741485 9.752718 9.760633 9.768254 9.771443 9.776781 9.781098 9.785905 9.788694 9.794304 9.789711 9.784059 9.806723 9.834694 9.869284 9.897644 9.894526 9.874928 9.846841 9.82795 9.806827 9.778991 9.757177 9.732536 9.703564 9.693411 9.661946 9.620611 9.591578 9.547913 9.484375 9.420124 9.375791 9.356611 9.329268 9.257425 9.264014 9.309545 9.360642 9.406774 9.425943 9.469819 9.575 9.779243 10.04548 10.31968 10.61082 10.9752 11.42043 11.96342 12.52649 13.06518 13.51784 13.69217 13.33344 12.62288 11.77987 11.0555 10.65552 10.79451 11.33374
9.733998 9.742237 9.747112 9.755424 9.761467 9.772252 9.77375 9.777697 9.786199 9.789789 9.796221 9.794423 9.795661 9.791219 9.808103 9.841671 9.87677 9.893719 9.878336 9.851351 9.827784 9.802764 9.782866 9.761089 9.741789 9.718701 9.701536 9.677918 9.649978 9.619119 9.576975 9.535199 9.48608 9.423824 9.35898 9.314137 9.301144 9.244694 9.218519 9.250565 9.341461 9.45693 9.535469 9.578923 9.622163 9.786569 10.04034 10.33924 10.66609 11.05251 11.51846 12.06446 12.61002 13.12327 13.52855 13.68874 13.34257 12.64227 11.8099 11.12655 10.84413 11.0541 11.57875
9.728432 9.741903 9.748874 9.757203 9.762575 9.768348 9.776587 9.778454 9.782361 9.788771 9.79261 9.791765 9.791076 9.792788 9.812983 9.84258 9.872408 9.886219 9.853063 9.816581 9.789503 9.768841 9.757281 9.742593 9.728417 9.713331 9.693071 9.667568 9.635369 9.602697 9.564894 9.519608 9.47581 9.421497 9.345385 9.274341 9.252578 9.22641 9.175194 9.184947 9.326215 9.495181 9.666093 9.756977 9.765722 9.837937 10.05655 10.37765 10.72636 11.13493 11.5924 12.1646 12.71037 13.17871 13.54659 13.67957 13.37887 12.69164 11.86204 11.23473 11.06063 11.33851 11.79021
9.716596 9.728713 9.738865 9.756261 9.769603 9.778235 9.779662 9.77998 9.785557 9.788231 9.793889 9.790808 9.787361 9.786023 9.808823 9.837635 9.858429 9.863335 9.828357 9.778774 9.751285 9.736349 9.73214 9.731504 9.728201 9.711967 9.686477 9.656132 9.620913 9.587288 9.551722 9.505906 9.461905 9.416656 9.348526 9.263409 9.202686 9.173152 9.128286 9.174766 9.339778 9.580237 9.821921 9.973493 9.993378 9.938207 10.05581 10.37401 10.77656 11.19039 11.65939 12.19536 12.73621 13.20958 13.56526 13.7052 13.41899 12.73251 11.93184 11.38912 11.32341 11.61416 11.96332
9.694742 9.712647 9.728909 9.748556 9.76831 9.775617 9.780128 9.786206 9.78865 9.794375 9.791319 9.78881 9.783002 9.779276 9.797455 9.812999 9.822734 9.820901 9.798765 9.749965 9.716853 9.710318 9.715008 9.722318 9.727575 9.704946 9.678197 9.641208 9.60594 9.566896 9.531072 9.498586 9.459901 9.420958 9.360821 9.264241 9.145147 9.10296 9.094078 9.14428 9.354702 9.674423 9.993662 10.20756 10.26301 10.14512 10.11229 10.36325 10.74831 11.17558 11.64765 12.1434 12.66981 13.15956 13.56576 13.74188 13.47387 12.82011 12.06296 11.56992 11.58184 11.83586 12.08218
9.693018 9.709891 9.730594 9.744628 9.758224 9.765524 9.766171 9.77607 9.78864 9.797427 9.79987 9.798482 9.78772 9.779434 9.786757 9.791223 9.792197 9.785962 9.771052 9.738389 9.689148 9.694503 9.707238 9.717006 9.720308 9.695489 9.664227 9.629091 9.592685 9.548609 9.510299 9.497917 9.467861 9.427671 9.369831 9.266423 9.105248 9.039532 9.034574 9.123336 9.36605 9.730262 10.12797 10.42754 10.51926 10.40379 10.26967 10.39653 10.67923 11.07071 11.56731 12.0572 12.58261 13.0962 13.5443 13.77473 13.57456 12.97403 12.2638 11.81926 11.78981 11.96086 12.0575
9.705617 9.723025 9.742736 9.758638 9.765349 9.774035 9.770558 9.780382 9.793457 9.807648 9.81624 9.811929 9.796062 9.78273 9.782683 9.778913 9.783693 9.782132 9.768697 9.735078 9.694062 9.696435 9.707604 9.720512 9.709115 9.684045 9.653296 9.621024 9.585796 9.54039 9.510184 9.490229 9.471198 9.431143 9.382655 9.269641 9.115035 9.010191 8.990552 9.128448 9.398614 9.779037 10.19795 10.55748 10.73287 10.64112 10.4662 10.50346 10.6851 11.00396 11.49993 12.03083 12.53757 13.06488 13.53751 13.81703 13.70335 13.19247 12.53762 12.08415 11.92439 11.91026 11.8724
9.701802 9.722527 9.748693 9.768564 9.780666 9.783562 9.782834 9.789806 9.802894 9.815408 9.822832 9.820223 9.794174 9.7829 9.775378 9.775841 9.776299 9.770975 9.76519 9.740917 9.71573 9.706726 9.706172 9.707333 9.690496 9.659779 9.634407 9.608079 9.579653 9.551241 9.523296 9.499477 9.473385 9.444966 9.397243 9.295638 9.131911 8.971646 8.965547 9.139759 9.435765 9.821038 10.24005 10.62167 10.85803 10.82514 10.65417 10.6162 10.73373 11.02341 11.47411 12.0035 12.55728 13.08794 13.54283 13.85075 13.83021 13.43974 12.83573 12.30062 11.92113 11.73212 11.61253
9.717401 9.736354 9.751809 9.764279 9.77267 9.773945 9.772563 9.782791 9.800666 9.813611 9.816635 9.812438 9.781062 9.75831 9.751742 9.755065 9.757804 9.759952 9.752474 9.734516 9.731533 9.727823 9.718316 9.703321 9.673545 9.631514 9.62005 9.604179 9.589897 9.561071 9.538938 9.519561 9.496058 9.468661 9.426133 9.329249 9.13769 8.952316 8.982215 9.167598 9.479728 9.841865 10.23265 10.61847 10.88826 10.93019 10.79134 10.72788 10.84318 11.10326 11.51525 12.01617 12.54471 13.06969 13.53255 13.86946 13.94442 13.67757 13.10313 12.46497 11.90245 11.55727 11.34373
9.740321 9.756658 9.771545 9.777444 9.772522 9.76999 9.763089 9.769677 9.786279 9.795139 9.79658 9.790368 9.771108 9.744444 9.738012 9.745977 9.747337 9.747548 9.734967 9.719549 9.720854 9.73097 9.742189 9.723443 9.671638 9.625051 9.612665 9.603703 9.591181 9.566721 9.548414 9.525211 9.515963 9.494202 9.444997 9.357362 9.188273 9.02309 9.034568 9.204149 9.489539 9.832748 10.18923 10.56964 10.845 10.94173 10.85504 10.7905 10.95074 11.22315 11.61535 12.04857 12.52004 13.01665 13.47759 13.86158 14.03269 13.84139 13.29237 12.59935 11.94264 11.42836 11.10921
9.751003 9.775045 9.797789 9.8114 9.797568 9.76637 9.740784 9.754599 9.782457 9.799425 9.803056 9.78971 9.768006 9.750171 9.743403 9.743482 9.741025 9.735107 9.716635 9.697671 9.703717 9.728371 9.751518 9.734013 9.687682 9.6464 9.622644 9.605179 9.592277 9.570694 9.552141 9.544013 9.535631 9.51232 9.47232 9.39473 9.263844 9.124399 9.102668 9.239075 9.471691 9.796183 10.15152 10.51253 10.7833 10.89143 10.86533 10.86019 11.04364 11.34804 11.68308 12.06307 12.49043 12.94382 13.44129 13.87684 14.07527 13.8838 13.35383 12.66201 12.00874 11.42308 11.00691
9.745997 9.770305 9.797132 9.821952 9.807218 9.767816 9.734758 9.742197 9.770942 9.798566 9.815055 9.799309 9.768911 9.747539 9.741334 9.737352 9.734715 9.719541 9.700781 9.678625 9.68699 9.715392 9.737027 9.731061 9.682818 9.651134 9.634258 9.625217 9.610026 9.582303 9.565495 9.572677 9.55661 9.532002 9.508859 9.44706 9.344264 9.241028 9.204655 9.281482 9.473178 9.800986 10.1551 10.4589 10.70373 10.82195 10.86677 10.95166 11.14707 11.43067 11.72781 12.05989 12.47191 12.96266 13.48605 13.92255 14.05181 13.77949 13.26626 12.63275 12.01102 11.45997 11.02139
9.747128 9.770864 9.790427 9.81503 9.812169 9.780224 9.753688 9.763571 9.779825 9.799143 9.814034 9.798652 9.773981 9.752192 9.743628 9.736971 9.733592 9.719025 9.697402 9.676638 9.684793 9.706273 9.721784 9.711627 9.674623 9.646052 9.641364 9.636112 9.611679 9.574583 9.567392 9.590334 9.564188 9.530856 9.53583 9.491695 9.402493 9.330413 9.326909 9.364596 9.516253 9.786729 10.0868 10.34149 10.59052 10.7813 10.92071 11.06518 11.25525 11.50289 11.78798 12.11775 12.54033 13.05721 13.56198 13.93554 13.95141 13.58172 13.0414 12.45836 11.92305 11.46072 11.10402
9.740568 9.772384 9.794351 9.808455 9.812042 9.806078 9.799864 9.813668 9.819898 9.810815 9.811754 9.795119 9.765869 9.749763 9.742641 9.736914 9.728631 9.718401 9.70251 9.691107 9.69656 9.719382 9.733048 9.717199 9.680674 9.654036 9.65319 9.643353 9.617428 9.578343 9.566772 9.583612 9.557496 9.531799 9.559567 9.522911 9.443806 9.386557 9.384432 9.466009 9.593365 9.77811 10.02026 10.284 10.56233 10.80396 10.97754 11.14226 11.33988 11.59156 11.89561 12.27365 12.70011 13.16375 13.58057 13.85211 13.77982 13.36197 12.78768 12.23384 11.77632 11.41293 11.1287
9.727077 9.758741 9.780334 9.797123 9.809443 9.825884 9.838362 9.858918 9.872232 9.85099 9.805163 9.781095 9.743641 9.720201 9.712453 9.716526 9.716331 9.715959 9.712998 9.701578 9.716695 9.736143 9.74566 9.735446 9.692059 9.66768 9.655761 9.647325 9.62431 9.603742 9.589897 9.589199 9.5819 9.546939 9.581177 9.560684 9.499922 9.44902 9.45114 9.529472 9.652765 9.821983 10.0348 10.2817 10.5489 10.80067 10.97691 11.13731 11.34807 11.63412 11.99893 12.43736 12.87979 13.24912 13.50064 13.59586 13.49272 13.11237 12.57731 12.07018 11.65881 11.32684 11.08369
9.724667 9.746352 9.766013 9.779763 9.805065 9.832352 9.860891 9.886263 9.904936 9.872602 9.808724 9.76398 9.7197 9.680573 9.680909 9.691416 9.701303 9.706233 9.700448 9.687655 9.702792 9.719151 9.729424 9.725485 9.684681 9.651857 9.654244 9.649027 9.647442 9.645772 9.659629 9.681554 9.661412 9.618535 9.640487 9.627994 9.579088 9.531298 9.516134 9.571161 9.688991 9.834286 10.02297 10.24892 10.49617 10.73303 10.92336 11.12145 11.39794 11.7531 12.16336 12.58675 12.97345 13.22939 13.33089 13.28653 13.1104 12.78266 12.32163 11.95806 11.62728 11.30979 11.04368
9.735236 9.758627 9.76927 9.777386 9.806217 9.841059 9.877025 9.90023 9.90422 9.875697 9.811037 9.748047 9.698216 9.661798 9.660543 9.687993 9.699502 9.696098 9.686063 9.66588 9.676859 9.69674 9.70735 9.699832 9.684975 9.652449 9.660752 9.679172 9.682492 9.69408 9.72401 9.742654 9.731095 9.715638 9.729687 9.72192 9.668379 9.61011 9.568492 9.604156 9.697815 9.816921 9.97968 10.16841 10.3977 10.64027 10.87605 11.18164 11.53504 11.94245 12.36065 12.71164 12.94843 13.08579 13.11557 12.97881 12.73661 12.42553 12.03089 11.80717 11.60979 11.34717 11.09085
9.734892 9.765572 9.788379 9.791821 9.819728 9.854703 9.893898 9.911374 9.898178 9.86763 9.806726 9.738885 9.683206 9.666864 9.677613 9.697762 9.711726 9.710212 9.68088 9.657958 9.671562 9.687712 9.701239 9.699103 9.69402 9.69563 9.704698 9.715096 9.72368 9.753891 9.774974 9.781787 9.773024 9.777101 9.803053 9.793691 9.724259 9.668596 9.632963 9.642688 9.70136 9.799741 9.94527 10.10299 10.31991 10.60247 10.91303 11.26661 11.65517 12.07371 12.48342 12.77629 12.83326 12.86326 12.88793 12.70096 12.42941 12.12767 11.75846 11.56566 11.4961 11.39012 11.18893
9.728184 9.762353 9.794996 9.813391 9.840017 9.874524 9.906683 9.907315 9.891568 9.85681 9.801332 9.739974 9.695206 9.680795 9.686052 9.694951 9.70252 9.702927 9.691217 9.692334 9.69884 9.70149 9.701092 9.697728 9.708967 9.73542 9.751028 9.751725 9.765236 9.80875 9.850297 9.850062 9.817908 9.82539 9.869555 9.855863 9.778933 9.726779 9.697609 9.686351 9.724217 9.801465 9.936823 10.10118 10.31873 10.62201 10.96056 11.31862 11.69958 12.11316 12.50974 12.76477 12.71476 12.60996 12.58148 12.4827 12.22793 11.90539 11.55429 11.32573 11.29562 11.32612 11.26901
9.725213 9.765408 9.797024 9.82325 9.851663 9.879608 9.90191 9.90115 9.881493 9.85344 9.806103 9.756898 9.717621 9.704278 9.704819 9.699466 9.685425 9.674634 9.685426 9.707291 9.729444 9.73206 9.712285 9.705916 9.728572 9.757204 9.774351 9.781557 9.806813 9.856534 9.908811 9.903902 9.885213 9.903013 9.961336 9.938873 9.864057 9.801545 9.766521 9.764596 9.765497 9.793708 9.912533 10.07507 10.30679 10.62318 10.96691 11.29192 11.66163 12.07408 12.49181 12.72397 12.58767 12.34498 12.24841 12.26811 12.13224 11.82129 11.41386 11.12164 11.08971 11.17596 11.24467
9.741163 9.776531 9.804463 9.837708 9.865178 9.888162 9.896573 9.890404 9.868539 9.844706 9.81006 9.770707 9.73706 9.7223 9.721976 9.718723 9.689154 9.664174 9.671209 9.700693 9.720536 9.732361 9.721055 9.72427 9.747107 9.777273 9.782275 9.802411 9.846685 9.903266 9.953244 9.967878 9.95528 10.00328 10.06569 10.06018 9.991117 9.918197 9.847544 9.869064 9.87376 9.86135 9.911092 10.04438 10.27059 10.56722 10.8906 11.20155 11.57459 11.9966 12.41793 12.64209 12.47028 12.097 11.92962 12.00258 12.05189 11.84721 11.4155 10.98609 10.86614 10.9814 11.15019
9.769583 9.798974 9.818427 9.847748 9.878901 9.901692 9.895602 9.883709 9.865286 9.84169 9.819017 9.788615 9.75697 9.73003 9.724792 9.721473 9.692157 9.675115 9.683164 9.694926 9.697911 9.693415 9.704165 9.723393 9.756513 9.776964 9.782866 9.802782 9.854838 9.943855 10.02575 10.06015 10.02597 10.06211 10.14263 10.18415 10.14691 10.03494 9.908072 9.936316 9.979547 9.999256 10.00252 10.06682 10.24765 10.50804 10.78764 11.08384 11.46609 11.87851 12.26441 12.48661 12.31381 11.88796 11.63247 11.74601 11.92978 11.88108 11.45416 10.93722 10.66103 10.77289 11.0423
9.78793 9.816814 9.841286 9.873496 9.898638 9.905581 9.897221 9.879483 9.860338 9.841015 9.823487 9.800148 9.777026 9.742927 9.717996 9.71301 9.711435 9.702364 9.714231 9.726712 9.703875 9.670638 9.687814 9.721518 9.748074 9.769236 9.778149 9.794011 9.859748 10.00042 10.13989 10.17445 10.09474 10.12725 10.20272 10.29362 10.29102 10.16318 9.976671 9.958729 10.07096 10.11098 10.14075 10.16705 10.27054 10.50184 10.72922 10.971 11.29942 11.67398 12.06416 12.29887 12.13473 11.69818 11.38935 11.53419 11.82452 11.87493 11.47398 10.9245 10.53358 10.57988 10.89454
