py_wake/examples/data/AJ_ParqueFicticio/Rough survey   Sector 12   Height 30m   Orographic speed.grd
DSAA
73  159
 258469   265669
 6501692   6517492
 .2359203   2.018837
[rows 84 to 111 of 159, columns 0 to 62 of 73]
.9684252 .9495667 .943647 .9384251 .9350181 .9283688 .9243295 .9198663 .9159998 .9125928 .9042996 .8846781 .8591591 .8527224 .8489009 .8318446 .7956395 .7782673 .7899162 .8063931 .8450825 .867093 .8879452 .9106439 .9465935 .9440342 .8849153 .8400971 .839278 .8802516 .9068329 .9348526 .9500305 .9062026 .8838574 .8937502 .9037647 .9285115 .9195804 .8717421 .8542866 .8163369 .7718502 .7273948 .7498171 .75291 .7261734 .7219404 .7340435 .8544595 .9913315 .9981019 .9914395 .9836832 .9639978 .9371755 .9073458 .8938896 .8870766 .8694477 .8717178 .883182 .9113109
.9658734 .9508382 .9420802 .9388301 .9325734 .9312843 .9262081 .9253802 .9227403 .916629 .9004946 .883146 .8639647 .8426496 .8422626 .8333222 .8095382 .792035 .7631275 .7541519 .7853953 .7956043 .8319045 .8664019 .936341 .9677397 .9329345 .8727642 .8304479 .8395051 .8181269 .8518527 .892031 .8840417 .8717871 .8551927 .8796839 .9378996 .9364732 .9212624 .9039004 .8574821 .8253155 .7863786 .7461876 .7754245 .7318718 .6727427 .6546234 .6784074 .7965518 .956345 .9912935 .9971029 1.012814 1.004476 .9933243 .9696168 .9409723 .9116287 .8825639 .8720695 .8963576
.9360849 .9365552 .9398715 .9376091 .933455 .9303293 .9269311 .9276648 .930865 .9191185 .9044489 .8990416 .8850064 .8577574 .8409849 .8293027 .8328197 .8147832 .7725247 .7501526 .7313604 .7316808 .7330937 .7497521 .8112565 .9044876 .9244365 .8779273 .7996143 .7632402 .7346737 .7567436 .8137065 .8505955 .8580904 .836329 .8562223 .8841953 .8879692 .9153057 .9230708 .9080317 .8649242 .8541209 .8360189 .8508738 .8529231 .7773706 .7449485 .6956252 .7187405 .8104718 .9753425 .9758539 1.013718 1.044041 1.044589 1.031592 1.013287 .9742315 .9276881 .8981304 .90813
.9205045 .9266555 .9349608 .9339623 .9281428 .9235184 .9272502 .9301575 .9335708 .9264667 .9218009 .9099277 .8952609 .8602452 .829399 .8242934 .8318168 .8174433 .8024681 .7712261 .7353748 .7121499 .6818832 .6471462 .6720964 .7949134 .8927816 .875475 .7987019 .6931711 .6956609 .6915057 .7596849 .8237383 .8853163 .8979347 .8674457 .8534974 .880275 .9061109 .908701 .9038125 .8992961 .8860874 .8862869 .8803984 .8887168 .8987195 .8388608 .7575366 .7094687 .7315952 .8766237 .9946057 1.002466 1.033723 1.049643 1.045749 1.03729 1.019392 .9776381 .9746273 .969233
.9278823 .9270086 .9311007 .9284137 .9240807 .9194085 .9152676 .9173554 .9238576 .9329165 .9299011 .9120618 .9013667 .8847009 .8397695 .8119097 .8129245 .808706 .8038214 .7850979 .7634397 .7369096 .7110606 .6520953 .5988073 .6842545 .8566406 .8891743 .8177143 .7400236 .6740952 .721101 .7332172 .7888263 .8401686 .8907323 .9272708 .9235969 .9111008 .9118561 .9080982 .8985581 .8772777 .8673846 .844216 .8436233 .8122847 .8396263 .833716 .7693632 .6936144 .6388786 .6905774 .8490099 1.010206 1.036754 1.015275 1.015615 1.021155 1.015772 .9900554 .9831113 1.029054
.9398437 .9390861 .9284607 .9284688 .9292162 .9279721 .9123985 .8956561 .8982762 .9122276 .9202634 .9243377 .913103 .8955348 .867232 .8176274 .7872573 .7876567 .7857367 .7858323 .7900232 .7875019 .7747972 .7419014 .6611713 .6392613 .7831618 .8977764 .8800818 .7896626 .7404093 .7339742 .7376598 .7536297 .8015442 .8461639 .9041101 .9300205 .9546669 .9394687 .9193845 .9078401 .8719832 .8515405 .805442 .7897103 .7284952 .7324653 .7478185 .6975916 .6340717 .5456395 .4549167 .5776073 .8009693 .9411283 .9443778 .9312974 .9419229 .9557474 .9652815 .9670838 1.028283
.9715079 .9522402 .9375912 .9292811 .9387432 .9348774 .9230907 .9133337 .888545 .8874308 .8964122 .9144477 .9125373 .908574 .893784 .843491 .791292 .7677872 .7541486 .7637308 .7968777 .8266984 .8415163 .846423 .7979633 .7157428 .7786935 .8863418 .90523 .8412 .786489 .7530214 .762562 .7799431 .7813351 .808691 .8308679 .9386857 .9926046 .9875782 .9568699 .9107012 .904167 .8649348 .8735906 .8242047 .8635936 .8020678 .8001754 .788219 .7596866 .641053 .5562678 .4356804 .4979619 .6789098 .8044199 .7577696 .7868964 .8115955 .8831415 .9352922 1.010166
.9807372 .9645011 .9567944 .9505597 .946932 .9477215 .9457247 .9280258 .9068512 .8863735 .8831358 .8965645 .9101464 .9164925 .9150906 .8854511 .8363809 .7897041 .7425886 .7054502 .7620624 .8492526 .8892907 .9029444 .8751915 .8198226 .8318101 .8889242 .9117217 .8700821 .8475877 .8220401 .8182624 .821933 .8691955 .8538582 .8044598 .8859439 .99235 1.038353 .9940366 .9500913 .912576 .9398524 .9624143 .9616725 .9553699 .9757084 .9381204 .9233761 .9481652 .9156606 .8499353 .6777444 .5054609 .5037511 .6540672 .6997922 .6556951 .6984496 .7954332 .8975681 .9978807
.9999726 .9867356 .9717776 .9615821 .9602423 .9633892 .9582978 .951042 .9363709 .9069343 .8828277 .8841414 .8989664 .919498 .9282182 .9284078 .8921953 .8593076 .7928002 .6767454 .6727393 .821866 .9193478 .9374946 .9088115 .8630087 .8703302 .9042266 .9358748 .9072012 .8932926 .8976187 .8834502 .8542281 .8851389 .8893641 .8401569 .852303 .9615424 1.020886 1.046979 .9860373 .9673908 .9933097 1.013992 1.022387 .9931766 .9782459 .9942685 1.020204 1.052129 1.045303 1.058872 1.006155 .8378122 .7376649 .7111946 .7541624 .7870119 .7292057 .762682 .8714219 .9913899
1.017899 1.002758 .98727 .9772623 .9715197 .974213 .9792373 .9682068 .9559187 .9394662 .9044533 .877124 .8865532 .8982233 .9282761 .9548175 .9608001 .9465603 .9058529 .7629648 .6175463 .7303967 .9030823 .9613711 .9296529 .8741386 .8889224 .9562476 .9761527 .9304441 .8937389 .8744546 .897451 .9169736 .8893116 .8957464 .8619666 .8328993 .9072733 1.019821 1.072013 1.058232 1.067621 1.069598 1.072071 1.040353 1.018636 1.004801 1.00033 1.012569 1.04074 1.084099 1.11259 1.145108 1.132669 1.061217 1.025848 .9787501 .9174964 .8354049 .7762209 .8494829 .972663
1.029643 1.023569 1.00762 .9921318 .976778 .9816337 .9904037 .9874848 .970766 .9567159 .9375778 .8991754 .8710958 .8785564 .8924764 .9298097 .9897274 1.029151 1.030532 .9135395 .6998454 .6503626 .8221217 .9542943 .957265 .8960387 .9130066 .9785641 1.009362 .9772353 .9093451 .866334 .8586313 .8960192 .9272594 .9334751 .8857258 .8770061 .9397142 .9994408 1.082124 1.1169 1.103606 1.082587 1.077482 1.07534 1.021588 1.006653 1.00355 1.010033 1.002497 1.009312 1.074219 1.110629 1.148004 1.144063 1.085696 1.064967 .9936988 .9173546 .8046303 .8211538 .9273918
1.027862 1.037804 1.025343 1.008934 .9909694 .9742368 .9954807 1.007841 .9954093 .979661 .9667893 .9404559 .8991878 .8632758 .8536824 .8618941 .9255895 1.042547 1.09887 1.035777 .8399467 .6918373 .7637444 .9012816 .9557964 .912686 .9245144 .9887332 1.032096 1.016968 .9348762 .8722355 .8348892 .8668131 .9020113 .9604085 .8925769 .8672295 .945778 1.001531 1.032333 1.058246 1.062391 1.082277 1.087948 1.100009 1.051621 1.058577 1.030446 1.007946 .9828072 .962361 .9886423 1.04142 1.103763 1.102975 1.106901 1.109877 1.094596 1.057645 .9303553 .8114505 .8607892
1.024934 1.034982 1.042448 1.031793 1.02158 .996648 .9815737 1.005738 1.016204 1.003734 .9911275 .9813055 .9527655 .9041763 .8389138 .7973876 .8212559 .9611861 1.085262 1.097127 .964974 .7919599 .7956916 .8577605 .921976 .9006389 .851893 .8910305 .9067851 .8887417 .8593383 .7864161 .7781792 .8589534 .9339951 1.006195 .9684741 .9230446 .9730923 1.019857 1.050068 1.03469 1.027998 1.036589 1.054983 1.082348 1.097077 1.076175 1.032614 1.014567 .9773696 .9253439 .8488457 .8656012 .9834163 1.003947 1.052308 1.067617 1.133753 1.153809 1.081454 .9105844 .8253393
1.028379 1.033151 1.034221 1.03724 1.047153 1.042553 .9948283 .9883878 1.026046 1.027837 1.009326 1.010072 1.00914 .9853647 .9101166 .7937182 .7448286 .834852 1.009125 1.054066 .994477 .8452335 .8301204 .8833977 .9051999 .8274543 .8123476 .8319204 .8014238 .7597247 .7381722 .7429317 .745739 .7989201 .901044 .9991747 1.058951 1.001933 .9822589 1.015067 1.032612 1.026489 1.00089 .9908687 .9890067 .9818474 .9902186 1.002642 .995342 .9744529 .9358729 .9007583 .8044683 .6315724 .6240916 .6876922 .7279621 .7905475 .8900831 1.013772 1.067414 .9902789 .8521733
1.041401 1.040513 1.034452 1.019761 1.029438 1.06512 1.047427 .9912925 1.011621 1.031505 1.024012 1.023862 1.046692 1.073465 1.036275 .9120877 .7761734 .7852872 .9294287 1.007601 .9753883 .8660522 .8357214 .8588107 .9076737 .8858687 .8547304 .8507734 .8436648 .7995132 .7973512 .8129262 .7878708 .7870479 .8422043 .8905068 .9476315 1.01555 1.014215 1.020975 1.012345 1.004607 .972314 .9579486 .9581692 .9269557 .8914844 .8683272 .8980325 .8292239 .8573979 .84314 .7751686 .7471621 .6164308 .5365462 .5422219 .564061 .6152627 .7687696 .8436435 .8898344 .8485428
1.085483 1.059526 1.048242 1.026954 1.004113 1.056427 1.102251 1.036934 1.01074 1.038065 1.031288 1.03628 1.053326 1.126112 1.163682 1.090884 .9281884 .846112 .9194672 .989629 .9885067 .9179069 .8930575 .8859661 .9185914 .9322687 .8870126 .9288225 .9755031 .9285234 .8946753 .8774925 .8703408 .786034 .7567345 .7820507 .8275007 .8750785 .9232319 1.002164 1.005048 .9737491 .9095891 .8963781 .8809194 .9245964 .9054723 .8656346 .8204481 .7818727 .7335292 .7600304 .8127573 .851379 .8115147 .7851291 .7538585 .6868711 .6612257 .6850306 .7744341 .8977675 .9250354
1.142355 1.115097 1.091497 1.069221 1.008341 1.024253 1.128718 1.121108 1.042314 1.069425 1.055343 1.054187 1.062488 1.092451 1.183205 1.208088 1.122461 1.007702 .9722965 1.029202 1.019251 .9537864 .911487 .9359542 .9767421 .95166 .8956659 .917085 .9923676 1.001634 .9587136 .9109361 .8684203 .8177916 .7827966 .7472007 .7444178 .7397345 .7564116 .8530521 .9490955 .9322742 .8623877 .8197082 .7720873 .855108 .9251498 .9501064 .8909165 .8545927 .8079484 .7747821 .7889863 .8559052 .8750846 .8807844 .9031323 .9257393 .9300643 .9471409 1.013812 1.026418 1.017973
1.154996 1.186247 1.168831 1.136814 1.068564 1.002862 1.110543 1.210333 1.124226 1.12138 1.118297 1.07322 1.096837 1.105594 1.16487 1.23708 1.235079 1.184428 1.103985 1.088403 1.056553 1.004016 .9411262 .9658427 .9846521 1.009654 .9809839 .9755286 1.012374 1.024004 .9886216 .9308178 .8797467 .8388736 .8289359 .8073804 .7880542 .7907339 .7356523 .7687306 .8483504 .8711203 .8408442 .760643 .7658724 .7811201 .9235986 1.065052 1.104012 1.028388 .9328679 .8686627 .8402772 .8572228 .9196691 .939274 .9652895 .990475 1.00011 .9867473 .9754576 1.007726 1.019369
1.169272 1.215257 1.233984 1.212023 1.153064 1.044917 1.087722 1.240862 1.24447 1.201641 1.24009 1.15939 1.151698 1.172439 1.184175 1.24141 1.267228 1.278737 1.227738 1.194371 1.129555 1.032849 1.009758 1.013238 1.06463 1.069447 1.039404 1.016567 1.004237 1.011154 .9968672 .9473156 .8965256 .8636854 .8388786 .8378722 .8396848 .8373563 .825432 .7963175 .8164169 .8357937 .8721319 .8735352 .8571986 .8536183 .9309158 1.07381 1.203455 1.194023 1.071856 .954575 .8900929 .8892751 .9077626 .9382635 .9405812 .9277216 .9103489 .8824441 .8858689 .9651361 1.085403
1.174644 1.240973 1.286549 1.294821 1.241194 1.105177 1.056468 1.178825 1.285225 1.286268 1.310735 1.299959 1.222395 1.234716 1.25054 1.29528 1.29743 1.313309 1.334853 1.307875 1.241705 1.203205 1.161843 1.168502 1.160904 1.138368 1.081842 .9776492 .9389793 .9191461 .9153247 .9005469 .8811963 .8522348 .8169107 .8182276 .8147272 .834057 .8731611 .9160786 .8968301 .8672842 .8890116 .9305703 .9136948 .8995151 .9489918 1.054818 1.205939 1.289353 1.209177 1.06328 .9274454 .8597928 .8451857 .851994 .8506932 .839426 .8251388 .8004465 .8172168 .9336177 1.062645
1.044795 1.197325 1.308012 1.365695 1.339341 1.21006 1.099998 1.111855 1.200976 1.256745 1.289788 1.330325 1.284657 1.259457 1.281682 1.348252 1.398372 1.3952 1.434103 1.461608 1.450636 1.41221 1.387115 1.340401 1.304038 1.260223 1.172197 1.064742 .9622661 .9013104 .875852 .8624731 .8709323 .8758403 .873311 .8678148 .8704854 .8523335 .8763573 .9223722 .9302698 .917295 .8845602 .8593076 .8798714 .7936854 .8204181 .9681198 1.171915 1.323545 1.34696 1.214472 1.037089 .8938544 .8401904 .8089805 .8280762 .8583884 .8912389 .8831078 .8548687 .9071956 .9179965
.8610398 .9827272 1.172459 1.338886 1.375181 1.277379 1.144214 1.120195 1.15137 1.190354 1.218583 1.267426 1.273227 1.253047 1.254657 1.340266 1.445448 1.51475 1.537456 1.564351 1.59428 1.597397 1.595003 1.551001 1.493653 1.373045 1.291382 1.19982 1.09168 1.035914 .9653164 .9364792 .9145144 .9324468 .9666728 .957945 .9387662 .9276092 .9071589 .9033901 .9193739 .8850994 .8340529 .8175542 .8333262 .8183455 .747458 .8502525 1.077834 1.309067 1.440106 1.437536 1.255736 1.10683 1.052213 1.01643 1.012388 1.027116 1.034759 1.029674 .9788092 .9383706 .8666441
.8364043 .8239803 .9162696 1.129724 1.313856 1.320894 1.179922 1.091943 1.120796 1.169989 1.201708 1.208503 1.220849 1.222891 1.236763 1.256393 1.401249 1.548474 1.534315 1.56832 1.591173 1.587732 1.575952 1.6189 1.658106 1.607875 1.484187 1.381257 1.26969 1.167759 1.077149 1.01823 .9743268 .9422969 .9356536 .9678092 .9950979 .9698583 .9376601 .8709416 .8806216 .904171 .8517522 .8314467 .8658108 .9138522 .8509188 .7985065 .961318 1.192996 1.403762 1.525889 1.566908 1.434726 1.376653 1.305393 1.217209 1.155949 1.115391 1.077238 1.045842 1.019422 .9177446
.9825121 .8683225 .8651281 .9422704 1.146567 1.311643 1.301535 1.169465 1.126767 1.180556 1.237149 1.228223 1.180607 1.150365 1.155191 1.163006 1.21435 1.391088 1.546534 1.554313 1.570784 1.517007 1.516084 1.58947 1.717655 1.756324 1.706734 1.598041 1.457932 1.327294 1.205303 1.113533 1.037932 .9887133 .9820948 .9902168 1.003285 1.050165 1.019189 .9306906 .9009119 .9318224 .9055396 .8833686 .9315182 1.016088 1.054141 .9661128 .9523309 1.065128 1.257937 1.445447 1.515771 1.542998 1.518049 1.47423 1.368938 1.255402 1.180093 1.116862 1.061178 1.024495 .9815506
1.176345 1.013349 .985617 .990154 1.045645 1.208041 1.33637 1.303423 1.199814 1.187508 1.230274 1.230756 1.172486 1.126584 1.061544 1.046734 .9836712 1.113765 1.316717 1.462222 1.509492 1.485451 1.483328 1.573093 1.672104 1.741301 1.792016 1.799581 1.642985 1.511705 1.415818 1.300932 1.226906 1.165687 1.123665 1.077535 1.092907 1.116742 1.121453 1.059607 .9938232 .9915239 .9646733 .9369802 .993143 1.096356 1.185077 1.216247 1.138176 1.141377 1.200882 1.296382 1.332757 1.356464 1.364828 1.376974 1.350505 1.282061 1.214343 1.161803 1.106625 1.0489 1.030395
1.360033 1.225942 1.128881 1.142584 1.124183 1.168217 1.276234 1.325668 1.250744 1.18247 1.192357 1.210701 1.167516 1.022932 .9724008 .9264416 .8956391 .8569015 1.035888 1.248103 1.383434 1.385715 1.39071 1.438523 1.618969 1.714813 1.797045 1.79733 1.815632 1.711401 1.589203 1.460214 1.327781 1.233774 1.156553 1.119431 1.147225 1.181609 1.229724 1.207922 1.105283 1.072821 1.048154 1.021764 1.033446 1.101295 1.200767 1.269553 1.311578 1.305522 1.272826 1.289669 1.295308 1.241639 1.185519 1.190458 1.217424 1.196266 1.15951 1.145993 1.147591 1.085079 1.04295
1.452174 1.409688 1.290459 1.248028 1.209897 1.175981 1.21253 1.263082 1.248078 1.175468 1.1566 1.143088 1.127295 1.039494 .9099642 .8337274 .8065653 .7180997 .7718643 .98704 1.192063 1.278141 1.26641 1.283188 1.412495 1.559823 1.639078 1.782866 1.830312 1.829359 1.686019 1.480123 1.332295 1.206777 1.136144 1.10813 1.131716 1.208171 1.297722 1.321116 1.229781 1.151939 1.107544 1.064348 1.020664 1.013672 1.069695 1.127478 1.215923 1.305665 1.365304 1.343845 1.339073 1.27366 1.193066 1.133828 1.110601 1.091734 1.042343 .9964862 1.022319 1.019196 1.012162
1.451758 1.458515 1.370397 1.30766 1.272064 1.205858 1.181693 1.202934 1.212487 1.188994 1.175462 1.173819 1.161934 1.084496 1.036574 .9386024 .8483735 .7941779 .6429926 .6896199 .9181515 1.129721 1.216702 1.256253 1.334793 1.41399 1.542702 1.615306 1.713279 1.796379 1.838423 1.744643 1.506772 1.349977 1.241975 1.138075 1.099367 1.176038 1.286153 1.366895 1.328121 1.220738 1.127308 1.054036 1.004355 .9594122 .9496112 .9577732 .9999633 1.166816 1.291489 1.330261 1.311444 1.265851 1.214499 1.16914 1.134255 1.087596 1.01804 .905694 .8736994 .9211957 .93834
