py_wake/examples/data/AJ_ParqueFicticio/Rough survey   Sector All   Height 200m   Weibull-A.grd
DSAA
73  159
 258469   265669
 6501692   6517492
 7.03999   12.41252
[rows 84 to 111 of 159, columns 0 to 62 of 73]
8.919099 8.904463 8.897536 8.896077 8.899842 8.908147 8.922147 8.93749 8.946949 8.947094 8.937508 8.919385 8.885772 8.862456 8.857169 8.836898 8.819774 8.808529 8.817895 8.864357 8.923112 8.981662 9.057611 9.169543 9.328236 9.529093 9.727194 9.881197 9.957225 9.923568 9.806752 9.679075 9.555056 9.405159 9.267775 9.104153 9.022592 9.02525 9.080728 9.149074 9.188981 9.153299 9.062437 8.94911 8.873418 8.805245 8.715991 8.656175 8.620636 8.631322 8.698503 8.775013 8.841992 8.869018 8.858431 8.789471 8.662467 8.49923 8.316741 8.129136 7.948431 7.792154 7.6476
8.90585 8.899588 8.891221 8.888595 8.893134 8.908237 8.923587 8.940832 8.946731 8.95258 8.943229 8.926176 8.903748 8.864986 8.858377 8.855006 8.842414 8.821401 8.806814 8.827861 8.877051 8.942563 9.032874 9.170675 9.375197 9.62097 9.824874 9.94286 9.943115 9.848705 9.709746 9.583879 9.482082 9.335906 9.187584 9.045656 8.989355 9.053161 9.13254 9.215032 9.243164 9.188682 9.097723 8.979352 8.891972 8.824354 8.73515 8.640511 8.547307 8.515228 8.579531 8.683472 8.781695 8.845796 8.857265 8.806255 8.686249 8.514394 8.322025 8.114327 7.904706 7.716056 7.576722
8.869972 8.871957 8.875144 8.88293 8.889864 8.906099 8.925368 8.935091 8.952302 8.958006 8.953108 8.937656 8.917622 8.88572 8.867373 8.86778 8.85974 8.842038 8.829126 8.82655 8.853068 8.907601 8.998694 9.139274 9.364927 9.635863 9.8601 9.971338 9.915323 9.783401 9.621113 9.475155 9.366031 9.246815 9.127234 9.012467 8.967763 9.058943 9.188011 9.275969 9.295564 9.237098 9.145788 9.033931 8.950059 8.873111 8.787088 8.683952 8.560456 8.468474 8.470456 8.574758 8.704623 8.783105 8.831109 8.803847 8.685992 8.514063 8.313373 8.091334 7.861518 7.662331 7.536275
8.844203 8.849333 8.860198 8.873661 8.884279 8.898892 8.921341 8.935121 8.953033 8.96565 8.961415 8.952628 8.939081 8.913951 8.883466 8.871413 8.865473 8.860638 8.858875 8.851796 8.873706 8.924975 9.003365 9.132231 9.343299 9.623328 9.870257 9.998687 9.940387 9.782537 9.593151 9.414346 9.291182 9.184338 9.094771 8.993989 8.976545 9.090765 9.212666 9.304111 9.322282 9.277343 9.198724 9.093127 8.999595 8.907424 8.830058 8.736952 8.595711 8.459541 8.406523 8.488758 8.601017 8.700788 8.760818 8.75393 8.635417 8.45645 8.260175 8.038588 7.807946 7.625572 7.555555
8.847078 8.842716 8.85173 8.867029 8.883021 8.897023 8.909175 8.923805 8.944557 8.966748 8.971829 8.966636 8.957195 8.945642 8.914298 8.882804 8.867506 8.87122 8.874143 8.885034 8.919477 8.983474 9.078131 9.20648 9.383086 9.635095 9.905315 10.06843 10.02663 9.838489 9.604536 9.39188 9.241145 9.115073 9.018591 8.957753 9.011338 9.134847 9.251204 9.331565 9.355172 9.324864 9.234089 9.107686 8.992041 8.890298 8.807575 8.723032 8.587687 8.454467 8.38353 8.407957 8.47601 8.557789 8.647773 8.647694 8.531956 8.350112 8.163022 7.958094 7.741342 7.598067 7.614012
8.856895 8.849703 8.848692 8.866722 8.892528 8.90364 8.915276 8.913509 8.929799 8.952344 8.978074 8.982105 8.978681 8.975793 8.955928 8.910321 8.881044 8.877334 8.891603 8.915501 8.976234 9.068772 9.203108 9.362547 9.523818 9.723512 9.981969 10.16568 10.13155 9.907831 9.616863 9.367299 9.182949 9.034606 8.923827 8.909111 9.011176 9.166201 9.297015 9.383204 9.407689 9.361715 9.240971 9.0926 8.960867 8.874545 8.775573 8.682399 8.551063 8.44758 8.395259 8.375608 8.348386 8.39266 8.453569 8.474133 8.371877 8.197925 8.016566 7.842319 7.654255 7.565564 7.631542
8.870259 8.858649 8.86307 8.866857 8.89341 8.916381 8.933205 8.933312 8.936818 8.945249 8.968712 8.985923 8.996407 9.004116 8.993909 8.958457 8.920699 8.909002 8.919291 8.950549 9.037549 9.176699 9.356238 9.560604 9.731507 9.885297 10.09062 10.26378 10.21777 9.952913 9.617393 9.336699 9.138389 8.983202 8.865805 8.898973 8.994425 9.165345 9.338219 9.44348 9.458695 9.386404 9.245727 9.100676 9.010921 8.938231 8.854496 8.733563 8.602636 8.526409 8.507472 8.483836 8.396208 8.323284 8.293774 8.283701 8.198952 8.037419 7.857875 7.703527 7.556681 7.514675 7.611314
8.883071 8.874421 8.876758 8.880263 8.898695 8.931103 8.953543 8.967026 8.966973 8.965648 8.973292 8.990685 9.009973 9.02731 9.035252 9.013997 8.987764 8.984532 9.002218 9.018772 9.112523 9.296334 9.527668 9.770627 9.946251 10.06511 10.21612 10.34324 10.26258 9.96048 9.617929 9.326221 9.114244 8.944983 8.881701 8.942418 8.995164 9.14483 9.354736 9.500776 9.512983 9.412305 9.26607 9.167551 9.110965 9.033093 8.93114 8.794676 8.679277 8.637178 8.658804 8.629791 8.537542 8.410308 8.273591 8.143911 8.073328 7.955909 7.788962 7.625461 7.481751 7.456604 7.579052
8.8965 8.890951 8.891221 8.895305 8.911693 8.949341 8.982753 8.999704 9.009979 9.00594 8.995945 8.998737 9.021282 9.047506 9.069971 9.080216 9.082095 9.112855 9.150211 9.150677 9.206894 9.413485 9.701392 9.962275 10.13615 10.21973 10.32731 10.40248 10.2642 9.949853 9.604186 9.313857 9.084431 8.902263 8.888378 8.985378 9.031304 9.13598 9.347553 9.523897 9.54333 9.444257 9.320809 9.245385 9.186788 9.085973 8.958499 8.805404 8.729418 8.735899 8.777761 8.767562 8.68344 8.551044 8.373777 8.220194 8.109523 8.013564 7.862301 7.648154 7.438735 7.390077 7.518515
8.909097 8.912034 8.910884 8.913054 8.932721 8.974918 9.014667 9.038236 9.050852 9.054142 9.03996 9.024024 9.03768 9.070174 9.103953 9.142261 9.198603 9.284222 9.365882 9.370776 9.361355 9.525108 9.83132 10.12711 10.29442 10.33835 10.40123 10.4246 10.24187 9.909734 9.558681 9.258326 9.01733 8.873063 8.923848 9.038765 9.083383 9.142321 9.341628 9.52451 9.575028 9.496601 9.395922 9.308417 9.225652 9.090703 8.947182 8.831587 8.785421 8.800044 8.832233 8.824993 8.757642 8.658508 8.499495 8.359519 8.246357 8.138496 7.956855 7.695773 7.431234 7.324872 7.442074
8.921063 8.93326 8.934947 8.944993 8.960333 9.001159 9.04724 9.083263 9.09821 9.104659 9.098061 9.076319 9.079476 9.106394 9.14263 9.204465 9.317349 9.476658 9.619429 9.643891 9.591085 9.658449 9.939478 10.2503 10.41285 10.42773 10.43279 10.39985 10.18148 9.842771 9.489746 9.177722 8.946157 8.858836 8.972464 9.103924 9.130641 9.18076 9.356054 9.531542 9.595345 9.528739 9.423614 9.309051 9.196365 9.061981 8.941494 8.866862 8.838969 8.830119 8.820112 8.781804 8.727187 8.65903 8.551481 8.44963 8.342031 8.215933 8.032306 7.764093 7.462227 7.281313 7.343379
8.924205 8.954073 8.966993 8.982551 9.003382 9.03122 9.082818 9.128863 9.155983 9.163234 9.160586 9.155216 9.15819 9.175026 9.211411 9.275006 9.413262 9.645872 9.853953 9.92493 9.857159 9.842754 10.04697 10.33969 10.49671 10.47707 10.41212 10.29425 10.0613 9.745526 9.416164 9.115069 8.899434 8.856207 9.008933 9.153104 9.185356 9.217233 9.3634 9.533466 9.565226 9.476071 9.35625 9.239799 9.136117 9.039003 8.95591 8.901317 8.864625 8.824533 8.785646 8.718666 8.633428 8.570454 8.509383 8.44834 8.352361 8.234219 8.08061 7.845682 7.533225 7.278674 7.247765
8.931728 8.97094 9.00162 9.024727 9.054906 9.084856 9.1215 9.172296 9.208323 9.223828 9.231206 9.248067 9.270739 9.299903 9.331725 9.387982 9.515283 9.767439 10.03925 10.17101 10.11557 10.04283 10.16641 10.41236 10.52889 10.45822 10.28209 10.10148 9.874551 9.599895 9.323174 9.070958 8.886935 8.871991 9.040527 9.207624 9.25403 9.265448 9.373025 9.527862 9.49756 9.382559 9.252762 9.138057 9.063167 9.008908 8.966124 8.899648 8.848827 8.793584 8.742284 8.650607 8.528144 8.418995 8.38672 8.344404 8.261195 8.159325 8.064322 7.879533 7.60149 7.320251 7.182589
8.947651 8.994607 9.033059 9.071466 9.108675 9.155689 9.180907 9.213514 9.262555 9.295504 9.315984 9.353271 9.407749 9.479985 9.53494 9.56903 9.653658 9.881616 10.18462 10.35691 10.33013 10.22926 10.28949 10.46007 10.50717 10.33916 10.11428 9.913469 9.734735 9.529736 9.319539 9.111347 8.927458 8.882195 9.038018 9.23699 9.309547 9.31176 9.354386 9.437869 9.398679 9.28608 9.153062 9.046108 8.972017 8.916571 8.871743 8.813835 8.770418 8.720538 8.671508 8.582763 8.447875 8.331296 8.270273 8.209076 8.109878 8.007833 7.922215 7.797379 7.596902 7.347064 7.150576
8.986466 9.035506 9.081754 9.114613 9.149844 9.216937 9.263322 9.275783 9.322087 9.373384 9.412476 9.472588 9.563969 9.690715 9.794183 9.833528 9.868742 10.0464 10.33121 10.5214 10.496 10.38055 10.38245 10.46731 10.4231 10.2149 9.989313 9.863677 9.777987 9.623755 9.423296 9.200706 8.992962 8.894127 9.003947 9.19157 9.261855 9.251141 9.259872 9.307055 9.27364 9.17397 9.04882 8.949191 8.88922 8.825425 8.764867 8.70722 8.670563 8.627684 8.584595 8.524879 8.444553 8.387417 8.291314 8.183616 8.042172 7.905124 7.781644 7.659451 7.503366 7.310188 7.133154
9.047996 9.103459 9.151125 9.182915 9.199159 9.272388 9.352105 9.380074 9.407807 9.4752 9.537452 9.612646 9.734596 9.91203 10.06694 10.13201 10.15667 10.28184 10.50994 10.66713 10.63057 10.50575 10.4493 10.422 10.30229 10.11843 9.975621 9.953572 9.925484 9.778073 9.547181 9.278068 9.036051 8.90978 8.971921 9.091003 9.124562 9.098774 9.108052 9.160642 9.148687 9.065602 8.949862 8.843207 8.783442 8.739873 8.696796 8.63668 8.624638 8.605068 8.576786 8.560869 8.554473 8.522342 8.417267 8.290114 8.13187 7.951471 7.77843 7.619412 7.474994 7.312208 7.168442
9.12341 9.194834 9.249318 9.28303 9.285913 9.326948 9.437451 9.5076 9.534644 9.619067 9.699506 9.791875 9.927672 10.11436 10.31121 10.41863 10.47457 10.56172 10.7057 10.81311 10.75426 10.59651 10.45559 10.32971 10.20961 10.12659 10.08485 10.10366 10.07128 9.900935 9.624476 9.313075 9.054393 8.940816 8.972092 8.993067 8.976192 8.936482 8.93981 8.992497 9.00571 8.964353 8.85885 8.756063 8.681041 8.632549 8.62947 8.653151 8.708201 8.743412 8.724293 8.704673 8.693146 8.65959 8.560726 8.424397 8.250943 8.0581 7.868021 7.693686 7.508728 7.307377 7.16958
9.185574 9.291571 9.364878 9.405907 9.408094 9.41344 9.517018 9.647922 9.704106 9.79219 9.899438 9.994323 10.14196 10.32624 10.5162 10.66388 10.74823 10.82635 10.91573 10.95523 10.84822 10.63451 10.41136 10.27282 10.24679 10.26452 10.26756 10.24907 10.15769 9.937064 9.632833 9.314762 9.06493 8.961921 8.977037 8.947344 8.8992 8.851168 8.818253 8.826034 8.86238 8.868213 8.82129 8.751115 8.657172 8.562138 8.580592 8.724116 8.865047 8.94072 8.941527 8.911732 8.863672 8.794431 8.680547 8.530278 8.342601 8.146973 7.935758 7.704746 7.438307 7.216716 7.138041
9.232841 9.365837 9.474737 9.551524 9.56829 9.539639 9.603334 9.768915 9.875174 9.989644 10.13086 10.24192 10.38111 10.55432 10.7198 10.86548 10.95509 11.03306 11.09527 11.08362 10.91989 10.65007 10.4337 10.3531 10.39744 10.45479 10.45397 10.35301 10.1626 9.897673 9.603343 9.310389 9.085247 8.977948 8.941274 8.890955 8.836238 8.791776 8.760526 8.754066 8.819008 8.877408 8.888576 8.822315 8.688995 8.552382 8.568741 8.785355 9.026567 9.173329 9.203221 9.160128 9.063925 8.934869 8.769358 8.580523 8.368432 8.150589 7.901943 7.622318 7.325928 7.128369 7.140314
9.254235 9.41278 9.567112 9.694043 9.742701 9.691911 9.699162 9.861519 10.031 10.18159 10.35484 10.49796 10.62403 10.78025 10.90714 11.02024 11.10101 11.17105 11.22549 11.1799 10.99115 10.74698 10.56951 10.5323 10.60336 10.65172 10.58905 10.38541 10.11642 9.839864 9.563181 9.302879 9.089855 8.952744 8.875784 8.813906 8.751787 8.713542 8.713879 8.788019 8.87921 8.944533 8.954844 8.873758 8.696248 8.532968 8.57369 8.806103 9.120831 9.361483 9.449702 9.417479 9.2779 9.05956 8.812077 8.573009 8.345456 8.110102 7.848248 7.550543 7.253073 7.068583 7.130622
9.223297 9.409302 9.618876 9.810349 9.898551 9.849907 9.830733 9.955556 10.13761 10.32721 10.53002 10.72037 10.85878 10.97421 11.0506 11.11966 11.19066 11.24525 11.30508 11.25408 11.09006 10.89229 10.75716 10.74183 10.80848 10.81776 10.6886 10.43785 10.1513 9.873767 9.596464 9.323181 9.094506 8.94798 8.865271 8.80734 8.728421 8.682611 8.719192 8.847556 8.969831 9.04458 8.997787 8.85514 8.669475 8.541378 8.568549 8.799022 9.144125 9.473288 9.667888 9.676105 9.500716 9.202136 8.894759 8.631107 8.394116 8.145708 7.877645 7.579017 7.26936 7.046025 7.076449
9.201477 9.357877 9.598696 9.84696 9.999047 10.0007 9.987169 10.08041 10.24798 10.4527 10.67768 10.89749 11.05529 11.12675 11.13953 11.14882 11.20304 11.26723 11.33527 11.30742 11.17153 11.00893 10.89867 10.90617 10.9633 10.93893 10.80364 10.57733 10.30071 10.02425 9.70663 9.387469 9.125272 8.959779 8.882659 8.791116 8.712328 8.704084 8.787074 8.922327 9.070125 9.117021 9.018086 8.85033 8.711554 8.651487 8.64139 8.782812 9.117079 9.52163 9.823387 9.905343 9.738991 9.41729 9.091948 8.805788 8.524471 8.232875 7.948646 7.654248 7.336327 7.069195 7.03999
9.293644 9.358159 9.544339 9.804152 10.02875 10.13265 10.1628 10.23414 10.37585 10.59318 10.84223 11.06391 11.2073 11.23377 11.18759 11.09429 11.10609 11.19777 11.27525 11.27696 11.17532 11.01693 10.91574 10.94893 11.04555 11.06526 10.98265 10.7992 10.53168 10.2199 9.842834 9.465179 9.166879 8.968743 8.846455 8.749372 8.709677 8.77519 8.912889 9.040002 9.173786 9.204538 9.103983 8.954796 8.846914 8.814278 8.785316 8.814573 9.078316 9.496891 9.87222 10.05407 9.946529 9.643139 9.310596 8.986012 8.646103 8.305594 7.999002 7.70912 7.402874 7.133731 7.060235
9.493635 9.47651 9.587907 9.792069 10.0319 10.23874 10.36023 10.43201 10.54751 10.76278 11.02512 11.24517 11.33991 11.297 11.1655 10.97566 10.89214 10.97941 11.10007 11.14744 11.07238 10.9184 10.81253 10.86426 11.05233 11.16996 11.15388 11.02718 10.78393 10.43029 9.995995 9.569896 9.233016 8.99913 8.844647 8.745104 8.749864 8.900201 9.083289 9.223513 9.332568 9.36712 9.285723 9.136227 9.031831 9.001276 8.962922 8.939965 9.094388 9.460112 9.847202 10.09342 10.02393 9.737144 9.398682 9.058535 8.690899 8.33716 8.028461 7.746153 7.444211 7.195794 7.120338
9.756079 9.705697 9.749553 9.895243 10.09027 10.32596 10.53078 10.64889 10.74455 10.93083 11.1883 11.39798 11.45197 11.33354 11.08753 10.82359 10.65559 10.68901 10.81374 10.91245 10.90505 10.77875 10.67457 10.75195 10.98431 11.19186 11.26554 11.20549 10.98275 10.61246 10.15061 9.709984 9.353187 9.086894 8.914739 8.806312 8.842114 9.048544 9.288319 9.462775 9.561142 9.599747 9.518854 9.348851 9.204042 9.154509 9.102102 9.058426 9.162972 9.46238 9.808581 10.02603 9.930726 9.638414 9.288326 8.961683 8.641157 8.330272 8.048844 7.780646 7.48166 7.232481 7.171062
10.02825 9.98086 9.973748 10.07874 10.22341 10.42313 10.65188 10.82178 10.93404 11.09315 11.32788 11.52367 11.53665 11.31054 10.98627 10.68094 10.46673 10.42287 10.51284 10.62171 10.65942 10.57654 10.47049 10.57294 10.84813 11.11076 11.28471 11.29751 11.0905 10.72572 10.27247 9.832201 9.448541 9.174092 8.98384 8.892858 8.971024 9.219684 9.528988 9.754138 9.860876 9.884899 9.784603 9.572686 9.35607 9.225697 9.13868 9.099616 9.207915 9.484476 9.786512 9.924147 9.788164 9.453957 9.082649 8.778749 8.521319 8.2715 8.026417 7.774608 7.490682 7.252327 7.197198
10.25689 10.24026 10.21518 10.27775 10.39504 10.55099 10.75572 10.94854 11.10149 11.25225 11.45459 11.61181 11.56593 11.293 10.93372 10.60167 10.35042 10.22794 10.25175 10.33545 10.37262 10.33295 10.25878 10.35753 10.66076 10.96143 11.18593 11.23103 11.04222 10.71765 10.30778 9.893483 9.540078 9.272242 9.105926 9.030343 9.117918 9.408928 9.776074 10.05775 10.18207 10.1913 10.05553 9.769082 9.44927 9.205094 9.05166 8.996843 9.108868 9.395437 9.699369 9.786266 9.606412 9.272862 8.916716 8.628402 8.400234 8.193642 7.965208 7.706949 7.432508 7.229481 7.201396
10.42769 10.45075 10.43241 10.47677 10.58048 10.71507 10.88925 11.07628 11.26309 11.42755 11.59355 11.71258 11.61503 11.32957 10.98065 10.62504 10.34503 10.207 10.13086 10.10054 10.09065 10.07321 10.04102 10.17287 10.50235 10.83208 11.02493 10.99812 10.82409 10.56674 10.28209 9.975755 9.721383 9.507241 9.355021 9.263395 9.324011 9.608335 10.00561 10.3385 10.50528 10.49378 10.28186 9.908951 9.506316 9.181722 8.962642 8.859805 8.948237 9.204012 9.474724 9.538036 9.367527 9.070937 8.77748 8.544031 8.352884 8.171932 7.960618 7.680871 7.387451 7.207654 7.194433
