py_wake/examples/data/AJ_ParqueFicticio/Rough survey   Sector 3   Height 30m   Weibull-k.grd
DSAA
73  159
 258469   265669
 6501692   6517492
 .8183594   2.744141
[rows 84 to 111 of 159, columns 0 to 62 of 73]
2.548828 2.537109 2.525391 2.513672 2.501953 2.478516 2.455078 2.431641 2.408203 2.408203 2.412109 2.412109 2.400391 2.404297 2.388672 2.416016 2.400391 2.408203 2.443359 2.439453 2.443359 2.455078 2.466797 2.466797 2.458984 2.419922 2.353516 2.248047 2.220703 2.318359 2.384766 2.443359 2.458984 2.419922 2.462891 2.560547 2.568359 2.548828 2.537109 2.462891 2.380859 2.357422 2.341797 2.373047 2.369141 2.384766 2.443359 2.478516 2.564453 2.560547 2.541016 2.580078 2.611328 2.595703 2.552734 2.560547 2.587891 2.599609 2.552734 2.541016 2.556641 2.548828 2.638672
2.521484 2.517578 2.513672 2.501953 2.486328 2.466797 2.443359 2.416016 2.404297 2.396484 2.384766 2.373047 2.353516 2.369141 2.388672 2.396484 2.373047 2.369141 2.404297 2.408203 2.408203 2.419922 2.439453 2.470703 2.455078 2.388672 2.337891 2.294922 2.251953 2.302734 2.314453 2.365234 2.400391 2.447266 2.451172 2.572266 2.576172 2.533203 2.482422 2.458984 2.443359 2.392578 2.384766 2.388672 2.369141 2.384766 2.412109 2.435547 2.498047 2.580078 2.541016 2.591797 2.619141 2.607422 2.587891 2.587891 2.638672 2.568359 2.541016 2.541016 2.564453 2.552734 2.638672
2.494141 2.501953 2.505859 2.486328 2.470703 2.455078 2.423828 2.412109 2.404297 2.380859 2.365234 2.369141 2.376953 2.376953 2.388672 2.384766 2.388672 2.392578 2.369141 2.353516 2.349609 2.361328 2.365234 2.400391 2.369141 2.283203 2.208984 2.185547 2.193359 2.248047 2.259766 2.310547 2.388672 2.431641 2.455078 2.552734 2.580078 2.513672 2.458984 2.451172 2.435547 2.455078 2.412109 2.427734 2.447266 2.466797 2.462891 2.470703 2.521484 2.623047 2.595703 2.537109 2.599609 2.568359 2.615234 2.603516 2.576172 2.548828 2.548828 2.544922 2.548828 2.638672 2.638672
2.498047 2.498047 2.494141 2.462891 2.447266 2.439453 2.408203 2.419922 2.404297 2.373047 2.369141 2.357422 2.353516 2.337891 2.341797 2.357422 2.373047 2.361328 2.353516 2.349609 2.306641 2.275391 2.251953 2.263672 2.263672 2.177734 2.044922 2.060547 2.099609 2.193359 2.197266 2.248047 2.310547 2.400391 2.521484 2.599609 2.611328 2.462891 2.439453 2.419922 2.419922 2.447266 2.416016 2.451172 2.482422 2.505859 2.505859 2.498047 2.548828 2.607422 2.615234 2.587891 2.537109 2.544922 2.560547 2.568359 2.552734 2.548828 2.580078 2.607422 2.607422 2.638672 2.638672
2.494141 2.486328 2.462891 2.443359 2.419922 2.396484 2.384766 2.396484 2.365234 2.349609 2.345703 2.330078 2.322266 2.326172 2.318359 2.318359 2.337891 2.322266 2.330078 2.310547 2.279297 2.232422 2.173828 2.138672 2.158203 2.154297 2.041016 2.052734 2.146484 2.162109 2.220703 2.326172 2.341797 2.392578 2.466797 2.583984 2.623047 2.517578 2.451172 2.419922 2.419922 2.396484 2.380859 2.427734 2.466797 2.470703 2.482422 2.443359 2.513672 2.552734 2.580078 2.552734 2.611328 2.544922 2.544922 2.626953 2.576172 2.552734 2.599609 2.638672 2.638672 2.638672 2.638672
2.474609 2.462891 2.455078 2.439453 2.400391 2.384766 2.349609 2.333984 2.306641 2.326172 2.306641 2.322266 2.306641 2.294922 2.279297 2.255859 2.271484 2.287109 2.283203 2.298828 2.283203 2.244141 2.193359 2.169922 2.193359 2.185547 2.173828 2.173828 2.228516 2.216797 2.337891 2.388672 2.396484 2.427734 2.505859 2.541016 2.591797 2.521484 2.474609 2.439453 2.427734 2.396484 2.384766 2.423828 2.431641 2.419922 2.380859 2.392578 2.466797 2.458984 2.412109 2.376953 2.408203 2.423828 2.443359 2.580078 2.626953 2.634766 2.638672 2.638672 2.638672 2.603516 2.638672
2.494141 2.478516 2.447266 2.423828 2.396484 2.365234 2.314453 2.314453 2.283203 2.279297 2.267578 2.291016 2.271484 2.255859 2.251953 2.251953 2.228516 2.208984 2.236328 2.283203 2.306641 2.287109 2.271484 2.263672 2.302734 2.208984 2.185547 2.177734 2.193359 2.279297 2.400391 2.447266 2.447266 2.478516 2.533203 2.494141 2.501953 2.529297 2.486328 2.466797 2.451172 2.380859 2.451172 2.482422 2.533203 2.416016 2.458984 2.458984 2.513672 2.580078 2.466797 2.306641 2.353516 2.396484 2.345703 2.369141 2.521484 2.568359 2.638672 2.638672 2.572266 2.619141 2.576172
2.490234 2.470703 2.451172 2.435547 2.400391 2.333984 2.314453 2.291016 2.263672 2.267578 2.259766 2.255859 2.267578 2.244141 2.232422 2.224609 2.205078 2.158203 2.169922 2.267578 2.361328 2.357422 2.333984 2.330078 2.271484 2.283203 2.255859 2.189453 2.208984 2.326172 2.439453 2.505859 2.513672 2.587891 2.533203 2.533203 2.529297 2.478516 2.509766 2.458984 2.447266 2.455078 2.466797 2.529297 2.501953 2.541016 2.541016 2.537109 2.537109 2.544922 2.533203 2.509766 2.494141 2.478516 2.455078 2.318359 2.416016 2.486328 2.541016 2.564453 2.677734 2.634766 2.611328
2.498047 2.470703 2.443359 2.416016 2.380859 2.349609 2.310547 2.291016 2.279297 2.251953 2.255859 2.275391 2.251953 2.255859 2.251953 2.220703 2.205078 2.158203 2.162109 2.263672 2.341797 2.435547 2.396484 2.357422 2.263672 2.314453 2.291016 2.228516 2.236328 2.380859 2.501953 2.568359 2.568359 2.595703 2.541016 2.482422 2.556641 2.564453 2.455078 2.462891 2.470703 2.474609 2.498047 2.533203 2.548828 2.548828 2.541016 2.556641 2.541016 2.552734 2.552734 2.541016 2.541016 2.533203 2.552734 2.533203 2.529297 2.529297 2.556641 2.650391 2.408203 2.216797 2.666016
2.482422 2.451172 2.423828 2.416016 2.400391 2.345703 2.310547 2.287109 2.271484 2.263672 2.255859 2.259766 2.263672 2.248047 2.263672 2.283203 2.275391 2.220703 2.201172 2.302734 2.322266 2.392578 2.326172 2.287109 2.267578 2.326172 2.330078 2.294922 2.314453 2.435547 2.529297 2.572266 2.572266 2.556641 2.544922 2.470703 2.509766 2.568359 2.439453 2.451172 2.482422 2.490234 2.548828 2.572266 2.548828 2.541016 2.548828 2.548828 2.587891 2.599609 2.576172 2.552734 2.552734 2.541016 2.556641 2.587891 2.630859 2.615234 2.619141 2.677734 2.623047 1.962891 2.291016
2.478516 2.447266 2.419922 2.388672 2.369141 2.349609 2.302734 2.267578 2.248047 2.255859 2.244141 2.232422 2.232422 2.236328 2.271484 2.330078 2.373047 2.326172 2.283203 2.349609 2.361328 2.478516 2.337891 2.255859 2.275391 2.361328 2.373047 2.357422 2.345703 2.451172 2.513672 2.552734 2.583984 2.564453 2.529297 2.474609 2.556641 2.595703 2.517578 2.439453 2.470703 2.533203 2.560547 2.568359 2.537109 2.537109 2.537109 2.548828 2.580078 2.587891 2.572266 2.560547 2.560547 2.548828 2.560547 2.560547 2.607422 2.583984 2.591797 2.650391 2.369141 2.744141 2.744141
2.443359 2.416016 2.384766 2.369141 2.337891 2.322266 2.302734 2.287109 2.271484 2.259766 2.251953 2.244141 2.228516 2.205078 2.251953 2.341797 2.423828 2.388672 2.330078 2.361328 2.349609 2.521484 2.431641 2.267578 2.294922 2.408203 2.447266 2.396484 2.404297 2.447266 2.470703 2.525391 2.560547 2.580078 2.525391 2.470703 2.525391 2.607422 2.583984 2.462891 2.494141 2.537109 2.568359 2.548828 2.533203 2.548828 2.537109 2.568359 2.564453 2.576172 2.556641 2.568359 2.595703 2.572266 2.552734 2.556641 2.583984 2.583984 2.564453 2.619141 2.587891 2.744141 2.744141
2.427734 2.384766 2.388672 2.376953 2.357422 2.314453 2.306641 2.287109 2.279297 2.271484 2.267578 2.263672 2.244141 2.216797 2.240234 2.341797 2.451172 2.423828 2.333984 2.365234 2.353516 2.552734 2.513672 2.318359 2.333984 2.376953 2.423828 2.330078 2.376953 2.427734 2.466797 2.462891 2.619141 2.654297 2.576172 2.517578 2.568359 2.646484 2.634766 2.529297 2.544922 2.544922 2.544922 2.537109 2.533203 2.537109 2.541016 2.552734 2.548828 2.548828 2.537109 2.537109 2.552734 2.537109 2.544922 2.572266 2.583984 2.623047 2.603516 2.599609 2.673828 2.669922 2.744141
2.416016 2.376953 2.361328 2.376953 2.388672 2.341797 2.306641 2.294922 2.291016 2.287109 2.294922 2.298828 2.291016 2.255859 2.267578 2.345703 2.330078 2.365234 2.330078 2.357422 2.326172 2.521484 2.513672 2.369141 2.318359 2.314453 2.279297 2.298828 2.169922 2.232422 2.337891 2.443359 2.650391 2.689453 2.646484 2.576172 2.603516 2.654297 2.626953 2.541016 2.490234 2.525391 2.533203 2.533203 2.533203 2.533203 2.537109 2.533203 2.541016 2.541016 2.537109 2.572266 2.599609 2.478516 2.384766 2.435547 2.560547 2.583984 2.587891 2.646484 2.666016 2.451172 2.744141
2.443359 2.373047 2.330078 2.345703 2.373047 2.345703 2.306641 2.306641 2.306641 2.298828 2.330078 2.353516 2.376953 2.345703 2.337891 2.388672 2.337891 2.341797 2.259766 2.255859 2.314453 2.478516 2.486328 2.384766 2.267578 2.283203 2.384766 2.232422 2.212891 2.294922 2.439453 2.591797 2.685547 2.697266 2.677734 2.603516 2.619141 2.630859 2.599609 2.537109 2.478516 2.521484 2.537109 2.537109 2.548828 2.576172 2.583984 2.587891 2.529297 2.505859 2.474609 2.400391 2.384766 2.392578 2.361328 2.353516 2.439453 2.611328 2.626953 2.619141 2.634766 2.591797 2.744141
2.435547 2.345703 2.326172 2.333984 2.376953 2.388672 2.322266 2.326172 2.353516 2.333984 2.365234 2.416016 2.458984 2.447266 2.427734 2.455078 2.396484 2.400391 2.298828 2.263672 2.330078 2.482422 2.482422 2.388672 2.271484 2.388672 2.376953 2.400391 2.341797 2.439453 2.568359 2.638672 2.685547 2.693359 2.673828 2.607422 2.552734 2.587891 2.576172 2.501953 2.541016 2.580078 2.568359 2.603516 2.580078 2.595703 2.533203 2.529297 2.353516 2.216797 2.259766 2.330078 2.462891 2.498047 2.509766 2.576172 2.611328 2.666016 2.666016 2.689453 2.669922 2.384766 2.744141
2.443359 2.400391 2.373047 2.365234 2.400391 2.458984 2.384766 2.376953 2.423828 2.408203 2.427734 2.482422 2.501953 2.494141 2.474609 2.509766 2.443359 2.447266 2.373047 2.314453 2.365234 2.474609 2.466797 2.353516 2.388672 2.341797 2.396484 2.357422 2.416016 2.498047 2.599609 2.638672 2.681641 2.677734 2.646484 2.583984 2.513672 2.505859 2.451172 2.435547 2.529297 2.462891 2.482422 2.490234 2.505859 2.544922 2.548828 2.482422 2.263672 2.263672 2.427734 2.494141 2.447266 2.498047 2.572266 2.626953 2.666016 2.689453 2.638672 2.580078 2.482422 2.744141 1.095703
2.486328 2.474609 2.451172 2.412109 2.435547 2.513672 2.509766 2.451172 2.505859 2.501953 2.478516 2.529297 2.544922 2.490234 2.458984 2.455078 2.466797 2.466797 2.419922 2.373047 2.388672 2.431641 2.423828 2.482422 2.388672 2.455078 2.412109 2.486328 2.486328 2.521484 2.580078 2.615234 2.666016 2.673828 2.630859 2.599609 2.533203 2.517578 2.451172 2.501953 2.388672 2.341797 2.326172 2.373047 2.478516 2.556641 2.638672 2.615234 2.537109 2.521484 2.560547 2.470703 2.525391 2.595703 2.626953 2.662109 2.689453 2.685547 2.634766 2.580078 2.744141 .8183594 2.638672
2.556641 2.529297 2.505859 2.455078 2.470703 2.572266 2.619141 2.537109 2.576172 2.587891 2.552734 2.572266 2.494141 2.455078 2.455078 2.455078 2.490234 2.482422 2.443359 2.392578 2.376953 2.423828 2.447266 2.517578 2.427734 2.416016 2.466797 2.494141 2.498047 2.505859 2.544922 2.587891 2.646484 2.646484 2.611328 2.580078 2.537109 2.521484 2.564453 2.513672 2.369141 2.322266 2.392578 2.482422 2.505859 2.544922 2.638672 2.638672 2.626953 2.591797 2.587891 2.486328 2.572266 2.630859 2.662109 2.669922 2.689453 2.689453 2.666016 2.603516 2.619141 1.958984 2.638672
2.607422 2.595703 2.560547 2.501953 2.498047 2.587891 2.638672 2.587891 2.607422 2.638672 2.603516 2.599609 2.505859 2.486328 2.521484 2.521484 2.529297 2.509766 2.451172 2.412109 2.431641 2.501953 2.529297 2.533203 2.490234 2.470703 2.419922 2.427734 2.423828 2.431641 2.486328 2.568359 2.615234 2.623047 2.591797 2.548828 2.525391 2.541016 2.623047 2.576172 2.529297 2.490234 2.443359 2.466797 2.533203 2.611328 2.611328 2.541016 2.638672 2.623047 2.587891 2.466797 2.541016 2.623047 2.658203 2.662109 2.677734 2.689453 2.685547 2.611328 2.744141 2.744141 2.744141
2.611328 2.623047 2.615234 2.556641 2.525391 2.611328 2.638672 2.611328 2.599609 2.615234 2.603516 2.537109 2.498047 2.525391 2.580078 2.587891 2.572266 2.552734 2.501953 2.490234 2.529297 2.544922 2.568359 2.576172 2.544922 2.458984 2.388672 2.404297 2.396484 2.396484 2.478516 2.583984 2.619141 2.603516 2.568359 2.537109 2.533203 2.638672 2.630859 2.587891 2.544922 2.427734 2.427734 2.458984 2.556641 2.576172 2.669922 2.642578 2.552734 2.638672 2.607422 2.494141 2.498047 2.607422 2.638672 2.662109 2.685547 2.689453 2.666016 2.560547 2.744141 2.744141 2.744141
2.564453 2.603516 2.603516 2.548828 2.517578 2.587891 2.638672 2.576172 2.564453 2.548828 2.490234 2.455078 2.474609 2.541016 2.615234 2.634766 2.615234 2.572266 2.548828 2.537109 2.556641 2.591797 2.615234 2.572266 2.529297 2.513672 2.529297 2.537109 2.455078 2.462891 2.556641 2.603516 2.634766 2.619141 2.568359 2.544922 2.544922 2.638672 2.638672 2.595703 2.505859 2.408203 2.408203 2.498047 2.544922 2.572266 2.685547 2.689453 2.619141 2.548828 2.638672 2.611328 2.529297 2.611328 2.666016 2.689453 2.685547 2.642578 2.568359 2.447266 2.744141 2.744141 2.744141
2.525391 2.560547 2.556641 2.513672 2.486328 2.552734 2.580078 2.521484 2.505859 2.482422 2.451172 2.427734 2.451172 2.556641 2.630859 2.669922 2.650391 2.599609 2.564453 2.544922 2.568359 2.599609 2.619141 2.544922 2.638672 2.611328 2.587891 2.587891 2.513672 2.521484 2.580078 2.619141 2.630859 2.626953 2.568359 2.541016 2.638672 2.638672 2.619141 2.544922 2.462891 2.408203 2.482422 2.498047 2.572266 2.626953 2.689453 2.677734 2.685547 2.591797 2.533203 2.533203 2.537109 2.654297 2.685547 2.681641 2.642578 2.548828 2.462891 2.376953 2.431641 2.744141 2.744141
2.560547 2.537109 2.505859 2.529297 2.517578 2.548828 2.583984 2.513672 2.521484 2.505859 2.458984 2.423828 2.443359 2.541016 2.619141 2.681641 2.689453 2.634766 2.560547 2.544922 2.544922 2.576172 2.599609 2.544922 2.638672 2.638672 2.638672 2.638672 2.544922 2.533203 2.568359 2.599609 2.619141 2.595703 2.552734 2.564453 2.638672 2.638672 2.595703 2.505859 2.451172 2.443359 2.423828 2.587891 2.669922 2.677734 2.689453 2.654297 2.658203 2.681641 2.568359 2.541016 2.572266 2.662109 2.685547 2.681641 2.650391 2.544922 2.443359 2.400391 1.958984 2.744141 2.744141
2.607422 2.572266 2.533203 2.501953 2.509766 2.587891 2.583984 2.525391 2.544922 2.537109 2.458984 2.400391 2.443359 2.494141 2.591797 2.658203 2.685547 2.658203 2.568359 2.529297 2.533203 2.564453 2.619141 2.568359 2.634766 2.638672 2.638672 2.638672 2.587891 2.537109 2.552734 2.591797 2.603516 2.583984 2.548828 2.560547 2.638672 2.638672 2.595703 2.529297 2.513672 2.412109 2.494141 2.658203 2.693359 2.693359 2.677734 2.603516 2.607422 2.689453 2.619141 2.583984 2.595703 2.658203 2.681641 2.669922 2.669922 2.662109 2.580078 2.509766 1.978516 .8574219 2.744141
2.638672 2.599609 2.537109 2.533203 2.533203 2.529297 2.505859 2.501953 2.509766 2.517578 2.431641 2.357422 2.369141 2.423828 2.517578 2.587891 2.654297 2.666016 2.611328 2.525391 2.529297 2.556641 2.615234 2.607422 2.576172 2.638672 2.638672 2.638672 2.638672 2.564453 2.544922 2.548828 2.556641 2.634766 2.638672 2.638672 2.638672 2.638672 2.626953 2.568359 2.470703 2.462891 2.580078 2.677734 2.693359 2.681641 2.642578 2.568359 2.552734 2.681641 2.642578 2.599609 2.587891 2.626953 2.650391 2.626953 2.615234 2.658203 2.666016 2.560547 2.123047 2.638672 .9042969
2.638672 2.595703 2.541016 2.541016 2.533203 2.533203 2.482422 2.470703 2.458984 2.458984 2.388672 2.302734 2.291016 2.353516 2.435547 2.521484 2.603516 2.595703 2.568359 2.533203 2.529297 2.544922 2.599609 2.603516 2.548828 2.638672 2.568359 2.638672 2.638672 2.638672 2.638672 2.638672 2.638672 2.638672 2.638672 2.638672 2.556641 2.638672 2.638672 2.591797 2.482422 2.509766 2.611328 2.681641 2.693359 2.681641 2.650391 2.623047 2.576172 2.685547 2.630859 2.603516 2.568359 2.576172 2.595703 2.580078 2.568359 2.595703 2.666016 2.626953 2.021484 1.552734 2.744141
2.638672 2.638672 2.552734 2.537109 2.537109 2.517578 2.462891 2.439453 2.412109 2.412109 2.361328 2.302734 2.294922 2.353516 2.443359 2.544922 2.560547 2.494141 2.525391 2.544922 2.580078 2.572266 2.619141 2.626953 2.537109 2.529297 2.529297 2.533203 2.638672 2.638672 2.638672 2.638672 2.638672 2.638672 2.638672 2.560547 2.591797 2.548828 2.580078 2.544922 2.478516 2.501953 2.587891 2.677734 2.697266 2.681641 2.669922 2.689453 2.693359 2.685547 2.626953 2.556641 2.537109 2.552734 2.560547 2.583984 2.572266 2.556641 2.595703 2.677734 1.416016 2.744141 2.744141
