py_wake/examples/data/AJ_ParqueFicticio/Rough survey   Sector 4   Height 200m   Power density.grd
DSAA
73  159
 258469   265669
 6501692   6517492
 133.8925   1624.552
[rows 84 to 111 of 159, columns 0 to 62 of 73]
547.9633 547.3428 548.6018 551.5965 555.8912 562.8882 570.1035 578.5839 585.2274 589.9716 592.7307 595.6106 593.343 591.483 594.9098 594.868 595.5093 596.5276 599.8983 611.9805 626.3079 641.3692 661.8924 694.5931 741.9134 807.5308 875.8218 929.9208 956.5829 942.4667 898.2856 850.3729 806.366 757.9759 717.5294 666.7343 641.3519 642.4194 659.951 684.8784 699.6198 692.6397 667.6124 636.8403 616.7952 595.6919 568.0264 548.3954 532.1882 524.3915 530.2063 542.5963 558.0918 566.1873 564.3388 544.3579 508.5037 466.0699 419.8377 376.0362 335.8839 303.8388 274.0384
546.2712 547.2366 547.8876 550.6862 555.2429 563.8023 571.4097 580.2288 586.0748 591.7328 597.0516 599.9726 600.749 596.1473 599.2684 603.9845 606.0953 604.995 606.0819 613.829 626.5889 644.7843 668.5098 706.1024 764.6357 842.6894 912.596 956.416 957.8925 926.1682 875.4662 827.3831 790.1783 740.7843 695.7164 649.7912 631.9079 647.067 673.1329 699.7194 711.3748 698.9927 675.1086 642.3429 618.814 598.1187 573.6369 548.684 523.4843 509.8206 515.0872 530.0396 547.2303 559.4102 559.485 540.4407 505.0536 460.4695 414.1569 367.1105 322.8766 287.0292 259.832
539.9531 542.3669 545.0249 549.9933 556.0272 564.1298 573.7721 579.6121 587.3438 594.0447 600.6593 602.8547 604.5801 602.9081 604.7007 610.4756 612.4751 613.3248 616.6583 620.7992 631.9533 648.905 674.9261 714.6818 779.8345 862.374 937.3094 976.8442 960.0302 914.7425 854.3611 801.4373 760.0114 717.7368 678.1858 638.8425 625.3947 649.2171 686.2079 712.0797 720.0178 705.7592 679.1223 648.8085 625.137 602.9379 579.9414 554.9096 524.2909 500.9543 497.529 513.9383 534.6429 547.1013 550.9269 535.1992 498.3401 453.0825 404.2949 355.5259 308.533 272.2471 249.1767
534.6204 537.7039 542.2486 549.6357 556.8081 564.6286 574.1215 580.4786 588.6385 597.0438 602.4973 606.6541 609.2372 612.1203 612.9966 614.8846 617.665 621.8579 626.2729 630.3845 643.071 662.5832 689.2911 728.589 790.767 874.0255 953.6426 995.0247 973.7179 915.6506 842.9372 778.7905 733.5947 693.9259 661.0184 628.4185 622.9457 655.8476 691.6284 719.0254 725.8182 713.4426 688.8402 655.6768 628.7968 603.6622 584.303 560.5419 527.5573 497.9018 486.9626 502.551 520.445 532.5182 537.8362 524.7178 486.5099 437.8488 390.5866 340.3403 293.2091 258.9207 247.1133
533.5618 535.7039 540.7314 549.0247 557.5502 565.4431 572.592 579.9171 589.3843 597.795 604.371 609.5581 614.1934 620.169 621.1208 620.8868 622.934 629.0873 633.601 642.4267 657.0341 680.4383 713.3492 755.941 810.4713 885.5802 967.9835 1017 996.4371 919.7222 834.8154 760.5358 711.8141 668.5206 635.1756 615.1171 626.0149 660.1384 697.1902 723.3365 731.4091 720.7543 693.6284 657.5223 626.0314 600.0975 580.8383 558.9943 526.7535 498.8049 486.8859 494.8019 505.5951 514.9709 522.5789 509.625 470.2102 420.5079 372.6721 325.2863 278.2755 249.9138 249.3432
533.336 535.7178 540.1135 548.4592 559.2976 566.6347 575.4124 580.7859 588.8007 597.6099 607.6705 613.2497 618.6581 627.4638 630.9954 629.1351 630.2129 634.3279 642.3658 652.0262 670.9552 700.4926 743.439 794.3306 845.4184 906.6953 984.3008 1036.208 1009.689 920.918 819.3134 740.6458 684.8922 640.4063 606.4806 599.6953 622.4345 662.5597 702.202 730.381 738.828 725.3785 691.0715 651.321 618.4451 596.6765 573.7946 551.5058 521.3317 499.1974 494.2159 495.3996 493.6348 498.6255 500.1544 489.5372 450.1854 400.9986 353.5634 309.735 266.0533 243.8305 248.8993
532.8713 535.6113 541.7701 547.4674 557.8792 569.1844 579.1456 585.16 591.3567 598.233 608.0452 614.7393 624.489 632.5984 638.5538 639.0951 640.2755 645.8184 654.153 663.3323 685.9105 724.2513 777.4717 839.2283 892.1724 934.5995 992.9285 1040.62 1012.675 914.5452 803.1661 717.0363 659.3436 616.1125 584.0753 591.3195 613.6696 656.0476 704.7697 736.9302 743.6887 723.8059 683.5845 644.7088 618.1597 599.4422 576.4794 547.5597 517.874 505.0149 508.1513 511.735 498.2297 486.5026 477.5607 463.5301 429.7447 384.8074 337.3799 294.3752 254.8035 236.496 243.8978
533.6871 536.5646 541.5742 547.4143 556.6921 570.4937 581.6439 591.1199 597.8329 602.6638 609.4636 617.774 627.0811 637.0311 645.396 648.2252 652.7427 662.9732 676.6788 684.0641 705.1802 750.9254 816.1486 887.7676 934.0485 963.1548 1004.895 1040.304 1005.322 898.6944 787.0233 699.2579 639.6432 592.2496 576.3231 591.1898 606.3313 644.2095 700.3671 742.9883 746.8458 717.4417 673.9614 643.0396 622.2177 598.8885 572.9701 537.5469 512.7744 506.8412 515.5396 516.9719 503.8392 483.7916 461.3403 433.1108 407.7683 372.0271 327.8388 282.8817 244.6582 226.2026 235.7244
532.3647 536.3492 541.373 547.7431 557.0455 571.6026 585.336 595.8456 604.2396 609.8142 614.1348 620.0093 630.2786 640.1276 649.6387 658.5014 668.3034 689.0128 710.7245 716.4115 728.9486 778.3268 854.5875 926.6179 971.1286 989.3569 1016.917 1037.781 986.688 878.9545 768.7881 681.6125 618.3903 572.3101 570.2189 593.3857 607.0485 634.6151 690.7515 739.3872 741.8002 710.5078 670.6545 642.0588 621.0565 592.4536 560.6287 522.9388 504.1494 504.5627 515.8677 517.6459 502.2804 479.2 447.9892 416.8379 391.6176 365.7 328.0272 279.1329 233.3594 212.9962 221.829
531.4239 536.8923 542.5723 548.5182 558.61 574.0774 589.2992 601.0871 610.6395 617.4435 620.258 624.4023 634.115 646.1236 656.6097 668.8327 689.127 724.048 757.8464 766.4568 763.0096 795.842 874.9282 957.7604 1001.589 1007.153 1020.386 1026.091 963.1004 854.936 745.9131 659.6002 592.8657 555.5748 569.183 599.0729 610.8488 627.7219 679.3714 726.5048 735.4072 705.5706 668.3734 639.26 616.2709 580.5462 544.2666 517.0449 505.0442 507.5815 514.5568 511.8792 494.5493 470.9059 437.8678 410.3264 386.5904 362.6978 326.0506 275.1964 225.4539 199.6943 206.509
530.9684 538.2189 544.6375 552.7776 562.4412 577.1755 593.0659 607.6807 617.4327 624.5484 629.1158 633.2635 643.4574 656.9255 668.8655 684.4974 715.428 765.6215 815.7351 829.8009 808.7487 816.5692 889.3627 978.4349 1021.472 1018.96 1015.227 1002.454 935.6763 830.0917 723.9504 636.0662 572.598 548.09 574.2284 606.9438 615.2094 627.4167 670.7501 715.9495 727.9549 701.1401 664.4928 631.7054 600.4222 564.4181 535.1136 518.4115 512.6435 512.448 512.3321 503.3536 483.5001 462.2237 435.7123 411.5419 387.601 361.1416 325.3737 275.5902 222.8862 190.0632 189.5966
529.6365 540.4135 547.9999 557.6273 568.9283 581.4388 597.9556 614.1169 625.4193 633.4207 638.8166 644.5054 657.8458 673.5668 690.0079 708.0048 744.1249 809.6678 874.1617 899.2694 866.9961 850.6583 903.0272 989.051 1032.598 1020.878 1000.261 968.4896 899.9758 805.6256 708.5585 622.7253 561.1284 544.6143 579.4442 612.1962 620.748 627.435 663.4297 708.7622 715.2933 685.3134 647.3594 612.8908 583.8051 556.1886 536.0945 523.9013 519.6622 516.0782 511.9925 498.4656 473.8506 452.4554 431.9895 413.1981 387.6375 359.1337 325.0546 279.2065 226.509 186.7302 176.6639
528.2444 541.9992 553.2089 563.587 575.9744 589.3453 603.9426 620.4547 632.4438 640.8157 647.6498 657.5782 677.0712 700.5485 721.1782 741.5473 776.4107 845.5941 926.355 960.5408 925.9675 889.5007 919.4423 996.6702 1033.077 1013.419 966.7498 922.2656 860.8395 779.041 693.8482 616.4924 557.8397 544.2974 578.2497 616.9754 626.9218 628.9095 656.5326 699.8751 694.2911 663.2518 624.5616 592.1254 570.0313 552.6907 541.4896 529.0983 524.0056 518.3682 513.8346 497.9316 472.4939 445.8072 428.435 411.6609 384.1749 353.2954 323.1127 281.4128 232.6121 190.0145 169.6549
529.3663 545.0746 558.6365 571.3181 583.4481 599.6472 612.4011 626.0828 640.5151 651.4848 660.9132 674.8177 700.5052 736.1562 767.6312 787.6396 814.3679 879.7882 964.7139 1005.221 977.8571 932.7851 945.2286 1001.585 1025.919 986.0782 931.0191 883.1982 834.9877 769.4296 694.7727 622.0707 561.7205 540.3237 569.2464 616.337 629.8493 631.7991 647.9883 675.7593 672.3785 643.5232 606.614 577.5594 558.0019 544.5469 535.6505 525.2097 520.842 517.8508 514.6368 500.9222 476.199 456.357 439.8576 417.2975 381.6394 346.3974 314.7073 276.5827 233.3947 192.9628 166.1596
533.2028 550.71 566.5491 578.5968 589.8766 608.5281 624.844 634.2671 649.0706 664.1363 677.2347 695.9075 730.1487 777.8921 822.5772 846.2299 862.7432 910.5479 993.0343 1042.286 1016.179 968.1934 965.0983 1000.513 1003.57 954.7073 899.0361 868.0943 837.3574 777.5187 703.5689 629.0413 566.0849 538.1002 560.4691 606.5453 623.1094 621.1811 628.7147 649.2255 648.2628 624.7803 591.5311 566.159 551.7804 536.723 526.6412 517.6728 514.3339 516.7067 514.4553 506.6808 491.23 477.4373 453.3932 423.8476 385.2528 343.9843 303.958 266.1594 226.6052 188.3817 162.4007
540.2439 560.1266 577.5215 590.1316 598.1789 615.8375 637.7642 649.5651 661.4265 681.4468 699.3976 725.2379 766.8907 825.7072 879.616 908.9258 916.7103 953.5403 1021.987 1065.857 1042.72 994.3372 977.0152 982.8094 967.571 923.9423 886.7446 872.2463 850.1805 791.6251 713.9968 632.2923 567.2801 539.7237 556.4198 589.0771 601.5187 598.3862 605.1566 624.1974 626.8101 609.4135 582.076 555.6848 540.1152 526.3668 515.2144 505.7153 511.7206 519.2953 522.8215 520.548 513.189 496.4001 466.6367 430.1375 388.3188 341.7267 297.2391 256.6738 218.2065 182.5799 158.3282
550.5143 572.4431 591.2351 605.3459 611.0166 622.4586 648.424 667.8124 680.3538 705.5117 731.6899 766.1142 812.5493 873.0067 935.0309 963.7723 977.8622 1005.223 1053.382 1086.905 1062.413 1010.223 971.1866 951.6262 932.3065 915.0298 897.1141 889.8462 863.5776 803.3413 718.351 630.2665 565.5903 542.6411 557.8399 571.9946 577.1833 575.3835 582.1039 599.4704 606.5879 601.3049 576.6666 549.71 530.3497 509.7545 498.0146 503.1842 521.8575 541.4732 547.7532 542.0487 531.7843 512.6486 478.6078 436.8521 389.3937 338.2747 290.6303 249.9748 208.5607 171.3712 147.9889
558.2579 584.4895 605.9682 623.3572 630.0374 634.5386 657.1008 688.3527 706.3552 734.1788 773.6486 812.1021 862.2247 920.6548 971.3573 1007.061 1027.749 1052.298 1087.42 1105.194 1072.227 1008.532 949.4175 922.1701 923.9664 928.0729 919.4879 903.4207 868.7151 800.6035 711.6538 626.2832 564.5901 545.9255 556.4085 560.8851 559.649 557.0133 558.9882 569.5001 582.8669 587.7932 576.4458 555.8577 523.3317 488.4525 479.713 503.4331 534.9214 564.7 574.7249 570.3044 554.0967 527.0574 488.0483 442.2065 390.8875 339.5813 289.4412 241.4062 192.2476 154.0001 137.7829
564.0886 593.1003 620.9229 645.8837 656.6594 654.0018 667.7252 706.1843 734.9832 770.7042 822.8845 869.2357 914.1728 961.4581 1004.254 1038.773 1060.249 1085.171 1112.602 1118.065 1073.293 991.9894 931.8368 916.187 934.2175 952.4108 950.8434 918.401 862.7484 784.4062 701.3343 622.6628 567.0219 547.0794 547.1049 544.5589 541.3802 538.607 540.6507 550.3045 573.3071 590.3043 585.5861 559.8812 516.2353 469.8405 459.3629 498.1466 549.366 589.976 610.2254 607.114 582.6942 543.9475 494.8911 443.3315 388.8089 337.0942 282.3723 229.1199 177.2044 141.807 133.8925
568.3434 599.6815 635.2582 670.463 687.6576 680.2227 684.412 724.2408 768.4725 817.7841 879.5179 928.164 964.0645 1003.676 1029.882 1053.215 1073.807 1096.676 1120.756 1114.771 1057.111 978.3325 924.5482 919.6257 952.4377 981.3364 973.5151 921.431 847.1808 769.9926 690.5001 619.4644 566.5782 539.1846 529.1198 523.3543 516.0941 513.2614 520.2532 546.3193 576.3783 596.4082 592.1442 561.223 505.3427 455.0986 446.868 486.1561 552.1755 610.5242 644.8154 647.7294 616.2673 559.4489 494.9768 436.494 381.1763 327.3174 272.3705 217.872 167.6637 135.5618 135.7236
568.8926 602.6581 647.1844 693.2062 719.4171 712.0192 713.7321 749.8364 806.691 867.0056 930.4987 987.1172 1021.451 1043.317 1048.347 1053.35 1068.106 1084.49 1108.926 1092.021 1034.219 963.9445 919.3735 926.231 969.9523 1001.787 986.4375 924.8841 847.0797 769.39 690.2078 616.0047 558.8282 528.0765 515.4762 508.5843 495.4516 493.7873 512.4153 551.7683 588.6868 611.337 597.4413 552.5986 497.1316 455.7734 445.3293 477.1214 543.5665 619.078 673.3954 686.0334 645.3099 571.398 494.9402 432.4038 376.0893 318.9959 264.6017 212.7842 166.0599 134.3188 135.7079
574.2206 604.497 652.5732 708.1978 745.0291 747.8633 751.8017 790.4446 848.2678 909.6526 978.7707 1041.215 1077.435 1079.249 1059.552 1041.319 1044.913 1060.251 1081.16 1066.723 1008.345 943.1247 905.4164 920.4848 969.4894 1000.061 988.652 936.7906 861.2117 784.7225 695.4045 610.5169 547.7302 511.2776 498.091 480.7852 471.6908 482.4224 514.7678 561.9511 608.9925 625.8885 599.5033 548.9916 501.4866 472.5984 456.5845 469.7711 528.5231 615.5345 688.9374 712.0282 667.5378 582.5304 499.3764 430.637 367.5826 308.9329 256.8192 210.1318 166.0669 135.217 135.1222
596.1688 612.898 653.5403 709.379 759.3527 784.3538 802.1855 840.9504 885.7415 951.5531 1028.83 1093.827 1124.902 1106.997 1065.674 1015.539 1003.281 1021.276 1042.856 1034.793 986.5237 920.1179 878.8243 894.8356 946.35 985.6505 987.9381 951.0956 882.9878 797.7244 694.1835 597.587 528.4428 487.7292 468.985 455.4544 455.4949 484.3288 531.2263 584.3213 630.7156 641.9975 611.9261 560.6181 516.4766 489.0549 468.4484 463.5846 509.5135 599.1343 687.0169 724.1854 681.7455 587.8532 497.7757 424.4091 356.892 297.5828 249.2008 206.0734 165.9472 137.0627 135.0525
627.5754 633.2969 663.4971 712.1525 767.2393 818.5446 861.7731 893.1074 930.5658 998.7911 1083.971 1151.554 1168.011 1129.133 1062.668 983.8435 945.8118 963.5628 993.0126 997.1719 956.7449 889.7806 839.8763 850.3079 917.5173 969.8144 982.008 958.7928 899.0372 801.7441 683.0618 581.1913 511.7453 470.0524 447.404 435.8299 448.1437 493.5381 553.6221 614.9252 659.2372 668.5771 636.8353 579.5336 532.3998 503.824 478.6819 464.7801 493.7266 575.8278 671.274 725.7434 685.0823 586.1049 491.7756 415.5966 346.6981 288.3704 242.6092 204.2315 166.2846 139.7952 136.7076
664.673 664.9755 684.6288 729.0027 784.9973 850.4985 911.2473 949.1686 983.0775 1047.161 1135.501 1203.532 1210.517 1152.028 1053.469 956.0424 897.6515 902.0419 931.8524 948.2088 924.8812 861.5237 804.3112 813.1589 885.1366 956.2988 985.9136 973.4488 908.7212 802.9794 677.4324 574.1271 504.0032 461.0296 437.6249 427.3335 446.549 506.6392 582.3001 652.9174 695.8138 704.8287 668.6214 603.3845 544.5512 512.1337 483.7052 463.3011 484.7462 558.6494 651.1593 705.9828 665.9648 565.9955 471.2915 397.9024 336.7311 285.5394 243.5072 206.5965 168.1714 141.0472 137.8158
700.2178 699.8538 712.2665 749.4171 802.4395 868.3702 943.0051 999.3323 1041.194 1100.74 1185.513 1255.802 1253.811 1164.373 1043.325 936.6779 867.1528 852.4303 873.0778 891.3747 879.0645 825.6548 766.3638 775.0435 850.3479 929.8976 979.671 977.0401 905.0052 794.0925 670.3923 571.4564 498.1342 457.9281 433.6811 427.1301 453.5523 522.8773 617.0325 700.1255 747.9486 753.899 710.5186 634.4212 560.585 511.9121 477.366 457.5367 478.0929 546.6754 633.1099 676.2367 633.1548 533.08 441.5971 376.5476 328.0457 286.2185 248.1125 210.2956 171.461 143.8219 139.9186
728.8909 733.6528 740.7728 771.9362 826.6324 892.4163 970.6128 1040.542 1096.66 1156.932 1235.037 1295.854 1277.805 1173.26 1042.508 930.7652 852.8432 820.2549 824.8996 835.6206 823.1337 784.0657 736.2458 740.8779 815.1523 898.7767 955.7123 949.697 871.4437 762.2123 648.5184 558.6303 497.5404 460.8645 444.8796 440.4141 468.3517 546.3148 655.1817 756.7025 810.6263 813.3569 761.8268 666.5783 570.7471 503.5542 461.3537 442.4681 462.6725 528.9713 609.5486 637.5447 584.7277 498.6717 417.9065 360.6946 320.1863 286.5197 250.6601 212.6976 173.7061 148.3009 145.2924
745.051 761.9935 771.7586 801.1368 855.3937 925.1434 1002.82 1077.786 1148.979 1214.508 1282.713 1331.198 1296.353 1187.116 1057.679 940.8523 859.8501 824.426 802.0488 784.5429 764.8175 735.4546 699.4658 713.8096 792.5374 882.2495 919.2659 886.3426 807.1221 705.5214 615.8458 545.0363 504.9228 480.2254 470.0347 468.4976 495.6397 574.9647 694.816 814.6406 879.9637 878.2347 808.3074 692.2774 579.9504 500.6582 450.2682 427.7271 445.4712 500.076 570.3356 585.3455 536.2464 462.9354 398.0666 353.3082 319.972 291.5534 259.7883 218.8354 178.7597 156.0803 154.1385
