py_wake/examples/data/AJ_ParqueFicticio/Rough survey   Sector 9   Height 30m   Orographic speed.grd
DSAA
73  159
 258469   265669
 6501692   6517492
 .05273279   2.469986
[rows 84 to 111 of 159, columns 0 to 62 of 73]
.9055211 .9028827 .8986675 .8981631 .8953537 .9008476 .9137887 .919956 .9244527 .9298397 .9319168 .932776 .9226237 .9049647 .9039958 .9053819 .919353 .9174246 .8992132 .9338704 .9435968 .9535838 .956077 .9711988 1.034167 1.190884 1.373227 1.491009 1.559477 1.481202 1.355467 1.274579 1.241059 1.208539 1.171033 .9841855 .9103784 .895221 1.002797 1.17047 1.245009 1.224469 1.178271 1.119861 1.086484 1.059465 1.035119 1.026351 1.004952 .9582909 .9598459 .9894828 1.018224 1.037541 1.050525 1.012327 .9751034 .9075851 .8370563 .7916823 .7188849 .6310772 .502399
.9001073 .9013912 .8949731 .8861665 .8817939 .8998532 .9084207 .9149637 .9162611 .9249448 .9309558 .9283353 .9226188 .8925963 .9094602 .9271106 .93604 .9185934 .9123391 .9317691 .9318761 .9624171 .968441 .9929802 1.087968 1.271065 1.420819 1.533283 1.530238 1.423527 1.332077 1.258966 1.232721 1.166929 1.077962 .9382724 .9006361 .9277658 1.082194 1.206855 1.247829 1.219025 1.17763 1.108073 1.109497 1.090463 1.068701 1.078203 1.006325 .9736233 .9544252 .966171 1.00805 1.028323 1.04042 1.038187 .9807979 .9163831 .861432 .795992 .7027711 .5601208 .4079754
.8837762 .8860575 .8793624 .8712257 .883026 .8971807 .9065103 .9019546 .9135221 .9216965 .9242425 .9111826 .9092298 .8961716 .9039714 .9275457 .9231424 .9200827 .9347597 .9232607 .9388807 .9559413 .9869633 1.014794 1.120861 1.290502 1.451081 1.525609 1.499575 1.401921 1.320439 1.2491 1.195221 1.128861 1.053667 .9463876 .8889073 .973128 1.182876 1.216748 1.22315 1.198208 1.169074 1.128887 1.118064 1.094703 1.07756 1.08234 1.042982 .979111 .954522 .974353 1.018603 1.028926 1.043332 1.064744 .9968302 .9284451 .8411449 .7665095 .6326058 .4530211 .3221188
.8652825 .8644509 .8575515 .8686255 .8799576 .886609 .8962057 .8988934 .9049276 .9160993 .9118057 .9077179 .9090732 .9163975 .911835 .918727 .9165873 .9214009 .9224057 .9174705 .9400777 .9543965 .9959392 1.039795 1.127651 1.288431 1.466964 1.537218 1.516595 1.469511 1.343655 1.270115 1.205145 1.130457 1.046296 .9078823 .869983 1.080382 1.175891 1.221344 1.232399 1.22005 1.208816 1.170756 1.136912 1.108676 1.091138 1.091411 1.048395 .9667745 .9446479 1.003438 1.052333 1.036727 1.048965 1.090648 1.000578 .8992977 .793869 .7188288 .5298479 .3473529 .3112415
.857205 .8471385 .8414688 .8671859 .8757889 .8768644 .8834759 .8845758 .8916599 .9063732 .9072027 .9036586 .9021856 .9146684 .9234062 .9126422 .8987301 .9181681 .9173945 .9159559 .9258012 .9584715 .9980466 1.081929 1.16444 1.28291 1.451779 1.588122 1.599062 1.527143 1.40037 1.271734 1.211301 1.135994 1.03261 .9012297 .9187746 1.078306 1.173305 1.227133 1.251862 1.268723 1.249619 1.190508 1.130946 1.086289 1.090773 1.093506 1.017673 .9331259 .9234697 1.015388 1.06682 1.051317 1.072458 1.055163 .9870713 .8497806 .7519579 .6529343 .4295143 .3569737 .3648034
.8482077 .8293828 .8446207 .8570383 .8693248 .8700696 .8826724 .872528 .8811855 .8896407 .9028298 .896963 .896023 .9126521 .9213864 .9006838 .9016842 .9029088 .9032158 .9059195 .9191727 .9506077 1.017599 1.134523 1.252068 1.317317 1.499417 1.686657 1.708586 1.589315 1.397634 1.262664 1.187117 1.099604 .9681555 .9030992 .9475159 1.118448 1.183748 1.249644 1.286206 1.285357 1.228726 1.121401 1.050413 1.051723 1.046788 1.018581 .9252502 .8816752 .9180205 1.001863 1.010065 1.020218 1.029846 1.040621 .9485159 .7869126 .6837836 .6177725 .3848259 .3839428 .4067127
.8301502 .8330474 .8485251 .8388553 .8533254 .8652858 .8717689 .8674073 .8781323 .8753343 .8944297 .8895259 .8945286 .9097604 .9199702 .9106969 .8996201 .8920224 .9155517 .8931043 .9213876 .9702551 1.060814 1.230187 1.358636 1.410335 1.567245 1.773351 1.78118 1.587186 1.360392 1.232535 1.156643 1.031231 .8999401 .9465224 1.018263 1.090097 1.202476 1.27015 1.303651 1.291376 1.159321 1.055385 1.040635 1.098777 1.067869 1.031263 .9141963 .8585234 .9436139 1.048668 1.008664 1.033103 1.021681 .9966143 .8624792 .7230769 .6287941 .5665923 .4382254 .426559 .4602792
.8371863 .8308711 .8323419 .8265229 .8276184 .8458772 .8655792 .8763543 .8767757 .879787 .8831792 .8818845 .890018 .9028522 .9137068 .8975527 .8792346 .8875195 .9361238 .9369915 .9472867 1.021984 1.149703 1.352601 1.479082 1.501047 1.637192 1.822597 1.794256 1.546036 1.317625 1.212035 1.147846 .9765604 .8747113 1.027878 1.050322 1.078487 1.205414 1.321933 1.33568 1.239585 1.116607 1.062216 1.139048 1.158999 1.124753 .9951322 .8842673 .8805619 1.015514 1.079068 1.062392 1.030245 .9713468 .8540038 .7844577 .7232293 .7075983 .6321588 .5332932 .4784358 .500134
.8212709 .8175098 .8205705 .8137997 .8048037 .8396297 .8651102 .869734 .8827041 .8861051 .8847914 .8760076 .8849493 .8945019 .9007276 .8816295 .8604363 .8975187 .99827 1.028758 .9999799 1.096663 1.285507 1.468356 1.585696 1.568454 1.70039 1.844669 1.759082 1.51463 1.311899 1.208465 1.115678 .9016589 .8838862 1.081422 1.095745 1.096288 1.19623 1.334935 1.303093 1.217137 1.132148 1.161881 1.213917 1.183394 1.073288 .9442998 .8971903 .950867 1.071685 1.104427 1.062314 1.025864 .9089938 .8020187 .8084359 .8253709 .8109784 .7484516 .6123739 .5276871 .5208287
.814185 .811992 .804234 .7954423 .8038733 .8328842 .8603161 .8695326 .8786915 .8898407 .8875149 .8700396 .8757808 .8921114 .886941 .8734936 .8583038 .941543 1.090114 1.142108 1.112211 1.166741 1.377786 1.573379 1.664507 1.627894 1.738633 1.835991 1.731589 1.486146 1.294852 1.169366 .9767497 .798425 .9603189 1.138139 1.117935 1.072016 1.213734 1.337764 1.340294 1.274286 1.224812 1.219139 1.214994 1.125972 .9924109 .9337141 .9880701 1.046866 1.085938 1.088977 1.04483 .9766356 .8980692 .8709342 .8898689 .9338787 .8914498 .788332 .6343469 .5737935 .5460716
.7955821 .7961643 .7923336 .7944287 .7967777 .8249997 .8548288 .868618 .8791233 .8910959 .8882853 .8679524 .878019 .8933672 .8943544 .8794041 .8836584 1.010971 1.205472 1.270512 1.241844 1.226369 1.436634 1.673576 1.749144 1.711941 1.755612 1.839912 1.680331 1.410906 1.224216 1.079883 .9033947 .8201268 .9892359 1.178392 1.143227 1.103974 1.223004 1.406048 1.371963 1.329993 1.269654 1.217217 1.134565 1.016007 .9551311 .977146 1.038445 1.066704 1.082308 1.075724 1.00582 .9724452 .9035313 .8829213 .9209002 .8881935 .8438373 .7802654 .6563753 .618597 .5957944
.7798712 .7891219 .7816713 .7936536 .8071433 .8218771 .8441116 .8722094 .8906125 .8874531 .8796591 .8703763 .8840021 .9061905 .9190328 .9025754 .9433671 1.119343 1.302036 1.378946 1.360224 1.33314 1.477047 1.767002 1.856846 1.820802 1.810612 1.746587 1.559485 1.309626 1.136518 1.004496 .8668116 .846548 1.102228 1.210356 1.174931 1.143525 1.321437 1.446159 1.424394 1.341946 1.230739 1.131871 1.051566 .9815482 .9974816 1.016553 1.045213 1.056221 1.063386 1.059328 .9794462 .9392338 .8928029 .9080947 .9126829 .8527719 .8246851 .7780835 .6924862 .657758 .6461484
.764651 .7741616 .7878648 .7946696 .8114399 .8276426 .8458396 .8766252 .8898625 .8806 .8692899 .8731881 .8932599 .9238925 .9647707 .9930373 1.040561 1.16752 1.379234 1.508292 1.484529 1.415245 1.52449 1.858223 1.91771 1.868149 1.73135 1.526648 1.340455 1.165443 1.046469 .9771622 .9256465 .9347932 1.155218 1.2547 1.257111 1.282878 1.33845 1.481008 1.369811 1.273592 1.13481 1.041619 1.025698 1.016676 1.038718 1.034973 1.03414 1.018983 1.044724 1.033185 .9246765 .8466619 .8769697 .9354268 .8948669 .8489767 .8449153 .775524 .6953389 .6413056 .6508305
.7395962 .7759458 .7941959 .8047994 .8089352 .8410239 .8589448 .8672874 .8839194 .8804519 .8740819 .88455 .8960891 .9589643 1.043665 1.114563 1.111807 1.189741 1.484217 1.633021 1.596259 1.488365 1.589686 1.860898 1.923965 1.755841 1.430235 1.230132 1.177152 1.132996 1.149534 1.107419 1.036552 1.03347 1.192952 1.329487 1.310786 1.329831 1.334196 1.385662 1.302645 1.177559 1.070024 1.01475 1.006616 1.023662 .9996397 .9708498 .9651541 .9548633 1.007479 .9186917 .7688208 .8054595 .8852115 .8890657 .8737954 .8062461 .7986159 .7809974 .684059 .6046929 .5941082
.7315113 .7763997 .8061318 .8155563 .7967058 .8444963 .8807093 .8571989 .8721133 .8909761 .8909297 .8981612 .9189308 1.019642 1.1562 1.214393 1.181395 1.279948 1.586729 1.732809 1.669128 1.543267 1.68353 1.857851 1.803128 1.490723 1.161305 1.143415 1.264484 1.292361 1.314197 1.266663 1.149536 1.104496 1.215946 1.376992 1.36608 1.260062 1.230656 1.27337 1.24078 1.110252 1.016202 .9848548 .9897186 .9662628 .9233497 .8816088 .8508428 .8969954 .8413459 .7994366 .7836374 .9027533 .9220158 .9450542 .8696969 .8444041 .8072826 .7088976 .6269473 .5312225 .517037
.7237496 .7739999 .8232261 .8326551 .8026034 .8330001 .8941438 .8686563 .866789 .9105879 .9220185 .9332774 .9814573 1.118046 1.267579 1.292048 1.279185 1.422907 1.666055 1.819748 1.729945 1.640825 1.703655 1.767306 1.57357 1.227476 1.071529 1.271841 1.47049 1.51701 1.447063 1.316033 1.138019 1.121906 1.268914 1.377169 1.289076 1.169351 1.150246 1.191894 1.139105 1.048943 .990949 .9145792 .9489235 .9020362 .8608779 .7557821 .7958677 .8000999 .8328022 .8395329 .8884345 1.02188 1.02051 1.014499 .9618726 .9035146 .8084704 .7676002 .7530956 .6757749 .5984541
.7522967 .7974806 .8357392 .8556994 .8363866 .8215016 .8882819 .914283 .8774521 .9368778 .9863288 1.008335 1.074715 1.20503 1.347994 1.380631 1.417651 1.550718 1.714613 1.850964 1.795431 1.733166 1.672894 1.474347 1.244542 1.157423 1.262792 1.520706 1.645682 1.593597 1.443065 1.260884 1.113448 1.111202 1.236162 1.274639 1.200313 1.078442 1.08799 1.108243 1.052785 .9761338 .9310951 .9022737 .8928578 .8244703 .7479061 .6892315 .8021796 .8651993 .8919955 .9741689 1.07518 1.127583 1.120831 1.104185 1.05096 .9895477 .9428143 .9401793 .9329285 .7812152 .5577607
.7851993 .8282762 .8389613 .8701758 .8806383 .8434796 .8789301 .9649492 .918332 .9690834 1.069267 1.091027 1.185903 1.310745 1.426281 1.501998 1.550427 1.633123 1.760116 1.873314 1.821304 1.654557 1.43223 1.204241 1.204961 1.309174 1.531127 1.693209 1.701041 1.551602 1.355917 1.172153 1.071204 1.123827 1.225132 1.1913 1.142888 1.033144 1.016497 .9515274 .9315376 .91967 .9066143 .9877393 .9324068 .820996 .6860051 .6765437 .8889259 1.002954 1.060794 1.128768 1.195406 1.226923 1.210387 1.184142 1.115932 1.081188 1.051765 1.033697 .8899637 .5783879 .4661522
.8035659 .8276168 .8430771 .8938386 .9548991 .9092479 .8793278 1.002564 .9878955 1.02782 1.154456 1.206459 1.296011 1.434787 1.528707 1.613357 1.641439 1.698845 1.802184 1.841901 1.713773 1.457788 1.246341 1.173795 1.361271 1.583945 1.739888 1.734748 1.61369 1.425461 1.258549 1.127241 1.075743 1.127774 1.159053 1.105221 1.058517 .9669047 .8970006 .8441412 .8921546 .9458752 .9921376 1.067792 1.005416 .7814009 .6610717 .8097639 .9998182 1.090699 1.157021 1.237966 1.304262 1.313462 1.28788 1.209376 1.122415 1.07662 1.014625 .9031807 .662367 .5548307 .5459235
.8173788 .82047 .8523648 .9504841 1.045669 .97736 .8954902 1.033215 1.087999 1.11978 1.247499 1.313675 1.395139 1.573768 1.629302 1.691149 1.695858 1.722365 1.778695 1.761111 1.585225 1.354443 1.240078 1.302577 1.560573 1.714948 1.764307 1.621312 1.419575 1.290771 1.202913 1.124327 1.086513 1.07456 1.071405 1.015687 .9518557 .8519406 .7836503 .7848918 .9303938 1.090444 1.18453 1.175558 .9704959 .7457459 .7123812 .873223 1.039342 1.1441 1.230102 1.342758 1.393145 1.349542 1.237302 1.110758 1.044025 .9857735 .909286 .7835569 .6512139 .6574073 .7268031
.8142698 .8318312 .8910902 1.0217 1.108767 .9903504 .9292376 1.077393 1.146504 1.194434 1.312061 1.42007 1.543858 1.688115 1.726597 1.747636 1.709938 1.702798 1.759453 1.712167 1.561055 1.415874 1.346953 1.452663 1.642874 1.676508 1.631637 1.437766 1.320171 1.282951 1.243432 1.161844 1.063977 1.021928 1.01039 .995715 .8775492 .78065 .7607969 .8680998 1.070082 1.202219 1.196724 1.077628 .8169007 .7641633 .8043463 .931449 1.051587 1.180482 1.309709 1.431895 1.42836 1.298694 1.142866 1.100741 1.073381 1.010098 .9118062 .8125933 .7343448 .741749 .7816014
.8319934 .8656049 .934478 1.053397 1.104662 1.005677 .9972627 1.127167 1.191592 1.267115 1.384955 1.543522 1.712568 1.793386 1.840876 1.781053 1.731516 1.695768 1.747315 1.709368 1.594521 1.506889 1.430435 1.477026 1.554066 1.543366 1.484058 1.382683 1.340262 1.34818 1.30371 1.171427 1.044075 .9935722 1.000824 .9206878 .7775993 .6958222 .7815816 .9322218 1.121329 1.224063 1.141627 .9481223 .8188242 .8820053 .9758731 1.025406 1.086897 1.224375 1.389916 1.48719 1.458001 1.288973 1.195627 1.209504 1.165696 1.052224 .9297843 .8438594 .7705001 .7464682 .7343645
.8957545 .8985468 .9560429 1.044919 1.084824 1.057325 1.092241 1.178854 1.231473 1.342483 1.493328 1.694155 1.859992 1.906734 1.905544 1.813574 1.711928 1.714054 1.68445 1.650044 1.614301 1.508237 1.414341 1.357697 1.40681 1.445905 1.451025 1.422206 1.411406 1.427994 1.312138 1.140703 1.00838 .9559305 .9165786 .7792194 .6515208 .6854274 .8547619 .9997224 1.155549 1.171391 1.090384 .9810063 .9486883 1.074643 1.138879 1.100853 1.153251 1.288748 1.471937 1.562927 1.516342 1.409488 1.339878 1.306994 1.183561 1.019406 .8939965 .8285879 .7496011 .6973422 .6989539
.9526049 .9335611 .9818313 1.040858 1.087783 1.143372 1.210018 1.264452 1.317471 1.443362 1.6308 1.845243 1.994684 2.012003 1.939495 1.787832 1.674282 1.656533 1.63387 1.624648 1.555032 1.452452 1.272907 1.251892 1.365903 1.430098 1.453068 1.483133 1.496474 1.450819 1.258891 1.079402 .9649091 .8831181 .8069344 .694202 .608777 .6916639 .9195184 1.061162 1.164353 1.20733 1.192975 1.145027 1.143334 1.259032 1.259925 1.204983 1.210567 1.345561 1.553425 1.670776 1.653903 1.504853 1.38135 1.242379 1.064564 .9079562 .8239006 .7889407 .7294854 .6814876 .6361064
1.014141 .9847385 1.0189 1.09583 1.142665 1.221502 1.320503 1.377867 1.416368 1.524763 1.723433 1.977113 2.066714 2.034813 1.916888 1.692771 1.566227 1.582025 1.593048 1.563755 1.542418 1.414319 1.222318 1.187624 1.367162 1.432251 1.455498 1.515199 1.547021 1.424406 1.205677 1.049809 .9199399 .8305485 .744083 .6370643 .573635 .7353921 .9779084 1.11679 1.214068 1.330962 1.382791 1.370906 1.349692 1.391746 1.362789 1.261499 1.253248 1.364459 1.621907 1.719483 1.718396 1.425365 1.205139 1.049383 .8910188 .8048711 .7721303 .7585729 .7123517 .6613197 .6182146
1.080793 1.063062 1.070468 1.174474 1.226335 1.272503 1.399649 1.465754 1.482317 1.572596 1.792179 2.036196 2.097048 2.002081 1.770364 1.594392 1.466106 1.528907 1.516871 1.538851 1.526742 1.397936 1.154507 1.16932 1.324098 1.413238 1.489724 1.611133 1.558012 1.379013 1.153314 .9788706 .8279312 .7115076 .641625 .5769232 .5804693 .7882344 1.052655 1.228068 1.340335 1.487467 1.577995 1.560727 1.524925 1.495461 1.397407 1.303971 1.293332 1.406639 1.633949 1.696954 1.605881 1.261703 1.011134 .8700269 .7832633 .7444378 .7463389 .7598304 .7012999 .6147009 .6221265
1.159681 1.136496 1.122686 1.200652 1.251751 1.297763 1.425635 1.475838 1.536452 1.625449 1.845823 2.071852 2.043179 1.86941 1.668487 1.538106 1.443909 1.434678 1.476691 1.512819 1.477038 1.359146 1.147847 1.109421 1.273928 1.44372 1.592236 1.631321 1.518921 1.23591 .9541095 .7514196 .6353669 .5799182 .6023783 .5968742 .6536549 .8651345 1.14781 1.357499 1.486106 1.661844 1.74461 1.676003 1.552103 1.486401 1.35924 1.273842 1.277153 1.408523 1.60162 1.685913 1.417119 1.104289 .8780242 .7611921 .707282 .7005268 .7111319 .7069532 .6029627 .5439659 .6357315
1.18852 1.161497 1.127234 1.174931 1.243832 1.31228 1.406805 1.472271 1.595608 1.713561 1.88574 2.066638 1.996859 1.824069 1.687091 1.504642 1.387509 1.409003 1.523816 1.535923 1.435326 1.310042 1.125301 1.093453 1.30705 1.565398 1.672188 1.641516 1.341025 1.010575 .7527432 .6167312 .5829017 .6127903 .65647 .6807125 .7375848 .9480709 1.251809 1.493819 1.641965 1.821109 1.841765 1.674584 1.50859 1.402194 1.305383 1.228836 1.296152 1.423543 1.559859 1.49691 1.200388 .9238154 .7616985 .6950176 .6666328 .6761058 .7002289 .6580429 .5112618 .5778602 .6810426
