py_wake/examples/data/AJ_ParqueFicticio/Rough survey   Sector 3   Height 200m   Weibull-A.grd
DSAA
73  159
 258469   265669
 6501692   6517492
 4.956281   11.62519
[rows 112 to 139 of 159, columns 0 to 62 of 73]
7.895182 8.007788 8.164769 8.403873 8.698669 9.01834 9.342368 9.681042 10.02364 10.31964 10.57334 10.7063 10.63281 10.4194 10.12446 9.824516 9.66629 9.679371 9.700631 9.590201 9.351349 9.13354 8.928067 8.898909 9.028775 9.109903 8.965991 8.521401 7.868476 7.374155 6.999251 6.774976 6.696008 6.72711 6.829763 7.066452 7.500828 8.0474 8.642481 9.176168 9.57878 9.780622 9.718363 9.420133 9.041039 8.70231 8.453074 8.306355 8.276189 8.351387 8.309224 8.036398 7.592662 7.134752 6.78385 6.582252 6.473882 6.391013 6.308985 6.190422 6.058886 6.015768 6.098752
7.929746 8.079701 8.280173 8.551397 8.863113 9.226554 9.594467 9.939206 10.25726 10.50457 10.69459 10.77131 10.63695 10.34826 9.996618 9.709139 9.643829 9.718694 9.718586 9.583665 9.351844 9.136229 8.980319 8.975483 9.068592 9.062797 8.791265 8.255774 7.607526 7.168094 6.881098 6.782317 6.804598 6.864572 7.008057 7.316772 7.83786 8.434517 9.033202 9.514251 9.845339 9.925017 9.730395 9.354845 8.942677 8.60422 8.367232 8.197042 8.110961 8.071201 7.959528 7.672957 7.27848 6.902193 6.636015 6.497794 6.418599 6.365407 6.279093 6.18198 6.118003 6.110303 6.171844
7.990874 8.180441 8.436236 8.712217 9.052336 9.436714 9.833466 10.17259 10.44843 10.65204 10.79842 10.79789 10.57553 10.22078 9.864956 9.657436 9.707525 9.788508 9.740605 9.572558 9.380203 9.171391 9.018837 8.985229 8.999784 8.905542 8.564391 8.007537 7.406174 7.034773 6.861532 6.84097 6.912317 7.020054 7.22681 7.612455 8.226398 8.870213 9.440102 9.84409 10.02639 9.970329 9.661497 9.23153 8.828817 8.504501 8.260059 8.063293 7.912853 7.783948 7.603065 7.352107 7.03772 6.757489 6.57606 6.469912 6.397316 6.336942 6.267483 6.195837 6.156768 6.167759 6.218468
8.075144 8.28628 8.54398 8.855787 9.214172 9.621493 10.03215 10.3468 10.59134 10.7808 10.88294 10.77836 10.48603 10.11416 9.802178 9.714554 9.811551 9.861226 9.769495 9.596194 9.402175 9.202897 9.009234 8.898427 8.835599 8.682651 8.314049 7.780643 7.283192 7.002097 6.917974 6.931734 7.003925 7.147302 7.442179 7.988855 8.660158 9.308616 9.802726 10.07584 10.11685 9.921558 9.517368 9.072734 8.679482 8.369489 8.112971 7.889891 7.687201 7.509636 7.317656 7.098379 6.85506 6.674646 6.556392 6.458056 6.397876 6.329435 6.265255 6.200838 6.177666 6.191802 6.231787
8.143105 8.365264 8.590892 8.931383 9.341816 9.770215 10.1655 10.47201 10.72235 10.90194 10.9456 10.75866 10.40706 10.04556 9.839434 9.842198 9.925135 9.938898 9.8106 9.622604 9.394737 9.140998 8.913161 8.73909 8.613255 8.433734 8.093321 7.622434 7.25664 7.124712 7.118514 7.137601 7.202995 7.409519 7.825118 8.398787 9.072947 9.687616 10.08738 10.17395 10.0454 9.730417 9.285111 8.841352 8.461833 8.162943 7.895945 7.664161 7.439463 7.248784 7.07668 6.917092 6.751134 6.608282 6.513145 6.436916 6.37466 6.314407 6.256647 6.19392 6.163752 6.167924 6.205964
8.194977 8.413963 8.648728 8.97865 9.433824 9.872097 10.26354 10.59549 10.85081 11.01082 10.96043 10.70953 10.33812 10.02621 9.884732 9.924339 9.986859 9.956265 9.79865 9.567634 9.284865 8.975664 8.706596 8.519679 8.369145 8.192221 7.902549 7.554981 7.33598 7.302453 7.299935 7.299812 7.444309 7.755181 8.201242 8.753236 9.366886 9.907104 10.13804 10.05471 9.774437 9.367954 8.902452 8.483932 8.138467 7.853711 7.599445 7.368087 7.159154 6.978904 6.849767 6.741231 6.643874 6.54088 6.461657 6.393135 6.332343 6.270188 6.192625 6.130464 6.104485 6.085667 6.118645
8.206116 8.427464 8.693195 9.051442 9.537412 10.00331 10.406 10.73399 10.94297 11.00606 10.86147 10.58896 10.23571 9.953464 9.855658 9.880848 9.902102 9.815988 9.616789 9.33902 9.018884 8.696665 8.434567 8.261236 8.146015 7.993693 7.761657 7.558429 7.483995 7.472102 7.430137 7.459651 7.66854 8.004755 8.400907 8.9114 9.46543 9.920432 10.02798 9.788012 9.372231 8.892509 8.436591 8.047747 7.709818 7.44966 7.213808 7.005789 6.842943 6.726331 6.64537 6.602139 6.553595 6.48378 6.426752 6.357204 6.304112 6.223948 6.123974 6.008564 5.910901 5.895171 5.930036
8.205881 8.469684 8.795321 9.274436 9.783381 10.25304 10.63523 10.88286 10.99352 10.91997 10.68423 10.35935 10.04631 9.794333 9.702846 9.69663 9.659093 9.510325 9.266962 8.978026 8.667802 8.375225 8.138595 8.042215 7.966645 7.845275 7.698869 7.592425 7.581013 7.562626 7.494172 7.546785 7.797484 8.094474 8.450278 8.971733 9.469575 9.7974 9.768469 9.438148 8.930839 8.429591 7.99532 7.635233 7.296964 7.022985 6.802676 6.630244 6.538189 6.495665 6.4804 6.491645 6.465375 6.42916 6.38146 6.325089 6.2551 6.152049 5.988344 5.798186 5.66511 5.650723 5.715027
8.329583 8.647254 9.125021 9.643286 10.14507 10.57548 10.88824 11.0458 11.00905 10.76869 10.42712 10.07696 9.795918 9.602168 9.526135 9.463274 9.349101 9.137995 8.879528 8.60881 8.349418 8.119466 7.962149 7.889615 7.845446 7.739006 7.65641 7.599909 7.590867 7.562446 7.496282 7.595524 7.829447 8.086218 8.490415 9.029604 9.470982 9.659557 9.499371 9.06641 8.540949 8.050695 7.656373 7.3113 7.042358 6.786605 6.575544 6.424716 6.322371 6.327732 6.351128 6.368676 6.370879 6.345448 6.295737 6.237591 6.124236 5.946749 5.68015 5.484595 5.434819 5.496833 5.620393
8.578485 9.027565 9.540015 10.06767 10.53219 10.9103 11.1518 11.16484 10.92369 10.5381 10.13794 9.789376 9.525759 9.380219 9.300315 9.202693 9.014688 8.758471 8.503095 8.303285 8.108209 7.949853 7.83783 7.796395 7.74677 7.650608 7.600655 7.579888 7.558667 7.522748 7.510838 7.634079 7.819024 8.103835 8.602092 9.137276 9.507912 9.553738 9.2225 8.705264 8.182981 7.717425 7.361746 7.067072 6.876335 6.674398 6.502498 6.377529 6.301297 6.250833 6.289638 6.279029 6.260361 6.224751 6.157245 6.03983 5.871069 5.627663 5.422482 5.344508 5.405136 5.547731 5.764351
8.889168 9.388862 9.922081 10.44875 10.88343 11.19493 11.3316 11.17867 10.75745 10.2911 9.89829 9.538977 9.307554 9.193712 9.089176 8.9373 8.702839 8.435983 8.24193 8.047237 7.870981 7.790349 7.742287 7.701387 7.655164 7.572693 7.559322 7.567502 7.554853 7.507186 7.544564 7.655004 7.852297 8.254686 8.821735 9.299424 9.532315 9.385408 8.909216 8.329524 7.790715 7.367034 7.051025 6.873415 6.736337 6.59664 6.489153 6.39999 6.330501 6.281571 6.231055 6.210149 6.127845 6.048105 5.904594 5.786607 5.638496 5.434 5.312135 5.37475 5.550836 5.7677 6.064331
9.197465 9.737482 10.29127 10.79327 11.17283 11.38551 11.36637 11.04903 10.53771 10.07193 9.715337 9.390039 9.153471 9.00632 8.887332 8.714689 8.474689 8.274572 8.085506 7.923162 7.781589 7.684355 7.701721 7.671583 7.594216 7.527952 7.507287 7.572638 7.603646 7.573869 7.592449 7.717976 8.01391 8.492476 9.016991 9.365884 9.400074 9.079763 8.499329 7.949172 7.487222 7.115978 6.87765 6.734232 6.631027 6.541297 6.457238 6.404687 6.348947 6.288321 6.203951 6.102309 5.989018 5.860579 5.720165 5.588043 5.455754 5.345278 5.371834 5.558198 5.819687 6.114716 6.3803
9.527585 10.09424 10.63276 11.06478 11.35763 11.42691 11.21793 10.80289 10.28643 9.874894 9.573786 9.278914 9.046625 8.890176 8.735759 8.561296 8.396717 8.236946 8.084223 7.962533 7.846208 7.753604 7.730858 7.673275 7.561964 7.492241 7.523729 7.63105 7.70136 7.674353 7.668053 7.845352 8.202507 8.674501 9.080276 9.25539 9.106133 8.645022 8.154778 7.663045 7.247165 6.960454 6.787795 6.688603 6.595859 6.505037 6.442096 6.383803 6.332398 6.249971 6.153234 6.024304 5.857509 5.685189 5.538447 5.451898 5.370278 5.431354 5.563329 5.851558 6.142298 6.396236 6.608727
9.87936 10.41846 10.88323 11.22991 11.37964 11.2519 10.92418 10.47282 10.0181 9.689464 9.455386 9.197219 8.970743 8.8024 8.644849 8.492401 8.342598 8.226016 8.113254 8.034467 7.938617 7.837483 7.72337 7.573666 7.478219 7.46524 7.591281 7.780416 7.873227 7.826118 7.78486 7.962031 8.316317 8.727891 9.005093 9.017298 8.716353 8.322102 7.879728 7.435633 7.07484 6.829495 6.714387 6.647562 6.583471 6.51819 6.455862 6.384706 6.291889 6.179495 6.042615 5.848464 5.636032 5.462811 5.386058 5.390383 5.457634 5.625906 5.880075 6.170115 6.392445 6.591393 6.780005
10.22199 10.69382 11.0743 11.28861 11.25564 10.96742 10.57976 10.17277 9.809936 9.530735 9.321096 9.110387 8.906688 8.695311 8.504082 8.402744 8.280071 8.196907 8.150347 8.089942 7.96333 7.789222 7.571169 7.388722 7.355722 7.463134 7.688583 7.915109 7.993701 7.926529 7.85461 8.0024 8.333387 8.701551 8.857839 8.734595 8.376778 8.0424 7.638253 7.239478 6.943941 6.759073 6.642025 6.589606 6.54383 6.49117 6.445914 6.377664 6.237676 6.078512 5.865537 5.622908 5.394803 5.289394 5.329555 5.446599 5.636984 5.882411 6.244772 6.437807 6.580032 6.74352 6.872016
10.55191 10.94703 11.19121 11.2563 11.04513 10.65418 10.25725 9.901381 9.588858 9.351582 9.161696 9.003917 8.821561 8.571074 8.381281 8.320251 8.225078 8.17452 8.135234 8.034798 7.869589 7.662539 7.421995 7.250144 7.239514 7.431827 7.730237 7.951699 8.006103 7.924711 7.852141 7.974428 8.313497 8.625774 8.671463 8.40926 8.079326 7.764992 7.401462 7.050728 6.800306 6.68034 6.614972 6.571609 6.515861 6.459118 6.408433 6.35367 6.208868 5.987498 5.689513 5.411854 5.249642 5.259604 5.423437 5.645745 5.913374 6.175154 6.498981 6.614994 6.7032 6.826284 6.888172
10.82694 11.14074 11.2632 11.15262 10.79012 10.29944 9.889844 9.562427 9.31639 9.151553 9.020711 8.869312 8.715712 8.498127 8.318308 8.264878 8.177685 8.131605 8.053306 7.904016 7.704029 7.494913 7.273986 7.14796 7.215602 7.379988 7.588395 7.806395 7.874655 7.841043 7.797391 7.952743 8.267792 8.463182 8.400799 8.037596 7.75005 7.462024 7.163917 6.884741 6.69845 6.606636 6.568791 6.552403 6.532736 6.472344 6.399684 6.328006 6.196096 5.934821 5.590394 5.308412 5.229006 5.377916 5.65512 5.937549 6.199115 6.408203 6.603096 6.691271 6.761507 6.844321 6.876726
11.10977 11.32814 11.28077 10.9795 10.45166 9.874328 9.45447 9.16305 8.986837 8.900394 8.840741 8.7421 8.62164 8.487391 8.327934 8.197692 8.11735 8.007104 7.899064 7.746164 7.543034 7.351192 7.149158 7.05868 7.182263 7.380078 7.536213 7.579885 7.700396 7.745239 7.764936 7.916376 8.15613 8.21507 8.064557 7.681366 7.435522 7.188283 6.980488 6.776665 6.655311 6.582409 6.550059 6.531945 6.541998 6.507607 6.432624 6.312693 6.147194 5.873432 5.515084 5.278205 5.305672 5.584761 5.9273 6.201715 6.380767 6.482093 6.568742 6.691958 6.783553 6.848184 6.900186
11.39716 11.45333 11.20938 10.71569 10.09273 9.488454 9.172976 8.953026 8.757928 8.687813 8.701248 8.662506 8.576099 8.48775 8.330546 8.126837 8.052318 7.935653 7.766143 7.571095 7.388834 7.24023 7.065953 7.023496 7.175223 7.385145 7.53074 7.586278 7.578931 7.698546 7.731003 7.836983 7.972863 7.978859 7.760575 7.409791 7.191019 7.014925 6.897011 6.783618 6.684083 6.60854 6.579272 6.57209 6.572497 6.537239 6.469437 6.330162 6.092081 5.783357 5.465353 5.326115 5.451733 5.801134 6.132431 6.34261 6.462315 6.536434 6.553138 6.679228 6.831371 6.903579 6.966255
11.6038 11.43766 11.00865 10.42362 9.770343 9.242485 9.023081 8.879767 8.754994 8.626829 8.649073 8.649672 8.583017 8.441301 8.297029 8.08918 7.983482 7.871068 7.675664 7.453984 7.278143 7.156497 7.02017 7.022008 7.19033 7.388593 7.583607 7.67673 7.662936 7.656922 7.672074 7.737571 7.810928 7.750039 7.561787 7.228618 7.059314 6.939721 6.871266 6.814368 6.722591 6.673167 6.64772 6.658195 6.657199 6.607152 6.487883 6.3092 6.041801 5.708623 5.46847 5.447524 5.688949 5.996895 6.239297 6.398702 6.498417 6.581419 6.603143 6.642705 6.816068 6.928302 7.021574
11.62519 11.24645 10.71058 10.1085 9.515717 9.089296 8.8859 8.8297 8.773761 8.662901 8.568833 8.565406 8.487991 8.354766 8.208846 8.050877 7.87876 7.778404 7.593174 7.381944 7.192842 7.073814 6.988279 7.020308 7.219308 7.449003 7.673155 7.800817 7.74734 7.601065 7.564341 7.597157 7.658481 7.6095 7.445266 7.156384 6.989961 6.904603 6.856763 6.812888 6.765629 6.743398 6.73092 6.748682 6.733735 6.647103 6.506808 6.276118 5.964932 5.671914 5.592989 5.736361 5.978411 6.210296 6.349355 6.417142 6.507994 6.592545 6.637864 6.659962 6.748579 6.891844 7.017064
11.47245 10.95292 10.35448 9.778852 9.276119 8.962998 8.788434 8.779664 8.754625 8.654974 8.509055 8.369916 8.296365 8.189927 8.063021 7.947779 7.744512 7.64547 7.489993 7.312562 7.139006 7.021522 6.964558 7.040864 7.251945 7.515428 7.745357 7.846514 7.750782 7.57444 7.468532 7.476382 7.485179 7.413716 7.277914 7.087471 6.917636 6.845068 6.808756 6.774793 6.770977 6.758718 6.772661 6.793135 6.754619 6.634586 6.467902 6.226389 5.918642 5.705768 5.776938 5.956039 6.166047 6.337171 6.451362 6.501059 6.52155 6.583363 6.653058 6.701159 6.706158 6.845213 7.000196
11.22077 10.62818 10.00606 9.482418 9.094735 8.913812 8.77577 8.749351 8.727707 8.64003 8.461635 8.237174 8.031954 7.957084 7.865029 7.767648 7.586649 7.495425 7.374649 7.244948 7.099281 6.982448 6.945464 7.039551 7.280368 7.561566 7.786075 7.84958 7.700976 7.50838 7.356954 7.297662 7.279481 7.224754 7.097312 6.961634 6.825222 6.759375 6.736123 6.734566 6.750315 6.759703 6.777323 6.772676 6.707085 6.576428 6.377117 6.149888 5.897435 5.756764 5.916762 6.10259 6.287616 6.45503 6.554884 6.605115 6.625794 6.609831 6.659369 6.709585 6.725227 6.764705 6.930261
10.9351 10.31031 9.705622 9.243455 8.995942 8.896751 8.787795 8.677424 8.654236 8.559096 8.380709 8.168089 7.940947 7.746289 7.636194 7.555662 7.442404 7.370224 7.2815 7.177047 7.063179 6.978489 6.955606 7.069808 7.327326 7.615924 7.813087 7.815525 7.651026 7.444721 7.284192 7.189182 7.137123 7.084425 6.970865 6.857509 6.751761 6.683171 6.662805 6.696539 6.745183 6.774947 6.768551 6.712306 6.616095 6.461715 6.266859 6.073477 5.917816 5.856545 6.030632 6.226117 6.392086 6.538141 6.647953 6.703759 6.723795 6.724899 6.677384 6.706372 6.737899 6.772972 6.832975
10.60635 9.987716 9.428684 9.033108 8.868271 8.77939 8.641179 8.543194 8.522035 8.417864 8.249191 8.060219 7.875569 7.68442 7.52305 7.425092 7.336345 7.254135 7.201264 7.118333 7.041381 7.006449 6.996921 7.128315 7.398371 7.688214 7.846329 7.766397 7.557641 7.344956 7.194669 7.096022 7.005606 6.926708 6.840147 6.7631 6.688138 6.625494 6.635212 6.690519 6.752245 6.787838 6.760931 6.647755 6.505352 6.354474 6.199989 6.074923 6.009467 6.004399 6.153313 6.328673 6.459568 6.594026 6.705748 6.774271 6.79432 6.797649 6.764513 6.696801 6.739565 6.786156 6.832743
10.22585 9.63266 9.125434 8.789902 8.652968 8.524651 8.380406 8.394704 8.375257 8.25499 8.082951 7.927752 7.780379 7.598035 7.450283 7.356326 7.251348 7.171842 7.123083 7.075422 7.039637 7.030311 7.03554 7.186567 7.454426 7.724064 7.838339 7.701303 7.456403 7.222096 7.072618 6.997455 6.916124 6.816535 6.747437 6.689629 6.64102 6.617984 6.635411 6.695734 6.75809 6.783217 6.734745 6.599591 6.462773 6.339308 6.237393 6.190586 6.171718 6.142222 6.219826 6.363272 6.50074 6.632118 6.732072 6.801495 6.833616 6.847443 6.825193 6.775719 6.723073 6.780857 6.827649
9.801105 9.259878 8.809819 8.496071 8.350555 8.216152 8.235125 8.286036 8.239823 8.093542 7.930677 7.790852 7.662112 7.493336 7.356273 7.283906 7.196262 7.13152 7.096577 7.08717 7.064202 7.06427 7.079513 7.237115 7.476537 7.695878 7.759231 7.607486 7.357608 7.117483 6.965863 6.893189 6.844204 6.769291 6.700228 6.656919 6.628877 6.632178 6.648331 6.684256 6.738004 6.750447 6.679589 6.567423 6.4646 6.394718 6.330935 6.305339 6.290404 6.226758 6.239364 6.366877 6.522618 6.655534 6.736617 6.792182 6.831579 6.861967 6.860857 6.84805 6.805083 6.77784 6.825957
9.425726 8.924795 8.501009 8.168182 8.012593 8.027335 8.164567 8.211456 8.125124 7.993468 7.842304 7.689374 7.547924 7.401114 7.262623 7.207724 7.141319 7.097458 7.118471 7.149144 7.118703 7.109324 7.138652 7.273108 7.458331 7.615247 7.66079 7.519206 7.282443 7.058633 6.902952 6.821366 6.793138 6.740388 6.69553 6.663694 6.652783 6.66084 6.677533 6.672102 6.702658 6.699738 6.617713 6.513413 6.449956 6.423643 6.382188 6.363844 6.336409 6.271906 6.28384 6.422147 6.552954 6.648828 6.707066 6.743195 6.804078 6.866516 6.90888 6.915451 6.897387 6.841688 6.829482
