py_wake/examples/data/AJ_ParqueFicticio/Rough survey   Sector 10   Height 200m   Mean speed.grd
DSAA
73  159
 258469   265669
 6501692   6517492
 5.845734   13.67312
[rows 0 to 27 of 159, columns 0 to 62 of 73]
9.428545 9.421055 9.42498 9.431425 9.436983 9.444399 9.456236 9.464661 9.471782 9.47478 9.475812 9.470078 9.462599 9.445754 9.423073 9.398452 9.369662 9.342869 9.308571 9.281786 9.280328 9.381537 9.526658 9.615445 9.555921 9.392802 9.289293 9.355955 9.424435 9.427983 9.400884 9.406017 9.401629 9.422154 9.481859 9.604683 9.790947 9.975704 10.05832 10.09275 10.11897 10.14626 10.16271 10.16797 10.14923 10.10608 10.07018 10.03669 10.02874 10.00732 9.987595 9.966014 9.950446 9.944098 9.930455 9.921132 9.914841 9.89627 9.873644 9.836886 9.781814 9.736891 9.684619
9.465654 9.442169 9.432826 9.433727 9.43979 9.448104 9.457177 9.468758 9.475569 9.479635 9.481099 9.47595 9.465089 9.449292 9.4235 9.390575 9.357559 9.321927 9.273335 9.237127 9.25272 9.39002 9.600476 9.741934 9.687526 9.507399 9.34008 9.369729 9.425469 9.432299 9.421897 9.403685 9.388103 9.396937 9.434492 9.553009 9.731412 9.931662 10.03113 10.06722 10.0909 10.12487 10.17177 10.18694 10.14185 10.11069 10.08094 10.05159 10.02748 10.00269 9.990817 9.978541 9.969758 9.966995 9.958092 9.954595 9.945361 9.930352 9.891572 9.852702 9.804474 9.750385 9.692465
9.520711 9.475479 9.441397 9.436839 9.444384 9.453031 9.461063 9.469059 9.476748 9.480312 9.484583 9.48068 9.472179 9.459992 9.432067 9.386674 9.343739 9.298082 9.245068 9.207084 9.237898 9.385305 9.619813 9.798576 9.822278 9.633141 9.446227 9.39746 9.422664 9.430866 9.431538 9.408771 9.38798 9.377122 9.380363 9.463398 9.625203 9.852626 9.979255 10.0319 10.05431 10.10121 10.15639 10.19875 10.15959 10.1033 10.06305 10.03743 10.02117 9.997125 9.988616 9.993529 9.990396 9.983068 9.961641 9.983481 9.977006 9.959521 9.925982 9.87696 9.819727 9.75265 9.687277
9.591748 9.522302 9.462749 9.447653 9.448143 9.455886 9.466478 9.473845 9.478715 9.482517 9.481178 9.486268 9.486943 9.477081 9.442968 9.385332 9.334579 9.279979 9.223694 9.183353 9.224422 9.375196 9.606312 9.810226 9.890122 9.750593 9.557482 9.467687 9.448858 9.447016 9.440494 9.430657 9.393847 9.340398 9.307446 9.35234 9.481011 9.708361 9.886755 9.958257 10.00336 10.0794 10.1549 10.1972 10.18696 10.11631 10.05129 10.02106 10.00347 9.984173 9.990614 9.989917 9.989043 9.994297 10.00213 10.00224 10.00016 9.982249 9.94688 9.886365 9.818467 9.746154 9.67021
9.632156 9.563562 9.499497 9.469723 9.455973 9.462479 9.474501 9.485727 9.486541 9.484854 9.481668 9.470309 9.484687 9.489589 9.452373 9.389805 9.326994 9.267056 9.211354 9.173132 9.228021 9.37535 9.585413 9.792645 9.906374 9.829585 9.676469 9.566267 9.510207 9.485921 9.464636 9.451048 9.38131 9.299068 9.250465 9.241765 9.348514 9.541185 9.733968 9.832198 9.941799 10.07835 10.17842 10.19485 10.19562 10.10504 10.0283 9.990236 9.967195 9.968612 9.977665 9.999851 10.01231 10.03055 10.04534 10.05686 10.057 10.03774 9.994623 9.928622 9.85005 9.750823 9.651997
9.64607 9.591677 9.550096 9.520886 9.479531 9.4708 9.490408 9.501952 9.496578 9.491754 9.49193 9.471651 9.476841 9.497141 9.464981 9.40929 9.337215 9.262561 9.207221 9.195736 9.268439 9.418374 9.591178 9.780146 9.911609 9.887829 9.766335 9.655768 9.576583 9.529252 9.486439 9.45408 9.39585 9.33074 9.262228 9.224395 9.278324 9.416656 9.553564 9.672154 9.861034 10.09697 10.20653 10.19674 10.15796 10.10646 10.05096 10.0192 9.986342 9.970622 9.987626 10.01077 10.03757 10.07126 10.10911 10.13874 10.13191 10.11629 10.07452 9.995055 9.891924 9.767253 9.625411
9.640636 9.614263 9.59668 9.574839 9.530496 9.489582 9.510346 9.520576 9.512561 9.505332 9.497224 9.475907 9.468338 9.487267 9.478268 9.4344 9.365355 9.278629 9.211932 9.181483 9.261011 9.42797 9.607284 9.78514 9.919629 9.928225 9.844573 9.73583 9.630966 9.548044 9.484695 9.431936 9.403651 9.339206 9.272823 9.224766 9.233771 9.299402 9.38123 9.519527 9.803794 10.0838 10.20168 10.16044 10.09587 10.05888 10.04705 10.03706 9.980588 9.943681 9.954144 9.986402 10.035 10.09624 10.16485 10.20078 10.22137 10.21184 10.1717 10.06621 9.931261 9.755821 9.568226
9.638064 9.627404 9.613699 9.596205 9.560981 9.533533 9.532294 9.540876 9.527948 9.516823 9.499174 9.48607 9.487534 9.508449 9.505816 9.473858 9.408537 9.323966 9.240402 9.188413 9.251397 9.414737 9.61842 9.782038 9.908886 9.949887 9.890519 9.786513 9.673475 9.572959 9.496465 9.460716 9.427554 9.353209 9.291846 9.237361 9.22159 9.241996 9.295842 9.434331 9.734143 10.0052 10.10286 10.06541 10.01154 10.03761 10.05595 10.03915 9.942537 9.883322 9.891661 9.931947 9.99999 10.10698 10.23475 10.29776 10.32582 10.31851 10.26607 10.15562 9.955055 9.716748 9.490576
9.636467 9.633631 9.630817 9.62976 9.61243 9.591895 9.58162 9.565774 9.542603 9.517345 9.503077 9.499371 9.510359 9.517329 9.529467 9.522009 9.480722 9.395203 9.302638 9.233079 9.231596 9.367809 9.551473 9.701756 9.852085 9.950849 9.950514 9.849811 9.730848 9.614112 9.516349 9.469547 9.430424 9.383612 9.331922 9.277056 9.249125 9.252638 9.31285 9.42404 9.658476 9.874335 9.948596 9.92325 9.960771 10.03622 10.03681 10.00156 9.896401 9.816259 9.828366 9.860392 9.927836 10.09046 10.27729 10.39454 10.42572 10.42221 10.36996 10.22453 9.953769 9.653029 9.39468
9.634937 9.634426 9.639568 9.650159 9.644485 9.636889 9.618758 9.586382 9.544801 9.507503 9.502213 9.516487 9.524643 9.529293 9.548401 9.564843 9.553602 9.492723 9.395588 9.307257 9.253039 9.30232 9.457384 9.601643 9.745398 9.888725 9.955306 9.896219 9.775992 9.649447 9.55913 9.508156 9.466197 9.417274 9.37077 9.324864 9.292645 9.30322 9.357737 9.457598 9.614407 9.734072 9.791155 9.802075 9.902384 9.986404 9.964909 9.921689 9.839478 9.743353 9.744309 9.774883 9.872588 10.10273 10.34859 10.47312 10.50488 10.50689 10.42751 10.2527 9.934674 9.573737 9.289575
9.630587 9.635277 9.639386 9.653197 9.652653 9.636621 9.619886 9.584098 9.52539 9.472187 9.49523 9.546853 9.546929 9.523066 9.551552 9.609596 9.635267 9.591578 9.50528 9.408794 9.332759 9.310913 9.396425 9.508563 9.640481 9.773001 9.889629 9.880621 9.789979 9.66703 9.587526 9.53372 9.496733 9.451901 9.404667 9.359407 9.345636 9.349954 9.391584 9.479668 9.57375 9.654973 9.698148 9.726685 9.820034 9.869435 9.846247 9.823461 9.771523 9.672488 9.652402 9.701478 9.879418 10.14681 10.38769 10.50964 10.55694 10.54833 10.46136 10.26227 9.938214 9.549031 9.270425
9.621211 9.631917 9.63923 9.645428 9.664526 9.660482 9.64656 9.557715 9.457121 9.423732 9.491376 9.568398 9.573581 9.518995 9.52389 9.61803 9.713933 9.681487 9.599452 9.514198 9.426691 9.383364 9.409874 9.463303 9.54535 9.656742 9.761654 9.783978 9.749699 9.652514 9.58711 9.534766 9.508786 9.488868 9.442167 9.395021 9.379186 9.383246 9.414825 9.471614 9.544405 9.601103 9.648541 9.694247 9.744117 9.756739 9.733671 9.724825 9.705922 9.63696 9.606353 9.695083 9.92139 10.18636 10.37102 10.45902 10.49126 10.47712 10.3929 10.21689 9.923926 9.578851 9.322747
9.605474 9.620185 9.637533 9.643139 9.663785 9.679029 9.651299 9.561549 9.416267 9.394775 9.510036 9.604001 9.597413 9.532764 9.526811 9.600224 9.717362 9.753248 9.70726 9.624991 9.55474 9.504125 9.502096 9.491061 9.509045 9.571651 9.654454 9.691714 9.676641 9.617871 9.56528 9.520291 9.500724 9.489112 9.463606 9.432995 9.406946 9.405582 9.425683 9.466399 9.518732 9.574074 9.621252 9.673135 9.68946 9.671304 9.658675 9.649671 9.642561 9.61804 9.616781 9.703534 9.89972 10.12932 10.28136 10.32946 10.34144 10.32673 10.2503 10.08772 9.861927 9.616631 9.394519
9.587839 9.613779 9.635349 9.647722 9.662958 9.668785 9.636981 9.557927 9.4358 9.424747 9.523473 9.608031 9.618291 9.56933 9.562279 9.634557 9.713738 9.75522 9.76889 9.723028 9.683938 9.66679 9.626732 9.557878 9.521679 9.530288 9.583237 9.608911 9.585078 9.558805 9.523131 9.490818 9.47974 9.479926 9.476472 9.459644 9.433411 9.420789 9.424781 9.454125 9.502376 9.545063 9.586792 9.652635 9.650704 9.631875 9.613391 9.60185 9.607842 9.606471 9.637625 9.705388 9.84479 10.01608 10.13846 10.17963 10.18517 10.17879 10.12813 10.01439 9.843058 9.640998 9.44173
9.578876 9.605595 9.627727 9.64384 9.65466 9.649894 9.61594 9.557196 9.479014 9.460187 9.53899 9.609814 9.630015 9.621465 9.631274 9.67894 9.725435 9.770274 9.801013 9.785305 9.780433 9.781858 9.747391 9.669868 9.584 9.540664 9.519137 9.513083 9.507373 9.49167 9.47671 9.46085 9.463589 9.482441 9.50407 9.49983 9.456844 9.418426 9.409439 9.442313 9.493467 9.543408 9.582774 9.640515 9.650767 9.609003 9.589446 9.592402 9.609842 9.638993 9.665162 9.710128 9.804914 9.917324 10.01277 10.07259 10.12705 10.16903 10.15099 10.06306 9.910887 9.711359 9.486307
9.572086 9.594436 9.611057 9.628108 9.641633 9.630272 9.599737 9.55794 9.510587 9.488934 9.548792 9.605226 9.63719 9.65976 9.677768 9.691249 9.712374 9.755417 9.802911 9.803957 9.82509 9.849728 9.829973 9.756846 9.669893 9.575666 9.503564 9.466389 9.444693 9.446057 9.431609 9.421422 9.425336 9.48499 9.558161 9.557271 9.477732 9.402742 9.365544 9.395978 9.482775 9.55367 9.600233 9.65118 9.645338 9.608563 9.594187 9.610695 9.660407 9.692615 9.705604 9.719359 9.780981 9.878283 9.972253 10.07334 10.19717 10.29113 10.30938 10.22848 10.06748 9.83496 9.531551
9.562832 9.584568 9.595655 9.610646 9.623775 9.619472 9.596416 9.56103 9.535018 9.529017 9.556936 9.598619 9.63804 9.668216 9.698626 9.702043 9.704464 9.748237 9.798811 9.812866 9.835104 9.868552 9.870005 9.838135 9.765934 9.663754 9.541886 9.451469 9.418221 9.407093 9.404436 9.372891 9.383778 9.493938 9.636093 9.648757 9.525652 9.38298 9.297039 9.31509 9.461443 9.575408 9.636177 9.670155 9.668353 9.631715 9.611124 9.653093 9.727312 9.76819 9.764838 9.753832 9.806016 9.897161 10.03803 10.1933 10.35532 10.47743 10.50685 10.43788 10.27528 9.989362 9.605693
9.555724 9.570261 9.588582 9.601108 9.610163 9.610115 9.59346 9.574574 9.557904 9.564858 9.584813 9.605771 9.635528 9.681046 9.710151 9.723993 9.725972 9.751211 9.782689 9.809045 9.825308 9.854471 9.865319 9.859539 9.828121 9.75036 9.61153 9.489244 9.419788 9.398387 9.361559 9.30843 9.352644 9.522732 9.69673 9.720903 9.556019 9.354831 9.197947 9.217118 9.428229 9.600869 9.68622 9.736073 9.739697 9.700286 9.673116 9.721765 9.821463 9.859247 9.820517 9.790255 9.847576 9.994051 10.16929 10.34729 10.51558 10.625 10.65745 10.58642 10.42436 10.14099 9.734405
9.547967 9.560466 9.572659 9.59144 9.598252 9.602491 9.597295 9.582083 9.575048 9.589383 9.616177 9.627131 9.634008 9.675081 9.711602 9.732408 9.745294 9.763617 9.782217 9.802347 9.812301 9.826321 9.837759 9.851611 9.827229 9.754717 9.651964 9.544872 9.461828 9.404883 9.324009 9.243445 9.356551 9.563397 9.72329 9.76088 9.600254 9.306545 9.075576 9.097705 9.383994 9.623464 9.760912 9.829821 9.838674 9.814617 9.771648 9.828986 9.934161 9.962355 9.897481 9.85059 9.903742 10.06243 10.26422 10.46395 10.6153 10.71874 10.7306 10.66234 10.5165 10.26067 9.872275
9.539175 9.550391 9.563046 9.578507 9.583176 9.591801 9.591808 9.59198 9.590457 9.606981 9.638522 9.64556 9.643346 9.675485 9.707857 9.737633 9.755107 9.776509 9.788687 9.80267 9.800125 9.806191 9.810468 9.833526 9.825436 9.7638 9.676676 9.585461 9.507341 9.415029 9.281097 9.218234 9.361648 9.59247 9.737926 9.773236 9.588679 9.250432 8.950996 9.006851 9.332475 9.641644 9.816985 9.890296 9.919759 9.895619 9.879577 9.936072 10.02743 10.03604 9.965963 9.912767 9.970308 10.11376 10.29824 10.49861 10.66149 10.77088 10.7739 10.70778 10.57289 10.32937 9.988046
9.537726 9.537986 9.539492 9.546837 9.560527 9.570539 9.582108 9.593862 9.603178 9.623084 9.650122 9.661876 9.662294 9.682308 9.714519 9.740746 9.760606 9.781457 9.795251 9.788292 9.783298 9.78256 9.794625 9.809269 9.80531 9.762922 9.694097 9.620434 9.54801 9.41162 9.300388 9.278296 9.317632 9.532108 9.694389 9.75083 9.563832 9.194187 8.906122 8.994578 9.328453 9.658508 9.850471 9.948557 9.967957 9.943624 9.932814 9.991782 10.06336 10.05589 9.984096 9.985584 10.04131 10.15867 10.35105 10.54589 10.71621 10.83043 10.85178 10.78708 10.63687 10.39899 10.07731
9.532809 9.53353 9.520498 9.526653 9.544596 9.559995 9.573367 9.586575 9.602757 9.630744 9.655465 9.673878 9.682931 9.699396 9.717403 9.739156 9.764845 9.785258 9.793608 9.781796 9.769521 9.772744 9.784648 9.797137 9.78788 9.757684 9.69734 9.623955 9.531996 9.391783 9.362906 9.372046 9.330191 9.420216 9.591503 9.683366 9.508556 9.168522 8.901466 9.016405 9.333485 9.642665 9.83882 9.949771 9.974307 9.989973 10.00406 10.02681 10.05188 10.03847 10.01455 10.04445 10.12206 10.22689 10.40712 10.6098 10.78564 10.91551 10.9551 10.88054 10.69674 10.44309 10.1308
9.51581 9.521055 9.517225 9.513496 9.530405 9.546596 9.562944 9.580847 9.596622 9.626234 9.650782 9.676017 9.694116 9.714101 9.726044 9.739193 9.752972 9.782797 9.791895 9.786864 9.772568 9.774274 9.782938 9.783203 9.77313 9.737501 9.679934 9.60111 9.486703 9.427567 9.457622 9.471207 9.400065 9.357439 9.456372 9.561186 9.449825 9.195187 8.983172 9.00954 9.279127 9.573321 9.794689 9.890517 9.945453 9.989738 10.02748 10.03355 10.02728 10.01072 10.02649 10.10466 10.2059 10.30093 10.48228 10.7045 10.89655 11.03503 11.0825 11.00345 10.7731 10.45946 10.13716
9.510897 9.518923 9.510767 9.508249 9.519097 9.536698 9.554384 9.570504 9.589533 9.612169 9.640544 9.66619 9.689394 9.712853 9.732852 9.745871 9.754479 9.766813 9.777614 9.780333 9.778675 9.77728 9.777488 9.777102 9.760758 9.71455 9.647092 9.564845 9.457237 9.458827 9.53986 9.550894 9.439978 9.325743 9.316204 9.432569 9.417124 9.250468 9.091749 9.040363 9.188389 9.444289 9.667459 9.789716 9.875534 9.955594 10.00008 10.01573 10.01027 10.00864 10.05043 10.15261 10.29186 10.40399 10.57146 10.82864 11.06039 11.20608 11.249 11.14043 10.85104 10.46369 10.09566
9.504535 9.512153 9.513139 9.515356 9.522264 9.535738 9.548018 9.564054 9.583552 9.604801 9.63133 9.657269 9.682712 9.704468 9.728721 9.747391 9.756991 9.757854 9.766094 9.769073 9.770704 9.772696 9.771766 9.767516 9.745586 9.692881 9.617229 9.54015 9.474567 9.468063 9.526391 9.551703 9.46738 9.326758 9.230277 9.32649 9.374687 9.2954 9.181536 9.102469 9.127819 9.337698 9.542266 9.669401 9.784869 9.870946 9.933829 9.977961 9.995763 10.01747 10.09125 10.23888 10.41368 10.54105 10.70417 10.98451 11.26577 11.41135 11.41614 11.2517 10.88332 10.42877 10.03285
9.505133 9.502238 9.508417 9.523176 9.532777 9.544542 9.553715 9.562128 9.575593 9.592127 9.623046 9.651102 9.678307 9.706882 9.726594 9.744585 9.754681 9.755291 9.757104 9.756621 9.762832 9.764629 9.759974 9.751745 9.728271 9.66373 9.586107 9.535623 9.514655 9.488187 9.506666 9.528597 9.457377 9.328407 9.202066 9.264835 9.325817 9.311312 9.235501 9.137069 9.121428 9.263645 9.463945 9.610604 9.714721 9.780817 9.847251 9.917906 9.981577 10.03966 10.14978 10.35089 10.59184 10.74119 10.88115 11.17782 11.4989 11.63694 11.56427 11.29306 10.84933 10.36976 9.949991
9.508643 9.498675 9.500916 9.518534 9.535606 9.55111 9.559762 9.570701 9.575575 9.586689 9.613794 9.64372 9.676981 9.705179 9.722184 9.733644 9.744052 9.751231 9.749969 9.74644 9.744312 9.748234 9.749373 9.729289 9.711699 9.649331 9.563688 9.529525 9.535142 9.488922 9.493864 9.501425 9.4351 9.313682 9.209884 9.240993 9.280374 9.294499 9.274794 9.156458 9.097814 9.201782 9.387826 9.537966 9.646221 9.695147 9.75328 9.844116 9.95725 10.07502 10.24254 10.49671 10.81267 11.00418 11.11663 11.38318 11.72723 11.84823 11.65818 11.23837 10.73496 10.24111 9.830193
9.509419 9.51216 9.513992 9.522589 9.538568 9.554317 9.566232 9.572382 9.577929 9.59098 9.615966 9.645902 9.672709 9.70359 9.719953 9.729363 9.732641 9.741907 9.745431 9.742158 9.732738 9.730013 9.733079 9.719493 9.688744 9.629553 9.560557 9.519276 9.531085 9.503847 9.492594 9.484586 9.404335 9.28636 9.1915 9.231 9.271544 9.273492 9.259918 9.1384 9.062234 9.127679 9.265569 9.443331 9.566987 9.633891 9.686753 9.792072 9.944778 10.13202 10.35547 10.67078 11.05649 11.30435 11.4101 11.63065 11.92181 11.99915 11.67938 11.13367 10.57464 10.07545 9.707192
