py_wake/examples/data/AJ_ParqueFicticio/Rough survey   Sector 2   Height 200m   Weibull-k.grd
DSAA
73  159
 258469   265669
 6501692   6517492
 2.173828   2.544922
[rows 56 to 83 of 159, columns 0 to 62 of 73]
2.349609 2.349609 2.349609 2.349609 2.349609 2.349609 2.349609 2.349609 2.349609 2.349609 2.349609 2.349609 2.349609 2.349609 2.349609 2.349609 2.349609 2.349609 2.349609 2.349609 2.349609 2.349609 2.349609 2.349609 2.349609 2.349609 2.349609 2.349609 2.349609 2.341797 2.322266 2.310547 2.298828 2.294922 2.283203 2.279297 2.271484 2.263672 2.263672 2.263672 2.255859 2.251953 2.244141 2.236328 2.228516 2.224609 2.220703 2.220703 2.220703 2.224609 2.232422 2.240234 2.251953 2.267578 2.287109 2.298828 2.298828 2.306641 2.326172 2.349609 2.349609 2.349609 2.349609
2.349609 2.349609 2.349609 2.349609 2.349609 2.349609 2.349609 2.349609 2.349609 2.349609 2.349609 2.349609 2.349609 2.349609 2.349609 2.349609 2.349609 2.349609 2.349609 2.349609 2.349609 2.349609 2.349609 2.349609 2.349609 2.349609 2.349609 2.349609 2.341797 2.322266 2.306641 2.298828 2.294922 2.287109 2.279297 2.271484 2.267578 2.263672 2.259766 2.259766 2.255859 2.248047 2.244141 2.236328 2.232422 2.224609 2.220703 2.220703 2.220703 2.224609 2.232422 2.240234 2.251953 2.271484 2.291016 2.298828 2.302734 2.306641 2.330078 2.349609 2.349609 2.349609 2.349609
2.349609 2.349609 2.349609 2.349609 2.349609 2.349609 2.349609 2.349609 2.349609 2.349609 2.349609 2.349609 2.349609 2.349609 2.349609 2.349609 2.349609 2.349609 2.349609 2.349609 2.349609 2.349609 2.349609 2.349609 2.349609 2.349609 2.349609 2.341797 2.318359 2.302734 2.291016 2.287109 2.283203 2.279297 2.271484 2.263672 2.259766 2.255859 2.251953 2.251953 2.248047 2.244141 2.244141 2.240234 2.236328 2.228516 2.224609 2.220703 2.220703 2.224609 2.228516 2.240234 2.255859 2.271484 2.291016 2.294922 2.302734 2.314453 2.341797 2.349609 2.349609 2.349609 2.349609
2.349609 2.349609 2.349609 2.349609 2.349609 2.349609 2.349609 2.349609 2.349609 2.349609 2.349609 2.349609 2.349609 2.349609 2.349609 2.349609 2.349609 2.349609 2.349609 2.349609 2.349609 2.349609 2.349609 2.349609 2.349609 2.349609 2.349609 2.330078 2.306641 2.287109 2.275391 2.271484 2.271484 2.263672 2.259766 2.255859 2.251953 2.248047 2.248047 2.248047 2.244141 2.244141 2.240234 2.240234 2.236328 2.232422 2.228516 2.224609 2.220703 2.220703 2.228516 2.240234 2.251953 2.267578 2.283203 2.291016 2.302734 2.314453 2.345703 2.349609 2.349609 2.349609 2.349609
2.349609 2.349609 2.349609 2.349609 2.349609 2.349609 2.349609 2.349609 2.349609 2.349609 2.349609 2.349609 2.349609 2.349609 2.349609 2.349609 2.349609 2.349609 2.349609 2.349609 2.349609 2.349609 2.349609 2.349609 2.349609 2.349609 2.345703 2.330078 2.306641 2.287109 2.271484 2.267578 2.263672 2.255859 2.251953 2.244141 2.244141 2.244141 2.244141 2.244141 2.240234 2.240234 2.240234 2.240234 2.240234 2.236328 2.232422 2.232422 2.224609 2.224609 2.228516 2.236328 2.251953 2.263672 2.275391 2.283203 2.298828 2.314453 2.345703 2.349609 2.349609 2.349609 2.349609
2.349609 2.349609 2.349609 2.349609 2.349609 2.349609 2.349609 2.349609 2.349609 2.349609 2.349609 2.349609 2.349609 2.349609 2.349609 2.349609 2.349609 2.349609 2.349609 2.349609 2.349609 2.349609 2.349609 2.349609 2.349609 2.349609 2.337891 2.322266 2.306641 2.287109 2.275391 2.267578 2.259766 2.255859 2.248047 2.244141 2.240234 2.240234 2.240234 2.240234 2.240234 2.236328 2.236328 2.240234 2.240234 2.240234 2.240234 2.236328 2.232422 2.228516 2.228516 2.236328 2.248047 2.259766 2.271484 2.279297 2.291016 2.314453 2.345703 2.349609 2.349609 2.349609 2.349609
2.349609 2.349609 2.349609 2.349609 2.349609 2.349609 2.349609 2.349609 2.349609 2.349609 2.349609 2.349609 2.349609 2.349609 2.349609 2.349609 2.349609 2.349609 2.349609 2.349609 2.349609 2.349609 2.349609 2.349609 2.349609 2.341797 2.330078 2.314453 2.298828 2.287109 2.275391 2.267578 2.263672 2.255859 2.248047 2.240234 2.236328 2.236328 2.236328 2.236328 2.236328 2.236328 2.236328 2.236328 2.240234 2.240234 2.240234 2.240234 2.240234 2.236328 2.236328 2.236328 2.244141 2.255859 2.267578 2.275391 2.287109 2.310547 2.349609 2.349609 2.349609 2.349609 2.349609
2.349609 2.349609 2.349609 2.349609 2.349609 2.349609 2.349609 2.349609 2.349609 2.349609 2.349609 2.349609 2.349609 2.349609 2.349609 2.349609 2.349609 2.349609 2.349609 2.349609 2.349609 2.349609 2.349609 2.345703 2.337891 2.326172 2.314453 2.306641 2.294922 2.283203 2.275391 2.271484 2.267578 2.255859 2.248047 2.240234 2.240234 2.236328 2.236328 2.232422 2.232422 2.232422 2.236328 2.236328 2.236328 2.240234 2.240234 2.244141 2.244141 2.244141 2.244141 2.240234 2.240234 2.251953 2.263672 2.275391 2.287109 2.310547 2.345703 2.349609 2.349609 2.349609 2.349609
2.349609 2.349609 2.349609 2.349609 2.349609 2.349609 2.349609 2.349609 2.349609 2.349609 2.349609 2.349609 2.349609 2.349609 2.349609 2.349609 2.349609 2.349609 2.349609 2.349609 2.349609 2.349609 2.341797 2.333984 2.326172 2.314453 2.306641 2.294922 2.283203 2.275391 2.271484 2.271484 2.267578 2.259766 2.251953 2.244141 2.240234 2.236328 2.236328 2.236328 2.232422 2.232422 2.232422 2.232422 2.232422 2.236328 2.240234 2.244141 2.248047 2.248047 2.248047 2.244141 2.244141 2.248047 2.263672 2.275391 2.291016 2.310547 2.341797 2.349609 2.349609 2.349609 2.349609
2.349609 2.349609 2.349609 2.349609 2.349609 2.349609 2.349609 2.349609 2.349609 2.349609 2.349609 2.349609 2.349609 2.349609 2.349609 2.349609 2.349609 2.349609 2.349609 2.349609 2.349609 2.341797 2.333984 2.330078 2.318359 2.306641 2.294922 2.283203 2.271484 2.267578 2.267578 2.267578 2.263672 2.255859 2.251953 2.248047 2.244141 2.240234 2.236328 2.236328 2.236328 2.232422 2.232422 2.228516 2.232422 2.236328 2.240234 2.244141 2.248047 2.251953 2.255859 2.251953 2.248047 2.251953 2.259766 2.279297 2.302734 2.326172 2.349609 2.349609 2.349609 2.349609 2.349609
2.349609 2.349609 2.349609 2.349609 2.349609 2.349609 2.349609 2.349609 2.349609 2.349609 2.349609 2.349609 2.349609 2.349609 2.349609 2.349609 2.349609 2.349609 2.349609 2.349609 2.345703 2.337891 2.330078 2.326172 2.314453 2.302734 2.287109 2.275391 2.267578 2.263672 2.259766 2.259766 2.255859 2.255859 2.251953 2.248047 2.248047 2.244141 2.240234 2.236328 2.236328 2.232422 2.228516 2.228516 2.228516 2.232422 2.240234 2.244141 2.248047 2.251953 2.259766 2.259766 2.259766 2.259766 2.271484 2.291016 2.322266 2.349609 2.349609 2.349609 2.349609 2.349609 2.349609
2.349609 2.349609 2.349609 2.349609 2.349609 2.349609 2.349609 2.349609 2.349609 2.349609 2.349609 2.349609 2.349609 2.349609 2.349609 2.349609 2.349609 2.349609 2.349609 2.349609 2.341797 2.333984 2.333984 2.326172 2.314453 2.302734 2.287109 2.271484 2.263672 2.259766 2.255859 2.251953 2.251953 2.251953 2.251953 2.248047 2.248047 2.248047 2.244141 2.240234 2.236328 2.232422 2.228516 2.224609 2.224609 2.228516 2.236328 2.240234 2.248047 2.251953 2.255859 2.263672 2.267578 2.275391 2.287109 2.302734 2.330078 2.349609 2.349609 2.349609 2.349609 2.349609 2.349609
2.349609 2.349609 2.349609 2.349609 2.349609 2.349609 2.349609 2.349609 2.349609 2.349609 2.349609 2.349609 2.349609 2.349609 2.349609 2.349609 2.349609 2.349609 2.345703 2.345703 2.341797 2.333984 2.337891 2.330078 2.318359 2.298828 2.283203 2.271484 2.263672 2.255859 2.251953 2.248047 2.248047 2.248047 2.248047 2.248047 2.248047 2.248047 2.248047 2.244141 2.240234 2.236328 2.232422 2.228516 2.228516 2.228516 2.232422 2.236328 2.244141 2.248047 2.251953 2.259766 2.271484 2.283203 2.302734 2.322266 2.345703 2.349609 2.349609 2.349609 2.349609 2.349609 2.349609
2.349609 2.349609 2.349609 2.349609 2.349609 2.349609 2.349609 2.349609 2.349609 2.349609 2.349609 2.349609 2.349609 2.349609 2.349609 2.349609 2.345703 2.345703 2.345703 2.341797 2.341797 2.341797 2.337891 2.326172 2.314453 2.298828 2.287109 2.275391 2.263672 2.255859 2.248047 2.244141 2.244141 2.244141 2.244141 2.248047 2.248047 2.251953 2.251953 2.248047 2.248047 2.244141 2.236328 2.236328 2.232422 2.232422 2.232422 2.232422 2.240234 2.244141 2.244141 2.255859 2.267578 2.283203 2.302734 2.326172 2.345703 2.349609 2.349609 2.349609 2.349609 2.349609 2.349609
2.349609 2.349609 2.349609 2.349609 2.349609 2.349609 2.349609 2.349609 2.349609 2.349609 2.349609 2.349609 2.349609 2.349609 2.349609 2.345703 2.345703 2.341797 2.341797 2.341797 2.341797 2.341797 2.333984 2.322266 2.306641 2.298828 2.287109 2.275391 2.267578 2.255859 2.248047 2.244141 2.240234 2.240234 2.240234 2.244141 2.248047 2.251953 2.251953 2.251953 2.251953 2.248047 2.244141 2.244141 2.240234 2.236328 2.236328 2.236328 2.240234 2.244141 2.244141 2.251953 2.259766 2.275391 2.291016 2.314453 2.337891 2.349609 2.349609 2.349609 2.349609 2.349609 2.349609
2.349609 2.349609 2.349609 2.349609 2.349609 2.349609 2.349609 2.349609 2.349609 2.349609 2.349609 2.349609 2.349609 2.349609 2.349609 2.341797 2.345703 2.341797 2.337891 2.341797 2.337891 2.337891 2.322266 2.314453 2.302734 2.294922 2.287109 2.279297 2.267578 2.259766 2.251953 2.244141 2.240234 2.240234 2.240234 2.240234 2.244141 2.251953 2.251953 2.251953 2.251953 2.251953 2.251953 2.248047 2.248047 2.244141 2.244141 2.244141 2.248047 2.248047 2.251953 2.255859 2.259766 2.267578 2.279297 2.294922 2.314453 2.333984 2.349609 2.349609 2.349609 2.349609 2.349609
2.349609 2.349609 2.349609 2.349609 2.349609 2.349609 2.349609 2.349609 2.349609 2.349609 2.349609 2.349609 2.349609 2.349609 2.341797 2.341797 2.341797 2.341797 2.337891 2.337891 2.333984 2.326172 2.318359 2.306641 2.302734 2.294922 2.287109 2.279297 2.267578 2.259766 2.251953 2.244141 2.240234 2.240234 2.240234 2.240234 2.244141 2.248047 2.251953 2.251953 2.255859 2.255859 2.255859 2.255859 2.255859 2.251953 2.251953 2.251953 2.255859 2.259766 2.263672 2.267578 2.271484 2.271484 2.275391 2.283203 2.294922 2.310547 2.330078 2.349609 2.349609 2.349609 2.349609
2.349609 2.349609 2.349609 2.349609 2.349609 2.349609 2.349609 2.349609 2.349609 2.349609 2.349609 2.349609 2.349609 2.345703 2.337891 2.337891 2.341797 2.337891 2.337891 2.333984 2.330078 2.318359 2.310547 2.302734 2.294922 2.291016 2.287109 2.279297 2.267578 2.259766 2.251953 2.248047 2.240234 2.240234 2.240234 2.240234 2.244141 2.244141 2.248047 2.251953 2.255859 2.259766 2.259766 2.259766 2.259766 2.259766 2.259766 2.259766 2.259766 2.267578 2.271484 2.279297 2.283203 2.287109 2.287109 2.287109 2.287109 2.291016 2.306641 2.333984 2.349609 2.349609 2.349609
2.349609 2.349609 2.349609 2.349609 2.349609 2.349609 2.349609 2.349609 2.349609 2.349609 2.349609 2.349609 2.349609 2.341797 2.337891 2.333984 2.337891 2.337891 2.333984 2.330078 2.322266 2.314453 2.302734 2.294922 2.287109 2.283203 2.279297 2.275391 2.263672 2.255859 2.248047 2.244141 2.244141 2.240234 2.240234 2.240234 2.240234 2.244141 2.244141 2.248047 2.251953 2.259766 2.263672 2.263672 2.263672 2.263672 2.263672 2.263672 2.263672 2.263672 2.271484 2.275391 2.283203 2.287109 2.291016 2.294922 2.287109 2.279297 2.287109 2.302734 2.333984 2.349609 2.349609
2.349609 2.349609 2.349609 2.349609 2.349609 2.349609 2.349609 2.349609 2.349609 2.349609 2.349609 2.349609 2.349609 2.345703 2.341797 2.341797 2.337891 2.333984 2.330078 2.326172 2.318359 2.306641 2.294922 2.287109 2.283203 2.279297 2.271484 2.263672 2.255859 2.248047 2.244141 2.240234 2.240234 2.240234 2.240234 2.240234 2.244141 2.244141 2.244141 2.248047 2.251953 2.259766 2.263672 2.267578 2.267578 2.271484 2.267578 2.263672 2.259766 2.263672 2.267578 2.271484 2.275391 2.279297 2.291016 2.291016 2.283203 2.275391 2.271484 2.283203 2.302734 2.345703 2.349609
2.349609 2.349609 2.349609 2.349609 2.349609 2.349609 2.349609 2.349609 2.349609 2.349609 2.349609 2.349609 2.345703 2.345703 2.345703 2.341797 2.337891 2.330078 2.326172 2.322266 2.314453 2.302734 2.294922 2.287109 2.279297 2.275391 2.267578 2.259766 2.248047 2.240234 2.236328 2.236328 2.236328 2.240234 2.240234 2.240234 2.244141 2.244141 2.248047 2.251953 2.255859 2.259766 2.263672 2.271484 2.271484 2.271484 2.267578 2.263672 2.259766 2.263672 2.267578 2.271484 2.275391 2.279297 2.287109 2.287109 2.279297 2.271484 2.263672 2.267578 2.287109 2.322266 2.349609
2.349609 2.349609 2.349609 2.349609 2.349609 2.349609 2.349609 2.349609 2.349609 2.349609 2.349609 2.349609 2.345703 2.345703 2.341797 2.337891 2.333984 2.330078 2.326172 2.318359 2.310547 2.302734 2.291016 2.283203 2.279297 2.271484 2.267578 2.255859 2.244141 2.236328 2.232422 2.232422 2.236328 2.236328 2.240234 2.244141 2.244141 2.244141 2.251953 2.251953 2.255859 2.263672 2.267578 2.271484 2.271484 2.275391 2.275391 2.271484 2.271484 2.271484 2.275391 2.279297 2.287109 2.291016 2.291016 2.291016 2.283203 2.279297 2.275391 2.275391 2.291016 2.326172 2.349609
2.349609 2.349609 2.349609 2.349609 2.349609 2.349609 2.349609 2.349609 2.349609 2.345703 2.345703 2.341797 2.341797 2.341797 2.337891 2.333984 2.330078 2.326172 2.322266 2.314453 2.306641 2.298828 2.287109 2.283203 2.279297 2.275391 2.263672 2.251953 2.240234 2.232422 2.228516 2.228516 2.232422 2.236328 2.240234 2.244141 2.244141 2.248047 2.255859 2.259766 2.263672 2.267578 2.267578 2.271484 2.271484 2.275391 2.279297 2.287109 2.287109 2.287109 2.287109 2.291016 2.294922 2.302734 2.302734 2.302734 2.302734 2.302734 2.302734 2.306641 2.330078 2.353516 2.353516
2.349609 2.349609 2.349609 2.349609 2.349609 2.349609 2.349609 2.349609 2.349609 2.345703 2.341797 2.341797 2.337891 2.337891 2.333984 2.330078 2.326172 2.326172 2.318359 2.310547 2.302734 2.291016 2.287109 2.283203 2.279297 2.271484 2.263672 2.248047 2.236328 2.228516 2.228516 2.228516 2.232422 2.236328 2.240234 2.244141 2.248047 2.255859 2.259766 2.263672 2.267578 2.267578 2.267578 2.267578 2.271484 2.271484 2.279297 2.291016 2.298828 2.302734 2.306641 2.306641 2.306641 2.306641 2.310547 2.314453 2.318359 2.326172 2.341797 2.361328 2.365234 2.369141 2.373047
2.349609 2.349609 2.349609 2.349609 2.349609 2.349609 2.349609 2.349609 2.345703 2.341797 2.337891 2.333984 2.333984 2.330078 2.326172 2.326172 2.326172 2.322266 2.314453 2.306641 2.298828 2.287109 2.283203 2.279297 2.275391 2.267578 2.255859 2.244141 2.232422 2.228516 2.228516 2.228516 2.232422 2.240234 2.240234 2.244141 2.248047 2.255859 2.263672 2.267578 2.267578 2.267578 2.263672 2.263672 2.267578 2.275391 2.279297 2.291016 2.302734 2.314453 2.314453 2.314453 2.314453 2.310547 2.310547 2.314453 2.322266 2.341797 2.361328 2.369141 2.376953 2.384766 2.392578
2.349609 2.349609 2.349609 2.349609 2.349609 2.349609 2.349609 2.349609 2.345703 2.341797 2.333984 2.330078 2.330078 2.322266 2.318359 2.318359 2.318359 2.314453 2.310547 2.302734 2.294922 2.287109 2.279297 2.275391 2.267578 2.259766 2.248047 2.236328 2.228516 2.224609 2.228516 2.232422 2.236328 2.240234 2.244141 2.248047 2.251953 2.259766 2.263672 2.267578 2.263672 2.259766 2.259766 2.259766 2.263672 2.271484 2.279297 2.291016 2.302734 2.310547 2.318359 2.318359 2.314453 2.310547 2.310547 2.314453 2.330078 2.357422 2.365234 2.376953 2.384766 2.396484 2.408203
2.349609 2.349609 2.349609 2.349609 2.349609 2.349609 2.349609 2.349609 2.349609 2.341797 2.333984 2.333984 2.326172 2.318359 2.314453 2.310547 2.310547 2.306641 2.302734 2.298828 2.291016 2.283203 2.279297 2.271484 2.263672 2.251953 2.240234 2.228516 2.224609 2.224609 2.228516 2.232422 2.236328 2.240234 2.244141 2.251953 2.255859 2.263672 2.267578 2.263672 2.255859 2.251953 2.251953 2.255859 2.259766 2.263672 2.275391 2.283203 2.294922 2.306641 2.314453 2.318359 2.314453 2.310547 2.310547 2.318359 2.337891 2.357422 2.365234 2.380859 2.392578 2.404297 2.419922
2.349609 2.349609 2.349609 2.349609 2.349609 2.349609 2.349609 2.349609 2.349609 2.341797 2.337891 2.326172 2.322266 2.314453 2.310547 2.302734 2.298828 2.294922 2.294922 2.291016 2.283203 2.279297 2.275391 2.267578 2.259766 2.244141 2.232422 2.224609 2.220703 2.220703 2.228516 2.232422 2.240234 2.244141 2.248047 2.255859 2.263672 2.267578 2.267578 2.259766 2.251953 2.248047 2.248047 2.251953 2.255859 2.259766 2.267578 2.275391 2.283203 2.294922 2.306641 2.314453 2.314453 2.314453 2.314453 2.322266 2.345703 2.357422 2.369141 2.384766 2.396484 2.412109 2.427734
