py_wake/examples/data/AJ_ParqueFicticio/Rough survey   Sector 4   Height 30m   Weibull-k.grd
DSAA
73  159
 258469   265669
 6501692   6517492
 1.095703   2.744141
[rows 56 to 83 of 159, columns 0 to 62 of 73]
2.701172 2.689453 2.693359 2.697266 2.693359 2.705078 2.697266 2.693359 2.689453 2.689453 2.693359 2.693359 2.689453 2.693359 2.705078 2.705078 2.705078 2.708984 2.705078 2.697266 2.697266 2.712891 2.716797 2.712891 2.712891 2.708984 2.708984 2.712891 2.697266 2.666016 2.697266 2.736328 2.736328 2.736328 2.732422 2.732422 2.732422 2.728516 2.708984 2.689453 2.673828 2.712891 2.677734 2.654297 2.572266 2.521484 2.455078 2.443359 2.552734 2.669922 2.693359 2.662109 2.654297 2.677734 2.693359 2.615234 2.541016 2.529297 2.560547 2.619141 2.716797 2.728516 2.419922
2.712891 2.677734 2.685547 2.705078 2.701172 2.697266 2.693359 2.685547 2.685547 2.689453 2.693359 2.697266 2.701172 2.681641 2.697266 2.705078 2.705078 2.708984 2.708984 2.693359 2.705078 2.712891 2.716797 2.720703 2.716797 2.716797 2.712891 2.736328 2.744141 2.744141 2.732422 2.736328 2.744141 2.736328 2.732422 2.732422 2.724609 2.728516 2.720703 2.693359 2.669922 2.673828 2.705078 2.693359 2.642578 2.591797 2.537109 2.517578 2.537109 2.626953 2.677734 2.677734 2.642578 2.662109 2.724609 2.685547 2.552734 2.529297 2.505859 2.607422 2.708984 2.720703 2.458984
2.697266 2.666016 2.681641 2.705078 2.708984 2.689453 2.685547 2.677734 2.677734 2.685547 2.693359 2.701172 2.701172 2.685547 2.689453 2.701172 2.705078 2.705078 2.705078 2.693359 2.705078 2.708984 2.712891 2.728516 2.720703 2.716797 2.720703 2.744141 2.732422 2.728516 2.720703 2.732422 2.732422 2.732422 2.732422 2.728516 2.724609 2.720703 2.712891 2.685547 2.662109 2.662109 2.689453 2.701172 2.662109 2.619141 2.603516 2.564453 2.552734 2.599609 2.662109 2.681641 2.626953 2.646484 2.744141 2.693359 2.576172 2.486328 2.466797 2.552734 2.720703 2.744141 2.603516
2.666016 2.673828 2.673828 2.689453 2.712891 2.708984 2.685547 2.673828 2.673828 2.681641 2.693359 2.701172 2.705078 2.685547 2.689453 2.697266 2.701172 2.701172 2.701172 2.697266 2.705078 2.720703 2.716797 2.724609 2.724609 2.712891 2.712891 2.716797 2.732422 2.712891 2.708984 2.720703 2.724609 2.716797 2.716797 2.701172 2.701172 2.705078 2.705078 2.677734 2.646484 2.673828 2.697266 2.705078 2.693359 2.662109 2.642578 2.611328 2.517578 2.498047 2.634766 2.689453 2.623047 2.658203 2.736328 2.716797 2.580078 2.505859 2.482422 2.498047 2.630859 2.744141 2.681641
2.677734 2.685547 2.685547 2.689453 2.712891 2.720703 2.705078 2.666016 2.669922 2.677734 2.689453 2.693359 2.701172 2.685547 2.693359 2.701172 2.705078 2.705078 2.701172 2.701172 2.701172 2.716797 2.716797 2.724609 2.728516 2.712891 2.705078 2.689453 2.712891 2.712891 2.708984 2.708984 2.712891 2.705078 2.666016 2.650391 2.658203 2.666016 2.677734 2.662109 2.630859 2.666016 2.705078 2.701172 2.705078 2.693359 2.689453 2.666016 2.583984 2.486328 2.560547 2.693359 2.615234 2.638672 2.728516 2.732422 2.599609 2.537109 2.501953 2.494141 2.529297 2.712891 2.744141
2.689453 2.693359 2.697266 2.677734 2.669922 2.693359 2.697266 2.673828 2.673828 2.681641 2.685547 2.685547 2.689453 2.701172 2.705078 2.708984 2.716797 2.705078 2.701172 2.705078 2.705078 2.724609 2.724609 2.724609 2.728516 2.724609 2.724609 2.712891 2.720703 2.728516 2.720703 2.720703 2.716797 2.701172 2.654297 2.638672 2.642578 2.646484 2.642578 2.646484 2.650391 2.638672 2.623047 2.697266 2.697266 2.705078 2.708984 2.708984 2.669922 2.572266 2.537109 2.623047 2.666016 2.654297 2.728516 2.720703 2.638672 2.544922 2.505859 2.474609 2.501953 2.642578 2.720703
2.697266 2.693359 2.685547 2.669922 2.658203 2.658203 2.677734 2.685547 2.681641 2.685547 2.681641 2.689453 2.697266 2.708984 2.708984 2.712891 2.720703 2.705078 2.705078 2.716797 2.705078 2.708984 2.720703 2.728516 2.736328 2.744141 2.744141 2.740234 2.724609 2.708984 2.732422 2.732422 2.728516 2.716797 2.689453 2.646484 2.638672 2.634766 2.626953 2.642578 2.646484 2.630859 2.623047 2.650391 2.705078 2.701172 2.705078 2.712891 2.716797 2.697266 2.611328 2.572266 2.705078 2.673828 2.728516 2.720703 2.712891 2.548828 2.505859 2.462891 2.474609 2.486328 2.626953
2.705078 2.681641 2.669922 2.662109 2.658203 2.666016 2.677734 2.685547 2.685547 2.689453 2.689453 2.697266 2.701172 2.705078 2.708984 2.708984 2.712891 2.708984 2.708984 2.720703 2.697266 2.697266 2.716797 2.736328 2.744141 2.740234 2.740234 2.736328 2.732422 2.720703 2.728516 2.732422 2.732422 2.728516 2.708984 2.658203 2.646484 2.642578 2.630859 2.626953 2.619141 2.603516 2.623047 2.658203 2.681641 2.705078 2.697266 2.708984 2.716797 2.662109 2.681641 2.615234 2.568359 2.697266 2.708984 2.728516 2.712891 2.564453 2.482422 2.427734 2.416016 2.458984 2.509766
2.712891 2.673828 2.662109 2.658203 2.658203 2.662109 2.669922 2.673828 2.685547 2.693359 2.693359 2.693359 2.701172 2.705078 2.705078 2.705078 2.705078 2.712891 2.712891 2.708984 2.697266 2.689453 2.705078 2.728516 2.736328 2.732422 2.736328 2.732422 2.732422 2.728516 2.716797 2.724609 2.732422 2.728516 2.712891 2.701172 2.673828 2.662109 2.654297 2.634766 2.623047 2.630859 2.595703 2.572266 2.666016 2.685547 2.708984 2.712891 2.705078 2.662109 2.642578 2.681641 2.541016 2.591797 2.720703 2.689453 2.658203 2.537109 2.404297 2.373047 2.341797 2.447266 2.498047
2.712891 2.677734 2.658203 2.650391 2.650391 2.654297 2.658203 2.666016 2.689453 2.697266 2.693359 2.697266 2.701172 2.701172 2.701172 2.701172 2.708984 2.716797 2.716797 2.712891 2.705078 2.693359 2.701172 2.732422 2.736328 2.732422 2.732422 2.724609 2.720703 2.724609 2.705078 2.720703 2.724609 2.728516 2.716797 2.712891 2.701172 2.677734 2.666016 2.666016 2.658203 2.650391 2.599609 2.544922 2.603516 2.681641 2.708984 2.712891 2.712891 2.708984 2.619141 2.662109 2.673828 2.533203 2.666016 2.677734 2.556641 2.474609 2.353516 2.275391 2.400391 2.533203 2.576172
2.708984 2.685547 2.654297 2.646484 2.646484 2.650391 2.654297 2.666016 2.673828 2.693359 2.697266 2.697266 2.697266 2.697266 2.697266 2.701172 2.712891 2.720703 2.720703 2.724609 2.716797 2.708984 2.716797 2.724609 2.720703 2.728516 2.728516 2.724609 2.712891 2.708984 2.712891 2.724609 2.728516 2.708984 2.720703 2.716797 2.708984 2.697266 2.677734 2.677734 2.662109 2.666016 2.607422 2.537109 2.521484 2.607422 2.705078 2.712891 2.705078 2.716797 2.642578 2.623047 2.693359 2.697266 2.619141 2.728516 2.537109 2.435547 2.322266 2.279297 2.447266 2.517578 2.658203
2.705078 2.689453 2.662109 2.646484 2.642578 2.646484 2.654297 2.662109 2.673828 2.681641 2.689453 2.693359 2.693359 2.693359 2.693359 2.701172 2.712891 2.724609 2.732422 2.732422 2.732422 2.716797 2.701172 2.701172 2.693359 2.701172 2.728516 2.724609 2.716797 2.708984 2.708984 2.712891 2.716797 2.712891 2.705078 2.712891 2.701172 2.705078 2.701172 2.693359 2.669922 2.630859 2.587891 2.521484 2.486328 2.591797 2.677734 2.705078 2.712891 2.728516 2.728516 2.650391 2.654297 2.705078 2.728516 2.732422 2.708984 2.439453 2.392578 2.373047 2.400391 2.501953 2.560547
2.705078 2.689453 2.666016 2.650391 2.638672 2.642578 2.654297 2.658203 2.669922 2.673828 2.681641 2.689453 2.693359 2.685547 2.693359 2.701172 2.708984 2.724609 2.736328 2.736328 2.736328 2.720703 2.673828 2.673828 2.669922 2.705078 2.720703 2.724609 2.712891 2.705078 2.701172 2.701172 2.708984 2.712891 2.697266 2.708984 2.705078 2.685547 2.716797 2.712891 2.712891 2.662109 2.572266 2.537109 2.513672 2.544922 2.568359 2.673828 2.697266 2.716797 2.724609 2.677734 2.689453 2.685547 2.724609 2.744141 2.744141 2.564453 2.498047 2.447266 2.416016 2.404297 2.369141
2.697266 2.701172 2.669922 2.646484 2.642578 2.638672 2.654297 2.654297 2.658203 2.666016 2.673828 2.681641 2.693359 2.685547 2.693359 2.701172 2.712891 2.732422 2.736328 2.736328 2.728516 2.712891 2.666016 2.666016 2.681641 2.708984 2.712891 2.705078 2.701172 2.697266 2.697266 2.685547 2.689453 2.705078 2.705078 2.712891 2.708984 2.705078 2.708984 2.724609 2.716797 2.705078 2.677734 2.626953 2.615234 2.548828 2.541016 2.607422 2.669922 2.669922 2.662109 2.689453 2.638672 2.611328 2.623047 2.662109 2.744141 2.634766 2.548828 2.498047 2.431641 2.384766 2.376953
2.685547 2.697266 2.693359 2.654297 2.654297 2.646484 2.646484 2.642578 2.646484 2.654297 2.666016 2.677734 2.693359 2.697266 2.712891 2.716797 2.732422 2.736328 2.736328 2.732422 2.724609 2.708984 2.685547 2.689453 2.705078 2.705078 2.697266 2.693359 2.693359 2.689453 2.689453 2.697266 2.673828 2.681641 2.689453 2.705078 2.716797 2.720703 2.720703 2.728516 2.724609 2.708984 2.705078 2.705078 2.689453 2.626953 2.611328 2.638672 2.677734 2.662109 2.626953 2.642578 2.552734 2.544922 2.591797 2.693359 2.744141 2.693359 2.615234 2.541016 2.470703 2.447266 2.447266
2.669922 2.681641 2.693359 2.677734 2.689453 2.654297 2.634766 2.626953 2.630859 2.638672 2.658203 2.681641 2.705078 2.724609 2.732422 2.720703 2.716797 2.720703 2.724609 2.728516 2.732422 2.724609 2.716797 2.705078 2.716797 2.701172 2.689453 2.689453 2.669922 2.650391 2.677734 2.708984 2.689453 2.662109 2.677734 2.697266 2.708984 2.720703 2.724609 2.724609 2.724609 2.716797 2.712891 2.720703 2.716797 2.701172 2.677734 2.681641 2.705078 2.689453 2.634766 2.615234 2.564453 2.591797 2.681641 2.728516 2.744141 2.744141 2.677734 2.607422 2.529297 2.505859 2.482422
2.666016 2.673828 2.689453 2.708984 2.701172 2.681641 2.626953 2.615234 2.623047 2.650391 2.669922 2.685547 2.705078 2.720703 2.732422 2.720703 2.697266 2.701172 2.708984 2.720703 2.736328 2.724609 2.724609 2.712891 2.689453 2.697266 2.677734 2.662109 2.626953 2.654297 2.677734 2.708984 2.677734 2.662109 2.666016 2.673828 2.701172 2.716797 2.720703 2.720703 2.724609 2.724609 2.728516 2.724609 2.716797 2.716797 2.708984 2.708984 2.720703 2.720703 2.658203 2.638672 2.642578 2.634766 2.662109 2.638672 2.685547 2.732422 2.732422 2.677734 2.583984 2.576172 2.560547
2.673828 2.681641 2.697266 2.693359 2.689453 2.689453 2.642578 2.623047 2.634766 2.650391 2.666016 2.677734 2.693359 2.701172 2.716797 2.720703 2.685547 2.685547 2.697266 2.708984 2.724609 2.712891 2.720703 2.708984 2.693359 2.697266 2.677734 2.654297 2.638672 2.658203 2.689453 2.712891 2.689453 2.673828 2.673828 2.681641 2.689453 2.697266 2.708984 2.716797 2.720703 2.728516 2.732422 2.728516 2.728516 2.720703 2.712891 2.716797 2.720703 2.732422 2.728516 2.689453 2.673828 2.642578 2.701172 2.716797 2.669922 2.673828 2.728516 2.728516 2.701172 2.669922 2.669922
2.669922 2.677734 2.685547 2.673828 2.669922 2.689453 2.673828 2.650391 2.646484 2.646484 2.658203 2.669922 2.673828 2.677734 2.705078 2.716797 2.681641 2.673828 2.681641 2.689453 2.705078 2.712891 2.716797 2.708984 2.705078 2.705078 2.697266 2.681641 2.658203 2.673828 2.693359 2.716797 2.712891 2.697266 2.693359 2.693359 2.685547 2.681641 2.685547 2.693359 2.708984 2.728516 2.732422 2.728516 2.732422 2.728516 2.724609 2.720703 2.720703 2.724609 2.720703 2.712891 2.681641 2.669922 2.666016 2.744141 2.724609 2.634766 2.646484 2.724609 2.732422 2.728516 2.669922
2.658203 2.669922 2.677734 2.669922 2.642578 2.650391 2.685547 2.685547 2.654297 2.646484 2.650391 2.662109 2.669922 2.650391 2.662109 2.693359 2.685547 2.681641 2.677734 2.669922 2.697266 2.705078 2.712891 2.708984 2.701172 2.705078 2.708984 2.705078 2.677734 2.646484 2.673828 2.701172 2.705078 2.708984 2.701172 2.701172 2.701172 2.685547 2.685547 2.697266 2.701172 2.716797 2.724609 2.681641 2.712891 2.638672 2.681641 2.705078 2.708984 2.705078 2.693359 2.693359 2.662109 2.634766 2.548828 2.529297 2.728516 2.630859 2.556641 2.662109 2.708984 2.712891 2.658203
2.654297 2.666016 2.673828 2.673828 2.638672 2.650391 2.677734 2.681641 2.658203 2.642578 2.650391 2.654297 2.662109 2.638672 2.638672 2.669922 2.685547 2.685547 2.685547 2.677734 2.681641 2.677734 2.697266 2.701172 2.693359 2.693359 2.693359 2.685547 2.662109 2.638672 2.662109 2.681641 2.697266 2.705078 2.701172 2.701172 2.705078 2.689453 2.693359 2.712891 2.712891 2.712891 2.638672 2.580078 2.525391 2.552734 2.591797 2.673828 2.689453 2.701172 2.697266 2.669922 2.611328 2.529297 2.443359 2.505859 2.685547 2.650391 2.544922 2.548828 2.658203 2.669922 2.615234
2.650391 2.658203 2.669922 2.673828 2.630859 2.634766 2.654297 2.662109 2.650391 2.642578 2.646484 2.646484 2.646484 2.642578 2.646484 2.662109 2.669922 2.681641 2.689453 2.673828 2.685547 2.685547 2.685547 2.701172 2.697266 2.669922 2.658203 2.642578 2.642578 2.630859 2.658203 2.681641 2.689453 2.693359 2.701172 2.697266 2.693359 2.697266 2.708984 2.701172 2.697266 2.650391 2.615234 2.576172 2.576172 2.650391 2.658203 2.705078 2.708984 2.685547 2.716797 2.658203 2.560547 2.482422 2.529297 2.599609 2.646484 2.685547 2.666016 2.587891 2.607422 2.701172 2.685547
2.646484 2.650391 2.658203 2.658203 2.619141 2.615234 2.630859 2.638672 2.642578 2.646484 2.650391 2.650391 2.638672 2.638672 2.638672 2.646484 2.650391 2.662109 2.669922 2.677734 2.705078 2.677734 2.685547 2.685547 2.673828 2.642578 2.638672 2.626953 2.646484 2.658203 2.666016 2.669922 2.677734 2.697266 2.708984 2.712891 2.708984 2.708984 2.720703 2.705078 2.673828 2.623047 2.615234 2.630859 2.697266 2.728516 2.732422 2.736328 2.720703 2.732422 2.716797 2.666016 2.630859 2.619141 2.669922 2.708984 2.732422 2.732422 2.724609 2.720703 2.728516 2.724609 2.732422
2.638672 2.634766 2.638672 2.630859 2.615234 2.611328 2.619141 2.630859 2.646484 2.646484 2.650391 2.654297 2.626953 2.626953 2.630859 2.634766 2.634766 2.638672 2.662109 2.677734 2.689453 2.689453 2.681641 2.662109 2.666016 2.654297 2.642578 2.654297 2.673828 2.666016 2.662109 2.669922 2.673828 2.701172 2.705078 2.705078 2.712891 2.724609 2.708984 2.646484 2.603516 2.611328 2.669922 2.705078 2.720703 2.724609 2.728516 2.732422 2.677734 2.693359 2.732422 2.736328 2.732422 2.732422 2.732422 2.732422 2.736328 2.736328 2.736328 2.744141 2.744141 2.744141 2.744141
2.623047 2.615234 2.619141 2.623047 2.630859 2.626953 2.623047 2.630859 2.630859 2.630859 2.638672 2.646484 2.619141 2.619141 2.634766 2.638672 2.638672 2.650391 2.658203 2.666016 2.685547 2.681641 2.673828 2.666016 2.673828 2.677734 2.685547 2.685547 2.685547 2.681641 2.673828 2.681641 2.689453 2.705078 2.701172 2.701172 2.708984 2.701172 2.662109 2.634766 2.626953 2.701172 2.724609 2.720703 2.724609 2.728516 2.728516 2.732422 2.732422 2.736328 2.744141 2.744141 2.736328 2.732422 2.732422 2.732422 2.732422 2.732422 2.744141 2.744141 2.744141 2.744141 2.744141
2.615234 2.603516 2.607422 2.630859 2.638672 2.642578 2.615234 2.611328 2.611328 2.611328 2.615234 2.630859 2.611328 2.630859 2.654297 2.646484 2.634766 2.646484 2.658203 2.673828 2.673828 2.669922 2.669922 2.662109 2.666016 2.701172 2.705078 2.689453 2.673828 2.666016 2.681641 2.697266 2.701172 2.705078 2.705078 2.705078 2.708984 2.701172 2.669922 2.646484 2.677734 2.720703 2.712891 2.712891 2.720703 2.728516 2.732422 2.736328 2.740234 2.744141 2.744141 2.744141 2.736328 2.732422 2.732422 2.732422 2.732422 2.736328 2.744141 2.744141 2.744141 2.744141 2.744141
2.611328 2.591797 2.603516 2.615234 2.619141 2.619141 2.591797 2.587891 2.587891 2.587891 2.583984 2.595703 2.623047 2.630859 2.650391 2.650391 2.615234 2.650391 2.646484 2.646484 2.654297 2.658203 2.650391 2.630859 2.658203 2.673828 2.689453 2.673828 2.662109 2.658203 2.673828 2.685547 2.708984 2.705078 2.705078 2.712891 2.705078 2.705078 2.658203 2.630859 2.697266 2.693359 2.689453 2.697266 2.708984 2.724609 2.732422 2.732422 2.736328 2.744141 2.744141 2.740234 2.736328 2.732422 2.732422 2.732422 2.736328 2.740234 2.744141 2.744141 2.744141 2.744141 2.744141
2.595703 2.591797 2.591797 2.599609 2.595703 2.587891 2.576172 2.572266 2.572266 2.568359 2.576172 2.599609 2.607422 2.611328 2.611328 2.619141 2.634766 2.666016 2.650391 2.634766 2.646484 2.646484 2.638672 2.634766 2.619141 2.662109 2.677734 2.650391 2.650391 2.662109 2.681641 2.689453 2.712891 2.716797 2.716797 2.724609 2.685547 2.646484 2.619141 2.708984 2.697266 2.693359 2.669922 2.677734 2.705078 2.716797 2.724609 2.728516 2.732422 2.736328 2.744141 2.740234 2.736328 2.732422 2.724609 2.720703 2.720703 2.740234 2.744141 2.744141 2.744141 2.744141 2.744141
