py_wake/examples/data/AJ_ParqueFicticio/Rough survey   Sector 8   Height 30m   Power density.grd
DSAA
73  159
 258469   265669
 6501692   6517492
 .000164093   978.4554
[rows 84 to 111 of 159, columns 0 to 62 of 73]
59.10168 56.18448 53.53766 52.02716 49.95715 48.13279 47.56718 46.1146 44.54524 45.1292 45.89345 46.11272 43.78284 41.85776 40.23065 42.60062 43.02632 43.16556 44.33058 48.7501 50.61841 53.55278 55.26059 57.73057 67.52058 90.64848 119.6219 132.4882 141.119 126.4391 114.7842 109.8274 106.2438 104.9291 90.60509 73.31931 57.02787 51.25282 68.68126 87.69817 96.31519 88.23878 84.72179 78.68329 69.93442 66.85142 71.92062 74.1767 79.60989 88.69821 91.63627 89.21691 87.31099 84.77438 78.43057 71.70754 68.89995 64.82623 61.98869 59.79948 51.77622 39.37589 24.28232
54.23133 53.53063 51.54527 48.54392 45.85548 46.71033 45.84258 43.79453 43.01196 43.55869 43.49 42.11763 39.94649 37.35566 41.09617 44.07581 43.07816 40.41203 42.18271 44.84692 45.21848 50.42794 53.4976 60.9924 76.50479 102.5191 122.5412 132.4342 126.9186 108.8259 102.2017 100.4593 90.42693 85.82491 68.81934 61.5006 56.08015 55.09713 75.2686 95.93246 100.4075 94.24971 85.27974 80.10293 76.01051 73.06695 74.47499 75.40417 68.19257 71.33549 74.6833 78.57076 83.64023 85.72269 84.38807 83.56152 81.75603 79.0452 72.74941 63.92912 50.46252 30.08793 14.95364
48.34867 49.04263 47.81644 44.49212 44.75932 45.45224 43.94411 42.11923 42.77656 42.17772 41.10215 39.97103 40.41026 38.81039 40.57244 43.04359 42.76887 42.44728 41.99271 39.14295 40.499 43.25531 47.14262 54.60214 67.69428 85.55846 101.3796 106.0026 96.63285 89.11848 85.4019 81.94594 79.18666 75.04443 64.85336 59.97637 53.99086 59.41455 89.73276 95.89481 94.38223 92.11673 92.11359 92.97242 94.53819 92.80579 87.81619 87.04127 83.04976 84.20934 77.3447 77.73724 85.35345 89.22709 91.43116 94.13619 98.10763 91.25877 75.92908 61.57575 41.1556 19.07682 7.391777
45.91901 45.04205 43.35636 41.81537 42.2096 42.38647 41.16361 42.42727 41.82914 40.87723 39.82635 38.73405 38.57639 38.33352 38.19908 40.10841 41.06362 40.39585 39.64952 38.39397 37.30888 36.29463 38.34716 42.54766 52.44145 66.6997 76.66138 85.45295 81.6824 81.0554 85.56033 88.18443 85.73987 82.47182 74.53222 60.65171 55.04764 78.12408 84.86264 90.69848 92.3188 94.91119 101.3162 110.3429 108.2386 105.0906 100.6523 99.72814 95.41429 87.83611 79.79305 83.9477 96.69799 98.76437 97.7587 106.1754 102.723 87.74923 68.19296 55.12535 29.10701 8.813254 3.695457
43.69916 41.17638 38.20176 39.83192 39.27769 37.59986 37.82839 38.62751 37.44881 37.91848 37.66226 36.21543 35.71706 37.42129 37.81758 36.23658 36.26479 37.27976 37.41156 35.6912 34.54241 34.40149 34.07569 37.29506 42.72206 57.41472 72.37559 91.40753 102.4495 113.7185 107.2157 104.3152 95.09408 90.32954 80.95052 65.82108 67.03731 79.78433 86.83949 91.30957 96.26893 106.747 111.454 109.6248 101.5158 91.86903 92.68735 86.86132 83.03128 72.3139 67.0061 73.66523 92.66453 94.91467 105.2328 97.10477 91.93341 76.0714 60.01186 44.081 17.15569 6.814808 8.767088
40.47828 36.59019 38.0499 38.32274 36.7883 35.76101 35.25648 33.05378 32.617 34.82857 35.01515 34.98809 34.14907 35.2982 35.01073 31.47594 32.23407 33.21935 32.94062 34.00771 33.97876 34.78676 37.89803 47.26944 58.25868 67.17756 92.5977 132.0834 159.375 156.7343 136.3969 114.1153 98.9875 86.64979 74.27567 62.61717 66.87337 89.27544 93.7503 101.1644 109.0445 110.5788 106.5415 88.4218 75.31886 68.39348 65.34517 58.0442 51.75761 47.61255 47.04656 51.74644 49.6466 59.27245 71.45462 81.07891 70.91178 55.99889 43.76044 36.32079 12.50012 9.67638 13.59394
39.14708 38.14693 38.11423 34.80812 34.38195 33.8132 31.63601 31.40883 31.11921 30.73198 32.0366 32.67935 31.95411 32.59203 33.54928 32.26909 29.74825 27.75595 31.02867 31.60839 36.12842 40.05996 49.60308 71.95862 96.96134 111.746 140.8742 183.0844 205.5616 181.09 144.4239 117.983 102.2482 81.56412 65.548 67.081 83.83126 89.01143 101.167 112.5973 116.4746 115.4373 94.90822 76.75078 73.04523 82.13248 82.84756 76.69042 61.71035 47.51253 53.7774 54.20928 51.19625 50.18083 48.94164 53.97131 40.41914 26.89651 24.79841 25.06138 17.60248 13.89847 20.0968
39.97504 37.13639 35.76316 34.01999 31.50784 29.69131 30.77846 30.81616 29.79107 30.54538 30.62943 30.20424 31.53474 31.38712 31.8651 29.8083 27.04949 25.40818 29.41998 34.12384 42.37719 52.52798 69.78263 106.2903 141.967 160.0941 189.7931 219.7507 221.6545 186.2792 147.4299 129.0714 113.9529 97.02238 72.70511 92.11727 92.12672 94.41641 106.8388 124.5265 129.2071 110.3036 94.93373 88.13117 115.7321 131.5683 125.2814 104.0866 78.22972 71.72669 93.80198 99.17875 89.88818 71.71837 50.57877 29.91727 23.6382 22.05992 29.09267 32.75093 27.18311 17.9552 24.54992
37.97835 34.98075 33.3169 30.89594 27.67944 29.77575 30.46712 30.09654 30.91782 30.37997 30.73715 30.82104 30.47401 31.34738 31.59291 27.98542 25.31851 26.47013 34.97348 42.55026 53.24329 74.19895 106.7146 142.2898 181.6147 192.6773 226.8295 250.1739 226.7858 196.5326 163.2538 146.5743 126.5191 89.13416 69.44358 97.13142 108.1378 111.9676 114.5307 128.8404 122.6315 115.5244 112.2743 135.1826 160.3344 155.0872 123.699 101.1493 89.53132 105.7324 136.5308 137.076 131.6284 110.5839 76.85385 48.03166 44.46077 48.40836 59.23262 54.52532 37.62971 19.66202 24.3273
35.53066 32.82382 30.01985 28.43976 28.65654 28.7913 29.76404 29.65156 29.98141 30.92707 30.98873 29.39508 30.19337 30.87661 30.94294 30.14017 28.02157 33.76936 48.65402 62.6555 73.31754 99.29904 134.2473 176.8939 212.2054 217.0908 256.6729 286.4019 256.2292 206.1579 163.69 135.12 104.2581 69.90093 91.9472 108.8323 108.3421 106.6701 119.4008 136.3575 146.6176 156.7475 173.6579 186.5903 173.9686 143.4398 114.793 99.81914 119.6809 137.921 145.8619 145.6939 138.3754 114.9011 103.3755 95.25884 101.3006 106.5651 92.19745 70.21145 39.6477 23.14351 19.87424
32.53374 30.51136 28.28883 26.68989 26.00144 27.97371 28.69006 28.36385 28.83278 30.5061 29.98783 27.82947 28.88957 30.49487 32.60952 33.94596 36.64545 50.36131 75.74084 95.61282 108.4713 117.587 159.6335 208.2876 246.8349 259.6748 283.5731 319.7242 254.5227 191.0097 142.433 110.3475 87.99139 73.2212 90.33669 121.6353 123.7302 130.5441 141.5516 180.8758 184.9505 194.8224 200.959 187.3317 148.5537 118.9426 102.7767 109.826 130.4763 140.2457 138.5712 134.3489 125.4277 118.258 106.389 101.3018 111.5806 98.89905 84.21573 70.58979 45.7193 24.30706 24.71063
28.10447 27.52708 24.97083 25.51435 25.30321 26.16175 27.35858 29.67245 31.00578 30.25531 29.18263 28.15745 29.19529 30.10047 33.75319 37.64204 50.34895 75.84474 103.0898 125.1136 144.001 155.8929 186.2682 243.8269 297.4862 324.6631 338.0057 299.6041 233.903 158.1568 110.4865 88.40623 75.25068 77.96346 111.3164 130.5097 126.3478 140.538 186.3341 201.3826 205.7542 193.1567 184.7644 154.9835 128.3991 109.3304 114.0902 129.3333 132.4089 133.6571 126.2018 125.1426 116.6487 107.5589 98.80409 103.0436 108.4468 93.79196 84.5282 76.02829 56.14699 24.52679 6.500933
25.65118 24.25296 25.78329 26.08309 26.55867 26.16175 27.94645 30.33022 31.15215 29.92929 28.74254 28.88647 30.57223 32.3897 37.68814 48.25741 68.2479 90.00861 120.637 162.1296 189.8015 200.6897 228.1558 290.5598 332.5841 327.6687 280.7491 184.5004 117.4231 82.41759 66.49592 69.11335 88.17633 105.1945 145.4577 157.78 168.3637 209.1886 230.755 235.7383 204.4237 170.4853 143.116 122.0143 116.7851 120.111 131.1964 132.3273 124.5532 118.914 112.6757 104.0116 80.98103 66.8203 83.94998 103.2855 99.41635 93.34541 95.54294 79.88479 60.42486 32.26398 .7156436
22.33618 23.94688 25.0465 27.02943 28.10295 29.06282 29.41961 29.67269 31.25635 30.56722 30.6157 32.13315 32.7286 38.47697 49.47946 65.84028 77.11375 94.90047 142.6979 194.676 220.1094 225.9427 257.0364 319.4386 322.9767 245.3426 136.9196 73.24223 51.10052 50.2084 68.98146 89.56194 113.901 131.9499 176.9825 197.3608 225.9208 247.3256 227.1442 203.5518 164.6492 135.5691 116.2731 105.0446 102.6976 107.7264 98.89694 100.6552 93.43163 88.61115 88.39053 56.14902 35.52073 29.13281 39.08155 43.80262 61.11807 61.76585 68.37867 75.93052 57.98041 35.41555 16.22621
22.77316 23.78915 24.80407 26.78442 26.07531 29.59554 31.48406 29.24894 30.89925 32.68809 34.59025 37.31291 41.79915 54.14035 76.07355 93.68883 97.22091 121.1923 177.3535 225.2954 241.3013 236.0534 285.4404 319.2267 254.8087 156.6674 75.19078 53.8449 67.52161 100.3811 140.1013 156.0948 163.3819 156.2592 187.4833 200.6662 223.6082 213.9418 190.0093 168.2188 141.0854 109.7012 95.81184 91.23428 86.44695 74.98917 58.83167 52.04889 40.17775 44.40871 34.07697 24.68999 22.82311 34.62797 42.21148 42.52738 39.4232 47.53912 51.58895 48.54414 40.15394 25.95288 16.88445
21.39061 22.02639 26.13028 27.90024 27.42264 31.27129 33.64985 31.50902 33.30561 37.35638 41.81344 48.26905 61.25482 87.58644 119.2441 131.1155 140.3221 177.6454 230.8608 276.914 272.154 282.7464 302.5488 290.295 178.2432 89.93717 60.07117 100.4728 168.6803 215.9341 220.5911 205.261 171.399 157.6819 182.8168 186.7062 154.7257 139.4256 140.5635 132.8515 105.171 85.08116 73.6731 60.40146 62.52136 56.7951 41.61303 27.60352 22.38473 17.84279 21.59592 25.19381 38.67754 70.52023 81.60435 91.29319 86.52855 78.43309 59.87223 59.15908 63.73306 50.78058 24.20232
24.28575 27.04256 29.91934 31.95961 32.82245 35.42455 37.32748 40.47459 40.24648 47.51705 57.94288 70.56782 88.42047 119.0687 155.7751 179.9403 212.4179 254.954 284.5205 321.2321 319.5096 325.1284 287.0695 181.5527 95.14074 70.39548 105.9561 192.7832 263.5232 272.2921 236.3782 196.6253 161.5887 151.4773 161.8682 147.2494 116.9074 89.26244 85.62267 90.26553 75.98087 52.24215 46.96266 43.52451 43.09927 37.96989 27.56582 17.61946 18.84131 24.32845 36.54942 55.35759 82.47677 104.8053 122.4688 138.2287 137.5264 130.9344 123.2305 125.3926 126.4435 67.09973 21.15312
30.92967 35.70946 35.24587 36.85543 41.2584 44.16682 48.76218 55.42797 55.53898 64.9476 82.69046 98.0419 128.1497 162.2798 201.9406 246.3933 292.1012 323.4509 346.4882 371.1049 348.454 284.4778 190.7886 105.8332 87.3886 125.0624 219.7318 306.9039 316.9405 266.593 205.8041 165.8207 145.5002 157.2697 162.081 133.9069 110.3136 85.71891 71.43505 51.8406 38.85015 34.11773 31.50772 43.22081 45.73265 46.78378 31.44024 24.26243 44.59557 64.20054 81.60352 101.4385 123.887 147.0999 173.3616 182.2282 174.3155 171.4771 167.0458 160.8517 107.9252 23.61385 12.3526
40.53378 40.72954 40.64783 43.59451 56.4373 64.70547 67.23453 77.2952 82.69382 96.48615 122.8867 146.1007 182.6467 229.3722 271.7588 317.8139 352.3571 378.5366 398.4708 383.4633 304.1502 210.0005 139.2019 114.7212 166.2437 251.8644 331.8376 336.8422 281.6447 212.9111 165.671 146.5409 142.9287 151.2384 140.628 116.4933 96.99656 75.85946 51.86205 38.42051 32.88161 35.38025 46.67902 78.54749 80.03724 58.53337 41.50996 62.43557 82.57384 96.53995 114.6566 137.1979 165.9236 194.7809 209.6342 193.5767 173.8643 159.7026 142.2964 108.7671 41.3936 .0008618082 38.35167
49.991 48.88808 49.45385 58.59467 79.75144 83.53625 83.90234 98.3235 119.9067 144.8063 177.7963 207.3263 242.373 317.1212 362.0032 401.9378 406.6509 411.4326 406.8645 359.2555 276.9696 209.9991 185.9058 211.5075 284.7683 340.9749 329.3447 257.366 180.1876 142.0172 130.0616 129.662 135.0591 128.7601 111.5681 88.48043 72.92861 58.82608 40.7725 35.63714 52.77889 74.66956 110.3658 114.9527 89.60104 61.53165 57.89366 86.65847 104.9187 121.7815 137.7424 168.7552 191.4515 191.2405 177.8507 144.9096 131.948 118.9169 101.0684 72.98269 32.19972 .3298459 .2145267
50.66383 56.45607 67.37644 85.52366 101.0922 92.98421 96.79591 119.2818 137.723 162.2716 202.2966 247.8321 316.446 398.1657 458.9154 510.7739 491.6792 456.96 446.0881 407.6845 353.5558 327.1374 310.8318 347.8979 373.7492 333.986 260.1781 184.109 140.4349 130.5035 135.2389 134.9091 129.042 116.2022 103.9756 88.39508 70.16156 48.47757 38.31696 49.9979 84.14316 110.223 110.3759 86.68995 58.03855 55.60847 72.52847 109.4879 130.553 147.413 175.0672 202.8769 205.1186 178.2739 143.9838 135.9778 139.0146 130.6647 109.4453 83.77763 52.075 36.6509 2.062694
48.44356 60.37879 75.95342 91.75932 97.67625 90.2947 107.1276 138.4721 154.2609 176.6258 216.6731 283.6898 387.5723 465.3301 559.3961 598.8803 580.1284 536.0857 530.9443 498.2635 484.6557 459.9229 420.9926 415.8858 370.7738 277.7318 216.938 177.9655 168.6892 175.9146 178.4304 161.0051 133.8165 120.3226 115.1618 92.03924 61.33317 41.25205 47.15736 62.98561 84.41291 97.87268 81.40576 63.9412 54.43167 75.04015 105.984 137.4225 161.3324 193.2209 233.1585 261.3155 252.7855 227.2736 204.6239 216.2154 206.5638 169.3 126.0629 97.16982 62.47577 40.09145 1.644926
54.23615 60.17904 72.09795 84.51363 86.53896 94.96568 114.953 145.0876 168.5761 205.4958 257.5629 343.0349 444.4256 535.7994 612.4263 635.9838 590.6899 590.1044 527.4689 492.4874 507.8495 461.8354 409.0302 344.3561 311.7926 254.3671 239.3736 223.6883 228.8012 238.0887 219.4027 172.828 131.9162 113.7845 94.46066 65.7795 42.24123 38.87146 52.39841 66.59116 82.61657 77.03908 72.51897 72.57428 91.23719 135.7326 165.7924 160.2542 195.2724 237.9641 300.3952 363.8677 376.9893 371.601 343.5212 319.1389 247.4616 167.2393 116.4532 92.529 54.47263 .4814447 .6496835
72.22613 73.06696 77.39544 86.81065 96.86517 120.4152 156.5948 182.2944 213.6602 264.1887 333.969 421.9934 509.7761 574.3539 577.3821 601.2266 549.8771 530.7905 495.3312 472.0804 441.6755 397.4863 309.7804 286.7596 300.953 312.9158 294.7353 292.21 307.3275 289.1486 225.8669 164.6303 124.4734 96.16106 74.07903 52.00431 36.91822 40.44744 60.35391 72.76633 82.62463 90.41502 104.9303 133.9352 170.6259 229.326 247.4519 224.8452 225.1804 275.5107 331.4761 412.499 475.6936 456.9871 391.6793 298.5911 198.8961 126.3327 93.41322 81.29517 48.48233 .1619842 .04771516
98.67353 104.9406 113.5442 120.5495 132.8423 162.4063 201.523 244.6408 278.4698 315.3257 379.7319 482.6417 550.8125 551.2606 519.1843 453.2794 404.2744 413.7383 395.0527 375.7102 392.9928 363.6494 284.7758 266.4093 313.8729 318.5695 323.3333 337.6709 370.1515 323.4104 236.8903 174.2023 125.9379 95.42627 70.05405 48.52943 37.13729 53.22885 71.80147 90.07252 108.8555 140.7106 182.2184 244.3016 283.662 325.7038 334.1629 293.5167 276.6831 316.2321 391.7102 426.0366 457.9088 364.9346 259.7529 187.1841 125.1817 93.40524 79.81342 74.04897 45.23508 .08261361 .002891539
142.7654 156.1971 165.1128 189.1718 198.2957 209.7307 240.7278 279.0756 293.0844 327.9318 394.5429 483.8835 516.5781 460.0296 374.7078 308.714 288.9018 308.2846 304.5374 311.235 333.8165 322.69 238.3 249.0128 295.5348 308.3298 345.2517 417.7614 407.8681 339.8616 233.5484 157.0359 102.6637 67.4853 50.62286 39.92015 40.74151 69.53161 97.29907 132.4145 167.4054 220.4508 290.7463 368.3829 399.7141 400.0883 366.591 328.1391 327.8366 379.3428 443.2458 435.6503 384.571 250.5979 152.0312 106.6943 85.28386 75.47617 74.47929 75.66985 43.30693 34.39721 .005211054
200.5545 212.7814 210.2617 227.9008 228.3217 229.7838 250.2949 261.585 290.4784 325.5421 392.1249 449.9886 420.7054 358.9863 283.6437 248.1449 229.5746 209.4623 224.5121 260.3945 275.5878 271.3959 215.0798 202.3977 238.8801 293.7584 392.0296 434.6026 406.3839 269.7975 147.9743 80.60672 51.66259 39.49501 41.45946 42.47528 53.54259 92.82103 137.6805 188.4288 239.2963 320.1988 392.9346 443.6707 410.847 379.4037 320.2917 287.3191 303.2958 376.7774 447.7116 458.5122 308.4913 180.7177 106.8204 74.25935 61.801 60.83654 62.93862 61.14886 26.80827 19.69422 .02202882
231.3997 222.5121 209.0063 216.3245 219.3978 220.4748 230.8388 242.1007 288.8595 346.4641 398.5944 449.0703 401.6228 345.7147 317.5179 258.8089 205.048 188.2754 208.0395 224.5762 232.7339 235.4326 204.2517 197.8338 254.3163 341.2257 416.808 449.3324 295.3429 168.8775 94.24416 61.81688 46.86959 47.29407 52.42329 57.99952 69.91411 118.6976 184.0637 251.8654 314.262 403.8005 440.4437 435.2189 373.4139 318.1453 270.5042 237.4035 276.4211 360.5553 400.3903 325.7146 199.7331 114.6183 75.46616 59.85334 53.6873 54.14682 57.72683 48.69422 16.40035 23.32257 25.45388
