py_wake/examples/data/AJ_ParqueFicticio/Rough survey   Sector 3   Height 30m   Weibull-k.grd
DSAA
73  159
 258469   265669
 6501692   6517492
 .8183594   2.744141
[rows 28 to 55 of 159, columns 0 to 62 of 73]
2.638672 2.638672 2.638672 2.638672 2.638672 2.638672 2.638672 2.638672 2.638672 2.638672 2.638672 2.638672 2.638672 2.634766 2.638672 2.638672 2.634766 2.630859 2.630859 2.626953 2.630859 2.634766 2.626953 2.630859 2.634766 2.638672 2.638672 2.638672 2.638672 2.638672 2.626953 2.619141 2.615234 2.634766 2.638672 2.638672 2.638672 2.638672 2.634766 2.638672 2.638672 2.638672 2.638672 2.615234 2.583984 2.576172 2.576172 2.541016 2.447266 2.388672 2.404297 2.423828 2.349609 2.322266 2.384766 2.396484 2.240234 2.251953 2.314453 2.419922 2.548828 2.603516 2.638672
2.638672 2.638672 2.638672 2.638672 2.638672 2.638672 2.638672 2.638672 2.638672 2.638672 2.638672 2.638672 2.638672 2.638672 2.638672 2.638672 2.638672 2.634766 2.634766 2.630859 2.638672 2.638672 2.638672 2.634766 2.638672 2.638672 2.638672 2.638672 2.638672 2.638672 2.638672 2.638672 2.638672 2.638672 2.638672 2.638672 2.638672 2.638672 2.638672 2.638672 2.638672 2.638672 2.638672 2.638672 2.626953 2.630859 2.638672 2.638672 2.630859 2.587891 2.556641 2.494141 2.412109 2.357422 2.396484 2.384766 2.263672 2.263672 2.361328 2.513672 2.634766 2.638672 2.638672
2.638672 2.638672 2.638672 2.638672 2.638672 2.638672 2.638672 2.638672 2.638672 2.638672 2.638672 2.638672 2.638672 2.638672 2.638672 2.638672 2.638672 2.638672 2.634766 2.634766 2.638672 2.638672 2.638672 2.638672 2.638672 2.638672 2.638672 2.638672 2.638672 2.638672 2.638672 2.638672 2.638672 2.638672 2.638672 2.638672 2.638672 2.638672 2.638672 2.638672 2.638672 2.638672 2.638672 2.638672 2.638672 2.638672 2.638672 2.638672 2.638672 2.638672 2.638672 2.623047 2.529297 2.439453 2.419922 2.404297 2.291016 2.275391 2.427734 2.556641 2.638672 2.638672 2.638672
2.638672 2.638672 2.638672 2.638672 2.638672 2.638672 2.638672 2.638672 2.638672 2.638672 2.638672 2.638672 2.638672 2.638672 2.638672 2.638672 2.638672 2.634766 2.630859 2.638672 2.638672 2.638672 2.638672 2.638672 2.638672 2.638672 2.638672 2.638672 2.638672 2.638672 2.638672 2.638672 2.638672 2.638672 2.638672 2.638672 2.638672 2.638672 2.638672 2.638672 2.638672 2.638672 2.638672 2.638672 2.638672 2.638672 2.638672 2.638672 2.638672 2.638672 2.638672 2.626953 2.583984 2.498047 2.396484 2.341797 2.302734 2.353516 2.431641 2.537109 2.638672 2.638672 2.638672
2.638672 2.638672 2.638672 2.638672 2.638672 2.638672 2.638672 2.638672 2.638672 2.638672 2.638672 2.638672 2.638672 2.638672 2.638672 2.638672 2.638672 2.634766 2.634766 2.638672 2.638672 2.638672 2.638672 2.638672 2.638672 2.638672 2.638672 2.638672 2.638672 2.638672 2.638672 2.638672 2.638672 2.638672 2.638672 2.638672 2.638672 2.638672 2.638672 2.638672 2.638672 2.638672 2.638672 2.638672 2.638672 2.638672 2.638672 2.638672 2.603516 2.552734 2.517578 2.486328 2.458984 2.388672 2.294922 2.244141 2.240234 2.318359 2.408203 2.564453 2.638672 2.638672 2.607422
2.638672 2.638672 2.638672 2.638672 2.638672 2.638672 2.638672 2.638672 2.638672 2.638672 2.638672 2.638672 2.638672 2.638672 2.638672 2.638672 2.638672 2.630859 2.638672 2.638672 2.638672 2.638672 2.638672 2.638672 2.638672 2.638672 2.638672 2.638672 2.638672 2.638672 2.638672 2.638672 2.638672 2.638672 2.638672 2.638672 2.638672 2.638672 2.638672 2.638672 2.638672 2.638672 2.638672 2.638672 2.638672 2.638672 2.638672 2.634766 2.591797 2.486328 2.373047 2.294922 2.271484 2.255859 2.185547 2.150391 2.169922 2.259766 2.416016 2.603516 2.638672 2.544922 2.474609
2.638672 2.638672 2.638672 2.638672 2.638672 2.638672 2.638672 2.638672 2.638672 2.638672 2.638672 2.638672 2.638672 2.638672 2.638672 2.638672 2.638672 2.630859 2.638672 2.638672 2.638672 2.638672 2.638672 2.638672 2.638672 2.638672 2.638672 2.638672 2.638672 2.638672 2.638672 2.638672 2.638672 2.638672 2.638672 2.638672 2.638672 2.638672 2.638672 2.638672 2.638672 2.638672 2.634766 2.619141 2.603516 2.638672 2.638672 2.623047 2.615234 2.580078 2.517578 2.404297 2.314453 2.255859 2.197266 2.123047 2.158203 2.353516 2.552734 2.638672 2.556641 2.548828 2.427734
2.638672 2.638672 2.638672 2.638672 2.638672 2.638672 2.638672 2.638672 2.638672 2.638672 2.638672 2.638672 2.638672 2.638672 2.638672 2.638672 2.638672 2.630859 2.638672 2.638672 2.638672 2.638672 2.638672 2.638672 2.638672 2.638672 2.638672 2.638672 2.638672 2.638672 2.638672 2.638672 2.638672 2.638672 2.638672 2.638672 2.638672 2.638672 2.638672 2.638672 2.638672 2.615234 2.544922 2.564453 2.541016 2.556641 2.568359 2.638672 2.638672 2.638672 2.638672 2.603516 2.544922 2.466797 2.345703 2.255859 2.291016 2.466797 2.638672 2.638672 2.638672 2.541016 2.443359
2.638672 2.638672 2.638672 2.638672 2.638672 2.638672 2.638672 2.638672 2.638672 2.638672 2.638672 2.638672 2.638672 2.638672 2.638672 2.634766 2.630859 2.619141 2.638672 2.638672 2.638672 2.638672 2.638672 2.638672 2.638672 2.638672 2.638672 2.638672 2.638672 2.638672 2.638672 2.638672 2.638672 2.638672 2.638672 2.638672 2.638672 2.638672 2.638672 2.638672 2.638672 2.638672 2.576172 2.544922 2.498047 2.615234 2.623047 2.541016 2.537109 2.537109 2.541016 2.638672 2.603516 2.544922 2.451172 2.345703 2.353516 2.505859 2.638672 2.638672 2.568359 2.544922 2.529297
2.638672 2.638672 2.638672 2.638672 2.638672 2.638672 2.638672 2.638672 2.634766 2.634766 2.634766 2.634766 2.638672 2.638672 2.638672 2.634766 2.626953 2.619141 2.615234 2.634766 2.638672 2.638672 2.638672 2.638672 2.638672 2.638672 2.638672 2.638672 2.638672 2.638672 2.638672 2.638672 2.638672 2.638672 2.638672 2.638672 2.638672 2.638672 2.638672 2.638672 2.638672 2.638672 2.638672 2.599609 2.583984 2.583984 2.669922 2.626953 2.556641 2.533203 2.552734 2.615234 2.560547 2.501953 2.423828 2.349609 2.365234 2.521484 2.638672 2.544922 2.572266 2.580078 2.583984
2.638672 2.638672 2.638672 2.638672 2.634766 2.630859 2.634766 2.634766 2.634766 2.634766 2.630859 2.626953 2.630859 2.638672 2.638672 2.634766 2.630859 2.623047 2.615234 2.623047 2.638672 2.638672 2.638672 2.638672 2.638672 2.638672 2.638672 2.638672 2.638672 2.638672 2.638672 2.638672 2.638672 2.638672 2.638672 2.638672 2.638672 2.638672 2.638672 2.638672 2.638672 2.638672 2.638672 2.638672 2.623047 2.533203 2.634766 2.607422 2.541016 2.416016 2.462891 2.419922 2.369141 2.357422 2.322266 2.275391 2.333984 2.537109 2.537109 2.630859 2.666016 2.626953 2.603516
2.638672 2.634766 2.634766 2.630859 2.630859 2.626953 2.638672 2.634766 2.630859 2.630859 2.630859 2.626953 2.638672 2.638672 2.638672 2.638672 2.634766 2.630859 2.630859 2.638672 2.638672 2.638672 2.638672 2.638672 2.638672 2.638672 2.638672 2.638672 2.638672 2.638672 2.638672 2.638672 2.638672 2.638672 2.638672 2.638672 2.615234 2.568359 2.603516 2.638672 2.638672 2.638672 2.638672 2.638672 2.638672 2.638672 2.564453 2.576172 2.583984 2.509766 2.447266 2.455078 2.416016 2.380859 2.361328 2.337891 2.376953 2.552734 2.568359 2.673828 2.681641 2.669922 2.611328
2.638672 2.638672 2.630859 2.630859 2.634766 2.638672 2.638672 2.634766 2.626953 2.626953 2.630859 2.634766 2.638672 2.638672 2.638672 2.638672 2.638672 2.638672 2.638672 2.638672 2.638672 2.638672 2.638672 2.638672 2.638672 2.638672 2.638672 2.638672 2.638672 2.638672 2.638672 2.638672 2.638672 2.638672 2.638672 2.638672 2.556641 2.552734 2.556641 2.552734 2.548828 2.544922 2.552734 2.638672 2.638672 2.638672 2.552734 2.583984 2.583984 2.607422 2.560547 2.529297 2.501953 2.482422 2.517578 2.435547 2.443359 2.552734 2.580078 2.673828 2.689453 2.677734 2.619141
2.638672 2.634766 2.630859 2.626953 2.630859 2.630859 2.638672 2.630859 2.623047 2.623047 2.623047 2.619141 2.638672 2.638672 2.638672 2.638672 2.638672 2.638672 2.638672 2.638672 2.638672 2.638672 2.638672 2.638672 2.638672 2.638672 2.638672 2.638672 2.638672 2.638672 2.638672 2.638672 2.638672 2.638672 2.638672 2.599609 2.544922 2.599609 2.638672 2.642578 2.626953 2.607422 2.583984 2.541016 2.583984 2.556641 2.583984 2.630859 2.626953 2.630859 2.626953 2.595703 2.556641 2.529297 2.552734 2.509766 2.482422 2.529297 2.505859 2.623047 2.666016 2.658203 2.619141
2.638672 2.630859 2.623047 2.615234 2.615234 2.626953 2.634766 2.626953 2.619141 2.619141 2.615234 2.611328 2.611328 2.630859 2.638672 2.634766 2.638672 2.638672 2.638672 2.638672 2.638672 2.638672 2.638672 2.638672 2.638672 2.638672 2.638672 2.638672 2.638672 2.638672 2.638672 2.638672 2.638672 2.638672 2.603516 2.560547 2.544922 2.642578 2.681641 2.673828 2.654297 2.619141 2.599609 2.552734 2.541016 2.537109 2.572266 2.615234 2.568359 2.572266 2.580078 2.572266 2.541016 2.533203 2.568359 2.482422 2.439453 2.486328 2.447266 2.513672 2.595703 2.646484 2.626953
2.638672 2.626953 2.619141 2.603516 2.603516 2.615234 2.634766 2.623047 2.615234 2.611328 2.611328 2.607422 2.619141 2.634766 2.634766 2.634766 2.634766 2.634766 2.638672 2.638672 2.638672 2.638672 2.638672 2.638672 2.638672 2.638672 2.638672 2.638672 2.638672 2.638672 2.638672 2.638672 2.603516 2.587891 2.572266 2.544922 2.548828 2.611328 2.673828 2.669922 2.642578 2.591797 2.580078 2.548828 2.533203 2.544922 2.638672 2.583984 2.548828 2.537109 2.529297 2.521484 2.548828 2.455078 2.388672 2.341797 2.392578 2.455078 2.501953 2.494141 2.498047 2.548828 2.576172
2.638672 2.630859 2.623047 2.607422 2.615234 2.619141 2.626953 2.619141 2.619141 2.615234 2.615234 2.630859 2.638672 2.638672 2.634766 2.634766 2.630859 2.630859 2.634766 2.638672 2.638672 2.638672 2.634766 2.634766 2.638672 2.638672 2.638672 2.638672 2.630859 2.607422 2.623047 2.615234 2.568359 2.564453 2.568359 2.541016 2.544922 2.568359 2.630859 2.638672 2.634766 2.572266 2.537109 2.486328 2.501953 2.376953 2.345703 2.412109 2.427734 2.392578 2.376953 2.361328 2.330078 2.314453 2.326172 2.314453 2.349609 2.373047 2.521484 2.568359 2.587891 2.591797 2.451172
2.634766 2.630859 2.626953 2.611328 2.619141 2.634766 2.638672 2.623047 2.619141 2.623047 2.626953 2.638672 2.638672 2.638672 2.638672 2.630859 2.626953 2.626953 2.630859 2.638672 2.638672 2.634766 2.623047 2.615234 2.634766 2.638672 2.638672 2.638672 2.587891 2.587891 2.595703 2.572266 2.556641 2.548828 2.580078 2.544922 2.541016 2.560547 2.576172 2.580078 2.607422 2.564453 2.474609 2.517578 2.392578 2.361328 2.455078 2.537109 2.498047 2.498047 2.482422 2.455078 2.451172 2.400391 2.322266 2.275391 2.294922 2.353516 2.494141 2.568359 2.611328 2.638672 2.634766
2.634766 2.630859 2.626953 2.623047 2.623047 2.630859 2.630859 2.615234 2.607422 2.615234 2.623047 2.634766 2.638672 2.638672 2.634766 2.626953 2.626953 2.626953 2.630859 2.638672 2.638672 2.626953 2.619141 2.611328 2.634766 2.638672 2.638672 2.638672 2.619141 2.583984 2.595703 2.572266 2.548828 2.537109 2.556641 2.544922 2.537109 2.560547 2.564453 2.560547 2.572266 2.556641 2.533203 2.576172 2.564453 2.533203 2.544922 2.556641 2.544922 2.533203 2.556641 2.544922 2.455078 2.431641 2.400391 2.345703 2.419922 2.404297 2.427734 2.466797 2.572266 2.638672 2.638672
2.630859 2.626953 2.623047 2.619141 2.619141 2.619141 2.619141 2.607422 2.591797 2.591797 2.599609 2.630859 2.638672 2.638672 2.634766 2.626953 2.626953 2.630859 2.634766 2.638672 2.630859 2.619141 2.619141 2.638672 2.638672 2.638672 2.634766 2.630859 2.634766 2.638672 2.587891 2.580078 2.556641 2.533203 2.537109 2.533203 2.537109 2.564453 2.591797 2.576172 2.583984 2.599609 2.603516 2.599609 2.587891 2.564453 2.560547 2.537109 2.607422 2.623047 2.607422 2.494141 2.478516 2.474609 2.439453 2.392578 2.486328 2.466797 2.486328 2.439453 2.435547 2.482422 2.568359
2.630859 2.623047 2.619141 2.619141 2.611328 2.611328 2.611328 2.603516 2.587891 2.599609 2.619141 2.623047 2.638672 2.638672 2.630859 2.623047 2.619141 2.623047 2.630859 2.638672 2.623047 2.615234 2.611328 2.603516 2.630859 2.638672 2.619141 2.619141 2.623047 2.634766 2.583984 2.580078 2.572266 2.533203 2.533203 2.529297 2.544922 2.568359 2.611328 2.603516 2.603516 2.615234 2.619141 2.599609 2.560547 2.533203 2.603516 2.552734 2.529297 2.521484 2.427734 2.474609 2.470703 2.458984 2.408203 2.412109 2.521484 2.544922 2.599609 2.544922 2.470703 2.419922 2.373047
2.623047 2.615234 2.611328 2.615234 2.611328 2.611328 2.607422 2.595703 2.591797 2.595703 2.611328 2.619141 2.623047 2.630859 2.623047 2.615234 2.615234 2.611328 2.611328 2.630859 2.615234 2.607422 2.599609 2.591797 2.587891 2.611328 2.603516 2.603516 2.607422 2.611328 2.568359 2.533203 2.544922 2.533203 2.529297 2.529297 2.541016 2.556641 2.595703 2.599609 2.603516 2.583984 2.568359 2.533203 2.474609 2.525391 2.533203 2.556641 2.525391 2.494141 2.501953 2.482422 2.462891 2.396484 2.337891 2.384766 2.470703 2.498047 2.599609 2.623047 2.533203 2.509766 2.408203
2.623047 2.615234 2.611328 2.626953 2.619141 2.611328 2.603516 2.591797 2.599609 2.603516 2.615234 2.626953 2.630859 2.638672 2.623047 2.615234 2.615234 2.607422 2.615234 2.634766 2.615234 2.603516 2.599609 2.603516 2.615234 2.615234 2.595703 2.587891 2.591797 2.591797 2.576172 2.509766 2.509766 2.537109 2.498047 2.509766 2.537109 2.544922 2.572266 2.587891 2.583984 2.568359 2.529297 2.525391 2.509766 2.529297 2.513672 2.541016 2.564453 2.568359 2.486328 2.416016 2.423828 2.369141 2.408203 2.357422 2.376953 2.423828 2.552734 2.595703 2.583984 2.556641 2.587891
2.623047 2.619141 2.615234 2.623047 2.615234 2.611328 2.599609 2.599609 2.603516 2.615234 2.626953 2.638672 2.638672 2.638672 2.630859 2.623047 2.626953 2.630859 2.638672 2.634766 2.615234 2.603516 2.607422 2.619141 2.623047 2.611328 2.591797 2.591797 2.599609 2.583984 2.560547 2.552734 2.486328 2.505859 2.439453 2.435547 2.498047 2.494141 2.525391 2.583984 2.568359 2.591797 2.564453 2.568359 2.576172 2.580078 2.591797 2.595703 2.576172 2.505859 2.388672 2.310547 2.330078 2.376953 2.423828 2.302734 2.302734 2.330078 2.462891 2.552734 2.544922 2.552734 2.595703
2.619141 2.615234 2.611328 2.615234 2.611328 2.607422 2.599609 2.599609 2.607422 2.615234 2.630859 2.638672 2.638672 2.638672 2.630859 2.619141 2.623047 2.630859 2.623047 2.626953 2.619141 2.607422 2.623047 2.634766 2.626953 2.615234 2.615234 2.623047 2.607422 2.580078 2.552734 2.564453 2.572266 2.525391 2.482422 2.412109 2.380859 2.431641 2.474609 2.478516 2.517578 2.626953 2.599609 2.607422 2.619141 2.611328 2.599609 2.587891 2.517578 2.439453 2.341797 2.306641 2.298828 2.419922 2.490234 2.341797 2.279297 2.287109 2.423828 2.490234 2.517578 2.474609 2.486328
2.611328 2.607422 2.611328 2.611328 2.607422 2.603516 2.599609 2.603516 2.611328 2.619141 2.626953 2.634766 2.638672 2.634766 2.626953 2.615234 2.615234 2.630859 2.626953 2.623047 2.630859 2.638672 2.638672 2.638672 2.634766 2.623047 2.630859 2.630859 2.611328 2.576172 2.560547 2.572266 2.595703 2.564453 2.513672 2.498047 2.419922 2.447266 2.494141 2.482422 2.443359 2.529297 2.599609 2.619141 2.619141 2.591797 2.544922 2.525391 2.466797 2.416016 2.341797 2.392578 2.384766 2.431641 2.490234 2.357422 2.279297 2.298828 2.455078 2.501953 2.564453 2.474609 2.326172
2.607422 2.607422 2.615234 2.611328 2.607422 2.599609 2.607422 2.611328 2.615234 2.623047 2.626953 2.630859 2.630859 2.630859 2.634766 2.630859 2.638672 2.638672 2.630859 2.619141 2.623047 2.630859 2.626953 2.634766 2.634766 2.626953 2.634766 2.638672 2.619141 2.576172 2.541016 2.541016 2.599609 2.580078 2.587891 2.552734 2.474609 2.552734 2.626953 2.568359 2.568359 2.564453 2.595703 2.626953 2.611328 2.548828 2.537109 2.552734 2.474609 2.423828 2.341797 2.349609 2.349609 2.470703 2.521484 2.447266 2.298828 2.310547 2.474609 2.533203 2.537109 2.568359 2.369141
2.607422 2.615234 2.615234 2.607422 2.599609 2.599609 2.611328 2.615234 2.619141 2.619141 2.623047 2.626953 2.623047 2.623047 2.634766 2.634766 2.638672 2.638672 2.626953 2.607422 2.607422 2.626953 2.626953 2.630859 2.630859 2.626953 2.634766 2.638672 2.638672 2.591797 2.556641 2.583984 2.533203 2.533203 2.533203 2.537109 2.529297 2.568359 2.662109 2.654297 2.595703 2.611328 2.626953 2.654297 2.662109 2.580078 2.552734 2.572266 2.478516 2.373047 2.388672 2.283203 2.302734 2.498047 2.583984 2.474609 2.224609 2.240234 2.419922 2.611328 2.541016 2.638672 2.349609
