py_wake/examples/data/AJ_ParqueFicticio/Rough survey   Sector 10   Height 30m   Orographic turn.grd
DSAA
73  159
 258469   265669
 6501692   6517492
-177.1106   169.0513
[rows 108 to 134 of 159, columns 0 to 60 of 73]
3.693899 -1.745052 -3.716691 -4.233011 -3.290904 -.4924214 .5644894 -2.540263 -7.21578 -9.03134 -9.133521 -10.88083 -13.75137 -15.47603 -18.2643 -19.09268 -22.33357 -16.56286 -8.28293 -3.590674 -2.941777 -3.215486 -1.676754 2.547054 3.797783 4.884597 5.593051 4.938985 .7804961 -.6025319 .2990364 .2125715 2.038573 4.238492 7.788714 11.50368 16.47846 11.31947 5.671532 1.294147 -2.61462 -5.279007 -9.413315 -16.1828 -21.20915 -19.72771 -19.45228 -21.64037 -24.85848 -17.6724 -12.33085 -10.11563 -10.21404 -9.440523 -6.802598 -1.24963 3.89492 4.402486 2.221969 -.2541508 -5.03341
5.428653 .9445016 -3.171932 -4.230247 -5.460826 -4.695015 -3.050086 -3.433155 -6.168283 -9.393981 -10.23403 -10.94237 -12.49535 -15.35308 -16.32447 -17.12493 -19.15152 -21.30169 -13.93178 -7.174444 -4.276576 -4.020573 -1.738269 -.8849285 3.284169 4.732629 4.874162 2.486592 3.308793 3.437896 5.216049 7.133105 9.190664 12.62627 14.16628 16.32115 17.13551 10.1533 5.556316 1.425937 -3.995561 -7.939047 -12.57728 -19.06311 -26.49965 -25.69121 -24.38221 -24.42408 -22.25754 -16.48531 -12.60528 -10.77597 -9.090435 -6.948815 -3.573169 2.038378 6.57758 6.753895 3.402422 -.388404 .8844119
4.345596 2.541869 -1.209096 -3.292272 -4.365813 -5.539741 -5.299021 -4.203959 -5.792342 -8.999212 -10.60976 -11.29395 -10.97315 -12.21479 -14.47176 -16.86176 -18.64665 -20.8365 -18.89649 -12.79182 -7.381634 -4.700919 -3.485695 -2.46802 .7989854 1.611832 -.08578224 1.718999 3.719529 9.356796 14.63589 17.98191 19.95814 19.64509 16.27995 14.75419 11.79229 6.904427 3.747297 .4864605 -4.599951 -10.01496 -14.44564 -19.66336 -26.78158 -29.97425 -28.56331 -28.99016 -25.69401 -15.40444 -10.26391 -10.14358 -5.260196 -1.122516 2.70321 5.949742 7.984926 7.150481 2.907503 -2.479225 3.485829
2.695656 3.394528 1.553867 -.6605819 -1.870404 -4.140807 -5.073062 -4.843055 -6.363469 -8.892735 -10.06988 -10.62318 -9.881187 -10.90827 -12.2889 -14.41953 -15.39499 -15.4143 -21.92957 -21.33593 -14.57475 -7.805881 -4.802222 -3.601161 -2.215485 -3.953727 -3.236612 -2.278356 5.419586 15.31567 24.76003 28.71584 26.36361 21.71265 16.54346 10.91118 5.733898 2.014295 .1807679 -1.676985 -5.121643 -10.57951 -14.74859 -19.56896 -24.74271 -28.92889 -30.86315 -32.6909 -33.03271 -20.00284 -10.65622 -5.856187 -.293668 5.373465 9.460142 11.33247 11.58343 9.298235 4.866465 -.6164702 1.303306
3.134761 4.541318 3.794751 1.368929 -.4201879 -2.266062 -4.256036 -5.743098 -7.606945 -8.857373 -9.713579 -10.0367 -9.885098 -10.70566 -10.63887 -9.855145 -9.439137 -12.48572 -17.65755 -25.07882 -22.13256 -15.43995 -10.92815 -8.347053 -5.886865 -5.512157 -6.13695 -1.187799 8.069277 18.57595 27.91282 31.32771 30.67276 24.1439 18.15745 11.78549 2.190621 -3.219891 -4.180809 -4.491805 -6.454664 -9.280883 -13.5745 -17.65571 -20.83771 -25.29394 -28.95894 -33.60608 -36.00312 -25.32429 -12.43252 -2.960178 4.065254 9.509101 12.22753 12.38157 11.68216 10.67485 8.772079 7.53033 -8.406783
6.84 6.099272 4.575786 2.07211 .4469039 -.8248745 -3.255256 -6.085087 -7.79731 -8.413334 -9.074769 -9.918534 -9.904467 -10.38233 -8.07324 -4.960386 -6.573281 -11.20661 -14.06769 -20.63329 -26.38059 -24.65425 -21.79695 -17.32786 -10.13699 -5.86309 -3.718261 .8402701 9.601918 18.94482 27.67131 29.38893 27.85319 27.09167 23.18571 15.73979 4.246973 -5.316681 -7.466288 -7.578928 -7.850688 -8.868169 -11.15968 -14.1948 -16.38158 -20.99919 -25.50091 -29.21452 -32.59668 -28.0551 -15.81573 -3.679699 4.984221 10.10418 12.60229 10.43697 10.33096 9.650506 11.74419 13.77342 7.773508
10.7631 7.130638 5.108271 3.160817 1.21148 -.6652298 -3.040484 -5.604825 -6.608811 -7.317815 -9.073881 -9.059963 -9.015012 -7.760898 -4.03779 -2.509773 -5.643248 -8.871495 -11.75276 -14.60709 -22.31042 -31.06258 -33.86587 -28.56554 -14.61472 -6.292752 -1.740721 3.219705 11.24527 19.24497 22.35582 22.364 22.63829 23.7952 23.42216 19.17017 8.696486 -3.809695 -9.309051 -10.30623 -9.225606 -7.586356 -7.664408 -8.664016 -11.94076 -16.2739 -20.73325 -24.6482 -25.88947 -23.90891 -15.26716 -6.083987 2.629672 8.230533 8.96957 8.664167 8.639135 9.154767 11.36454 14.34747 15.76488
10.80976 7.796839 6.058424 4.223226 1.882424 -1.025861 -3.246975 -4.533653 -5.224503 -6.877004 -8.806338 -7.27303 -6.405276 -3.793736 -1.524334 -3.485506 -7.241124 -6.980564 -8.361256 -11.13621 -16.02395 -24.32046 -35.56559 -37.04754 -21.82874 -7.816852 -.9960936 5.336684 15.51761 16.25766 13.99357 13.9126 16.27163 19.58172 19.90013 15.45478 7.327466 -2.94655 -10.38712 -11.94568 -8.829559 -5.701018 -3.084113 -2.249518 -5.448669 -9.120514 -13.53746 -18.07203 -19.25743 -16.50057 -11.71581 -5.01185 1.484882 4.292019 5.751163 6.704884 6.848689 7.938868 9.237297 11.99309 11.77817
9.371885 7.464469 6.547563 4.880371 1.828439 -1.10989 -2.88153 -3.810706 -5.571723 -6.638836 -7.755717 -6.90788 -3.685147 -.9608505 -1.879122 -6.147973 -8.040585 -6.830975 -6.615467 -8.26458 -11.02757 -14.03589 -23.55892 -35.44233 -29.78508 -12.35584 -1.894684 6.664097 12.63285 10.80573 8.878767 9.326364 13.92227 14.78606 11.23465 6.354101 .8176132 -4.368261 -11.14603 -12.69251 -10.70901 -4.524109 .6632698 2.987313 3.181827 .7377507 -3.045413 -7.394012 -10.31037 -9.334036 -5.246861 -1.710075 .4255799 2.063533 4.552308 5.270362 5.953432 6.004189 6.603517 9.65099 10.66749
6.562676 6.272743 5.908162 4.641587 1.417984 -.982987 -2.76281 -4.973361 -7.458429 -8.69787 -8.825822 -5.866676 -3.164331 -.7619861 -1.649797 -6.143363 -8.513686 -7.999611 -7.799765 -7.664817 -6.915613 -5.095473 -5.549672 -16.75255 -27.97374 -20.50957 -4.858253 8.131873 9.645174 3.368804 3.296066 8.55387 11.98313 5.37831 1.317082 -.123514 -2.69386 -7.845402 -11.11916 -14.21384 -10.15678 -3.424088 2.978345 5.128795 7.206149 8.01514 6.162625 4.595445 2.574105 .991645 1.852281 3.026785 2.746476 4.14468 3.903372 5.138683 5.386018 4.611891 4.508735 6.993351 7.504418
3.548517 4.355683 4.061409 2.083058 -.5923755 -2.776662 -4.599999 -6.718074 -8.961377 -10.31442 -9.172076 -7.972817 -4.835865 -2.409616 -2.014358 -3.789745 -6.903907 -8.830599 -7.823906 -6.826838 -5.111326 -2.042271 3.707291 3.836575 -9.563599 -20.36359 -11.44745 -2.052054 3.435956 -.2042281 .8912959 4.096161 2.940291 -1.9716 -2.201349 -1.55926 -3.560964 -6.969551 -11.85373 -15.0191 -11.09419 -3.108086 4.494107 6.031614 6.967638 9.586358 11.37611 12.67831 11.44267 9.028598 7.452095 6.232285 5.263089 6.470549 5.384445 6.264403 4.977309 5.109728 3.244815 1.328182 9.767057
1.810374 1.370338 .3321211 -1.833407 -4.070152 -5.852722 -7.506639 -8.396979 -9.201303 -10.39143 -10.66035 -9.718143 -6.823737 -4.311288 -1.836169 -1.166419 -3.254076 -5.179777 -5.931512 -5.341843 -4.678666 -2.677528 4.511123 7.738243 4.457736 -4.68813 -14.89772 -13.21522 -8.469219 -2.441529 1.418237 4.192512 -2.396717 -3.325676 -1.220111 -2.884291 -4.461092 -5.50046 -8.104054 -13.71309 -14.24161 -5.508832 4.397205 7.185415 7.382636 8.188232 11.99377 14.6181 14.22568 12.17281 8.571294 6.412539 7.092566 6.932673 7.002693 7.06951 5.679173 5.738826 6.580955 9.58543 16.25937
-1.2966 -2.807214 -4.698328 -6.375123 -7.744252 -9.029366 -10.62804 -11.32259 -10.06738 -8.235589 -6.798617 -9.379896 -9.34281 -8.464902 -5.627062 -1.917497 -.3375865 .4157325 -.843114 -2.106518 -3.947557 -5.90803 -5.120462 2.301398 3.531536 4.131551 -3.701476 -15.39409 -13.32994 -4.673113 3.849273 -1.145291 -2.870773 -.1100985 -.1525087 -4.154332 -5.728734 -5.341885 -5.048665 -7.234765 -12.08944 -10.63716 -1.120974 6.56089 10.24252 11.57706 13.24634 13.99587 13.43176 11.19595 8.04325 5.642055 6.823057 6.895429 7.140278 5.920735 6.370957 5.182697 14.47415 26.10407 27.997
-3.434064 -6.070081 -7.743398 -9.190033 -10.78387 -12.05187 -13.33323 -14.10973 -12.0254 -4.852692 -1.040068 -3.399078 -7.050767 -9.169971 -10.95686 -6.79916 -.9532215 2.467984 4.055035 3.193318 .4026365 -4.346859 -8.098428 -7.643469 -.6500131 4.239659 3.753972 -5.88065 -14.82197 -8.975579 -1.229692 -2.020755 -.242339 2.242654 -1.64957 -6.169298 -8.274904 -6.973644 -3.152997 -1.023379 -3.717672 -7.639929 -4.94915 3.674197 10.93416 14.09556 14.84124 14.13014 12.17784 9.435976 5.378773 4.415862 3.921601 5.84173 5.710963 8.267766 7.679347 14.88169 32.69487 36.53449 29.62437
-1.652188 -5.34422 -9.142354 -11.03148 -12.91785 -15.36724 -15.1629 -16.53015 -13.83149 -4.986826 1.58396 3.862097 .453391 -6.077418 -9.109565 -8.894022 -4.124884 -.4015435 2.841734 5.070139 4.4072 1.7483 -5.570908 -7.313533 -5.54813 .248029 -.4871942 .3809788 -8.484958 -11.06526 -9.613508 -2.009036 3.165802 2.076579 -5.731946 -9.458183 -9.189679 -8.233964 -3.397904 2.143359 4.333066 1.229754 -1.475034 1.8227 7.963757 11.92029 13.20508 13.7927 12.8393 9.559563 7.451448 4.415975 4.095659 3.808621 6.76587 9.351579 14.32438 29.08184 40.29844 35.96704 23.48457
.06394417 -4.210588 -9.027706 -12.16377 -14.57701 -16.44159 -17.82218 -16.68711 -15.32261 -8.419925 1.061104 4.540856 5.576983 2.788961 -.978618 -3.280233 -3.420707 -.9258736 2.100381 4.908211 6.067575 3.7429 -3.043834 -7.840134 -5.854394 -4.503633 -2.248661 -2.663079 -5.876986 -11.66426 -12.60338 -2.919272 -.6287032 -5.458048 -8.880814 -9.304722 -8.510457 -6.129965 -2.863534 2.309127 8.254136 10.59758 6.908493 4.555447 5.730346 6.786569 9.943733 10.64812 11.67653 11.70292 10.15497 8.223613 6.69222 7.029406 10.68746 16.35166 22.25058 35.77116 34.69126 22.13926 13.50329
-.1313026 -4.279839 -8.556275 -11.69568 -14.37469 -16.18795 -17.26164 -16.67178 -16.94417 -14.21625 -3.697194 2.095215 5.151931 5.671606 4.950095 4.486988 4.933077 4.051414 4.147867 3.014867 3.845995 1.890418 -2.479243 -7.959794 -6.009844 -1.501544 -2.381627 -4.955981 -11.31747 -17.87923 -19.1125 -7.732184 -7.705067 -9.655806 -9.457775 -8.142858 -6.24354 -2.725201 .3598288 2.698785 7.78721 11.69778 11.45153 7.722759 5.600969 6.193696 5.523639 5.573374 7.281099 10.95599 11.70635 10.70881 10.57964 14.87268 21.84251 28.37644 33.9868 24.773 15.88963 8.630766 9.202936
-2.886216 -5.002298 -7.580262 -10.75477 -13.17526 -13.40205 -12.8915 -13.36254 -17.52459 -19.54402 -10.90689 -2.91682 2.405226 3.511598 5.033665 5.228039 7.482715 9.441793 10.18249 5.774244 3.198626 1.735821 .4826496 .6067513 1.058207 2.412361 2.07971 -4.681637 -10.63523 -21.31471 -30.67624 -20.73315 -12.69755 -9.741828 -8.229063 -6.652983 -3.550352 .2831963 2.90225 5.784749 7.935405 9.074411 10.06913 9.937598 8.35867 6.899297 6.497059 3.330855 1.073916 5.353438 9.689595 13.21293 19.18161 29.415 33.79057 29.58978 27.58508 18.54703 3.466096 -5.565042 1.488769
-5.896821 -7.440826 -8.465691 -10.16669 -11.17112 -9.560921 -7.636252 -9.373244 -15.68934 -22.63249 -18.26528 -9.188822 -2.920324 .772428 3.456574 3.091968 4.210736 9.41163 7.817844 5.967524 5.071084 4.481271 6.726446 10.76548 9.645414 5.247551 -.3727518 -3.281574 -7.918587 -18.59832 -33.41827 -29.32055 -15.80892 -11.59792 -8.583236 -5.560386 -.8702332 2.804656 4.599396 7.08242 9.503326 9.641657 8.84785 8.19943 8.785249 8.51394 7.761728 6.912581 3.012058 .181107 6.509201 17.59013 34.31658 36.385 30.98045 26.9995 23.13369 9.885434 -6.739871 -13.41249 -9.022672
-7.675627 -8.935899 -9.889404 -9.222883 -8.697947 -6.915515 -4.418096 -4.809032 -9.084812 -17.94472 -20.34432 -17.3019 -7.78755 -.3652208 3.125312 .7933364 -1.490777 -.2128061 3.578369 4.661503 6.787516 8.398946 12.4365 16.20031 12.69978 4.884739 -1.845483 -5.383019 -4.891956 -9.751999 -28.68503 -25.41845 -16.15465 -12.60251 -9.581111 -5.044227 .5653643 4.824087 7.757419 9.866792 11.02809 10.31389 9.188826 8.439671 8.062581 7.581238 8.075493 9.021806 9.79107 4.135055 7.287433 31.09574 37.10085 36.71378 30.83702 24.20909 10.96609 -2.805071 -6.268088 -15.93029 -17.00378
-10.64375 -11.14409 -9.92273 -9.495661 -8.09859 -4.848783 -2.94405 -2.282447 -3.803596 -8.040007 -16.77923 -20.00345 -12.89129 -2.931375 2.035453 .8516572 -3.302518 -7.114407 -2.530976 2.589731 7.757041 10.51546 14.48816 18.55309 13.81299 5.912132 -1.574441 -4.225199 -3.52703 -5.383438 -16.88297 -28.83502 -17.8739 -13.40425 -8.6039 -3.95739 1.821526 7.494961 11.4355 13.17806 11.01009 9.013955 9.095602 8.34763 7.822237 6.988009 6.47439 7.193718 9.635497 12.56601 16.20737 37.49437 43.76324 37.07061 23.21282 13.16059 3.943555 -.3895039 -3.133343 -12.22199 -17.99127
-15.31406 -15.31791 -13.26711 -10.34907 -5.788716 -1.037157 -.07111028 -.2355411 -1.102793 -4.093145 -9.142738 -15.79533 -17.58777 -9.613213 -1.621944 1.709616 -.3800143 -6.697226 -6.848473 -.770106 5.870055 9.262426 14.82664 18.62695 14.89975 9.168159 3.0561 -1.085878 -3.386783 -5.205161 -17.42568 -25.49782 -20.09875 -13.48847 -7.289309 -1.889457 4.279144 10.66176 13.61424 14.83311 11.02803 8.985885 7.957827 7.662099 5.742421 6.365455 4.960601 4.042305 6.579162 11.63358 26.80281 46.49031 52.23026 24.62333 14.84437 8.180627 6.800351 7.546806 5.008694 -2.501505 -15.80036
-18.70247 -18.50615 -15.74201 -11.22388 -4.627171 2.644277 2.953774 2.840561 .6809567 -2.943944 -6.758879 -13.27519 -18.83306 -17.8965 -6.837009 1.435864 3.157377 -2.272003 -6.549825 -3.375153 2.239159 6.492665 13.5393 14.72763 14.17659 11.23801 9.145576 4.191864 -1.31104 -6.204361 -12.74018 -22.18758 -20.63986 -17.40601 -8.319057 -.7608867 6.66489 10.6298 12.75944 13.17169 11.3622 9.485185 8.16361 5.567154 3.400753 2.88908 2.07066 2.080142 3.759353 11.92685 35.71035 43.82405 45.10187 12.88542 9.154463 9.391847 10.09058 10.75634 9.710674 4.303055 -9.873523
-20.77803 -20.35544 -15.6077 -10.64036 -4.475263 -.1600669 4.084668 6.245891 3.59754 .1393892 -4.264613 -9.594439 -17.53262 -21.90105 -12.85164 -1.223912 3.411949 3.122118 -1.645282 -3.433896 -1.603845 3.520405 10.30398 9.830366 11.06974 11.25876 9.988917 7.427137 2.446784 -.9496461 -3.979489 -13.34924 -17.12681 -17.79154 -12.37327 -4.440237 3.275755 8.498526 11.07362 11.9451 13.69958 11.61701 10.68404 8.130194 4.59953 -.5642405 -1.087304 -.3950857 2.338472 15.84055 37.76597 38.41611 17.89544 5.876029 7.685141 10.27311 11.0763 9.934051 11.88923 10.00606 .7797073
-20.92861 -20.74845 -15.40186 -9.70942 -4.04976 -1.739908 4.040265 5.177061 4.166746 1.922471 -2.400811 -5.72364 -9.679381 -18.16791 -17.25486 -6.290058 1.993965 3.657761 4.977077 1.080637 -.0970978 1.814544 6.515194 7.842137 7.63482 7.484375 6.477996 5.331444 2.772096 3.056389 3.13211 .7205555 -6.735661 -10.32515 -15.2356 -9.572064 -3.834371 1.720654 7.194188 11.26819 12.62781 11.9432 11.26893 9.713265 6.286414 4.807855 2.4828 .008404371 2.827074 25.66946 21.31692 15.92443 5.052227 5.566658 7.068191 10.2871 10.49575 10.62538 11.5145 10.89719 7.65361
-20.54252 -21.266 -17.03006 -9.359567 -3.262191 -1.583223 1.069184 3.27872 3.815538 2.358634 -.9504701 -3.899915 -6.0983 -10.50783 -15.8415 -12.0422 -2.036034 3.83814 7.384508 6.739718 2.700224 3.453793 5.779262 5.466761 4.472344 2.723197 2.584649 1.143536 2.23961 3.249776 3.757351 2.661531 1.924462 .4648295 -5.25196 -10.64541 -7.909866 -1.76254 3.592711 9.236472 10.30639 10.89727 9.095078 6.953247 7.170744 7.139883 7.256912 7.272978 9.787638 17.11391 9.812543 -1.541686 -8.649058 3.172945 6.604236 7.540244 9.395642 12.29244 12.68625 11.60731 9.540248
-16.49751 -19.97426 -18.58826 -9.286753 -4.106691 -3.953956 -2.539267 1.067332 3.329619 3.590807 3.877637 .6208417 -3.662571 -7.344522 -11.40993 -13.34397 -5.086589 2.111702 6.87803 7.864656 6.861434 4.756989 5.854368 4.476186 3.49672 -.5799742 -1.415542 -1.328097 1.761146 2.636169 1.236237 .2216163 3.886854 3.99871 3.696102 -1.048926 -2.772493 -2.08878 1.321996 6.312958 9.024606 8.47447 5.978935 5.250212 6.191371 7.587152 9.690705 12.58062 18.88854 13.3485 4.801912 -1.898139 -12.31229 -8.857513 1.11926 4.248055 6.218555 9.056563 10.28891 12.3251 12.77943
