py_wake/examples/data/AJ_ParqueFicticio/Rough survey   Sector 5   Height 200m   Power density.grd
DSAA
73  159
 258469   265669
 6501692   6517492
 236.2846   1634.063
[rows 112 to 139 of 159, columns 0 to 62 of 73]
1116.887 1122.978 1110.367 1101.762 1107.743 1119.635 1131.624 1145.538 1160.583 1170.734 1178.895 1181.19 1138.972 1055.049 961.0616 868.4533 802.7222 761.2631 710.1868 662.4099 639.9226 654.4347 677.3301 746.1994 871.4638 996.3275 1065.114 1089.963 1094.99 1085.02 1073.06 1053.786 1015.817 963.5223 901.9036 845.2227 816.7689 842.6876 910.954 971.3369 991.8292 945.4532 832.4769 691.9279 574.382 490.0738 438.6353 414.9595 423.8916 483.4639 569.0256 639.5567 659.368 638.9932 605.668 574.1795 546.9694 515.0856 470.8352 408.285 341.0983 297.0403 275.4874
1174.791 1180.083 1174.096 1166.95 1175.913 1189.104 1204.866 1214.028 1221.267 1228.747 1235.143 1227.765 1179.687 1093.245 996.9026 918.0529 868.1922 828.1723 758.987 675.2109 609.2413 585.3143 598.5601 664.0303 787.2955 919.9773 987.4409 1000.063 998.2832 999.9601 1005.114 1033.07 1057.619 1040.454 1003.877 956.6908 917.9432 915.7742 954.9883 1010.301 1042.121 1012.309 898.4214 750.9954 622.6717 526.6052 464.6233 428.4647 420.8086 455.1881 520.7997 584.1558 613.196 610.9308 590.8804 568.8762 548.0355 523.1048 488.1702 434.8744 368.6542 315.955 285.4738
1240.458 1240.85 1236.272 1234.057 1238.548 1256.81 1276.335 1283.97 1286.368 1288.722 1289.914 1278.093 1219.01 1127.696 1036.597 970.1582 942.935 905.3234 824.7089 721.8776 629.5564 562.9535 543.0028 587.317 697.4297 825.7183 905.0031 917.0537 912.2102 915.4806 928.4893 969.0004 1025.323 1060.841 1076.845 1066.426 1035.815 1012.635 1019.39 1049.555 1087.75 1074.816 974.4642 830.8415 696.7352 589.8171 514.9735 464.8996 444.1397 453.6717 492.2252 539.2695 568.8691 581.3815 573.9493 559.4583 542.3901 522.5688 496.493 457.52 406.8897 351.8175 312.5251
1285.152 1291.538 1291.642 1292.774 1303.202 1320.386 1337.005 1345.584 1344.704 1340.077 1339.217 1319.37 1258.446 1170.112 1081.466 1027.578 1007.374 978.5282 902.0757 798.4695 696.9044 602.9125 539.2501 536.8459 615.7261 726.322 811.9557 833.6 834.3903 836.0104 852.8247 891.0776 952.9792 1011.116 1073.009 1124.127 1132.44 1107.786 1080.53 1084.906 1116.271 1116.842 1045.525 922.6962 791.4813 678.6674 587.8998 522.5179 486.0243 478.007 492.5378 517.4838 539.4388 553.2005 555.903 548.3761 534.5267 516.9096 496.1567 467.9399 432.3796 388.8985 349.1407
1284.498 1302.317 1317.496 1332.494 1346.272 1366.305 1376.671 1378.332 1378.157 1376.904 1369.815 1340.048 1286.278 1200.804 1129.53 1082.021 1063.918 1038.902 974.5203 884.9809 785.9836 685.7358 596.9155 545.7573 565.6108 646.7784 721.246 755.5447 761.1068 772.0838 792.9162 821.2761 874.4286 950.2139 1035.575 1120.888 1174.664 1170.818 1125.583 1091.075 1096.373 1110.268 1073.465 984.9783 877.3756 767.4313 670.7187 590.7049 536.8361 510.7115 510.2397 520.584 530.6343 536.8461 541.2991 536.8511 525.862 508.6619 490.39 468.8238 445.4371 413.3241 382.8522
1230.546 1265.665 1298.012 1326.112 1348.76 1367.788 1379.672 1381.685 1379.338 1376.033 1358.28 1327.069 1274.121 1212.837 1168.044 1134.455 1108.011 1073.686 1016.297 936.4296 851.6626 767.7619 686.2135 613.6289 578.7004 597.3474 649.3654 686.4406 704.1293 726.3182 741.0714 762.134 821.605 905.1763 996.1054 1097.794 1179.287 1182.746 1118.563 1048.32 1032.281 1045.802 1039.834 988.0743 907.5845 822.6224 735.0616 652.4055 588.8267 550.3911 534.8585 535.7209 537.9337 537.7739 535.0099 529.7705 520.318 502.1686 480.6794 461.5493 448.4915 429.3035 406.0795
1142.695 1186.057 1225.431 1264.256 1299.361 1330.722 1350.37 1358.852 1358.879 1340.931 1304.681 1267.486 1221.757 1181.377 1172.926 1167.966 1132.304 1080.952 1016.285 944.3735 866.2366 801.5099 754.8896 699.3008 639.7799 597.7757 598.6472 621.6162 658.6462 688.0557 698.8136 716.5108 781.9524 862.1292 950.6465 1070.113 1171.614 1185.795 1100.452 995.7119 943.6268 949.8393 965.5555 947.111 890.8808 829.6161 761.2565 690.057 628.4118 582.6155 559.9982 553.3517 550.9988 548.8761 542.1108 535.0701 522.5169 506.085 481.3051 457.0912 445.0172 435.6124 421.4088
1053.074 1097.143 1144.902 1194.164 1241.836 1278.06 1303.767 1323.723 1329.324 1300.458 1250.792 1201.244 1155.685 1129.045 1139.714 1165.222 1151.183 1096.382 1019.669 937.106 856.5394 791.8191 758.5912 741.1697 700.368 641.1496 593.985 584.1048 613.3465 645.9308 658.5809 685.8745 749.1188 824.3345 915.2669 1038.099 1150.931 1180.433 1092.769 961.4946 867.667 853.8414 879.6691 892.9458 855.9301 805.9991 757.4855 702.724 648.8452 603.6616 573.1558 563 560.1558 556.2413 551.4645 544.9327 532.088 515.0005 491.0546 467.1291 450.739 445.8196 438.3755
1021.599 1055.065 1097.298 1146.822 1190.624 1226.362 1250.933 1270.933 1284.906 1275.562 1233.872 1164.045 1098.609 1070.562 1084.955 1126.118 1145.395 1113.072 1037.715 945.2623 850.5584 770.6395 728.3654 730.3077 719.9585 675.1627 618.8245 576.6774 576.8462 601.6772 621.201 659.075 725.8868 797.0877 896.0392 1022.041 1122.659 1167.214 1095.96 964.2991 839.8246 783.3455 797.7081 832.7789 824.2758 788.0378 744.9059 700.8977 655.8303 613.4017 579.8256 562.5962 557.4542 556.6837 552.8381 546.552 535.0694 515.8853 497.0331 480.7618 468.4306 461.3139 459.3738
1044.03 1060.585 1089.387 1125.584 1159.532 1184.351 1202.561 1202.923 1207.703 1239.267 1245.237 1179.194 1097.72 1039.47 1034.202 1063.214 1094.489 1094.437 1051.381 973.8087 875.1251 775.9861 711.0524 696.728 698.4957 677.0858 638.1011 591.051 558.8774 562.5255 585.152 633.434 703.1947 780.0161 893.1858 1006.865 1101.959 1138.897 1092.25 981.853 852.2316 764.0717 745.0626 773.6962 786.9532 770.8066 740.8316 704.0134 664.5898 625.8599 590.4202 564.6155 553.1607 550.6321 547.6131 544.8381 532.4373 514.4309 498.6386 491.7395 486.7051 482.9703 481.0609
1103.596 1105.852 1114.281 1134.225 1149.34 1154.806 1155.758 1130.389 1121.252 1166.798 1230.297 1224.515 1157.526 1086.608 1040.708 1029.807 1045.666 1051.222 1032.159 985.6287 906.6713 805.5244 721.7606 680.2394 668.2793 657.7709 637.1546 606.1451 562.4805 538.0157 553.5928 605.4415 680.2931 780.4391 896.6739 1006.203 1090.101 1100.938 1066.041 983.2886 877.9005 780.5286 731.8837 732.9802 743.5245 742.5643 728.5656 705.7843 675.5057 641.6893 608.6001 576.0546 556.2662 546.0502 542.1904 537.1101 526.0694 509.5191 498.5903 499.2322 501.081 502.5759 503.1175
1170.055 1174.753 1172.892 1170.088 1162.761 1146.901 1111.772 1060.685 1029.389 1063.57 1157.202 1217.044 1217.223 1173.275 1118.041 1072.327 1055.935 1044.115 1023.263 984.72 926.7577 841.0969 751.212 689.6501 659.7694 643.5693 626.5903 603.1054 562.5938 525.9041 525.6572 576.0697 662.8334 777.6759 902.5923 1011.171 1075.687 1072.238 1027.201 955.545 878.6763 804.3904 747.7297 722.2776 714.4916 708.0214 700.6157 687.1304 672.6617 652.6793 625.1929 596.028 571.2632 552.5338 542.7191 533.3044 516.6009 503.9243 494.2897 498.0491 510.2083 516.7311 517.7311
1220.528 1243.496 1241.147 1228.068 1203.641 1163.562 1086.419 1005.577 940.2723 949.4859 1038.439 1131.264 1197.012 1213.76 1191.812 1153.923 1127.721 1103.675 1070.714 1028.222 972.7342 895.5516 810.5509 729.4509 682.3032 660.4293 637.4935 609.2822 559.6548 510.215 496.5919 548.2951 644.452 768.5008 901.9338 1006.551 1058.272 1052.086 997.9191 922.5199 857.6501 806.7657 768.0037 736.0166 712.8798 694.6343 676.9323 661.5135 647.3875 641.5508 627.5825 604.9259 583.9832 564.6438 551.595 538.9702 516.2211 499.5774 483.5663 486.9337 505.7023 522.157 526.9378
1226.266 1278.884 1299.957 1288.072 1250.176 1187.606 1096.272 986.3917 884.3966 853.4489 913.2901 1005.996 1102.184 1165.193 1184.191 1171.134 1159.694 1155.617 1134.726 1094.359 1037.834 968.3185 883.7596 798.176 731.149 700.4236 682.8224 648.8802 586.2066 512.6227 477.924 517.3892 617.3851 750.3448 883.2656 987.0792 1037.909 1033.164 979.3049 904.1904 838.8975 792.7201 766.0661 745.749 724.0098 698.7929 676.2991 649.0855 621.9088 611.3671 604.5184 595.3024 581.7949 571.0291 560.7854 547.9443 529.4786 508.1753 483.4743 471.3552 486.8974 514.8637 529.3599
1207.326 1277.533 1318.862 1324.677 1291.147 1224.68 1135.955 1009.793 881.8536 803.2196 813.3818 881.4152 979.0629 1065.908 1114.052 1120.922 1113.702 1124.913 1139.648 1127.521 1080.508 1020.252 946.8504 867.4019 800.0587 758.7592 739.4412 703.0956 631.4645 539.0729 480.4567 498.6216 588.7914 720.9149 850.6897 952.3977 1008.995 1015.726 966.2227 891.7629 832.2095 789.3127 758.9023 740.4037 719.7294 700.2968 681.8121 656.9285 616.8784 583.4916 573.2007 570.7571 573.8069 576.5453 573.256 566.9579 552.9437 528.3427 493.6626 461.3649 464.5484 495.1815 520.8361
1164.359 1248.146 1309.219 1333.665 1304.838 1253.027 1181.046 1065.463 928.1071 812.8026 763.4883 787.2235 864.7184 957.9573 1027.407 1049.37 1034.673 1044.729 1073.798 1084.379 1066.754 1028.318 971.3012 914.6515 865.5604 826.347 792.7166 748.2407 674.5323 573.8188 498.2295 496.7007 575.9262 695.0362 808.8353 902.8591 964.3798 988.2185 953.7095 884.1648 825.0322 786.9193 762.991 740.1875 716.3381 693.8329 676.7205 662.1953 628.3958 581.9504 547.8327 543.387 558.9318 583.104 598.6567 599.5836 585.8354 560.7447 517.1643 463.9226 448.4579 473.3477 499.1697
1096.563 1188.858 1260.153 1294.502 1287.002 1255.931 1211.507 1118.409 989.3352 862.062 769.4518 738.9221 775.9506 858.4763 946.5898 992.2317 971.0176 958.7856 982.3277 1004.1 1010.427 996.2654 961.6512 931.1578 911.8878 885.1539 841.7349 781.8521 704.5353 606.7246 518.6977 501.3224 565.4451 663.2147 760.7844 843.7325 908.8923 947.3033 935.1614 880.3148 821.8541 778.8273 754.5779 737.2145 717.5384 690.9533 666.1683 650.5516 631.4593 588.3974 541.4758 523.7573 549.2848 593.8411 628.7231 637.032 630.4961 608.4523 555.0917 483.4498 445.3273 454.0137 473.3918
1023.774 1106.369 1176.011 1217.909 1240.813 1245.43 1225.4 1153.054 1036.168 913.0755 805.1586 732.1304 720.9675 776.3514 872.3979 948.9638 946.502 910.2453 900.0231 915.8108 931.8546 939.9349 928.7792 921.2137 939.9565 945.9703 904.9489 829.04 735.8592 635.1606 542.6733 511.4388 550.1585 621.0001 701.7783 779.2628 844.2552 895.5322 908.3394 872.95 826.1999 781.3824 751.3618 727.7604 709.4526 686.5251 659.1766 630.3454 609.5399 574.8959 532.0833 512.0041 538.1856 596.5109 650.8541 671.4608 674.7487 661.6097 609.101 529.4934 467.1355 444.4026 453.2104
980.6986 1032.623 1083.354 1125.614 1166.015 1212.629 1240.238 1192.486 1091.427 970.4317 853.8854 756.6329 702.9438 720.3467 801.0838 896.1019 937.5718 904.4582 859.8933 846.4702 858.9697 876.8262 877.7757 893.6848 944.4823 986.7382 975.2654 903.9133 797.5172 684.3777 588.7103 537.3288 544.5525 584.3879 646.1046 714.5714 778.4457 839.7435 877.6508 875.2186 839.3906 794.7772 764.2706 735.7288 706.1309 676.0585 648.0657 615.7214 580.3666 547.5668 512.3369 497.0714 526.1992 590.4479 655.4921 691.321 705.7961 707.069 671.0538 597.4497 519.6569 469.156 449.152
960.8307 974.9038 1002.673 1041.757 1084.575 1153.311 1234.841 1241.046 1169.591 1057.924 933.1933 813.422 727.4576 694.229 742.5668 839.2503 918.2109 917.8328 865.5068 821.154 806.4744 818.9037 827.479 850.4214 920.9615 988.6356 1024.869 983.3975 883.69 767.3937 663.6223 602.9471 576.9152 579.2189 608.0572 658.2037 717.7407 782.5945 841.7803 867.2869 853.6197 823.7747 796.6735 770.4747 736.0164 689.3823 644.3159 601.001 556.2758 514.2454 485.4442 478.6404 510.1209 575.2303 643.1082 690.0692 717.6006 736.8142 725.5257 670.9122 588.1711 516.754 474.1186
948.7984 923.23 930.9871 966.5955 1008.875 1085.294 1188.142 1242.204 1225.425 1134.348 1012.754 885.0619 776.3006 706.5821 707.1675 783.2183 874.9249 913.5972 884.7742 827.5406 786.1517 780.4808 785.1888 812.5368 880.1777 965.8808 1027.589 1027.388 938.2596 837.8546 748.1327 690.8815 657.0114 629.4026 611.9604 623.4856 668.6205 727.6888 788.7535 836.8439 851.0573 843.1632 823.0275 803.1414 770.6396 721.8322 666.4431 601.3416 536.7479 487.3761 461.791 457.1927 489.5002 551.9707 619.1294 671.3431 710.3992 745.0718 758.4089 733.4502 662.126 583.538 525.1284
947.1089 883.1142 864.5717 896.2507 941.7965 1022.01 1126.219 1207.245 1235.975 1182.448 1074.603 944.9557 826.7948 739.074 699.9753 737.2711 816.9302 872.7032 879.364 840.242 789.6147 764.703 760.2923 784.8052 849.2033 929.0038 988.9571 997.8943 941.7906 861.8184 786.9413 753.724 735.1224 702.0656 661.5174 635.3024 642.3162 681.497 736.0181 789.548 820.2491 825.015 817.6851 810.0004 787.0436 745.6574 689.847 619.6359 538.7532 476.8812 447.6634 437.2167 454.1924 509.0464 578.793 634.6633 683.1302 731.3627 767.7574 774.0479 726.4008 656.857 593.5016
968.5106 867.3386 818.9568 836.1607 885.1525 968.165 1067.157 1160.055 1223.481 1220.928 1147.282 1021.253 890.7997 784.4233 717.4843 714.1819 764.1625 815.3772 843.7187 834.4493 796.3018 762.4374 748.1465 766.777 825.6963 891.0261 946.5936 951.4559 913.8714 852.7562 792.9977 766.2769 763.3066 749.897 712.3092 671.2282 648.3207 658.2799 695.312 747.6686 788.0067 799.7234 796.8765 791.1976 777.5806 743.2217 696.5136 634.0557 555.5059 482.4811 445.3141 428.3402 426.8919 461.3884 526.3224 586.084 636.0236 692.4955 745.9111 784.3515 774.7976 727.1706 669.6254
1007.646 884.0748 802.9419 796.2308 852.1016 931.1666 1012.765 1090.874 1166.475 1201.818 1180.398 1099.347 980.3561 860.8405 767.7892 723.3409 736.3818 769.7042 800.8429 808.2084 791.0289 765.1158 747.7305 764.3471 821.0767 883.5072 920.0457 907.9744 876.7676 833.2585 790.9106 762.3307 754.2505 754.4005 735.4058 699.2755 669.5814 660.5298 676.3716 717.2148 758.0102 780.3967 778.935 770.5167 757.605 732.4086 694.6111 640.9891 572.1987 501.4624 454.4449 428.7985 416.2402 427.7695 473.0685 526.526 579.1682 634.9017 698.6746 757.2419 787.7512 775.0926 736.0914
1042.504 918.5876 816.2966 783.0993 834.1794 908.4904 968.5364 1027.506 1088.257 1126.316 1138.027 1115.154 1045.825 948.1448 853.6611 780.3151 748.1664 749.5182 768.7704 776.3166 770.0993 759.0797 746.6731 770.9509 833.1143 899.3962 924.8463 885.5618 839.0025 804.8151 782.6277 764.4974 746.6898 741.5236 734.6452 712.9781 685.3209 669.2577 670.4736 698.9974 738.8808 768.6978 772.5289 758.3286 741.4123 719.5121 687.3213 644.5609 588.3414 527.9334 475.5413 439.9391 417.1042 413.2614 433.9019 471.7448 518.4015 570.9304 633.1974 703.8364 764.3323 789.3721 778.5363
1050.163 945.2377 840.3369 788.0499 825.9764 893.3463 947.2646 994.2287 1031.325 1049.253 1060.274 1064.087 1040.648 980.2174 914.618 852.5399 796.525 767.0806 757.6225 754.7968 745.8137 740.1958 734.9739 768.9156 841.4172 917.4297 942.7175 887.4505 821.8927 775.7533 760.9423 758.4937 749.4187 734.561 724.4045 712.0195 693.0906 676.3696 669.1682 686.9894 725.7192 759.299 768.119 759.0145 741.099 717.1486 686.2772 659.4886 616.2337 561.4234 507.8292 463.9734 431.2747 414.7829 415.2558 430.3001 460.5269 502.3438 557.676 629.9031 708.498 767.3644 790.8903
1027.361 944.4833 855.9651 800.6549 826.1119 886.2432 943.4063 981.9464 1003.701 1005.581 995.6622 990.6251 986.5394 957.1758 921.5605 890.2797 848.5989 810.1224 782.3639 754.675 729.0123 719.2114 714.5066 753.5467 836.9421 920.7676 951.6923 902.4858 826.2997 761.8627 738.472 740.8105 748.4674 740.1018 727.8024 710.8438 694.8033 678.8422 667.1354 671.1012 706.0266 740.088 752.7859 750.8334 741.4313 723.382 690.3447 666.5161 632.3389 583.5032 538.6834 500.4439 461.3335 431.7662 416.4668 415.7494 425.8661 446.3569 484.7189 546.2291 629.4651 708.8007 765.6621
988.7885 922.4955 859.0215 814.0263 834.3094 889.3467 948.2225 977.9801 996.2162 1005.472 980.9719 949.6016 936.2331 917.6498 896.3889 885.2936 867.6715 846.7734 831.4022 793.5718 741.7725 708.171 699.4424 736.5359 817.601 908.2065 954.2591 918.708 839.963 769.5024 731.8563 723.155 735.4129 740.8935 733.0063 719.6866 705.4741 689.3375 672.4692 663.8962 685.77 712.5825 726.5196 731.6018 728.7248 714.9657 686.3821 661.9768 633.1866 592.9795 559.6365 536.1672 505.623 468.2003 441.4315 427.3887 424.3654 423.4962 432.123 471.3744 543.6813 631.8694 709.1756
