py_wake/examples/data/AJ_ParqueFicticio/Rough survey   Sector 4   Height 200m   Orographic speed.grd
DSAA
73  159
 258469   265669
 6501692   6517492
 .6149352   1.475263
[rows 56 to 83 of 159, columns 0 to 62 of 73]
.9904699 .9931414 .9972797 1.000242 1.002812 1.001276 .9996529 .9978343 .996696 .9943821 .9925588 .9902531 .9891807 .9867407 .9815142 .980237 .9804114 .9811704 .9819944 .9837897 .9810187 .9775337 .9786497 .981856 .9832087 .9849666 .9851676 .9861584 .995299 1.01422 1.030542 1.030745 1.019904 1.019093 1.028183 1.038992 1.044079 1.033483 1.012735 1.006826 1.020183 1.029342 1.035189 1.042019 1.054898 1.076475 1.096322 1.108565 1.130279 1.161878 1.197534 1.219692 1.204322 1.160943 1.130817 1.154201 1.19704 1.208853 1.170354 1.111119 1.065875 1.066239 1.105844
.9885833 .9926899 .9970246 .9997501 1.002744 1.000921 .9987244 .997099 .9950829 .9931111 .9910687 .9890367 .9870207 .9862091 .9830332 .9809855 .9806085 .9814352 .9825863 .9840225 .9835392 .9814255 .9811755 .9824647 .9839444 .9859776 .987278 .9882571 .9977468 1.020063 1.040398 1.041388 1.030714 1.028301 1.037268 1.047644 1.054186 1.045074 1.027638 1.017672 1.024263 1.032925 1.03886 1.045636 1.061641 1.083055 1.095227 1.098657 1.115699 1.144547 1.177889 1.196584 1.1832 1.143931 1.117826 1.143055 1.187629 1.20215 1.166614 1.107439 1.057929 1.047835 1.083093
.9874414 .9921071 .9965388 .999026 1.001045 .9998135 .9967185 .9950093 .9930838 .9912944 .9891002 .9870133 .98597 .9858433 .9845049 .982703 .9816944 .9815329 .9820596 .9837494 .9850134 .9849146 .9843585 .9832365 .9851199 .9870479 .9897135 .9946229 1.00525 1.025804 1.047935 1.048837 1.040372 1.036394 1.042915 1.054319 1.063471 1.055699 1.039065 1.02713 1.029544 1.032806 1.036859 1.048854 1.067027 1.085988 1.094301 1.095053 1.10699 1.129486 1.15659 1.171172 1.161338 1.128039 1.106716 1.132334 1.173326 1.191554 1.16433 1.108818 1.05509 1.03346 1.061816
.9888037 .9940143 1.001112 1.0027 .9993659 .9972512 .9943708 .9925266 .9911479 .9892585 .9877034 .9865596 .984669 .9845696 .9842853 .9835092 .9826006 .982742 .9827864 .9844713 .985488 .9864679 .9870205 .9859298 .9868394 .9898136 .9950236 1.00319 1.014633 1.034085 1.050766 1.053369 1.046896 1.041757 1.049903 1.061207 1.069301 1.065634 1.048943 1.034192 1.030352 1.029819 1.033352 1.0488 1.070738 1.087644 1.093768 1.094773 1.101524 1.117783 1.13425 1.144516 1.140686 1.115056 1.097066 1.117311 1.154926 1.176852 1.157759 1.109088 1.056192 1.025972 1.045048
.991914 .9978656 1.005398 1.006706 1.000255 .9939929 .9906112 .9899343 .9891988 .9882743 .9872183 .9857656 .9840443 .9830289 .9829913 .9828456 .9821104 .9826047 .984012 .9865345 .9876793 .9866586 .9872694 .9870151 .98791 .9914218 1.000031 1.012291 1.027647 1.043989 1.057451 1.058794 1.054474 1.051888 1.057873 1.06849 1.074001 1.070931 1.056132 1.040105 1.031413 1.027903 1.032586 1.049105 1.070475 1.086137 1.093232 1.09628 1.100434 1.106293 1.112784 1.117898 1.119335 1.104144 1.08746 1.101559 1.137889 1.161327 1.145966 1.103885 1.056736 1.026268 1.032858
.9967911 1.003752 1.007082 1.006223 1.000896 .9936698 .9887155 .9876271 .9889721 .9886054 .9877871 .9865831 .9844366 .9828544 .9822034 .9819683 .9816281 .9825447 .9853642 .9881335 .9911708 .9896989 .9885264 .9879009 .9881952 .9933808 1.004563 1.021087 1.038627 1.056789 1.068285 1.068062 1.064262 1.063594 1.067593 1.074546 1.078065 1.072488 1.058856 1.044685 1.033721 1.026057 1.03054 1.046629 1.067708 1.082535 1.090283 1.098578 1.105718 1.102105 1.095634 1.095842 1.100516 1.095359 1.0788 1.086798 1.119018 1.142825 1.132254 1.096445 1.057216 1.029889 1.023611
.9997692 1.006665 1.00642 1.004797 .9996278 .994137 .9889849 .9876315 .9884286 .989171 .9888212 .9873539 .9854335 .983485 .9823878 .9814455 .9806947 .9817339 .9852841 .9887516 .9924173 .9921021 .9903684 .9891369 .9904941 .9958528 1.007361 1.026101 1.046964 1.066394 1.077949 1.076581 1.072071 1.074522 1.077792 1.082371 1.082783 1.073745 1.059192 1.046674 1.034544 1.025245 1.026975 1.041276 1.062564 1.078081 1.087652 1.096817 1.107283 1.105411 1.089478 1.07976 1.084062 1.082788 1.074018 1.073434 1.098121 1.119979 1.116495 1.088289 1.055146 1.033171 1.023035
1.000466 1.005771 1.005861 1.003614 .9994618 .9954404 .9919807 .9907684 .9899383 .9901778 .9902431 .9879752 .9861573 .9848576 .9833679 .982244 .9808272 .9810731 .9839573 .9878414 .9918066 .9928309 .9921433 .9915141 .9935256 1.001193 1.011586 1.029051 1.051558 1.072795 1.084589 1.084011 1.081131 1.084828 1.090784 1.092709 1.089205 1.077317 1.062421 1.048775 1.034892 1.024977 1.0238 1.035683 1.055548 1.073348 1.081911 1.092046 1.103227 1.105843 1.091924 1.075823 1.070888 1.068584 1.064212 1.061127 1.076565 1.096772 1.097683 1.078073 1.051169 1.033984 1.02546
.9997476 1.004015 1.003728 1.002621 1.000535 .9977162 .9961908 .9950607 .9923906 .9906158 .9902671 .9890195 .9873945 .9863422 .9845386 .9830873 .9817221 .9825383 .9850599 .9880453 .9904188 .9945931 .9950654 .9943438 .9972244 1.003892 1.016153 1.034317 1.056932 1.077538 1.088589 1.089092 1.0883 1.092782 1.10009 1.101538 1.095551 1.08258 1.068173 1.052852 1.038069 1.025416 1.022154 1.03237 1.049684 1.06522 1.073289 1.08481 1.094379 1.099264 1.096489 1.082536 1.065364 1.05114 1.045919 1.047279 1.05617 1.074424 1.080761 1.067644 1.050583 1.03521 1.024537
.997314 1.001184 1.001131 1.000759 1.000647 1.000189 .9995772 .9993186 .9956275 .9910415 .990211 .9892989 .9883838 .9878176 .9858367 .9840502 .9827953 .9846925 .9864464 .9891716 .9936128 .9985811 1.00028 .9993966 1.001664 1.007419 1.01957 1.037987 1.059412 1.077493 1.088662 1.088932 1.09247 1.101143 1.107621 1.107482 1.101187 1.08632 1.070873 1.058069 1.042744 1.028903 1.023873 1.03034 1.044131 1.054379 1.061793 1.07474 1.083807 1.089246 1.096709 1.092236 1.070253 1.04274 1.027288 1.026928 1.03681 1.052393 1.062541 1.059839 1.050575 1.035973 1.020772
.9945456 .9975871 .9985384 .9993196 1.000626 1.001668 1.002066 1.001436 .9968977 .9913787 .9900652 .9892973 .9882616 .9874348 .9868817 .9858283 .9846318 .9860891 .9875634 .9897917 .9955095 1.002857 1.004434 1.005032 1.008598 1.014057 1.026972 1.044239 1.061879 1.076581 1.085798 1.088396 1.094527 1.107509 1.11273 1.111978 1.105703 1.089691 1.073641 1.059987 1.045496 1.035543 1.028484 1.030246 1.037339 1.040836 1.049848 1.066483 1.074299 1.076022 1.09037 1.097406 1.076379 1.039856 1.009643 1.001648 1.013567 1.032855 1.049162 1.058839 1.055023 1.040825 1.020882
.9935803 .9950476 .9961456 .9982321 .9999744 1.002588 1.003311 1.002283 .9989871 .993993 .9914615 .9900888 .9890106 .9878113 .986978 .987291 .987348 .9871854 .9877571 .991252 .9966248 1.003326 1.006918 1.010018 1.015472 1.023998 1.0353 1.052003 1.067798 1.080219 1.086685 1.090444 1.095756 1.109078 1.115023 1.114028 1.110046 1.097897 1.080929 1.0645 1.050062 1.042149 1.035928 1.031201 1.028939 1.028337 1.038903 1.056538 1.065832 1.064939 1.081521 1.094091 1.077306 1.0403 1.001015 .9787238 .9894432 1.013012 1.038745 1.055424 1.058243 1.048309 1.026749
.9923651 .9930095 .9939363 .9967706 1.000279 1.003377 1.00407 1.003139 1.000938 .9968389 .9932542 .99134 .9897259 .9889855 .9890056 .9901065 .9897318 .9888936 .9885497 .9911797 .9950486 1.000341 1.00628 1.012946 1.021588 1.033737 1.046787 1.058739 1.072869 1.08596 1.091706 1.093203 1.096873 1.106759 1.11524 1.11463 1.111877 1.102405 1.086228 1.072912 1.060552 1.051767 1.044577 1.036065 1.02385 1.020944 1.031572 1.047234 1.054921 1.055077 1.071959 1.08314 1.06941 1.036307 .9966469 .9672289 .9677477 .9941441 1.024141 1.047785 1.057325 1.05306 1.032574
.9908848 .9898951 .9903464 .9939302 .9997622 1.004672 1.004563 1.004604 1.002985 1.000259 .9964607 .9925098 .9895998 .9895661 .9928984 .9944084 .9930641 .9902558 .9896762 .9901485 .992201 .99647 1.004927 1.01534 1.02842 1.041633 1.054078 1.067582 1.08191 1.094431 1.100043 1.097916 1.097392 1.104054 1.11279 1.113207 1.110671 1.101776 1.0891 1.079978 1.070448 1.062639 1.053208 1.040722 1.025379 1.016619 1.02287 1.035878 1.044269 1.048397 1.06142 1.068497 1.05632 1.027262 .9914463 .9593067 .9520751 .9779945 1.010517 1.034518 1.047234 1.047059 1.033225
.9905694 .988264 .9863546 .991173 .9988211 1.004525 1.004853 1.00539 1.005072 1.002925 .9995989 .995299 .9906531 .9906833 .9947185 .9980293 .9952148 .9921116 .990694 .9908099 .9921035 .9951605 1.006855 1.020368 1.034419 1.047419 1.060985 1.074092 1.090751 1.105679 1.109892 1.105556 1.099987 1.102228 1.10892 1.11065 1.107865 1.099467 1.090471 1.086094 1.080223 1.070241 1.058857 1.042859 1.029024 1.016927 1.01675 1.023823 1.031785 1.040218 1.050169 1.05192 1.044792 1.021053 .9845015 .9533464 .9453345 .9668633 .9974484 1.020615 1.035536 1.036177 1.026035
.9923447 .988416 .9849474 .987464 .9954879 1.00191 1.003059 1.004965 1.006472 1.005705 1.00232 .9977912 .9933515 .9925832 .9952584 .9985635 .9973356 .9949471 .9926616 .9911336 .9919542 .9971228 1.010554 1.025716 1.040291 1.052493 1.066242 1.07982 1.098018 1.114162 1.121136 1.114677 1.105819 1.10457 1.106799 1.106441 1.103944 1.096499 1.0921 1.088561 1.085009 1.074019 1.059177 1.044663 1.032523 1.020223 1.013549 1.01526 1.022076 1.032485 1.038606 1.039303 1.035408 1.016342 .9804341 .945902 .9376665 .9574736 .984737 1.006417 1.021451 1.024657 1.015822
.9939818 .9891509 .9857438 .9868735 .9924229 .9971372 .9997427 1.003657 1.007477 1.008567 1.005227 1.001284 .9979326 .9958263 .9960803 .997959 .9975088 .9961618 .994215 .9920363 .9919508 .9985877 1.01107 1.027223 1.042099 1.054808 1.068934 1.085006 1.104643 1.122491 1.131867 1.124939 1.115435 1.110171 1.107185 1.104995 1.098057 1.092036 1.08927 1.087696 1.085262 1.074939 1.059973 1.04702 1.034568 1.020919 1.011569 1.008614 1.015603 1.023762 1.029013 1.030666 1.031361 1.020219 .9861066 .9444702 .9303671 .945517 .9685769 .991321 1.006706 1.010501 1.00358
.9942872 .9908018 .9894853 .9906686 .9917382 .9934157 .9957011 1.002535 1.009579 1.010233 1.008486 1.005706 1.003864 1.00091 .9976875 .9964721 .9967207 .9960217 .9944001 .9925097 .9928385 1.000146 1.012394 1.027771 1.042158 1.054975 1.068851 1.088827 1.112924 1.134119 1.141305 1.134973 1.125121 1.11596 1.109528 1.101768 1.093835 1.088004 1.08577 1.084913 1.082417 1.074059 1.061332 1.049228 1.035337 1.021454 1.006536 1.001161 1.006052 1.01335 1.019192 1.024063 1.030552 1.026464 .9933959 .9506958 .926627 .9343912 .952907 .9745014 .9898753 .9926867 .9861993
.9954304 .9933137 .9926643 .9944916 .9957868 .991496 .9909505 1.000982 1.010428 1.011243 1.010535 1.008927 1.00801 1.006814 1.000724 .9953482 .9947754 .995472 .9954578 .9945934 .99522 1.003146 1.015322 1.029658 1.042718 1.054924 1.068968 1.090243 1.119192 1.144017 1.151578 1.144907 1.133606 1.122065 1.11157 1.101152 1.092507 1.084976 1.081895 1.080936 1.076767 1.067838 1.059229 1.050638 1.036952 1.024397 1.007643 .99741 .9988183 1.006787 1.011229 1.017303 1.02498 1.024171 .9986406 .9596109 .9324136 .9290547 .9419896 .9591204 .9718319 .9737276 .9658809
.9959913 .9948522 .9943084 .9959555 .9974012 .9927521 .9910233 1.000144 1.009136 1.010587 1.010227 1.010041 1.009727 1.009781 1.00363 .9956114 .9944844 .9957134 .9970328 .998823 1.000382 1.007385 1.01942 1.03213 1.044337 1.05545 1.069236 1.093031 1.123922 1.151997 1.161771 1.154008 1.139328 1.124187 1.111525 1.10005 1.092105 1.084683 1.078116 1.074894 1.068281 1.05972 1.053594 1.047946 1.034183 1.022963 1.011619 .9988199 .9975924 1.001544 1.005189 1.011545 1.019351 1.01759 .9991821 .970547 .9445836 .9323578 .9348965 .9448273 .953199 .9515539 .9424407
.9948069 .9942318 .994258 .9950222 .9967623 .9955985 .9949753 1.000569 1.007548 1.009991 1.010207 1.009977 1.009593 1.009546 1.005876 .998845 .9960833 .9967712 .9980913 1.00119 1.006886 1.014257 1.022935 1.034033 1.044984 1.056492 1.071179 1.096737 1.129213 1.158792 1.170004 1.160743 1.141979 1.123896 1.107994 1.096832 1.090508 1.083445 1.071908 1.068704 1.063407 1.051693 1.046208 1.041002 1.032016 1.024486 1.015524 1.004347 1.000334 .9970843 .9975189 1.002196 1.009028 1.009168 .9976926 .9795493 .959432 .9407836 .931379 .9339752 .9345393 .9289134 .9189565
.9942034 .9936934 .9932135 .9930266 .9955718 .9985826 .9996706 1.002568 1.006477 1.009086 1.010457 1.010945 1.010323 1.009918 1.008074 1.004383 1.000099 .9981967 .9987134 1.003493 1.011087 1.020595 1.030746 1.039695 1.047325 1.059243 1.076678 1.104745 1.139599 1.168413 1.177744 1.166742 1.144873 1.125426 1.10681 1.092832 1.087131 1.078783 1.064336 1.060097 1.054533 1.045038 1.039703 1.037864 1.033606 1.027573 1.021282 1.010472 1.002113 .9931005 .9897113 .9939697 1.002528 1.005943 .9995831 .9893789 .9728072 .9509315 .9354118 .9252244 .9161707 .9055657 .8934094
.9946943 .9934258 .9919035 .9921133 .9950736 .9992546 1.002618 1.005312 1.006518 1.008924 1.010422 1.010924 1.011581 1.010957 1.010206 1.008828 1.004847 1.000947 .9998842 1.004515 1.012071 1.023299 1.036483 1.044214 1.050562 1.063016 1.084724 1.117172 1.153735 1.180026 1.187571 1.169527 1.144577 1.124082 1.105645 1.093493 1.08589 1.076069 1.062128 1.053548 1.043132 1.037791 1.0379 1.039727 1.03568 1.030515 1.021382 1.012861 1.004224 .9899685 .9852921 .9890851 .9977456 1.003544 1.001394 .9941543 .9767437 .9561434 .9373274 .9188804 .9006875 .8889677 .8752768
.9960511 .9947336 .9923381 .9920304 .9941924 1.00039 1.005742 1.008865 1.00887 1.009413 1.010377 1.010887 1.011613 1.01226 1.012733 1.011562 1.008854 1.005099 1.003889 1.007875 1.013089 1.023964 1.035741 1.044759 1.053067 1.067913 1.093976 1.131684 1.169956 1.194572 1.191561 1.167842 1.140028 1.117671 1.101231 1.089099 1.080741 1.069232 1.056898 1.049217 1.039015 1.036189 1.038689 1.039177 1.037018 1.031081 1.021108 1.009489 .9985622 .9884421 .9843487 .9863687 .992615 1.000982 1.004274 .997955 .9819345 .9621022 .9374701 .9127268 .8915823 .8764342 .8588157
.9970206 .9963585 .9939223 .9919271 .9967017 1.002791 1.008667 1.01016 1.011849 1.012081 1.011272 1.010103 1.011331 1.012788 1.013221 1.012681 1.011616 1.009995 1.010619 1.013689 1.01814 1.027273 1.035452 1.044895 1.054831 1.073422 1.10409 1.145344 1.185611 1.205822 1.194014 1.164462 1.134627 1.111973 1.096725 1.08178 1.07097 1.056288 1.046909 1.042524 1.039846 1.039839 1.040427 1.038768 1.037061 1.028622 1.015853 1.00185 .9939252 .9870325 .9847282 .985409 .9907897 .9982104 1.003661 .9994645 .9827693 .9594358 .9310395 .9035392 .880528 .8615174 .8418636
.9961341 .9966287 .9950109 .9938021 .9975963 1.004434 1.010325 1.012837 1.014502 1.015659 1.015002 1.011349 1.011075 1.012707 1.013995 1.013905 1.013486 1.014702 1.017009 1.019058 1.024271 1.031886 1.039969 1.04809 1.059926 1.081036 1.114385 1.157621 1.195417 1.209877 1.19231 1.159505 1.128421 1.10814 1.091724 1.076592 1.061367 1.047569 1.041347 1.042577 1.045923 1.046997 1.046392 1.041601 1.035956 1.025197 1.010432 .9985481 .990748 .9861696 .9847372 .9858909 .9907005 .9977714 1.002268 .996857 .9774024 .9517788 .9223245 .8937702 .8694986 .8465743 .8266252
.9952511 .996906 .9971458 .9970223 .9990619 1.004089 1.010084 1.013875 1.01674 1.01886 1.019438 1.014566 1.011589 1.012591 1.012624 1.012511 1.013224 1.015497 1.019469 1.023244 1.029234 1.036046 1.045341 1.055299 1.06933 1.091929 1.126551 1.167935 1.201006 1.209203 1.186528 1.155543 1.126278 1.106254 1.089611 1.06988 1.054023 1.040053 1.038963 1.047041 1.054612 1.056273 1.051083 1.042011 1.03362 1.020797 1.004784 .9932711 .9858971 .9824322 .9828192 .9866313 .9923694 .9983828 1.001496 .9935337 .971862 .9453456 .9151367 .8855416 .8601949 .8355734 .811955
.9955574 .9951739 .9970552 .999181 1.001492 1.005268 1.010293 1.015116 1.018607 1.021301 1.021266 1.018809 1.016084 1.015932 1.015891 1.014243 1.013617 1.016021 1.019479 1.025787 1.032913 1.039593 1.049808 1.063354 1.082572 1.11078 1.144448 1.179426 1.203284 1.20383 1.181796 1.154188 1.128472 1.10658 1.088911 1.063872 1.045868 1.036638 1.04196 1.053431 1.062244 1.062928 1.051739 1.039116 1.029937 1.015975 .9994338 .9880359 .9803344 .9766207 .9784124 .9847655 .991724 .9971884 .9975528 .987707 .9659267 .9388932 .9079568 .8768033 .8489129 .8234876 .7966531
