py_wake/examples/data/AJ_ParqueFicticio/Rough survey   Sector 11   Height 200m   Weibull-A.grd
DSAA
73  159
 258469   265669
 6501692   6517492
 6.682074   12.74126
[rows 112 to 139 of 159, columns 0 to 62 of 73]
11.61695 11.63846 11.58609 11.53776 11.52477 11.58085 11.62022 11.66251 11.70917 11.73944 11.75916 11.76432 11.62209 11.3327 10.98477 10.61309 10.3244 10.13036 9.890505 9.66186 9.538728 9.604288 9.705649 10.02207 10.56344 11.04927 11.29184 11.43542 11.50176 11.47578 11.41319 11.32384 11.1744 10.97192 10.72445 10.48244 10.33642 10.38951 10.59744 10.83449 10.91315 10.73565 10.27465 9.646322 9.046247 8.555658 8.234343 8.074256 8.123767 8.498798 8.975922 9.328465 9.468053 9.395958 9.23191 9.064854 8.911434 8.724187 8.455376 8.048885 7.562691 7.215966 7.035174
11.83855 11.85902 11.83243 11.79129 11.78912 11.83381 11.9011 11.923 11.94182 11.95744 11.9725 11.94629 11.78544 11.48465 11.13917 10.82732 10.61419 10.43122 10.12196 9.724048 9.377931 9.242735 9.305259 9.634611 10.20638 10.75464 11.0009 11.10247 11.14273 11.15404 11.15555 11.24587 11.33057 11.26241 11.12905 10.94634 10.76522 10.68914 10.77661 10.98688 11.10551 10.993 10.54559 9.916004 9.286216 8.765112 8.394322 8.158992 8.110421 8.320527 8.701015 9.038108 9.240092 9.252827 9.152736 9.03335 8.914106 8.768494 8.558825 8.221933 7.766603 7.372825 7.119542
12.07439 12.07868 12.06054 12.03491 12.01815 12.07312 12.15383 12.18128 12.18279 12.17864 12.17092 12.13812 11.9393 11.63159 11.30494 11.04045 10.9284 10.76932 10.42204 9.947283 9.483 9.120694 9.00209 9.240299 9.791989 10.3622 10.67401 10.78306 10.79953 10.81634 10.85805 11.00768 11.21446 11.34197 11.40481 11.36638 11.23048 11.07121 11.03045 11.14058 11.27598 11.22374 10.83744 10.251 9.645254 9.107738 8.69824 8.39437 8.257386 8.307744 8.530584 8.815654 9.01318 9.097677 9.062733 8.979688 8.881366 8.76436 8.6078 8.365844 8.040854 7.649243 7.342018
12.23023 12.25729 12.25088 12.238 12.23816 12.28845 12.35806 12.38764 12.37563 12.35822 12.36033 12.2919 12.09702 11.80418 11.47121 11.2622 11.18202 11.06444 10.74866 10.29873 9.822974 9.340795 8.980764 8.957752 9.378032 9.910892 10.27873 10.43351 10.47162 10.48418 10.55155 10.70542 10.94497 11.16458 11.38931 11.57095 11.57071 11.40721 11.26474 11.27822 11.38194 11.37137 11.10385 10.65171 10.11432 9.596074 9.118349 8.741218 8.519708 8.467466 8.562297 8.720525 8.858395 8.943402 8.96049 8.917339 8.835653 8.729342 8.603157 8.434848 8.207259 7.914849 7.627075
12.22145 12.28085 12.32233 12.35484 12.36064 12.4402 12.48252 12.48238 12.48273 12.48906 12.47465 12.38648 12.21488 11.90971 11.64772 11.47085 11.39834 11.29744 11.04261 10.6753 10.24063 9.76277 9.297227 9.003464 9.100893 9.518829 9.867556 10.08132 10.13897 10.1995 10.28882 10.40991 10.62858 10.92677 11.24687 11.53605 11.67306 11.58107 11.42858 11.29911 11.30963 11.34943 11.25632 10.95446 10.54119 10.06279 9.60077 9.180104 8.873286 8.714571 8.70532 8.760185 8.81883 8.854094 8.877188 8.849854 8.78358 8.687088 8.575866 8.44153 8.292183 8.080258 7.869099
12.01315 12.12548 12.22388 12.28495 12.36194 12.42422 12.46126 12.47502 12.48468 12.48153 12.44641 12.36304 12.17478 11.95457 11.78828 11.66153 11.55877 11.42669 11.20384 10.88277 10.52287 10.14364 9.749057 9.368347 9.168183 9.257407 9.516142 9.748212 9.864281 9.974823 10.04547 10.13549 10.3949 10.73672 11.07384 11.40424 11.60833 11.62138 11.39577 11.14152 11.0718 11.10857 11.14474 10.98379 10.68032 10.32296 9.92504 9.517984 9.179061 8.958167 8.861085 8.858865 8.865174 8.861005 8.840416 8.808474 8.756728 8.647299 8.515411 8.395334 8.310425 8.184656 8.028275
11.61635 11.75908 11.90203 12.03948 12.16199 12.26888 12.34318 12.37836 12.39922 12.36054 12.26368 12.16571 11.99813 11.84445 11.80325 11.77661 11.64087 11.44398 11.19204 10.90141 10.5716 10.2824 10.06607 9.79259 9.485945 9.256224 9.250692 9.409459 9.621265 9.774866 9.831412 9.910924 10.20527 10.53252 10.84889 11.22471 11.5724 11.62097 11.32251 10.93028 10.72046 10.73853 10.86299 10.81627 10.59934 10.34637 10.04224 9.699177 9.385818 9.136022 9.004356 8.961744 8.942073 8.925362 8.88264 8.843615 8.769383 8.670475 8.518728 8.367295 8.285222 8.223093 8.123633
11.22834 11.3995 11.58023 11.76217 11.93235 12.0677 12.16844 12.25599 12.29121 12.21593 12.06584 11.91415 11.75902 11.65006 11.67797 11.75704 11.69557 11.48359 11.18677 10.8551 10.51364 10.22282 10.09073 10.01517 9.802898 9.491128 9.239552 9.193956 9.364794 9.545747 9.617106 9.744442 10.02554 10.32599 10.64449 11.09391 11.47648 11.55962 11.25739 10.79257 10.41432 10.34558 10.50014 10.58702 10.44075 10.23093 10.01046 9.750719 9.482503 9.243092 9.073766 9.013886 8.9924 8.971968 8.941264 8.901235 8.823851 8.724994 8.578153 8.426283 8.313892 8.279114 8.228983
11.09455 11.22618 11.3897 11.57285 11.7402 11.88501 11.98848 12.07878 12.14417 12.12793 11.9921 11.75267 11.5263 11.42249 11.4692 11.60551 11.65681 11.52944 11.2433 10.87527 10.47669 10.11791 9.922034 9.947429 9.90428 9.680523 9.379841 9.142797 9.144427 9.292126 9.403627 9.587827 9.889346 10.16046 10.54649 11.01802 11.34447 11.48859 11.24742 10.78955 10.28899 10.0339 10.1363 10.32514 10.30105 10.14453 9.946266 9.734999 9.511102 9.290072 9.10563 9.008279 8.982165 8.973854 8.948738 8.908663 8.840093 8.727595 8.608907 8.497681 8.418078 8.37568 8.359181
11.19512 11.25033 11.35831 11.49223 11.62663 11.73223 11.81512 11.85008 11.89096 12.00596 12.02448 11.79585 11.49711 11.27598 11.24567 11.34022 11.44212 11.43045 11.26949 10.97804 10.57441 10.13659 9.828224 9.750454 9.766582 9.673595 9.473094 9.211969 9.025016 9.052983 9.186568 9.433264 9.747239 10.05967 10.53437 10.94801 11.25901 11.37689 11.23156 10.84632 10.33653 9.953941 9.903275 10.05773 10.13426 10.06545 9.926979 9.749383 9.550576 9.352647 9.161204 9.022768 8.955352 8.938579 8.9171 8.897728 8.825023 8.709207 8.604011 8.554548 8.524892 8.505126 8.493926
11.42571 11.42399 11.45245 11.52161 11.58491 11.62301 11.65377 11.60134 11.59206 11.76383 11.98554 11.95397 11.71251 11.44692 11.25387 11.18927 11.22849 11.23957 11.16649 10.99591 10.69236 10.25948 9.867825 9.66185 9.595693 9.54403 9.446354 9.280202 9.031159 8.892792 8.98368 9.257759 9.60656 10.07105 10.55429 10.93438 11.20757 11.24449 11.12822 10.84435 10.45107 10.06315 9.853738 9.870412 9.9289 9.929258 9.864379 9.753787 9.603573 9.436377 9.262093 9.083919 8.969826 8.909639 8.884262 8.848616 8.782811 8.671483 8.596535 8.601372 8.617815 8.62794 8.626685
11.67035 11.6783 11.66101 11.64793 11.62951 11.59015 11.49133 11.34042 11.25103 11.39931 11.74354 11.93933 11.92942 11.76218 11.54172 11.35202 11.26454 11.19975 11.11299 10.96856 10.75614 10.40558 9.997139 9.702159 9.548419 9.463466 9.371532 9.249024 9.029785 8.81904 8.808758 9.090088 9.529368 10.06125 10.57217 10.94677 11.15619 11.13381 10.97516 10.72252 10.47992 10.19235 9.944684 9.821967 9.787112 9.75803 9.724574 9.658488 9.594098 9.490173 9.345863 9.189878 9.051826 8.942136 8.881104 8.822261 8.718818 8.635903 8.576441 8.604021 8.676662 8.712423 8.678543
11.84775 11.91553 11.89927 11.85079 11.77052 11.64129 11.3874 11.11584 10.89461 10.9531 11.30884 11.63952 11.85687 11.90067 11.81389 11.66673 11.5547 11.46174 11.34164 11.17738 10.97099 10.65393 10.28261 9.903384 9.675178 9.555182 9.423948 9.277396 9.00635 8.733948 8.645379 8.938352 9.441787 10.02306 10.56757 10.92647 11.08519 11.04802 10.8532 10.58682 10.40005 10.21118 10.04291 9.891605 9.779078 9.688403 9.606119 9.529676 9.461308 9.431435 9.358576 9.232881 9.113972 9.00151 8.924382 8.847767 8.713142 8.617665 8.522872 8.542706 8.650728 8.711454 8.72809
11.85767 12.02418 12.08814 12.04418 11.92464 11.7155 11.40581 11.02266 10.65078 10.54546 10.79915 11.15846 11.50624 11.72439 11.78353 11.75077 11.72587 11.71888 11.64039 11.48153 11.26369 10.99327 10.64542 10.27216 9.950468 9.783449 9.671992 9.48939 9.159778 8.745471 8.533639 8.763462 9.303542 9.946226 10.47947 10.84214 10.99517 10.96809 10.77461 10.54074 10.32957 10.14497 10.03049 9.936973 9.832218 9.713146 9.598815 9.461128 9.32294 9.270498 9.233114 9.179891 9.09634 9.024721 8.964566 8.893312 8.792925 8.670519 8.522182 8.412661 8.501994 8.658172 8.730925
11.77819 12.00802 12.13884 12.15772 12.05024 11.84037 11.54334 11.10818 10.62798 10.30584 10.35102 10.6396 11.02915 11.34744 11.513 11.53837 11.53912 11.59842 11.65845 11.61884 11.44823 11.2237 10.93871 10.60659 10.29728 10.09479 9.963446 9.752969 9.398952 8.897401 8.547187 8.650127 9.157212 9.806734 10.33248 10.69815 10.88355 10.89648 10.71888 10.50486 10.30371 10.12773 9.991187 9.90392 9.80971 9.716341 9.624446 9.497899 9.29136 9.114409 9.060358 9.039593 9.038403 9.045238 9.030081 8.999474 8.923619 8.752821 8.543389 8.334481 8.349286 8.527809 8.667783
11.61663 11.89738 12.09826 12.17955 12.09249 11.93274 11.70452 11.31456 10.80176 10.33056 10.11139 10.21865 10.54681 10.91112 11.16701 11.24782 11.19284 11.25046 11.38602 11.44336 11.39215 11.25879 11.04167 10.8242 10.60375 10.39772 10.19683 9.956309 9.607826 9.085586 8.64976 8.641946 9.087469 9.676726 10.14616 10.49624 10.71144 10.79213 10.70003 10.47913 10.26298 10.112 10.00739 9.898192 9.787709 9.678892 9.592443 9.519233 9.352492 9.105687 8.916757 8.87709 8.949255 9.075379 9.161556 9.171875 9.072778 8.927158 8.665618 8.331539 8.225772 8.374552 8.523849
11.35327 11.68091 11.92962 12.0527 12.0393 11.94482 11.80358 11.48998 11.02409 10.52744 10.12945 9.984802 10.15298 10.49736 10.83521 11.00478 10.92085 10.87735 10.97923 11.10523 11.16071 11.14011 11.00921 10.88227 10.78634 10.63634 10.39429 10.09353 9.738572 9.251307 8.769771 8.666981 9.025945 9.509946 9.92283 10.2442 10.48716 10.6249 10.63837 10.4599 10.23482 10.06471 9.958718 9.878798 9.780946 9.651927 9.531532 9.453968 9.366912 9.146312 8.877811 8.755041 8.884978 9.131355 9.300732 9.345895 9.306113 9.177226 8.873178 8.438502 8.189676 8.232643 8.348927
11.06564 11.378 11.6418 11.80574 11.89348 11.90425 11.83668 11.587 11.17594 10.71293 10.27263 9.950047 9.891285 10.13155 10.52807 10.82052 10.80451 10.65695 10.62131 10.71317 10.83886 10.90135 10.8625 10.82787 10.89013 10.87692 10.64992 10.27768 9.869205 9.395176 8.896296 8.716595 8.933759 9.274886 9.635456 9.956469 10.21205 10.43391 10.53644 10.42404 10.25093 10.06238 9.928237 9.812884 9.727486 9.618068 9.48522 9.349638 9.251264 9.073508 8.819577 8.678223 8.819319 9.13107 9.416811 9.517183 9.523901 9.450132 9.167946 8.712963 8.319889 8.160382 8.211086
10.90516 11.1166 11.32331 11.4926 11.63977 11.79653 11.88081 11.7143 11.3641 10.92445 10.46976 10.05201 9.799509 9.875516 10.22692 10.60906 10.75866 10.621 10.45282 10.40278 10.50295 10.61419 10.63345 10.70162 10.89671 11.0292 10.92355 10.58545 10.13662 9.627745 9.140025 8.856009 8.875706 9.059563 9.351228 9.658191 9.929912 10.22229 10.43 10.44332 10.30951 10.11609 9.975674 9.832545 9.689908 9.552372 9.421502 9.267811 9.094151 8.918359 8.699862 8.574106 8.738129 9.106143 9.441624 9.60826 9.670575 9.668031 9.484703 9.095532 8.641285 8.315641 8.171224
10.84778 10.92203 11.0465 11.20458 11.3634 11.60547 11.87596 11.89109 11.6466 11.26104 10.79154 10.30193 9.922398 9.757602 9.96933 10.37351 10.67969 10.68645 10.4724 10.28129 10.25069 10.34574 10.40238 10.50283 10.78426 11.01452 11.11324 10.9113 10.49542 10.01115 9.51996 9.205054 9.043748 9.024096 9.155236 9.394778 9.669723 10.00042 10.29265 10.41441 10.37348 10.24318 10.12314 9.998436 9.837147 9.613943 9.397277 9.18756 8.961681 8.725739 8.526426 8.47237 8.663959 9.03395 9.380004 9.6003 9.720919 9.802995 9.745613 9.476809 9.035035 8.609413 8.32393
10.81333 10.73557 10.78767 10.9403 11.10131 11.37691 11.72752 11.89894 11.84236 11.52523 11.09215 10.6026 10.14504 9.823019 9.809168 10.13481 10.5258 10.67198 10.54484 10.31555 10.16391 10.16629 10.19945 10.31715 10.58134 10.89093 11.08212 11.06307 10.71906 10.32147 9.91371 9.642372 9.468181 9.302594 9.195375 9.240285 9.464269 9.753407 10.05826 10.28465 10.35696 10.3285 10.24074 10.15222 10.00607 9.779598 9.514717 9.192044 8.839162 8.550522 8.389173 8.354475 8.551089 8.906194 9.254318 9.505748 9.68627 9.838124 9.89205 9.771421 9.421353 8.995467 8.643488
10.82162 10.58847 10.53423 10.67277 10.85182 11.15242 11.51364 11.78616 11.86553 11.68214 11.30711 10.82809 10.35355 9.96549 9.78898 9.94324 10.27727 10.49069 10.5178 10.38574 10.18808 10.09145 10.07304 10.17045 10.40812 10.67591 10.87384 10.90385 10.7075 10.42283 10.10318 9.937816 9.84034 9.672623 9.46968 9.327476 9.335686 9.523495 9.799177 10.06481 10.20972 10.23461 10.20644 10.17305 10.08072 9.893296 9.63622 9.283547 8.850536 8.485533 8.299981 8.227577 8.328313 8.655857 9.037695 9.320761 9.551184 9.773113 9.932266 9.955783 9.730251 9.38236 8.997918
10.91823 10.53864 10.35665 10.4384 10.63696 10.95713 11.31637 11.62892 11.83127 11.81556 11.56155 11.11335 10.60695 10.17438 9.861393 9.820584 10.02338 10.23755 10.35943 10.35162 10.21378 10.07467 10.00669 10.06489 10.25816 10.48333 10.68148 10.70381 10.57293 10.34774 10.11715 9.994755 9.974461 9.911845 9.710345 9.501911 9.382956 9.426906 9.607007 9.857423 10.04695 10.09856 10.09124 10.07375 10.02404 9.87412 9.662761 9.358914 8.939325 8.512726 8.278687 8.159992 8.13813 8.34728 8.733132 9.057683 9.314419 9.586678 9.831942 9.997424 9.913393 9.687689 9.398446
11.08702 10.63125 10.31005 10.28517 10.51661 10.81897 11.11147 11.38177 11.63602 11.74996 11.67908 11.39683 10.96701 10.48504 10.07419 9.851228 9.890323 10.03014 10.15965 10.22093 10.17524 10.07747 9.993967 10.03251 10.21089 10.43396 10.56177 10.51605 10.40307 10.24221 10.08305 9.958211 9.914141 9.914647 9.833348 9.66058 9.51122 9.454716 9.518733 9.707446 9.893015 9.994029 9.988566 9.959423 9.915762 9.816365 9.645082 9.382952 9.023988 8.616189 8.321877 8.144432 8.046108 8.105393 8.391275 8.710303 9.003454 9.294168 9.569276 9.835079 9.967601 9.904768 9.720401
11.23692 10.79004 10.38727 10.24449 10.44504 10.72621 10.92999 11.12477 11.33534 11.46791 11.51346 11.45007 11.21128 10.84254 10.44434 10.11492 9.946334 9.933651 10.01229 10.0544 10.05917 10.02856 9.973459 10.04642 10.25536 10.48771 10.56546 10.40915 10.23437 10.10346 10.02195 9.95013 9.866473 9.844045 9.822797 9.722131 9.59262 9.510194 9.501078 9.62128 9.80263 9.930102 9.952668 9.897988 9.835973 9.748147 9.604264 9.395857 9.101753 8.760953 8.441052 8.201251 8.03451 7.986423 8.110693 8.352514 8.600866 8.904447 9.236898 9.583474 9.858252 9.962729 9.908024
11.27116 10.90085 10.49684 10.26233 10.40716 10.6526 10.82429 10.97435 11.09657 11.15615 11.20983 11.23172 11.17175 10.97672 10.72721 10.44303 10.16819 10.01543 9.957732 9.943929 9.918258 9.910717 9.892193 10.01423 10.2834 10.5515 10.62446 10.4065 10.14789 9.955215 9.905242 9.910213 9.871495 9.805396 9.763122 9.710884 9.624706 9.540192 9.493994 9.561361 9.739857 9.892294 9.939639 9.911008 9.84168 9.740589 9.596616 9.46691 9.244514 8.945538 8.629479 8.345981 8.112701 7.975828 7.96894 8.023551 8.211007 8.479567 8.810457 9.205069 9.594111 9.860386 9.9582
11.17272 10.89052 10.54811 10.31277 10.39866 10.60685 10.79199 10.91662 10.9801 10.98285 10.93784 10.92926 10.92979 10.85518 10.74188 10.62233 10.43334 10.238 10.08502 9.936837 9.820894 9.783348 9.761879 9.924089 10.25373 10.55508 10.64745 10.45711 10.14787 9.883827 9.793034 9.82298 9.866904 9.836254 9.779745 9.700555 9.624592 9.540497 9.470228 9.482413 9.643917 9.803241 9.869211 9.875824 9.846365 9.768783 9.61309 9.492924 9.32091 9.061262 8.805091 8.568701 8.302795 8.041701 7.937603 7.929753 7.989824 8.11475 8.341968 8.722316 9.181146 9.578543 9.838888
11.01515 10.78141 10.54774 10.36026 10.41916 10.60588 10.80007 10.89386 10.9606 10.98308 10.87763 10.75237 10.70803 10.65503 10.60794 10.5875 10.51741 10.41754 10.32445 10.1179 9.874024 9.723544 9.683857 9.842597 10.16383 10.50333 10.6435 10.50271 10.19782 9.911961 9.764562 9.738667 9.803703 9.838914 9.804602 9.742256 9.666642 9.579993 9.489237 9.438645 9.537094 9.663588 9.745129 9.782301 9.779164 9.720008 9.580713 9.458641 9.31271 9.102599 8.917854 8.737379 8.543157 8.293871 8.09403 8.001691 7.979212 7.970347 8.020594 8.258251 8.680826 9.173866 9.561002
