py_wake/examples/data/AJ_ParqueFicticio/Rough survey   Sector 11   Height 200m   Mean speed.grd
DSAA
73  159
 258469   265669
 6501692   6517492
 5.919517   11.30186
[rows 112 to 139 of 159, columns 0 to 62 of 73]
10.29923 10.3183 10.27235 10.23049 10.22054 10.26975 10.30518 10.34381 10.38578 10.41382 10.43194 10.43717 10.31034 10.05186 9.741645 9.410581 9.154165 8.982118 8.769449 8.565908 8.456366 8.514486 8.603965 8.884087 9.363983 9.794656 10.00968 10.13532 10.19196 10.16743 10.11145 10.03205 9.899395 9.720021 9.501033 9.287104 9.158761 9.206677 9.392239 9.602332 9.672045 9.514382 9.105828 8.548977 8.017164 7.582385 7.297371 7.1555 7.199377 7.531473 7.95429 8.266431 8.389074 8.324298 8.178366 8.030193 7.894116 7.728093 7.489974 7.129895 6.699212 6.3922 6.232181
10.49477 10.51337 10.49027 10.45479 10.45444 10.49406 10.5532 10.5737 10.59154 10.60599 10.62057 10.59731 10.45402 10.18496 9.877562 9.600076 9.410655 9.248875 8.974238 8.621043 8.313814 8.193959 8.249022 8.540625 9.047468 9.533474 9.751772 9.839837 9.873511 9.882373 9.8832 9.96271 10.03775 9.977365 9.859475 9.698101 9.538144 9.472514 9.551036 9.737396 9.84217 9.742458 9.345949 8.78798 8.229836 7.767745 7.439147 7.230594 7.1873 7.373492 7.710673 8.00913 8.186858 8.197288 8.108227 8.002114 7.896483 7.767341 7.581611 7.283185 6.879842 6.531024 6.30692
10.70337 10.70763 10.6925 10.67079 10.65699 10.70629 10.7773 10.8022 10.8041 10.80158 10.79534 10.76565 10.58873 10.31421 10.02307 9.788581 9.688787 9.547753 9.239864 8.818562 8.40696 8.085766 7.980266 8.191086 8.680133 9.185599 9.462005 9.556399 9.569402 9.583179 9.619628 9.751953 9.935143 10.04785 10.10378 10.06974 9.950373 9.81109 9.776007 9.873612 9.993244 9.946954 9.604593 9.084864 8.54803 8.071383 7.708214 7.43893 7.317538 7.362164 7.559641 7.811742 7.985593 8.059837 8.028495 7.954749 7.86748 7.76368 7.624995 7.410664 7.122636 6.775882 6.504002
10.84152 10.86597 10.86125 10.85086 10.85209 10.89724 10.95841 10.98519 10.97511 10.95967 10.96213 10.90086 10.72693 10.4657 10.17049 9.984723 9.913637 9.809394 9.529437 9.130126 8.708358 8.280891 7.961361 7.940621 8.313179 8.785534 9.111605 9.24662 9.278845 9.289134 9.348331 9.484406 9.696636 9.890954 10.09004 10.25149 10.25242 10.10885 9.983651 9.995235 10.08716 10.07779 9.840695 9.439344 8.962814 8.503289 8.080236 7.746041 7.54975 7.503456 7.587002 7.726735 7.848248 7.923162 7.937921 7.899517 7.826986 7.732659 7.620882 7.471639 7.27004 7.011021 6.756377
10.8342 10.88734 10.92511 10.95446 10.96125 11.03181 11.06933 11.06921 11.07009 11.07571 11.06236 10.9836 10.82984 10.55927 10.32699 10.1697 10.10542 10.01597 9.790039 9.463974 9.078627 8.654985 8.241902 7.981143 8.067509 8.437989 8.747119 8.934487 8.984358 9.037166 9.116048 9.22308 9.416577 9.680509 9.96436 10.2214 10.3441 10.26401 10.12886 10.01374 10.02307 10.05834 9.974802 9.706383 9.339396 8.91554 8.506192 8.133708 7.861863 7.721028 7.712832 7.761238 7.812995 7.843839 7.864125 7.839735 7.780858 7.69523 7.596553 7.477558 7.345265 7.157542 6.970635
10.65099 10.7511 10.83886 10.89413 10.96297 11.0182 11.05165 11.06385 11.07242 11.06902 11.03675 10.96173 10.79428 10.59904 10.45161 10.33876 10.24765 10.13055 9.932535 9.647899 9.328837 8.992236 8.642076 8.304594 8.127158 8.206251 8.435242 8.639593 8.741244 8.838633 8.900955 8.979947 9.20978 9.512888 9.812163 10.10588 10.28857 10.29974 10.09978 9.874082 9.812297 9.844878 9.875594 9.731535 9.462173 9.145343 8.792817 8.432197 8.131937 7.936037 7.850032 7.848065 7.853655 7.849789 7.831549 7.803077 7.756918 7.659984 7.543003 7.436638 7.361424 7.250018 7.111637
10.30288 10.43005 10.55684 10.67876 10.78803 10.88224 10.94813 10.97934 10.99784 10.96232 10.87527 10.78676 10.63767 10.50141 10.46488 10.44078 10.32044 10.14588 9.922074 9.664419 9.372036 9.115245 8.923096 8.680665 8.408839 8.205202 8.199944 8.339691 8.526478 8.66201 8.711287 8.781476 9.042554 9.332806 9.614079 9.948563 10.25632 10.29937 10.03485 9.686874 9.500919 9.516934 9.625334 9.583114 9.390429 9.165846 8.896219 8.592308 8.314523 8.093239 7.976602 7.939032 7.921605 7.906623 7.868778 7.834039 7.768129 7.680513 7.545941 7.4118 7.338963 7.284065 7.195963
9.961658 10.1135 10.27385 10.43526 10.5869 10.70633 10.79502 10.87204 10.90265 10.83526 10.70037 10.56423 10.42567 10.32906 10.35333 10.42343 10.36893 10.181 9.917405 9.623364 9.320657 9.062429 8.944565 8.87724 8.689426 8.413069 8.189744 8.148995 8.299779 8.459258 8.521927 8.634494 8.884143 9.151013 9.433945 9.832635 10.17209 10.2466 9.977907 9.564828 9.229289 9.168374 9.304114 9.380258 9.249928 9.063581 8.868069 8.637774 8.399992 8.188087 8.038089 7.985044 7.96601 7.947739 7.920385 7.884926 7.816377 7.728652 7.598579 7.463913 7.364359 7.333552 7.289283
9.84484 9.961639 10.10674 10.26992 10.41776 10.54558 10.6367 10.71549 10.77285 10.75721 10.63556 10.42211 10.21983 10.1273 10.16824 10.28909 10.33505 10.22165 9.967519 9.641246 9.2879 8.969426 8.795411 8.817191 8.778945 8.58026 8.313753 8.103651 8.104474 8.235073 8.333315 8.496549 8.764054 9.004959 9.347452 9.765744 10.05634 10.18497 9.970302 9.562506 9.118219 8.89216 8.981991 9.148229 9.126163 8.987039 8.811002 8.623849 8.425326 8.229529 8.066316 7.980076 7.956773 7.949254 7.927006 7.891506 7.830607 7.730957 7.625679 7.527016 7.456506 7.419089 7.404613
9.933431 9.983718 10.07954 10.19909 10.31836 10.41136 10.48424 10.51326 10.54762 10.64843 10.66428 10.46041 10.19497 9.998365 9.97149 10.05532 10.14568 10.13484 9.991646 9.732363 9.374114 8.985601 8.712254 8.643313 8.657235 8.574121 8.396407 8.164654 7.998955 8.02343 8.141523 8.360155 8.638731 8.915976 9.336712 9.704889 9.981894 10.0864 9.955816 9.612815 9.160357 8.820992 8.775234 8.911301 8.978389 8.916981 8.794114 8.636591 8.460476 8.285138 8.115547 7.99274 7.932864 7.918006 7.89898 7.881661 7.817258 7.714379 7.6212 7.577268 7.551118 7.533751 7.523971
10.13739 10.13717 10.16378 10.22587 10.28205 10.31515 10.34107 10.29257 10.28191 10.43255 10.62862 10.60008 10.38544 10.14994 9.979276 9.921987 9.957277 9.966598 9.901278 9.749084 9.478679 9.094541 8.747357 8.564771 8.506125 8.459962 8.372706 8.225439 8.004702 7.882061 7.962318 8.204917 8.514383 8.926062 9.354368 9.692807 9.936285 9.968578 9.864208 9.61107 9.261539 8.916901 8.730806 8.745331 8.796454 8.796327 8.738658 8.640492 8.507423 8.359132 8.204582 8.046752 7.945685 7.892371 7.869733 7.838011 7.779722 7.680965 7.614458 7.618742 7.633427 7.642539 7.641724
10.35445 10.36283 10.34888 10.33871 10.32235 10.28669 10.19758 10.06109 9.979419 10.10876 10.41348 10.58656 10.57726 10.42898 10.23351 10.06579 9.988738 9.93128 9.853845 9.72531 9.535636 9.224054 8.861988 8.600502 8.464219 8.388217 8.306729 8.197804 8.003484 7.816691 7.807578 8.056629 8.445968 8.917383 9.370566 9.704204 9.89074 9.870454 9.728539 9.503098 9.286483 9.030834 8.810897 8.70217 8.670838 8.644858 8.614997 8.556263 8.498848 8.406787 8.278789 8.140613 8.018162 7.920998 7.866788 7.814666 7.722893 7.649449 7.596779 7.621209 7.685697 7.717517 7.687506
10.51184 10.57335 10.56033 10.51876 10.44751 10.33281 10.10606 9.862455 9.663286 9.713566 10.02801 10.32071 10.51293 10.55125 10.47432 10.34336 10.24404 10.16163 10.0547 9.908214 9.724459 9.44342 9.114653 8.778499 8.575522 8.469166 8.353189 8.222952 7.982712 7.741271 7.662768 7.922144 8.368343 8.883527 9.366139 9.685799 9.827791 9.794394 9.620432 9.382832 9.215137 9.047011 8.897688 8.763639 8.663721 8.583175 8.510057 8.442151 8.381397 8.354753 8.29005 8.178541 8.073061 7.973443 7.904976 7.837112 7.717866 7.633295 7.54947 7.56718 7.663022 7.716659 7.731702
10.52132 10.67044 10.72868 10.69041 10.58431 10.39867 10.12239 9.780412 9.447538 9.352056 9.576055 9.894159 10.20204 10.39496 10.44691 10.41741 10.39443 10.38737 10.31738 10.17619 9.983109 9.743053 9.434768 9.103311 8.818523 8.670823 8.5727 8.410851 8.118702 7.751484 7.563443 7.767138 8.245815 8.814764 9.288397 9.611454 9.747979 9.723535 9.550762 9.341331 9.152413 8.988344 8.886691 8.803607 8.7108 8.604873 8.503587 8.38161 8.259007 8.212366 8.178913 8.131451 8.057292 7.993854 7.940444 7.877456 7.788535 7.680398 7.549152 7.452136 7.531417 7.669765 7.734379
10.45215 10.65757 10.77443 10.79198 10.69579 10.50877 10.24444 9.856297 9.427315 9.140047 9.179143 9.434572 9.779507 10.06173 10.20804 10.22957 10.22888 10.28059 10.33338 10.29748 10.1459 9.946575 9.693032 9.39873 9.12495 8.945808 8.830349 8.644472 8.330692 7.886146 7.575451 7.666688 8.115507 8.69114 9.158492 9.483809 9.648587 9.660051 9.501369 9.30921 9.1295 8.973071 8.851866 8.77455 8.690643 8.607925 8.526294 8.414186 8.231031 8.074093 8.025881 8.007176 8.005846 8.011901 7.998475 7.97149 7.904449 7.753302 7.568249 7.383352 7.396467 7.554783 7.678786
10.31092 10.56088 10.7392 10.81135 10.7333 10.59004 10.38677 10.03877 9.58203 9.162467 8.967104 9.061764 9.352767 9.675838 9.902256 9.972914 9.923232 9.973426 10.09233 10.14235 10.0962 9.97666 9.783963 9.590961 9.39592 9.214256 9.037188 8.824701 8.515826 8.052942 7.666363 7.658856 8.053698 8.575922 8.993341 9.304818 9.496007 9.567123 9.483895 9.286408 9.093414 8.959136 8.865995 8.76925 8.671152 8.574749 8.497942 8.433085 8.285188 8.066194 7.898517 7.863086 7.926883 8.038598 8.11493 8.124199 8.036572 7.908045 7.676868 7.381098 7.287578 7.419388 7.551657
10.07939 10.37026 10.59027 10.69876 10.68534 10.60002 10.474 10.19441 9.779253 9.337609 8.983613 8.854846 9.003525 9.308917 9.60852 9.758889 9.683473 9.643975 9.73298 9.843443 9.89075 9.871489 9.754891 9.642126 9.557419 9.42541 9.212193 8.94633 8.631712 8.199828 7.77214 7.681043 7.999172 8.428424 8.795735 9.081384 9.297177 9.419286 9.429239 9.269366 9.069013 8.917237 8.823099 8.752068 8.665376 8.551072 8.4442 8.375267 8.297775 8.102021 7.863872 7.754979 7.869949 8.08818 8.238072 8.27834 8.243411 8.129565 7.860746 7.476045 7.255786 7.294044 7.396877
9.82631 10.10288 10.33554 10.47878 10.55519 10.56401 10.50338 10.28115 9.915165 9.502669 9.111089 8.824023 8.771461 8.984522 9.336152 9.595987 9.581296 9.449477 9.416965 9.496714 9.606203 9.660244 9.625202 9.594217 9.64968 9.638597 9.438753 9.109921 8.747497 8.326401 7.884272 7.725013 7.917473 8.220727 8.541373 8.826705 9.053287 9.249166 9.338549 9.237588 9.083009 8.915671 8.796564 8.694123 8.618235 8.521074 8.403378 8.282841 8.195327 8.03753 7.812143 7.686935 7.81179 8.087795 8.341024 8.430063 8.436329 8.371153 8.121519 7.718811 7.37115 7.230022 7.274945
9.683801 9.870775 10.05203 10.20012 10.32931 10.46775 10.54254 10.3941 10.08272 9.690865 9.286448 8.914934 8.690075 8.75703 9.069096 9.408458 9.541127 9.418561 9.267579 9.221965 9.309213 9.406418 9.422527 9.482647 9.65551 9.773866 9.681646 9.382333 8.984179 8.532513 8.100275 7.848567 7.86662 8.030523 8.289774 8.562273 8.803162 9.061176 9.243508 9.254364 9.134918 8.963264 8.838594 8.711781 8.585402 8.46309 8.347143 8.210563 8.056148 7.899936 7.706102 7.594468 7.739749 8.065847 8.363134 8.510896 8.566094 8.564 8.401941 8.057371 7.655509 7.36758 7.239825
9.63208 9.696535 9.804874 9.943111 10.08275 10.29688 10.53754 10.55029 10.33273 9.989445 9.571865 9.136081 8.798602 8.652026 8.840219 9.199087 9.471097 9.475632 9.284939 9.114671 9.085999 9.168829 9.218083 9.306787 9.55649 9.761196 9.849019 9.670783 9.302188 8.872299 8.43699 8.157907 8.015557 7.999084 8.116029 8.328381 8.571749 8.863465 9.121146 9.228148 9.191317 9.07536 8.969004 8.858521 8.71562 8.517863 8.325681 8.139466 7.938797 7.729312 7.552358 7.504478 7.674179 8.002028 8.308709 8.503845 8.610688 8.683552 8.632723 8.394783 8.003959 7.627462 7.375124
9.600756 9.528893 9.573138 9.707331 9.848952 10.09346 10.40452 10.55661 10.50575 10.2238 9.838501 9.40273 8.996029 8.709613 8.697331 8.986955 9.332734 9.462349 9.34916 9.144635 9.009075 9.010129 9.038875 9.142859 9.377629 9.651997 9.822556 9.80567 9.500404 9.14732 8.785947 8.545476 8.3911 8.244975 8.150587 8.190394 8.388269 8.644197 8.913436 9.113167 9.176417 9.150956 9.072964 8.994536 8.864827 8.664182 8.429512 8.143439 7.830094 7.573963 7.430902 7.400168 7.574324 7.889013 8.197378 8.420092 8.579996 8.714507 8.762274 8.655584 8.345823 7.969081 7.657848
9.606665 9.397022 9.34703 9.46876 9.627012 9.893684 10.21477 10.45655 10.5263 10.36299 10.02916 9.603226 9.180925 8.83636 8.67861 8.81578 9.112378 9.301604 9.325186 9.206461 9.030129 8.943799 8.927149 9.013484 9.224811 9.46328 9.639551 9.665746 9.49051 9.236831 8.953558 8.807009 8.720923 8.572286 8.392141 8.266401 8.273678 8.440122 8.683844 8.91837 9.046494 9.068015 9.042809 9.01299 8.930958 8.764912 8.536944 8.223926 7.840016 7.516536 7.352173 7.288037 7.377418 7.667564 8.005806 8.256386 8.460496 8.656921 8.797897 8.818892 8.619288 8.31146 7.971077
9.691026 9.351549 9.187733 9.259153 9.435287 9.719848 10.03852 10.31578 10.49528 10.48074 10.25485 9.856214 9.406101 9.02071 8.742809 8.707031 8.887264 9.077155 9.184776 9.17661 9.052906 8.928927 8.868351 8.919932 9.092976 9.293781 9.470307 9.489668 9.3724 9.171301 8.965933 8.857469 8.839483 8.783394 8.605123 8.420412 8.314996 8.353944 8.513546 8.735168 8.902821 8.948277 8.941509 8.925494 8.880974 8.747479 8.559855 8.290512 7.918667 7.540775 7.333458 7.228458 7.209408 7.39469 7.736335 8.023669 8.250935 8.491937 8.709193 8.855614 8.781015 8.581253 8.325531
9.838793 9.431923 9.144795 9.122215 9.327486 9.596192 9.856763 10.09654 10.32208 10.42254 10.35851 10.10762 9.723938 9.296143 8.931464 8.7342 8.769288 8.893256 9.008088 9.061154 9.019121 8.931075 8.856771 8.891905 9.051473 9.250856 9.364626 9.323642 9.222219 9.078478 8.936351 8.825386 8.785722 8.786171 8.713834 8.56045 8.428099 8.378029 8.435038 8.602265 8.766707 8.856221 8.851086 8.824714 8.785042 8.696315 8.544195 8.311806 7.993664 7.632576 7.372021 7.215149 7.128229 7.180929 7.43402 7.716455 7.975982 8.233157 8.476364 8.711647 8.829031 8.77354 8.61039
9.970528 9.571631 9.212265 9.085145 9.2635 9.513916 9.696356 9.869764 10.05659 10.17356 10.21276 10.15377 9.940518 9.612666 9.259629 8.967575 8.818522 8.807705 8.877432 8.913919 8.916232 8.888059 8.8389 8.904238 9.091278 9.298961 9.368834 9.229307 9.073071 8.955846 8.882203 8.818224 8.743784 8.723604 8.704484 8.614991 8.499965 8.426928 8.419111 8.525909 8.686613 8.799867 8.819275 8.770015 8.714351 8.63588 8.508036 8.323237 8.062709 7.76098 7.477761 7.265673 7.118313 7.075896 7.186193 7.400249 7.619504 7.888095 8.182265 8.4891 8.732336 8.824881 8.776423
10.00027 9.669365 9.308933 9.100502 9.229905 9.449153 9.603186 9.73692 9.845991 9.898216 9.942878 9.961196 9.905949 9.73162 9.509569 9.258059 9.014804 8.879785 8.829057 8.815588 8.792064 8.784651 8.767542 8.876035 9.116134 9.355524 9.421148 9.2274 8.996805 8.824093 8.779108 8.782848 8.748534 8.689656 8.651892 8.605312 8.528397 8.453508 8.412834 8.472813 8.630986 8.765777 8.807183 8.7813 8.719182 8.628995 8.501261 8.38618 8.189172 7.924496 7.644685 7.393892 7.187778 7.066904 7.0608 7.108984 7.274875 7.512426 7.805181 8.154229 8.498522 8.734226 8.820868
9.912924 9.660198 9.354408 9.145225 9.222369 9.408575 9.575121 9.686321 9.74328 9.743856 9.702741 9.694015 9.692895 9.624784 9.522572 9.416188 9.248664 9.075888 8.940271 8.809301 8.706128 8.672096 8.652724 8.796504 9.090236 9.35915 9.442018 9.272757 8.996391 8.761163 8.679983 8.705858 8.744466 8.716701 8.666623 8.596159 8.52856 8.454041 8.392055 8.402572 8.545684 8.686864 8.74478 8.749887 8.723117 8.653971 8.515854 8.409404 8.257024 8.027012 7.800255 7.591205 7.356006 7.124872 7.032833 7.025878 7.078909 7.189592 7.390905 7.727296 8.133395 8.485068 8.715346
9.773119 9.563416 9.354586 9.187343 9.240552 9.408266 9.582289 9.666128 9.724122 9.74346 9.649905 9.537659 9.497258 9.448741 9.405112 9.385715 9.322782 9.233891 9.151741 8.969424 8.753228 8.619085 8.583906 8.724616 9.010537 9.31326 9.437545 9.31226 9.040674 8.7861 8.654422 8.631134 8.688455 8.719057 8.68836 8.633113 8.566107 8.489323 8.408619 8.363789 8.451308 8.563114 8.634834 8.667027 8.663582 8.610763 8.487364 8.379223 8.249945 8.063812 7.90015 7.740097 7.568379 7.34791 7.171235 7.089423 7.069507 7.061653 7.106171 7.316733 7.690929 8.127125 8.469711
