py_wake/examples/data/AJ_ParqueFicticio/Rough survey   Sector 4   Height 30m   Weibull-k.grd
DSAA
73  159
 258469   265669
 6501692   6517492
 1.095703   2.744141
[rows 112 to 139 of 159, columns 0 to 62 of 73]
2.744141 2.720703 2.740234 2.744141 2.744141 2.732422 2.728516 2.716797 2.697266 2.677734 2.654297 2.638672 2.646484 2.646484 2.666016 2.697266 2.693359 2.615234 2.466797 2.240234 2.333984 2.615234 2.732422 2.744141 2.732422 2.728516 2.724609 2.740234 2.689453 2.509766 2.216797 2.044922 2.048828 2.376953 2.595703 2.744141 2.744141 2.744141 2.732422 2.728516 2.716797 2.681641 2.611328 2.564453 2.537109 2.451172 2.322266 2.154297 1.935547 2.361328 2.685547 2.732422 2.732422 2.697266 2.720703 2.732422 2.744141 2.744141 2.744141 2.744141 2.744141 2.744141 2.744141
2.744141 2.716797 2.736328 2.744141 2.744141 2.744141 2.732422 2.720703 2.705078 2.693359 2.673828 2.650391 2.654297 2.662109 2.708984 2.732422 2.720703 2.642578 2.572266 2.380859 2.177734 2.279297 2.537109 2.712891 2.716797 2.724609 2.732422 2.744141 2.689453 2.548828 2.349609 2.244141 2.302734 2.416016 2.505859 2.685547 2.744141 2.744141 2.728516 2.716797 2.705078 2.689453 2.673828 2.673828 2.677734 2.619141 2.470703 2.302734 2.064453 2.138672 2.587891 2.732422 2.708984 2.666016 2.685547 2.744141 2.744141 2.744141 2.744141 2.744141 2.744141 2.744141 2.744141
2.716797 2.732422 2.744141 2.744141 2.744141 2.744141 2.732422 2.728516 2.720703 2.708984 2.677734 2.673828 2.677734 2.705078 2.732422 2.736328 2.724609 2.681641 2.630859 2.583984 2.326172 2.021484 1.873047 2.306641 2.658203 2.724609 2.732422 2.744141 2.708984 2.603516 2.587891 2.623047 2.486328 2.498047 2.517578 2.607422 2.744141 2.744141 2.728516 2.708984 2.708984 2.716797 2.724609 2.732422 2.732422 2.720703 2.666016 2.572266 2.474609 2.455078 2.638672 2.732422 2.744141 2.705078 2.728516 2.744141 2.744141 2.744141 2.744141 2.744141 2.744141 2.744141 2.744141
2.712891 2.736328 2.744141 2.744141 2.744141 2.744141 2.732422 2.732422 2.728516 2.716797 2.693359 2.705078 2.712891 2.732422 2.740234 2.736328 2.720703 2.716797 2.705078 2.689453 2.603516 2.306641 1.837891 1.837891 2.423828 2.708984 2.732422 2.724609 2.638672 2.638672 2.724609 2.732422 2.673828 2.603516 2.564453 2.619141 2.744141 2.744141 2.732422 2.724609 2.732422 2.732422 2.744141 2.744141 2.744141 2.744141 2.740234 2.732422 2.724609 2.728516 2.732422 2.744141 2.744141 2.744141 2.744141 2.744141 2.744141 2.744141 2.744141 2.744141 2.744141 2.744141 2.744141
2.693359 2.720703 2.728516 2.744141 2.744141 2.740234 2.732422 2.732422 2.728516 2.720703 2.708984 2.716797 2.732422 2.744141 2.744141 2.736328 2.728516 2.728516 2.732422 2.732422 2.732422 2.720703 2.494141 1.798828 2.037109 2.654297 2.732422 2.708984 2.666016 2.712891 2.744141 2.744141 2.716797 2.666016 2.712891 2.744141 2.744141 2.744141 2.724609 2.724609 2.732422 2.744141 2.744141 2.744141 2.744141 2.744141 2.744141 2.744141 2.744141 2.744141 2.744141 2.744141 2.744141 2.744141 2.744141 2.744141 2.744141 2.744141 2.744141 2.744141 2.744141 2.744141 2.744141
2.685547 2.693359 2.697266 2.708984 2.740234 2.736328 2.732422 2.728516 2.712891 2.701172 2.705078 2.728516 2.740234 2.744141 2.744141 2.736328 2.732422 2.732422 2.732422 2.736328 2.744141 2.744141 2.744141 2.712891 2.228516 2.462891 2.732422 2.720703 2.740234 2.744141 2.744141 2.744141 2.744141 2.744141 2.744141 2.744141 2.736328 2.720703 2.701172 2.697266 2.732422 2.744141 2.744141 2.744141 2.744141 2.744141 2.744141 2.744141 2.744141 2.744141 2.744141 2.744141 2.744141 2.744141 2.744141 2.744141 2.744141 2.744141 2.744141 2.744141 2.744141 2.744141 2.744141
2.650391 2.642578 2.646484 2.681641 2.712891 2.728516 2.724609 2.708984 2.685547 2.666016 2.693359 2.724609 2.736328 2.744141 2.744141 2.740234 2.732422 2.724609 2.732422 2.736328 2.744141 2.744141 2.744141 2.744141 2.732422 2.568359 2.720703 2.744141 2.744141 2.744141 2.744141 2.744141 2.744141 2.744141 2.744141 2.744141 2.728516 2.701172 2.630859 2.603516 2.712891 2.744141 2.736328 2.708984 2.744141 2.740234 2.744141 2.744141 2.744141 2.744141 2.744141 2.744141 2.744141 2.744141 2.744141 2.744141 2.744141 2.744141 2.744141 2.744141 2.744141 2.744141 2.744141
2.599609 2.615234 2.646484 2.693359 2.716797 2.705078 2.693359 2.681641 2.673828 2.654297 2.658203 2.689453 2.728516 2.740234 2.744141 2.740234 2.732422 2.728516 2.724609 2.728516 2.732422 2.744141 2.744141 2.740234 2.744141 2.744141 2.736328 2.736328 2.744141 2.744141 2.744141 2.744141 2.744141 2.744141 2.744141 2.732422 2.716797 2.701172 2.669922 2.583984 2.615234 2.732422 2.705078 2.603516 2.666016 2.677734 2.619141 2.626953 2.685547 2.744141 2.744141 2.744141 2.744141 2.744141 2.744141 2.744141 2.744141 2.744141 2.744141 2.744141 2.744141 2.548828 2.505859
2.646484 2.677734 2.701172 2.689453 2.673828 2.658203 2.638672 2.634766 2.666016 2.689453 2.701172 2.677734 2.689453 2.712891 2.728516 2.732422 2.720703 2.708984 2.732422 2.732422 2.732422 2.732422 2.744141 2.744141 2.744141 2.744141 2.744141 2.736328 2.736328 2.744141 2.744141 2.744141 2.744141 2.744141 2.744141 2.720703 2.697266 2.693359 2.705078 2.705078 2.666016 2.708984 2.744141 2.615234 2.548828 2.552734 2.521484 2.533203 2.595703 2.705078 2.744141 2.744141 2.744141 2.744141 2.744141 2.744141 2.744141 2.744141 2.744141 2.533203 2.333984 2.435547 2.349609
2.720703 2.697266 2.673828 2.650391 2.623047 2.599609 2.568359 2.564453 2.630859 2.724609 2.708984 2.724609 2.708984 2.681641 2.642578 2.705078 2.712891 2.669922 2.658203 2.677734 2.740234 2.732422 2.732422 2.728516 2.744141 2.744141 2.744141 2.744141 2.724609 2.744141 2.744141 2.744141 2.744141 2.744141 2.732422 2.701172 2.658203 2.681641 2.708984 2.732422 2.732422 2.732422 2.732422 2.689453 2.521484 2.474609 2.482422 2.537109 2.623047 2.708984 2.744141 2.744141 2.744141 2.744141 2.744141 2.744141 2.744141 2.673828 2.162109 1.712891 1.904297 2.099609 2.447266
2.720703 2.708984 2.654297 2.615234 2.576172 2.517578 2.525391 2.501953 2.619141 2.728516 2.701172 2.654297 2.724609 2.716797 2.666016 2.658203 2.689453 2.666016 2.634766 2.615234 2.634766 2.724609 2.732422 2.720703 2.724609 2.744141 2.744141 2.744141 2.736328 2.740234 2.744141 2.744141 2.744141 2.744141 2.720703 2.658203 2.650391 2.669922 2.724609 2.712891 2.708984 2.744141 2.744141 2.724609 2.595703 2.544922 2.556641 2.568359 2.619141 2.697266 2.744141 2.744141 2.744141 2.744141 2.744141 2.724609 2.595703 2.134766 1.732422 1.744141 2.345703 2.650391 2.744141
2.705078 2.720703 2.662109 2.595703 2.533203 2.482422 2.447266 2.490234 2.607422 2.724609 2.732422 2.681641 2.666016 2.716797 2.732422 2.724609 2.701172 2.646484 2.580078 2.521484 2.517578 2.619141 2.728516 2.712891 2.728516 2.728516 2.732422 2.736328 2.736328 2.740234 2.744141 2.744141 2.744141 2.732422 2.697266 2.662109 2.662109 2.697266 2.720703 2.701172 2.619141 2.603516 2.693359 2.697266 2.646484 2.642578 2.615234 2.646484 2.658203 2.666016 2.701172 2.744141 2.744141 2.744141 2.693359 2.470703 2.205078 1.619141 2.123047 2.623047 2.716797 2.744141 2.744141
2.716797 2.724609 2.677734 2.611328 2.541016 2.490234 2.458984 2.486328 2.544922 2.654297 2.728516 2.728516 2.677734 2.673828 2.689453 2.708984 2.673828 2.650391 2.619141 2.626953 2.619141 2.681641 2.732422 2.724609 2.732422 2.736328 2.732422 2.724609 2.677734 2.666016 2.736328 2.744141 2.740234 2.716797 2.681641 2.677734 2.693359 2.689453 2.666016 2.673828 2.599609 2.537109 2.572266 2.650391 2.685547 2.677734 2.681641 2.705078 2.720703 2.697266 2.685547 2.720703 2.740234 2.689453 2.435547 1.931641 1.642578 2.333984 2.736328 2.744141 2.744141 2.744141 2.744141
2.728516 2.716797 2.689453 2.634766 2.572266 2.564453 2.568359 2.564453 2.490234 2.458984 2.673828 2.732422 2.708984 2.705078 2.697266 2.728516 2.708984 2.662109 2.638672 2.712891 2.744141 2.744141 2.744141 2.744141 2.744141 2.744141 2.744141 2.728516 2.685547 2.548828 2.642578 2.728516 2.720703 2.705078 2.689453 2.693359 2.689453 2.638672 2.615234 2.619141 2.619141 2.595703 2.591797 2.599609 2.642578 2.681641 2.669922 2.728516 2.744141 2.744141 2.712891 2.666016 2.544922 2.064453 1.529297 1.775391 1.974609 2.486328 2.744141 2.744141 2.744141 2.744141 2.744141
2.705078 2.689453 2.669922 2.638672 2.615234 2.650391 2.673828 2.654297 2.537109 2.326172 2.474609 2.697266 2.728516 2.705078 2.669922 2.705078 2.732422 2.666016 2.697266 2.728516 2.744141 2.744141 2.744141 2.744141 2.744141 2.744141 2.744141 2.744141 2.732422 2.697266 2.669922 2.626953 2.654297 2.650391 2.673828 2.705078 2.666016 2.591797 2.583984 2.599609 2.583984 2.572266 2.583984 2.583984 2.595703 2.623047 2.630859 2.619141 2.732422 2.744141 2.693359 2.408203 1.333984 2.638672 1.466797 1.744141 2.017578 2.580078 2.732422 2.736328 2.744141 2.744141 2.744141
2.685547 2.666016 2.642578 2.650391 2.666016 2.697266 2.716797 2.716797 2.685547 2.501953 2.400391 2.513672 2.701172 2.697266 2.623047 2.677734 2.736328 2.744141 2.724609 2.720703 2.708984 2.685547 2.658203 2.634766 2.705078 2.744141 2.744141 2.736328 2.736328 2.736328 2.724609 2.728516 2.634766 2.626953 2.662109 2.708984 2.654297 2.564453 2.494141 2.494141 2.501953 2.521484 2.556641 2.556641 2.572266 2.599609 2.615234 2.552734 2.525391 2.712891 2.705078 1.818359 1.240234 2.638672 2.638672 1.806641 2.529297 2.732422 2.732422 2.732422 2.736328 2.736328 2.744141
2.615234 2.615234 2.638672 2.646484 2.673828 2.716797 2.724609 2.716797 2.724609 2.705078 2.525391 2.423828 2.626953 2.728516 2.638672 2.650391 2.728516 2.716797 2.732422 2.701172 2.626953 2.568359 2.548828 2.482422 2.560547 2.681641 2.732422 2.728516 2.732422 2.732422 2.744141 2.556641 2.560547 2.611328 2.677734 2.716797 2.623047 2.466797 2.326172 2.302734 2.423828 2.490234 2.494141 2.537109 2.556641 2.603516 2.634766 2.634766 2.576172 2.560547 2.697266 2.443359 1.634766 1.322266 2.185547 2.587891 2.744141 2.744141 2.736328 2.736328 2.712891 2.728516 2.732422
2.498047 2.501953 2.560547 2.634766 2.705078 2.701172 2.654297 2.654297 2.693359 2.720703 2.673828 2.560547 2.505859 2.685547 2.712891 2.623047 2.677734 2.705078 2.701172 2.720703 2.626953 2.556641 2.490234 2.416016 2.435547 2.537109 2.619141 2.681641 2.705078 2.716797 2.650391 2.353516 2.412109 2.583984 2.685547 2.677734 2.541016 2.322266 2.185547 2.173828 2.376953 2.462891 2.486328 2.509766 2.572266 2.603516 2.658203 2.705078 2.673828 2.630859 2.576172 2.580078 2.439453 2.330078 2.576172 2.732422 2.728516 2.646484 2.669922 2.744141 2.689453 2.673828 2.732422
2.416016 2.419922 2.494141 2.611328 2.716797 2.638672 2.583984 2.583984 2.630859 2.689453 2.689453 2.591797 2.470703 2.501953 2.712891 2.642578 2.583984 2.708984 2.705078 2.724609 2.685547 2.603516 2.509766 2.552734 2.431641 2.447266 2.447266 2.568359 2.681641 2.708984 2.642578 2.318359 2.357422 2.443359 2.654297 2.646484 2.474609 2.337891 2.263672 2.251953 2.380859 2.470703 2.478516 2.548828 2.595703 2.646484 2.701172 2.732422 2.744141 2.669922 2.427734 2.619141 2.677734 2.701172 2.685547 2.681641 2.650391 2.568359 2.556641 2.740234 2.736328 2.689453 2.701172
2.369141 2.365234 2.505859 2.630859 2.720703 2.705078 2.587891 2.537109 2.603516 2.685547 2.720703 2.685547 2.537109 2.404297 2.642578 2.712891 2.599609 2.611328 2.724609 2.728516 2.732422 2.673828 2.583984 2.650391 2.517578 2.431641 2.443359 2.525391 2.689453 2.744141 2.736328 2.638672 2.458984 2.435547 2.568359 2.701172 2.603516 2.478516 2.396484 2.357422 2.353516 2.443359 2.490234 2.533203 2.611328 2.724609 2.732422 2.744141 2.744141 2.693359 2.505859 2.744141 2.744141 2.744141 2.728516 2.673828 2.654297 2.630859 2.576172 2.626953 2.744141 2.736328 2.689453
2.365234 2.353516 2.529297 2.666016 2.728516 2.732422 2.591797 2.568359 2.591797 2.650391 2.732422 2.724609 2.705078 2.591797 2.599609 2.720703 2.646484 2.619141 2.611328 2.728516 2.744141 2.716797 2.666016 2.666016 2.607422 2.541016 2.552734 2.595703 2.697266 2.744141 2.744141 2.744141 2.724609 2.658203 2.525391 2.662109 2.724609 2.693359 2.564453 2.423828 2.408203 2.470703 2.521484 2.548828 2.634766 2.681641 2.720703 2.744141 2.744141 2.654297 2.744141 2.744141 2.744141 2.744141 2.744141 2.701172 2.689453 2.619141 2.576172 2.556641 2.681641 2.744141 2.740234
2.369141 2.337891 2.482422 2.673828 2.728516 2.732422 2.650391 2.587891 2.580078 2.611328 2.697266 2.724609 2.720703 2.697266 2.634766 2.666016 2.720703 2.611328 2.544922 2.583984 2.728516 2.724609 2.705078 2.716797 2.662109 2.634766 2.619141 2.654297 2.685547 2.744141 2.744141 2.744141 2.744141 2.744141 2.732422 2.705078 2.712891 2.732422 2.638672 2.486328 2.462891 2.470703 2.564453 2.619141 2.619141 2.634766 2.650391 2.646484 2.720703 2.744141 2.744141 2.744141 2.744141 2.744141 2.744141 2.744141 2.724609 2.619141 2.580078 2.560547 2.634766 2.744141 2.744141
2.470703 2.376953 2.447266 2.685547 2.728516 2.724609 2.724609 2.669922 2.623047 2.603516 2.615234 2.685547 2.728516 2.712891 2.681641 2.619141 2.712891 2.626953 2.537109 2.533203 2.615234 2.697266 2.685547 2.708984 2.650391 2.662109 2.654297 2.666016 2.650391 2.708984 2.744141 2.744141 2.724609 2.701172 2.716797 2.744141 2.740234 2.732422 2.697266 2.548828 2.447266 2.486328 2.576172 2.607422 2.603516 2.603516 2.580078 2.494141 2.431641 2.744141 2.744141 2.744141 2.744141 2.744141 2.744141 2.744141 2.744141 2.716797 2.673828 2.556641 2.568359 2.685547 2.744141
2.595703 2.537109 2.494141 2.693359 2.728516 2.708984 2.712891 2.728516 2.677734 2.619141 2.576172 2.568359 2.646484 2.732422 2.708984 2.646484 2.681641 2.701172 2.615234 2.568359 2.556641 2.611328 2.669922 2.697266 2.626953 2.654297 2.666016 2.681641 2.685547 2.689453 2.716797 2.736328 2.712891 2.666016 2.619141 2.654297 2.740234 2.736328 2.673828 2.583984 2.513672 2.529297 2.572266 2.611328 2.564453 2.498047 2.337891 2.212891 2.244141 2.685547 2.744141 2.744141 2.744141 2.712891 2.736328 2.744141 2.744141 2.744141 2.724609 2.638672 2.564453 2.623047 2.689453
2.685547 2.689453 2.669922 2.701172 2.716797 2.712891 2.708984 2.712891 2.689453 2.654297 2.599609 2.521484 2.529297 2.626953 2.701172 2.732422 2.701172 2.705078 2.673828 2.623047 2.580078 2.619141 2.693359 2.708984 2.666016 2.658203 2.666016 2.693359 2.724609 2.701172 2.677734 2.677734 2.681641 2.638672 2.548828 2.564453 2.634766 2.662109 2.697266 2.666016 2.572266 2.552734 2.552734 2.552734 2.474609 2.353516 2.158203 2.162109 2.349609 2.701172 2.744141 2.740234 2.736328 2.720703 2.689453 2.736328 2.744141 2.744141 2.744141 2.693359 2.595703 2.587891 2.634766
2.716797 2.728516 2.728516 2.728516 2.716797 2.724609 2.685547 2.681641 2.673828 2.669922 2.626953 2.548828 2.529297 2.580078 2.583984 2.607422 2.712891 2.716797 2.685547 2.619141 2.677734 2.701172 2.732422 2.736328 2.701172 2.654297 2.638672 2.673828 2.724609 2.716797 2.666016 2.603516 2.595703 2.580078 2.568359 2.525391 2.583984 2.658203 2.712891 2.728516 2.630859 2.580078 2.560547 2.470703 2.408203 2.380859 2.427734 2.419922 2.619141 2.724609 2.744141 2.744141 2.736328 2.724609 2.634766 2.607422 2.720703 2.736328 2.744141 2.744141 2.642578 2.576172 2.580078
2.720703 2.732422 2.736328 2.736328 2.728516 2.677734 2.638672 2.666016 2.654297 2.638672 2.638672 2.623047 2.560547 2.544922 2.529297 2.525391 2.541016 2.619141 2.654297 2.689453 2.724609 2.712891 2.744141 2.744141 2.716797 2.623047 2.619141 2.603516 2.669922 2.705078 2.666016 2.615234 2.544922 2.564453 2.525391 2.568359 2.587891 2.662109 2.728516 2.740234 2.673828 2.619141 2.537109 2.482422 2.443359 2.435547 2.580078 2.630859 2.650391 2.701172 2.697266 2.716797 2.732422 2.693359 2.685547 2.658203 2.564453 2.623047 2.728516 2.744141 2.716797 2.619141 2.587891
2.716797 2.732422 2.736328 2.744141 2.740234 2.662109 2.662109 2.693359 2.654297 2.552734 2.615234 2.662109 2.611328 2.580078 2.564453 2.529297 2.517578 2.498047 2.513672 2.658203 2.724609 2.728516 2.736328 2.732422 2.720703 2.607422 2.525391 2.529297 2.595703 2.681641 2.705078 2.650391 2.611328 2.544922 2.525391 2.552734 2.564453 2.638672 2.689453 2.732422 2.673828 2.611328 2.560547 2.427734 2.384766 2.416016 2.552734 2.580078 2.564453 2.619141 2.677734 2.728516 2.744141 2.744141 2.712891 2.712891 2.693359 2.611328 2.458984 2.669922 2.740234 2.705078 2.638672
