py_wake/examples/data/AJ_ParqueFicticio/Rough survey   Sector 5   Height 200m   Weibull-k.grd
DSAA
73  159
 258469   265669
 6501692   6517492
 2.541016   2.994141
[rows 0 to 27 of 159, columns 0 to 62 of 73]
2.990234 2.990234 2.986328 2.986328 2.986328 2.986328 2.982422 2.982422 2.982422 2.978516 2.978516 2.978516 2.978516 2.978516 2.978516 2.982422 2.982422 2.986328 2.990234 2.990234 2.990234 2.986328 2.978516 2.974609 2.974609 2.982422 2.990234 2.986328 2.986328 2.986328 2.990234 2.990234 2.994141 2.994141 2.994141 2.994141 2.986328 2.974609 2.966797 2.962891 2.955078 2.947266 2.943359 2.935547 2.931641 2.931641 2.935547 2.935547 2.935547 2.931641 2.931641 2.931641 2.927734 2.927734 2.927734 2.923828 2.923828 2.923828 2.927734 2.931641 2.935547 2.943359 2.951172
2.986328 2.986328 2.986328 2.986328 2.986328 2.982422 2.982422 2.978516 2.978516 2.978516 2.978516 2.978516 2.978516 2.978516 2.978516 2.982422 2.982422 2.986328 2.990234 2.994141 2.994141 2.990234 2.978516 2.974609 2.974609 2.982422 2.990234 2.990234 2.986328 2.990234 2.990234 2.994141 2.994141 2.994141 2.994141 2.994141 2.994141 2.982422 2.970703 2.966797 2.962891 2.955078 2.947266 2.939453 2.935547 2.935547 2.935547 2.935547 2.935547 2.935547 2.931641 2.931641 2.927734 2.923828 2.923828 2.919922 2.919922 2.923828 2.927734 2.931641 2.935547 2.943359 2.951172
2.982422 2.986328 2.986328 2.986328 2.982422 2.982422 2.978516 2.978516 2.978516 2.978516 2.978516 2.974609 2.974609 2.974609 2.978516 2.982422 2.986328 2.990234 2.994141 2.994141 2.994141 2.994141 2.982422 2.974609 2.974609 2.982422 2.990234 2.990234 2.990234 2.990234 2.990234 2.994141 2.994141 2.994141 2.994141 2.994141 2.994141 2.986328 2.978516 2.970703 2.966797 2.955078 2.947266 2.943359 2.939453 2.939453 2.939453 2.939453 2.935547 2.935547 2.931641 2.927734 2.923828 2.923828 2.919922 2.919922 2.919922 2.919922 2.923828 2.927734 2.935547 2.943359 2.951172
2.982422 2.982422 2.982422 2.982422 2.982422 2.978516 2.978516 2.974609 2.974609 2.974609 2.974609 2.974609 2.974609 2.974609 2.974609 2.978516 2.982422 2.990234 2.994141 2.994141 2.994141 2.994141 2.982422 2.974609 2.970703 2.978516 2.986328 2.990234 2.990234 2.990234 2.990234 2.994141 2.994141 2.994141 2.994141 2.994141 2.994141 2.986328 2.978516 2.974609 2.966797 2.955078 2.947266 2.939453 2.939453 2.939453 2.939453 2.939453 2.935547 2.935547 2.935547 2.931641 2.927734 2.923828 2.916016 2.916016 2.912109 2.912109 2.916016 2.923828 2.931641 2.939453 2.951172
2.982422 2.982422 2.982422 2.978516 2.978516 2.978516 2.974609 2.974609 2.970703 2.970703 2.970703 2.970703 2.970703 2.970703 2.970703 2.978516 2.982422 2.990234 2.994141 2.994141 2.994141 2.994141 2.982422 2.970703 2.966797 2.974609 2.982422 2.982422 2.986328 2.986328 2.986328 2.990234 2.990234 2.994141 2.990234 2.990234 2.982422 2.974609 2.966797 2.962891 2.955078 2.943359 2.935547 2.939453 2.939453 2.939453 2.939453 2.939453 2.939453 2.935547 2.935547 2.931641 2.927734 2.919922 2.916016 2.908203 2.904297 2.904297 2.908203 2.916016 2.923828 2.939453 2.951172
2.978516 2.982422 2.978516 2.978516 2.978516 2.974609 2.974609 2.970703 2.970703 2.970703 2.970703 2.970703 2.970703 2.970703 2.970703 2.974609 2.978516 2.986328 2.994141 2.994141 2.994141 2.990234 2.982422 2.970703 2.966797 2.966797 2.974609 2.978516 2.978516 2.978516 2.978516 2.978516 2.974609 2.970703 2.970703 2.966797 2.962891 2.955078 2.951172 2.947266 2.943359 2.931641 2.927734 2.931641 2.935547 2.935547 2.935547 2.935547 2.935547 2.939453 2.935547 2.935547 2.927734 2.919922 2.908203 2.900391 2.896484 2.892578 2.896484 2.904297 2.912109 2.927734 2.943359
2.982422 2.982422 2.982422 2.978516 2.978516 2.974609 2.974609 2.974609 2.970703 2.970703 2.970703 2.970703 2.970703 2.970703 2.970703 2.970703 2.974609 2.982422 2.990234 2.994141 2.994141 2.990234 2.978516 2.970703 2.962891 2.962891 2.962891 2.966797 2.970703 2.970703 2.970703 2.966797 2.962891 2.958984 2.958984 2.955078 2.947266 2.943359 2.939453 2.939453 2.927734 2.919922 2.919922 2.923828 2.927734 2.923828 2.927734 2.927734 2.931641 2.935547 2.935547 2.927734 2.923828 2.912109 2.900391 2.888672 2.880859 2.876953 2.876953 2.884766 2.896484 2.912109 2.923828
2.982422 2.982422 2.982422 2.982422 2.978516 2.978516 2.974609 2.974609 2.974609 2.974609 2.974609 2.970703 2.970703 2.966797 2.966797 2.966797 2.966797 2.974609 2.982422 2.986328 2.990234 2.982422 2.974609 2.966797 2.962891 2.958984 2.958984 2.962891 2.962891 2.966797 2.962891 2.958984 2.955078 2.951172 2.947266 2.943359 2.939453 2.931641 2.931641 2.927734 2.912109 2.904297 2.904297 2.908203 2.912109 2.912109 2.916016 2.919922 2.923828 2.927734 2.927734 2.919922 2.908203 2.896484 2.884766 2.869141 2.861328 2.857422 2.857422 2.861328 2.869141 2.884766 2.892578
2.986328 2.986328 2.986328 2.982422 2.978516 2.978516 2.978516 2.978516 2.978516 2.978516 2.978516 2.974609 2.970703 2.970703 2.966797 2.962891 2.962891 2.962891 2.970703 2.974609 2.978516 2.974609 2.966797 2.962891 2.955078 2.951172 2.951172 2.951172 2.955078 2.958984 2.958984 2.955078 2.947266 2.943359 2.935547 2.931641 2.923828 2.919922 2.916016 2.908203 2.888672 2.876953 2.876953 2.880859 2.888672 2.892578 2.892578 2.896484 2.900391 2.904297 2.904297 2.896484 2.888672 2.873047 2.861328 2.849609 2.845703 2.837891 2.830078 2.830078 2.837891 2.849609 2.857422
2.986328 2.986328 2.986328 2.982422 2.982422 2.978516 2.982422 2.982422 2.982422 2.982422 2.978516 2.974609 2.970703 2.970703 2.970703 2.962891 2.958984 2.958984 2.958984 2.962891 2.966797 2.962891 2.955078 2.947266 2.943359 2.943359 2.943359 2.943359 2.947266 2.951172 2.951172 2.947266 2.939453 2.935547 2.927734 2.923828 2.916016 2.908203 2.896484 2.884766 2.865234 2.849609 2.841797 2.845703 2.849609 2.853516 2.857422 2.861328 2.865234 2.869141 2.869141 2.865234 2.861328 2.845703 2.833984 2.830078 2.826172 2.818359 2.810547 2.806641 2.814453 2.826172 2.833984
2.986328 2.986328 2.986328 2.986328 2.990234 2.990234 2.990234 2.990234 2.986328 2.986328 2.982422 2.974609 2.974609 2.974609 2.970703 2.966797 2.958984 2.955078 2.955078 2.955078 2.951172 2.947266 2.939453 2.935547 2.927734 2.927734 2.927734 2.935547 2.939453 2.943359 2.943359 2.939453 2.931641 2.927734 2.919922 2.916016 2.908203 2.900391 2.884766 2.869141 2.849609 2.830078 2.818359 2.814453 2.806641 2.810547 2.810547 2.814453 2.822266 2.826172 2.830078 2.833984 2.826172 2.814453 2.806641 2.802734 2.802734 2.798828 2.791016 2.787109 2.794922 2.806641 2.818359
2.990234 2.990234 2.990234 2.990234 2.990234 2.990234 2.990234 2.994141 2.994141 2.990234 2.982422 2.978516 2.974609 2.974609 2.974609 2.970703 2.962891 2.958984 2.958984 2.955078 2.947266 2.939453 2.931641 2.927734 2.923828 2.919922 2.919922 2.927734 2.931641 2.935547 2.935547 2.931641 2.927734 2.919922 2.916016 2.912109 2.904297 2.892578 2.876953 2.861328 2.841797 2.826172 2.806641 2.794922 2.779297 2.775391 2.775391 2.775391 2.779297 2.783203 2.791016 2.794922 2.787109 2.775391 2.763672 2.759766 2.755859 2.751953 2.748047 2.751953 2.759766 2.783203 2.798828
2.990234 2.990234 2.990234 2.990234 2.990234 2.990234 2.990234 2.990234 2.994141 2.994141 2.990234 2.982422 2.982422 2.978516 2.978516 2.970703 2.966797 2.962891 2.958984 2.958984 2.951172 2.943359 2.931641 2.923828 2.919922 2.916016 2.912109 2.916016 2.919922 2.923828 2.923828 2.923828 2.916016 2.912109 2.904297 2.900391 2.896484 2.888672 2.873047 2.857422 2.837891 2.818359 2.798828 2.783203 2.763672 2.759766 2.751953 2.751953 2.748047 2.751953 2.751953 2.748047 2.736328 2.716797 2.701172 2.689453 2.677734 2.666016 2.666016 2.677734 2.705078 2.732422 2.759766
2.994141 2.990234 2.990234 2.990234 2.990234 2.990234 2.990234 2.990234 2.990234 2.990234 2.994141 2.990234 2.986328 2.986328 2.982422 2.974609 2.966797 2.962891 2.962891 2.962891 2.958984 2.947266 2.939453 2.927734 2.919922 2.916016 2.908203 2.908203 2.912109 2.916016 2.916016 2.916016 2.912109 2.904297 2.896484 2.892578 2.888672 2.880859 2.873047 2.857422 2.833984 2.814453 2.794922 2.775391 2.759766 2.744141 2.736328 2.728516 2.728516 2.724609 2.716797 2.708984 2.685547 2.654297 2.626953 2.603516 2.587891 2.576172 2.576172 2.599609 2.634766 2.677734 2.720703
2.994141 2.994141 2.990234 2.990234 2.990234 2.990234 2.990234 2.990234 2.990234 2.990234 2.994141 2.990234 2.990234 2.986328 2.986328 2.978516 2.974609 2.970703 2.970703 2.966797 2.962891 2.955078 2.943359 2.931641 2.923828 2.919922 2.916016 2.916016 2.912109 2.916016 2.916016 2.912109 2.908203 2.900391 2.888672 2.880859 2.880859 2.880859 2.873047 2.857422 2.837891 2.814453 2.794922 2.775391 2.755859 2.744141 2.732422 2.720703 2.708984 2.701172 2.693359 2.677734 2.650391 2.619141 2.587891 2.568359 2.552734 2.541016 2.544922 2.560547 2.599609 2.646484 2.693359
2.994141 2.994141 2.990234 2.990234 2.990234 2.990234 2.990234 2.990234 2.990234 2.990234 2.994141 2.994141 2.990234 2.990234 2.990234 2.986328 2.982422 2.982422 2.978516 2.974609 2.970703 2.962891 2.955078 2.943359 2.935547 2.927734 2.923828 2.919922 2.919922 2.919922 2.919922 2.916016 2.912109 2.900391 2.884766 2.880859 2.880859 2.880859 2.876953 2.869141 2.845703 2.822266 2.798828 2.779297 2.763672 2.751953 2.740234 2.728516 2.712891 2.697266 2.689453 2.677734 2.658203 2.630859 2.611328 2.595703 2.583984 2.580078 2.583984 2.599609 2.619141 2.654297 2.701172
2.994141 2.990234 2.990234 2.990234 2.990234 2.990234 2.990234 2.990234 2.990234 2.990234 2.990234 2.994141 2.994141 2.994141 2.990234 2.990234 2.990234 2.982422 2.978516 2.974609 2.970703 2.966797 2.958984 2.955078 2.947266 2.939453 2.935547 2.931641 2.927734 2.927734 2.927734 2.927734 2.919922 2.908203 2.896484 2.892578 2.892578 2.896484 2.896484 2.884766 2.861328 2.837891 2.810547 2.791016 2.775391 2.767578 2.763672 2.751953 2.732422 2.720703 2.708984 2.705078 2.697266 2.685547 2.673828 2.662109 2.654297 2.650391 2.654297 2.662109 2.673828 2.693359 2.720703
2.994141 2.994141 2.990234 2.990234 2.990234 2.990234 2.990234 2.990234 2.990234 2.990234 2.990234 2.994141 2.994141 2.994141 2.990234 2.990234 2.986328 2.982422 2.982422 2.974609 2.974609 2.970703 2.966797 2.962891 2.958984 2.955078 2.951172 2.951172 2.947266 2.947266 2.947266 2.947266 2.943359 2.927734 2.916016 2.912109 2.916016 2.923828 2.931641 2.919922 2.892578 2.865234 2.837891 2.818359 2.802734 2.802734 2.798828 2.791016 2.775391 2.767578 2.763672 2.759766 2.755859 2.748047 2.736328 2.724609 2.708984 2.705078 2.701172 2.705078 2.708984 2.720703 2.744141
2.994141 2.994141 2.994141 2.990234 2.990234 2.990234 2.990234 2.990234 2.990234 2.990234 2.994141 2.994141 2.994141 2.990234 2.990234 2.990234 2.986328 2.982422 2.982422 2.978516 2.974609 2.974609 2.970703 2.970703 2.970703 2.970703 2.970703 2.970703 2.970703 2.970703 2.970703 2.970703 2.962891 2.947266 2.939453 2.931641 2.935547 2.951172 2.958984 2.947266 2.919922 2.900391 2.880859 2.869141 2.857422 2.849609 2.845703 2.837891 2.826172 2.818359 2.818359 2.810547 2.802734 2.791016 2.775391 2.751953 2.736328 2.724609 2.716797 2.716797 2.724609 2.736328 2.759766
2.994141 2.994141 2.994141 2.990234 2.990234 2.990234 2.990234 2.990234 2.990234 2.990234 2.994141 2.994141 2.994141 2.990234 2.990234 2.986328 2.986328 2.982422 2.982422 2.978516 2.978516 2.974609 2.974609 2.974609 2.974609 2.978516 2.978516 2.982422 2.982422 2.982422 2.986328 2.986328 2.978516 2.962891 2.951172 2.947266 2.951172 2.966797 2.978516 2.970703 2.947266 2.927734 2.916016 2.912109 2.904297 2.900391 2.892578 2.880859 2.869141 2.861328 2.853516 2.845703 2.830078 2.814453 2.791016 2.763672 2.744141 2.728516 2.716797 2.720703 2.728516 2.748047 2.775391
2.994141 2.994141 2.994141 2.994141 2.994141 2.994141 2.994141 2.994141 2.994141 2.994141 2.994141 2.994141 2.990234 2.990234 2.990234 2.986328 2.986328 2.982422 2.982422 2.982422 2.978516 2.978516 2.978516 2.974609 2.974609 2.978516 2.982422 2.986328 2.986328 2.986328 2.990234 2.986328 2.986328 2.974609 2.962891 2.955078 2.962891 2.978516 2.990234 2.986328 2.970703 2.951172 2.939453 2.935547 2.931641 2.927734 2.916016 2.904297 2.892578 2.880859 2.873047 2.861328 2.841797 2.818359 2.791016 2.763672 2.740234 2.724609 2.712891 2.720703 2.736328 2.763672 2.798828
2.994141 2.994141 2.994141 2.994141 2.994141 2.994141 2.994141 2.994141 2.994141 2.990234 2.990234 2.990234 2.990234 2.990234 2.986328 2.986328 2.986328 2.982422 2.982422 2.982422 2.982422 2.978516 2.978516 2.978516 2.978516 2.978516 2.982422 2.982422 2.986328 2.990234 2.990234 2.986328 2.986328 2.982422 2.970703 2.962891 2.966797 2.986328 2.990234 2.990234 2.982422 2.962891 2.951172 2.943359 2.939453 2.931641 2.923828 2.916016 2.900391 2.888672 2.876953 2.865234 2.845703 2.822266 2.794922 2.763672 2.740234 2.720703 2.716797 2.728516 2.751953 2.787109 2.826172
2.994141 2.990234 2.990234 2.994141 2.994141 2.994141 2.994141 2.994141 2.994141 2.990234 2.990234 2.990234 2.990234 2.986328 2.986328 2.986328 2.986328 2.982422 2.982422 2.982422 2.982422 2.978516 2.978516 2.978516 2.978516 2.978516 2.978516 2.982422 2.986328 2.990234 2.990234 2.990234 2.990234 2.990234 2.982422 2.970703 2.974609 2.986328 2.990234 2.990234 2.986328 2.966797 2.951172 2.943359 2.939453 2.931641 2.923828 2.916016 2.904297 2.888672 2.876953 2.861328 2.841797 2.822266 2.794922 2.767578 2.744141 2.732422 2.732422 2.744141 2.775391 2.814453 2.853516
2.994141 2.994141 2.994141 2.994141 2.994141 2.994141 2.994141 2.994141 2.994141 2.990234 2.990234 2.990234 2.986328 2.986328 2.986328 2.986328 2.986328 2.982422 2.982422 2.982422 2.982422 2.982422 2.978516 2.978516 2.978516 2.978516 2.982422 2.982422 2.986328 2.990234 2.990234 2.990234 2.994141 2.994141 2.990234 2.978516 2.978516 2.986328 2.990234 2.990234 2.990234 2.970703 2.955078 2.943359 2.935547 2.927734 2.919922 2.912109 2.900391 2.888672 2.873047 2.857422 2.841797 2.818359 2.798828 2.775391 2.755859 2.744141 2.748047 2.771484 2.802734 2.845703 2.876953
2.994141 2.994141 2.994141 2.994141 2.994141 2.994141 2.994141 2.994141 2.994141 2.990234 2.990234 2.990234 2.990234 2.986328 2.986328 2.986328 2.986328 2.982422 2.982422 2.982422 2.982422 2.982422 2.982422 2.982422 2.982422 2.982422 2.982422 2.986328 2.990234 2.990234 2.990234 2.990234 2.990234 2.990234 2.990234 2.986328 2.982422 2.986328 2.990234 2.990234 2.990234 2.974609 2.958984 2.947266 2.935547 2.923828 2.916016 2.908203 2.900391 2.888672 2.876953 2.857422 2.841797 2.822266 2.806641 2.787109 2.767578 2.759766 2.771484 2.794922 2.833984 2.873047 2.900391
2.994141 2.994141 2.994141 2.994141 2.994141 2.994141 2.994141 2.994141 2.994141 2.990234 2.990234 2.990234 2.990234 2.986328 2.986328 2.986328 2.986328 2.986328 2.982422 2.982422 2.982422 2.982422 2.982422 2.982422 2.982422 2.986328 2.990234 2.990234 2.990234 2.990234 2.990234 2.990234 2.990234 2.990234 2.990234 2.990234 2.986328 2.986328 2.990234 2.990234 2.990234 2.982422 2.962891 2.951172 2.935547 2.927734 2.919922 2.912109 2.900391 2.888672 2.880859 2.861328 2.841797 2.826172 2.814453 2.794922 2.779297 2.771484 2.787109 2.818359 2.853516 2.888672 2.916016
2.994141 2.994141 2.994141 2.994141 2.994141 2.994141 2.994141 2.994141 2.994141 2.994141 2.990234 2.990234 2.990234 2.986328 2.986328 2.986328 2.986328 2.986328 2.986328 2.986328 2.986328 2.986328 2.986328 2.986328 2.986328 2.986328 2.990234 2.990234 2.990234 2.990234 2.990234 2.990234 2.990234 2.990234 2.990234 2.990234 2.990234 2.990234 2.990234 2.990234 2.990234 2.986328 2.970703 2.955078 2.943359 2.935547 2.923828 2.916016 2.904297 2.896484 2.884766 2.869141 2.849609 2.833984 2.822266 2.806641 2.787109 2.783203 2.798828 2.833984 2.873047 2.904297 2.927734
2.994141 2.994141 2.994141 2.994141 2.994141 2.994141 2.994141 2.994141 2.994141 2.994141 2.994141 2.990234 2.990234 2.990234 2.986328 2.986328 2.986328 2.986328 2.986328 2.986328 2.986328 2.986328 2.986328 2.986328 2.986328 2.990234 2.990234 2.990234 2.990234 2.990234 2.990234 2.990234 2.990234 2.990234 2.990234 2.990234 2.990234 2.990234 2.990234 2.990234 2.986328 2.986328 2.978516 2.962891 2.951172 2.943359 2.931641 2.923828 2.912109 2.904297 2.892578 2.876953 2.857422 2.841797 2.830078 2.810547 2.791016 2.791016 2.810547 2.853516 2.888672 2.919922 2.939453
