py_wake/examples/data/AJ_ParqueFicticio/Rough survey   Sector 2   Height 30m   Weibull-A.grd
DSAA
73  159
 258469   265669
 6501692   6517492
 .05429767   8.191233
[rows 28 to 55 of 159, columns 0 to 62 of 73]
3.230044 3.251939 3.254959 3.256604 3.254491 3.249842 3.249662 3.251803 3.291718 3.301418 3.299549 3.293281 3.267637 3.250616 3.242579 3.240401 3.225913 3.218632 3.215706 3.219898 3.232988 3.236807 3.20364 3.181725 3.150625 3.099949 3.078221 3.059109 3.073152 3.061528 3.047327 3.026145 2.914622 2.783975 2.754547 2.995029 3.095527 2.980352 2.886893 2.748672 2.740997 2.821703 2.787532 2.719705 2.61987 2.552087 2.424728 2.264474 2.2752 2.418328 2.634679 2.964921 3.46217 3.824883 3.902224 4.252064 4.614998 4.793516 4.58798 4.104456 3.553894 2.900429 2.440518
3.211054 3.228838 3.245532 3.253953 3.256664 3.263255 3.266234 3.25948 3.285722 3.307791 3.313707 3.313878 3.312558 3.261755 3.249091 3.244379 3.233142 3.228543 3.235388 3.247484 3.260349 3.242885 3.200926 3.177804 3.156751 3.128085 3.106891 3.077809 3.075454 3.077376 3.069393 3.045998 3.014498 2.975525 3.100689 3.244213 3.097077 3.009821 2.957571 2.865136 2.855575 2.855232 2.813576 2.720738 2.684874 2.630484 2.682065 2.742269 2.881202 3.086426 3.224652 3.419935 3.754379 4.074826 4.358253 4.781578 5.125483 5.033496 4.70217 4.154494 3.470238 2.876015 2.506899
3.204184 3.220689 3.230239 3.246525 3.258837 3.262134 3.267837 3.252708 3.269578 3.290469 3.306277 3.31265 3.302139 3.224886 3.23048 3.24032 3.234977 3.234496 3.257095 3.263524 3.262221 3.240191 3.212585 3.183585 3.17842 3.155473 3.12693 3.111694 3.101534 3.127174 3.143868 3.149545 3.170116 3.076093 3.089442 3.068032 3.061226 3.062567 3.002616 2.961101 2.875095 2.817734 2.90218 2.862811 2.735655 2.77551 2.941529 3.222803 3.54771 3.848511 3.991301 4.111864 4.236382 4.483831 4.908281 5.141813 5.116044 4.782848 4.29055 3.660089 2.974198 2.636006 2.573712
3.197301 3.214959 3.226789 3.24199 3.248887 3.250736 3.257304 3.244469 3.259131 3.276474 3.289557 3.295848 3.29183 3.235265 3.219119 3.233479 3.243222 3.246989 3.272956 3.259614 3.262465 3.241638 3.222573 3.200553 3.186581 3.171124 3.155064 3.142205 3.151249 3.185122 3.16112 3.107342 3.014851 3.034774 3.058008 3.061887 3.038752 3.062494 2.999551 2.948585 2.911728 2.897106 2.947179 2.970618 2.94247 2.888851 2.94809 3.258853 3.613139 3.843749 4.109649 4.331068 4.579295 4.746951 5.005582 5.092107 4.882277 4.426903 3.762991 3.10041 2.741939 2.465923 3.049064
3.212644 3.223826 3.227994 3.239024 3.242552 3.244698 3.237916 3.243656 3.25485 3.264595 3.274812 3.276727 3.272285 3.259673 3.238301 3.242831 3.257759 3.267466 3.274392 3.272215 3.263562 3.245564 3.230071 3.212168 3.192556 3.189742 3.180417 3.198429 3.206183 3.190864 3.169178 3.131037 3.066386 3.057478 3.097985 3.105835 3.058234 3.018049 2.902791 2.905842 2.905016 2.860486 2.91653 3.029562 3.043208 3.120173 3.223805 3.266015 3.327171 3.412822 3.597613 3.838101 4.148095 4.41133 4.764964 4.807614 4.586516 4.05851 3.370194 2.861231 2.713166 2.838923 3.692103
3.247278 3.231221 3.233681 3.233147 3.239192 3.246382 3.249173 3.255125 3.2539 3.262475 3.266648 3.26028 3.256741 3.271702 3.269711 3.279756 3.279003 3.28 3.274803 3.271262 3.266719 3.240398 3.223267 3.215128 3.198534 3.192651 3.205361 3.203638 3.21595 3.191445 3.171877 3.148833 3.104051 3.081255 3.104231 3.126625 3.059186 2.968929 2.931265 2.945992 2.855945 2.841947 2.781854 2.893701 3.10358 3.155264 3.278706 3.268361 3.223029 3.147846 3.201514 3.42833 3.702069 4.050735 4.354089 4.607643 4.301748 3.721199 3.206746 2.984677 3.005331 3.418111 4.287014
3.252752 3.234285 3.230265 3.230186 3.232694 3.234801 3.231433 3.238779 3.24763 3.254874 3.259695 3.269361 3.265943 3.310535 3.316477 3.31088 3.299955 3.298936 3.294689 3.285185 3.250516 3.22909 3.208467 3.204859 3.200533 3.20786 3.223741 3.217233 3.217265 3.194215 3.174157 3.158241 3.121319 3.103411 3.092138 3.106948 3.060789 3.013648 2.931175 2.881382 2.697922 2.664819 2.698464 2.81782 2.989678 3.17056 3.182109 3.173662 3.261633 3.459413 3.587265 3.819356 3.973761 4.068923 4.316476 4.471335 4.278984 4.016026 3.700854 3.540719 3.408649 3.899055 4.563249
3.229421 3.216017 3.217947 3.218133 3.222332 3.212765 3.218912 3.23271 3.240449 3.24416 3.256187 3.269851 3.287048 3.298879 3.315733 3.3219 3.323481 3.29356 3.307691 3.270337 3.222903 3.198022 3.192208 3.1938 3.200972 3.224584 3.234118 3.228675 3.225501 3.208255 3.181849 3.159525 3.13272 3.109372 3.078177 3.062511 3.094693 3.083042 2.910264 2.675722 2.566962 2.47399 2.577704 2.828527 3.053554 3.411054 3.525608 3.689155 3.923993 4.157084 4.437949 4.671663 4.878211 4.943642 4.855557 4.863153 4.725259 4.593956 4.124146 3.74432 3.657455 4.402743 4.881379
3.190258 3.184367 3.199428 3.210521 3.222001 3.227776 3.254918 3.241942 3.230321 3.232378 3.235499 3.252392 3.273762 3.276795 3.284911 3.299423 3.312243 3.282656 3.21289 3.22976 3.174465 3.166638 3.176628 3.198 3.209663 3.228338 3.234589 3.234221 3.234413 3.224142 3.196571 3.163067 3.155648 3.193734 3.19552 3.169496 3.16939 3.114848 2.957388 2.865635 2.779863 2.706377 2.794623 3.036137 3.337332 3.568996 3.92472 4.16197 4.57166 4.946201 5.152222 5.232483 5.198694 5.16722 5.202003 5.14473 5.00713 4.72921 4.239655 3.915598 4.379216 5.270902 5.663935
3.156189 3.160847 3.181893 3.20068 3.224018 3.249488 3.216439 3.217388 3.221155 3.222259 3.220421 3.224641 3.242569 3.248465 3.259315 3.270178 3.264513 3.226608 3.165249 3.131505 3.128097 3.138793 3.172406 3.202359 3.197348 3.225045 3.232013 3.236056 3.236165 3.234991 3.219049 3.20865 3.226984 3.250036 3.273639 3.279221 3.219594 3.095671 3.070629 2.94731 3.035999 3.245955 3.357707 3.425963 3.581851 3.658378 3.896414 4.176162 4.414015 4.571752 4.601954 4.676693 4.713885 4.715895 4.858588 5.107587 4.997306 4.697895 4.466199 4.487991 5.475559 6.388693 6.694539
3.18055 3.167009 3.178789 3.19024 3.197399 3.205652 3.18377 3.200946 3.213127 3.219301 3.211636 3.206038 3.219625 3.268681 3.261172 3.245789 3.223512 3.182268 3.123971 3.093307 3.142016 3.160987 3.194575 3.21521 3.207255 3.229963 3.236831 3.240182 3.231548 3.228709 3.214188 3.224053 3.271796 3.302713 3.340632 3.293844 3.187964 3.155674 3.118622 3.07392 3.221334 3.481512 3.704854 3.880188 3.92739 4.029543 3.935623 3.714798 3.741946 3.691562 3.716461 3.831455 3.995225 4.298335 4.615912 4.929095 5.017385 4.813446 4.891214 5.522609 6.833944 7.120173 7.206754
3.180685 3.186398 3.191355 3.199204 3.195352 3.186056 3.223422 3.213122 3.21924 3.227108 3.231819 3.230264 3.300635 3.30353 3.268676 3.245633 3.216972 3.189382 3.153135 3.194556 3.248134 3.223026 3.231398 3.244651 3.238018 3.234919 3.235664 3.235913 3.231408 3.231844 3.248406 3.270253 3.308348 3.350783 3.35996 3.375111 3.303551 3.240765 3.085703 3.160674 3.363106 3.713224 3.981839 4.158007 4.30112 4.301325 4.264616 4.295676 3.952801 3.777349 3.792122 3.961568 4.20406 4.415967 4.819497 5.26187 5.225878 5.233163 5.745352 6.663939 7.200239 7.415953 6.973356
3.201402 3.194743 3.198738 3.213856 3.22938 3.246628 3.250531 3.226706 3.225656 3.239135 3.263217 3.295386 3.333492 3.282529 3.254653 3.233614 3.222955 3.220369 3.213291 3.264326 3.279216 3.240069 3.236862 3.244758 3.215575 3.209228 3.22142 3.240601 3.255843 3.289778 3.335234 3.345205 3.352452 3.379743 3.412102 3.459649 3.423544 3.324032 3.223887 3.482536 3.826953 4.234003 4.486864 4.642541 4.733717 4.805956 4.854106 5.029928 4.844388 4.79299 4.874658 5.021049 5.29586 5.530484 5.67721 5.624491 5.670793 5.788314 6.331024 6.868342 7.005533 6.842281 6.41002
3.222408 3.19289 3.190566 3.203995 3.231481 3.212044 3.200677 3.200185 3.203091 3.225245 3.258743 3.269694 3.233021 3.2027 3.206722 3.215281 3.226625 3.235393 3.225619 3.251176 3.256502 3.239168 3.201616 3.169466 3.181626 3.188531 3.235671 3.281222 3.305375 3.355542 3.391647 3.408834 3.431881 3.460212 3.481457 3.543837 3.582304 3.411191 3.604335 3.984163 4.40643 4.822276 5.029829 5.227269 5.374925 5.570181 5.559456 5.561026 5.623413 5.713377 5.934427 6.056019 6.132169 6.074744 5.948828 5.909107 5.783724 6.055192 6.234611 6.190171 5.807924 5.452803 5.389385
3.215813 3.195171 3.186644 3.178324 3.192347 3.215773 3.179895 3.15257 3.161745 3.184426 3.198147 3.191892 3.15554 3.165085 3.183631 3.197423 3.216424 3.226251 3.233435 3.220955 3.220751 3.221511 3.195129 3.190768 3.253414 3.291766 3.297623 3.324216 3.347685 3.37629 3.407372 3.438965 3.453211 3.520875 3.582995 3.626998 3.597444 3.690307 3.986825 4.265308 4.558143 4.719442 4.901961 5.17774 5.435056 5.569001 5.508789 5.252279 5.341449 5.602286 5.861783 6.020393 5.999217 5.73775 5.478431 5.597119 5.715049 6.026381 6.086038 5.721582 5.19167 4.803239 4.510841
3.197109 3.19253 3.178901 3.162315 3.186177 3.202444 3.171547 3.109177 3.137124 3.163987 3.170689 3.164726 3.182062 3.213065 3.20496 3.196917 3.200458 3.203031 3.211111 3.188344 3.183294 3.210224 3.250066 3.306489 3.338001 3.327886 3.32405 3.338336 3.349116 3.389674 3.425814 3.446678 3.511863 3.570541 3.628501 3.66407 3.693568 3.748464 3.927635 4.149635 4.220983 4.262019 4.506625 4.784114 4.855963 4.656219 4.117393 4.036433 4.309692 4.60057 4.909228 4.880227 4.655022 4.423309 4.558392 5.134402 5.738528 5.975992 5.760473 5.319193 4.841703 4.399554 3.929119
3.184471 3.179878 3.17634 3.151536 3.13124 3.123844 3.122419 3.10631 3.146851 3.177039 3.203072 3.24405 3.259412 3.247873 3.208083 3.193199 3.177764 3.166969 3.161728 3.179889 3.159957 3.197181 3.239298 3.233348 3.261651 3.263561 3.299886 3.341291 3.373788 3.436527 3.443333 3.464694 3.556134 3.5986 3.612764 3.65327 3.704959 3.72447 3.828104 3.922714 3.900391 3.966225 4.018906 3.969997 3.62004 3.115075 2.75991 2.922079 3.193223 3.441843 3.504317 3.485345 3.541513 3.867745 4.436777 5.134952 5.632325 5.85799 5.516861 4.871825 4.301943 3.884506 3.627527
3.169037 3.177139 3.167128 3.140264 3.138529 3.132331 3.161819 3.1434 3.163452 3.205992 3.252856 3.269813 3.279783 3.249237 3.20745 3.180602 3.162838 3.14436 3.129503 3.141786 3.162232 3.175213 3.17913 3.159133 3.137933 3.17818 3.241123 3.290667 3.344124 3.363757 3.38586 3.445186 3.505563 3.546255 3.549167 3.604956 3.679255 3.727017 3.78079 3.747516 3.770956 3.725022 3.522828 3.201494 2.909022 2.803498 3.211989 3.627095 3.939699 3.894137 3.914553 3.870845 4.09675 4.657461 5.41123 5.680434 5.674942 5.311436 4.915663 4.508385 4.185127 3.914302 3.800907
3.156207 3.175314 3.178243 3.14639 3.145401 3.161385 3.172907 3.167719 3.177524 3.221491 3.277911 3.256031 3.258968 3.229835 3.172328 3.154155 3.148439 3.139518 3.129061 3.195431 3.186769 3.176383 3.163475 3.137972 3.153959 3.203338 3.187331 3.208711 3.23102 3.251523 3.247585 3.290704 3.337665 3.437077 3.459354 3.536428 3.624563 3.699587 3.7193 3.807961 3.853773 3.774631 3.527793 3.599985 4.019374 4.561749 4.931492 5.223114 5.086378 4.97512 4.691967 4.755876 5.130424 5.769966 6.261066 6.155535 5.721156 4.934714 4.268767 3.959305 3.93848 4.030335 4.10886
3.140028 3.156419 3.167179 3.098425 3.107997 3.146401 3.17425 3.177923 3.192026 3.251326 3.290544 3.259798 3.246455 3.186887 3.113364 3.11314 3.128313 3.149523 3.163983 3.200383 3.174958 3.179757 3.20191 3.235097 3.265713 3.182345 3.113693 3.119072 3.124337 3.111641 3.159046 3.192378 3.21918 3.350543 3.35841 3.491072 3.571987 3.692687 3.773307 3.888593 4.062317 4.263703 4.482776 4.710188 5.031012 5.19721 5.062971 4.691589 4.268073 4.159154 4.374403 5.104423 5.955231 6.359797 6.442994 6.137286 5.657567 4.814806 4.178772 3.752374 3.506279 3.505375 3.622736
3.121701 3.121332 3.124317 3.091982 3.082985 3.121882 3.159662 3.191784 3.222784 3.211517 3.265091 3.248165 3.194661 3.145682 3.050022 3.069634 3.095601 3.133735 3.165094 3.107508 3.102569 3.131044 3.163301 3.158277 3.107383 3.052988 3.007542 3.044545 3.074129 3.099428 3.215144 3.230649 3.227486 3.310587 3.365795 3.462927 3.62497 3.717832 3.839109 3.964242 4.148307 4.344996 4.510385 4.684447 4.686023 4.370566 3.776953 3.463703 3.50909 3.833965 4.583343 5.621773 6.224777 6.396478 6.085973 5.613952 5.147034 4.767261 4.226697 3.740805 3.554538 3.286205 3.029558
3.110932 3.097482 3.074965 3.068764 3.095377 3.128204 3.163289 3.192462 3.202666 3.17133 3.133138 3.160966 3.102011 3.032723 3.032139 3.057191 3.073009 3.072887 3.079028 3.055429 3.033366 3.054569 3.056017 3.017429 2.944047 2.923263 2.958525 2.998262 3.031787 3.082308 3.228873 3.326814 3.38404 3.44663 3.44451 3.554463 3.630593 3.666762 3.752813 3.821524 3.877105 3.89019 3.816438 3.767842 3.570087 3.331486 3.248113 3.561877 4.263781 4.966868 5.657963 5.999227 6.087627 5.808298 5.222715 4.724433 4.51604 4.246943 3.877461 3.867365 3.525171 3.321153 3.066623
3.094485 3.093474 3.079941 3.136588 3.149314 3.16636 3.189253 3.214532 3.191423 3.155682 3.107156 3.066609 3.045624 3.075493 3.099699 3.090526 3.091803 3.057548 3.045562 3.048358 3.027823 3.023246 3.018219 2.993455 3.006924 3.059516 3.009748 2.993657 3.006389 3.118394 3.193232 3.27371 3.314215 3.26346 3.368593 3.487094 3.533942 3.510666 3.581797 3.631817 3.604416 3.605939 3.573249 3.485213 3.434406 3.530663 4.01937 4.698311 5.309052 5.724438 5.883356 5.816782 5.633944 5.135242 4.674332 4.116795 3.854614 3.866203 3.618048 3.575126 3.566942 3.424913 3.385352
3.073041 3.100732 3.107754 3.156083 3.176986 3.197056 3.221794 3.20595 3.183809 3.162777 3.125977 3.108995 3.121385 3.117643 3.116493 3.116325 3.133521 3.103837 3.112355 3.124468 3.075721 3.033993 3.024902 3.014282 3.077989 3.10547 3.061736 3.020137 3.055523 3.128781 3.155532 3.148104 3.139725 3.078714 3.190193 3.291413 3.313873 3.279238 3.37741 3.458076 3.497387 3.672617 3.756139 3.933873 4.181627 4.558677 4.970574 5.310612 5.409991 5.39671 5.311694 5.246829 4.990417 4.553826 4.252577 3.918483 3.579527 3.373936 3.337243 3.338363 3.341199 3.493094 3.600194
3.058594 3.090267 3.093925 3.134258 3.168053 3.193098 3.215395 3.181919 3.178449 3.170346 3.155689 3.138875 3.133933 3.124086 3.114036 3.099258 3.105155 3.092912 3.065948 3.135055 3.141597 3.090269 3.069238 3.10257 3.120947 3.129859 3.127016 3.126392 3.110412 3.105233 3.120847 3.089538 3.013448 3.032691 3.021426 3.007105 3.002767 3.156051 3.254876 3.246895 3.375029 3.556005 3.714034 3.980816 4.370955 4.79485 5.037185 5.082189 5.003748 4.931579 4.921141 4.915349 4.614255 4.285228 4.029953 3.703861 3.531864 3.362409 3.201564 3.282439 3.249916 3.27258 3.336323
3.062142 3.085914 3.115821 3.145849 3.170034 3.189523 3.212354 3.192975 3.180536 3.178937 3.172578 3.154571 3.133717 3.124457 3.112691 3.091307 3.076222 3.045996 3.07183 3.12533 3.191484 3.150679 3.139247 3.150157 3.161885 3.180624 3.164184 3.159683 3.114686 3.066577 3.102689 3.15086 3.133981 3.119597 3.10615 3.234511 3.330469 3.293003 3.279697 3.495104 3.373587 3.387925 3.623171 3.833245 4.129147 4.420221 4.534036 4.603851 4.665443 4.811315 4.944514 4.923994 4.471401 4.145513 3.83299 3.479039 3.470923 3.604924 3.569794 3.371206 3.328153 3.038721 3.040216
3.086856 3.121253 3.158499 3.165784 3.183608 3.217495 3.228552 3.204367 3.189417 3.186566 3.181447 3.168247 3.140774 3.122697 3.12154 3.104648 3.118642 3.123876 3.107167 3.106419 3.136781 3.113689 3.032629 3.119604 3.185436 3.171483 3.173373 3.144237 3.029257 3.034487 3.062683 3.18611 3.173346 3.307163 3.472761 3.639315 3.721823 3.730617 3.822155 3.844008 3.980855 3.830038 3.807749 3.880912 4.050665 4.194867 4.351478 4.557999 4.735419 4.850811 4.690869 4.540521 4.283604 3.985128 3.598624 3.44387 3.552019 3.767114 3.7186 3.64192 3.235864 3.018178 3.162371
3.136719 3.170857 3.187524 3.191308 3.193339 3.230034 3.223994 3.207517 3.195545 3.188799 3.18628 3.178602 3.150213 3.129403 3.132422 3.105714 3.148189 3.146483 3.128852 3.104881 3.088087 3.048422 3.03514 3.103379 3.160495 3.136575 3.151011 3.147711 3.011642 3.030279 3.236502 3.560207 3.539689 3.66606 3.832874 3.953376 4.146832 4.232851 4.306522 4.387061 4.460473 4.531487 4.439448 4.396036 4.344723 4.29859 4.405099 4.49752 4.511952 4.339314 4.150168 4.143412 4.039882 3.788428 3.344399 3.221206 3.485857 3.837119 3.722348 3.522284 3.416384 3.168538 3.097703
