py_wake/examples/data/AJ_ParqueFicticio/Rough survey   Sector 10   Height 30m   Orographic turn.grd
DSAA
73  159
 258469   265669
 6501692   6517492
-177.1106   169.0513
[rows 54 to 80 of 159, columns 0 to 60 of 73]
2.220099 1.866206 1.662927 1.635791 1.457791 1.179287 1.230659 1.497599 1.7658 1.925564 2.039054 2.056365 2.104558 2.054614 2.032134 2.48844 2.549605 1.987676 1.654404 1.354206 .7318736 1.496942 3.399557 2.531693 1.736236 2.09276 2.223327 2.641873 4.131464 4.162747 2.820797 -.2442944 -.852898 -1.061615 -1.173807 -1.817989 -5.134762 -11.18425 -13.88648 -9.429325 -9.535634 -13.54523 -17.31549 -21.02491 -20.70651 -18.13162 -16.67161 -14.54023 -11.46919 -10.04412 -6.991898 -3.357918 -2.420342 -3.87565 -2.844559 3.428138 6.760439 6.468938 3.98309 -3.072839 -2.193039
1.671162 1.614652 1.560888 1.444592 1.362248 1.084853 1.285511 1.566429 1.730639 1.857622 1.922415 1.957253 2.065661 1.887554 1.678108 2.41275 2.196885 2.0007 1.838007 1.760838 1.424513 1.696966 2.469967 2.023189 1.616381 2.14878 2.196647 2.991947 5.641496 5.575395 3.513002 -1.25744 -2.863504 -2.648054 -2.802407 -2.288338 -3.845413 -8.253059 -15.12902 -13.23984 -10.28042 -10.85759 -14.12621 -18.46907 -20.34082 -18.79428 -18.64513 -18.35361 -13.61818 -9.26889 -5.433808 -3.083098 -1.909925 -2.051727 -.9955823 3.034008 4.407637 3.903054 4.432597 2.510737 -.4483242
1.081625 1.787077 1.491758 1.188604 1.06811 .9751768 1.396202 1.74088 1.834839 1.91368 1.910128 2.018239 2.31825 2.17702 2.021931 2.095977 2.15881 2.035696 2.093237 2.247119 2.825485 2.412971 1.781986 1.711656 1.752425 1.909671 2.19639 2.959607 4.098128 4.653583 1.828575 -1.35305 -4.077283 -4.653423 -4.015831 -4.182684 -3.925341 -7.097966 -13.37629 -15.96407 -13.73525 -10.88548 -13.8717 -15.004 -17.13114 -16.96905 -18.19914 -18.57804 -14.79044 -8.886682 -5.993223 -3.033691 -1.897163 -.175469 3.169755 2.810108 2.317435 2.39318 2.748472 3.942096 5.121185
.5665916 2.17662 1.426895 .7081025 .6952762 1.387049 1.766089 2.020591 2.087393 1.969719 1.887783 1.823166 1.850565 2.940708 2.511996 2.19424 2.214664 2.107136 2.035745 2.70813 2.465152 2.188907 1.801109 1.678769 1.686679 1.657509 2.007765 1.976021 .008975699 .006815193 -1.396696 -1.204287 -2.860141 -5.212583 -5.622022 -5.049716 -5.941087 -6.638609 -11.4014 -14.86449 -14.12527 -13.1459 -10.79043 -11.68762 -13.43455 -14.30491 -15.61248 -16.48635 -15.58141 -11.46522 -7.377289 -3.61236 -1.06405 1.517917 3.330743 1.628662 2.934641 2.902671 4.524938 3.45719 3.024189
.9932323 2.227127 1.229069 .04784305 -.2404383 1.44557 2.028617 2.32083 2.280401 2.022295 1.806098 1.677658 1.69264 2.65472 2.516544 2.267991 2.222829 2.202741 2.386066 2.742451 2.268599 2.119295 1.860545 1.504454 1.675164 1.855903 1.80986 .2121331 -2.817548 -4.397577 -1.78749 -2.682622 -3.929773 -4.678478 -5.075406 -5.652128 -5.49259 -7.317126 -10.19076 -13.90288 -14.13654 -13.66858 -11.51666 -9.885539 -11.25663 -12.42787 -12.60955 -14.26965 -14.90599 -12.74742 -8.449266 -4.039613 -.4036767 1.710576 .1988336 .5132397 2.387831 4.777543 6.34963 5.855947 3.087353
2.34303 1.629462 .8492514 -.1575655 -1.097755 .04314257 1.979142 2.540397 2.354143 2.072869 1.767936 1.419965 1.49991 2.518133 2.429498 2.236852 2.143546 2.28871 2.519328 2.480912 2.209544 1.763927 1.873872 1.721823 1.748923 2.221767 1.97734 .8506392 -1.77239 -5.459423 -4.824183 -3.821259 -4.59445 -7.031162 -6.643862 -7.767461 -7.431515 -7.857239 -9.910221 -12.81826 -14.24468 -12.57871 -11.27877 -9.2906 -8.487669 -9.986472 -10.46387 -11.8566 -15.37104 -15.88768 -10.02233 -4.463255 -.2977888 .2226654 -1.068709 -.9945166 2.01849 3.985714 5.819658 7.622477 6.200787
2.49034 1.449691 .4657268 .2944662 -.5823999 -.8301196 .7973561 2.612399 2.361643 2.024976 1.741775 1.507274 1.442975 2.292518 2.132802 1.926103 2.019016 2.294957 2.444097 2.214395 2.101505 1.490896 1.777878 1.678346 1.737893 2.692566 2.505629 2.769682 .01102087 -2.333526 -4.828329 -5.034212 -4.964215 -6.665562 -9.626042 -10.21008 -9.751298 -9.697853 -10.11125 -12.13799 -13.74661 -12.55806 -10.43776 -9.411574 -7.212559 -8.007395 -7.903506 -9.234819 -12.86227 -16.09681 -13.55289 -5.985168 .0889945 .3087048 -3.697959 -2.521048 1.693484 3.151158 5.1542 7.538718 8.947226
1.917748 .91478 .3361026 1.524906 2.156533 1.187884 1.073429 2.129303 2.017551 1.88308 1.767082 1.758902 1.839572 1.589452 1.546171 1.501 1.576109 2.325557 2.296607 2.108574 1.841987 1.437465 1.435958 1.564458 1.800881 2.216435 2.065525 2.025149 .7811543 -1.616218 -2.575305 -3.734997 -4.881578 -7.399405 -10.3328 -10.51328 -10.40164 -10.56905 -11.36685 -11.72643 -11.98062 -13.15266 -14.45994 -9.402914 -7.986162 -6.643402 -6.241407 -5.852057 -8.405886 -12.78294 -14.30043 -10.88097 -1.622371 -.4899739 -2.254876 -5.757062 .3467904 3.230157 5.082604 7.801096 9.106828
1.435746 .8403714 1.57494 2.377523 3.011346 3.231723 2.561856 1.733788 1.736449 1.722321 1.817607 1.755068 1.565081 1.251012 1.255325 1.252314 1.188999 2.30138 2.016118 1.515088 1.814067 1.803887 1.418684 1.395462 1.600238 .9887513 .796576 .3218486 .550414 .2363703 -1.782345 -3.195482 -4.664112 -5.973651 -7.999835 -10.06809 -10.45698 -10.80427 -11.68498 -11.38817 -11.90805 -13.43109 -14.43788 -12.51268 -7.063026 -6.963699 -6.986485 -5.797964 -4.27018 -6.202335 -11.62037 -13.22913 -5.092059 -1.248523 -3.010785 -6.483061 -2.776362 3.343964 5.328838 8.264132 9.775517
.8191081 1.585562 2.374714 2.853977 3.176406 3.06228 2.465556 1.866795 1.641822 1.534515 1.736345 1.579532 1.330806 1.22881 1.212261 1.274857 1.452435 1.94212 1.65857 1.049005 2.093626 2.12678 1.393529 .8248849 .8219239 -.2087746 -.9412665 -.9484752 -.639364 -.6438637 -1.665251 -1.340162 -2.381072 -3.847186 -6.459738 -9.54905 -10.10757 -10.53752 -11.52594 -12.11452 -12.92646 -14.17457 -14.12432 -11.88897 -9.017294 -6.628067 -7.40712 -6.105584 -3.795404 -.9227783 -3.037376 -11.75137 -13.1695 -6.682743 -2.188366 -3.643394 -5.189218 2.613106 5.852614 8.724604 10.73818
.4248548 1.952016 2.780375 3.115336 3.149511 3.050086 2.512768 1.987123 1.423387 1.329293 1.481553 1.474784 1.339869 1.267949 1.371537 1.449926 1.855462 1.47061 1.231496 1.378702 2.122931 2.061749 1.448317 .5328992 -.3832577 -1.969127 -1.463727 -2.407068 -2.52194 -1.799248 -1.063769 -.9476157 -1.483337 -3.091885 -5.685115 -6.742239 -8.591486 -9.361546 -10.38002 -11.57171 -12.17932 -12.266 -13.73274 -14.49406 -9.574681 -8.020587 -6.077112 -5.384718 -3.411944 -.4976288 -.3698928 -7.499206 -14.04857 -12.03642 -4.04916 -.8053515 -1.11671 2.327189 6.053206 8.158195 9.859118
.282944 1.795944 2.943623 3.279369 3.309465 3.105136 2.789522 2.149737 1.176605 1.166285 1.462662 1.376365 1.291385 1.328215 1.544587 1.692684 1.678496 1.174258 1.181261 1.496962 1.666955 1.635305 1.188458 .2121423 -.7679763 -1.76359 -2.504944 -4.153431 -4.41167 -3.505636 -2.008854 -1.116354 -1.194739 -2.489116 -4.538406 -5.112316 -6.073038 -8.221964 -9.492025 -9.393359 -10.11367 -11.28039 -13.41072 -15.35168 -12.6761 -8.574422 -6.242373 -5.077719 -4.874145 -1.89563 1.689805 -1.252045 -7.827753 -14.87062 -9.127293 -.310085 4.244334 5.283539 7.751605 8.97377 6.069082
.5852951 1.440756 2.965438 3.423894 3.366287 3.215373 2.861248 2.463583 2.465548 1.809824 1.404855 1.421124 1.457705 1.563806 1.785484 1.807225 1.284198 .8810144 1.009081 1.306064 1.26647 .9674329 .8942438 .6720678 .1650466 -.5276764 -2.341856 -3.810048 -4.94827 -4.984634 -3.845987 -3.361111 -2.621864 -2.273364 -3.512939 -3.874244 -4.025038 -6.23208 -8.102732 -8.18517 -9.664097 -9.823857 -12.65789 -15.17252 -15.55667 -12.76355 -7.031478 -4.736568 -5.959856 -5.31432 1.205256 .9709587 -1.679968 -7.677459 -13.1001 -3.784498 6.200921 8.074418 10.53208 10.77553 5.425302
.828103 1.521055 2.786007 3.364697 3.524497 3.149273 2.773826 2.587456 2.305674 2.125613 1.740496 1.578304 1.655526 1.830383 1.911777 1.605576 1.032755 .6801189 .467364 .6529008 .3247032 .7829236 1.855015 1.805474 1.682473 .5789108 -2.656853 -3.371393 -4.303352 -4.821123 -4.720613 -4.69772 -4.768552 -3.432415 -2.897903 -3.278541 -2.875285 -3.266153 -6.263187 -6.677493 -8.497971 -10.58765 -12.73598 -15.23177 -16.49681 -13.54817 -9.751352 -6.189926 -5.715307 -4.658075 -3.227064 .2262666 1.053417 -.06146026 -5.64157 -6.830293 1.062805 9.470634 10.43289 10.4083 9.72238
.7217253 1.483163 2.817483 3.352007 3.481987 3.041153 2.622254 2.518103 2.316596 2.169235 1.98006 1.789901 1.789053 2.277125 1.984712 1.461321 .8925143 .432414 .2615604 .1979718 -.0928432 .8361304 3.044303 2.928801 2.973988 .208647 -1.359027 -2.721751 -3.484463 -4.477671 -5.168386 -5.767261 -5.7077 -4.391483 -3.116593 -3.382285 -2.875769 -1.562815 -2.990155 -4.51414 -5.015063 -9.211747 -13.26251 -14.50761 -15.32224 -14.5735 -13.65832 -8.221591 -6.627028 -6.042158 -3.522436 -1.546516 -1.021145 1.499342 1.902933 -3.289937 1.521777 6.244644 6.95545 8.039765 9.219164
.6516767 .8943413 2.732086 3.488864 3.306792 2.934539 2.564924 2.624519 2.459587 2.250157 2.007112 1.829803 1.725317 2.397321 1.641598 .9888372 .3521642 -.01639573 .1273293 .3004489 .5719755 1.711391 3.406253 3.244923 1.966236 -.321024 -.700596 -1.248335 -2.185532 -3.617074 -5.201416 -6.61499 -7.12487 -5.298914 -4.605217 -3.964704 -3.211682 -2.309745 -1.634147 -3.028673 -5.69974 -7.13466 -9.070441 -11.39696 -12.0539 -14.84079 -14.49574 -11.09417 -7.613168 -8.03388 -8.68915 -3.606542 .2598134 2.737568 4.251703 6.357292 1.372822 3.37062 4.638704 5.820577 7.818731
.725252 .5077229 1.63729 3.094782 2.552609 2.586487 2.882088 3.001022 2.76209 2.487118 2.094481 1.655821 1.502428 1.72527 .901581 .1807434 .2156639 .1583359 .3164705 .5131916 1.211659 2.575674 2.716675 2.352868 .4800152 .2146588 -.04349685 -.2334694 -1.20575 -2.689167 -3.282225 -5.320127 -7.567058 -7.218182 -6.653791 -5.119919 -4.123241 -2.923204 -2.066576 -2.15431 -3.949081 -6.70365 -6.924992 -7.494574 -8.352273 -12.25919 -12.30634 -10.07077 -7.279922 -7.740125 -9.166688 -5.000143 .6420957 1.389203 2.717216 3.403445 2.738954 1.889231 2.866603 5.084263 7.056684
1.169913 .9062111 .7601574 1.717808 .8279771 2.146204 3.344536 3.523484 3.266613 2.797748 2.157606 1.900272 1.356616 .4229003 -.1805701 -.008679269 1.056354 .8769546 .6290804 .7377044 1.088186 1.732664 1.237182 1.544077 -.02925302 .664646 .4713775 .1957434 .04853541 -.1469024 -1.928389 -4.83437 -7.144341 -8.785428 -7.931321 -6.423103 -5.569577 -4.270534 -3.676521 -3.8293 -3.83177 -5.352204 -6.232333 -5.418717 -6.213622 -8.389382 -10.03099 -9.019771 -5.851963 -4.554418 -3.34886 -3.108218 -.8240347 -2.099578 -6.23625 -4.789969 -1.522415 .008768046 1.664567 4.091725 6.231228
1.615979 1.893038 1.590488 .3097628 .006321869 .983312 3.691866 3.932107 3.399328 2.471881 2.249146 1.761986 1.014465 .2791211 -.6846989 -.05430353 1.600245 1.499257 1.092577 .8141253 .7014822 1.101272 .2840741 .4398501 1.17968 .7241554 1.363889 1.461159 1.884599 -.4877419 -2.243377 -4.658498 -7.982579 -9.161257 -8.834945 -8.408755 -6.926938 -5.444624 -4.512724 -4.325782 -3.614026 -4.054877 -3.985374 -5.030777 -6.041092 -6.765021 -8.210703 -8.061029 -4.98756 -2.677868 .5455745 1.778156 .9348908 -.4812282 -8.383776 -13.72406 -12.89129 -3.986992 -.4904621 2.186666 5.381583
2.000761 1.836387 1.117716 .7471198 .5015345 .6243412 3.258498 3.538353 2.593413 2.379286 2.129409 1.789606 1.151077 .518428 -.4697102 -.4267895 1.941955 1.871753 1.452312 .9760801 .6283419 .8195099 -.4076078 -.2876148 .3256563 .2050618 1.40034 2.294479 1.639189 -.4040548 -2.606541 -3.742706 -7.192783 -8.737787 -8.57564 -7.991539 -7.495485 -7.152989 -6.526773 -5.232746 -4.437758 -3.526028 -2.147405 -3.510501 -4.580895 -5.988248 -8.283987 -7.285033 -6.28836 -2.959779 -1.250336 1.453522 1.591938 1.736075 -.7195671 -9.804107 -14.1002 -12.04486 -4.857522 -.8868124 .9487396
2.105758 1.844128 1.428029 1.414933 1.117361 .3292832 2.354153 2.21617 1.778372 2.321604 2.106471 1.89619 1.687189 1.102565 -.3513065 -.4287548 1.733732 1.935645 1.783568 1.559943 1.270044 .1224081 -.694085 -.8078578 -.744696 -.5898538 .1857306 .8963369 .7868313 -1.447948 -2.402465 -3.500152 -4.947983 -7.169186 -7.327605 -7.037333 -7.737623 -8.214814 -7.94825 -7.361526 -6.31154 -2.913184 -2.269993 -2.877392 -2.679701 -3.599451 -5.843832 -6.613424 -5.119624 -3.719183 -3.005039 -1.397436 .5562525 .8404209 1.523887 .6895115 -8.646698 -13.44613 -12.50127 -5.411953 -2.469189
2.176791 1.846329 1.597216 1.833347 2.544742 2.721603 1.492307 .7401832 1.176403 2.196291 2.193527 1.993196 1.757138 2.27525 2.305206 1.050212 1.399436 1.48514 1.849983 2.367311 1.272414 -.05819108 -.932974 -1.486861 -1.072069 -1.250076 -1.17049 -1.638942 -1.217517 -1.439219 -2.632674 -4.307514 -5.12923 -5.266631 -6.492464 -6.67381 -6.882394 -8.183347 -7.88842 -6.82809 -5.869609 -4.37552 -3.710927 -.5190912 -1.930322 1.368214 -1.584536 -1.662924 -5.026596 -4.597453 -3.194612 -4.173568 -3.681386 -1.68327 3.384047 5.461418 -3.726894 -12.00202 -15.22702 -10.14609 -5.77893
2.162105 1.789424 1.502781 1.641493 3.054876 2.781973 1.582961 .8571516 1.350198 2.052053 2.118579 2.035361 1.880415 2.841129 3.311916 2.559454 1.53567 1.307513 1.63298 2.309408 1.503731 .943585 -.4594707 -1.286361 -1.086709 -1.144735 -1.15686 -2.041901 -2.337134 -2.54168 -3.566047 -4.616078 -5.318145 -5.543976 -6.391619 -6.885165 -6.388554 -7.361429 -7.303071 -5.162594 -4.287775 -3.255601 .1895834 1.80085 3.397327 2.165479 .3334337 -3.673732 -6.102785 -5.68787 -3.705292 -2.259586 -.643371 1.333497 4.466197 3.297408 -4.822059 -8.875994 -13.68845 -13.27095 -8.054057
1.93851 1.753196 1.475865 1.467883 3.051297 2.671347 1.902015 1.202851 1.597716 1.868147 1.946963 2.109533 2.260036 2.549389 2.778136 2.24538 1.859087 1.43866 1.59954 1.906399 1.223207 1.217139 .2235308 -1.069653 -.840836 .03572708 .1484032 -.3939299 -2.26965 -3.604124 -5.106909 -5.481195 -6.245887 -6.307636 -6.10005 -6.274658 -6.340382 -5.837862 -5.1327 -5.120471 -3.595143 .2751547 1.60637 2.487469 3.232157 .7773448 .1543438 -2.006278 -5.590496 -7.859362 -3.568764 -.7033284 2.460356 4.495845 3.574493 .7996913 -1.344527 -6.240186 -8.626369 -12.51678 -11.38301
1.884368 1.892563 1.703182 1.720849 3.121348 2.906694 2.27447 1.733698 1.580035 1.505964 1.5939 1.825424 2.510106 2.630476 2.636044 2.359758 2.077637 1.79231 1.946946 1.220166 -.009325157 1.086648 -.04721599 .0008445629 .479409 1.639855 1.180048 .3987841 -2.583973 -5.243504 -6.878363 -7.278043 -7.375579 -6.24061 -5.317759 -5.154225 -5.262844 -5.163915 -2.825341 -3.523187 -1.312247 1.390081 1.385155 .6368583 -1.638699 -2.754386 -1.508747 -.7410418 -.4080959 -1.155587 -2.443608 -.1522787 1.504337 2.455166 1.178638 -.5653575 -1.058272 -4.723073 -7.890226 -9.006964 -7.810422
2.128718 2.129591 2.111203 2.543645 3.078355 2.781947 2.397648 1.718204 1.316379 1.325393 1.289797 1.513656 2.734522 2.908777 2.713341 2.649549 2.740948 2.983697 2.133448 .7731106 .217907 -.0940566 -.224214 .8520516 1.099885 1.697259 1.790942 .03002283 -3.451903 -6.667213 -7.399731 -7.404803 -7.773276 -5.846305 -5.733607 -6.021188 -5.076817 -3.492408 -1.222744 1.110434 2.830322 1.800304 -.818989 -2.705631 -3.925259 -4.632115 -3.83621 -2.075391 3.004762 3.123734 .951057 -1.129603 -1.266619 -1.244944 -1.241223 -2.753511 -2.763164 -4.181317 -5.147484 -4.339711 -3.103911
2.51877 2.643106 2.554611 2.975505 2.375518 2.224 1.870924 1.813579 1.592424 1.547839 1.338717 1.305962 2.820402 2.667536 2.344074 2.487999 3.271102 3.052052 2.268717 1.270947 .6120485 -.1158808 .06630718 .4653156 .7284638 .3597401 -.1872262 -1.555344 -3.790429 -5.872314 -7.008716 -6.714357 -6.561558 -5.362662 -5.457718 -5.78858 -4.393897 -1.771332 .5660987 1.944642 2.594581 -.2083029 -4.646173 -5.205548 -4.625005 -4.418996 -3.882184 -2.05719 .9605336 1.757636 .6827531 -1.332869 -3.073158 -3.429089 -3.229933 -2.881341 -4.864836 -4.302409 -3.12797 -1.59548 -.7286749
