py_wake/examples/data/AJ_ParqueFicticio/Rough survey   Sector 3   Height 200m   Weibull-A.grd
DSAA
73  159
 258469   265669
 6501692   6517492
 4.956281   11.62519
[rows 56 to 83 of 159, columns 0 to 62 of 73]
6.86694 6.88414 6.911707 6.935093 6.952036 6.948699 6.936713 6.922122 6.913394 6.902164 6.894315 6.884439 6.874167 6.860243 6.839555 6.833674 6.838744 6.848945 6.856934 6.865283 6.854078 6.839888 6.854578 6.880298 6.89781 6.908281 6.916454 6.934537 7.003026 7.146394 7.300001 7.457352 7.56392 7.683093 7.822327 7.947465 8.078854 8.169027 8.18896 8.237793 8.374842 8.458924 8.540825 8.608438 8.688117 8.798087 8.889134 8.872241 8.826179 8.733484 8.595701 8.427815 8.235424 7.920514 7.673538 7.680986 7.80003 7.812824 7.620737 7.342083 7.106339 7.027377 7.075876
6.858658 6.871985 6.904732 6.934393 6.952925 6.942908 6.926522 6.91074 6.897477 6.890716 6.883046 6.875647 6.866486 6.85454 6.844902 6.839413 6.840251 6.848545 6.860301 6.867334 6.876235 6.872375 6.877839 6.894011 6.912792 6.930347 6.946539 6.979789 7.084912 7.248945 7.445218 7.594352 7.688579 7.809916 7.942869 8.05741 8.165566 8.244418 8.278827 8.315756 8.409679 8.478119 8.510925 8.54329 8.63375 8.74047 8.778597 8.72797 8.6981 8.63208 8.493409 8.281593 8.09277 7.801739 7.601686 7.646924 7.770355 7.776109 7.568828 7.283248 7.03276 6.927626 6.976953
6.834302 6.852961 6.893546 6.927653 6.944655 6.928397 6.906271 6.888947 6.877914 6.873135 6.868299 6.861007 6.856133 6.847991 6.849734 6.847916 6.845368 6.847898 6.85457 6.86674 6.88979 6.900535 6.905581 6.912449 6.926441 6.945023 6.976445 7.037551 7.163548 7.359445 7.533195 7.651597 7.743758 7.841269 7.973903 8.09114 8.197649 8.278767 8.317374 8.340766 8.415575 8.439752 8.427016 8.453596 8.529729 8.618445 8.63069 8.576684 8.55507 8.523283 8.388034 8.122137 7.949607 7.702376 7.54504 7.608509 7.704351 7.710081 7.533731 7.262398 7.003856 6.870004 6.915879
6.828738 6.866714 6.916926 6.939985 6.933353 6.91527 6.885556 6.866285 6.858399 6.853964 6.85296 6.85392 6.847281 6.838964 6.842419 6.848558 6.851543 6.855278 6.859727 6.874041 6.893735 6.915949 6.931186 6.931337 6.946383 6.9697 7.009252 7.083699 7.192144 7.377721 7.538349 7.640164 7.726366 7.839328 7.975542 8.111119 8.22592 8.297051 8.321608 8.3321 8.358798 8.35255 8.336561 8.357192 8.413743 8.477292 8.476483 8.438434 8.437637 8.42267 8.276566 7.989031 7.82107 7.622402 7.504882 7.545868 7.616583 7.634289 7.488154 7.235719 6.985305 6.830066 6.869121
6.857093 6.900915 6.950927 6.960109 6.934042 6.898782 6.86483 6.842595 6.840091 6.842288 6.843175 6.842019 6.836867 6.827056 6.834703 6.845915 6.850404 6.857779 6.87032 6.893517 6.907913 6.918457 6.932101 6.94489 6.960629 6.986176 7.045318 7.136108 7.254996 7.388825 7.546323 7.645615 7.732307 7.854544 8.009852 8.147939 8.239409 8.302552 8.297764 8.288869 8.280922 8.252016 8.248869 8.282557 8.312434 8.344178 8.329857 8.311571 8.309267 8.293576 8.148195 7.892433 7.711453 7.569457 7.465225 7.482233 7.547865 7.567992 7.420052 7.176777 6.947767 6.807837 6.815522
6.896917 6.940077 6.962996 6.949062 6.911238 6.873273 6.839447 6.824619 6.834188 6.839686 6.842497 6.840004 6.834378 6.831874 6.836471 6.844984 6.853036 6.860981 6.880123 6.907028 6.932773 6.941037 6.946018 6.956011 6.970459 7.010234 7.091335 7.206466 7.336213 7.485043 7.609948 7.701066 7.784069 7.913738 8.038438 8.146277 8.235826 8.269438 8.266771 8.238215 8.210169 8.187803 8.207196 8.218541 8.232147 8.231868 8.201716 8.186458 8.189958 8.139669 8.010106 7.812583 7.630298 7.546447 7.4295 7.424457 7.476063 7.47286 7.335347 7.10662 6.899731 6.773867 6.730862
6.91747 6.960404 6.951517 6.930961 6.893574 6.856249 6.830724 6.824939 6.833704 6.844135 6.846462 6.843549 6.84188 6.841564 6.840905 6.842669 6.847753 6.853355 6.882004 6.913335 6.940553 6.949311 6.958163 6.969271 6.995762 7.048449 7.134353 7.2634 7.400816 7.52881 7.667987 7.754014 7.831987 7.94256 8.055603 8.155226 8.222148 8.230481 8.214355 8.193996 8.162492 8.147191 8.151835 8.170041 8.153969 8.146976 8.119823 8.081666 8.03118 7.989048 7.884266 7.750257 7.599601 7.510672 7.424212 7.361759 7.380096 7.350362 7.227008 7.020391 6.833836 6.71901 6.673886
6.923025 6.945985 6.935014 6.914495 6.885986 6.862437 6.846876 6.840965 6.841587 6.851059 6.855139 6.852194 6.848903 6.846586 6.84611 6.843259 6.841506 6.844645 6.870955 6.904105 6.9278 6.942568 6.961349 6.985114 7.021086 7.094545 7.192436 7.311977 7.448174 7.570529 7.683976 7.754305 7.828766 7.949219 8.079033 8.172242 8.202799 8.198748 8.178001 8.154737 8.12089 8.089988 8.084844 8.095525 8.100483 8.078818 8.040635 7.975418 7.897411 7.802998 7.717073 7.680413 7.619534 7.464699 7.36994 7.274269 7.236383 7.19194 7.075625 6.906669 6.747671 6.671572 6.637317
6.918241 6.925642 6.912704 6.898413 6.88367 6.867737 6.86399 6.858865 6.853262 6.853219 6.854326 6.854957 6.853237 6.85259 6.847136 6.843481 6.843625 6.857104 6.880646 6.900279 6.912424 6.945033 6.967763 6.994562 7.041679 7.118741 7.231885 7.363319 7.497526 7.594379 7.670316 7.732668 7.816622 7.933367 8.060884 8.128856 8.141592 8.140054 8.135034 8.115689 8.067543 8.025435 8.019034 8.055008 8.052593 8.032287 7.953564 7.872824 7.779995 7.675045 7.625355 7.602746 7.57446 7.418992 7.268367 7.167507 7.073273 7.0092 6.911405 6.77474 6.666473 6.626709 6.60504
6.902707 6.903913 6.890271 6.8779 6.873911 6.87336 6.873969 6.875707 6.866343 6.853081 6.851522 6.852824 6.855909 6.856512 6.85028 6.846827 6.851991 6.871907 6.892112 6.910893 6.939139 6.973036 6.996762 7.019479 7.058467 7.122139 7.222381 7.363641 7.503194 7.595397 7.651593 7.693286 7.779003 7.880401 7.980019 8.02097 8.038724 8.040559 8.044991 8.034591 7.998942 7.971884 7.989799 8.031466 8.045752 7.982097 7.883586 7.806196 7.725332 7.607875 7.589983 7.565013 7.490546 7.378217 7.171081 7.043459 6.933489 6.864984 6.781426 6.681379 6.643087 6.618921 6.5835
6.878932 6.877827 6.867158 6.859475 6.864588 6.869324 6.878498 6.880907 6.867217 6.849166 6.848862 6.849057 6.850132 6.850149 6.851694 6.859797 6.866786 6.888299 6.906416 6.92409 6.957819 7.006453 7.025479 7.039138 7.073834 7.128153 7.236332 7.36412 7.487813 7.579355 7.633977 7.684303 7.760182 7.830714 7.883345 7.907673 7.915124 7.931242 7.943404 7.93066 7.918633 7.931071 7.962443 8.004945 8.024324 7.948217 7.84064 7.783817 7.708298 7.581545 7.554484 7.555747 7.460394 7.280613 7.076985 6.908321 6.815396 6.763214 6.730991 6.709431 6.691706 6.666218 6.605616
6.864468 6.861092 6.849097 6.846366 6.850307 6.865741 6.877418 6.878493 6.873122 6.85192 6.847526 6.848363 6.847509 6.845799 6.85273 6.868092 6.885201 6.899788 6.918392 6.941139 6.974942 7.011918 7.025093 7.043817 7.086208 7.158845 7.261144 7.376184 7.483675 7.568461 7.634146 7.700704 7.764668 7.80493 7.821232 7.827068 7.831309 7.834172 7.859748 7.850096 7.861336 7.902519 7.948482 7.969481 7.950437 7.88009 7.81928 7.765534 7.689998 7.566808 7.529568 7.533759 7.423583 7.227661 7.000472 6.801369 6.729943 6.7005 6.719405 6.739263 6.737413 6.705682 6.617013
6.853335 6.844006 6.834306 6.836175 6.845758 6.863223 6.873095 6.875994 6.873937 6.858662 6.846748 6.844685 6.846824 6.848053 6.860267 6.881717 6.899084 6.913815 6.92344 6.941819 6.964901 6.986259 6.999269 7.039352 7.101209 7.20346 7.305583 7.386736 7.481534 7.573633 7.636048 7.713338 7.766836 7.800164 7.806241 7.810181 7.794998 7.775153 7.782497 7.797921 7.827198 7.90428 7.962267 7.960643 7.89466 7.836692 7.799395 7.729598 7.618282 7.50569 7.474462 7.471264 7.34944 7.144922 6.916018 6.719304 6.633568 6.6556 6.710748 6.752182 6.759285 6.72259 6.606904
6.829692 6.822447 6.811891 6.815587 6.840031 6.863418 6.872642 6.872662 6.873254 6.86576 6.853594 6.842016 6.841434 6.849889 6.887168 6.915389 6.924109 6.927282 6.930479 6.932993 6.938937 6.949587 6.982536 7.045546 7.139489 7.241693 7.33143 7.415478 7.506644 7.593267 7.658074 7.720922 7.78268 7.820796 7.831998 7.82903 7.803061 7.770433 7.752693 7.781865 7.843985 7.89701 7.925484 7.898714 7.838415 7.792775 7.75451 7.668275 7.542767 7.441164 7.388308 7.345069 7.212608 7.014613 6.811884 6.631343 6.569578 6.626187 6.701089 6.746125 6.751871 6.714195 6.622103
6.809769 6.805049 6.78821 6.798098 6.835566 6.862839 6.865048 6.865844 6.870512 6.867269 6.859311 6.851491 6.843937 6.857949 6.907607 6.949286 6.947496 6.937625 6.930609 6.932521 6.931409 6.944588 7.004413 7.085094 7.180227 7.267844 7.34786 7.428945 7.536362 7.638288 7.68841 7.707393 7.806118 7.865517 7.899952 7.879865 7.855293 7.796129 7.780887 7.796126 7.843462 7.884659 7.865721 7.815973 7.760396 7.719635 7.671084 7.568569 7.437406 7.32162 7.259111 7.171416 7.056433 6.906458 6.740059 6.601114 6.558978 6.629072 6.70855 6.746913 6.754502 6.719289 6.631014
6.804969 6.789943 6.774816 6.781673 6.828831 6.851602 6.845372 6.850377 6.862113 6.869038 6.864913 6.861125 6.86023 6.878975 6.917552 6.953803 6.945006 6.936464 6.930086 6.924886 6.932754 6.961113 7.039449 7.123718 7.215647 7.283769 7.362737 7.438076 7.544644 7.650956 7.735474 7.765896 7.861607 7.938493 7.963924 7.954463 7.926736 7.868066 7.829313 7.837255 7.827908 7.821986 7.784656 7.729111 7.691986 7.645313 7.585511 7.490574 7.360765 7.22049 7.151075 7.062455 6.986389 6.89459 6.755485 6.625018 6.596908 6.660056 6.733372 6.766922 6.770285 6.73527 6.64804
6.80769 6.788071 6.774763 6.78557 6.812485 6.824174 6.816534 6.832781 6.859974 6.881046 6.880087 6.877494 6.880833 6.888599 6.914577 6.930356 6.921018 6.917111 6.914561 6.914164 6.92658 6.96533 7.042127 7.131246 7.213161 7.287406 7.361065 7.445673 7.55653 7.690786 7.796212 7.830123 7.945788 8.012519 8.016041 8.015534 7.966048 7.89921 7.858272 7.833057 7.798215 7.765414 7.700534 7.660738 7.616638 7.561516 7.496736 7.412538 7.30103 7.169139 7.11547 7.056466 7.021106 6.967219 6.846261 6.729563 6.723943 6.688992 6.743598 6.784354 6.790776 6.755412 6.667547
6.808895 6.794668 6.795164 6.793621 6.794522 6.795898 6.79148 6.824713 6.870492 6.881065 6.888757 6.889566 6.897876 6.897016 6.89614 6.901094 6.888935 6.888009 6.889194 6.893207 6.908908 6.956722 7.037739 7.122838 7.202521 7.277434 7.349189 7.457153 7.598771 7.753067 7.853957 7.882379 7.973536 8.038252 8.040449 8.002073 7.958946 7.912871 7.879802 7.843483 7.801269 7.726049 7.634063 7.577012 7.520945 7.447691 7.380207 7.287145 7.218049 7.117685 7.083861 7.057063 7.06627 7.037202 6.899711 6.784348 6.785701 6.780687 6.746234 6.788771 6.800539 6.754235 6.650924
6.806936 6.797958 6.800623 6.803253 6.801691 6.780738 6.766928 6.821109 6.871768 6.876538 6.886117 6.891808 6.898127 6.904097 6.890307 6.868973 6.85361 6.861815 6.869071 6.877594 6.896332 6.956908 7.039246 7.121766 7.198182 7.266163 7.347666 7.46304 7.637915 7.811213 7.908632 7.936946 7.986559 8.033591 8.019953 7.983225 7.948048 7.901019 7.862378 7.816787 7.74585 7.635449 7.543324 7.476546 7.371925 7.305983 7.23091 7.137488 7.090142 7.052194 7.029575 7.024223 7.038143 7.014142 6.894145 6.739405 6.731885 6.793291 6.810663 6.77247 6.768245 6.699136 6.558136
6.7926 6.791961 6.793716 6.794594 6.793686 6.768672 6.766209 6.818189 6.859987 6.86304 6.868493 6.87638 6.884475 6.888494 6.866134 6.838166 6.834928 6.848601 6.862112 6.878187 6.908333 6.959804 7.043934 7.122999 7.194415 7.256053 7.336811 7.471984 7.653827 7.833616 7.940524 7.970269 7.965125 7.973711 7.975345 7.954231 7.92698 7.876818 7.794873 7.713213 7.591819 7.458121 7.374218 7.294716 7.198728 7.114278 7.058252 6.994586 6.994804 6.998739 6.976836 6.970976 6.970328 6.926771 6.811611 6.696352 6.653222 6.742868 6.790892 6.756272 6.686384 6.58396 6.422486
6.765987 6.770641 6.775334 6.777168 6.772011 6.769969 6.773559 6.806294 6.836371 6.84657 6.850686 6.855705 6.861301 6.858547 6.849465 6.827137 6.825333 6.840338 6.85813 6.881248 6.925382 6.97719 7.04299 7.111983 7.173774 7.236703 7.318598 7.463528 7.655718 7.848887 7.970191 7.981221 7.945633 7.943186 7.921376 7.903956 7.871104 7.803788 7.68647 7.575265 7.448736 7.3255 7.22766 7.155509 7.077399 7.042 7.016326 6.993462 6.998156 6.976728 6.93383 6.901656 6.877209 6.819369 6.737291 6.703888 6.696742 6.734818 6.779202 6.736924 6.594588 6.459843 6.289534
6.746306 6.745793 6.747062 6.745623 6.745264 6.758933 6.772745 6.79293 6.811868 6.826502 6.836193 6.840493 6.840913 6.842963 6.84329 6.837769 6.824261 6.829078 6.843488 6.879322 6.93965 7.006726 7.072798 7.131122 7.169796 7.223011 7.316924 7.476724 7.692416 7.898828 8.029969 8.02155 7.977478 7.946434 7.876202 7.81236 7.772643 7.686198 7.525208 7.410169 7.332384 7.220739 7.145621 7.117651 7.104023 7.106575 7.088974 7.060825 7.047551 6.982597 6.915937 6.87606 6.858968 6.843673 6.817757 6.821981 6.797596 6.804103 6.832208 6.783436 6.597868 6.378942 6.199285
6.730768 6.720788 6.714027 6.710673 6.711172 6.732468 6.75856 6.777468 6.789684 6.808094 6.820735 6.829279 6.830602 6.832176 6.836558 6.838635 6.826815 6.817679 6.826643 6.868891 6.936453 7.008214 7.095116 7.139574 7.168024 7.229385 7.352735 7.54977 7.796697 8.014169 8.12474 8.072423 8.027183 7.942569 7.844115 7.779292 7.719415 7.593421 7.427419 7.334055 7.217396 7.143519 7.136828 7.172038 7.196286 7.203455 7.174731 7.134267 7.08366 6.984996 6.927336 6.903839 6.919757 6.941907 6.960852 6.968243 6.931339 6.95187 6.921596 6.818587 6.617292 6.365182 6.148198
6.716621 6.702162 6.687912 6.679353 6.681011 6.715547 6.748307 6.775623 6.786142 6.791424 6.80176 6.807499 6.809856 6.816319 6.827451 6.834055 6.829643 6.817764 6.831322 6.874269 6.92123 6.991968 7.067617 7.116934 7.169982 7.260735 7.423145 7.662614 7.937083 8.14178 8.175021 8.090238 8.013866 7.898431 7.802942 7.721368 7.619037 7.474814 7.360029 7.272985 7.177233 7.15558 7.207652 7.249428 7.289975 7.309912 7.270943 7.196133 7.093637 7.025629 6.999388 6.989136 7.018966 7.073728 7.110494 7.139421 7.135517 7.093978 6.975763 6.79349 6.569851 6.329904 6.080331
6.696957 6.684242 6.66675 6.655633 6.680727 6.715356 6.750257 6.762776 6.774211 6.7753 6.776148 6.778327 6.779069 6.798158 6.818718 6.827256 6.829151 6.837636 6.856875 6.893439 6.938583 6.993262 7.044405 7.103137 7.176968 7.30594 7.51159 7.782042 8.064116 8.222945 8.192403 8.050338 7.947252 7.826585 7.725626 7.62709 7.493597 7.36338 7.265662 7.217255 7.204404 7.25117 7.337837 7.407694 7.435224 7.410888 7.340276 7.253768 7.174958 7.13107 7.135778 7.162813 7.199387 7.237966 7.280056 7.272956 7.217292 7.093401 6.910187 6.699358 6.479583 6.242312 5.981102
6.669392 6.664246 6.651589 6.647931 6.668311 6.708233 6.734905 6.744819 6.754537 6.758274 6.757578 6.748212 6.749698 6.780728 6.809639 6.82064 6.824609 6.850855 6.885677 6.916607 6.952926 7.006079 7.057321 7.111993 7.19699 7.35661 7.593358 7.882043 8.131148 8.233706 8.153993 7.994308 7.864525 7.753801 7.654965 7.552086 7.410065 7.292294 7.216246 7.216097 7.273637 7.354344 7.473809 7.537737 7.528192 7.481186 7.402353 7.326547 7.280123 7.24729 7.241313 7.260118 7.289175 7.317779 7.320207 7.265206 7.152533 6.988428 6.784932 6.573091 6.359354 6.12527 5.879336
6.639865 6.639209 6.640117 6.636145 6.645491 6.66829 6.692867 6.709416 6.723571 6.736679 6.74228 6.727615 6.729315 6.748886 6.768028 6.779246 6.791073 6.835377 6.881641 6.91413 6.961992 7.010876 7.073138 7.135863 7.241386 7.415091 7.672973 7.959093 8.167617 8.216949 8.10496 7.945973 7.811249 7.719211 7.618688 7.48416 7.352372 7.236973 7.198379 7.252378 7.360023 7.496005 7.580364 7.601907 7.571116 7.515049 7.4484 7.392899 7.348758 7.315388 7.287458 7.288236 7.298409 7.30104 7.27387 7.193839 7.057956 6.889872 6.689538 6.482737 6.27476 6.039351 5.78045
6.614649 6.602973 6.607979 6.616907 6.621606 6.635258 6.658162 6.676281 6.695211 6.712665 6.720726 6.725852 6.71951 6.728894 6.742375 6.748028 6.767583 6.812026 6.854082 6.90331 6.964591 7.017646 7.085224 7.176795 7.314352 7.528494 7.791276 8.040144 8.19652 8.19919 8.081108 7.941415 7.818078 7.71866 7.594918 7.443688 7.299016 7.206764 7.226393 7.34848 7.498165 7.592124 7.626833 7.616935 7.571918 7.507914 7.453797 7.406343 7.386874 7.343765 7.295876 7.270986 7.266037 7.247178 7.194505 7.108697 6.96909 6.808269 6.619139 6.413485 6.198066 5.938478 5.671989
