py_wake/examples/data/AJ_ParqueFicticio/Rough survey   Sector 3   Height 200m   Orographic speed.grd
DSAA
73  159
 258469   265669
 6501692   6517492
 .6954415   1.555917
[rows 0 to 27 of 159, columns 0 to 62 of 73]
.9748426 .9750243 .9755855 .9754543 .9756094 .9757667 .9761235 .9762881 .9763106 .97632 .9760868 .975763 .9750689 .9736152 .9720593 .9692671 .9658762 .9615989 .9559804 .9498824 .9468122 .9541269 .9719251 .9897735 .995566 .9929053 .9921688 1.003092 1.012574 1.015214 1.016396 1.020142 1.022295 1.023213 1.026432 1.035556 1.048815 1.061279 1.06569 1.065573 1.064925 1.063938 1.0629 1.061967 1.059768 1.056745 1.053273 1.049178 1.046467 1.044078 1.042282 1.041354 1.041178 1.042212 1.044 1.046382 1.048998 1.050914 1.051908 1.051753 1.051567 1.050557 1.047703
.9737163 .9744514 .9742783 .9739065 .9737508 .9740177 .974506 .9753081 .975466 .975276 .9746872 .9742275 .9734057 .9726232 .9711091 .9681038 .9647349 .960048 .9542646 .9480477 .9478496 .9597238 .9817702 1.000981 1.006214 1.003597 1.001976 1.011422 1.018677 1.021915 1.023837 1.026349 1.029013 1.030093 1.032264 1.038833 1.048167 1.057477 1.060023 1.058824 1.056269 1.056053 1.058138 1.058901 1.057258 1.053986 1.050633 1.046776 1.043863 1.041313 1.039699 1.039698 1.040119 1.042421 1.044736 1.047598 1.051133 1.053783 1.055292 1.056286 1.056462 1.055395 1.053352
.9740241 .9745713 .9729751 .9724185 .97229 .9725685 .9729911 .9735621 .9742976 .9745311 .9739275 .972846 .9725968 .9720328 .970816 .9676489 .9637645 .9590439 .9539472 .9490848 .9511858 .9650929 .9863372 1.005529 1.016697 1.015477 1.012511 1.016425 1.022428 1.025811 1.029119 1.031982 1.034206 1.03494 1.035076 1.037125 1.041923 1.050011 1.052186 1.05009 1.046835 1.048794 1.052269 1.055386 1.053781 1.050552 1.047013 1.043722 1.040797 1.037384 1.035657 1.036819 1.039051 1.042071 1.045412 1.049138 1.053282 1.056889 1.059939 1.061454 1.062535 1.06132 1.060045
.9742943 .9729065 .97111 .9706742 .9703997 .9709247 .9717442 .9724492 .9730604 .9736261 .9731536 .9720242 .9720088 .971855 .9707396 .9676245 .9640073 .9589912 .9541822 .9505868 .9548869 .9699653 .9912238 1.010463 1.022947 1.023169 1.020532 1.022515 1.025563 1.029123 1.032876 1.037835 1.038311 1.035084 1.032089 1.031118 1.032811 1.038862 1.041227 1.037988 1.035846 1.040836 1.048415 1.052449 1.052126 1.048595 1.042892 1.039661 1.037046 1.034225 1.033794 1.036893 1.039023 1.042434 1.046495 1.051206 1.05688 1.061932 1.065989 1.068473 1.070292 1.070182 1.067832
.972133 .9702764 .9688877 .9691956 .9691961 .9694833 .9702936 .9718328 .9724021 .9726343 .9726433 .9711447 .9710281 .9718068 .9709771 .9678386 .964303 .9601621 .955821 .953958 .9603369 .9749481 .995867 1.015217 1.028311 1.030503 1.028424 1.027502 1.028705 1.031353 1.035453 1.039511 1.034635 1.026947 1.022588 1.019668 1.0222 1.025786 1.027468 1.02206 1.023728 1.035954 1.048577 1.052683 1.052533 1.04612 1.038234 1.03522 1.033046 1.032931 1.032698 1.035263 1.037563 1.041241 1.046348 1.053071 1.060599 1.067008 1.072694 1.077097 1.079618 1.079073 1.075282
.9703723 .9667783 .9663589 .9683565 .9686483 .9680243 .9696449 .9719473 .972356 .9723797 .9722406 .9709516 .9698102 .9725671 .9714378 .9689243 .9659897 .962501 .9602251 .9613152 .9693478 .9848617 1.001366 1.019201 1.03239 1.035802 1.032967 1.030449 1.029215 1.030898 1.032363 1.031075 1.02289 1.015372 1.009226 1.007009 1.010046 1.014301 1.0125 1.007179 1.016685 1.037748 1.051738 1.05325 1.049015 1.040902 1.035225 1.034011 1.032082 1.0301 1.03046 1.030377 1.032815 1.037519 1.045202 1.054927 1.064978 1.073858 1.081868 1.087408 1.089846 1.086714 1.078104
.9685085 .9658562 .9646963 .965683 .9668602 .9670478 .9702986 .9724522 .9727423 .9725503 .971428 .9698493 .968908 .9711944 .9716804 .9698128 .9681312 .9660358 .9647472 .9654765 .9747132 .9906685 1.008004 1.023352 1.034168 1.037175 1.035536 1.031565 1.027777 1.024863 1.022952 1.019322 1.012781 1.004863 1.000553 .9968743 .9984693 1.000475 .9984586 1.001029 1.02049 1.04393 1.05425 1.048707 1.039475 1.033554 1.033341 1.035077 1.031847 1.027192 1.024811 1.024186 1.02618 1.032253 1.043146 1.056482 1.069993 1.081601 1.091549 1.097292 1.096588 1.085946 1.065914
.9683972 .9666525 .965695 .9647037 .9651759 .9664741 .9699287 .9731185 .9730785 .9722214 .9703338 .9686121 .9690315 .9708982 .9717974 .9710389 .9702891 .9695836 .9695194 .9721122 .9809952 .9956697 1.012867 1.025055 1.032623 1.034882 1.034097 1.029754 1.023545 1.01785 1.012257 1.007877 1.003644 .9981605 .9937026 .9900948 .9898494 .9902064 .9919111 1.001395 1.02528 1.045325 1.0477 1.037377 1.026698 1.029642 1.034912 1.035661 1.026957 1.019068 1.01633 1.015829 1.018221 1.026356 1.042566 1.060836 1.076241 1.089075 1.099322 1.10206 1.091352 1.068461 1.039575
.9682822 .9669773 .9665529 .9663939 .9668874 .968536 .9718843 .9733428 .9733131 .9707255 .9685202 .9679894 .968662 .9691774 .9702134 .9713923 .972832 .9740528 .9758579 .9797248 .9858838 .996469 1.010254 1.019438 1.026785 1.030962 1.032141 1.027482 1.01938 1.010889 1.003481 .9990281 .994895 .9907432 .9875416 .9834855 .983236 .9852016 .9921651 1.003598 1.022476 1.036001 1.033155 1.021336 1.020708 1.029518 1.031568 1.026924 1.016469 1.006738 1.00399 1.003108 1.006094 1.022328 1.04603 1.066957 1.08248 1.094946 1.102033 1.096941 1.073679 1.040904 1.006882
.9684384 .9671138 .9666573 .9682817 .9697431 .9727473 .97631 .976296 .972351 .9676426 .9647682 .9661816 .9676355 .9677678 .9678036 .9702447 .9741787 .977542 .9809361 .9849021 .9896744 .9965889 1.005401 1.014131 1.021598 1.025973 1.027923 1.023726 1.013698 1.003328 .9961395 .991649 .9868718 .9827752 .9792872 .9764925 .9782626 .9839457 .9909686 1.001131 1.013474 1.018718 1.01547 1.009869 1.017466 1.024391 1.020514 1.01237 1.002231 .9924059 .9896388 .9894332 .9981579 1.024851 1.05551 1.075057 1.087769 1.096332 1.096117 1.081866 1.051438 1.012694 .9790083
.9680935 .9675442 .967146 .969204 .9713193 .9734817 .9750329 .974737 .9686959 .9609213 .960631 .9651112 .967015 .9653981 .9665553 .9702178 .9748923 .9791279 .9822516 .9859356 .99054 .9954075 1.002522 1.01013 1.017711 1.021322 1.022225 1.016995 1.00746 .9967253 .9884421 .9831973 .9802979 .9761337 .9727262 .9713855 .974322 .9793364 .9858707 .9942688 1.00066 1.003712 1.003099 1.003885 1.012146 1.012677 1.004305 .9966825 .9894332 .9793985 .9770218 .9825671 1.003366 1.035875 1.065228 1.081324 1.088889 1.090557 1.083256 1.062175 1.029473 .9913294 .9657307
.9684931 .96834 .9689422 .9709259 .9725634 .9729854 .9729475 .9661292 .9581378 .9521168 .957009 .9650886 .9674634 .9649917 .9646141 .9704434 .9792697 .9807845 .981152 .9832932 .9877868 .9941196 1.002409 1.006934 1.010875 1.013682 1.010334 1.006743 1.000918 .98844 .9800139 .9747293 .9719803 .9707108 .9674386 .966582 .969605 .9737746 .9798554 .9840967 .9889943 .9903858 .9930935 .9966609 1.001072 .9984703 .9897497 .9839328 .9787685 .9729754 .9738978 .987623 1.01515 1.046142 1.068376 1.077179 1.078746 1.073747 1.062271 1.041189 1.011411 .9811794 .9642837
.9685315 .9690407 .9703724 .9712361 .9722165 .972765 .9693705 .9606398 .9484738 .9466485 .9587838 .9677394 .9673408 .9638211 .9645756 .9706818 .9802619 .983099 .9835927 .9834579 .9869402 .9935645 1.002331 1.004625 1.004839 1.004703 1.003171 .9980191 .990245 .9788294 .9707033 .9651064 .9631378 .962746 .9615638 .9624399 .9644938 .9671813 .9705663 .9742835 .9770417 .979564 .9824007 .9870471 .9891999 .9850841 .9790725 .9742973 .9719006 .9716061 .9781145 .9947972 1.019183 1.043421 1.057465 1.059217 1.05452 1.048136 1.036668 1.01902 .9985759 .9818597 .9714808
.9682919 .969825 .9706674 .9710934 .971496 .9704027 .9658803 .9581081 .9485231 .949821 .9599763 .9670531 .9669181 .9634923 .9654387 .9741282 .9798057 .9829473 .9859293 .9861802 .9888422 .9953392 1.000971 1.00074 .9983848 .9959473 .9932292 .9870991 .9765833 .9688163 .9619765 .9573241 .9549148 .9544452 .9565099 .9582131 .9599304 .9603271 .960902 .962072 .9647442 .9674512 .9702024 .9763652 .9772094 .9744226 .9700155 .9671109 .9679132 .970935 .9812689 .9947196 1.012356 1.028094 1.034821 1.032465 1.029517 1.027303 1.023557 1.014931 1.004661 .9943249 .9858775
.9690788 .9700111 .9704636 .9707894 .9702317 .9683331 .9636633 .9577573 .9516493 .9516999 .9597253 .9663634 .9673674 .9675108 .9708071 .9773723 .9816528 .9860654 .9890289 .9887964 .9910229 .995559 .9976524 .9969563 .9939183 .9893048 .9832381 .9759755 .968684 .9613923 .9560584 .9509626 .9487416 .9487357 .9526933 .9570517 .9569976 .9542581 .9509914 .950137 .9522467 .9559191 .9596382 .9657612 .9664268 .9627986 .9601827 .9616147 .9655389 .971956 .9801208 .9882842 .9988354 1.007025 1.01172 1.012515 1.017081 1.025597 1.030608 1.031388 1.026189 1.019064 1.005993
.9693377 .9694467 .9692018 .9693085 .969042 .9665604 .9626313 .9577315 .9534153 .9524257 .9597301 .9655845 .9684632 .9716569 .9763377 .9800914 .9821824 .9857024 .9887537 .9878951 .9904896 .9935467 .9918048 .9896538 .9876445 .9837002 .976674 .9687581 .9616263 .956074 .9503437 .9451238 .9407829 .9435273 .9527326 .9583784 .9561707 .9491238 .9409913 .9367796 .9407248 .9472985 .953346 .9576913 .9568176 .9533939 .9540165 .9581356 .9671102 .9746509 .9784822 .9806152 .9851953 .9914753 .9982365 1.00804 1.024792 1.042009 1.054015 1.058179 1.056089 1.0458 1.026095
.968786 .9689564 .9682932 .9680542 .9678774 .9661556 .9625774 .9586619 .9561607 .9565177 .9601227 .9651413 .9698066 .9740002 .9783695 .9794263 .9798626 .9838087 .9871226 .9870349 .988238 .9903467 .988556 .9849146 .9817185 .9789886 .9721253 .9636778 .956924 .9519376 .947374 .9393225 .9338607 .941285 .9590069 .9645563 .9579281 .9443849 .9290875 .9206048 .9297613 .9407604 .9478017 .9523551 .9523298 .9497188 .950142 .958506 .9704584 .9793317 .9814959 .9792333 .9818974 .9892493 1.004128 1.023946 1.048299 1.068907 1.082395 1.085009 1.080812 1.065556 1.040062
.9684303 .9678299 .9677673 .9672915 .9670066 .9658645 .9631305 .9606289 .9590876 .9600002 .9629408 .9661006 .9705417 .9753482 .9780251 .979427 .9793463 .9815688 .9833402 .984489 .9848744 .9865034 .9859498 .9838032 .9809908 .9759918 .968443 .9608963 .955322 .9517835 .9451903 .9336287 .9321195 .9476959 .9670021 .9713526 .9583976 .9392191 .917089 .9088531 .921576 .9341614 .9436473 .9514605 .9541942 .9535188 .9546881 .9634933 .9789995 .9878612 .9869692 .9835287 .9881697 1.002871 1.02417 1.048927 1.0738 1.092064 1.101499 1.101431 1.093529 1.076142 1.048343
.9680006 .9672813 .9667826 .9666893 .966271 .9655514 .9641126 .9622214 .9614971 .9627852 .9663501 .9687918 .9704789 .9738553 .9769636 .9788234 .9794812 .9806034 .9817694 .9827477 .9827924 .9829115 .9824508 .9822235 .9796942 .9743862 .9676679 .9611343 .9566188 .9528881 .9435073 .9312496 .9382437 .9571595 .9726176 .9751217 .9602375 .9332547 .9062619 .8976713 .9164361 .9350849 .9479682 .9565253 .9620714 .9648373 .9646105 .9753351 .9906517 .9976347 .9937073 .9904354 .996703 1.015459 1.039834 1.066011 1.087302 1.103511 1.109999 1.107991 1.099605 1.08136 1.053552
.9675769 .9667426 .9659297 .9654624 .9650283 .9648753 .9644794 .9641982 .9636332 .964955 .9684287 .9696395 .9701601 .9731169 .9752991 .9777239 .9788419 .9800022 .9812056 .9820698 .9812056 .9807092 .9804702 .9812813 .9791209 .9728973 .9662972 .9613082 .9584519 .9516231 .937858 .9317324 .9451637 .9646939 .9749752 .9752847 .9573695 .9263409 .8951607 .8931324 .9181468 .9435459 .9595429 .9681094 .9738867 .9747218 .9758431 .9862437 .9993151 1.002088 .9964287 .9937816 1.003037 1.021423 1.044896 1.069856 1.092024 1.108427 1.113889 1.112939 1.105368 1.087249 1.060187
.967535 .9657201 .963842 .9628701 .9630495 .9636518 .9641631 .9649631 .9654222 .9668763 .9693632 .9703944 .9706953 .9721827 .9748734 .9768204 .9782969 .9795922 .9812238 .9805322 .979542 .9787039 .9789245 .9791218 .9777022 .9728425 .9672745 .9616916 .9569367 .9452205 .9362363 .9384561 .9461675 .9611885 .970835 .9719803 .9528819 .9198587 .8924674 .8994325 .9267341 .9544253 .9697021 .9784658 .9806416 .9786477 .9803814 .990114 .9996647 .9980931 .9924279 .9953562 1.006196 1.021856 1.046327 1.070691 1.093508 1.111276 1.120384 1.121606 1.113436 1.095201 1.069031
.9665663 .9653513 .9618973 .9608209 .961787 .9629785 .9641258 .965045 .966166 .9679423 .9694636 .9708414 .9718534 .9729557 .9739999 .9760426 .978163 .9796306 .9804339 .9789301 .9772233 .9768683 .9778391 .9781718 .976163 .9724185 .9667605 .9599361 .950605 .9370324 .93902 .9464187 .9495684 .9556015 .9629425 .9629989 .9445401 .9163381 .8960242 .9085864 .9357181 .9590166 .9721353 .9793116 .979009 .9794014 .9829913 .9881224 .9906682 .9878564 .9858494 .9928038 1.006098 1.022102 1.045122 1.071956 1.096324 1.118287 1.131545 1.135369 1.126775 1.106524 1.080091
.9645929 .9635106 .9615095 .960348 .9611819 .9623366 .9638104 .965057 .9659989 .9677283 .9684488 .9703303 .9719077 .9736603 .9744555 .9751038 .9769313 .9790328 .979406 .9783943 .9767067 .9761136 .9766315 .9760826 .9745048 .9699846 .9637699 .9557912 .9436216 .9381607 .9457883 .9544303 .9551406 .9521493 .9534008 .9511021 .936289 .9169663 .905974 .913452 .9352145 .9546354 .9678804 .9718716 .9738361 .9762719 .9794516 .9800927 .9780361 .9757886 .9784951 .9890094 1.005522 1.021788 1.047533 1.077785 1.107206 1.133675 1.152028 1.156804 1.144936 1.118402 1.087123
.9637536 .9629352 .9617836 .9611524 .9617028 .96263 .9637759 .9645989 .9656109 .9663736 .9675223 .9690548 .9711228 .9729134 .9749277 .9760561 .9769766 .9774073 .9775315 .977257 .9765201 .9756201 .9752646 .9749328 .9726139 .9674364 .9599721 .9515132 .941381 .9436073 .9556527 .9603698 .9554418 .9475166 .94128 .9413391 .9336087 .920627 .9146705 .916383 .9277042 .9435577 .9560595 .9610044 .964613 .9688589 .9705394 .9699764 .967858 .966992 .9724154 .9863736 1.007166 1.027444 1.053831 1.09088 1.128299 1.158878 1.180022 1.182666 1.162862 1.127392 1.088655
.9634992 .9626487 .9626168 .9628252 .962717 .9632819 .9639814 .9645064 .9655969 .9654375 .9670285 .9684543 .9705257 .9724385 .9746135 .9758821 .9767471 .9763459 .9760494 .9756361 .9752676 .9749693 .9742062 .9735622 .9710753 .9655629 .9578177 .9503428 .9457589 .9483745 .9567977 .9586193 .9516219 .9407798 .9316237 .9330822 .9330767 .9261952 .9202775 .9180907 .9189734 .9327478 .9439739 .9485834 .9539737 .9571054 .958997 .9600148 .959627 .9610522 .9698414 .989337 1.014874 1.039891 1.070082 1.111847 1.157643 1.192212 1.211219 1.205495 1.172842 1.126187 1.080572
.9634398 .9624819 .9628118 .9641704 .964703 .9648705 .9645937 .9649172 .965131 .9647601 .9666433 .9686663 .9706049 .9729002 .974475 .9758286 .976137 .9754632 .9747878 .9741039 .9745181 .9743834 .9730279 .9717617 .9696168 .9639046 .956429 .9511086 .9504085 .9508604 .9526922 .9534921 .9465448 .9349256 .9244828 .9273766 .9302078 .9283794 .9239126 .9178953 .916792 .9262409 .9365299 .9422744 .9455763 .9458456 .9477314 .9501545 .9534954 .9587166 .9720954 .9976646 1.031106 1.062173 1.09365 1.140956 1.192799 1.229136 1.238797 1.218006 1.170247 1.114815 1.063154
.9640464 .9630244 .9631249 .9643801 .9653543 .9660858 .9659553 .9659013 .9654211 .9657429 .9673523 .9690161 .9712718 .973337 .9740674 .9749194 .9750975 .974885 .9741399 .9731843 .9729239 .9730155 .9727221 .9704003 .9673777 .9610907 .9540292 .9501733 .9508722 .9476088 .9485272 .948908 .9425409 .9312349 .9212607 .9224252 .9261829 .9274908 .9270498 .9186854 .9127029 .9183877 .9282261 .9357858 .9382144 .9366155 .9362757 .940158 .9481769 .9609698 .9803085 1.012219 1.054314 1.092527 1.125906 1.174365 1.229932 1.261991 1.254944 1.213582 1.153713 1.092505 1.039804
.9647552 .9647681 .9650087 .9654821 .96616 .9668449 .9672345 .9668505 .9665853 .9675822 .9691987 .9705603 .9717318 .9736142 .9745246 .974367 .9740165 .9739964 .9739184 .973397 .9720533 .9722739 .9717167 .9694497 .9650246 .9582844 .9510778 .9478557 .949543 .947002 .9463223 .9458286 .937739 .9263498 .9166776 .9207434 .9254364 .9263492 .9248523 .9135356 .9065233 .9091524 .9182414 .9265406 .9303198 .9305049 .9285693 .9344816 .9472286 .9672779 .9946737 1.033511 1.08222 1.126361 1.16233 1.210306 1.261283 1.283427 1.255808 1.196937 1.128205 1.065239 1.018259
